1 3.083650e-02
2 3.056750e-02
3 3.029220e-02
4 3.001050e-02
5 2.972220e-02
6 2.942720e-02
7 2.912540e-02
8 2.881640e-02
9 2.850040e-02
10 2.817690e-02
11 2.784590e-02
12 2.750720e-02
13 2.716070e-02
14 2.680600e-02
15 2.644310e-02
16 2.607170e-02
17 2.569170e-02
18 2.531490e-02
19 2.504740e-02
20 2.480360e-02
21 2.455410e-02
22 2.429880e-02
23 2.403750e-02
24 2.377020e-02
25 2.349670e-02
26 2.321670e-02
27 2.293030e-02
28 2.263720e-02
29 2.233720e-02
30 2.203020e-02
31 2.176300e-02
32 2.155920e-02
33 2.135120e-02
34 2.113850e-02
35 2.092080e-02
36 2.069790e-02
37 2.047000e-02
38 2.023670e-02
39 1.999790e-02
40 1.975360e-02
41 1.950370e-02
42 1.924780e-02
43 1.898610e-02
44 1.871840e-02
45 1.849760e-02
46 1.831310e-02
47 1.812430e-02
48 1.793110e-02
49 1.773340e-02
50 1.753120e-02
51 1.732420e-02
52 1.711230e-02
53 1.689560e-02
54 1.667380e-02
55 1.646150e-02
56 1.630680e-02
57 1.615560e-02
58 1.600080e-02
59 1.584240e-02
60 1.568030e-02
61 1.551450e-02
62 1.534470e-02
63 1.517110e-02
64 1.499340e-02
65 1.481150e-02
66 1.462540e-02
67 1.443500e-02
68 1.424020e-02
69 1.404080e-02
70 1.383720e-02
71 1.368270e-02
72 1.356160e-02
73 1.343770e-02
74 1.331080e-02
75 1.318100e-02
76 1.304820e-02
77 1.291230e-02
78 1.277320e-02
79 1.263090e-02
80 1.248530e-02
81 1.233630e-02
82 1.218380e-02
83 1.202770e-02
84 1.186810e-02
85 1.170470e-02
86 1.153750e-02
87 1.136640e-02
88 1.120000e-02
89 1.108390e-02
90 1.097440e-02
91 1.086230e-02
92 1.074770e-02
93 1.063030e-02
94 1.051030e-02
95 1.038740e-02
96 1.026170e-02
97 1.013310e-02
98 1.000140e-02
99 9.866680e-03
100 9.728840e-03
101 9.616630e-03
102 9.530930e-03
103 9.443250e-03
104 9.353530e-03
105 9.261700e-03
106 9.167750e-03
107 9.071620e-03
108 8.973220e-03
109 8.872550e-03
110 8.769540e-03
111 8.664110e-03
112 8.556240e-03
113 8.445860e-03
114 8.332890e-03
115 8.217300e-03
116 8.099030e-03
117 7.977990e-03
118 7.857970e-03
119 7.772850e-03
120 7.695280e-03
121 7.615910e-03
122 7.534690e-03
123 7.451570e-03
124 7.366530e-03
125 7.279510e-03
126 7.190440e-03
127 7.099310e-03
128 7.006060e-03
129 6.910630e-03
130 6.812970e-03
131 6.727920e-03
132 6.662960e-03
133 6.596680e-03
134 6.528880e-03
135 6.459490e-03
136 6.388470e-03
137 6.315810e-03
138 6.241460e-03
139 6.165360e-03
140 6.087510e-03
141 6.007840e-03
142 5.926300e-03
143 5.842870e-03
144 5.757570e-03
145 5.687310e-03
146 5.628740e-03
147 5.568810e-03
148 5.507480e-03
149 5.444710e-03
150 5.380500e-03
151 5.314780e-03
152 5.247530e-03
153 5.178730e-03
154 5.108310e-03
155 5.041020e-03
156 4.992550e-03
157 4.945240e-03
158 4.896820e-03
159 4.847270e-03
160 4.796580e-03
161 4.744700e-03
162 4.691610e-03
163 4.637290e-03
164 4.581700e-03
165 4.524810e-03
166 4.466600e-03
167 4.407040e-03
168 4.346090e-03
169 4.283710e-03
170 4.220050e-03
171 4.173200e-03
172 4.137820e-03
173 4.101610e-03
174 4.064550e-03
175 4.026630e-03
176 3.987840e-03
177 3.948130e-03
178 3.907500e-03
179 3.865930e-03
180 3.823380e-03
181 3.779840e-03
182 3.735300e-03
183 3.689710e-03
184 3.643060e-03
185 3.595330e-03
186 3.546480e-03
187 3.496490e-03
188 3.448620e-03
189 3.420100e-03
190 3.394430e-03
191 3.368160e-03
192 3.341280e-03
193 3.313770e-03
194 3.285630e-03
195 3.256830e-03
196 3.227350e-03
197 3.197190e-03
198 3.166330e-03
199 3.134740e-03
200 3.102430e-03
