1 3.079520e-02
2 3.052660e-02
3 3.025190e-02
4 2.997070e-02
5 2.968290e-02
6 2.938850e-02
7 2.908720e-02
8 2.877880e-02
9 2.846330e-02
10 2.814050e-02
11 2.781010e-02
12 2.747200e-02
13 2.712610e-02
14 2.677210e-02
15 2.640980e-02
16 2.603910e-02
17 2.565980e-02
18 2.528370e-02
19 2.501700e-02
20 2.477400e-02
21 2.452530e-02
22 2.427090e-02
23 2.401050e-02
24 2.374410e-02
25 2.347150e-02
26 2.319240e-02
27 2.290690e-02
28 2.261480e-02
29 2.231590e-02
30 2.200990e-02
31 2.174350e-02
32 2.154000e-02
33 2.133250e-02
34 2.112010e-02
35 2.090270e-02
36 2.068030e-02
37 2.045280e-02
38 2.021990e-02
39 1.998160e-02
40 1.973770e-02
41 1.948820e-02
42 1.923280e-02
43 1.897150e-02
44 1.870440e-02
45 1.848380e-02
46 1.829950e-02
47 1.811100e-02
48 1.791800e-02
49 1.772060e-02
50 1.751850e-02
51 1.731180e-02
52 1.710020e-02
53 1.688370e-02
54 1.666210e-02
55 1.645000e-02
56 1.629540e-02
57 1.614420e-02
58 1.598940e-02
59 1.583100e-02
60 1.566900e-02
61 1.550320e-02
62 1.533350e-02
63 1.515980e-02
64 1.498220e-02
65 1.480030e-02
66 1.461430e-02
67 1.442390e-02
68 1.422900e-02
69 1.402970e-02
70 1.382610e-02
71 1.367180e-02
72 1.355090e-02
73 1.342710e-02
74 1.330050e-02
75 1.317090e-02
76 1.303830e-02
77 1.290260e-02
78 1.276370e-02
79 1.262160e-02
80 1.247620e-02
81 1.232740e-02
82 1.217510e-02
83 1.201930e-02
84 1.185990e-02
85 1.169680e-02
86 1.152980e-02
87 1.135900e-02
88 1.119280e-02
89 1.107690e-02
90 1.096750e-02
91 1.085560e-02
92 1.074110e-02
93 1.062400e-02
94 1.050410e-02
95 1.038140e-02
96 1.025580e-02
97 1.012740e-02
98 9.995890e-03
99 9.861350e-03
100 9.723690e-03
101 9.611610e-03
102 9.525980e-03
103 9.438370e-03
104 9.348710e-03
105 9.256950e-03
106 9.163070e-03
107 9.067010e-03
108 8.968690e-03
109 8.868090e-03
110 8.765160e-03
111 8.659810e-03
112 8.552010e-03
113 8.441720e-03
114 8.328840e-03
115 8.213330e-03
116 8.095150e-03
117 7.974200e-03
118 7.854270e-03
119 7.769250e-03
120 7.691770e-03
121 7.612500e-03
122 7.531390e-03
123 7.448380e-03
124 7.363430e-03
125 7.276520e-03
126 7.187570e-03
127 7.096550e-03
128 7.003420e-03
129 6.908110e-03
130 6.810580e-03
131 6.725610e-03
132 6.660700e-03
133 6.594470e-03
134 6.526710e-03
135 6.457360e-03
136 6.386390e-03
137 6.313780e-03
138 6.239480e-03
139 6.163430e-03
140 6.085630e-03
141 6.006010e-03
142 5.924530e-03
143 5.841160e-03
144 5.755920e-03
145 5.685690e-03
146 5.627150e-03
147 5.567250e-03
148 5.505940e-03
149 5.443210e-03
150 5.379020e-03
151 5.313340e-03
152 5.246110e-03
153 5.177340e-03
154 5.106960e-03
155 5.039700e-03
156 4.991230e-03
157 4.943920e-03
158 4.895510e-03
159 4.845960e-03
160 4.795270e-03
161 4.743400e-03
162 4.690310e-03
163 4.635990e-03
164 4.580400e-03
165 4.523520e-03
166 4.465310e-03
167 4.405760e-03
168 4.344800e-03
169 4.282430e-03
170 4.218770e-03
171 4.171940e-03
172 4.136570e-03
173 4.100380e-03
174 4.063340e-03
175 4.025440e-03
176 3.986660e-03
177 3.946970e-03
178 3.906360e-03
179 3.864800e-03
180 3.822280e-03
181 3.778760e-03
182 3.734240e-03
183 3.688670e-03
184 3.642040e-03
185 3.594330e-03
186 3.545510e-03
187 3.495540e-03
188 3.447700e-03
189 3.419180e-03
190 3.393520e-03
191 3.367260e-03
192 3.340390e-03
193 3.312890e-03
194 3.284760e-03
195 3.255960e-03
196 3.226500e-03
197 3.196350e-03
198 3.165500e-03
199 3.133920e-03
200 3.101620e-03
