1 3.085000e-02
2 3.058070e-02
3 3.030530e-02
4 3.002350e-02
5 2.973500e-02
6 2.943990e-02
7 2.913790e-02
8 2.882880e-02
9 2.851250e-02
10 2.818890e-02
11 2.785770e-02
12 2.751880e-02
13 2.717210e-02
14 2.681720e-02
15 2.645410e-02
16 2.608250e-02
17 2.570230e-02
18 2.532520e-02
19 2.505750e-02
20 2.481340e-02
21 2.456360e-02
22 2.430810e-02
23 2.404650e-02
24 2.377890e-02
25 2.350510e-02
26 2.322480e-02
27 2.293800e-02
28 2.264460e-02
29 2.234430e-02
30 2.203700e-02
31 2.176950e-02
32 2.156560e-02
33 2.135750e-02
34 2.114460e-02
35 2.092680e-02
36 2.070380e-02
37 2.047570e-02
38 2.024230e-02
39 2.000340e-02
40 1.975900e-02
41 1.950880e-02
42 1.925290e-02
43 1.899090e-02
44 1.872310e-02
45 1.850220e-02
46 1.831760e-02
47 1.812880e-02
48 1.793550e-02
49 1.773780e-02
50 1.753540e-02
51 1.732840e-02
52 1.711650e-02
53 1.689970e-02
54 1.667780e-02
55 1.646540e-02
56 1.631070e-02
57 1.615950e-02
58 1.600470e-02
59 1.584630e-02
60 1.568420e-02
61 1.551840e-02
62 1.534860e-02
63 1.517500e-02
64 1.499730e-02
65 1.481540e-02
66 1.462930e-02
67 1.443890e-02
68 1.424400e-02
69 1.404460e-02
70 1.384110e-02
71 1.368660e-02
72 1.356540e-02
73 1.344140e-02
74 1.331450e-02
75 1.318460e-02
76 1.305170e-02
77 1.291570e-02
78 1.277660e-02
79 1.263420e-02
80 1.248850e-02
81 1.233940e-02
82 1.218680e-02
83 1.203070e-02
84 1.187090e-02
85 1.170750e-02
86 1.154020e-02
87 1.136900e-02
88 1.120250e-02
89 1.108630e-02
90 1.097680e-02
91 1.086470e-02
92 1.075000e-02
93 1.063260e-02
94 1.051250e-02
95 1.038950e-02
96 1.026380e-02
97 1.013510e-02
98 1.000340e-02
99 9.868560e-03
100 9.730660e-03
101 9.618410e-03
102 9.532690e-03
103 9.444990e-03
104 9.355240e-03
105 9.263390e-03
106 9.169420e-03
107 9.073260e-03
108 8.974830e-03
109 8.874140e-03
110 8.771100e-03
111 8.665640e-03
112 8.557740e-03
113 8.447330e-03
114 8.334340e-03
115 8.218710e-03
116 8.100410e-03
117 7.979340e-03
118 7.859290e-03
119 7.774140e-03
120 7.696530e-03
121 7.617120e-03
122 7.535870e-03
123 7.452720e-03
124 7.367630e-03
125 7.280570e-03
126 7.191460e-03
127 7.100290e-03
128 7.007000e-03
129 6.911530e-03
130 6.813830e-03
131 6.728740e-03
132 6.663760e-03
133 6.597480e-03
134 6.529650e-03
135 6.460240e-03
136 6.389210e-03
137 6.316540e-03
138 6.242160e-03
139 6.166050e-03
140 6.088180e-03
141 6.008490e-03
142 5.926930e-03
143 5.843480e-03
144 5.758170e-03
145 5.687880e-03
146 5.629310e-03
147 5.569370e-03
148 5.508020e-03
149 5.445250e-03
150 5.381030e-03
151 5.315300e-03
152 5.248040e-03
153 5.179220e-03
154 5.108790e-03
155 5.041500e-03
156 4.993020e-03
157 4.945710e-03
158 4.897300e-03
159 4.847750e-03
160 4.797050e-03
161 4.745180e-03
162 4.692080e-03
163 4.637760e-03
164 4.582170e-03
165 4.525280e-03
166 4.467070e-03
167 4.407510e-03
168 4.346550e-03
169 4.284180e-03
170 4.220510e-03
171 4.173660e-03
172 4.138270e-03
173 4.102060e-03
174 4.064990e-03
175 4.027070e-03
176 3.988270e-03
177 3.948550e-03
178 3.907910e-03
179 3.866330e-03
180 3.823780e-03
181 3.780230e-03
182 3.735680e-03
183 3.690090e-03
184 3.643430e-03
185 3.595690e-03
186 3.546830e-03
187 3.496830e-03
188 3.448960e-03
189 3.420430e-03
190 3.394760e-03
191 3.368490e-03
192 3.341600e-03
193 3.314090e-03
194 3.285950e-03
195 3.257140e-03
196 3.227660e-03
197 3.197500e-03
198 3.166630e-03
199 3.135040e-03
200 3.102730e-03
