1 7.370600e-03
2 7.370600e-03
3 7.370600e-03
4 7.370600e-03
5 7.370600e-03
6 7.370600e-03
7 7.370600e-03
8 7.370600e-03
9 7.370600e-03
10 7.370600e-03
11 7.370600e-03
12 7.370600e-03
13 7.370600e-03
14 7.370600e-03
15 7.370600e-03
16 7.370600e-03
17 7.370600e-03
18 7.370600e-03
19 7.370600e-03
20 7.370600e-03
21 7.370600e-03
22 7.370600e-03
23 7.370600e-03
24 7.370600e-03
25 7.370600e-03
26 7.370600e-03
27 7.370600e-03
28 7.370600e-03
29 7.370600e-03
30 7.370600e-03
31 7.370600e-03
32 7.370600e-03
33 7.370600e-03
34 7.370600e-03
35 7.370600e-03
36 7.370600e-03
37 7.370600e-03
38 7.370600e-03
39 7.370600e-03
40 7.370600e-03
41 7.370600e-03
42 7.370600e-03
43 7.370600e-03
44 7.370600e-03
45 7.370600e-03
46 7.370600e-03
47 7.370600e-03
48 7.370600e-03
49 7.370600e-03
50 7.370600e-03
51 7.370600e-03
52 7.370600e-03
53 7.370600e-03
54 7.370600e-03
55 7.370600e-03
56 7.370600e-03
57 7.370600e-03
58 7.370600e-03
59 7.370600e-03
60 7.370600e-03
61 7.370600e-03
62 7.370600e-03
63 7.370600e-03
64 7.370600e-03
65 7.370600e-03
66 7.370600e-03
67 7.370600e-03
68 7.370600e-03
69 7.370600e-03
70 7.370600e-03
71 7.370600e-03
72 7.370600e-03
73 7.370600e-03
74 7.370600e-03
75 7.370600e-03
76 7.370600e-03
77 7.370600e-03
78 7.370600e-03
79 7.370600e-03
80 7.370600e-03
81 7.370600e-03
82 7.370600e-03
83 7.370600e-03
84 7.370600e-03
85 7.370600e-03
86 7.370600e-03
87 7.370600e-03
88 7.370600e-03
89 7.370600e-03
90 7.370600e-03
91 7.370600e-03
92 7.370600e-03
93 7.370600e-03
94 7.370600e-03
95 7.370600e-03
96 7.370600e-03
97 7.370600e-03
98 7.370600e-03
99 7.370600e-03
100 7.370600e-03
101 7.370600e-03
102 7.370600e-03
103 7.370600e-03
104 7.370600e-03
105 7.370600e-03
106 7.370600e-03
107 7.370600e-03
108 7.370600e-03
109 7.370600e-03
110 7.370600e-03
111 7.370600e-03
112 7.370600e-03
113 7.370600e-03
114 7.370600e-03
115 7.370600e-03
116 7.370600e-03
117 7.370600e-03
118 7.370600e-03
119 7.370600e-03
120 7.370600e-03
121 7.370600e-03
122 7.370600e-03
123 7.370600e-03
124 7.370600e-03
125 7.370600e-03
126 7.370600e-03
127 7.370600e-03
128 7.370600e-03
129 7.370600e-03
130 7.370600e-03
131 7.370600e-03
132 7.370600e-03
133 7.370600e-03
134 7.370600e-03
135 7.370600e-03
136 7.370600e-03
137 7.370600e-03
138 7.370600e-03
139 7.370600e-03
140 7.370600e-03
141 7.370600e-03
142 7.370600e-03
143 7.370600e-03
144 7.370600e-03
145 7.370600e-03
146 7.370600e-03
147 7.370600e-03
148 7.370600e-03
149 7.370600e-03
150 7.370600e-03
151 7.370600e-03
152 7.370600e-03
153 7.370600e-03
154 7.370600e-03
155 7.370600e-03
156 7.370600e-03
157 7.370600e-03
158 7.370600e-03
159 7.370600e-03
160 7.370600e-03
161 7.370600e-03
162 7.370600e-03
163 7.370600e-03
164 7.370600e-03
165 7.370600e-03
166 7.370600e-03
167 7.370600e-03
168 7.370600e-03
169 7.370600e-03
170 7.370600e-03
171 7.370600e-03
172 7.370600e-03
173 7.370600e-03
174 7.370600e-03
175 7.370600e-03
176 7.370600e-03
177 7.370600e-03
178 7.370600e-03
179 7.370600e-03
180 7.370600e-03
181 7.370600e-03
182 7.370600e-03
183 7.370600e-03
184 7.370600e-03
185 7.370600e-03
186 7.370600e-03
187 7.370600e-03
188 7.370600e-03
189 7.370600e-03
190 7.370600e-03
191 7.370600e-03
192 7.370600e-03
193 7.370600e-03
194 7.370600e-03
195 7.370600e-03
196 7.370600e-03
197 7.370600e-03
198 7.370600e-03
199 7.370600e-03
200 7.370600e-03
