1 7.982160e-06
2 7.912130e-06
3 7.840480e-06
4 7.767160e-06
5 7.692120e-06
6 7.615350e-06
7 7.536790e-06
8 7.456380e-06
9 7.374110e-06
10 7.289930e-06
11 7.203780e-06
12 7.115620e-06
13 7.025430e-06
14 6.933110e-06
15 6.838650e-06
16 6.742000e-06
17 6.643090e-06
18 6.545030e-06
19 6.475600e-06
20 6.412380e-06
21 6.347690e-06
22 6.281500e-06
23 6.213750e-06
24 6.144430e-06
25 6.073510e-06
26 6.000920e-06
27 5.926640e-06
28 5.850650e-06
29 5.772870e-06
30 5.693280e-06
31 5.624010e-06
32 5.571190e-06
33 5.517310e-06
34 5.462190e-06
35 5.405770e-06
36 5.348030e-06
37 5.288960e-06
38 5.228510e-06
39 5.166640e-06
40 5.103350e-06
41 5.038570e-06
42 4.972280e-06
43 4.904460e-06
44 4.835110e-06
45 4.777920e-06
46 4.730200e-06
47 4.681370e-06
48 4.631390e-06
49 4.580260e-06
50 4.527930e-06
51 4.474390e-06
52 4.419590e-06
53 4.363520e-06
54 4.306150e-06
55 4.251240e-06
56 4.211280e-06
57 4.172230e-06
58 4.132250e-06
59 4.091350e-06
60 4.049500e-06
61 4.006670e-06
62 3.962840e-06
63 3.918000e-06
64 3.872110e-06
65 3.825140e-06
66 3.777090e-06
67 3.727920e-06
68 3.677600e-06
69 3.626100e-06
70 3.573530e-06
71 3.533750e-06
72 3.502640e-06
73 3.470810e-06
74 3.438230e-06
75 3.404890e-06
76 3.370780e-06
77 3.335880e-06
78 3.300150e-06
79 3.263610e-06
80 3.226200e-06
81 3.187930e-06
82 3.148770e-06
83 3.108690e-06
84 3.067670e-06
85 3.025710e-06
86 2.982770e-06
87 2.938820e-06
88 2.896100e-06
89 2.866370e-06
90 2.838360e-06
91 2.809690e-06
92 2.780360e-06
93 2.750340e-06
94 2.719630e-06
95 2.688190e-06
96 2.656030e-06
97 2.623120e-06
98 2.589440e-06
99 2.554970e-06
100 2.519710e-06
101 2.491010e-06
102 2.469120e-06
103 2.446720e-06
104 2.423800e-06
105 2.400350e-06
106 2.376340e-06
107 2.351790e-06
108 2.326650e-06
109 2.300930e-06
110 2.274620e-06
111 2.247690e-06
112 2.220130e-06
113 2.191930e-06
114 2.163070e-06
115 2.133540e-06
116 2.103330e-06
117 2.072410e-06
118 2.041760e-06
119 2.020100e-06
120 2.000400e-06
121 1.980230e-06
122 1.959600e-06
123 1.938490e-06
124 1.916890e-06
125 1.894780e-06
126 1.872160e-06
127 1.849010e-06
128 1.825320e-06
129 1.801080e-06
130 1.776270e-06
131 1.755770e-06
132 1.742050e-06
133 1.728080e-06
134 1.713780e-06
135 1.699150e-06
136 1.684170e-06
137 1.668850e-06
138 1.653170e-06
139 1.637130e-06
140 1.620710e-06
141 1.603910e-06
142 1.586720e-06
143 1.569130e-06
144 1.551130e-06
145 1.532700e-06
146 1.513850e-06
147 1.494570e-06
148 1.475170e-06
149 1.461230e-06
150 1.449120e-06
151 1.436720e-06
152 1.424040e-06
153 1.411060e-06
154 1.397770e-06
155 1.384180e-06
156 1.370270e-06
157 1.356040e-06
158 1.341470e-06
159 1.326570e-06
160 1.311320e-06
161 1.297470e-06
162 1.287040e-06
163 1.276480e-06
164 1.265690e-06
165 1.254640e-06
166 1.243330e-06
167 1.231760e-06
168 1.219920e-06
169 1.207800e-06
170 1.195440e-06
171 1.187180e-06
172 1.181730e-06
173 1.176150e-06
174 1.170440e-06
175 1.164600e-06
176 1.158620e-06
177 1.152500e-06
178 1.146240e-06
179 1.139840e-06
180 1.133280e-06
181 1.126580e-06
182 1.119710e-06
183 1.112690e-06
184 1.105500e-06
185 1.098150e-06
186 1.090620e-06
187 1.082920e-06
188 1.075380e-06
189 1.069800e-06
190 1.064460e-06
191 1.059000e-06
192 1.053410e-06
193 1.047680e-06
194 1.041830e-06
195 1.035840e-06
196 1.029710e-06
197 1.023430e-06
198 1.017010e-06
199 1.010440e-06
200 1.003720e-06
201 1.000640e-06
202 1.001330e-06
203 1.002040e-06
204 1.002770e-06
205 1.003510e-06
206 1.004270e-06
207 1.005050e-06
208 1.005840e-06
209 1.006660e-06
210 1.007490e-06
211 1.008340e-06
212 1.009210e-06
213 1.010110e-06
214 1.011020e-06
215 1.011950e-06
216 1.012910e-06
217 1.013890e-06
218 1.014890e-06
219 1.015940e-06
220 1.017020e-06
221 1.018120e-06
222 1.019250e-06
223 1.020410e-06
224 1.021590e-06
225 1.022800e-06
226 1.024040e-06
227 1.025300e-06
228 1.026600e-06
229 1.027930e-06
230 1.029280e-06
231 1.032340e-06
232 1.037960e-06
233 1.043730e-06
234 1.049630e-06
235 1.055670e-06
236 1.061850e-06
237 1.068170e-06
238 1.074640e-06
239 1.081260e-06
240 1.088040e-06
241 1.094970e-06
242 1.102070e-06
243 1.109330e-06
244 1.116760e-06
245 1.124360e-06
246 1.132140e-06
247 1.140110e-06
248 1.148250e-06
249 1.156590e-06
250 1.165130e-06
251 1.173870e-06
252 1.182810e-06
253 1.191960e-06
254 1.201330e-06
255 1.210910e-06
256 1.220710e-06
257 1.230740e-06
258 1.241010e-06
259 1.251520e-06
260 1.262270e-06
261 1.273270e-06
262 1.284520e-06
263 1.296040e-06
264 1.307820e-06
265 1.319880e-06
266 1.332220e-06
267 1.344850e-06
268 1.357770e-06
269 1.371000e-06
270 1.384520e-06
271 1.397680e-06
272 1.410670e-06
273 1.423970e-06
274 1.437570e-06
275 1.451490e-06
276 1.465740e-06
277 1.480320e-06
278 1.495240e-06
279 1.510500e-06
280 1.526110e-06
281 1.542100e-06
282 1.558450e-06
283 1.575180e-06
284 1.592310e-06
285 1.609840e-06
286 1.627760e-06
287 1.646110e-06
288 1.664880e-06
289 1.684090e-06
290 1.703750e-06
291 1.723430e-06
292 1.742240e-06
293 1.761410e-06
294 1.781030e-06
295 1.801100e-06
296 1.822320e-06
297 1.847110e-06
298 1.872860e-06
299 1.899210e-06
300 1.926180e-06
301 1.949170e-06
302 1.968040e-06
303 1.987340e-06
304 2.007100e-06
305 2.027320e-06
306 2.048010e-06
307 2.069180e-06
308 2.090870e-06
309 2.115430e-06
310 2.142330e-06
311 2.169850e-06
312 2.198020e-06
313 2.226840e-06
314 2.256330e-06
315 2.286160e-06
316 2.313080e-06
317 2.339710e-06
318 2.366970e-06
319 2.394850e-06
320 2.423390e-06
321 2.452280e-06
322 2.480440e-06
323 2.509090e-06
324 2.538420e-06
325 2.568440e-06
326 2.598920e-06
327 2.628550e-06
328 2.658580e-06
329 2.689310e-06
330 2.720760e-06
331 2.755520e-06
332 2.794950e-06
333 2.835340e-06
334 2.876650e-06
335 2.918940e-06
336 2.958400e-06
337 2.990350e-06
338 3.022750e-06
339 3.055900e-06
340 3.089630e-06
341 3.117980e-06
342 3.144040e-06
343 3.170720e-06
344 3.198020e-06
345 3.227370e-06
346 3.258530e-06
347 3.290400e-06
348 3.323200e-06
349 3.359690e-06
350 3.398110e-06
351 3.437420e-06
352 3.477640e-06
353 3.518810e-06
354 3.560930e-06
355 3.602910e-06
356 3.641010e-06
357 3.679460e-06
358 3.718810e-06
359 3.759080e-06
360 3.800280e-06
361 3.838960e-06
362 3.871120e-06
363 3.903790e-06
364 3.937220e-06
365 3.971430e-06
366 4.010730e-06
367 4.064450e-06
368 4.120390e-06
369 4.177650e-06
370 4.236100e-06
371 4.279480e-06
372 4.312610e-06
373 4.346510e-06
374 4.381210e-06
375 4.428470e-06
376 4.490540e-06
377 4.554050e-06
378 4.618440e-06
379 4.660880e-06
380 4.692220e-06
381 4.724300e-06
382 4.766870e-06
383 4.838120e-06
384 4.912730e-06
385 4.984070e-06
386 5.025440e-06
387 5.062260e-06
388 5.103690e-06
389 5.169510e-06
390 5.240900e-06
391 5.305180e-06
392 5.344450e-06
393 5.382880e-06
394 5.433050e-06
395 5.493150e-06
396 5.551240e-06
397 5.595200e-06
398 5.639550e-06
399 5.717530e-06
400 5.811880e-06
401 5.888240e-06
402 5.946000e-06
403 6.005080e-06
404 6.065550e-06
405 6.127430e-06
406 6.190750e-06
407 6.255540e-06
408 6.321830e-06
409 6.385100e-06
410 6.446470e-06
411 6.509280e-06
412 6.573560e-06
413 6.639330e-06
414 6.706620e-06
415 6.775490e-06
416 6.845970e-06
417 6.918080e-06
418 6.990380e-06
419 7.049760e-06
420 7.106830e-06
421 7.165220e-06
422 7.224970e-06
423 7.286110e-06
424 7.348680e-06
425 7.411730e-06
426 7.473330e-06
427 7.536180e-06
428 7.600500e-06
429 7.666310e-06
430 7.753850e-06
431 7.840280e-06
432 7.893250e-06
433 7.947130e-06
434 8.002260e-06
435 8.058690e-06
436 8.122470e-06
437 8.201120e-06
438 8.282100e-06
439 8.365060e-06
440 8.465340e-06
441 8.549200e-06
442 8.620220e-06
443 8.692900e-06
444 8.767220e-06
445 8.828920e-06
446 8.880840e-06
447 8.933960e-06
448 8.987100e-06
449 9.020350e-06
450 9.046710e-06
451 9.073680e-06
452 9.113380e-06
453 9.218480e-06
454 9.327160e-06
455 9.404710e-06
456 9.471410e-06
457 9.538280e-06
458 9.600560e-06
459 9.638390e-06
460 9.674210e-06
461 9.722550e-06
462 9.796810e-06
463 9.873100e-06
464 9.926100e-06
465 9.966300e-06
466 1.000510e-05
467 1.003720e-05
468 1.006950e-05
469 1.010250e-05
470 1.013640e-05
471 1.017100e-05
472 1.020640e-05
473 1.024270e-05
474 1.027980e-05
475 1.035760e-05
476 1.042220e-05
477 1.045530e-05
478 1.048910e-05
479 1.051910e-05
480 1.054750e-05
481 1.057650e-05
482 1.061010e-05
483 1.065510e-05
484 1.070180e-05
485 1.074760e-05
486 1.078230e-05
487 1.080000e-05
488 1.079700e-05
489 1.077520e-05
490 1.074510e-05
491 1.069850e-05
492 1.067780e-05
493 1.065860e-05
494 1.063900e-05
495 1.061890e-05
496 1.059150e-05
497 1.053230e-05
498 1.046670e-05
499 1.037360e-05
500 1.031910e-05
