1 7.988120e-06
2 7.918020e-06
3 7.846300e-06
4 7.772910e-06
5 7.697800e-06
6 7.620950e-06
7 7.542320e-06
8 7.461830e-06
9 7.379490e-06
10 7.295230e-06
11 7.208990e-06
12 7.120750e-06
13 7.030470e-06
14 6.938070e-06
15 6.843510e-06
16 6.746770e-06
17 6.647770e-06
18 6.549600e-06
19 6.480060e-06
20 6.416720e-06
21 6.351910e-06
22 6.285590e-06
23 6.217720e-06
24 6.148260e-06
25 6.077210e-06
26 6.004480e-06
27 5.930060e-06
28 5.853920e-06
29 5.775990e-06
30 5.696250e-06
31 5.626860e-06
32 5.573990e-06
33 5.520060e-06
34 5.464870e-06
35 5.408400e-06
36 5.350600e-06
37 5.291470e-06
38 5.230960e-06
39 5.169030e-06
40 5.105670e-06
41 5.040830e-06
42 4.974470e-06
43 4.906580e-06
44 4.837160e-06
45 4.779920e-06
46 4.732170e-06
47 4.683300e-06
48 4.633290e-06
49 4.582120e-06
50 4.529760e-06
51 4.476180e-06
52 4.421350e-06
53 4.365250e-06
54 4.307830e-06
55 4.252890e-06
56 4.212920e-06
57 4.173870e-06
58 4.133890e-06
59 4.092980e-06
60 4.051130e-06
61 4.008290e-06
62 3.964460e-06
63 3.919610e-06
64 3.873710e-06
65 3.826740e-06
66 3.778690e-06
67 3.729510e-06
68 3.679180e-06
69 3.627680e-06
70 3.575110e-06
71 3.535300e-06
72 3.504170e-06
73 3.472310e-06
74 3.439700e-06
75 3.406340e-06
76 3.372200e-06
77 3.337260e-06
78 3.301510e-06
79 3.264930e-06
80 3.227500e-06
81 3.189190e-06
82 3.150000e-06
83 3.109880e-06
84 3.068830e-06
85 3.026840e-06
86 2.983850e-06
87 2.939870e-06
88 2.897110e-06
89 2.867360e-06
90 2.839330e-06
91 2.810640e-06
92 2.781280e-06
93 2.751240e-06
94 2.720500e-06
95 2.689050e-06
96 2.656850e-06
97 2.623920e-06
98 2.590210e-06
99 2.555720e-06
100 2.520430e-06
101 2.491720e-06
102 2.469820e-06
103 2.447410e-06
104 2.424480e-06
105 2.401010e-06
106 2.377000e-06
107 2.352430e-06
108 2.327290e-06
109 2.301560e-06
110 2.275230e-06
111 2.248290e-06
112 2.220720e-06
113 2.192510e-06
114 2.163640e-06
115 2.134100e-06
116 2.103870e-06
117 2.072940e-06
118 2.042280e-06
119 2.020610e-06
120 2.000900e-06
121 1.980730e-06
122 1.960100e-06
123 1.938970e-06
124 1.917360e-06
125 1.895250e-06
126 1.872620e-06
127 1.849460e-06
128 1.825770e-06
129 1.801520e-06
130 1.776700e-06
131 1.756200e-06
132 1.742470e-06
133 1.728480e-06
134 1.714180e-06
135 1.699530e-06
136 1.684550e-06
137 1.669220e-06
138 1.653530e-06
139 1.637470e-06
140 1.621050e-06
141 1.604240e-06
142 1.587030e-06
143 1.569430e-06
144 1.551420e-06
145 1.532980e-06
146 1.514120e-06
147 1.494820e-06
148 1.475410e-06
149 1.461470e-06
150 1.449350e-06
151 1.436940e-06
152 1.424250e-06
153 1.411260e-06
154 1.397970e-06
155 1.384370e-06
156 1.370450e-06
157 1.356210e-06
158 1.341630e-06
159 1.326720e-06
160 1.311460e-06
161 1.297610e-06
162 1.287180e-06
163 1.276630e-06
164 1.265830e-06
165 1.254790e-06
166 1.243480e-06
167 1.231920e-06
168 1.220080e-06
169 1.207970e-06
170 1.195610e-06
171 1.187340e-06
172 1.181890e-06
173 1.176300e-06
174 1.170590e-06
175 1.164740e-06
176 1.158760e-06
177 1.152630e-06
178 1.146370e-06
179 1.139960e-06
180 1.133390e-06
181 1.126680e-06
182 1.119810e-06
183 1.112780e-06
184 1.105580e-06
185 1.098220e-06
186 1.090690e-06
187 1.082980e-06
188 1.075440e-06
189 1.069860e-06
190 1.064530e-06
191 1.059070e-06
192 1.053480e-06
193 1.047760e-06
194 1.041910e-06
195 1.035930e-06
196 1.029800e-06
197 1.023530e-06
198 1.017120e-06
199 1.010550e-06
200 1.003840e-06
201 1.000760e-06
202 1.001450e-06
203 1.002150e-06
204 1.002870e-06
205 1.003610e-06
206 1.004360e-06
207 1.005130e-06
208 1.005920e-06
209 1.006730e-06
210 1.007550e-06
211 1.008400e-06
212 1.009260e-06
213 1.010150e-06
214 1.011050e-06
215 1.011980e-06
216 1.012930e-06
217 1.013900e-06
218 1.014900e-06
219 1.015950e-06
220 1.017030e-06
221 1.018130e-06
222 1.019270e-06
223 1.020430e-06
224 1.021610e-06
225 1.022830e-06
226 1.024070e-06
227 1.025340e-06
228 1.026640e-06
229 1.027970e-06
230 1.029330e-06
231 1.032390e-06
232 1.038000e-06
233 1.043770e-06
234 1.049670e-06
235 1.055710e-06
236 1.061880e-06
237 1.068200e-06
238 1.074670e-06
239 1.081290e-06
240 1.088070e-06
241 1.095000e-06
242 1.102090e-06
243 1.109350e-06
244 1.116780e-06
245 1.124380e-06
246 1.132150e-06
247 1.140110e-06
248 1.148260e-06
249 1.156600e-06
250 1.165140e-06
251 1.173870e-06
252 1.182820e-06
253 1.191960e-06
254 1.201330e-06
255 1.210910e-06
256 1.220710e-06
257 1.230750e-06
258 1.241010e-06
259 1.251520e-06
260 1.262270e-06
261 1.273270e-06
262 1.284520e-06
263 1.296040e-06
264 1.307820e-06
265 1.319880e-06
266 1.332220e-06
267 1.344850e-06
268 1.357770e-06
269 1.370990e-06
270 1.384520e-06
271 1.397670e-06
272 1.410660e-06
273 1.423960e-06
274 1.437570e-06
275 1.451490e-06
276 1.465740e-06
277 1.480320e-06
278 1.495240e-06
279 1.510500e-06
280 1.526120e-06
281 1.542100e-06
282 1.558450e-06
283 1.575190e-06
284 1.592310e-06
285 1.609840e-06
286 1.627760e-06
287 1.646110e-06
288 1.664870e-06
289 1.684080e-06
290 1.703740e-06
291 1.723420e-06
292 1.742240e-06
293 1.761410e-06
294 1.781040e-06
295 1.801110e-06
296 1.822340e-06
297 1.847120e-06
298 1.872850e-06
299 1.899190e-06
300 1.926140e-06
301 1.949120e-06
302 1.968000e-06
303 1.987320e-06
304 2.007080e-06
305 2.027310e-06
306 2.048010e-06
307 2.069190e-06
308 2.090880e-06
309 2.115450e-06
310 2.142340e-06
311 2.169850e-06
312 2.198020e-06
313 2.226830e-06
314 2.256320e-06
315 2.286140e-06
316 2.313060e-06
317 2.339700e-06
318 2.366950e-06
319 2.394840e-06
320 2.423380e-06
321 2.452270e-06
322 2.480430e-06
323 2.509090e-06
324 2.538420e-06
325 2.568430e-06
326 2.598910e-06
327 2.628550e-06
328 2.658590e-06
329 2.689320e-06
330 2.720770e-06
331 2.755540e-06
332 2.794960e-06
333 2.835330e-06
334 2.876630e-06
335 2.918900e-06
336 2.958360e-06
337 2.990310e-06
338 3.022710e-06
339 3.055870e-06
340 3.089600e-06
341 3.117960e-06
342 3.144030e-06
343 3.170710e-06
344 3.198020e-06
345 3.227380e-06
346 3.258540e-06
347 3.290410e-06
348 3.323210e-06
349 3.359700e-06
350 3.398110e-06
351 3.437420e-06
352 3.477640e-06
353 3.518800e-06
354 3.560920e-06
355 3.602890e-06
356 3.640990e-06
357 3.679440e-06
358 3.718790e-06
359 3.759060e-06
360 3.800250e-06
361 3.838940e-06
362 3.871110e-06
363 3.903790e-06
364 3.937240e-06
365 3.971470e-06
366 4.010770e-06
367 4.064470e-06
368 4.120390e-06
369 4.177620e-06
370 4.236050e-06
371 4.279430e-06
372 4.312590e-06
373 4.346520e-06
374 4.381250e-06
375 4.428520e-06
376 4.490540e-06
377 4.554020e-06
378 4.618380e-06
379 4.660840e-06
380 4.692220e-06
381 4.724340e-06
382 4.766930e-06
383 4.838140e-06
384 4.912700e-06
385 4.984000e-06
386 5.025410e-06
387 5.062270e-06
388 5.103740e-06
389 5.169530e-06
390 5.240870e-06
391 5.305130e-06
392 5.344430e-06
393 5.382900e-06
394 5.433070e-06
395 5.493140e-06
396 5.551220e-06
397 5.595220e-06
398 5.639610e-06
399 5.717570e-06
400 5.811850e-06
401 5.888180e-06
402 5.945940e-06
403 6.005030e-06
404 6.065510e-06
405 6.127410e-06
406 6.190730e-06
407 6.255530e-06
408 6.321820e-06
409 6.385100e-06
410 6.446470e-06
411 6.509280e-06
412 6.573560e-06
413 6.639330e-06
414 6.706620e-06
415 6.775490e-06
416 6.845970e-06
417 6.918080e-06
418 6.990380e-06
419 7.049760e-06
420 7.106830e-06
421 7.165220e-06
422 7.224970e-06
423 7.286110e-06
424 7.348680e-06
425 7.411730e-06
426 7.473330e-06
427 7.536180e-06
428 7.600500e-06
429 7.666310e-06
430 7.753850e-06
431 7.840280e-06
432 7.893250e-06
433 7.947130e-06
434 8.002260e-06
435 8.058690e-06
436 8.122470e-06
437 8.201120e-06
438 8.282100e-06
439 8.365060e-06
440 8.465340e-06
441 8.549200e-06
442 8.620220e-06
443 8.692900e-06
444 8.767220e-06
445 8.828920e-06
446 8.880840e-06
447 8.933960e-06
448 8.987100e-06
449 9.020350e-06
450 9.046710e-06
451 9.073680e-06
452 9.113380e-06
453 9.218480e-06
454 9.327160e-06
455 9.404710e-06
456 9.471410e-06
457 9.538280e-06
458 9.600560e-06
459 9.638390e-06
460 9.674210e-06
461 9.722550e-06
462 9.796810e-06
463 9.873100e-06
464 9.926100e-06
465 9.966300e-06
466 1.000510e-05
467 1.003720e-05
468 1.006950e-05
469 1.010250e-05
470 1.013640e-05
471 1.017100e-05
472 1.020640e-05
473 1.024270e-05
474 1.027980e-05
475 1.035760e-05
476 1.042220e-05
477 1.045530e-05
478 1.048910e-05
479 1.051910e-05
480 1.054750e-05
481 1.057650e-05
482 1.061010e-05
483 1.065510e-05
484 1.070180e-05
485 1.074760e-05
486 1.078230e-05
487 1.080000e-05
488 1.079700e-05
489 1.077520e-05
490 1.074510e-05
491 1.069850e-05
492 1.067780e-05
493 1.065860e-05
494 1.063900e-05
495 1.061890e-05
496 1.059150e-05
497 1.053230e-05
498 1.046670e-05
499 1.037360e-05
500 1.031910e-05
