1 7.977640e-06
2 7.907660e-06
3 7.836070e-06
4 7.762800e-06
5 7.687820e-06
6 7.611100e-06
7 7.532600e-06
8 7.452260e-06
9 7.370050e-06
10 7.285930e-06
11 7.199850e-06
12 7.111760e-06
13 7.021630e-06
14 6.929380e-06
15 6.834990e-06
16 6.738420e-06
17 6.639580e-06
18 6.541590e-06
19 6.472250e-06
20 6.409120e-06
21 6.344530e-06
22 6.278430e-06
23 6.210780e-06
24 6.141560e-06
25 6.070740e-06
26 5.998260e-06
27 5.924090e-06
28 5.848200e-06
29 5.770540e-06
30 5.691060e-06
31 5.621870e-06
32 5.569100e-06
33 5.515260e-06
34 5.460180e-06
35 5.403800e-06
36 5.346110e-06
37 5.287090e-06
38 5.226680e-06
39 5.164860e-06
40 5.101620e-06
41 5.036890e-06
42 4.970650e-06
43 4.902880e-06
44 4.833580e-06
45 4.776440e-06
46 4.728740e-06
47 4.679930e-06
48 4.629980e-06
49 4.578870e-06
50 4.526580e-06
51 4.473060e-06
52 4.418290e-06
53 4.362250e-06
54 4.304910e-06
55 4.250020e-06
56 4.210070e-06
57 4.171020e-06
58 4.131050e-06
59 4.090150e-06
60 4.048310e-06
61 4.005490e-06
62 3.961660e-06
63 3.916820e-06
64 3.870930e-06
65 3.823970e-06
66 3.775920e-06
67 3.726760e-06
68 3.676440e-06
69 3.624950e-06
70 3.572390e-06
71 3.532620e-06
72 3.501530e-06
73 3.469720e-06
74 3.437160e-06
75 3.403840e-06
76 3.369760e-06
77 3.334870e-06
78 3.299170e-06
79 3.262640e-06
80 3.225260e-06
81 3.187010e-06
82 3.147880e-06
83 3.107820e-06
84 3.066830e-06
85 3.024900e-06
86 2.981980e-06
87 2.938060e-06
88 2.895360e-06
89 2.865650e-06
90 2.837660e-06
91 2.809010e-06
92 2.779690e-06
93 2.749690e-06
94 2.718990e-06
95 2.687580e-06
96 2.655430e-06
97 2.622540e-06
98 2.588880e-06
99 2.554430e-06
100 2.519180e-06
101 2.490510e-06
102 2.468620e-06
103 2.446230e-06
104 2.423320e-06
105 2.399860e-06
106 2.375870e-06
107 2.351320e-06
108 2.326190e-06
109 2.300480e-06
110 2.274170e-06
111 2.247250e-06
112 2.219700e-06
113 2.191510e-06
114 2.162660e-06
115 2.133140e-06
116 2.102940e-06
117 2.072030e-06
118 2.041380e-06
119 2.019730e-06
120 2.000030e-06
121 1.979880e-06
122 1.959250e-06
123 1.938140e-06
124 1.916540e-06
125 1.894440e-06
126 1.871830e-06
127 1.848680e-06
128 1.825000e-06
129 1.800770e-06
130 1.775970e-06
131 1.755470e-06
132 1.741760e-06
133 1.727790e-06
134 1.713500e-06
135 1.698870e-06
136 1.683900e-06
137 1.668590e-06
138 1.652920e-06
139 1.636880e-06
140 1.620470e-06
141 1.603680e-06
142 1.586500e-06
143 1.568910e-06
144 1.550920e-06
145 1.532500e-06
146 1.513660e-06
147 1.494390e-06
148 1.475000e-06
149 1.461070e-06
150 1.448960e-06
151 1.436570e-06
152 1.423890e-06
153 1.410910e-06
154 1.397630e-06
155 1.384040e-06
156 1.370140e-06
157 1.355910e-06
158 1.341350e-06
159 1.326460e-06
160 1.311210e-06
161 1.297370e-06
162 1.286940e-06
163 1.276380e-06
164 1.265580e-06
165 1.254530e-06
166 1.243220e-06
167 1.231650e-06
168 1.219810e-06
169 1.207690e-06
170 1.195320e-06
171 1.187060e-06
172 1.181610e-06
173 1.176040e-06
174 1.170330e-06
175 1.164500e-06
176 1.158520e-06
177 1.152410e-06
178 1.146150e-06
179 1.139750e-06
180 1.133200e-06
181 1.126500e-06
182 1.119640e-06
183 1.112620e-06
184 1.105440e-06
185 1.098090e-06
186 1.090570e-06
187 1.082880e-06
188 1.075340e-06
189 1.069760e-06
190 1.064420e-06
191 1.058950e-06
192 1.053360e-06
193 1.047630e-06
194 1.041770e-06
195 1.035770e-06
196 1.029640e-06
197 1.023360e-06
198 1.016930e-06
199 1.010360e-06
200 1.003630e-06
201 1.000560e-06
202 1.001250e-06
203 1.001970e-06
204 1.002700e-06
205 1.003440e-06
206 1.004210e-06
207 1.004990e-06
208 1.005790e-06
209 1.006610e-06
210 1.007450e-06
211 1.008300e-06
212 1.009180e-06
213 1.010080e-06
214 1.011000e-06
215 1.011940e-06
216 1.012900e-06
217 1.013880e-06
218 1.014890e-06
219 1.015940e-06
220 1.017020e-06
221 1.018120e-06
222 1.019240e-06
223 1.020390e-06
224 1.021570e-06
225 1.022780e-06
226 1.024020e-06
227 1.025280e-06
228 1.026570e-06
229 1.027900e-06
230 1.029250e-06
231 1.032310e-06
232 1.037930e-06
233 1.043690e-06
234 1.049600e-06
235 1.055640e-06
236 1.061820e-06
237 1.068150e-06
238 1.074620e-06
239 1.081240e-06
240 1.088020e-06
241 1.094960e-06
242 1.102060e-06
243 1.109320e-06
244 1.116750e-06
245 1.124360e-06
246 1.132140e-06
247 1.140100e-06
248 1.148250e-06
249 1.156590e-06
250 1.165130e-06
251 1.173870e-06
252 1.182810e-06
253 1.191960e-06
254 1.201330e-06
255 1.210910e-06
256 1.220710e-06
257 1.230740e-06
258 1.241010e-06
259 1.251520e-06
260 1.262270e-06
261 1.273270e-06
262 1.284520e-06
263 1.296040e-06
264 1.307820e-06
265 1.319880e-06
266 1.332230e-06
267 1.344860e-06
268 1.357780e-06
269 1.371000e-06
270 1.384530e-06
271 1.397680e-06
272 1.410670e-06
273 1.423970e-06
274 1.437570e-06
275 1.451500e-06
276 1.465740e-06
277 1.480320e-06
278 1.495240e-06
279 1.510500e-06
280 1.526110e-06
281 1.542100e-06
282 1.558450e-06
283 1.575180e-06
284 1.592310e-06
285 1.609840e-06
286 1.627760e-06
287 1.646110e-06
288 1.664880e-06
289 1.684090e-06
290 1.703750e-06
291 1.723430e-06
292 1.742240e-06
293 1.761410e-06
294 1.781020e-06
295 1.801090e-06
296 1.822300e-06
297 1.847110e-06
298 1.872870e-06
299 1.899230e-06
300 1.926210e-06
301 1.949200e-06
302 1.968060e-06
303 1.987360e-06
304 2.007120e-06
305 2.027330e-06
306 2.048010e-06
307 2.069180e-06
308 2.090850e-06
309 2.115420e-06
310 2.142320e-06
311 2.169850e-06
312 2.198020e-06
313 2.226850e-06
314 2.256340e-06
315 2.286170e-06
316 2.313090e-06
317 2.339730e-06
318 2.366980e-06
319 2.394860e-06
320 2.423400e-06
321 2.452280e-06
322 2.480440e-06
323 2.509100e-06
324 2.538430e-06
325 2.568440e-06
326 2.598920e-06
327 2.628550e-06
328 2.658580e-06
329 2.689300e-06
330 2.720740e-06
331 2.755510e-06
332 2.794950e-06
333 2.835340e-06
334 2.876670e-06
335 2.918960e-06
336 2.958430e-06
337 2.990380e-06
338 3.022780e-06
339 3.055920e-06
340 3.089650e-06
341 3.118000e-06
342 3.144060e-06
343 3.170720e-06
344 3.198020e-06
345 3.227370e-06
346 3.258520e-06
347 3.290400e-06
348 3.323190e-06
349 3.359690e-06
350 3.398100e-06
351 3.437420e-06
352 3.477650e-06
353 3.518810e-06
354 3.560940e-06
355 3.602920e-06
356 3.641030e-06
357 3.679480e-06
358 3.718830e-06
359 3.759100e-06
360 3.800300e-06
361 3.838980e-06
362 3.871130e-06
363 3.903790e-06
364 3.937210e-06
365 3.971410e-06
366 4.010710e-06
367 4.064430e-06
368 4.120400e-06
369 4.177670e-06
370 4.236140e-06
371 4.279510e-06
372 4.312620e-06
373 4.346510e-06
374 4.381180e-06
375 4.428450e-06
376 4.490530e-06
377 4.554070e-06
378 4.618490e-06
379 4.660920e-06
380 4.692220e-06
381 4.724260e-06
382 4.766820e-06
383 4.838110e-06
384 4.912750e-06
385 4.984120e-06
386 5.025470e-06
387 5.062250e-06
388 5.103660e-06
389 5.169500e-06
390 5.240920e-06
391 5.305220e-06
392 5.344460e-06
393 5.382870e-06
394 5.433040e-06
395 5.493160e-06
396 5.551260e-06
397 5.595190e-06
398 5.639500e-06
399 5.717510e-06
400 5.811900e-06
401 5.888280e-06
402 5.946030e-06
403 6.005110e-06
404 6.065580e-06
405 6.127460e-06
406 6.190760e-06
407 6.255550e-06
408 6.321830e-06
409 6.385100e-06
410 6.446470e-06
411 6.509280e-06
412 6.573560e-06
413 6.639330e-06
414 6.706620e-06
415 6.775490e-06
416 6.845970e-06
417 6.918080e-06
418 6.990380e-06
419 7.049760e-06
420 7.106830e-06
421 7.165220e-06
422 7.224970e-06
423 7.286110e-06
424 7.348680e-06
425 7.411730e-06
426 7.473330e-06
427 7.536180e-06
428 7.600500e-06
429 7.666310e-06
430 7.753850e-06
431 7.840280e-06
432 7.893250e-06
433 7.947130e-06
434 8.002260e-06
435 8.058690e-06
436 8.122470e-06
437 8.201120e-06
438 8.282100e-06
439 8.365060e-06
440 8.465340e-06
441 8.549200e-06
442 8.620220e-06
443 8.692900e-06
444 8.767220e-06
445 8.828920e-06
446 8.880840e-06
447 8.933960e-06
448 8.987100e-06
449 9.020350e-06
450 9.046710e-06
451 9.073680e-06
452 9.113380e-06
453 9.218480e-06
454 9.327160e-06
455 9.404710e-06
456 9.471410e-06
457 9.538280e-06
458 9.600560e-06
459 9.638390e-06
460 9.674210e-06
461 9.722550e-06
462 9.796810e-06
463 9.873100e-06
464 9.926100e-06
465 9.966300e-06
466 1.000510e-05
467 1.003720e-05
468 1.006950e-05
469 1.010250e-05
470 1.013640e-05
471 1.017100e-05
472 1.020640e-05
473 1.024270e-05
474 1.027980e-05
475 1.035760e-05
476 1.042220e-05
477 1.045530e-05
478 1.048910e-05
479 1.051910e-05
480 1.054750e-05
481 1.057650e-05
482 1.061010e-05
483 1.065510e-05
484 1.070180e-05
485 1.074760e-05
486 1.078230e-05
487 1.080000e-05
488 1.079700e-05
489 1.077520e-05
490 1.074510e-05
491 1.069850e-05
492 1.067780e-05
493 1.065860e-05
494 1.063900e-05
495 1.061890e-05
496 1.059150e-05
497 1.053230e-05
498 1.046670e-05
499 1.037360e-05
500 1.031910e-05
