1 3.338090e-01
2 3.338070e-01
3 3.338060e-01
4 3.338040e-01
5 3.338030e-01
6 3.338010e-01
7 3.338000e-01
8 3.337980e-01
9 3.337970e-01
10 3.337950e-01
11 3.337930e-01
12 3.337920e-01
13 3.337900e-01
14 3.337880e-01
15 3.337860e-01
16 3.337840e-01
17 3.337820e-01
18 3.337800e-01
19 3.337780e-01
20 3.337760e-01
21 3.337740e-01
22 3.337720e-01
23 3.337700e-01
24 3.337680e-01
25 3.337650e-01
26 3.337630e-01
27 3.337600e-01
28 3.337580e-01
29 3.337550e-01
30 3.337530e-01
31 3.337500e-01
32 3.337470e-01
33 3.337450e-01
34 3.337420e-01
35 3.337390e-01
36 3.337360e-01
37 3.337330e-01
38 3.337300e-01
39 3.337260e-01
40 3.337230e-01
41 3.337200e-01
42 3.337160e-01
43 3.337130e-01
44 3.337090e-01
45 3.337050e-01
46 3.337020e-01
47 3.336980e-01
48 3.336940e-01
49 3.336900e-01
50 3.336860e-01
51 3.336810e-01
52 3.336770e-01
53 3.336730e-01
54 3.336680e-01
55 3.336630e-01
56 3.336590e-01
57 3.336540e-01
58 3.336490e-01
59 3.336440e-01
60 3.336390e-01
61 3.336330e-01
62 3.336280e-01
63 3.336220e-01
64 3.336160e-01
65 3.336110e-01
66 3.336050e-01
67 3.335980e-01
68 3.335920e-01
69 3.335860e-01
70 3.335790e-01
71 3.335720e-01
72 3.335660e-01
73 3.335580e-01
74 3.335510e-01
75 3.335440e-01
76 3.335360e-01
77 3.335290e-01
78 3.335210e-01
79 3.335130e-01
80 3.335040e-01
81 3.334960e-01
82 3.334870e-01
83 3.334780e-01
84 3.334690e-01
85 3.334600e-01
86 3.334510e-01
87 3.334410e-01
88 3.334310e-01
89 3.334210e-01
90 3.334100e-01
91 3.334000e-01
92 3.333890e-01
93 3.333780e-01
94 3.333660e-01
95 3.333550e-01
96 3.333430e-01
97 3.333300e-01
98 3.333180e-01
99 3.333050e-01
100 3.332920e-01
101 3.332790e-01
102 3.332650e-01
103 3.332510e-01
104 3.332370e-01
105 3.332220e-01
106 3.332070e-01
107 3.331910e-01
108 3.331760e-01
109 3.331600e-01
110 3.331430e-01
111 3.331260e-01
112 3.331090e-01
113 3.330910e-01
114 3.330730e-01
115 3.330550e-01
116 3.330360e-01
117 3.330160e-01
118 3.329970e-01
119 3.329760e-01
120 3.329550e-01
121 3.329340e-01
122 3.329120e-01
123 3.328900e-01
124 3.328670e-01
125 3.328440e-01
126 3.328200e-01
127 3.327960e-01
128 3.327710e-01
129 3.327450e-01
130 3.327190e-01
131 3.326930e-01
132 3.326650e-01
133 3.326370e-01
134 3.326090e-01
135 3.325790e-01
136 3.325490e-01
137 3.325180e-01
138 3.324870e-01
139 3.324550e-01
140 3.324220e-01
141 3.323880e-01
142 3.323540e-01
143 3.323190e-01
144 3.322830e-01
145 3.322460e-01
146 3.322080e-01
147 3.321690e-01
148 3.321300e-01
149 3.320890e-01
150 3.320480e-01
151 3.320050e-01
152 3.319620e-01
153 3.319180e-01
154 3.318720e-01
155 3.318260e-01
156 3.317780e-01
157 3.317290e-01
158 3.316800e-01
159 3.316290e-01
160 3.315760e-01
161 3.315230e-01
162 3.314680e-01
163 3.314130e-01
164 3.313550e-01
165 3.312970e-01
166 3.312370e-01
167 3.311760e-01
168 3.311130e-01
169 3.310490e-01
170 3.309830e-01
171 3.309160e-01
172 3.308470e-01
173 3.307770e-01
174 3.307050e-01
175 3.306310e-01
176 3.305560e-01
177 3.304790e-01
178 3.304000e-01
179 3.303190e-01
180 3.302360e-01
181 3.301520e-01
182 3.300650e-01
183 3.299770e-01
184 3.298860e-01
185 3.297930e-01
186 3.296980e-01
187 3.296010e-01
188 3.295020e-01
189 3.294000e-01
190 3.292960e-01
191 3.291900e-01
192 3.290810e-01
193 3.289690e-01
194 3.288550e-01
195 3.287380e-01
196 3.286190e-01
197 3.284970e-01
198 3.283720e-01
199 3.282440e-01
200 3.281130e-01
201 3.279790e-01
202 3.278410e-01
203 3.277010e-01
204 3.275570e-01
205 3.274100e-01
206 3.272600e-01
207 3.271060e-01
208 3.269490e-01
209 3.267870e-01
210 3.266220e-01
211 3.264540e-01
212 3.262810e-01
213 3.261040e-01
214 3.259230e-01
215 3.257380e-01
216 3.255490e-01
217 3.253550e-01
218 3.251570e-01
219 3.249540e-01
220 3.247470e-01
221 3.245340e-01
222 3.243170e-01
223 3.240940e-01
224 3.238670e-01
225 3.236340e-01
226 3.233950e-01
227 3.231510e-01
228 3.229020e-01
229 3.226460e-01
230 3.223850e-01
231 3.221170e-01
232 3.218440e-01
233 3.215640e-01
234 3.212770e-01
235 3.209840e-01
236 3.206840e-01
237 3.203770e-01
238 3.200620e-01
239 3.197410e-01
240 3.194120e-01
241 3.190750e-01
242 3.187300e-01
243 3.183780e-01
244 3.180170e-01
245 3.176480e-01
246 3.172700e-01
247 3.168830e-01
248 3.164880e-01
249 3.160830e-01
250 3.156690e-01
251 3.152450e-01
252 3.148110e-01
253 3.143670e-01
254 3.139130e-01
255 3.134480e-01
256 3.129720e-01
257 3.124860e-01
258 3.119880e-01
259 3.114780e-01
260 3.109570e-01
261 3.104230e-01
262 3.098770e-01
263 3.093180e-01
264 3.087460e-01
265 3.081610e-01
266 3.075620e-01
267 3.069490e-01
268 3.063220e-01
269 3.056810e-01
270 3.050240e-01
271 3.043520e-01
272 3.036650e-01
273 3.029610e-01
274 3.022420e-01
275 3.015050e-01
276 3.007510e-01
277 2.999800e-01
278 2.991900e-01
279 2.983830e-01
280 2.975560e-01
281 2.967100e-01
282 2.958450e-01
283 2.949590e-01
284 2.940530e-01
285 2.931250e-01
286 2.921760e-01
287 2.912050e-01
288 2.902110e-01
289 2.891950e-01
290 2.881540e-01
291 2.870890e-01
292 2.860000e-01
293 2.848850e-01
294 2.837440e-01
295 2.825760e-01
296 2.813810e-01
297 2.801590e-01
298 2.789080e-01
299 2.776280e-01
300 2.763180e-01
301 2.749770e-01
302 2.736050e-01
303 2.722020e-01
304 2.707650e-01
305 2.692960e-01
306 2.677910e-01
307 2.662520e-01
308 2.646770e-01
309 2.630660e-01
310 2.614170e-01
311 2.597290e-01
312 2.580020e-01
313 2.562350e-01
314 2.544270e-01
315 2.525760e-01
316 2.506830e-01
317 2.487450e-01
318 2.467620e-01
319 2.447330e-01
320 2.426570e-01
321 2.405330e-01
322 2.383590e-01
323 2.361340e-01
324 2.338570e-01
325 2.315280e-01
326 2.291440e-01
327 2.267050e-01
328 2.242090e-01
329 2.216540e-01
330 2.190410e-01
331 2.164350e-01
332 2.138730e-01
333 2.112510e-01
334 2.085680e-01
335 2.058230e-01
336 2.030140e-01
337 2.001400e-01
338 1.971980e-01
339 1.941880e-01
340 1.911080e-01
341 1.879570e-01
342 1.847310e-01
343 1.814310e-01
344 1.780540e-01
345 1.745980e-01
346 1.710620e-01
347 1.674430e-01
348 1.637400e-01
349 1.599500e-01
350 1.560730e-01
351 1.521050e-01
352 1.480450e-01
353 1.438900e-01
354 1.396380e-01
355 1.352870e-01
356 1.308350e-01
357 1.262800e-01
358 1.216180e-01
359 1.168470e-01
360 1.119660e-01
361 1.069700e-01
362 1.018590e-01
363 9.662810e-02
364 9.127560e-02
365 8.579840e-02
366 8.019360e-02
367 7.445830e-02
368 6.858930e-02
369 6.258370e-02
370 5.647230e-02
371 5.405240e-02
372 5.420060e-02
373 5.435230e-02
374 5.450750e-02
375 5.466640e-02
376 5.482890e-02
377 5.499530e-02
378 5.516540e-02
379 5.533960e-02
380 5.551780e-02
381 5.570020e-02
382 5.588680e-02
383 5.607780e-02
384 5.627320e-02
385 5.647320e-02
386 5.667780e-02
387 5.688720e-02
388 5.706870e-02
389 5.705120e-02
390 5.699830e-02
391 5.694420e-02
392 5.688890e-02
393 5.683220e-02
394 5.677430e-02
395 5.671500e-02
396 5.665430e-02
397 5.659210e-02
398 5.652860e-02
399 5.646350e-02
400 5.639700e-02
401 5.731810e-02
402 5.925830e-02
403 6.124370e-02
404 6.327530e-02
405 6.535420e-02
406 6.748150e-02
407 6.965840e-02
408 7.188600e-02
409 7.416540e-02
410 7.649800e-02
411 7.888490e-02
412 8.132740e-02
413 8.382680e-02
414 8.638440e-02
415 8.900160e-02
416 9.167970e-02
417 9.442030e-02
418 9.726450e-02
419 1.005630e-01
420 1.040380e-01
421 1.075930e-01
422 1.112320e-01
423 1.149550e-01
424 1.187640e-01
425 1.226630e-01
426 1.266520e-01
427 1.307340e-01
428 1.349110e-01
429 1.391860e-01
430 1.475450e-01
431 1.601740e-01
432 1.730990e-01
433 1.863250e-01
434 1.998590e-01
435 2.137090e-01
436 2.278800e-01
437 2.423810e-01
438 2.572210e-01
439 2.723600e-01
440 2.800510e-01
441 2.821710e-01
442 2.843420e-01
443 2.865630e-01
444 2.888360e-01
445 2.911620e-01
446 2.935410e-01
447 2.959770e-01
448 2.984690e-01
449 3.010190e-01
450 3.036280e-01
451 3.062980e-01
452 3.091550e-01
453 3.127000e-01
454 3.164150e-01
455 3.202170e-01
456 3.241070e-01
457 3.280890e-01
458 3.321620e-01
459 3.363300e-01
460 3.405960e-01
461 3.449620e-01
462 3.494280e-01
463 3.539990e-01
464 3.586770e-01
465 3.634630e-01
466 3.683600e-01
467 3.733720e-01
468 3.785000e-01
469 3.837480e-01
470 3.891180e-01
471 3.946150e-01
472 4.002380e-01
473 4.059920e-01
474 4.118800e-01
475 4.074920e-01
476 4.025800e-01
477 4.038630e-01
478 4.051760e-01
479 4.065210e-01
480 4.078960e-01
481 4.093030e-01
482 4.107430e-01
483 4.122170e-01
484 4.137250e-01
485 4.152680e-01
486 4.168470e-01
487 4.184630e-01
488 4.201160e-01
489 4.218080e-01
490 4.235980e-01
491 4.257650e-01
492 4.280380e-01
493 4.303620e-01
494 4.327420e-01
495 4.351770e-01
496 4.376680e-01
497 4.402170e-01
498 4.428250e-01
499 4.456700e-01
500 4.509990e-01
