1 5.606000e-02
2 5.606050e-02
3 5.606110e-02
4 5.606170e-02
5 5.606220e-02
6 5.606280e-02
7 5.606340e-02
8 5.606400e-02
9 5.606470e-02
10 5.606530e-02
11 5.606600e-02
12 5.606660e-02
13 5.606730e-02
14 5.606800e-02
15 5.606880e-02
16 5.606950e-02
17 5.607020e-02
18 5.607100e-02
19 5.607180e-02
20 5.607260e-02
21 5.607340e-02
22 5.607430e-02
23 5.607520e-02
24 5.607600e-02
25 5.607700e-02
26 5.607790e-02
27 5.607880e-02
28 5.607980e-02
29 5.608080e-02
30 5.608180e-02
31 5.608280e-02
32 5.608390e-02
33 5.608500e-02
34 5.608610e-02
35 5.608730e-02
36 5.608850e-02
37 5.608970e-02
38 5.609090e-02
39 5.609210e-02
40 5.609340e-02
41 5.609470e-02
42 5.609610e-02
43 5.609740e-02
44 5.609890e-02
45 5.610030e-02
46 5.610170e-02
47 5.610330e-02
48 5.610480e-02
49 5.610640e-02
50 5.610800e-02
51 5.610970e-02
52 5.611140e-02
53 5.611310e-02
54 5.611490e-02
55 5.611660e-02
56 5.611850e-02
57 5.612040e-02
58 5.612240e-02
59 5.612440e-02
60 5.612640e-02
61 5.612850e-02
62 5.613060e-02
63 5.613280e-02
64 5.613500e-02
65 5.613730e-02
66 5.613960e-02
67 5.614200e-02
68 5.614440e-02
69 5.614690e-02
70 5.614950e-02
71 5.615210e-02
72 5.615480e-02
73 5.615760e-02
74 5.616040e-02
75 5.616320e-02
76 5.616620e-02
77 5.616920e-02
78 5.617230e-02
79 5.617540e-02
80 5.617860e-02
81 5.618200e-02
82 5.618530e-02
83 5.618880e-02
84 5.619230e-02
85 5.619590e-02
86 5.619960e-02
87 5.620340e-02
88 5.620730e-02
89 5.621120e-02
90 5.621530e-02
91 5.621950e-02
92 5.622370e-02
93 5.622810e-02
94 5.623250e-02
95 5.623710e-02
96 5.624170e-02
97 5.624650e-02
98 5.625140e-02
99 5.625640e-02
100 5.626150e-02
101 5.626670e-02
102 5.627200e-02
103 5.627740e-02
104 5.628300e-02
105 5.628880e-02
106 5.629460e-02
107 5.630060e-02
108 5.630670e-02
109 5.631290e-02
110 5.631930e-02
111 5.632590e-02
112 5.633260e-02
113 5.633940e-02
114 5.634650e-02
115 5.635370e-02
116 5.636100e-02
117 5.636850e-02
118 5.637620e-02
119 5.638410e-02
120 5.639220e-02
121 5.640040e-02
122 5.640890e-02
123 5.641750e-02
124 5.642630e-02
125 5.643530e-02
126 5.644460e-02
127 5.645410e-02
128 5.646370e-02
129 5.647370e-02
130 5.648380e-02
131 5.649420e-02
132 5.650480e-02
133 5.651570e-02
134 5.652680e-02
135 5.653820e-02
136 5.654990e-02
137 5.656180e-02
138 5.657400e-02
139 5.658650e-02
140 5.659920e-02
141 5.661230e-02
142 5.662570e-02
143 5.663940e-02
144 5.665340e-02
145 5.666770e-02
146 5.668240e-02
147 5.669740e-02
148 5.671270e-02
149 5.672840e-02
150 5.674450e-02
151 5.676100e-02
152 5.677780e-02
153 5.679500e-02
154 5.681270e-02
155 5.683070e-02
156 5.684920e-02
157 5.686810e-02
158 5.688740e-02
159 5.690720e-02
160 5.692740e-02
161 5.694820e-02
162 5.696940e-02
163 5.699110e-02
164 5.701320e-02
165 5.703600e-02
166 5.705920e-02
167 5.708300e-02
168 5.710730e-02
169 5.713220e-02
170 5.715770e-02
171 5.718370e-02
172 5.721010e-02
173 5.723720e-02
174 5.726480e-02
175 5.729320e-02
176 5.732220e-02
177 5.735180e-02
178 5.738210e-02
179 5.741320e-02
180 5.744500e-02
181 5.747760e-02
182 5.751080e-02
183 5.754490e-02
184 5.757980e-02
185 5.761540e-02
186 5.765190e-02
187 5.768930e-02
188 5.772750e-02
189 5.776660e-02
190 5.780660e-02
191 5.784750e-02
192 5.788940e-02
193 5.793230e-02
194 5.797620e-02
195 5.802110e-02
196 5.806700e-02
197 5.811410e-02
198 5.816210e-02
199 5.821140e-02
200 5.826180e-02
201 5.831300e-02
202 5.836510e-02
203 5.841850e-02
204 5.847310e-02
205 5.852900e-02
206 5.858610e-02
207 5.864460e-02
208 5.870450e-02
209 5.876580e-02
210 5.882840e-02
211 5.889260e-02
212 5.895830e-02
213 5.902540e-02
214 5.909420e-02
215 5.916450e-02
216 5.923650e-02
217 5.931010e-02
218 5.938540e-02
219 5.946190e-02
220 5.954010e-02
221 5.962010e-02
222 5.970200e-02
223 5.978570e-02
224 5.987140e-02
225 5.995910e-02
226 6.004890e-02
227 6.014080e-02
228 6.023470e-02
229 6.033090e-02
230 6.042930e-02
231 6.052960e-02
232 6.063150e-02
233 6.073580e-02
234 6.084250e-02
235 6.095180e-02
236 6.106360e-02
237 6.117790e-02
238 6.129490e-02
239 6.141470e-02
240 6.153720e-02
241 6.166180e-02
242 6.178900e-02
243 6.191910e-02
244 6.205220e-02
245 6.218850e-02
246 6.232790e-02
247 6.247060e-02
248 6.261650e-02
249 6.276450e-02
250 6.291550e-02
251 6.307010e-02
252 6.322820e-02
253 6.339000e-02
254 6.355560e-02
255 6.372470e-02
256 6.389670e-02
257 6.407250e-02
258 6.425240e-02
259 6.443640e-02
260 6.462480e-02
261 6.481670e-02
262 6.501130e-02
263 6.521030e-02
264 6.541400e-02
265 6.562240e-02
266 6.583570e-02
267 6.605400e-02
268 6.627730e-02
269 6.650580e-02
270 6.673970e-02
271 6.697600e-02
272 6.721580e-02
273 6.746120e-02
274 6.771220e-02
275 6.796920e-02
276 6.823210e-02
277 6.850110e-02
278 6.877630e-02
279 6.905410e-02
280 6.933640e-02
281 6.962530e-02
282 6.992100e-02
283 7.022350e-02
284 7.053310e-02
285 7.084900e-02
286 7.116740e-02
287 7.149220e-02
288 7.182470e-02
289 7.216480e-02
290 7.251290e-02
291 7.286730e-02
292 7.322470e-02
293 7.359010e-02
294 7.396390e-02
295 7.434640e-02
296 7.473660e-02
297 7.513010e-02
298 7.553210e-02
299 7.594340e-02
300 7.636430e-02
301 7.678190e-02
302 7.719600e-02
303 7.761980e-02
304 7.805350e-02
305 7.849720e-02
306 7.895130e-02
307 7.941590e-02
308 7.989140e-02
309 8.037800e-02
310 8.087590e-02
311 8.138540e-02
312 8.190670e-02
313 8.244020e-02
314 8.298620e-02
315 8.354480e-02
316 8.411650e-02
317 8.470140e-02
318 8.529540e-02
319 8.585830e-02
320 8.642300e-02
321 8.700080e-02
322 8.759200e-02
323 8.819700e-02
324 8.881620e-02
325 8.944970e-02
326 9.009800e-02
327 9.076140e-02
328 9.144020e-02
329 9.213490e-02
330 9.284570e-02
331 9.354420e-02
332 9.421610e-02
333 9.490320e-02
334 9.560640e-02
335 9.632590e-02
336 9.706210e-02
337 9.781560e-02
338 9.858650e-02
339 9.937550e-02
340 1.001810e-01
341 1.009490e-01
342 1.017070e-01
343 1.024830e-01
344 1.032770e-01
345 1.040900e-01
346 1.049210e-01
347 1.057720e-01
348 1.066390e-01
349 1.074620e-01
350 1.082810e-01
351 1.091200e-01
352 1.099770e-01
353 1.108550e-01
354 1.117530e-01
355 1.126550e-01
356 1.135000e-01
357 1.143570e-01
358 1.152340e-01
359 1.161310e-01
360 1.170490e-01
361 1.179410e-01
362 1.187530e-01
363 1.195800e-01
364 1.204260e-01
365 1.212920e-01
366 1.221790e-01
367 1.230860e-01
368 1.240140e-01
369 1.249630e-01
370 1.259340e-01
371 1.267920e-01
372 1.275780e-01
373 1.283830e-01
374 1.292060e-01
375 1.300480e-01
376 1.309090e-01
377 1.317910e-01
378 1.326900e-01
379 1.334520e-01
380 1.341510e-01
381 1.348670e-01
382 1.355990e-01
383 1.363480e-01
384 1.371150e-01
385 1.378700e-01
386 1.384540e-01
387 1.390190e-01
388 1.395970e-01
389 1.401880e-01
390 1.407940e-01
391 1.413510e-01
392 1.417350e-01
393 1.421160e-01
394 1.425050e-01
395 1.429030e-01
396 1.432680e-01
397 1.434430e-01
398 1.435990e-01
399 1.437580e-01
400 1.439200e-01
401 1.439460e-01
402 1.438300e-01
403 1.437110e-01
404 1.435890e-01
405 1.433830e-01
406 1.430360e-01
407 1.426150e-01
408 1.420980e-01
409 1.414780e-01
410 1.407680e-01
411 1.399270e-01
412 1.389970e-01
413 1.379200e-01
414 1.367240e-01
415 1.353900e-01
416 1.338850e-01
417 1.322340e-01
418 1.304050e-01
419 1.283740e-01
420 1.261480e-01
421 1.237040e-01
422 1.210040e-01
423 1.180250e-01
424 1.147480e-01
425 1.111210e-01
426 1.070730e-01
427 1.025000e-01
428 9.721920e-02
429 9.081370e-02
430 8.203190e-02
431 6.720980e-02
432 4.396530e-02
433 1.063780e-01
434 8.279590e-02
435 7.087280e-02
436 6.077390e-02
437 5.106720e-02
438 4.128760e-02
439 3.126540e-02
440 2.101180e-02
441 1.069920e-02
442 6.692640e-04
443 0.000000e+00
444 0.000000e+00
445 4.793890e-04
446 0.000000e+00
447 3.225140e-02
448 1.439130e-01
449 0.000000e+00
450 0.000000e+00
451 0.000000e+00
452 0.000000e+00
453 6.410740e-03
454 2.719320e-02
455 4.740370e-02
456 6.558120e-02
457 8.048260e-02
458 9.088770e-02
459 9.543700e-02
460 9.217080e-02
461 7.978190e-02
462 9.010070e-02
463 3.392940e-01
464 4.776600e-01
465 4.006380e-01
466 3.540650e-01
467 3.306720e-01
468 3.180290e-01
469 3.121830e-01
470 2.969120e-01
471 2.907110e-01
472 2.900950e-01
473 3.124780e-01
474 3.348750e-01
475 3.091480e-01
476 3.046720e-01
477 2.869490e-01
478 2.676440e-01
479 2.467070e-01
480 2.225260e-01
481 3.209330e-01
482 4.088480e-01
483 3.269300e-01
484 2.820270e-01
485 2.877260e-01
486 3.924480e-01
487 5.801550e-01
488 4.688660e-01
489 2.720060e-01
490 3.478410e-01
491 5.135130e-01
492 5.125150e-01
493 4.991820e-01
494 4.742330e-01
495 4.391560e-01
496 4.155760e-01
497 4.463940e-01
498 4.849700e-01
499 5.240600e-01
500 5.629920e-01
