1 5.596980e-05
2 5.551830e-05
3 5.505650e-05
4 5.458390e-05
5 5.410020e-05
6 5.360530e-05
7 5.309890e-05
8 5.258070e-05
9 5.205040e-05
10 5.150780e-05
11 5.095240e-05
12 5.038420e-05
13 4.980280e-05
14 4.920770e-05
15 4.859880e-05
16 4.797590e-05
17 4.733830e-05
18 4.670510e-05
19 4.624630e-05
20 4.582470e-05
21 4.539320e-05
22 4.495180e-05
23 4.450000e-05
24 4.403760e-05
25 4.356460e-05
26 4.308050e-05
27 4.258510e-05
28 4.207830e-05
29 4.155950e-05
30 4.102870e-05
31 4.058340e-05
32 4.027310e-05
33 3.995680e-05
34 3.963330e-05
35 3.930210e-05
36 3.896320e-05
37 3.861660e-05
38 3.826170e-05
39 3.789860e-05
40 3.752710e-05
41 3.714690e-05
42 3.675790e-05
43 3.635980e-05
44 3.595240e-05
45 3.553550e-05
46 3.510890e-05
47 3.467250e-05
48 3.422570e-05
49 3.376870e-05
50 3.330100e-05
51 3.282230e-05
52 3.241190e-05
53 3.215070e-05
54 3.188780e-05
55 3.161880e-05
56 3.134350e-05
57 3.106170e-05
58 3.077350e-05
59 3.047850e-05
60 3.017660e-05
61 2.986770e-05
62 2.955170e-05
63 2.922820e-05
64 2.889720e-05
65 2.855860e-05
66 2.821200e-05
67 2.785730e-05
68 2.749440e-05
69 2.712310e-05
70 2.674360e-05
71 2.642900e-05
72 2.615760e-05
73 2.587990e-05
74 2.559560e-05
75 2.534230e-05
76 2.512670e-05
77 2.490620e-05
78 2.468050e-05
79 2.444960e-05
80 2.421320e-05
81 2.397140e-05
82 2.372400e-05
83 2.347070e-05
84 2.321160e-05
85 2.294650e-05
86 2.267510e-05
87 2.239750e-05
88 2.211340e-05
89 2.182290e-05
90 2.158530e-05
91 2.138840e-05
92 2.118680e-05
93 2.098060e-05
94 2.076960e-05
95 2.055360e-05
96 2.033260e-05
97 2.010650e-05
98 1.987510e-05
99 1.963830e-05
100 1.939600e-05
101 1.919830e-05
102 1.904660e-05
103 1.889150e-05
104 1.873270e-05
105 1.857020e-05
106 1.840400e-05
107 1.823390e-05
108 1.805980e-05
109 1.788160e-05
110 1.770150e-05
111 1.755010e-05
112 1.740630e-05
113 1.725910e-05
114 1.710850e-05
115 1.695430e-05
116 1.679660e-05
117 1.663520e-05
118 1.647370e-05
119 1.634340e-05
120 1.621890e-05
121 1.609160e-05
122 1.596130e-05
123 1.582790e-05
124 1.569150e-05
125 1.555190e-05
126 1.540900e-05
127 1.526280e-05
128 1.511320e-05
129 1.496010e-05
130 1.480340e-05
131 1.467670e-05
132 1.459670e-05
133 1.451540e-05
134 1.443220e-05
135 1.434710e-05
136 1.425990e-05
137 1.417070e-05
138 1.407950e-05
139 1.398610e-05
140 1.389060e-05
141 1.379280e-05
142 1.369280e-05
143 1.359040e-05
144 1.348570e-05
145 1.339680e-05
146 1.332020e-05
147 1.324180e-05
148 1.316150e-05
149 1.307940e-05
150 1.299540e-05
151 1.290940e-05
152 1.282140e-05
153 1.273130e-05
154 1.263920e-05
155 1.255030e-05
156 1.248220e-05
157 1.241520e-05
158 1.234650e-05
159 1.227630e-05
160 1.220450e-05
161 1.213090e-05
162 1.205570e-05
163 1.197870e-05
164 1.189990e-05
165 1.181930e-05
166 1.173680e-05
167 1.165240e-05
168 1.156600e-05
169 1.147760e-05
170 1.138750e-05
171 1.133550e-05
172 1.130990e-05
173 1.128360e-05
174 1.125680e-05
175 1.122940e-05
176 1.120130e-05
177 1.117250e-05
178 1.114310e-05
179 1.111300e-05
180 1.108220e-05
181 1.105070e-05
182 1.101850e-05
183 1.098550e-05
184 1.095170e-05
185 1.091710e-05
186 1.088180e-05
187 1.084560e-05
188 1.081000e-05
189 1.078280e-05
190 1.075650e-05
191 1.072960e-05
192 1.070210e-05
193 1.067390e-05
194 1.064510e-05
195 1.061560e-05
196 1.058540e-05
197 1.055460e-05
198 1.052300e-05
199 1.049060e-05
200 1.045750e-05
201 1.044550e-05
202 1.045530e-05
203 1.046520e-05
204 1.047540e-05
205 1.048590e-05
206 1.049660e-05
207 1.050750e-05
208 1.051870e-05
209 1.053020e-05
210 1.054190e-05
211 1.055390e-05
212 1.056620e-05
213 1.057870e-05
214 1.059160e-05
215 1.060470e-05
216 1.061820e-05
217 1.063200e-05
218 1.064580e-05
219 1.065700e-05
220 1.066770e-05
221 1.067870e-05
222 1.068990e-05
223 1.070140e-05
224 1.071320e-05
225 1.072520e-05
226 1.073750e-05
227 1.075010e-05
228 1.076300e-05
229 1.077620e-05
230 1.078970e-05
231 1.082030e-05
232 1.087670e-05
233 1.093320e-05
234 1.098790e-05
235 1.104370e-05
236 1.110080e-05
237 1.115930e-05
238 1.121910e-05
239 1.128030e-05
240 1.134280e-05
241 1.140120e-05
242 1.145830e-05
243 1.151680e-05
244 1.157660e-05
245 1.163790e-05
246 1.170050e-05
247 1.176470e-05
248 1.182990e-05
249 1.189100e-05
250 1.195130e-05
251 1.201310e-05
252 1.207630e-05
253 1.214100e-05
254 1.220720e-05
255 1.227370e-05
256 1.233630e-05
257 1.239980e-05
258 1.246470e-05
259 1.253120e-05
260 1.259920e-05
261 1.266600e-05
262 1.272820e-05
263 1.279160e-05
264 1.285660e-05
265 1.292300e-05
266 1.299100e-05
267 1.306060e-05
268 1.313180e-05
269 1.320470e-05
270 1.327940e-05
271 1.337190e-05
272 1.347770e-05
273 1.358580e-05
274 1.369660e-05
275 1.380980e-05
276 1.392580e-05
277 1.404440e-05
278 1.416560e-05
279 1.428130e-05
280 1.439540e-05
281 1.451230e-05
282 1.463180e-05
283 1.475410e-05
284 1.487930e-05
285 1.500630e-05
286 1.512960e-05
287 1.525450e-05
288 1.538170e-05
289 1.550770e-05
290 1.563590e-05
291 1.576530e-05
292 1.589230e-05
293 1.602180e-05
294 1.615440e-05
295 1.629000e-05
296 1.642740e-05
297 1.656180e-05
298 1.669840e-05
299 1.683800e-05
300 1.697740e-05
301 1.710630e-05
302 1.722560e-05
303 1.734770e-05
304 1.747260e-05
305 1.760040e-05
306 1.773120e-05
307 1.786510e-05
308 1.800210e-05
309 1.814220e-05
310 1.828560e-05
311 1.843240e-05
312 1.858260e-05
313 1.873620e-05
314 1.889350e-05
315 1.905440e-05
316 1.921910e-05
317 1.938760e-05
318 1.955730e-05
319 1.970470e-05
320 1.984880e-05
321 1.999630e-05
322 2.014720e-05
323 2.030160e-05
324 2.045960e-05
325 2.062130e-05
326 2.078670e-05
327 2.095610e-05
328 2.112930e-05
329 2.130660e-05
330 2.148800e-05
331 2.160200e-05
332 2.161210e-05
333 2.162150e-05
334 2.163110e-05
335 2.164090e-05
336 2.165090e-05
337 2.166120e-05
338 2.167170e-05
339 2.168240e-05
340 2.169340e-05
341 2.170320e-05
342 2.171260e-05
343 2.172230e-05
344 2.173210e-05
345 2.174220e-05
346 2.175250e-05
347 2.176300e-05
348 2.177370e-05
349 2.178350e-05
350 2.179310e-05
351 2.180290e-05
352 2.181290e-05
353 2.182320e-05
354 2.183370e-05
355 2.184420e-05
356 2.185390e-05
357 2.186360e-05
358 2.187360e-05
359 2.188390e-05
360 2.189440e-05
361 2.190450e-05
362 2.191380e-05
363 2.192320e-05
364 2.193280e-05
365 2.194270e-05
366 2.195280e-05
367 2.196310e-05
368 2.197370e-05
369 2.198450e-05
370 2.199550e-05
371 2.200180e-05
372 2.200490e-05
373 2.200810e-05
374 2.201140e-05
375 2.201470e-05
376 2.201810e-05
377 2.202160e-05
378 2.202510e-05
379 2.202840e-05
380 2.203150e-05
381 2.203480e-05
382 2.203810e-05
383 2.204150e-05
384 2.204490e-05
385 2.204840e-05
386 2.205160e-05
387 2.205480e-05
388 2.205810e-05
389 2.206150e-05
390 2.206490e-05
391 2.206830e-05
392 2.207160e-05
393 2.207480e-05
394 2.207810e-05
395 2.208160e-05
396 2.208500e-05
397 2.208820e-05
398 2.209150e-05
399 2.209480e-05
400 2.209830e-05
401 2.210030e-05
402 2.210080e-05
403 2.210130e-05
404 2.210190e-05
405 2.210240e-05
406 2.210300e-05
407 2.210350e-05
408 2.210400e-05
409 2.210460e-05
410 2.210510e-05
411 2.210570e-05
412 2.210620e-05
413 2.210670e-05
414 2.210730e-05
415 2.210780e-05
416 2.210840e-05
417 2.210890e-05
418 2.210940e-05
419 2.211000e-05
420 2.211050e-05
421 2.211100e-05
422 2.211160e-05
423 2.211210e-05
424 2.211270e-05
425 2.211320e-05
426 2.211370e-05
427 2.211430e-05
428 2.211480e-05
429 2.211540e-05
430 2.211590e-05
431 2.211650e-05
432 2.211700e-05
433 2.211750e-05
434 2.211810e-05
435 2.211860e-05
436 2.211910e-05
437 2.211970e-05
438 2.212020e-05
439 2.212080e-05
440 2.212130e-05
441 2.212180e-05
442 2.212240e-05
443 2.212290e-05
444 2.212350e-05
445 2.212400e-05
446 2.212450e-05
447 2.212510e-05
448 2.212560e-05
449 2.212620e-05
450 2.212670e-05
451 2.212720e-05
452 2.212780e-05
453 2.212830e-05
454 2.212890e-05
455 2.212940e-05
456 2.212990e-05
457 2.213050e-05
458 2.213100e-05
459 2.213150e-05
460 2.213210e-05
461 2.213260e-05
462 2.213320e-05
463 2.213370e-05
464 2.213430e-05
465 2.213480e-05
466 2.213530e-05
467 2.213590e-05
468 2.213640e-05
469 2.213690e-05
470 2.214150e-05
471 2.260300e-05
472 2.339440e-05
473 2.421380e-05
474 2.507360e-05
475 2.655100e-05
476 2.845680e-05
477 3.049930e-05
478 3.268240e-05
479 3.478640e-05
480 3.690210e-05
481 3.914620e-05
482 4.155980e-05
483 4.459880e-05
484 4.802090e-05
485 5.164000e-05
486 5.510530e-05
487 5.872650e-05
488 6.258550e-05
489 6.654700e-05
490 7.027680e-05
491 7.410430e-05
492 7.790400e-05
493 8.188220e-05
494 8.606350e-05
495 8.842600e-05
496 8.816140e-05
497 8.787050e-05
498 8.757890e-05
499 8.728820e-05
500 8.612190e-05
