1 1 5.335860e-01
1 2 1.988720e-01
1 3 2.628870e-01
1 4 3.123260e-01
1 5 3.851560e-01
1 6 4.659760e-01
1 7 5.552770e-01
1 8 6.558480e-01
1 9 7.565430e-01
1 10 8.608050e-01
1 11 9.482470e-01
1 12 1.010900e+00
1 13 1.032010e+00
1 14 1.000530e+00
1 15 9.038060e-01
1 16 7.516620e-01
1 17 5.612780e-01
1 18 3.667100e-01
1 19 2.025370e-01
1 20 9.082190e-02
1 21 3.131460e-02
1 22 7.793410e-03
1 23 1.290780e-03
1 24 1.289630e-04
1 25 7.901710e-06
1 26 5.149730e-07
1 27 0.000000e+00
1 28 0.000000e+00
1 29 0.000000e+00
1 30 0.000000e+00
1 31 0.000000e+00
1 32 0.000000e+00
1 33 0.000000e+00
1 34 0.000000e+00
1 35 0.000000e+00
1 36 0.000000e+00
1 37 0.000000e+00
1 38 0.000000e+00
1 39 0.000000e+00
1 40 0.000000e+00
2 1 4.250140e-01
2 2 1.712010e-01
2 3 2.339830e-01
2 4 2.828640e-01
2 5 3.495880e-01
2 6 4.231300e-01
2 7 5.044980e-01
2 8 5.962820e-01
2 9 6.884180e-01
2 10 7.841380e-01
2 11 8.649160e-01
2 12 9.236500e-01
2 13 9.448300e-01
2 14 9.184100e-01
2 15 8.323360e-01
2 16 6.949750e-01
2 17 5.215430e-01
2 18 3.428290e-01
2 19 1.907700e-01
2 20 8.632740e-02
2 21 3.009360e-02
2 22 7.588740e-03
2 23 1.276710e-03
2 24 1.299370e-04
2 25 8.110940e-06
2 26 5.343040e-07
2 27 0.000000e+00
2 28 0.000000e+00
2 29 0.000000e+00
2 30 0.000000e+00
2 31 0.000000e+00
2 32 0.000000e+00
2 33 0.000000e+00
2 34 0.000000e+00
2 35 0.000000e+00
2 36 0.000000e+00
2 37 0.000000e+00
2 38 0.000000e+00
2 39 0.000000e+00
2 40 0.000000e+00
3 1 3.322760e-01
3 2 1.412640e-01
3 3 2.018250e-01
3 4 2.535940e-01
3 5 3.179490e-01
3 6 3.853090e-01
3 7 4.597110e-01
3 8 5.438040e-01
3 9 6.284780e-01
3 10 7.168290e-01
3 11 7.919520e-01
3 12 8.474360e-01
3 13 8.690900e-01
3 14 8.474580e-01
3 15 7.710950e-01
3 16 6.469800e-01
3 17 4.884650e-01
3 18 3.234610e-01
3 19 1.816280e-01
3 20 8.309470e-02
3 21 2.935110e-02
3 22 7.518770e-03
3 23 1.288750e-03
3 24 1.340700e-04
3 25 8.554620e-06
3 26 5.705830e-07
3 27 0.000000e+00
3 28 0.000000e+00
3 29 0.000000e+00
3 30 0.000000e+00
3 31 0.000000e+00
3 32 0.000000e+00
3 33 0.000000e+00
3 34 0.000000e+00
3 35 0.000000e+00
3 36 0.000000e+00
3 37 0.000000e+00
3 38 0.000000e+00
3 39 0.000000e+00
3 40 0.000000e+00
4 1 2.522540e-01
4 2 1.108230e-01
4 3 1.655360e-01
4 4 2.199700e-01
4 5 2.877830e-01
4 6 3.525560e-01
4 7 4.210440e-01
4 8 4.985760e-01
4 9 5.769480e-01
4 10 6.591100e-01
4 11 7.296400e-01
4 12 7.826300e-01
4 13 8.051200e-01
4 14 7.881460e-01
4 15 7.205310e-01
4 16 6.081520e-01
4 17 4.624570e-01
4 18 3.089650e-01
4 19 1.753630e-01
4 20 8.127410e-02
4 21 2.915620e-02
4 22 7.607100e-03
4 23 1.332330e-03
4 24 1.421240e-04
4 25 9.293950e-06
4 26 6.281100e-07
4 27 0.000000e+00
4 28 0.000000e+00
4 29 0.000000e+00
4 30 0.000000e+00
4 31 0.000000e+00
4 32 0.000000e+00
4 33 0.000000e+00
4 34 0.000000e+00
4 35 0.000000e+00
4 36 0.000000e+00
4 37 0.000000e+00
4 38 0.000000e+00
4 39 0.000000e+00
4 40 0.000000e+00
5 1 1.969840e-01
5 2 8.570660e-02
5 3 1.296740e-01
5 4 1.799300e-01
5 5 2.514310e-01
5 6 3.224810e-01
5 7 3.880980e-01
5 8 4.601270e-01
5 9 5.332830e-01
5 10 6.103940e-01
5 11 6.773450e-01
5 12 7.286760e-01
5 13 7.523350e-01
5 14 7.399270e-01
5 15 6.803120e-01
5 16 5.782200e-01
5 17 4.434610e-01
5 18 2.993650e-01
5 19 1.720530e-01
5 20 8.094730e-02
5 21 2.955960e-02
5 22 7.875110e-03
5 23 1.413290e-03
5 24 1.550420e-04
5 25 1.041640e-05
5 26 7.133450e-07
5 27 0.000000e+00
5 28 0.000000e+00
5 29 0.000000e+00
5 30 0.000000e+00
5 31 0.000000e+00
5 32 0.000000e+00
5 33 0.000000e+00
5 34 0.000000e+00
5 35 0.000000e+00
5 36 0.000000e+00
5 37 0.000000e+00
5 38 0.000000e+00
5 39 0.000000e+00
5 40 0.000000e+00
6 1 1.500620e-01
6 2 6.504910e-02
6 3 9.869090e-02
6 4 1.387870e-01
6 5 2.038350e-01
6 6 2.839640e-01
6 7 3.586950e-01
6 8 4.275980e-01
6 9 4.964900e-01
6 10 5.695810e-01
6 11 6.338760e-01
6 12 6.843090e-01
6 13 7.096060e-01
6 14 7.017400e-01
6 15 6.495590e-01
6 16 5.566560e-01
6 17 4.312420e-01
6 18 2.946750e-01
6 19 1.718600e-01
6 20 8.228530e-02
6 21 3.067620e-02
6 22 8.373030e-03
6 23 1.545580e-03
6 24 1.751250e-04
6 25 1.202970e-05
6 26 8.429170e-07
6 27 0.000000e+00
6 28 0.000000e+00
6 29 0.000000e+00
6 30 0.000000e+00
6 31 0.000000e+00
6 32 0.000000e+00
6 33 0.000000e+00
6 34 0.000000e+00
6 35 0.000000e+00
6 36 0.000000e+00
6 37 0.000000e+00
6 38 0.000000e+00
6 39 0.000000e+00
6 40 0.000000e+00
7 1 1.091450e-01
7 2 4.734500e-02
7 3 7.281440e-02
7 4 1.035570e-01
7 5 1.544200e-01
7 6 2.278340e-01
7 7 3.189900e-01
7 8 4.000460e-01
7 9 4.664330e-01
7 10 5.364470e-01
7 11 5.990660e-01
7 12 6.493920e-01
7 13 6.767790e-01
7 14 6.735260e-01
7 15 6.283030e-01
7 16 5.435750e-01
7 17 4.260230e-01
7 18 2.952000e-01
7 19 1.750870e-01
7 20 8.553400e-02
7 21 3.265310e-02
7 22 9.164150e-03
7 23 1.747300e-03
7 24 2.055040e-04
7 25 1.400640e-05
7 26 1.040940e-06
7 27 0.000000e+00
7 28 0.000000e+00
7 29 0.000000e+00
7 30 0.000000e+00
7 31 0.000000e+00
7 32 0.000000e+00
7 33 0.000000e+00
7 34 0.000000e+00
7 35 0.000000e+00
7 36 0.000000e+00
7 37 0.000000e+00
7 38 0.000000e+00
7 39 0.000000e+00
7 40 0.000000e+00
8 1 8.012320e-02
8 2 3.483070e-02
8 3 5.364550e-02
8 4 7.657080e-02
8 5 1.145530e-01
8 6 1.704020e-01
8 7 2.530380e-01
8 8 3.592800e-01
8 9 4.418480e-01
8 10 5.102630e-01
8 11 5.719150e-01
8 12 6.230550e-01
8 13 6.531500e-01
8 14 6.547980e-01
8 15 6.163740e-01
8 16 5.391600e-01
8 17 4.282460e-01
8 18 3.015570e-01
8 19 1.823280e-01
8 20 9.113590e-02
8 21 3.574270e-02
8 22 1.035250e-02
8 23 2.047530e-03
8 24 2.512100e-04
8 25 1.741780e-05
8 26 1.346400e-06
8 27 0.000000e+00
8 28 0.000000e+00
8 29 0.000000e+00
8 30 0.000000e+00
8 31 0.000000e+00
8 32 0.000000e+00
8 33 0.000000e+00
8 34 0.000000e+00
8 35 0.000000e+00
8 36 0.000000e+00
8 37 0.000000e+00
8 38 0.000000e+00
8 39 0.000000e+00
8 40 0.000000e+00
9 1 6.039490e-02
9 2 2.572840e-02
9 3 3.900870e-02
9 4 5.539890e-02
9 5 8.341930e-02
9 6 1.248740e-01
9 7 1.867620e-01
9 8 2.821210e-01
9 9 4.016340e-01
9 10 4.902250e-01
9 11 5.521290e-01
9 12 6.048670e-01
9 13 6.385410e-01
9 14 6.455800e-01
9 15 6.141520e-01
9 16 5.441220e-01
9 17 4.389000e-01
9 18 3.148400e-01
9 19 1.945720e-01
9 20 9.980910e-02
9 21 4.034660e-02
9 22 1.210130e-02
9 23 2.491130e-03
9 24 3.198250e-04
9 25 2.307910e-05
9 26 1.808540e-06
9 27 0.000000e+00
9 28 0.000000e+00
9 29 0.000000e+00
9 30 0.000000e+00
9 31 0.000000e+00
9 32 0.000000e+00
9 33 0.000000e+00
9 34 0.000000e+00
9 35 0.000000e+00
9 36 0.000000e+00
9 37 0.000000e+00
9 38 0.000000e+00
9 39 0.000000e+00
9 40 0.000000e+00
10 1 4.266780e-02
10 2 1.822650e-02
10 3 2.780810e-02
10 4 3.964110e-02
10 5 5.974060e-02
10 6 8.973460e-02
10 7 1.347640e-01
10 8 2.047010e-01
10 9 3.112710e-01
10 10 4.515130e-01
10 11 5.396190e-01
10 12 5.948700e-01
10 13 6.329810e-01
10 14 6.461100e-01
10 15 6.219610e-01
10 16 5.589940e-01
10 17 4.587680e-01
10 18 3.359880e-01
10 19 2.128230e-01
10 20 1.123890e-01
10 21 4.700850e-02
10 22 1.466850e-02
10 23 3.160660e-03
10 24 4.276100e-04
10 25 3.261210e-05
10 26 2.571510e-06
10 27 0.000000e+00
10 28 0.000000e+00
10 29 0.000000e+00
10 30 0.000000e+00
10 31 0.000000e+00
10 32 0.000000e+00
10 33 0.000000e+00
10 34 0.000000e+00
10 35 0.000000e+00
10 36 0.000000e+00
10 37 0.000000e+00
10 38 0.000000e+00
10 39 0.000000e+00
10 40 0.000000e+00
11 1 2.892610e-02
11 2 1.240200e-02
11 3 1.891820e-02
11 4 2.697390e-02
11 5 4.079220e-02
11 6 6.185800e-02
11 7 9.393940e-02
11 8 1.440260e-01
11 9 2.209960e-01
11 10 3.449760e-01
11 11 5.048240e-01
11 12 5.939340e-01
11 13 6.373320e-01
11 14 6.574760e-01
11 15 6.410970e-01
11 16 5.853390e-01
11 17 4.896310e-01
11 18 3.668950e-01
11 19 2.388520e-01
11 20 1.302880e-01
11 21 5.662890e-02
11 22 1.848430e-02
11 23 4.198190e-03
11 24 6.039740e-04
11 25 4.928580e-05
11 26 3.389940e-06
11 27 0.000000e+00
11 28 0.000000e+00
11 29 0.000000e+00
11 30 0.000000e+00
11 31 0.000000e+00
11 32 0.000000e+00
11 33 0.000000e+00
11 34 0.000000e+00
11 35 0.000000e+00
11 36 0.000000e+00
11 37 0.000000e+00
11 38 0.000000e+00
11 39 0.000000e+00
11 40 0.000000e+00
12 1 2.011720e-02
12 2 8.626840e-03
12 3 1.311980e-02
12 4 1.859920e-02
12 5 2.787820e-02
12 6 4.178580e-02
12 7 6.343020e-02
12 8 9.828060e-02
12 9 1.524090e-01
12 10 2.401080e-01
12 11 3.801840e-01
12 12 5.638000e-01
12 13 6.498930e-01
12 14 6.785300e-01
12 15 6.714450e-01
12 16 6.241960e-01
12 17 5.335970e-01
12 18 4.103730e-01
12 19 2.755350e-01
12 20 1.558510e-01
12 21 7.067310e-02
12 22 2.422780e-02
12 23 5.820030e-03
12 24 8.923050e-04
12 25 7.790870e-05
12 26 4.331520e-06
12 27 0.000000e+00
12 28 0.000000e+00
12 29 0.000000e+00
12 30 0.000000e+00
12 31 0.000000e+00
12 32 0.000000e+00
12 33 0.000000e+00
12 34 0.000000e+00
12 35 0.000000e+00
12 36 0.000000e+00
12 37 0.000000e+00
12 38 0.000000e+00
12 39 0.000000e+00
12 40 0.000000e+00
13 1 1.206300e-02
13 2 5.213350e-03
13 3 7.961470e-03
13 4 1.133290e-02
13 5 1.709900e-02
13 6 2.598140e-02
13 7 3.998150e-02
13 8 6.284500e-02
13 9 9.938010e-02
13 10 1.594590e-01
13 11 2.566600e-01
13 12 4.176020e-01
13 13 6.299860e-01
13 14 7.134420e-01
13 15 7.167640e-01
13 16 6.788090e-01
13 17 5.936670e-01
13 18 4.692810e-01
13 19 3.256490e-01
13 20 1.916570e-01
13 21 9.112200e-02
13 22 3.305380e-02
13 23 8.490160e-03
13 24 1.409180e-03
13 25 1.348950e-04
13 26 7.253500e-06
13 27 1.659740e-07
13 28 0.000000e+00
13 29 0.000000e+00
13 30 0.000000e+00
13 31 0.000000e+00
13 32 0.000000e+00
13 33 0.000000e+00
13 34 0.000000e+00
13 35 0.000000e+00
13 36 0.000000e+00
13 37 0.000000e+00
13 38 0.000000e+00
13 39 0.000000e+00
13 40 0.000000e+00
14 1 8.047380e-03
14 2 3.486340e-03
14 3 5.330210e-03
14 4 7.597800e-03
14 5 1.145840e-02
14 6 1.732270e-02
14 7 2.642070e-02
14 8 4.103290e-02
14 9 6.423830e-02
14 10 1.034320e-01
14 11 1.678340e-01
14 12 2.756380e-01
14 13 4.574890e-01
14 14 7.002900e-01
14 15 7.724070e-01
14 16 7.480650e-01
14 17 6.721780e-01
14 18 5.489730e-01
14 19 3.957420e-01
14 20 2.436110e-01
14 21 1.220040e-01
14 22 4.697380e-02
14 23 1.290630e-02
14 24 2.309250e-03
14 25 2.399380e-04
14 26 1.328530e-05
14 27 9.518590e-07
14 28 3.285660e-07
14 29 4.996680e-08
14 30 0.000000e+00
14 31 0.000000e+00
14 32 0.000000e+00
14 33 0.000000e+00
14 34 0.000000e+00
14 35 0.000000e+00
14 36 0.000000e+00
14 37 0.000000e+00
14 38 0.000000e+00
14 39 0.000000e+00
14 40 0.000000e+00
15 1 4.608000e-03
15 2 2.011940e-03
15 3 3.088820e-03
15 4 4.424770e-03
15 5 6.711950e-03
15 6 1.021250e-02
15 7 1.568620e-02
15 8 2.461850e-02
15 9 3.907340e-02
15 10 6.353550e-02
15 11 1.042410e-01
15 12 1.735190e-01
15 13 2.925060e-01
15 14 5.005230e-01
15 15 7.769310e-01
15 16 8.372200e-01
15 17 7.738450e-01
15 18 6.540760e-01
15 19 4.915150e-01
15 20 3.177390e-01
15 21 1.685540e-01
15 22 6.941230e-02
15 23 2.062360e-02
15 24 4.037560e-03
15 25 4.649400e-04
15 26 2.802970e-05
15 27 1.883670e-06
15 28 1.190540e-06
15 29 1.953760e-07
15 30 0.000000e+00
15 31 0.000000e+00
15 32 0.000000e+00
15 33 0.000000e+00
15 34 0.000000e+00
15 35 0.000000e+00
15 36 0.000000e+00
15 37 0.000000e+00
15 38 0.000000e+00
15 39 0.000000e+00
15 40 0.000000e+00
16 1 2.373010e-03
16 2 1.045180e-03
16 3 1.612060e-03
16 4 2.322620e-03
16 5 3.548210e-03
16 6 5.445160e-03
16 7 8.448630e-03
16 8 1.341180e-02
16 9 2.156530e-02
16 10 3.563870e-02
16 11 5.967120e-02
16 12 1.016170e-01
16 13 1.753940e-01
16 14 3.076920e-01
16 15 5.442110e-01
16 16 8.645290e-01
16 17 9.042700e-01
16 18 7.921570e-01
16 19 6.220300e-01
16 20 4.238990e-01
16 21 2.395290e-01
16 22 1.062940e-01
16 23 3.449320e-02
16 24 7.483810e-03
16 25 9.713870e-04
16 26 6.598680e-05
16 27 3.749970e-06
16 28 1.102470e-06
16 29 1.261160e-07
16 30 0.000000e+00
16 31 0.000000e+00
16 32 0.000000e+00
16 33 0.000000e+00
16 34 0.000000e+00
16 35 0.000000e+00
16 36 0.000000e+00
16 37 0.000000e+00
16 38 0.000000e+00
16 39 0.000000e+00
16 40 0.000000e+00
17 1 1.184290e-03
17 2 5.273970e-04
17 3 8.178300e-04
17 4 1.185800e-03
17 5 1.824870e-03
17 6 2.825020e-03
17 7 4.427120e-03
17 8 7.100470e-03
17 9 1.152930e-02
17 10 1.924300e-02
17 11 3.258650e-02
17 12 5.630500e-02
17 13 9.899200e-02
17 14 1.774590e-01
17 15 3.216760e-01
17 16 5.905760e-01
17 17 9.560470e-01
17 18 9.686720e-01
17 19 7.984470e-01
17 20 5.769930e-01
17 21 3.495500e-01
17 22 1.683280e-01
17 23 6.004710e-02
17 24 1.452590e-02
17 25 2.132820e-03
17 26 1.654710e-04
17 27 7.699830e-06
17 28 6.075830e-07
17 29 4.213490e-09
17 30 0.000000e+00
17 31 0.000000e+00
17 32 0.000000e+00
17 33 0.000000e+00
17 34 0.000000e+00
17 35 0.000000e+00
17 36 0.000000e+00
17 37 0.000000e+00
17 38 0.000000e+00
17 39 0.000000e+00
17 40 0.000000e+00
18 1 4.876120e-04
18 2 2.200850e-04
18 3 3.434410e-04
18 4 5.018740e-04
18 5 7.797470e-04
18 6 1.221250e-03
18 7 1.941290e-03
18 8 3.167970e-03
18 9 5.250910e-03
18 10 8.970800e-03
18 11 1.558150e-02
18 12 2.765600e-02
18 13 5.005180e-02
18 14 9.268820e-02
18 15 1.741310e-01
18 16 3.321030e-01
18 17 6.378850e-01
18 18 1.058970e+00
18 19 1.033570e+00
18 20 7.939410e-01
18 21 5.180580e-01
18 22 2.727000e-01
18 23 1.081080e-01
18 24 2.961200e-02
18 25 5.024500e-03
18 26 4.602810e-04
18 27 2.036470e-05
18 28 4.606660e-07
18 29 1.252240e-08
18 30 0.000000e+00
18 31 0.000000e+00
18 32 0.000000e+00
18 33 0.000000e+00
18 34 0.000000e+00
18 35 0.000000e+00
18 36 0.000000e+00
18 37 0.000000e+00
18 38 0.000000e+00
18 39 0.000000e+00
18 40 0.000000e+00
19 1 1.708010e-04
19 2 7.761690e-05
19 3 1.212150e-04
19 4 1.774870e-04
19 5 2.768550e-04
19 6 4.366370e-04
19 7 7.018050e-04
19 8 1.164590e-03
19 9 1.977970e-03
19 10 3.490580e-03
19 11 6.297110e-03
19 12 1.163850e-02
19 13 2.193100e-02
19 14 4.223730e-02
19 15 8.284430e-02
19 16 1.660780e-01
19 17 3.366760e-01
19 18 6.850210e-01
19 19 1.173440e+00
19 20 1.099400e+00
19 21 7.742600e-01
19 22 4.474250e-01
19 23 1.986540e-01
19 24 6.240980e-02
19 25 1.250500e-02
19 26 1.402090e-03
19 27 7.502640e-05
19 28 2.096690e-06
19 29 5.657180e-08
19 30 0.000000e+00
19 31 0.000000e+00
19 32 0.000000e+00
19 33 0.000000e+00
19 34 0.000000e+00
19 35 0.000000e+00
19 36 0.000000e+00
19 37 0.000000e+00
19 38 0.000000e+00
19 39 0.000000e+00
19 40 0.000000e+00
20 1 5.170130e-05
20 2 2.431800e-05
20 3 3.839250e-05
20 4 5.691050e-05
20 5 8.999960e-05
20 6 1.440760e-04
20 7 2.351770e-04
20 8 3.963320e-04
20 9 6.833470e-04
20 10 1.226550e-03
20 11 2.264510e-03
20 12 4.314970e-03
20 13 8.451880e-03
20 14 1.708450e-02
20 15 3.514300e-02
20 16 7.378250e-02
20 17 1.577890e-01
20 18 3.407840e-01
20 19 7.338440e-01
20 20 1.292200e+00
20 21 1.152700e+00
20 22 7.388500e-01
20 23 3.714040e-01
20 24 1.348740e-01
20 25 3.186140e-02
20 26 4.283420e-03
20 27 2.771930e-04
20 28 8.231600e-06
20 29 1.892080e-07
20 30 0.000000e+00
20 31 0.000000e+00
20 32 0.000000e+00
20 33 0.000000e+00
20 34 0.000000e+00
20 35 0.000000e+00
20 36 0.000000e+00
20 37 0.000000e+00
20 38 0.000000e+00
20 39 0.000000e+00
20 40 0.000000e+00
21 1 1.069850e-05
21 2 5.543390e-06
21 3 8.921400e-06
21 4 1.350970e-05
21 5 2.188340e-05
21 6 3.600010e-05
21 7 6.057860e-05
21 8 1.055600e-04
21 9 1.887180e-04
21 10 3.522470e-04
21 11 6.786780e-04
21 12 1.354160e-03
21 13 2.775760e-03
21 14 5.835300e-03
21 15 1.254990e-02
21 16 2.787830e-02
21 17 6.341600e-02
21 18 1.465250e-01
21 19 3.395350e-01
21 20 7.802250e-01
21 21 1.418370e+00
21 22 1.201660e+00
21 23 6.887840e-01
21 24 2.928180e-01
21 25 8.327580e-02
21 26 1.389000e-02
21 27 1.151420e-03
21 28 3.966710e-05
21 29 8.503220e-07
21 30 4.447600e-09
21 31 0.000000e+00
21 32 0.000000e+00
21 33 0.000000e+00
21 34 0.000000e+00
21 35 0.000000e+00
21 36 0.000000e+00
21 37 0.000000e+00
21 38 0.000000e+00
21 39 0.000000e+00
21 40 0.000000e+00
22 1 1.669110e-06
22 2 9.362130e-07
22 3 1.532550e-06
22 4 2.353270e-06
22 5 3.866960e-06
22 6 6.490760e-06
22 7 1.120640e-05
22 8 2.013970e-05
22 9 3.734190e-05
22 10 7.272320e-05
22 11 1.471780e-04
22 12 3.116200e-04
22 13 6.823720e-04
22 14 1.529390e-03
22 15 3.496600e-03
22 16 8.286630e-03
22 17 2.032640e-02
22 18 5.114700e-02
22 19 1.302370e-01
22 20 3.311030e-01
22 21 8.240580e-01
22 22 1.557560e+00
22 23 1.241200e+00
22 24 6.234300e-01
22 25 2.169970e-01
22 26 4.601510e-02
22 27 5.053140e-03
22 28 2.343500e-04
22 29 4.930080e-06
22 30 1.159750e-07
22 31 0.000000e+00
22 32 0.000000e+00
22 33 0.000000e+00
22 34 0.000000e+00
22 35 0.000000e+00
22 36 0.000000e+00
22 37 0.000000e+00
22 38 0.000000e+00
22 39 0.000000e+00
22 40 0.000000e+00
23 1 2.492220e-07
23 2 1.426640e-07
23 3 2.360350e-07
23 4 3.610780e-07
23 5 5.791850e-07
23 6 9.270190e-07
23 7 1.530870e-06
23 8 2.678140e-06
23 9 4.979290e-06
23 10 9.996440e-06
23 11 2.131200e-05
23 12 4.856880e-05
23 13 1.178140e-04
23 14 2.972530e-04
23 15 7.555480e-04
23 16 1.943490e-03
23 17 5.103410e-03
23 18 1.385050e-02
23 19 3.885310e-02
23 20 1.110140e-01
23 21 3.147010e-01
23 22 8.632210e-01
23 23 1.708190e+00
23 24 1.268990e+00
23 25 5.452400e-01
23 26 1.495310e-01
23 27 2.239480e-02
23 28 1.503450e-03
23 29 3.677630e-05
23 30 6.567440e-07
23 31 0.000000e+00
23 32 0.000000e+00
23 33 0.000000e+00
23 34 0.000000e+00
23 35 0.000000e+00
23 36 0.000000e+00
23 37 0.000000e+00
23 38 0.000000e+00
23 39 0.000000e+00
23 40 0.000000e+00
24 1 4.441720e-08
24 2 2.542600e-08
24 3 4.206710e-08
24 4 6.435120e-08
24 5 1.031110e-07
24 6 1.638030e-07
24 7 2.590640e-07
24 8 4.120600e-07
24 9 6.583210e-07
24 10 1.150920e-06
24 11 2.270250e-06
24 12 5.130710e-06
24 13 1.311130e-05
24 14 3.674250e-05
24 15 1.064150e-04
24 16 3.087220e-04
24 17 9.045630e-04
24 18 2.727570e-03
24 19 8.532480e-03
24 20 2.773270e-02
24 21 9.114350e-02
24 22 2.938850e-01
24 23 8.983350e-01
24 24 1.864390e+00
24 25 1.280830e+00
24 26 4.596970e-01
24 27 9.508400e-02
24 28 9.330300e-03
24 29 3.393320e-04
24 30 3.965330e-06
24 31 0.000000e+00
24 32 0.000000e+00
24 33 0.000000e+00
24 34 0.000000e+00
24 35 0.000000e+00
24 36 0.000000e+00
24 37 0.000000e+00
24 38 0.000000e+00
24 39 0.000000e+00
24 40 0.000000e+00
25 1 1.132070e-08
25 2 6.480390e-09
25 3 1.072170e-08
25 4 1.640130e-08
25 5 2.628020e-08
25 6 4.174890e-08
25 7 6.602820e-08
25 8 1.049360e-07
25 9 1.656290e-07
25 10 2.635250e-07
25 11 4.189140e-07
25 12 6.868570e-07
25 13 1.279420e-06
25 14 3.121220e-06
25 15 9.808460e-06
25 16 3.343740e-05
25 17 1.094840e-04
25 18 3.625370e-04
25 19 1.264360e-03
25 20 4.699140e-03
25 21 1.820890e-02
25 22 7.100690e-02
25 23 2.670080e-01
25 24 9.265310e-01
25 25 2.028960e+00
25 26 1.275670e+00
25 27 3.710520e-01
25 28 5.489020e-02
25 29 3.239560e-03
25 30 5.682230e-05
25 31 4.551560e-07
25 32 1.994870e-07
25 33 2.071100e-10
25 34 0.000000e+00
25 35 0.000000e+00
25 36 0.000000e+00
25 37 0.000000e+00
25 38 0.000000e+00
25 39 0.000000e+00
25 40 0.000000e+00
26 1 4.683100e-09
26 2 2.680780e-09
26 3 4.435310e-09
26 4 6.784830e-09
26 5 1.087150e-08
26 6 1.727050e-08
26 7 2.731420e-08
26 8 4.340920e-08
26 9 6.851640e-08
26 10 1.090140e-07
26 11 1.725870e-07
26 12 2.734890e-07
26 13 4.329710e-07
26 14 6.944010e-07
26 15 1.257100e-06
26 16 3.439080e-06
26 17 1.443320e-05
26 18 5.549050e-05
26 19 1.966270e-04
26 20 7.058140e-04
26 21 2.722500e-03
26 22 1.154570e-02
26 23 5.213860e-02
26 24 2.323110e-01
26 25 9.420790e-01
26 26 2.208200e+00
26 27 1.251490e+00
26 28 2.833930e-01
26 29 2.861300e-02
26 30 9.740640e-04
26 31 9.700330e-06
26 32 1.083720e-06
26 33 2.109010e-08
26 34 0.000000e+00
26 35 0.000000e+00
26 36 0.000000e+00
26 37 0.000000e+00
26 38 0.000000e+00
26 39 0.000000e+00
26 40 0.000000e+00
27 1 2.582080e-09
27 2 1.478080e-09
27 3 2.445460e-09
27 4 3.740900e-09
27 5 5.994120e-09
27 6 9.522280e-09
27 7 1.506000e-08
27 8 2.393420e-08
27 9 3.777730e-08
27 10 6.010610e-08
27 11 9.515790e-08
27 12 1.507910e-07
27 13 2.387240e-07
27 14 3.789720e-07
27 15 5.998370e-07
27 16 9.563290e-07
27 17 1.614420e-06
27 18 3.250780e-06
27 19 8.878670e-06
27 20 3.689160e-05
27 21 1.903740e-04
27 22 1.062170e-03
27 23 6.113570e-03
27 24 3.589150e-02
27 25 1.990120e-01
27 26 9.544280e-01
27 27 2.380520e+00
27 28 1.210430e+00
27 29 2.064960e-01
27 30 1.299270e-02
27 31 2.141820e-04
27 32 9.870590e-07
27 33 1.079870e-08
27 34 0.000000e+00
27 35 0.000000e+00
27 36 0.000000e+00
27 37 0.000000e+00
27 38 0.000000e+00
27 39 0.000000e+00
27 40 0.000000e+00
28 1 6.588800e-10
28 2 3.771700e-10
28 3 6.240200e-10
28 4 9.545800e-10
28 5 1.529550e-09
28 6 2.429840e-09
28 7 3.842930e-09
28 8 6.107390e-09
28 9 9.639810e-09
28 10 1.533750e-08
28 11 2.428190e-08
28 12 3.847810e-08
28 13 6.091620e-08
28 14 9.670390e-08
28 15 1.530630e-07
28 16 2.427900e-07
28 17 3.848040e-07
28 18 6.157970e-07
28 19 1.078410e-06
28 20 2.525780e-06
28 21 1.105960e-05
28 22 6.507690e-05
28 23 4.168960e-04
28 24 3.008780e-03
28 25 2.282240e-02
28 26 1.623970e-01
28 27 9.540460e-01
28 28 2.561450e+00
28 29 1.150660e+00
28 30 1.412070e-01
28 31 5.135090e-03
28 32 3.844600e-05
28 33 1.204740e-07
28 34 0.000000e+00
28 35 0.000000e+00
28 36 0.000000e+00
28 37 0.000000e+00
28 38 0.000000e+00
28 39 0.000000e+00
28 40 0.000000e+00
29 1 3.537400e-10
29 2 2.024900e-10
29 3 3.350200e-10
29 4 5.124900e-10
29 5 8.211800e-10
29 6 1.304520e-09
29 7 2.063180e-09
29 8 3.278910e-09
29 9 5.175380e-09
29 10 8.234360e-09
29 11 1.303640e-08
29 12 2.065800e-08
29 13 3.270450e-08
29 14 5.191800e-08
29 15 8.217560e-08
29 16 1.303480e-07
29 17 2.065870e-07
29 18 3.274450e-07
29 19 5.186000e-07
29 20 8.224960e-07
29 21 1.551340e-06
29 22 5.788210e-06
29 23 3.035430e-05
29 24 1.974950e-04
29 25 1.545350e-03
29 26 1.394170e-02
29 27 1.265920e-01
29 28 9.382630e-01
29 29 2.750100e+00
29 30 1.072800e+00
29 31 9.055480e-02
29 32 1.758000e-03
29 33 5.036450e-06
29 34 1.392030e-08
29 35 0.000000e+00
29 36 0.000000e+00
29 37 0.000000e+00
29 38 0.000000e+00
29 39 0.000000e+00
29 40 0.000000e+00
30 1 2.765500e-10
30 2 1.583100e-10
30 3 2.619200e-10
30 4 4.006600e-10
30 5 6.419900e-10
30 6 1.019870e-09
30 7 1.612980e-09
30 8 2.563420e-09
30 9 4.046070e-09
30 10 6.437550e-09
30 11 1.019170e-08
30 12 1.615020e-08
30 13 2.556810e-08
30 14 4.058900e-08
30 15 6.424410e-08
30 16 1.019050e-07
30 17 1.615080e-07
30 18 2.559930e-07
30 19 4.054370e-07
30 20 6.429790e-07
30 21 1.019620e-06
30 22 1.620750e-06
30 23 2.642400e-06
30 24 5.372980e-06
30 25 3.076670e-05
30 26 4.337900e-04
30 27 6.965780e-03
30 28 9.550790e-02
30 29 9.198660e-01
30 30 2.924880e+00
30 31 9.889220e-01
30 32 5.359740e-02
30 33 4.866890e-04
30 34 7.430980e-07
30 35 0.000000e+00
30 36 0.000000e+00
30 37 0.000000e+00
30 38 0.000000e+00
30 39 0.000000e+00
30 40 0.000000e+00
31 1 2.066100e-10
31 2 1.182700e-10
31 3 1.956800e-10
31 4 2.993300e-10
31 5 4.796200e-10
31 6 7.619300e-10
31 7 1.205040e-09
31 8 1.915110e-09
31 9 3.022780e-09
31 10 4.809430e-09
31 11 7.614120e-09
31 12 1.206570e-08
31 13 1.910160e-08
31 14 3.032370e-08
31 15 4.799610e-08
31 16 7.613220e-08
31 17 1.206610e-07
31 18 1.912500e-07
31 19 3.028980e-07
31 20 4.803230e-07
31 21 7.611160e-07
31 22 1.207780e-06
31 23 1.922270e-06
31 24 3.075040e-06
31 25 4.942740e-06
31 26 1.035730e-05
31 27 1.300200e-04
31 28 3.239590e-03
31 29 6.720360e-02
31 30 8.895380e-01
31 31 3.099750e+00
31 32 8.964910e-01
31 33 2.925490e-02
31 34 1.021850e-04
31 35 5.542670e-08
31 36 0.000000e+00
31 37 0.000000e+00
31 38 0.000000e+00
31 39 0.000000e+00
31 40 0.000000e+00
32 1 1.011000e-10
32 2 5.787200e-11
32 3 9.574900e-11
32 4 1.464700e-10
32 5 2.346900e-10
32 6 3.728300e-10
32 7 5.896500e-10
32 8 9.371100e-10
32 9 1.479120e-09
32 10 2.353370e-09
32 11 3.725780e-09
32 12 5.904020e-09
32 13 9.346900e-09
32 14 1.483810e-08
32 15 2.348570e-08
32 16 3.725330e-08
32 17 5.904240e-08
32 18 9.358330e-08
32 19 1.482150e-07
32 20 2.350340e-07
32 21 3.724170e-07
32 22 5.903600e-07
32 23 9.363540e-07
32 24 1.489100e-06
32 25 2.389040e-06
32 26 3.880170e-06
32 27 6.500670e-06
32 28 3.703190e-05
32 29 1.331730e-03
32 30 4.482170e-02
32 31 8.495980e-01
32 32 3.269530e+00
32 33 8.007150e-01
32 34 1.452240e-02
32 35 1.697120e-05
32 36 2.311700e-07
32 37 0.000000e+00
32 38 0.000000e+00
32 39 0.000000e+00
32 40 0.000000e+00
33 1 3.721300e-11
33 2 2.130200e-11
33 3 3.524400e-11
33 4 5.391300e-11
33 5 8.638700e-11
33 6 1.372300e-10
33 7 2.170400e-10
33 8 3.449400e-10
33 9 5.444400e-10
33 10 8.662400e-10
33 11 1.371400e-09
33 12 2.173190e-09
33 13 3.440460e-09
33 14 5.461700e-09
33 15 8.644750e-09
33 16 1.371240e-08
33 17 2.173270e-08
33 18 3.444670e-08
33 19 5.455590e-08
33 20 8.651250e-08
33 21 1.370810e-07
33 22 2.173030e-07
33 23 3.444010e-07
33 24 5.460580e-07
33 25 8.698630e-07
33 26 1.406620e-06
33 27 2.309440e-06
33 28 3.801370e-06
33 29 1.012860e-05
33 30 4.521030e-04
33 31 2.801330e-02
33 32 8.038810e-01
33 33 3.429840e+00
33 34 7.063480e-01
33 35 6.459870e-03
33 36 2.756950e-06
33 37 0.000000e+00
33 38 0.000000e+00
33 39 0.000000e+00
33 40 0.000000e+00
34 1 1.908400e-11
34 2 1.092400e-11
34 3 1.807400e-11
34 4 2.764900e-11
34 5 4.430300e-11
34 6 7.037900e-11
34 7 1.113100e-10
34 8 1.769000e-10
34 9 2.792100e-10
34 10 4.442400e-10
34 11 7.033100e-10
34 12 1.114500e-09
34 13 1.764410e-09
34 14 2.800980e-09
34 15 4.433380e-09
34 16 7.032280e-09
34 17 1.114540e-08
34 18 1.766570e-08
34 19 2.797850e-08
34 20 4.436710e-08
34 21 7.030090e-08
34 22 1.114420e-07
34 23 1.766230e-07
34 24 2.798870e-07
34 25 4.433390e-07
34 26 7.021570e-07
34 27 1.117360e-06
34 28 1.789600e-06
34 29 2.870310e-06
34 30 4.894310e-06
34 31 1.253010e-04
34 32 1.620360e-02
34 33 7.543830e-01
34 34 3.578450e+00
34 35 6.170130e-01
34 36 2.500300e-03
34 37 1.916080e-07
34 38 0.000000e+00
34 39 0.000000e+00
34 40 0.000000e+00
35 1 2.476700e-11
35 2 1.417800e-11
35 3 2.345700e-11
35 4 3.588300e-11
35 5 5.749500e-11
35 6 9.133700e-11
35 7 1.444600e-10
35 8 2.295800e-10
35 9 3.623600e-10
35 10 5.765400e-10
35 11 9.127500e-10
35 12 1.446390e-09
35 13 2.289830e-09
35 14 3.635090e-09
35 15 5.753600e-09
35 16 9.126440e-09
35 17 1.446440e-08
35 18 2.292630e-08
35 19 3.631020e-08
35 20 5.757930e-08
35 21 9.123590e-08
35 22 1.446280e-07
35 23 2.292190e-07
35 24 3.632440e-07
35 25 5.757300e-07
35 26 9.124000e-07
35 27 1.445470e-06
35 28 2.289520e-06
35 29 3.626720e-06
35 30 5.745550e-06
35 31 9.103310e-06
35 32 3.003080e-05
35 33 8.415950e-03
35 34 7.039240e-01
35 35 3.713460e+00
35 36 5.345990e-01
35 37 8.300220e-04
35 38 2.368690e-08
35 39 0.000000e+00
35 40 0.000000e+00
36 1 1.699600e-11
36 2 9.729200e-12
36 3 1.609700e-11
36 4 2.462400e-11
36 5 3.945500e-11
36 6 6.267900e-11
36 7 9.913000e-11
36 8 1.575400e-10
36 9 2.486600e-10
36 10 3.956400e-10
36 11 6.263600e-10
36 12 9.925600e-10
36 13 1.571360e-09
36 14 2.494510e-09
36 15 3.948300e-09
36 16 6.262860e-09
36 17 9.925930e-09
36 18 1.573280e-08
36 19 2.491730e-08
36 20 3.951270e-08
36 21 6.260900e-08
36 22 9.924860e-08
36 23 1.572980e-07
36 24 2.492690e-07
36 25 3.950870e-07
36 26 6.262480e-07
36 27 9.940290e-07
36 28 1.583100e-06
36 29 2.530670e-06
36 30 4.049360e-06
36 31 6.470000e-06
36 32 1.031930e-05
36 33 1.773640e-05
36 34 4.073310e-03
36 35 6.523440e-01
36 36 3.835460e+00
36 37 4.601620e-01
36 38 2.355290e-04
36 39 4.871430e-09
36 40 0.000000e+00
37 1 8.861700e-12
37 2 5.072700e-12
37 3 8.392800e-12
37 4 1.283900e-11
37 5 2.057200e-11
37 6 3.268000e-11
37 7 5.168600e-11
37 8 8.214200e-11
37 9 1.296500e-10
37 10 2.062800e-10
37 11 3.265800e-10
37 12 5.175100e-10
37 13 8.193000e-10
37 14 1.300630e-09
37 15 2.058630e-09
37 16 3.265420e-09
37 17 5.175330e-09
37 18 8.203000e-09
37 19 1.299170e-08
37 20 2.060170e-08
37 21 3.264400e-08
37 22 5.174770e-08
37 23 8.201420e-08
37 24 1.299680e-07
37 25 2.059970e-07
37 26 3.264810e-07
37 27 5.174330e-07
37 28 8.200810e-07
37 29 1.299880e-06
37 30 2.064020e-06
37 31 3.281960e-06
37 32 5.216330e-06
37 33 8.286440e-06
37 34 1.321170e-05
37 35 1.788630e-03
37 36 6.026930e-01
37 37 3.942420e+00
37 38 3.942520e-01
37 39 5.189630e-05
37 40 0.000000e+00
38 1 4.368300e-12
38 2 2.500600e-12
38 3 4.137200e-12
38 4 6.328700e-12
38 5 1.014100e-11
38 6 1.611000e-11
38 7 2.547800e-11
38 8 4.049100e-11
38 9 6.391100e-11
38 10 1.016900e-10
38 11 1.609900e-10
38 12 2.551000e-10
38 13 4.038700e-10
38 14 6.411300e-10
38 15 1.014780e-09
38 16 1.609670e-09
38 17 2.551140e-09
38 18 4.043610e-09
38 19 6.404180e-09
38 20 1.015550e-08
38 21 1.609160e-08
38 22 2.550870e-08
38 23 4.042830e-08
38 24 6.406670e-08
38 25 1.015440e-07
38 26 1.609360e-07
38 27 2.550650e-07
38 28 4.044900e-07
38 29 6.440720e-07
38 30 1.034530e-06
38 31 1.679800e-06
38 32 2.750320e-06
38 33 4.507700e-06
38 34 7.347720e-06
38 35 1.190450e-05
38 36 6.971300e-04
38 37 5.559480e-01
38 38 4.034120e+00
38 39 3.365250e-01
38 40 8.659270e-06
39 1 2.200400e-12
39 2 1.259600e-12
39 3 2.084000e-12
39 4 3.188000e-12
39 5 5.108200e-12
39 6 8.114800e-12
39 7 1.283400e-11
39 8 2.039700e-11
39 9 3.219400e-11
39 10 5.122200e-11
39 11 8.109300e-11
39 12 1.285000e-10
39 13 2.034400e-10
39 14 3.229600e-10
39 15 5.111800e-10
39 16 8.108400e-10
39 17 1.285080e-09
39 18 2.036880e-09
39 19 3.225970e-09
39 20 5.115610e-09
39 21 8.105820e-09
39 22 1.284950e-08
39 23 2.036490e-08
39 24 3.227230e-08
39 25 5.115090e-08
39 26 8.106830e-08
39 27 1.284830e-07
39 28 2.036320e-07
39 29 3.227420e-07
39 30 5.115380e-07
39 31 8.110230e-07
39 32 1.286610e-06
39 33 2.042550e-06
39 34 3.243340e-06
39 35 5.148790e-06
39 36 8.170980e-06
39 37 2.415610e-04
39 38 5.128850e-01
39 39 4.110470e+00
39 40 2.859830e-01
40 1 3.250800e-12
40 2 1.860900e-12
40 3 3.078800e-12
40 4 4.709700e-12
40 5 7.546500e-12
40 6 1.198800e-11
40 7 1.896000e-11
40 8 3.013300e-11
40 9 4.756100e-11
40 10 7.567300e-11
40 11 1.198000e-10
40 12 1.898400e-10
40 13 3.005500e-10
40 14 4.771200e-10
40 15 7.551800e-10
40 16 1.197880e-09
40 17 1.898510e-09
40 18 3.009170e-09
40 19 4.765870e-09
40 20 7.557510e-09
40 21 1.197510e-08
40 22 1.898310e-08
40 23 3.008600e-08
40 24 4.767720e-08
40 25 7.556740e-08
40 26 1.197660e-07
40 27 1.898140e-07
40 28 3.008340e-07
40 29 4.767870e-07
40 30 7.555880e-07
40 31 1.196030e-06
40 32 1.887970e-06
40 33 2.970760e-06
40 34 4.663870e-06
40 35 7.322740e-06
40 36 1.151610e-05
40 37 1.813910e-05
40 38 8.690710e-05
40 39 4.734280e-01
40 40 4.413000e+00
