1 1.489430e+01
2 1.345370e+01
3 1.216980e+01
4 1.104720e+01
5 1.007780e+01
6 9.232680e+00
7 8.503800e+00
8 7.878300e+00
9 7.350940e+00
10 6.905030e+00
11 6.533850e+00
12 6.229630e+00
13 5.980060e+00
14 5.779060e+00
15 5.616920e+00
16 5.488040e+00
17 5.385200e+00
18 5.303210e+00
19 5.238210e+00
20 5.186590e+00
21 5.145330e+00
22 5.112380e+00
23 5.086160e+00
24 5.065200e+00
25 5.048250e+00
26 5.034510e+00
27 5.023210e+00
28 5.013800e+00
29 5.005730e+00
30 4.998570e+00
31 4.991950e+00
32 4.985500e+00
33 4.978890e+00
34 4.971750e+00
35 4.963660e+00
36 4.954170e+00
37 4.942690e+00
38 4.928450e+00
39 4.910470e+00
40 4.887160e+00
