1 1 9.083320e-01
1 2 3.441560e-01
1 3 4.280030e-01
1 4 4.827830e-01
1 5 5.613520e-01
1 6 6.303220e-01
1 7 6.838260e-01
1 8 7.177380e-01
1 9 7.137480e-01
1 10 6.735510e-01
1 11 5.860560e-01
1 12 4.642720e-01
1 13 3.261610e-01
1 14 1.976290e-01
1 15 9.881590e-02
1 16 3.906970e-02
1 17 1.145980e-02
1 18 2.317700e-03
1 19 2.944980e-04
1 20 2.199210e-05
1 21 1.338990e-06
1 22 3.985630e-08
1 23 0.000000e+00
1 24 0.000000e+00
1 25 0.000000e+00
1 26 0.000000e+00
1 27 0.000000e+00
1 28 0.000000e+00
1 29 0.000000e+00
1 30 0.000000e+00
1 31 0.000000e+00
1 32 0.000000e+00
1 33 0.000000e+00
1 34 0.000000e+00
1 35 0.000000e+00
1 36 0.000000e+00
1 37 0.000000e+00
1 38 0.000000e+00
1 39 0.000000e+00
1 40 0.000000e+00
2 1 6.951780e-01
2 2 3.054450e-01
2 3 3.994400e-01
2 4 4.525610e-01
2 5 5.274470e-01
2 6 5.940810e-01
2 7 6.469380e-01
2 8 6.821480e-01
2 9 6.823100e-01
2 10 6.485030e-01
2 11 5.692280e-01
2 12 4.557870e-01
2 13 3.243590e-01
2 14 1.996190e-01
2 15 1.016860e-01
2 16 4.109790e-02
2 17 1.236900e-02
2 18 2.577430e-03
2 19 3.389360e-04
2 20 2.576700e-05
2 21 1.600030e-06
2 22 5.146240e-08
2 23 0.000000e+00
2 24 0.000000e+00
2 25 0.000000e+00
2 26 0.000000e+00
2 27 0.000000e+00
2 28 0.000000e+00
2 29 0.000000e+00
2 30 0.000000e+00
2 31 0.000000e+00
2 32 0.000000e+00
2 33 0.000000e+00
2 34 0.000000e+00
2 35 0.000000e+00
2 36 0.000000e+00
2 37 0.000000e+00
2 38 0.000000e+00
2 39 0.000000e+00
2 40 0.000000e+00
3 1 5.186300e-01
3 2 2.424490e-01
3 3 3.574840e-01
3 4 4.272880e-01
3 5 4.999830e-01
3 6 5.651660e-01
3 7 6.182190e-01
3 8 6.554380e-01
3 9 6.600120e-01
3 10 6.326110e-01
3 11 5.609950e-01
3 12 4.548190e-01
3 13 3.285670e-01
3 14 2.058740e-01
3 15 1.071490e-01
3 16 4.441730e-02
3 17 1.377090e-02
3 18 2.970610e-03
3 19 4.066330e-04
3 20 3.197090e-05
3 21 2.033590e-06
3 22 7.118200e-08
3 23 0.000000e+00
3 24 0.000000e+00
3 25 0.000000e+00
3 26 0.000000e+00
3 27 0.000000e+00
3 28 0.000000e+00
3 29 0.000000e+00
3 30 0.000000e+00
3 31 0.000000e+00
3 32 0.000000e+00
3 33 0.000000e+00
3 34 0.000000e+00
3 35 0.000000e+00
3 36 0.000000e+00
3 37 0.000000e+00
3 38 0.000000e+00
3 39 0.000000e+00
3 40 0.000000e+00
4 1 3.733450e-01
4 2 1.781670e-01
4 3 2.806700e-01
4 4 3.875230e-01
4 5 4.789540e-01
4 6 5.438390e-01
4 7 5.979500e-01
4 8 6.380060e-01
4 9 6.474220e-01
4 10 6.265560e-01
4 11 5.621890e-01
4 12 4.623190e-01
4 13 3.397710e-01
4 14 2.172940e-01
4 15 1.158800e-01
4 16 4.943390e-02
4 17 1.584590e-02
4 18 3.552390e-03
4 19 5.081610e-04
4 20 4.176260e-05
4 21 2.731410e-06
4 22 1.035250e-07
4 23 0.000000e+00
4 24 0.000000e+00
4 25 0.000000e+00
4 26 0.000000e+00
4 27 0.000000e+00
4 28 0.000000e+00
4 29 0.000000e+00
4 30 0.000000e+00
4 31 0.000000e+00
4 32 0.000000e+00
4 33 0.000000e+00
4 34 0.000000e+00
4 35 0.000000e+00
4 36 0.000000e+00
4 37 0.000000e+00
4 38 0.000000e+00
4 39 0.000000e+00
4 40 0.000000e+00
5 1 2.753820e-01
5 2 1.301440e-01
5 3 2.051330e-01
5 4 3.012400e-01
5 5 4.391770e-01
5 6 5.287900e-01
5 7 5.849120e-01
5 8 6.287680e-01
5 9 6.438380e-01
5 10 6.300510e-01
5 11 5.730190e-01
5 12 4.789600e-01
5 13 3.589170e-01
5 14 2.348990e-01
5 15 1.287140e-01
5 16 5.667990e-02
5 17 1.884750e-02
5 18 4.407120e-03
5 19 6.615160e-04
5 20 5.725230e-05
5 21 3.841700e-06
5 22 1.599430e-07
5 23 0.000000e+00
5 24 0.000000e+00
5 25 0.000000e+00
5 26 0.000000e+00
5 27 0.000000e+00
5 28 0.000000e+00
5 29 0.000000e+00
5 30 0.000000e+00
5 31 0.000000e+00
5 32 0.000000e+00
5 33 0.000000e+00
5 34 0.000000e+00
5 35 0.000000e+00
5 36 0.000000e+00
5 37 0.000000e+00
5 38 0.000000e+00
5 39 0.000000e+00
5 40 0.000000e+00
6 1 1.944730e-01
6 2 9.213370e-02
6 3 1.459530e-01
6 4 2.156020e-01
6 5 3.368680e-01
6 6 4.922550e-01
6 7 5.801690e-01
6 8 6.287420e-01
6 9 6.504010e-01
6 10 6.443550e-01
6 11 5.949450e-01
6 12 5.064190e-01
6 13 3.878530e-01
6 14 2.605190e-01
6 15 1.471780e-01
6 16 6.717940e-02
6 17 2.329010e-02
6 18 5.714220e-03
6 19 9.063890e-04
6 20 8.342890e-05
6 21 5.545290e-06
6 22 2.559350e-07
6 23 0.000000e+00
6 24 0.000000e+00
6 25 0.000000e+00
6 26 0.000000e+00
6 27 0.000000e+00
6 28 0.000000e+00
6 29 0.000000e+00
6 30 0.000000e+00
6 31 0.000000e+00
6 32 0.000000e+00
6 33 0.000000e+00
6 34 0.000000e+00
6 35 0.000000e+00
6 36 0.000000e+00
6 37 0.000000e+00
6 38 0.000000e+00
6 39 0.000000e+00
6 40 0.000000e+00
7 1 1.281090e-01
7 2 6.144060e-02
7 3 9.904020e-02
7 4 1.485740e-01
7 5 2.351070e-01
7 6 3.722700e-01
7 7 5.498210e-01
7 8 6.388890e-01
7 9 6.680230e-01
7 10 6.706410e-01
7 11 6.294100e-01
7 12 5.464530e-01
7 13 4.286170e-01
7 14 2.962440e-01
7 15 1.731490e-01
7 16 8.226890e-02
7 17 2.989890e-02
7 18 7.749230e-03
7 19 1.309650e-03
7 20 1.294550e-04
7 21 7.731980e-06
7 22 3.700860e-07
7 23 0.000000e+00
7 24 0.000000e+00
7 25 0.000000e+00
7 26 0.000000e+00
7 27 0.000000e+00
7 28 0.000000e+00
7 29 0.000000e+00
7 30 0.000000e+00
7 31 0.000000e+00
7 32 0.000000e+00
7 33 0.000000e+00
7 34 0.000000e+00
7 35 0.000000e+00
7 36 0.000000e+00
7 37 0.000000e+00
7 38 0.000000e+00
7 39 0.000000e+00
7 40 0.000000e+00
8 1 8.385450e-02
8 2 4.060810e-02
8 3 6.576760e-02
8 4 9.941080e-02
8 5 1.586750e-01
8 6 2.536430e-01
8 7 4.081640e-01
8 8 6.146800e-01
8 9 6.959620e-01
8 10 7.091540e-01
8 11 6.777590e-01
8 12 6.016040e-01
8 13 4.845390e-01
8 14 3.456700e-01
8 15 2.097900e-01
8 16 1.041940e-01
8 17 3.989720e-02
8 18 1.099120e-02
8 19 1.994680e-03
8 20 2.141430e-04
8 21 1.266830e-05
8 22 6.217050e-07
8 23 3.554140e-07
8 24 8.888000e-08
8 25 0.000000e+00
8 26 0.000000e+00
8 27 0.000000e+00
8 28 0.000000e+00
8 29 0.000000e+00
8 30 0.000000e+00
8 31 0.000000e+00
8 32 0.000000e+00
8 33 0.000000e+00
8 34 0.000000e+00
8 35 0.000000e+00
8 36 0.000000e+00
8 37 0.000000e+00
8 38 0.000000e+00
8 39 0.000000e+00
8 40 0.000000e+00
9 1 5.410000e-02
9 2 2.600570e-02
9 3 4.180460e-02
9 4 6.338620e-02
9 5 1.025360e-01
9 6 1.662520e-01
9 7 2.711580e-01
9 8 4.494550e-01
9 9 6.820190e-01
9 10 7.600840e-01
9 11 7.412900e-01
9 12 6.744310e-01
9 13 5.596630e-01
9 14 4.136230e-01
9 15 2.618140e-01
9 16 1.365970e-01
9 17 5.538400e-02
9 18 1.629270e-02
9 19 3.184880e-03
9 20 3.715180e-04
9 21 2.313120e-05
9 22 1.173940e-06
9 23 6.406900e-07
9 24 1.698680e-07
9 25 0.000000e+00
9 26 0.000000e+00
9 27 0.000000e+00
9 28 0.000000e+00
9 29 0.000000e+00
9 30 0.000000e+00
9 31 0.000000e+00
9 32 0.000000e+00
9 33 0.000000e+00
9 34 0.000000e+00
9 35 0.000000e+00
9 36 0.000000e+00
9 37 0.000000e+00
9 38 0.000000e+00
9 39 0.000000e+00
9 40 0.000000e+00
10 1 3.167370e-02
10 2 1.552880e-02
10 3 2.530280e-02
10 4 3.878760e-02
10 5 6.329040e-02
10 6 1.038340e-01
10 7 1.717420e-01
10 8 2.891250e-01
10 9 4.891630e-01
10 10 7.608690e-01
10 11 8.230980e-01
10 12 7.688450e-01
10 13 6.588140e-01
10 14 5.060870e-01
10 15 3.353800e-01
10 16 1.847370e-01
10 17 7.981350e-02
10 18 2.528940e-02
10 19 5.388000e-03
10 20 6.940910e-04
10 21 4.753750e-05
10 22 2.469200e-06
10 23 1.226760e-06
10 24 3.495340e-07
10 25 0.000000e+00
10 26 0.000000e+00
10 27 0.000000e+00
10 28 0.000000e+00
10 29 0.000000e+00
10 30 0.000000e+00
10 31 0.000000e+00
10 32 0.000000e+00
10 33 0.000000e+00
10 34 0.000000e+00
10 35 0.000000e+00
10 36 0.000000e+00
10 37 0.000000e+00
10 38 0.000000e+00
10 39 0.000000e+00
10 40 0.000000e+00
11 1 1.703120e-02
11 2 8.497050e-03
11 3 1.397100e-02
11 4 2.165650e-02
11 5 3.585020e-02
11 6 5.994950e-02
11 7 1.013430e-01
11 8 1.745500e-01
11 9 3.025060e-01
11 10 5.343760e-01
11 11 8.452610e-01
11 12 8.907500e-01
11 13 7.891550e-01
11 14 6.316080e-01
11 15 4.396500e-01
11 16 2.568470e-01
11 17 1.190370e-01
11 18 4.099960e-02
11 19 9.646040e-03
11 20 1.398010e-03
11 21 1.094300e-04
11 22 5.254530e-06
11 23 1.359410e-06
11 24 3.993460e-07
11 25 0.000000e+00
11 26 0.000000e+00
11 27 0.000000e+00
11 28 0.000000e+00
11 29 0.000000e+00
11 30 0.000000e+00
11 31 0.000000e+00
11 32 0.000000e+00
11 33 0.000000e+00
11 34 0.000000e+00
11 35 0.000000e+00
11 36 0.000000e+00
11 37 0.000000e+00
11 38 0.000000e+00
11 39 0.000000e+00
11 40 0.000000e+00
12 1 8.732480e-03
12 2 4.437290e-03
12 3 7.346640e-03
12 4 1.146460e-02
12 5 1.911150e-02
12 6 3.226330e-02
12 7 5.553200e-02
12 8 9.810150e-02
12 9 1.747610e-01
12 10 3.178090e-01
12 11 5.806160e-01
12 12 9.372840e-01
12 13 9.549600e-01
12 14 7.994790e-01
12 15 5.878760e-01
12 16 3.666530e-01
12 17 1.835780e-01
12 18 6.917160e-02
12 19 1.803490e-02
12 20 2.932950e-03
12 21 2.603180e-04
12 22 1.197100e-05
12 23 6.970940e-07
12 24 1.161680e-07
12 25 0.000000e+00
12 26 0.000000e+00
12 27 0.000000e+00
12 28 0.000000e+00
12 29 0.000000e+00
12 30 0.000000e+00
12 31 0.000000e+00
12 32 0.000000e+00
12 33 0.000000e+00
12 34 0.000000e+00
12 35 0.000000e+00
12 36 0.000000e+00
12 37 0.000000e+00
12 38 0.000000e+00
12 39 0.000000e+00
12 40 0.000000e+00
13 1 3.641580e-03
13 2 1.882110e-03
13 3 3.163950e-03
13 4 5.045100e-03
13 5 8.654470e-03
13 6 1.510690e-02
13 7 2.686600e-02
13 8 4.902070e-02
13 9 9.049450e-02
13 10 1.712170e-01
13 11 3.263480e-01
13 12 6.267910e-01
13 13 1.040770e+00
13 14 1.025660e+00
13 15 7.967560e-01
13 16 5.314360e-01
13 17 2.887090e-01
13 18 1.201060e-01
13 19 3.531400e-02
13 20 6.647700e-03
13 21 7.045290e-04
13 22 3.677490e-05
13 23 1.166760e-06
13 24 2.023590e-08
13 25 0.000000e+00
13 26 0.000000e+00
13 27 0.000000e+00
13 28 0.000000e+00
13 29 0.000000e+00
13 30 0.000000e+00
13 31 0.000000e+00
13 32 0.000000e+00
13 33 0.000000e+00
13 34 0.000000e+00
13 35 0.000000e+00
13 36 0.000000e+00
13 37 0.000000e+00
13 38 0.000000e+00
13 39 0.000000e+00
13 40 0.000000e+00
14 1 1.521600e-03
14 2 8.163500e-04
14 3 1.391820e-03
14 4 2.250110e-03
14 5 3.912190e-03
14 6 6.923300e-03
14 7 1.248980e-02
14 8 2.319590e-02
14 9 4.385150e-02
14 10 8.537860e-02
14 11 1.684670e-01
14 12 3.366520e-01
14 13 6.748120e-01
14 14 1.147050e+00
14 15 1.082570e+00
14 16 7.801600e-01
14 17 4.647780e-01
14 18 2.152810e-01
14 19 7.153000e-02
14 20 1.542940e-02
14 21 1.895680e-03
14 22 1.135440e-04
14 23 3.262880e-06
14 24 5.939190e-08
14 25 2.506500e-11
14 26 0.000000e+00
14 27 0.000000e+00
14 28 0.000000e+00
14 29 0.000000e+00
14 30 0.000000e+00
14 31 0.000000e+00
14 32 0.000000e+00
14 33 0.000000e+00
14 34 0.000000e+00
14 35 0.000000e+00
14 36 0.000000e+00
14 37 0.000000e+00
14 38 0.000000e+00
14 39 0.000000e+00
14 40 0.000000e+00
15 1 4.771820e-04
15 2 2.668960e-04
15 3 4.652090e-04
15 4 7.720770e-04
15 5 1.385090e-03
15 6 2.548930e-03
15 7 4.811620e-03
15 8 9.337590e-03
15 9 1.833360e-02
15 10 3.707910e-02
15 11 7.640840e-02
15 12 1.605980e-01
15 13 3.405020e-01
15 14 7.235710e-01
15 15 1.262800e+00
15 16 1.141110e+00
15 17 7.485260e-01
15 18 3.893970e-01
15 19 1.484950e-01
15 20 3.764220e-02
15 21 5.575740e-03
15 22 4.126580e-04
15 23 1.356010e-05
15 24 2.908430e-07
15 25 2.692230e-09
15 26 0.000000e+00
15 27 0.000000e+00
15 28 0.000000e+00
15 29 0.000000e+00
15 30 0.000000e+00
15 31 0.000000e+00
15 32 0.000000e+00
15 33 0.000000e+00
15 34 0.000000e+00
15 35 0.000000e+00
15 36 0.000000e+00
15 37 0.000000e+00
15 38 0.000000e+00
15 39 0.000000e+00
15 40 0.000000e+00
16 1 1.196250e-04
16 2 6.847420e-05
16 3 1.213960e-04
16 4 2.063020e-04
16 5 3.820360e-04
16 6 7.332130e-04
16 7 1.464350e-03
16 8 3.031230e-03
16 9 6.318250e-03
16 10 1.348300e-02
16 11 2.922220e-02
16 12 6.496810e-02
16 13 1.474240e-01
16 14 3.383520e-01
16 15 7.687950e-01
16 16 1.393540e+00
16 17 1.193120e+00
16 18 7.006990e-01
16 19 3.097260e-01
16 20 9.375610e-02
16 21 1.715610e-02
16 22 1.628610e-03
16 23 6.673720e-05
16 24 1.407940e-06
16 25 3.701950e-08
16 26 0.000000e+00
16 27 0.000000e+00
16 28 0.000000e+00
16 29 0.000000e+00
16 30 0.000000e+00
16 31 0.000000e+00
16 32 0.000000e+00
16 33 0.000000e+00
16 34 0.000000e+00
16 35 0.000000e+00
16 36 0.000000e+00
16 37 0.000000e+00
16 38 0.000000e+00
16 39 0.000000e+00
16 40 0.000000e+00
17 1 2.306160e-05
17 2 1.440840e-05
17 3 2.644900e-05
17 4 4.660410e-05
17 5 8.956920e-05
17 6 1.786870e-04
17 7 3.715210e-04
17 8 8.046880e-04
17 9 1.770000e-03
17 10 4.006450e-03
17 11 9.248200e-03
17 12 2.199560e-02
17 13 5.372940e-02
17 14 1.338540e-01
17 15 3.326040e-01
17 16 8.142120e-01
17 17 1.526860e+00
17 18 1.233950e+00
17 19 6.390540e-01
17 20 2.336790e-01
17 21 5.330100e-02
17 22 6.514230e-03
17 23 3.511440e-04
17 24 7.639130e-06
17 25 3.101700e-07
17 26 0.000000e+00
17 27 0.000000e+00
17 28 0.000000e+00
17 29 0.000000e+00
17 30 0.000000e+00
17 31 0.000000e+00
17 32 0.000000e+00
17 33 0.000000e+00
17 34 0.000000e+00
17 35 0.000000e+00
17 36 0.000000e+00
17 37 0.000000e+00
17 38 0.000000e+00
17 39 0.000000e+00
17 40 0.000000e+00
18 1 3.343490e-06
18 2 2.054660e-06
18 3 3.757400e-06
18 4 6.744020e-06
18 5 1.346900e-05
18 6 2.831850e-05
18 7 6.309370e-05
18 8 1.500480e-04
18 9 3.656810e-04
18 10 9.066420e-04
18 11 2.261360e-03
18 12 5.769760e-03
18 13 1.519450e-02
18 14 4.152980e-02
18 15 1.152230e-01
18 16 3.187130e-01
18 17 8.549610e-01
18 18 1.674340e+00
18 19 1.263700e+00
18 20 5.642700e-01
18 21 1.640030e-01
18 22 2.676720e-02
18 23 2.027760e-03
18 24 5.723230e-05
18 25 1.064030e-06
18 26 0.000000e+00
18 27 0.000000e+00
18 28 0.000000e+00
18 29 0.000000e+00
18 30 0.000000e+00
18 31 0.000000e+00
18 32 0.000000e+00
18 33 0.000000e+00
18 34 0.000000e+00
18 35 0.000000e+00
18 36 0.000000e+00
18 37 0.000000e+00
18 38 0.000000e+00
18 39 0.000000e+00
18 40 0.000000e+00
19 1 6.657680e-07
19 2 3.811100e-07
19 3 6.309640e-07
19 4 9.735780e-07
19 5 1.656650e-06
19 6 3.124100e-06
19 7 6.821110e-06
19 8 1.767610e-05
19 9 5.174760e-05
19 10 1.554900e-04
19 11 4.463030e-04
19 12 1.249700e-03
19 13 3.498530e-03
19 14 1.005650e-02
19 15 3.025040e-02
19 16 9.473480e-02
19 17 2.961850e-01
19 18 8.882830e-01
19 19 1.834020e+00
19 20 1.281920e+00
19 21 4.776610e-01
19 22 1.059840e-01
19 23 1.177840e-02
19 24 5.303090e-04
19 25 8.477660e-06
19 26 0.000000e+00
19 27 0.000000e+00
19 28 0.000000e+00
19 29 0.000000e+00
19 30 0.000000e+00
19 31 0.000000e+00
19 32 0.000000e+00
19 33 0.000000e+00
19 34 0.000000e+00
19 35 0.000000e+00
19 36 0.000000e+00
19 37 0.000000e+00
19 38 0.000000e+00
19 39 0.000000e+00
19 40 0.000000e+00
20 1 1.973890e-07
20 2 1.129930e-07
20 3 1.869450e-07
20 4 2.859750e-07
20 5 4.582240e-07
20 6 7.279400e-07
20 7 1.152630e-06
20 8 1.878530e-06
20 9 3.683220e-06
20 10 9.892190e-06
20 11 3.195780e-05
20 12 1.119000e-04
20 13 4.110560e-04
20 14 1.574330e-03
20 15 5.705420e-03
20 16 2.041670e-02
20 17 7.501060e-02
20 18 2.718960e-01
20 19 9.207870e-01
20 20 1.994740e+00
20 21 1.277740e+00
20 22 3.911380e-01
20 23 6.294710e-02
20 24 4.224750e-03
20 25 8.873640e-05
20 26 1.067800e-06
20 27 2.942030e-07
20 28 0.000000e+00
20 29 0.000000e+00
20 30 0.000000e+00
20 31 0.000000e+00
20 32 0.000000e+00
20 33 0.000000e+00
20 34 0.000000e+00
20 35 0.000000e+00
20 36 0.000000e+00
20 37 0.000000e+00
20 38 0.000000e+00
20 39 0.000000e+00
20 40 0.000000e+00
21 1 5.172360e-08
21 2 2.960840e-08
21 3 4.898690e-08
21 4 7.493660e-08
21 5 1.200730e-07
21 6 1.907480e-07
21 7 3.016780e-07
21 8 4.794430e-07
21 9 7.576810e-07
21 10 1.312700e-06
21 11 3.011330e-06
21 12 9.507270e-06
21 13 3.599950e-05
21 14 1.437810e-04
21 15 5.992260e-04
21 16 2.670750e-03
21 17 1.230870e-02
21 18 5.628430e-02
21 19 2.430510e-01
21 20 9.435920e-01
21 21 2.160960e+00
21 22 1.260260e+00
21 23 3.044730e-01
21 24 3.330700e-02
21 25 1.233200e-03
21 26 1.274720e-05
21 27 3.266310e-07
21 28 9.745500e-12
21 29 0.000000e+00
21 30 0.000000e+00
21 31 0.000000e+00
21 32 0.000000e+00
21 33 0.000000e+00
21 34 0.000000e+00
21 35 0.000000e+00
21 36 0.000000e+00
21 37 0.000000e+00
21 38 0.000000e+00
21 39 0.000000e+00
21 40 0.000000e+00
22 1 2.913970e-08
22 2 1.668060e-08
22 3 2.759790e-08
22 4 4.221740e-08
22 5 6.764580e-08
22 6 1.074620e-07
22 7 1.699580e-07
22 8 2.701060e-07
22 9 4.263310e-07
22 10 6.783190e-07
22 11 1.074540e-06
22 12 1.772330e-06
22 13 3.484760e-06
22 14 9.509940e-06
22 15 3.851550e-05
22 16 1.981390e-04
22 17 1.132750e-03
22 18 6.725860e-03
22 19 3.904300e-02
22 20 2.084650e-01
22 21 9.559630e-01
22 22 2.337680e+00
22 23 1.222790e+00
22 24 2.241900e-01
22 25 1.558660e-02
22 26 2.858940e-04
22 27 1.161460e-06
22 28 3.733850e-09
22 29 0.000000e+00
22 30 0.000000e+00
22 31 0.000000e+00
22 32 0.000000e+00
22 33 0.000000e+00
22 34 0.000000e+00
22 35 0.000000e+00
22 36 0.000000e+00
22 37 0.000000e+00
22 38 0.000000e+00
22 39 0.000000e+00
22 40 0.000000e+00
23 1 5.335340e-09
23 2 3.054140e-09
23 3 5.053050e-09
23 4 7.729800e-09
23 5 1.238560e-08
23 6 1.967580e-08
23 7 3.111850e-08
23 8 4.945510e-08
23 9 7.805910e-08
23 10 1.241970e-07
23 11 1.966240e-07
23 12 3.118190e-07
23 13 5.156130e-07
23 14 1.018010e-06
23 15 2.945790e-06
23 16 1.202600e-05
23 17 6.708480e-05
23 18 4.554870e-04
23 19 3.393840e-03
23 20 2.534940e-02
23 21 1.715530e-01
23 22 9.562650e-01
23 23 2.521090e+00
23 24 1.166640e+00
23 25 1.552710e-01
23 26 6.397060e-03
23 27 5.296250e-05
23 28 1.594910e-07
23 29 0.000000e+00
23 30 0.000000e+00
23 31 0.000000e+00
23 32 0.000000e+00
23 33 0.000000e+00
23 34 0.000000e+00
23 35 0.000000e+00
23 36 0.000000e+00
23 37 0.000000e+00
23 38 0.000000e+00
23 39 0.000000e+00
23 40 0.000000e+00
24 1 6.220940e-09
24 2 3.561090e-09
24 3 5.891790e-09
24 4 9.012840e-09
24 5 1.444150e-08
24 6 2.294180e-08
24 7 3.628370e-08
24 8 5.766400e-08
24 9 9.101590e-08
24 10 1.448120e-07
24 11 2.292610e-07
24 12 3.632970e-07
24 13 5.751510e-07
24 14 9.130620e-07
24 15 1.445410e-06
24 16 2.313850e-06
24 17 4.163990e-06
24 18 1.527250e-05
24 19 1.298950e-04
24 20 1.402810e-03
24 21 1.485390e-02
24 22 1.357440e-01
24 23 9.483710e-01
24 24 2.702720e+00
24 25 1.095630e+00
24 26 1.009010e-01
24 27 2.190530e-03
24 28 7.071150e-06
24 29 3.662230e-08
24 30 0.000000e+00
24 31 0.000000e+00
24 32 0.000000e+00
24 33 0.000000e+00
24 34 0.000000e+00
24 35 0.000000e+00
24 36 0.000000e+00
24 37 0.000000e+00
24 38 0.000000e+00
24 39 0.000000e+00
24 40 0.000000e+00
25 1 3.710090e-09
25 2 2.123790e-09
25 3 3.513790e-09
25 4 5.375150e-09
25 5 8.612710e-09
25 6 1.368220e-08
25 7 2.163920e-08
25 8 3.439010e-08
25 9 5.428080e-08
25 10 8.636410e-08
25 11 1.367290e-07
25 12 2.166660e-07
25 13 3.430130e-07
25 14 5.445300e-07
25 15 8.621860e-07
25 16 1.371840e-06
25 17 2.194110e-06
25 18 3.545680e-06
25 19 6.534730e-06
25 20 3.294250e-05
25 21 4.902820e-04
25 22 7.840460e-03
25 23 1.022970e-01
25 24 9.293740e-01
25 25 2.884350e+00
25 26 1.012180e+00
25 27 6.088900e-02
25 28 6.157610e-04
25 29 1.581230e-06
25 30 0.000000e+00
25 31 0.000000e+00
25 32 0.000000e+00
25 33 0.000000e+00
25 34 0.000000e+00
25 35 0.000000e+00
25 36 0.000000e+00
25 37 0.000000e+00
25 38 0.000000e+00
25 39 0.000000e+00
25 40 0.000000e+00
26 1 1.436130e-09
26 2 8.221000e-10
26 3 1.360150e-09
26 4 2.080660e-09
26 5 3.333880e-09
26 6 5.296220e-09
26 7 8.376280e-09
26 8 1.331200e-08
26 9 2.101150e-08
26 10 3.343060e-08
26 11 5.292610e-08
26 12 8.386900e-08
26 13 1.327760e-07
26 14 2.107810e-07
26 15 3.336240e-07
26 16 5.291990e-07
26 17 8.405790e-07
26 18 1.346320e-06
26 19 2.212680e-06
26 20 4.484010e-06
26 21 1.941890e-05
26 22 2.310360e-04
26 23 4.185360e-03
26 24 7.370060e-02
26 25 8.955650e-01
26 26 3.069310e+00
26 27 9.173590e-01
26 28 3.416590e-02
26 29 1.575770e-04
26 30 1.372100e-07
26 31 0.000000e+00
26 32 0.000000e+00
26 33 0.000000e+00
26 34 0.000000e+00
26 35 0.000000e+00
26 36 0.000000e+00
26 37 0.000000e+00
26 38 0.000000e+00
26 39 0.000000e+00
26 40 0.000000e+00
27 1 8.669100e-10
27 2 4.962500e-10
27 3 8.210400e-10
27 4 1.255970e-09
27 5 2.012470e-09
27 6 3.197020e-09
27 7 5.056270e-09
27 8 8.035690e-09
27 9 1.268340e-08
27 10 2.018010e-08
27 11 3.194840e-08
27 12 5.062680e-08
27 13 8.014940e-08
27 14 1.272360e-07
27 15 2.013890e-07
27 16 3.194460e-07
27 17 5.063070e-07
27 18 8.030370e-07
27 19 1.274850e-06
27 20 2.031870e-06
27 21 3.245520e-06
27 22 5.367120e-06
27 23 4.104610e-05
27 24 1.603150e-03
27 25 4.970500e-02
27 26 8.612510e-01
27 27 3.238060e+00
27 28 8.236200e-01
27 29 1.731840e-02
27 30 2.815120e-05
27 31 2.760920e-07
27 32 0.000000e+00
27 33 0.000000e+00
27 34 0.000000e+00
27 35 0.000000e+00
27 36 0.000000e+00
27 37 0.000000e+00
27 38 0.000000e+00
27 39 0.000000e+00
27 40 0.000000e+00
28 1 6.230200e-10
28 2 3.566400e-10
28 3 5.900500e-10
28 4 9.026200e-10
28 5 1.446290e-09
28 6 2.297570e-09
28 7 3.633740e-09
28 8 5.774940e-09
28 9 9.115070e-09
28 10 1.450260e-08
28 11 2.296010e-08
28 12 3.638350e-08
28 13 5.760030e-08
28 14 9.143990e-08
28 15 1.447310e-07
28 16 2.295740e-07
28 17 3.638490e-07
28 18 5.767130e-07
28 19 9.141660e-07
28 20 1.455250e-06
28 21 2.327220e-06
28 22 3.742140e-06
28 23 6.025250e-06
28 24 1.557120e-05
28 25 6.143130e-04
28 26 3.167720e-02
28 27 8.163520e-01
28 28 3.403090e+00
28 29 7.290300e-01
28 30 7.959780e-03
28 31 5.861170e-06
28 32 4.995100e-11
28 33 0.000000e+00
28 34 0.000000e+00
28 35 0.000000e+00
28 36 0.000000e+00
28 37 0.000000e+00
28 38 0.000000e+00
28 39 0.000000e+00
28 40 0.000000e+00
29 1 3.457300e-10
29 2 1.979100e-10
29 3 3.274400e-10
29 4 5.008900e-10
29 5 8.025900e-10
29 6 1.274990e-09
29 7 2.016470e-09
29 8 3.204690e-09
29 9 5.058230e-09
29 10 8.047950e-09
29 11 1.274120e-08
29 12 2.019030e-08
29 13 3.196410e-08
29 14 5.074270e-08
29 15 8.031530e-08
29 16 1.273970e-07
29 17 2.019110e-07
29 18 3.200320e-07
29 19 5.068600e-07
29 20 8.037580e-07
29 21 1.274100e-06
29 22 2.036730e-06
29 23 3.306060e-06
29 24 5.439280e-06
29 25 1.118950e-05
29 26 2.724370e-04
29 27 1.963110e-02
29 28 7.641200e-01
29 29 3.561810e+00
29 30 6.367220e-01
29 31 3.297300e-03
29 32 5.538940e-07
29 33 0.000000e+00
29 34 0.000000e+00
29 35 0.000000e+00
29 36 0.000000e+00
29 37 0.000000e+00
29 38 0.000000e+00
29 39 0.000000e+00
29 40 0.000000e+00
30 1 2.092800e-10
30 2 1.198000e-10
30 3 1.982100e-10
30 4 3.032100e-10
30 5 4.858400e-10
30 6 7.718100e-10
30 7 1.220650e-09
30 8 1.939930e-09
30 9 3.061950e-09
30 10 4.871760e-09
30 11 7.712790e-09
30 12 1.222200e-08
30 13 1.934920e-08
30 14 3.071670e-08
30 15 4.861820e-08
30 16 7.711880e-08
30 17 1.222250e-07
30 18 1.937290e-07
30 19 3.068230e-07
30 20 4.866540e-07
30 21 7.727140e-07
30 22 1.233080e-06
30 23 1.980500e-06
30 24 3.203700e-06
30 25 5.206520e-06
30 26 8.453790e-06
30 27 4.670660e-05
30 28 1.026640e-02
30 29 7.176450e-01
30 30 3.700310e+00
30 31 5.533830e-01
30 32 1.178750e-03
30 33 7.412000e-08
30 34 0.000000e+00
30 35 0.000000e+00
30 36 0.000000e+00
30 37 0.000000e+00
30 38 0.000000e+00
30 39 0.000000e+00
30 40 0.000000e+00
31 1 1.083100e-10
31 2 6.199900e-11
31 3 1.025800e-10
31 4 1.569200e-10
31 5 2.514300e-10
31 6 3.994200e-10
31 7 6.317100e-10
31 8 1.003940e-09
31 9 1.584610e-09
31 10 2.521210e-09
31 11 3.991500e-09
31 12 6.325090e-09
31 13 1.001350e-08
31 14 1.589640e-08
31 15 2.516070e-08
31 16 3.991020e-08
31 17 6.325330e-08
31 18 1.002580e-07
31 19 1.587860e-07
31 20 2.517960e-07
31 21 3.990010e-07
31 22 6.335460e-07
31 23 1.011030e-06
31 24 1.626970e-06
31 25 2.643070e-06
31 26 4.321920e-06
31 27 7.056020e-06
31 28 1.795600e-05
31 29 5.249100e-03
31 30 6.658380e-01
31 31 3.829510e+00
31 32 4.785490e-01
31 33 3.434370e-04
31 34 2.157970e-08
31 35 0.000000e+00
31 36 0.000000e+00
31 37 0.000000e+00
31 38 0.000000e+00
31 39 0.000000e+00
31 40 0.000000e+00
32 1 3.313000e-11
32 2 1.896500e-11
32 3 3.137700e-11
32 4 4.799900e-11
32 5 7.690900e-11
32 6 1.221800e-10
32 7 1.932300e-10
32 8 3.070900e-10
32 9 4.847100e-10
32 10 7.712100e-10
32 11 1.220950e-09
32 12 1.934770e-09
32 13 3.063010e-09
32 14 4.862510e-09
32 15 7.696350e-09
32 16 1.220810e-08
32 17 1.934840e-08
32 18 3.066760e-08
32 19 4.857070e-08
32 20 7.702140e-08
32 21 1.220430e-07
32 22 1.934630e-07
32 23 3.059220e-07
32 24 4.795660e-07
32 25 7.521140e-07
32 26 1.213970e-06
32 27 2.010660e-06
32 28 3.327350e-06
32 29 6.664710e-06
32 30 2.420690e-03
32 31 6.160160e-01
32 32 3.945570e+00
32 33 4.115640e-01
32 34 8.036040e-05
32 35 0.000000e+00
32 36 0.000000e+00
32 37 0.000000e+00
32 38 0.000000e+00
32 39 0.000000e+00
32 40 0.000000e+00
33 1 6.966300e-11
33 2 3.987800e-11
33 3 6.597700e-11
33 4 1.009300e-10
33 5 1.617200e-10
33 6 2.569100e-10
33 7 4.063100e-10
33 8 6.457300e-10
33 9 1.019210e-09
33 10 1.621620e-09
33 11 2.567300e-09
33 12 4.068250e-09
33 13 6.440620e-09
33 14 1.022440e-08
33 15 1.618320e-08
33 16 2.567000e-08
33 17 4.068400e-08
33 18 6.448490e-08
33 19 1.021300e-07
33 20 1.619530e-07
33 21 2.566190e-07
33 22 4.067960e-07
33 23 6.447360e-07
33 24 1.022610e-06
33 25 1.625300e-06
33 26 2.576550e-06
33 27 4.052920e-06
33 28 6.345850e-06
33 29 9.944550e-06
33 30 1.561970e-05
33 31 9.729110e-04
33 32 5.697440e-01
33 33 4.048030e+00
33 34 3.523640e-01
33 35 1.462770e-05
33 36 0.000000e+00
33 37 0.000000e+00
33 38 0.000000e+00
33 39 0.000000e+00
33 40 0.000000e+00
34 1 3.176400e-11
34 2 1.818300e-11
34 3 3.008300e-11
34 4 4.602000e-11
34 5 7.373800e-11
34 6 1.171400e-10
34 7 1.852600e-10
34 8 2.944300e-10
34 9 4.647300e-10
34 10 7.394100e-10
34 11 1.170610e-09
34 12 1.854990e-09
34 13 2.936720e-09
34 14 4.662010e-09
34 15 7.379010e-09
34 16 1.170470e-08
34 17 1.855060e-08
34 18 2.940310e-08
34 19 4.656800e-08
34 20 7.384560e-08
34 21 1.170100e-07
34 22 1.854860e-07
34 23 2.939750e-07
34 24 4.658610e-07
34 25 7.382720e-07
34 26 1.173120e-06
34 27 1.885880e-06
34 28 3.067820e-06
34 29 4.994890e-06
34 30 8.090690e-06
34 31 1.304280e-05
34 32 3.371420e-04
34 33 5.269100e-01
34 34 4.137770e+00
34 35 3.006000e-01
34 36 2.397050e-06
34 37 0.000000e+00
34 38 0.000000e+00
34 39 0.000000e+00
34 40 0.000000e+00
35 1 3.554600e-11
35 2 2.034800e-11
35 3 3.366500e-11
35 4 5.149900e-11
35 5 8.251700e-11
35 6 1.310900e-10
35 7 2.073200e-10
35 8 3.294900e-10
35 9 5.200600e-10
35 10 8.274400e-10
35 11 1.309980e-09
35 12 2.075850e-09
35 13 3.286370e-09
35 14 5.217080e-09
35 15 8.257560e-09
35 16 1.309830e-08
35 17 2.075930e-08
35 18 3.290390e-08
35 19 5.211250e-08
35 20 8.263780e-08
35 21 1.309420e-07
35 22 2.075710e-07
35 23 3.289760e-07
35 24 5.213270e-07
35 25 8.261670e-07
35 26 1.308400e-06
35 27 2.070080e-06
35 28 3.274180e-06
35 29 5.180420e-06
35 30 8.199340e-06
35 31 1.298150e-05
35 32 2.055600e-05
35 33 1.018360e-04
35 34 4.883230e-01
35 35 4.215110e+00
35 36 2.553190e-01
35 37 7.133190e-07
35 38 0.000000e+00
35 39 0.000000e+00
35 40 0.000000e+00
36 1 1.457500e-11
36 2 8.343100e-12
36 3 1.380400e-11
36 4 2.111600e-11
36 5 3.383400e-11
36 6 5.374900e-11
36 7 8.500700e-11
36 8 1.351000e-10
36 9 2.132400e-10
36 10 3.392700e-10
36 11 5.371200e-10
36 12 8.511500e-10
36 13 1.347490e-09
36 14 2.139130e-09
36 15 3.385800e-09
36 16 5.370610e-09
36 17 8.511810e-09
36 18 1.349140e-08
36 19 2.136740e-08
36 20 3.388350e-08
36 21 5.368930e-08
36 22 8.510900e-08
36 23 1.348880e-07
36 24 2.137570e-07
36 25 3.388010e-07
36 26 5.371950e-07
36 27 8.539280e-07
36 28 1.362470e-06
36 29 2.175620e-06
36 30 3.467550e-06
36 31 5.518230e-06
36 32 8.773590e-06
36 33 1.394100e-05
36 34 3.544970e-05
36 35 4.526210e-01
36 36 4.281860e+00
36 37 2.158690e-01
36 38 2.582370e-08
36 39 0.000000e+00
36 40 0.000000e+00
37 1 8.663800e-12
37 2 4.959500e-12
37 3 8.205400e-12
37 4 1.255200e-11
37 5 2.011200e-11
37 6 3.195100e-11
37 7 5.053200e-11
37 8 8.030800e-11
37 9 1.267600e-10
37 10 2.016800e-10
37 11 3.192900e-10
37 12 5.059600e-10
37 13 8.010000e-10
37 14 1.271590e-09
37 15 2.012660e-09
37 16 3.192510e-09
37 17 5.059770e-09
37 18 8.019840e-09
37 19 1.270170e-08
37 20 2.014180e-08
37 21 3.191520e-08
37 22 5.059230e-08
37 23 8.018300e-08
37 24 1.270660e-07
37 25 2.013970e-07
37 26 3.191910e-07
37 27 5.060230e-07
37 28 8.043690e-07
37 29 1.286760e-06
37 30 2.072990e-06
37 31 3.356930e-06
37 32 5.436200e-06
37 33 8.770130e-06
37 34 1.409390e-05
37 35 2.451670e-05
37 36 4.207900e-01
37 37 4.337500e+00
37 38 1.814280e-01
37 39 4.742290e-09
37 40 0.000000e+00
38 1 9.206100e-12
38 2 5.269900e-12
38 3 8.719000e-12
38 4 1.333800e-11
38 5 2.137100e-11
38 6 3.395000e-11
38 7 5.369500e-11
38 8 8.533400e-11
38 9 1.346900e-10
38 10 2.143000e-10
38 11 3.392700e-10
38 12 5.376300e-10
38 13 8.511400e-10
38 14 1.351170e-09
38 15 2.138630e-09
38 16 3.392330e-09
38 17 5.376460e-09
38 18 8.521790e-09
38 19 1.349660e-08
38 20 2.140240e-08
38 21 3.391270e-08
38 22 5.375880e-08
38 23 8.520160e-08
38 24 1.350190e-07
38 25 2.140020e-07
38 26 3.391690e-07
38 27 5.375420e-07
38 28 8.516360e-07
38 29 1.346030e-06
38 30 2.116100e-06
38 31 3.303000e-06
38 32 5.122390e-06
38 33 7.928960e-06
38 34 1.230700e-05
38 35 1.917740e-05
38 36 3.013910e-05
38 37 3.924710e-01
38 38 4.382210e+00
38 39 1.514760e-01
38 40 6.964400e-12
39 1 6.991600e-12
39 2 4.002300e-12
39 3 6.621700e-12
39 4 1.012900e-11
39 5 1.623100e-11
39 6 2.578400e-11
39 7 4.077900e-11
39 8 6.480800e-11
39 9 1.022900e-10
39 10 1.627500e-10
39 11 2.576600e-10
39 12 4.083000e-10
39 13 6.464000e-10
39 14 1.026160e-09
39 15 1.624200e-09
39 16 2.576320e-09
39 17 4.083190e-09
39 18 6.471930e-09
39 19 1.025010e-08
39 20 1.625420e-08
39 21 2.575520e-08
39 22 4.082750e-08
39 23 6.470690e-08
39 24 1.025410e-07
39 25 1.625250e-07
39 26 2.575840e-07
39 27 4.082390e-07
39 28 6.470150e-07
39 29 1.025770e-06
39 30 1.630920e-06
39 31 2.609080e-06
39 32 4.204420e-06
39 33 6.815270e-06
39 34 1.105880e-05
39 35 1.788110e-05
39 36 2.878710e-05
39 37 4.619340e-05
39 38 3.670810e-01
39 39 4.416010e+00
39 40 1.256220e-01
40 1 2.318000e-12
40 2 1.326900e-12
40 3 2.195400e-12
40 4 3.358300e-12
40 5 5.381100e-12
40 6 8.548400e-12
40 7 1.352000e-11
40 8 2.148600e-11
40 9 3.391400e-11
40 10 5.395900e-11
40 11 8.542600e-11
40 12 1.353700e-10
40 13 2.143100e-10
40 14 3.402100e-10
40 15 5.384900e-10
40 16 8.541600e-10
40 17 1.353750e-09
40 18 2.145720e-09
40 19 3.398340e-09
40 20 5.388950e-09
40 21 8.538940e-09
40 22 1.353600e-08
40 23 2.145310e-08
40 24 3.399660e-08
40 25 5.388400e-08
40 26 8.540000e-08
40 27 1.353490e-07
40 28 2.145130e-07
40 29 3.399780e-07
40 30 5.390180e-07
40 31 8.578910e-07
40 32 1.376190e-06
40 33 2.232650e-06
40 34 3.653860e-06
40 35 5.974200e-06
40 36 9.707740e-06
40 37 1.568710e-05
40 38 2.524160e-05
40 39 3.441220e-01
40 40 4.541710e+00
