1 2.722300e+02
2 2.428790e+02
3 2.163400e+02
4 1.927130e+02
5 1.718520e+02
6 1.531630e+02
7 1.364990e+02
8 1.216010e+02
9 1.084260e+02
10 9.661900e+01
11 8.609420e+01
12 7.675180e+01
13 6.838440e+01
14 6.094670e+01
15 5.429570e+01
16 4.839260e+01
17 4.313280e+01
18 3.845590e+01
19 3.428480e+01
20 3.055360e+01
21 2.723820e+01
22 2.429140e+01
23 2.165200e+01
24 1.929410e+01
25 1.721140e+01
26 1.535100e+01
27 1.367690e+01
28 1.221940e+01
29 1.090710e+01
30 9.750120e+00
31 8.724750e+00
32 7.796200e+00
33 6.994470e+00
34 6.261920e+00
35 5.618370e+00
36 5.058020e+00
37 4.565920e+00
38 4.146240e+00
39 3.781180e+00
40 3.482210e+00
