1 2.721950e+02
2 2.428540e+02
3 2.163240e+02
4 1.927050e+02
5 1.718510e+02
6 1.531660e+02
7 1.365030e+02
8 1.216130e+02
9 1.084210e+02
10 9.660820e+01
11 8.607880e+01
12 7.673650e+01
13 6.837480e+01
14 6.094520e+01
15 5.430090e+01
16 4.840450e+01
17 4.314550e+01
18 3.845220e+01
19 3.427770e+01
20 3.056140e+01
21 2.724430e+01
22 2.428660e+01
23 2.164840e+01
24 1.929940e+01
25 1.721040e+01
26 1.534630e+01
27 1.368130e+01
28 1.221910e+01
29 1.091010e+01
30 9.750740e+00
31 8.715490e+00
32 7.793030e+00
33 6.986680e+00
34 6.258260e+00
35 5.617490e+00
36 5.059300e+00
37 4.566760e+00
38 4.147840e+00
39 3.782390e+00
40 3.483790e+00
