1 2.722030e+02
2 2.428600e+02
3 2.163290e+02
4 1.927090e+02
5 1.718540e+02
6 1.531690e+02
7 1.365050e+02
8 1.216170e+02
9 1.084260e+02
10 9.661380e+01
11 8.608470e+01
12 7.674160e+01
13 6.837780e+01
14 6.094520e+01
15 5.429770e+01
16 4.839950e+01
17 4.314220e+01
18 3.845310e+01
19 3.427880e+01
20 3.055870e+01
21 2.724210e+01
22 2.428860e+01
23 2.164970e+01
24 1.929710e+01
25 1.721030e+01
26 1.534710e+01
27 1.367930e+01
28 1.221930e+01
29 1.090940e+01
30 9.750720e+00
31 8.715410e+00
32 7.792760e+00
33 6.988190e+00
34 6.263920e+00
35 5.619260e+00
36 5.058780e+00
37 4.566460e+00
38 4.147200e+00
39 3.781900e+00
40 3.483130e+00
