1 1 4.600010e-01
1 2 1.706130e-01
1 3 2.283910e-01
1 4 2.746080e-01
1 5 3.415070e-01
1 6 4.173730e-01
1 7 5.037540e-01
1 8 6.046360e-01
1 9 7.116850e-01
1 10 8.306240e-01
1 11 9.446930e-01
1 12 1.048280e+00
1 13 1.125430e+00
1 14 1.162940e+00
1 15 1.137850e+00
1 16 1.046030e+00
1 17 8.858530e-01
1 18 6.777060e-01
1 19 4.562020e-01
1 20 2.620930e-01
1 21 1.231690e-01
1 22 4.511640e-02
1 23 1.210100e-02
1 24 2.202470e-03
1 25 2.475620e-04
1 26 1.630340e-05
1 27 8.795710e-07
1 28 2.173710e-08
1 29 0.000000e+00
1 30 0.000000e+00
1 31 0.000000e+00
1 32 0.000000e+00
1 33 0.000000e+00
1 34 0.000000e+00
1 35 0.000000e+00
1 36 0.000000e+00
1 37 0.000000e+00
1 38 0.000000e+00
1 39 0.000000e+00
1 40 0.000000e+00
2 1 3.691600e-01
2 2 1.463880e-01
2 3 2.014090e-01
2 4 2.468940e-01
2 5 3.086100e-01
2 6 3.772980e-01
2 7 4.555290e-01
2 8 5.469700e-01
2 9 6.441220e-01
2 10 7.522610e-01
2 11 8.562310e-01
2 12 9.510210e-01
2 13 1.022230e+00
2 14 1.057970e+00
2 15 1.037110e+00
2 16 9.557090e-01
2 17 8.117450e-01
2 18 6.233330e-01
2 19 4.214970e-01
2 20 2.435240e-01
2 21 1.152310e-01
2 22 4.256320e-02
2 23 1.153230e-02
2 24 2.124550e-03
2 25 2.422810e-04
2 26 1.621390e-05
2 27 8.875770e-07
2 28 2.240870e-08
2 29 0.000000e+00
2 30 0.000000e+00
2 31 0.000000e+00
2 32 0.000000e+00
2 33 0.000000e+00
2 34 0.000000e+00
2 35 0.000000e+00
2 36 0.000000e+00
2 37 0.000000e+00
2 38 0.000000e+00
2 39 0.000000e+00
2 40 0.000000e+00
3 1 2.912530e-01
3 2 1.214980e-01
3 3 1.729160e-01
3 4 2.189540e-01
3 5 2.787020e-01
3 6 3.416610e-01
3 7 4.126710e-01
3 8 4.957610e-01
3 9 5.841830e-01
3 10 6.827770e-01
3 11 7.779050e-01
3 12 8.650580e-01
3 13 9.311830e-01
3 14 9.655910e-01
3 15 9.487980e-01
3 16 8.769060e-01
3 17 7.475350e-01
3 18 5.766280e-01
3 19 3.920860e-01
3 20 2.280920e-01
3 21 1.088350e-01
3 22 4.061060e-02
3 23 1.113850e-02
3 24 2.082150e-03
3 25 2.416020e-04
3 26 1.648120e-05
3 27 9.180690e-07
3 28 2.379920e-08
3 29 0.000000e+00
3 30 0.000000e+00
3 31 0.000000e+00
3 32 0.000000e+00
3 33 0.000000e+00
3 34 0.000000e+00
3 35 0.000000e+00
3 36 0.000000e+00
3 37 0.000000e+00
3 38 0.000000e+00
3 39 0.000000e+00
3 40 0.000000e+00
4 1 2.231600e-01
4 2 9.665990e-02
4 3 1.427990e-01
4 4 1.887510e-01
4 5 2.492700e-01
4 6 3.103120e-01
4 7 3.752960e-01
4 8 4.511730e-01
4 9 5.320470e-01
4 10 6.224220e-01
4 11 7.100040e-01
4 12 7.907210e-01
4 13 8.527000e-01
4 14 8.862400e-01
4 15 8.733680e-01
4 16 8.100860e-01
4 17 6.936640e-01
4 18 5.379990e-01
4 19 3.683000e-01
4 20 2.160260e-01
4 21 1.041180e-01
4 22 3.932250e-02
4 23 1.094220e-02
4 24 2.080820e-03
4 25 2.463760e-04
4 26 1.717970e-05
4 27 9.761230e-07
4 28 2.609310e-08
4 29 0.000000e+00
4 30 0.000000e+00
4 31 0.000000e+00
4 32 0.000000e+00
4 33 0.000000e+00
4 34 0.000000e+00
4 35 0.000000e+00
4 36 0.000000e+00
4 37 0.000000e+00
4 38 0.000000e+00
4 39 0.000000e+00
4 40 0.000000e+00
5 1 1.756120e-01
5 2 7.561310e-02
5 3 1.135590e-01
5 4 1.556970e-01
5 5 2.161220e-01
5 6 2.803810e-01
5 7 3.430660e-01
5 8 4.128150e-01
5 9 4.872730e-01
5 10 5.707100e-01
5 11 6.519490e-01
5 12 7.273760e-01
5 13 7.861190e-01
5 14 8.192810e-01
5 15 8.102300e-01
5 16 7.547630e-01
5 17 6.497440e-01
5 18 5.072390e-01
5 19 3.500380e-01
5 20 2.073200e-01
5 21 1.011060e-01
5 22 3.872570e-02
5 23 1.095760e-02
5 24 2.125050e-03
5 25 2.574410e-04
5 26 1.839700e-05
5 27 1.068480e-06
5 28 2.955660e-08
5 29 0.000000e+00
5 30 0.000000e+00
5 31 0.000000e+00
5 32 0.000000e+00
5 33 0.000000e+00
5 34 0.000000e+00
5 35 0.000000e+00
5 36 0.000000e+00
5 37 0.000000e+00
5 38 0.000000e+00
5 39 0.000000e+00
5 40 0.000000e+00
6 1 1.351460e-01
6 2 5.794670e-02
6 3 8.744450e-02
6 4 1.220650e-01
6 5 1.769740e-01
6 6 2.444950e-01
6 7 3.129890e-01
6 8 3.797410e-01
6 9 4.487300e-01
6 10 5.263080e-01
6 11 6.022800e-01
6 12 6.734230e-01
6 13 7.297530e-01
6 14 7.629980e-01
6 15 7.578100e-01
6 16 7.095940e-01
6 17 6.147700e-01
6 18 4.836910e-01
6 19 3.369790e-01
6 20 2.019010e-01
6 21 9.984360e-02
6 22 3.888100e-02
6 23 1.121880e-02
6 24 2.226210e-03
6 25 2.769730e-04
6 26 2.035880e-05
6 27 1.212880e-06
6 28 3.491480e-08
6 29 0.000000e+00
6 30 0.000000e+00
6 31 0.000000e+00
6 32 0.000000e+00
6 33 0.000000e+00
6 34 0.000000e+00
6 35 0.000000e+00
6 36 0.000000e+00
6 37 0.000000e+00
6 38 0.000000e+00
6 39 0.000000e+00
6 40 0.000000e+00
7 1 9.966280e-02
7 2 4.271080e-02
7 3 6.528870e-02
7 4 9.219820e-02
7 5 1.363240e-01
7 6 1.984190e-01
7 7 2.750880e-01
7 8 3.501950e-01
7 9 4.162360e-01
7 10 4.889840e-01
7 11 5.607240e-01
7 12 6.285650e-01
7 13 6.832890e-01
7 14 7.171980e-01
7 15 7.158380e-01
7 16 6.743710e-01
7 17 5.886190e-01
7 18 4.673750e-01
7 19 3.292310e-01
7 20 1.999280e-01
7 21 1.004780e-01
7 22 3.988650e-02
7 23 1.177270e-02
7 24 2.398950e-03
7 25 3.077960e-04
7 26 2.335980e-05
7 27 1.433870e-06
7 28 4.323870e-08
7 29 0.000000e+00
7 30 0.000000e+00
7 31 0.000000e+00
7 32 0.000000e+00
7 33 0.000000e+00
7 34 0.000000e+00
7 35 0.000000e+00
7 36 0.000000e+00
7 37 0.000000e+00
7 38 0.000000e+00
7 39 0.000000e+00
7 40 0.000000e+00
8 1 7.429510e-02
8 2 3.188930e-02
8 3 4.881050e-02
8 4 6.915920e-02
8 5 1.025770e-01
8 6 1.510430e-01
8 7 2.210870e-01
8 8 3.103850e-01
8 9 3.880690e-01
8 10 4.579020e-01
8 11 5.263670e-01
8 12 5.918570e-01
8 13 6.458080e-01
8 14 6.809720e-01
8 15 6.836380e-01
8 16 6.486480e-01
8 17 5.711410e-01
8 18 4.583620e-01
8 19 3.270730e-01
8 20 2.017290e-01
8 21 1.032900e-01
8 22 4.191660e-02
8 23 1.269650e-02
8 24 2.666590e-03
8 25 3.543330e-04
8 26 2.760560e-05
8 27 1.732380e-06
8 28 5.642870e-08
8 29 0.000000e+00
8 30 0.000000e+00
8 31 0.000000e+00
8 32 0.000000e+00
8 33 0.000000e+00
8 34 0.000000e+00
8 35 0.000000e+00
8 36 0.000000e+00
8 37 0.000000e+00
8 38 0.000000e+00
8 39 0.000000e+00
8 40 0.000000e+00
9 1 5.717250e-02
9 2 2.403340e-02
9 3 3.619010e-02
9 4 5.098140e-02
9 5 7.605160e-02
9 6 1.126090e-01
9 7 1.663560e-01
9 8 2.473650e-01
9 9 3.476830e-01
9 10 4.321400e-01
9 11 4.987080e-01
9 12 5.628240e-01
9 13 6.169050e-01
9 14 6.540930e-01
9 15 6.611000e-01
9 16 6.325820e-01
9 17 5.627450e-01
9 18 4.572820e-01
9 19 3.312460e-01
9 20 2.079890e-01
9 21 1.087880e-01
9 22 4.526590e-02
9 23 1.411500e-02
9 24 3.065410e-03
9 25 4.231830e-04
9 26 3.371860e-05
9 27 2.123360e-06
9 28 7.702770e-08
9 29 0.000000e+00
9 30 0.000000e+00
9 31 0.000000e+00
9 32 0.000000e+00
9 33 0.000000e+00
9 34 0.000000e+00
9 35 0.000000e+00
9 36 0.000000e+00
9 37 0.000000e+00
9 38 0.000000e+00
9 39 0.000000e+00
9 40 0.000000e+00
10 1 4.141800e-02
10 2 1.743440e-02
10 3 2.640210e-02
10 4 3.731110e-02
10 5 5.567110e-02
10 6 8.265780e-02
10 7 1.224850e-01
10 8 1.832650e-01
10 9 2.737670e-01
10 10 3.916260e-01
10 11 4.773770e-01
10 12 5.411630e-01
10 13 5.962260e-01
10 14 6.361980e-01
10 15 6.479830e-01
10 16 6.260260e-01
10 17 5.634600e-01
10 18 4.643890e-01
10 19 3.421810e-01
10 20 2.192570e-01
10 21 1.174790e-01
10 22 5.028810e-02
10 23 1.620690e-02
10 24 3.656600e-03
10 25 5.274200e-04
10 26 4.371820e-05
10 27 2.818360e-06
10 28 1.124460e-07
10 29 0.000000e+00
10 30 0.000000e+00
10 31 0.000000e+00
10 32 0.000000e+00
10 33 0.000000e+00
10 34 0.000000e+00
10 35 0.000000e+00
10 36 0.000000e+00
10 37 0.000000e+00
10 38 0.000000e+00
10 39 0.000000e+00
10 40 0.000000e+00
11 1 2.896460e-02
11 2 1.222170e-02
11 3 1.849160e-02
11 4 2.611610e-02
11 5 3.906890e-02
11 6 5.850780e-02
11 7 8.758270e-02
11 8 1.320890e-01
11 9 1.989990e-01
11 10 3.043070e-01
11 11 4.385820e-01
11 12 5.272170e-01
11 13 5.841900e-01
11 14 6.278040e-01
11 15 6.449690e-01
11 16 6.297980e-01
11 17 5.742860e-01
11 18 4.808480e-01
11 19 3.611140e-01
11 20 2.367180e-01
11 21 1.303100e-01
11 22 5.759770e-02
11 23 1.927330e-02
11 24 4.543460e-03
11 25 6.896780e-04
11 26 6.039760e-05
11 27 4.026640e-06
11 28 1.779450e-07
11 29 0.000000e+00
11 30 0.000000e+00
11 31 0.000000e+00
11 32 0.000000e+00
11 33 0.000000e+00
11 34 0.000000e+00
11 35 0.000000e+00
11 36 0.000000e+00
11 37 0.000000e+00
11 38 0.000000e+00
11 39 0.000000e+00
11 40 0.000000e+00
12 1 2.098760e-02
12 2 8.846050e-03
12 3 1.333300e-02
12 4 1.870250e-02
12 5 2.769040e-02
12 6 4.091150e-02
12 7 6.109390e-02
12 8 9.294110e-02
12 9 1.412320e-01
12 10 2.176400e-01
12 11 3.364750e-01
12 12 4.907770e-01
12 13 5.791740e-01
12 14 6.274520e-01
12 15 6.511770e-01
12 16 6.437060e-01
12 17 5.958590e-01
12 18 5.080480e-01
12 19 3.899210e-01
12 20 2.623070e-01
12 21 1.488500e-01
12 22 6.818110e-02
12 23 2.377570e-02
12 24 5.876350e-03
12 25 9.413340e-04
12 26 8.747210e-05
12 27 5.937860e-06
12 28 2.910460e-07
12 29 0.000000e+00
12 30 0.000000e+00
12 31 0.000000e+00
12 32 0.000000e+00
12 33 0.000000e+00
12 34 0.000000e+00
12 35 0.000000e+00
12 36 0.000000e+00
12 37 0.000000e+00
12 38 0.000000e+00
12 39 0.000000e+00
12 40 0.000000e+00
13 1 1.322750e-02
13 2 5.607750e-03
13 3 8.477400e-03
13 4 1.192170e-02
13 5 1.773380e-02
13 6 2.651010e-02
13 7 4.006060e-02
13 8 6.172440e-02
13 9 9.548740e-02
13 10 1.494940e-01
13 11 2.343150e-01
13 12 3.707970e-01
13 13 5.491600e-01
13 14 6.382210e-01
13 15 6.692710e-01
13 16 6.701550e-01
13 17 6.302460e-01
13 18 5.478000e-01
13 19 4.303360e-01
13 20 2.977170e-01
13 21 1.747060e-01
13 22 8.328290e-02
13 23 3.045330e-02
13 24 7.960420e-03
13 25 1.362250e-03
13 26 1.366970e-04
13 27 8.663650e-06
13 28 4.400730e-07
13 29 0.000000e+00
13 30 0.000000e+00
13 31 0.000000e+00
13 32 0.000000e+00
13 33 0.000000e+00
13 34 0.000000e+00
13 35 0.000000e+00
13 36 0.000000e+00
13 37 0.000000e+00
13 38 0.000000e+00
13 39 0.000000e+00
13 40 0.000000e+00
14 1 9.391340e-03
14 2 3.982230e-03
14 3 6.020570e-03
14 4 8.467880e-03
14 5 1.257240e-02
14 6 1.866410e-02
14 7 2.788710e-02
14 8 4.232030e-02
14 9 6.457470e-02
14 10 1.011480e-01
14 11 1.593290e-01
14 12 2.536060e-01
14 13 4.077410e-01
14 14 6.119370e-01
14 15 6.944930e-01
14 16 7.063310e-01
14 17 6.770210e-01
14 18 6.021590e-01
14 19 4.861890e-01
14 20 3.474430e-01
14 21 2.117920e-01
14 22 1.054970e-01
14 23 4.057770e-02
14 24 1.123140e-02
14 25 2.049210e-03
14 26 2.206660e-04
14 27 1.338590e-05
14 28 6.371840e-07
14 29 0.000000e+00
14 30 0.000000e+00
14 31 0.000000e+00
14 32 0.000000e+00
14 33 0.000000e+00
14 34 0.000000e+00
14 35 0.000000e+00
14 36 0.000000e+00
14 37 0.000000e+00
14 38 0.000000e+00
14 39 0.000000e+00
14 40 0.000000e+00
15 1 5.822150e-03
15 2 2.480510e-03
15 3 3.759810e-03
15 4 5.304360e-03
15 5 7.902970e-03
15 6 1.177280e-02
15 7 1.765130e-02
15 8 2.697110e-02
15 9 4.158930e-02
15 10 6.555300e-02
15 11 1.039890e-01
15 12 1.670440e-01
15 13 2.714490e-01
15 14 4.478420e-01
15 15 6.802690e-01
15 16 7.565730e-01
15 17 7.398860e-01
15 18 6.743810e-01
15 19 5.608420e-01
15 20 4.150660e-01
15 21 2.637840e-01
15 22 1.379950e-01
15 23 5.619970e-02
15 24 1.662050e-02
15 25 3.272150e-03
15 26 3.843150e-04
15 27 2.421250e-05
15 28 1.197450e-06
15 29 1.813500e-07
15 30 5.127950e-08
15 31 0.000000e+00
15 32 0.000000e+00
15 33 0.000000e+00
15 34 0.000000e+00
15 35 0.000000e+00
15 36 0.000000e+00
15 37 0.000000e+00
15 38 0.000000e+00
15 39 0.000000e+00
15 40 0.000000e+00
16 1 3.305570e-03
16 2 1.416950e-03
16 3 2.154480e-03
16 4 3.051260e-03
16 5 4.567560e-03
16 6 6.843010e-03
16 7 1.032520e-02
16 8 1.588310e-02
16 9 2.468500e-02
16 10 3.934190e-02
16 11 6.340260e-02
16 12 1.037040e-01
16 13 1.715970e-01
16 14 2.883810e-01
16 15 4.890020e-01
16 16 7.581940e-01
16 17 8.217570e-01
16 18 7.685150e-01
16 19 6.595480e-01
16 20 5.070370e-01
16 21 3.371940e-01
16 22 1.861840e-01
16 23 8.079830e-02
16 24 2.574950e-02
16 25 5.530970e-03
16 26 7.187040e-04
16 27 4.982940e-05
16 28 2.546540e-06
16 29 1.224610e-06
16 30 3.630080e-07
16 31 0.000000e+00
16 32 0.000000e+00
16 33 0.000000e+00
16 34 0.000000e+00
16 35 0.000000e+00
16 36 0.000000e+00
16 37 0.000000e+00
16 38 0.000000e+00
16 39 0.000000e+00
16 40 0.000000e+00
17 1 1.867920e-03
17 2 8.051830e-04
17 3 1.227800e-03
17 4 1.745030e-03
17 5 2.623230e-03
17 6 3.949890e-03
17 7 5.994920e-03
17 8 9.274170e-03
17 9 1.447850e-02
17 10 2.317450e-02
17 11 3.754370e-02
17 12 6.190110e-02
17 13 1.036140e-01
17 14 1.766520e-01
17 15 3.046850e-01
17 16 5.331300e-01
17 17 8.400780e-01
17 18 8.858550e-01
17 19 7.873630e-01
17 20 6.317120e-01
17 21 4.419240e-01
17 22 2.590230e-01
17 23 1.205290e-01
17 24 4.163340e-02
17 25 9.805260e-03
17 26 1.414750e-03
17 27 1.096040e-04
17 28 5.183310e-06
17 29 1.488080e-06
17 30 2.940520e-07
17 31 0.000000e+00
17 32 0.000000e+00
17 33 0.000000e+00
17 34 0.000000e+00
17 35 0.000000e+00
17 36 0.000000e+00
17 37 0.000000e+00
17 38 0.000000e+00
17 39 0.000000e+00
17 40 0.000000e+00
18 1 8.977080e-04
18 2 3.902140e-04
18 3 5.975510e-04
18 4 8.536590e-04
18 5 1.291330e-03
18 6 1.959480e-03
18 7 3.002250e-03
18 8 4.696940e-03
18 9 7.428670e-03
18 10 1.206940e-02
18 11 1.989300e-02
18 12 3.345200e-02
18 13 5.725250e-02
18 14 1.000100e-01
18 15 1.770370e-01
18 16 3.185380e-01
18 17 5.788820e-01
18 18 9.323210e-01
18 19 9.520600e-01
18 20 7.983250e-01
18 21 5.894340e-01
18 22 3.685460e-01
18 23 1.852100e-01
18 24 7.005140e-02
18 25 1.834350e-02
18 26 2.992140e-03
18 27 2.665490e-04
18 28 1.231290e-05
18 29 1.013300e-06
18 30 5.043370e-09
18 31 0.000000e+00
18 32 0.000000e+00
18 33 0.000000e+00
18 34 0.000000e+00
18 35 0.000000e+00
18 36 0.000000e+00
18 37 0.000000e+00
18 38 0.000000e+00
18 39 0.000000e+00
18 40 0.000000e+00
19 1 3.748490e-04
19 2 1.640110e-04
19 3 2.515230e-04
19 4 3.601570e-04
19 5 5.467540e-04
19 6 8.340830e-04
19 7 1.287830e-03
19 8 2.036980e-03
19 9 3.270940e-03
19 10 5.422130e-03
19 11 9.159660e-03
19 12 1.584440e-02
19 13 2.796570e-02
19 14 5.048000e-02
19 15 9.260130e-02
19 16 1.731800e-01
19 17 3.278260e-01
19 18 6.254990e-01
19 19 1.035280e+00
19 20 1.021260e+00
19 21 7.969570e-01
19 22 5.332380e-01
19 23 2.908960e-01
19 24 1.214730e-01
19 25 3.584060e-02
19 26 6.748510e-03
19 27 7.146240e-04
19 28 3.728740e-05
19 29 1.266440e-06
19 30 1.909250e-08
19 31 0.000000e+00
19 32 0.000000e+00
19 33 0.000000e+00
19 34 0.000000e+00
19 35 0.000000e+00
19 36 0.000000e+00
19 37 0.000000e+00
19 38 0.000000e+00
19 39 0.000000e+00
19 40 0.000000e+00
20 1 1.438180e-04
20 2 6.438500e-05
20 3 9.948530e-05
20 4 1.436890e-04
20 5 2.202400e-04
20 6 3.396330e-04
20 7 5.306310e-04
20 8 8.497300e-04
20 9 1.381680e-03
20 10 2.320760e-03
20 11 3.980820e-03
20 12 7.012190e-03
20 13 1.265170e-02
20 14 2.347430e-02
20 15 4.442470e-02
20 16 8.596910e-02
20 17 1.692530e-01
20 18 3.372060e-01
20 19 6.741690e-01
20 20 1.142850e+00
20 21 1.080850e+00
20 22 7.803050e-01
20 23 4.664030e-01
20 24 2.168890e-01
20 25 7.244810e-02
20 26 1.569370e-02
20 27 1.938700e-03
20 28 1.165420e-04
20 29 3.364860e-06
20 30 5.842760e-08
20 31 4.284600e-11
20 32 0.000000e+00
20 33 0.000000e+00
20 34 0.000000e+00
20 35 0.000000e+00
20 36 0.000000e+00
20 37 0.000000e+00
20 38 0.000000e+00
20 39 0.000000e+00
20 40 0.000000e+00
21 1 4.339850e-05
21 2 2.017340e-05
21 3 3.148740e-05
21 4 4.602640e-05
21 5 7.154390e-05
21 6 1.121420e-04
21 7 1.784980e-04
21 8 2.919590e-04
21 9 4.861740e-04
21 10 8.384960e-04
21 11 1.481090e-03
21 12 2.694310e-03
21 13 5.025200e-03
21 14 9.617920e-03
21 15 1.879990e-02
21 16 3.779620e-02
21 17 7.766290e-02
21 18 1.623210e-01
21 19 3.421280e-01
21 20 7.218640e-01
21 21 1.257620e+00
21 22 1.138320e+00
21 23 7.495590e-01
21 24 3.915280e-01
21 25 1.500270e-01
21 26 3.813780e-02
21 27 5.665350e-03
21 28 4.192960e-04
21 29 1.354220e-05
21 30 2.998770e-07
21 31 3.168660e-09
21 32 0.000000e+00
21 33 0.000000e+00
21 34 0.000000e+00
21 35 0.000000e+00
21 36 0.000000e+00
21 37 0.000000e+00
21 38 0.000000e+00
21 39 0.000000e+00
21 40 0.000000e+00
22 1 9.543570e-06
22 2 4.877690e-06
22 3 7.699490e-06
22 4 1.137950e-05
22 5 1.791820e-05
22 6 2.852680e-05
22 7 4.625180e-05
22 8 7.731480e-05
22 9 1.320570e-04
22 10 2.345860e-04
22 11 4.288150e-04
22 12 8.124530e-04
22 13 1.586480e-03
22 14 3.181020e-03
22 15 6.509680e-03
22 16 1.374170e-02
22 17 2.985940e-02
22 18 6.644190e-02
22 19 1.500470e-01
22 20 3.409840e-01
22 21 7.685430e-01
22 22 1.385040e+00
22 23 1.189920e+00
22 24 7.027450e-01
22 25 3.124950e-01
22 26 9.483500e-02
22 27 1.734580e-02
22 28 1.634210e-03
22 29 6.585450e-05
22 30 1.599940e-06
22 31 3.745050e-08
22 32 0.000000e+00
22 33 0.000000e+00
22 34 0.000000e+00
22 35 0.000000e+00
22 36 0.000000e+00
22 37 0.000000e+00
22 38 0.000000e+00
22 39 0.000000e+00
22 40 0.000000e+00
23 1 1.580250e-06
23 2 8.756100e-07
23 3 1.412750e-06
23 4 2.115530e-06
23 5 3.357190e-06
23 6 5.384520e-06
23 7 8.821360e-06
23 8 1.497360e-05
23 9 2.611920e-05
23 10 4.773720e-05
23 11 9.061190e-05
23 12 1.802710e-04
23 13 3.757550e-04
23 14 8.150940e-04
23 15 1.802640e-03
23 16 4.066480e-03
23 17 9.362940e-03
23 18 2.215750e-02
23 19 5.392740e-02
23 20 1.338380e-01
23 21 3.324350e-01
23 22 8.126070e-01
23 23 1.524000e+00
23 24 1.233100e+00
23 25 6.403800e-01
23 26 2.348940e-01
23 27 5.396820e-02
23 28 6.674030e-03
23 29 3.671070e-04
23 30 8.186220e-06
23 31 3.397110e-07
23 32 0.000000e+00
23 33 0.000000e+00
23 34 0.000000e+00
23 35 0.000000e+00
23 36 0.000000e+00
23 37 0.000000e+00
23 38 0.000000e+00
23 39 0.000000e+00
23 40 0.000000e+00
24 1 2.143060e-07
24 2 1.226770e-07
24 3 2.029670e-07
24 4 3.104850e-07
24 5 4.977510e-07
24 6 8.009610e-07
24 7 1.305410e-06
24 8 2.205860e-06
24 9 3.871610e-06
24 10 7.243210e-06
24 11 1.425970e-05
24 12 2.963130e-05
24 13 6.509160e-05
24 14 1.517250e-04
24 15 3.661870e-04
24 16 9.014700e-04
24 17 2.256430e-03
24 18 5.790290e-03
24 19 1.531040e-02
24 20 4.183300e-02
24 21 1.159640e-01
24 22 3.195030e-01
24 23 8.540140e-01
24 24 1.669250e+00
24 25 1.263150e+00
24 26 5.657460e-01
24 27 1.652920e-01
24 28 2.713760e-02
24 29 2.072310e-03
24 30 5.908620e-05
24 31 1.223850e-06
24 32 0.000000e+00
24 33 0.000000e+00
24 34 0.000000e+00
24 35 0.000000e+00
24 36 0.000000e+00
24 37 0.000000e+00
24 38 0.000000e+00
24 39 0.000000e+00
24 40 0.000000e+00
25 1 4.546850e-08
25 2 2.602780e-08
25 3 4.306280e-08
25 4 6.587440e-08
25 5 1.055520e-07
25 6 1.676800e-07
25 7 2.651960e-07
25 8 4.214630e-07
25 9 6.657620e-07
25 10 1.072510e-06
25 11 1.832570e-06
25 12 3.507950e-06
25 13 7.669840e-06
25 14 1.902270e-05
25 15 5.137420e-05
25 16 1.434760e-04
25 17 3.949850e-04
25 18 1.101460e-03
25 19 3.184790e-03
25 20 9.658660e-03
25 21 3.032440e-02
25 22 9.625350e-02
25 23 3.000100e-01
25 24 8.903870e-01
25 25 1.823650e+00
25 26 1.278990e+00
25 27 4.817160e-01
25 28 1.073720e-01
25 29 1.176750e-02
25 30 5.016080e-04
25 31 7.054880e-06
25 32 7.918030e-08
25 33 3.162020e-08
25 34 0.000000e+00
25 35 0.000000e+00
25 36 0.000000e+00
25 37 0.000000e+00
25 38 0.000000e+00
25 39 0.000000e+00
25 40 0.000000e+00
26 1 9.663870e-09
26 2 5.531950e-09
26 3 9.152560e-09
26 4 1.400090e-08
26 5 2.243400e-08
26 6 3.563870e-08
26 7 5.636470e-08
26 8 8.957770e-08
26 9 1.413880e-07
26 10 2.249570e-07
26 11 3.564910e-07
26 12 5.734240e-07
26 13 9.671910e-07
26 14 1.851250e-06
26 15 4.523180e-06
26 16 1.502590e-05
26 17 5.677890e-05
26 18 1.911150e-04
26 19 5.965220e-04
26 20 1.859230e-03
26 21 6.031130e-03
26 22 2.081880e-02
26 23 7.530890e-02
26 24 2.708940e-01
26 25 9.167530e-01
26 26 1.993840e+00
26 27 1.278510e+00
26 28 3.910080e-01
26 29 6.361720e-02
26 30 4.441410e-03
26 31 1.014910e-04
26 32 1.692610e-06
26 33 2.298120e-07
26 34 0.000000e+00
26 35 0.000000e+00
26 36 0.000000e+00
26 37 0.000000e+00
26 38 0.000000e+00
26 39 0.000000e+00
26 40 0.000000e+00
27 1 2.630940e-09
27 2 1.506050e-09
27 3 2.491740e-09
27 4 3.811680e-09
27 5 6.107540e-09
27 6 9.702470e-09
27 7 1.534500e-08
27 8 2.438710e-08
27 9 3.849220e-08
27 10 6.124350e-08
27 11 9.695860e-08
27 12 1.536450e-07
27 13 2.432410e-07
27 14 3.861430e-07
27 15 6.145210e-07
27 16 1.098870e-06
27 17 3.039050e-06
27 18 1.135830e-05
27 19 4.414170e-05
27 20 1.732790e-04
27 21 7.064980e-04
27 22 2.968510e-03
27 23 1.281780e-02
27 24 5.664280e-02
27 25 2.421950e-01
27 26 9.402740e-01
27 27 2.159270e+00
27 28 1.259930e+00
27 29 3.049570e-01
27 30 3.386780e-02
27 31 1.319390e-03
27 32 1.483930e-05
27 33 4.918170e-07
27 34 0.000000e+00
27 35 0.000000e+00
27 36 0.000000e+00
27 37 0.000000e+00
27 38 0.000000e+00
27 39 0.000000e+00
27 40 0.000000e+00
28 1 1.833770e-09
28 2 1.049720e-09
28 3 1.736740e-09
28 4 2.656750e-09
28 5 4.256960e-09
28 6 6.762620e-09
28 7 1.069550e-08
28 8 1.699780e-08
28 9 2.682910e-08
28 10 4.268670e-08
28 11 6.758020e-08
28 12 1.070900e-07
28 13 1.695390e-07
28 14 2.691420e-07
28 15 4.259960e-07
28 16 6.757280e-07
28 17 1.074280e-06
28 18 1.794910e-06
28 19 3.844950e-06
28 20 1.309950e-05
28 21 6.075540e-05
28 22 2.880050e-04
28 23 1.384240e-03
28 24 7.242540e-03
28 25 3.956550e-02
28 26 2.074060e-01
28 27 9.528180e-01
28 28 2.335510e+00
28 29 1.222060e+00
28 30 2.248350e-01
28 31 1.598330e-02
28 32 3.193670e-04
28 33 1.713000e-06
28 34 6.020120e-09
28 35 0.000000e+00
28 36 0.000000e+00
28 37 0.000000e+00
28 38 0.000000e+00
28 39 0.000000e+00
28 40 0.000000e+00
29 1 6.564100e-10
29 2 3.757600e-10
29 3 6.216800e-10
29 4 9.510100e-10
29 5 1.523820e-09
29 6 2.420750e-09
29 7 3.828550e-09
29 8 6.084530e-09
29 9 9.603720e-09
29 10 1.528010e-08
29 11 2.419100e-08
29 12 3.833400e-08
29 13 6.068810e-08
29 14 9.634190e-08
29 15 1.524890e-07
29 16 2.418810e-07
29 17 3.833540e-07
29 18 6.076240e-07
29 19 9.624740e-07
29 20 1.660860e-06
29 21 5.462090e-06
29 22 2.907800e-05
29 23 1.395840e-04
29 24 7.080630e-04
29 25 4.075260e-03
29 26 2.626340e-02
29 27 1.699050e-01
29 28 9.508110e-01
29 29 2.522330e+00
29 30 1.163590e+00
29 31 1.561220e-01
29 32 6.689600e-03
29 33 5.984080e-05
29 34 1.955620e-07
29 35 0.000000e+00
29 36 0.000000e+00
29 37 0.000000e+00
29 38 0.000000e+00
29 39 0.000000e+00
29 40 0.000000e+00
30 1 2.726600e-10
30 2 1.560800e-10
30 3 2.582300e-10
30 4 3.950200e-10
30 5 6.329500e-10
30 6 1.005510e-09
30 7 1.590270e-09
30 8 2.527340e-09
30 9 3.989110e-09
30 10 6.346920e-09
30 11 1.004820e-08
30 12 1.592290e-08
30 13 2.520810e-08
30 14 4.001770e-08
30 15 6.333980e-08
30 16 1.004700e-07
30 17 1.592340e-07
30 18 2.523900e-07
30 19 3.997320e-07
30 20 6.380680e-07
30 21 1.065510e-06
30 22 2.009310e-06
30 23 4.941730e-06
30 24 2.191710e-05
30 25 1.665730e-04
30 26 1.566440e-03
30 27 1.539670e-02
30 28 1.363020e-01
30 29 9.448130e-01
30 30 2.697830e+00
30 31 1.094760e+00
30 32 1.014380e-01
30 33 2.329930e-03
30 34 9.054760e-06
30 35 5.521800e-08
30 36 0.000000e+00
30 37 0.000000e+00
30 38 0.000000e+00
30 39 0.000000e+00
30 40 0.000000e+00
31 1 1.375700e-10
31 2 7.874900e-11
31 3 1.302900e-10
31 4 1.993100e-10
31 5 3.193600e-10
31 6 5.073300e-10
31 7 8.023700e-10
31 8 1.275170e-09
31 9 2.012710e-09
31 10 3.202350e-09
31 11 5.069850e-09
31 12 8.033890e-09
31 13 1.271880e-08
31 14 2.019100e-08
31 15 3.195820e-08
31 16 5.069250e-08
31 17 8.034190e-08
31 18 1.273440e-07
31 19 2.016840e-07
31 20 3.198220e-07
31 21 5.067790e-07
31 22 8.038300e-07
31 23 1.277070e-06
31 24 2.042400e-06
31 25 5.040740e-06
31 26 4.195230e-05
31 27 5.766250e-04
31 28 8.234860e-03
31 29 1.025580e-01
31 30 9.269970e-01
31 31 2.876760e+00
31 32 1.011570e+00
31 33 6.143440e-02
31 34 6.565340e-04
31 35 1.339490e-06
31 36 0.000000e+00
31 37 0.000000e+00
31 38 0.000000e+00
31 39 0.000000e+00
31 40 0.000000e+00
32 1 9.555800e-11
32 2 5.470100e-11
32 3 9.050200e-11
32 4 1.384400e-10
32 5 2.218300e-10
32 6 3.524000e-10
32 7 5.573400e-10
32 8 8.857600e-10
32 9 1.398070e-09
32 10 2.224420e-09
32 11 3.521620e-09
32 12 5.580510e-09
32 13 8.834730e-09
32 14 1.402510e-08
32 15 2.219880e-08
32 16 3.521200e-08
32 17 5.580710e-08
32 18 8.845540e-08
32 19 1.400940e-07
32 20 2.221550e-07
32 21 3.520100e-07
32 22 5.580110e-07
32 23 8.843290e-07
32 24 1.400980e-06
32 25 2.223410e-06
32 26 3.619510e-06
32 27 1.206190e-05
32 28 1.831990e-04
32 29 3.960620e-03
32 30 7.344700e-02
32 31 8.976260e-01
32 32 3.053760e+00
32 33 9.196280e-01
32 34 3.427290e-02
32 35 1.466570e-04
32 36 1.096690e-07
32 37 0.000000e+00
32 38 0.000000e+00
32 39 0.000000e+00
32 40 0.000000e+00
33 1 8.903500e-11
33 2 5.096700e-11
33 3 8.432400e-11
33 4 1.289900e-10
33 5 2.066900e-10
33 6 3.283500e-10
33 7 5.193000e-10
33 8 8.253000e-10
33 9 1.302630e-09
33 10 2.072570e-09
33 11 3.281220e-09
33 12 5.199560e-09
33 13 8.231640e-09
33 14 1.306770e-08
33 15 2.068340e-08
33 16 3.280830e-08
33 17 5.199750e-08
33 18 8.241710e-08
33 19 1.305310e-07
33 20 2.069900e-07
33 21 3.279810e-07
33 22 5.199200e-07
33 23 8.240250e-07
33 24 1.306680e-06
33 25 2.077170e-06
33 26 3.310670e-06
33 27 5.276580e-06
33 28 8.666060e-06
33 29 4.946590e-05
33 30 1.639430e-03
33 31 4.971730e-02
33 32 8.598030e-01
33 33 3.224410e+00
33 34 8.238840e-01
33 35 1.742020e-02
33 36 2.586470e-05
33 37 2.271520e-07
33 38 0.000000e+00
33 39 0.000000e+00
33 40 0.000000e+00
34 1 3.976200e-11
34 2 2.276100e-11
34 3 3.765900e-11
34 4 5.760700e-11
34 5 9.230500e-11
34 6 1.466400e-10
34 7 2.319100e-10
34 8 3.685700e-10
34 9 5.817500e-10
34 10 9.255900e-10
34 11 1.465370e-09
34 12 2.322090e-09
34 13 3.676190e-09
34 14 5.835920e-09
34 15 9.237060e-09
34 16 1.465200e-08
34 17 2.322170e-08
34 18 3.680690e-08
34 19 5.829400e-08
34 20 9.244010e-08
34 21 1.464740e-07
34 22 2.321920e-07
34 23 3.679980e-07
34 24 5.831820e-07
34 25 9.250450e-07
34 26 1.473830e-06
34 27 2.374000e-06
34 28 3.857850e-06
34 29 6.266090e-06
34 30 1.480730e-05
34 31 5.675900e-04
34 32 3.146190e-02
34 33 8.155430e-01
34 34 3.385790e+00
34 35 7.289000e-01
34 36 7.935180e-03
34 37 4.496390e-06
34 38 0.000000e+00
34 39 0.000000e+00
34 40 0.000000e+00
35 1 1.141100e-11
35 2 6.532000e-12
35 3 1.080700e-11
35 4 1.653200e-11
35 5 2.648900e-11
35 6 4.208100e-11
35 7 6.655400e-11
35 8 1.057700e-10
35 9 1.669500e-10
35 10 2.656200e-10
35 11 4.205300e-10
35 12 6.663800e-10
35 13 1.054980e-09
35 14 1.674770e-09
35 15 2.650820e-09
35 16 4.204760e-09
35 17 6.664080e-09
35 18 1.056270e-08
35 19 1.672900e-08
35 20 2.652810e-08
35 21 4.203450e-08
35 22 6.663360e-08
35 23 1.056070e-07
35 24 1.673550e-07
35 25 2.653130e-07
35 26 4.206060e-07
35 27 6.656390e-07
35 28 1.052020e-06
35 29 1.663170e-06
35 30 2.630680e-06
35 31 4.313820e-06
35 32 1.380830e-04
35 33 1.831310e-02
35 34 7.674180e-01
35 35 3.535550e+00
35 36 6.378420e-01
35 37 3.188170e-03
35 38 3.002110e-07
35 39 0.000000e+00
35 40 0.000000e+00
36 1 1.773800e-11
36 2 1.015400e-11
36 3 1.680000e-11
36 4 2.569900e-11
36 5 4.117800e-11
36 6 6.541600e-11
36 7 1.034600e-10
36 8 1.644200e-10
36 9 2.595200e-10
36 10 4.129200e-10
36 11 6.537200e-10
36 12 1.035910e-09
36 13 1.639980e-09
36 14 2.603460e-09
36 15 4.120740e-09
36 16 6.536380e-09
36 17 1.035940e-08
36 18 1.641990e-08
36 19 2.600550e-08
36 20 4.123840e-08
36 21 6.534340e-08
36 22 1.035830e-07
36 23 1.641680e-07
36 24 2.601560e-07
36 25 4.123420e-07
36 26 6.535920e-07
36 27 1.036710e-06
36 28 1.646210e-06
36 29 2.615280e-06
36 30 4.153400e-06
36 31 6.593200e-06
36 32 1.046210e-05
36 33 4.144970e-05
36 34 9.967070e-03
36 35 7.154390e-01
36 36 3.673650e+00
36 37 5.530160e-01
36 38 1.124980e-03
36 39 4.747570e-08
36 40 0.000000e+00
37 1 1.099500e-11
37 2 6.294100e-12
37 3 1.041300e-11
37 4 1.593000e-11
37 5 2.552500e-11
37 6 4.054800e-11
37 7 6.413000e-11
37 8 1.019200e-10
37 9 1.608700e-10
37 10 2.559500e-10
37 11 4.052100e-10
37 12 6.421100e-10
37 13 1.016550e-09
37 14 1.613770e-09
37 15 2.554260e-09
37 16 4.051600e-09
37 17 6.421340e-09
37 18 1.017790e-08
37 19 1.611960e-08
37 20 2.556180e-08
37 21 4.050340e-08
37 22 6.420650e-08
37 23 1.017600e-07
37 24 1.612590e-07
37 25 2.555920e-07
37 26 4.050840e-07
37 27 6.421630e-07
37 28 1.020300e-06
37 29 1.629860e-06
37 30 2.621320e-06
37 31 4.237150e-06
37 32 6.847950e-06
37 33 1.102930e-05
37 34 2.067400e-05
37 35 4.991000e-03
37 36 6.632600e-01
37 37 3.797030e+00
37 38 4.763310e-01
37 39 3.279450e-04
37 40 1.419070e-08
38 1 4.313300e-12
38 2 2.469100e-12
38 3 4.085100e-12
38 4 6.249100e-12
38 5 1.001300e-11
38 6 1.590700e-11
38 7 2.515800e-11
38 8 3.998200e-11
38 9 6.310600e-11
38 10 1.004100e-10
38 11 1.589600e-10
38 12 2.518900e-10
38 13 3.987800e-10
38 14 6.330700e-10
38 15 1.002010e-09
38 16 1.589410e-09
38 17 2.519040e-09
38 18 3.992720e-09
38 19 6.323590e-09
38 20 1.002770e-08
38 21 1.588910e-08
38 22 2.518770e-08
38 23 3.991960e-08
38 24 6.326050e-08
38 25 1.002670e-07
38 26 1.589110e-07
38 27 2.518550e-07
38 28 3.992320e-07
38 29 6.336300e-07
38 30 1.008290e-06
38 31 1.609840e-06
38 32 2.577170e-06
38 33 4.128260e-06
38 34 6.602600e-06
38 35 1.083300e-05
38 36 2.265520e-03
38 37 6.125680e-01
38 38 3.904570e+00
38 39 4.083950e-01
38 40 7.692180e-05
39 1 2.964000e-12
39 2 1.696700e-12
39 3 2.807200e-12
39 4 4.294200e-12
39 5 6.880700e-12
39 6 1.093100e-11
39 7 1.728800e-11
39 8 2.747400e-11
39 9 4.336500e-11
39 10 6.899700e-11
39 11 1.092300e-10
39 12 1.731000e-10
39 13 2.740300e-10
39 14 4.350300e-10
39 15 6.885600e-10
39 16 1.092200e-09
39 17 1.731020e-09
39 18 2.743700e-09
39 19 4.345410e-09
39 20 6.890770e-09
39 21 1.091860e-08
39 22 1.730830e-08
39 23 2.743170e-08
39 24 4.347100e-08
39 25 6.890070e-08
39 26 1.092000e-07
39 27 1.730680e-07
39 28 2.742940e-07
39 29 4.347740e-07
39 30 6.899910e-07
39 31 1.097740e-06
39 32 1.751060e-06
39 33 2.799340e-06
39 34 4.477080e-06
39 35 7.151100e-06
39 36 1.142030e-05
39 37 9.215400e-04
39 38 5.648280e-01
39 39 3.995670e+00
39 40 3.486030e-01
40 1 1.095300e-12
40 2 0.000000e+00
40 3 1.037400e-12
40 4 1.586900e-12
40 5 2.542700e-12
40 6 4.039300e-12
40 7 6.388400e-12
40 8 1.015300e-11
40 9 1.602500e-11
40 10 2.549700e-11
40 11 4.036600e-11
40 12 6.396500e-11
40 13 1.012700e-10
40 14 1.607600e-10
40 15 2.544500e-10
40 16 4.036100e-10
40 17 6.396800e-10
40 18 1.013900e-09
40 19 1.605800e-09
40 20 2.546400e-09
40 21 4.034840e-09
40 22 6.396090e-09
40 23 1.013710e-08
40 24 1.606420e-08
40 25 2.546140e-08
40 26 4.035340e-08
40 27 6.395530e-08
40 28 1.013620e-07
40 29 1.606470e-07
40 30 2.547180e-07
40 31 4.056210e-07
40 32 6.514610e-07
40 33 1.060150e-06
40 34 1.743810e-06
40 35 2.865650e-06
40 36 4.674960e-06
40 37 7.578180e-06
40 38 3.144490e-04
40 39 5.204430e-01
40 40 4.366070e+00
