1 2.721780e+02
2 2.428390e+02
3 2.163100e+02
4 1.926920e+02
5 1.718390e+02
6 1.531550e+02
7 1.364920e+02
8 1.216030e+02
9 1.084120e+02
10 9.660020e+01
11 8.607250e+01
12 7.673260e+01
13 6.837380e+01
14 6.094740e+01
15 5.430550e+01
16 4.840960e+01
17 4.314880e+01
18 3.845330e+01
19 3.427910e+01
20 3.056470e+01
21 2.724620e+01
22 2.428470e+01
23 2.164750e+01
24 1.930210e+01
25 1.721040e+01
26 1.534580e+01
27 1.368440e+01
28 1.221900e+01
29 1.091130e+01
30 9.750990e+00
31 8.715630e+00
32 7.794590e+00
33 6.984560e+00
34 6.258650e+00
35 5.617440e+00
36 5.056540e+00
37 4.566820e+00
38 4.148690e+00
39 3.783110e+00
40 3.484790e+00
