1 1.190770e+01
2 1.083230e+01
3 9.882090e+00
4 9.060130e+00
5 8.359220e+00
6 7.757370e+00
7 7.247170e+00
8 6.817770e+00
9 6.463540e+00
10 6.170590e+00
11 5.932160e+00
12 5.740790e+00
13 5.586480e+00
14 5.463850e+00
15 5.365770e+00
16 5.288170e+00
17 5.226370e+00
18 5.177120e+00
19 5.138050e+00
20 5.107000e+00
21 5.082140e+00
22 5.062250e+00
23 5.046350e+00
24 5.033580e+00
25 5.023160e+00
26 5.014600e+00
27 5.007420e+00
28 5.001270e+00
29 4.995790e+00
30 4.990700e+00
31 4.985710e+00
32 4.980570e+00
33 4.975000e+00
34 4.968670e+00
35 4.961240e+00
36 4.952270e+00
37 4.941200e+00
38 4.927290e+00
39 4.909570e+00
40 4.886480e+00
