1 1 4.086540e-01
1 2 1.510840e-01
1 3 2.040410e-01
1 4 2.476850e-01
1 5 3.098830e-01
1 6 3.810800e-01
1 7 4.635430e-01
1 8 5.618490e-01
1 9 6.695070e-01
1 10 7.936390e-01
1 11 9.204080e-01
1 12 1.046640e+00
1 13 1.158660e+00
1 14 1.244500e+00
1 15 1.278750e+00
1 16 1.249840e+00
1 17 1.143060e+00
1 18 9.631170e-01
1 19 7.316140e-01
1 20 4.891610e-01
1 21 2.779470e-01
1 22 1.290560e-01
1 23 4.653360e-02
1 24 1.224560e-02
1 25 2.177880e-03
1 26 2.378560e-04
1 27 1.526180e-05
1 28 8.115660e-07
1 29 1.966730e-08
1 30 0.000000e+00
1 31 0.000000e+00
1 32 0.000000e+00
1 33 0.000000e+00
1 34 0.000000e+00
1 35 0.000000e+00
1 36 0.000000e+00
1 37 0.000000e+00
1 38 0.000000e+00
1 39 0.000000e+00
1 40 0.000000e+00
2 1 3.298360e-01
2 2 1.293950e-01
2 3 1.788240e-01
2 4 2.213970e-01
2 5 2.792060e-01
2 6 3.435660e-01
2 7 4.179980e-01
2 8 5.067770e-01
2 9 6.040880e-01
2 10 7.163550e-01
2 11 8.312450e-01
2 12 9.458550e-01
2 13 1.047890e+00
2 14 1.126600e+00
2 15 1.159120e+00
2 16 1.134700e+00
2 17 1.039800e+00
2 18 8.782610e-01
2 19 6.692260e-01
2 20 4.491180e-01
2 21 2.563930e-01
2 22 1.197330e-01
2 23 4.347470e-02
2 24 1.153840e-02
2 25 2.073250e-03
2 26 2.292230e-04
2 27 1.490920e-05
2 28 8.021850e-07
2 29 1.976970e-08
2 30 0.000000e+00
2 31 0.000000e+00
2 32 0.000000e+00
2 33 0.000000e+00
2 34 0.000000e+00
2 35 0.000000e+00
2 36 0.000000e+00
2 37 0.000000e+00
2 38 0.000000e+00
2 39 0.000000e+00
2 40 0.000000e+00
3 1 2.620310e-01
3 2 1.078130e-01
3 3 1.531100e-01
3 4 1.948990e-01
3 5 2.507330e-01
3 6 3.100610e-01
3 7 3.773610e-01
3 8 4.576630e-01
3 9 5.457230e-01
3 10 6.475170e-01
3 11 7.518680e-01
3 12 8.562180e-01
3 13 9.495020e-01
3 14 1.022070e+00
3 15 1.053240e+00
3 16 1.033070e+00
3 17 9.489730e-01
3 18 8.039600e-01
3 19 6.149510e-01
3 20 4.146020e-01
3 21 2.380520e-01
3 22 1.119530e-01
3 23 4.099810e-02
3 24 1.099440e-02
3 25 2.000180e-03
3 26 2.244540e-04
3 27 1.483910e-05
3 28 8.097780e-07
3 29 2.036270e-08
3 30 0.000000e+00
3 31 0.000000e+00
3 32 0.000000e+00
3 33 0.000000e+00
3 34 0.000000e+00
3 35 0.000000e+00
3 36 0.000000e+00
3 37 0.000000e+00
3 38 0.000000e+00
3 39 0.000000e+00
3 40 0.000000e+00
4 1 2.021520e-01
4 2 8.660520e-02
4 3 1.270070e-01
4 4 1.673940e-01
4 5 2.223950e-01
4 6 2.800770e-01
4 7 3.417530e-01
4 8 4.146810e-01
4 9 4.946070e-01
4 10 5.873620e-01
4 11 6.825470e-01
4 12 7.780580e-01
4 13 8.638740e-01
4 14 9.313220e-01
4 15 9.615840e-01
4 16 9.454200e-01
4 17 8.710730e-01
4 18 7.406920e-01
4 19 5.691730e-01
4 20 3.859150e-01
4 21 2.231290e-01
4 22 1.058290e-01
4 23 3.915560e-02
4 24 1.063080e-02
4 25 1.962690e-03
4 26 2.241320e-04
4 27 1.510080e-05
4 28 8.375410e-07
4 29 2.154610e-08
4 30 0.000000e+00
4 31 0.000000e+00
4 32 0.000000e+00
4 33 0.000000e+00
4 34 0.000000e+00
4 35 0.000000e+00
4 36 0.000000e+00
4 37 0.000000e+00
4 38 0.000000e+00
4 39 0.000000e+00
4 40 0.000000e+00
5 1 1.598810e-01
5 2 6.837360e-02
5 3 1.020690e-01
5 4 1.388020e-01
5 5 1.919660e-01
5 6 2.507830e-01
5 7 3.106850e-01
5 8 3.774700e-01
5 9 4.505600e-01
5 10 5.353690e-01
5 11 6.227720e-01
5 12 7.107890e-01
5 13 7.903590e-01
5 14 8.536200e-01
5 15 8.834130e-01
5 16 8.711110e-01
5 17 8.055160e-01
5 18 6.880290e-01
5 19 5.316100e-01
5 20 3.628980e-01
5 21 2.115650e-01
5 22 1.013550e-01
5 23 3.795610e-02
5 24 1.045460e-02
5 25 1.963280e-03
5 26 2.287320e-04
5 27 1.574430e-05
5 28 8.892630e-07
5 29 2.345530e-08
5 30 0.000000e+00
5 31 0.000000e+00
5 32 0.000000e+00
5 33 0.000000e+00
5 34 0.000000e+00
5 35 0.000000e+00
5 36 0.000000e+00
5 37 0.000000e+00
5 38 0.000000e+00
5 39 0.000000e+00
5 40 0.000000e+00
6 1 1.238040e-01
6 2 5.273850e-02
6 3 7.930920e-02
6 4 1.100750e-01
6 5 1.581610e-01
6 6 2.174130e-01
6 7 2.807110e-01
6 8 3.450030e-01
6 9 4.122870e-01
6 10 4.902910e-01
6 11 5.709630e-01
6 12 6.526210e-01
6 13 7.269970e-01
6 14 7.869430e-01
6 15 8.166510e-01
6 16 8.081860e-01
6 17 7.505980e-01
6 18 6.446130e-01
6 19 5.013690e-01
6 20 3.450560e-01
6 21 2.031600e-01
6 22 9.850210e-02
6 23 3.742010e-02
6 24 1.048370e-02
6 25 2.008630e-03
6 26 2.395610e-04
6 27 1.690570e-05
6 28 9.753150e-07
6 29 2.648240e-08
6 30 0.000000e+00
6 31 0.000000e+00
6 32 0.000000e+00
6 33 0.000000e+00
6 34 0.000000e+00
6 35 0.000000e+00
6 36 0.000000e+00
6 37 0.000000e+00
6 38 0.000000e+00
6 39 0.000000e+00
6 40 0.000000e+00
7 1 9.208030e-02
7 2 3.917790e-02
7 3 5.966860e-02
7 4 8.389630e-02
7 5 1.233150e-01
7 6 1.777360e-01
7 7 2.448660e-01
7 8 3.149100e-01
7 9 3.794460e-01
7 10 4.517490e-01
7 11 5.267970e-01
7 12 6.031870e-01
7 13 6.734070e-01
7 14 7.308770e-01
7 15 7.609720e-01
7 16 7.562840e-01
7 17 7.060450e-01
7 18 6.102340e-01
7 19 4.783660e-01
7 20 3.323870e-01
7 21 1.979900e-01
7 22 9.735280e-02
7 23 3.760770e-02
7 24 1.074750e-02
7 25 2.107790e-03
7 26 2.583060e-04
7 27 1.876030e-05
7 28 1.109480e-06
7 29 3.119280e-08
7 30 0.000000e+00
7 31 0.000000e+00
7 32 0.000000e+00
7 33 0.000000e+00
7 34 0.000000e+00
7 35 0.000000e+00
7 36 0.000000e+00
7 37 0.000000e+00
7 38 0.000000e+00
7 39 0.000000e+00
7 40 0.000000e+00
8 1 6.929400e-02
8 2 2.951980e-02
8 3 4.501450e-02
8 4 6.349870e-02
8 5 9.368880e-02
8 6 1.370440e-01
8 7 1.985210e-01
8 8 2.766460e-01
8 9 3.498800e-01
8 10 4.190060e-01
8 11 4.894170e-01
8 12 5.615690e-01
8 13 6.285700e-01
8 14 6.844050e-01
8 15 7.154070e-01
8 16 7.145630e-01
8 17 6.712160e-01
8 18 5.845350e-01
8 19 4.624830e-01
8 20 3.249710e-01
8 21 1.962210e-01
8 22 9.807180e-02
8 23 3.862720e-02
8 24 1.129400e-02
8 25 2.275080e-03
8 26 2.876050e-04
8 27 2.132210e-05
8 28 1.297100e-06
8 29 3.843140e-08
8 30 0.000000e+00
8 31 0.000000e+00
8 32 0.000000e+00
8 33 0.000000e+00
8 34 0.000000e+00
8 35 0.000000e+00
8 36 0.000000e+00
8 37 0.000000e+00
8 38 0.000000e+00
8 39 0.000000e+00
8 40 0.000000e+00
9 1 5.399370e-02
9 2 2.252600e-02
9 3 3.378600e-02
9 4 4.736350e-02
9 5 7.024890e-02
9 6 1.033250e-01
9 7 1.514610e-01
9 8 2.227080e-01
9 9 3.103590e-01
9 10 3.907100e-01
9 11 4.583990e-01
9 12 5.272740e-01
9 13 5.920530e-01
9 14 6.471460e-01
9 15 6.796460e-01
9 16 6.829030e-01
9 17 6.461890e-01
9 18 5.677970e-01
9 19 4.541630e-01
9 20 3.233420e-01
9 21 1.983450e-01
9 22 1.010180e-01
9 23 4.067870e-02
9 24 1.220520e-02
9 25 2.533190e-03
9 26 3.313790e-04
9 27 2.492110e-05
9 28 1.549600e-06
9 29 4.934130e-08
9 30 0.000000e+00
9 31 0.000000e+00
9 32 0.000000e+00
9 33 0.000000e+00
9 34 0.000000e+00
9 35 0.000000e+00
9 36 0.000000e+00
9 37 0.000000e+00
9 38 0.000000e+00
9 39 0.000000e+00
9 40 0.000000e+00
10 1 3.972250e-02
10 2 1.657940e-02
10 3 2.499690e-02
10 4 3.514460e-02
10 5 5.213350e-02
10 6 7.686470e-02
10 7 1.129670e-01
10 8 1.674470e-01
10 9 2.471320e-01
10 10 3.501280e-01
10 11 4.328040e-01
10 12 4.997940e-01
10 13 5.632630e-01
10 14 6.184710e-01
10 15 6.531200e-01
10 16 6.607180e-01
10 17 6.305090e-01
10 18 5.597580e-01
10 19 4.533640e-01
10 20 3.276820e-01
10 21 2.046580e-01
10 22 1.064960e-01
10 23 4.398260e-02
10 24 1.359120e-02
10 25 2.918840e-03
10 26 3.971140e-04
10 27 3.100480e-05
10 28 1.971200e-06
10 29 6.737890e-08
10 30 0.000000e+00
10 31 0.000000e+00
10 32 0.000000e+00
10 33 0.000000e+00
10 34 0.000000e+00
10 35 0.000000e+00
10 36 0.000000e+00
10 37 0.000000e+00
10 38 0.000000e+00
10 39 0.000000e+00
10 40 0.000000e+00
11 1 2.831290e-02
11 2 1.183810e-02
11 3 1.782630e-02
11 4 2.503580e-02
11 5 3.720980e-02
11 6 5.530970e-02
11 7 8.208320e-02
11 8 1.225520e-01
11 9 1.825290e-01
11 10 2.753870e-01
11 11 3.926270e-01
11 12 4.791670e-01
11 13 5.423350e-01
11 14 5.986060e-01
11 15 6.361220e-01
11 16 6.484590e-01
11 17 6.247440e-01
11 18 5.611210e-01
11 19 4.609210e-01
11 20 3.388700e-01
11 21 2.159970e-01
11 22 1.151580e-01
11 23 4.894710e-02
11 24 1.564340e-02
11 25 3.494230e-03
11 26 4.976120e-04
11 27 4.076900e-05
11 28 2.672140e-06
11 29 9.917840e-08
11 30 0.000000e+00
11 31 0.000000e+00
11 32 0.000000e+00
11 33 0.000000e+00
11 34 0.000000e+00
11 35 0.000000e+00
11 36 0.000000e+00
11 37 0.000000e+00
11 38 0.000000e+00
11 39 0.000000e+00
11 40 0.000000e+00
12 1 2.103180e-02
12 2 8.778850e-03
12 3 1.316460e-02
12 4 1.835500e-02
12 5 2.698280e-02
12 6 3.952920e-02
12 7 5.845360e-02
12 8 8.794020e-02
12 9 1.319670e-01
12 10 2.005370e-01
12 11 3.052730e-01
12 12 4.400330e-01
12 13 5.278990e-01
12 14 5.861080e-01
12 15 6.274950e-01
12 16 6.454180e-01
12 17 6.287590e-01
12 18 5.723960e-01
12 19 4.779070e-01
12 20 3.582900e-01
12 21 2.337480e-01
12 22 1.280800e-01
12 23 5.621730e-02
12 24 1.864660e-02
12 25 4.346410e-03
12 26 6.497540e-04
12 27 5.589210e-05
12 28 3.740640e-06
12 29 1.519590e-07
12 30 0.000000e+00
12 31 0.000000e+00
12 32 0.000000e+00
12 33 0.000000e+00
12 34 0.000000e+00
12 35 0.000000e+00
12 36 0.000000e+00
12 37 0.000000e+00
12 38 0.000000e+00
12 39 0.000000e+00
12 40 0.000000e+00
13 1 1.366990e-02
13 2 5.733090e-03
13 3 8.616930e-03
13 4 1.203380e-02
13 5 1.775400e-02
13 6 2.628750e-02
13 7 3.929660e-02
13 8 5.982010e-02
13 9 9.130420e-02
13 10 1.407740e-01
13 11 2.169460e-01
13 12 3.371670e-01
13 13 4.929110e-01
13 14 5.832270e-01
13 15 6.292530e-01
13 16 6.534530e-01
13 17 6.440940e-01
13 18 5.948900e-01
13 19 5.054730e-01
13 20 3.870700e-01
13 21 2.590450e-01
13 22 1.463190e-01
13 23 6.659220e-02
13 24 2.305460e-02
13 25 5.651900e-03
13 26 8.965240e-04
13 27 8.245440e-05
13 28 5.089640e-06
13 29 2.294490e-07
13 30 0.000000e+00
13 31 0.000000e+00
13 32 0.000000e+00
13 33 0.000000e+00
13 34 0.000000e+00
13 35 0.000000e+00
13 36 0.000000e+00
13 37 0.000000e+00
13 38 0.000000e+00
13 39 0.000000e+00
13 40 0.000000e+00
14 1 1.007340e-02
14 2 4.222130e-03
14 3 6.344050e-03
14 4 8.856840e-03
14 5 1.303390e-02
14 6 1.914850e-02
14 7 2.827100e-02
14 8 4.232120e-02
14 9 6.358210e-02
14 10 9.790640e-02
14 11 1.513620e-01
14 12 2.361300e-01
14 13 3.718040e-01
14 14 5.503220e-01
14 15 6.369510e-01
14 16 6.691970e-01
14 17 6.690820e-01
14 18 6.288220e-01
14 19 5.455830e-01
14 20 4.283240e-01
14 21 2.952170e-01
14 22 1.725860e-01
14 23 8.173830e-02
14 24 2.962210e-02
14 25 7.647560e-03
14 26 1.285570e-03
14 27 1.259470e-04
14 28 7.250060e-06
14 29 3.335250e-07
14 30 0.000000e+00
14 31 0.000000e+00
14 32 0.000000e+00
14 33 0.000000e+00
14 34 0.000000e+00
14 35 0.000000e+00
14 36 0.000000e+00
14 37 0.000000e+00
14 38 0.000000e+00
14 39 0.000000e+00
14 40 0.000000e+00
15 1 6.554940e-03
15 2 2.755920e-03
15 3 4.148090e-03
15 4 5.802910e-03
15 5 8.559370e-03
15 6 1.259910e-02
15 7 1.863020e-02
15 8 2.802410e-02
15 9 4.247110e-02
15 10 6.568160e-02
15 11 1.020330e-01
15 12 1.602420e-01
15 13 2.542980e-01
15 14 4.095440e-01
15 15 6.126840e-01
15 16 6.963690e-01
15 17 7.068260e-01
15 18 6.768180e-01
15 19 6.005970e-01
15 20 4.844250e-01
15 21 3.447980e-01
15 22 2.093880e-01
15 23 1.036800e-01
15 24 3.957770e-02
15 25 1.084860e-02
15 26 1.953430e-03
15 27 2.068370e-04
15 28 1.181730e-05
15 29 5.881250e-07
15 30 0.000000e+00
15 31 0.000000e+00
15 32 0.000000e+00
15 33 0.000000e+00
15 34 0.000000e+00
15 35 0.000000e+00
15 36 0.000000e+00
15 37 0.000000e+00
15 38 0.000000e+00
15 39 0.000000e+00
15 40 0.000000e+00
16 1 3.953290e-03
16 2 1.669130e-03
16 3 2.518000e-03
16 4 3.532330e-03
16 5 5.227970e-03
16 6 7.726700e-03
16 7 1.147400e-02
16 8 1.733060e-02
16 9 2.639660e-02
16 10 4.116120e-02
16 11 6.479040e-02
16 12 1.033240e-01
16 13 1.664230e-01
16 14 2.719930e-01
16 15 4.484840e-01
16 16 6.837720e-01
16 17 7.592080e-01
16 18 7.413570e-01
16 19 6.739660e-01
16 20 5.597680e-01
16 21 4.125690e-01
16 22 2.611760e-01
16 23 1.358710e-01
16 24 5.497070e-02
16 25 1.612810e-02
16 26 3.142590e-03
16 27 3.644660e-04
16 28 2.235320e-05
16 29 1.158580e-06
16 30 0.000000e+00
16 31 0.000000e+00
16 32 0.000000e+00
16 33 0.000000e+00
16 34 0.000000e+00
16 35 0.000000e+00
16 36 0.000000e+00
16 37 0.000000e+00
16 38 0.000000e+00
16 39 0.000000e+00
16 40 0.000000e+00
17 1 2.406430e-03
17 2 1.019780e-03
17 3 1.541040e-03
17 4 2.166480e-03
17 5 3.214860e-03
17 6 4.766330e-03
17 7 7.104540e-03
17 8 1.076570e-02
17 9 1.642310e-02
17 10 2.563000e-02
17 11 4.040410e-02
17 12 6.469860e-02
17 13 1.049900e-01
17 14 1.733370e-01
17 15 2.894230e-01
17 16 4.905010e-01
17 17 7.587390e-01
17 18 8.220330e-01
17 19 7.678550e-01
17 20 6.590870e-01
17 21 5.053480e-01
17 22 3.351480e-01
17 23 1.841400e-01
17 24 7.937100e-02
17 25 2.505570e-02
17 26 5.307350e-03
17 27 6.766120e-04
17 28 4.566570e-05
17 29 2.376700e-06
17 30 1.143490e-06
17 31 3.199690e-07
17 32 0.000000e+00
17 33 0.000000e+00
17 34 0.000000e+00
17 35 0.000000e+00
17 36 0.000000e+00
17 37 0.000000e+00
17 38 0.000000e+00
17 39 0.000000e+00
17 40 0.000000e+00
18 1 1.270990e-03
18 2 5.417770e-04
18 3 8.211830e-04
18 4 1.158700e-03
18 5 1.727120e-03
18 6 2.574920e-03
18 7 3.864000e-03
18 8 5.900620e-03
18 9 9.081200e-03
18 10 1.432110e-02
18 11 2.286620e-02
18 12 3.718440e-02
18 13 6.142760e-02
18 14 1.033780e-01
18 15 1.761420e-01
18 16 3.051100e-01
18 17 5.344780e-01
18 18 8.432490e-01
18 19 8.877240e-01
18 20 7.885050e-01
18 21 6.304660e-01
18 22 4.397590e-01
18 23 2.565290e-01
18 24 1.186730e-01
18 25 4.070210e-02
18 26 9.492670e-03
18 27 1.352920e-03
18 28 1.032010e-04
18 29 4.943970e-06
18 30 1.415390e-06
18 31 2.526640e-07
18 32 0.000000e+00
18 33 0.000000e+00
18 34 0.000000e+00
18 35 0.000000e+00
18 36 0.000000e+00
18 37 0.000000e+00
18 38 0.000000e+00
18 39 0.000000e+00
18 40 0.000000e+00
19 1 5.927900e-04
19 2 2.535860e-04
19 3 3.850010e-04
19 4 5.445040e-04
19 5 8.141910e-04
19 6 1.219190e-03
19 7 1.840650e-03
19 8 2.834130e-03
19 9 4.408930e-03
19 10 7.049200e-03
19 11 1.145130e-02
19 12 1.901940e-02
19 13 3.221530e-02
19 14 5.578890e-02
19 15 9.799740e-02
19 16 1.752030e-01
19 17 3.171810e-01
19 18 5.800440e-01
19 19 9.376800e-01
19 20 9.576010e-01
19 21 7.992900e-01
19 22 5.877010e-01
19 23 3.654080e-01
19 24 1.825530e-01
19 25 6.865750e-02
19 26 1.788330e-02
19 27 2.909260e-03
19 28 2.595360e-04
19 29 1.198750e-05
19 30 1.143560e-06
19 31 5.681850e-09
19 32 0.000000e+00
19 33 0.000000e+00
19 34 0.000000e+00
19 35 0.000000e+00
19 36 0.000000e+00
19 37 0.000000e+00
19 38 0.000000e+00
19 39 0.000000e+00
19 40 0.000000e+00
20 1 2.651860e-04
20 2 1.149040e-04
20 3 1.753200e-04
20 4 2.494070e-04
20 5 3.754520e-04
20 6 5.665780e-04
20 7 8.626570e-04
20 8 1.340540e-03
20 9 2.105790e-03
20 10 3.400890e-03
20 11 5.583870e-03
20 12 9.381320e-03
20 13 1.609670e-02
20 14 2.832860e-02
20 15 5.086790e-02
20 16 9.343880e-02
20 17 1.744020e-01
20 18 3.297090e-01
20 19 6.277760e-01
20 20 1.036860e+00
20 21 1.020060e+00
20 22 7.959500e-01
20 23 5.316820e-01
20 24 2.891560e-01
20 25 1.200390e-01
20 26 3.501180e-02
20 27 6.462680e-03
20 28 6.618950e-04
20 29 3.267630e-05
20 30 9.712980e-07
20 31 1.579770e-08
20 32 0.000000e+00
20 33 0.000000e+00
20 34 0.000000e+00
20 35 0.000000e+00
20 36 0.000000e+00
20 37 0.000000e+00
20 38 0.000000e+00
20 39 0.000000e+00
20 40 0.000000e+00
21 1 9.836440e-05
21 2 4.351600e-05
21 3 6.682400e-05
21 4 9.579260e-05
21 5 1.455160e-04
21 6 2.219520e-04
21 7 3.422530e-04
21 8 5.397180e-04
21 9 8.621450e-04
21 10 1.419080e-03
21 11 2.380300e-03
21 12 4.095390e-03
21 13 7.208190e-03
21 14 1.300960e-02
21 15 2.394210e-02
21 16 4.519960e-02
21 17 8.709440e-02
21 18 1.707920e-01
21 19 3.385770e-01
21 20 6.753600e-01
21 21 1.143100e+00
21 22 1.081770e+00
21 23 7.797330e-01
21 24 4.646890e-01
21 25 2.149810e-01
21 26 7.116740e-02
21 27 1.520820e-02
21 28 1.842360e-03
21 29 1.077120e-04
21 30 2.964040e-06
21 31 5.367340e-08
21 32 0.000000e+00
21 33 0.000000e+00
21 34 0.000000e+00
21 35 0.000000e+00
21 36 0.000000e+00
21 37 0.000000e+00
21 38 0.000000e+00
21 39 0.000000e+00
21 40 0.000000e+00
22 1 2.870520e-05
22 2 1.322790e-05
22 3 2.044380e-05
22 4 2.953570e-05
22 5 4.528760e-05
22 6 6.986410e-05
22 7 1.091950e-04
22 8 1.749770e-04
22 9 2.848380e-04
22 10 4.792850e-04
22 11 8.247880e-04
22 12 1.462590e-03
22 13 2.663980e-03
22 14 4.982680e-03
22 15 9.507900e-03
22 16 1.866040e-02
22 17 3.757570e-02
22 18 7.738480e-02
22 19 1.619270e-01
22 20 3.423820e-01
22 21 7.230670e-01
22 22 1.261390e+00
22 23 1.139880e+00
22 24 7.482060e-01
22 25 3.891310e-01
22 26 1.481120e-01
22 27 3.730100e-02
22 28 5.469940e-03
22 29 3.978040e-04
22 30 1.277030e-05
22 31 2.705580e-07
22 32 2.334690e-09
22 33 0.000000e+00
22 34 0.000000e+00
22 35 0.000000e+00
22 36 0.000000e+00
22 37 0.000000e+00
22 38 0.000000e+00
22 39 0.000000e+00
22 40 0.000000e+00
23 1 5.921850e-06
23 2 3.120550e-06
23 3 4.904610e-06
23 4 7.148940e-06
23 5 1.102490e-05
23 6 1.712550e-05
23 7 2.701450e-05
23 8 4.382410e-05
23 9 7.250730e-05
23 10 1.246460e-04
23 11 2.205500e-04
23 12 4.052690e-04
23 13 7.733060e-04
23 14 1.530940e-03
23 15 3.099610e-03
23 16 6.423030e-03
23 17 1.359100e-02
23 18 2.948180e-02
23 19 6.557870e-02
23 20 1.487910e-01
23 21 3.394990e-01
23 22 7.694000e-01
23 23 1.391050e+00
23 24 1.192230e+00
23 25 7.006590e-01
23 26 3.095610e-01
23 27 9.326890e-02
23 28 1.693550e-02
23 29 1.585660e-03
23 30 6.367570e-05
23 31 1.400720e-06
23 32 3.358870e-08
23 33 0.000000e+00
23 34 0.000000e+00
23 35 0.000000e+00
23 36 0.000000e+00
23 37 0.000000e+00
23 38 0.000000e+00
23 39 0.000000e+00
23 40 0.000000e+00
24 1 9.577640e-07
24 2 5.397590e-07
24 3 8.737650e-07
24 4 1.305230e-06
24 5 2.051890e-06
24 6 3.236150e-06
24 7 5.186640e-06
24 8 8.571320e-06
24 9 1.450500e-05
24 10 2.559830e-05
24 11 4.668980e-05
24 12 8.883980e-05
24 13 1.765470e-04
24 14 3.683910e-04
24 15 7.950560e-04
24 16 1.761050e-03
24 17 3.980070e-03
24 18 9.213100e-03
24 19 2.190610e-02
24 20 5.365290e-02
24 21 1.335210e-01
24 22 3.325920e-01
24 23 8.142080e-01
24 24 1.527360e+00
24 25 1.233800e+00
24 26 6.383830e-01
24 27 2.327320e-01
24 28 5.293330e-02
24 29 6.440610e-03
24 30 3.454920e-04
24 31 7.532300e-06
24 32 3.024670e-07
24 33 0.000000e+00
24 34 0.000000e+00
24 35 0.000000e+00
24 36 0.000000e+00
24 37 0.000000e+00
24 38 0.000000e+00
24 39 0.000000e+00
24 40 0.000000e+00
25 1 1.333390e-07
25 2 7.632790e-08
25 3 1.262840e-07
25 4 1.931800e-07
25 5 3.095360e-07
25 6 4.917960e-07
25 7 7.840120e-07
25 8 1.277700e-06
25 9 2.129680e-06
25 10 3.747260e-06
25 11 6.961850e-06
25 12 1.375380e-05
25 13 2.874630e-05
25 14 6.380900e-05
25 15 1.494790e-04
25 16 3.633370e-04
25 17 8.875860e-04
25 18 2.206290e-03
25 19 5.654150e-03
25 20 1.507550e-02
25 21 4.143770e-02
25 22 1.154880e-01
25 23 3.192540e-01
25 24 8.553290e-01
25 25 1.673240e+00
25 26 1.263460e+00
25 27 5.633730e-01
25 28 1.633460e-01
25 29 2.648800e-02
25 30 1.984870e-03
25 31 5.518010e-05
25 32 9.735740e-07
25 33 0.000000e+00
25 34 0.000000e+00
25 35 0.000000e+00
25 36 0.000000e+00
25 37 0.000000e+00
25 38 0.000000e+00
25 39 0.000000e+00
25 40 0.000000e+00
26 1 2.476550e-08
26 2 1.417670e-08
26 3 2.345520e-08
26 4 3.588000e-08
26 5 5.749130e-08
26 6 9.133100e-08
26 7 1.444450e-07
26 8 2.295600e-07
26 9 3.623510e-07
26 10 5.789860e-07
26 11 9.357780e-07
26 12 1.574460e-06
26 13 2.925610e-06
26 14 6.401830e-06
26 15 1.632750e-05
26 16 4.764770e-05
26 17 1.487780e-04
26 18 4.380590e-04
26 19 1.231610e-03
26 20 3.458280e-03
26 21 9.970610e-03
26 22 3.009570e-02
26 23 9.434560e-02
26 24 2.956390e-01
26 25 8.885350e-01
26 26 1.835200e+00
26 27 1.279920e+00
26 28 4.766890e-01
26 29 1.055210e-01
26 30 1.163750e-02
26 31 5.115470e-04
26 32 7.702990e-06
26 33 0.000000e+00
26 34 0.000000e+00
26 35 0.000000e+00
26 36 0.000000e+00
26 37 0.000000e+00
26 38 0.000000e+00
26 39 0.000000e+00
26 40 0.000000e+00
27 1 5.472970e-09
27 2 3.132930e-09
27 3 5.183400e-09
27 4 7.929190e-09
27 5 1.270510e-08
27 6 2.018340e-08
27 7 3.192120e-08
27 8 5.073080e-08
27 9 8.007270e-08
27 10 1.274010e-07
27 11 2.016960e-07
27 12 3.196170e-07
27 13 5.063150e-07
27 14 8.190120e-07
27 15 1.587830e-06
27 16 3.901950e-06
27 17 1.209110e-05
27 18 4.147660e-05
27 19 1.399860e-04
27 20 4.700890e-04
27 21 1.609640e-03
27 22 5.643740e-03
27 23 2.034880e-02
27 24 7.513730e-02
27 25 2.719510e-01
27 26 9.193420e-01
27 27 1.993850e+00
27 28 1.278330e+00
27 29 3.893360e-01
27 30 6.239320e-02
27 31 4.218760e-03
27 32 9.224890e-05
27 33 1.460610e-06
27 34 3.437730e-07
27 35 0.000000e+00
27 36 0.000000e+00
27 37 0.000000e+00
27 38 0.000000e+00
27 39 0.000000e+00
27 40 0.000000e+00
28 1 2.050460e-09
28 2 1.173760e-09
28 3 1.941970e-09
28 4 2.970680e-09
28 5 4.759990e-09
28 6 7.561740e-09
28 7 1.195930e-08
28 8 1.900640e-08
28 9 2.999940e-08
28 10 4.773080e-08
28 11 7.556580e-08
28 12 1.197450e-07
28 13 1.895730e-07
28 14 3.009450e-07
28 15 4.763350e-07
28 16 7.563090e-07
28 17 1.249990e-06
28 18 2.882690e-06
28 19 1.071980e-05
28 20 4.466730e-05
28 21 1.867300e-04
28 22 7.430500e-04
28 23 2.958520e-03
28 24 1.262010e-02
28 25 5.589410e-02
28 26 2.407050e-01
28 27 9.409030e-01
28 28 2.164380e+00
28 29 1.258460e+00
28 30 3.023490e-01
28 31 3.314280e-02
28 32 1.267990e-03
28 33 1.488700e-05
28 34 7.831650e-07
28 35 2.619400e-10
28 36 0.000000e+00
28 37 0.000000e+00
28 38 0.000000e+00
28 39 0.000000e+00
28 40 0.000000e+00
29 1 1.042640e-09
29 2 5.968400e-10
29 3 9.874700e-10
29 4 1.510570e-09
29 5 2.420410e-09
29 6 3.845080e-09
29 7 6.081210e-09
29 8 9.664580e-09
29 9 1.525440e-08
29 10 2.427070e-08
29 11 3.842460e-08
29 12 6.088920e-08
29 13 9.639620e-08
29 14 1.530280e-07
29 15 2.422120e-07
29 16 3.842000e-07
29 17 6.089150e-07
29 18 9.651420e-07
29 19 1.563320e-06
29 20 3.511460e-06
29 21 1.647610e-05
29 22 8.673310e-05
29 23 3.734120e-04
29 24 1.610300e-03
29 25 7.614880e-03
29 26 3.936380e-02
29 27 2.042080e-01
29 28 9.492400e-01
29 29 2.347330e+00
29 30 1.217650e+00
29 31 2.220080e-01
29 32 1.579300e-02
29 33 3.102580e-04
29 34 2.211370e-06
29 35 5.658660e-09
29 36 0.000000e+00
29 37 0.000000e+00
29 38 0.000000e+00
29 39 0.000000e+00
29 40 0.000000e+00
30 1 4.428300e-10
30 2 2.534900e-10
30 3 4.194000e-10
30 4 6.415700e-10
30 5 1.028000e-09
30 6 1.633090e-09
30 7 2.582820e-09
30 8 4.104750e-09
30 9 6.478870e-09
30 10 1.030830e-08
30 11 1.631970e-08
30 12 2.586090e-08
30 13 4.094150e-08
30 14 6.499430e-08
30 15 1.028730e-07
30 16 1.631780e-07
30 17 2.586190e-07
30 18 4.100130e-07
30 19 6.545380e-07
30 20 1.108820e-06
30 21 2.200820e-06
30 22 5.347930e-06
30 23 1.734900e-05
30 24 8.279780e-05
30 25 5.077100e-04
30 26 3.534400e-03
30 27 2.548300e-02
30 28 1.706960e-01
30 29 9.529950e-01
30 30 2.520970e+00
30 31 1.163850e+00
30 32 1.539410e-01
30 33 6.423610e-03
30 34 5.737830e-05
30 35 1.970990e-07
30 36 0.000000e+00
30 37 0.000000e+00
30 38 0.000000e+00
30 39 0.000000e+00
30 40 0.000000e+00
31 1 5.138100e-11
31 2 2.941200e-11
31 3 4.866300e-11
31 4 7.444100e-11
31 5 1.192800e-10
31 6 1.894900e-10
31 7 2.996800e-10
31 8 4.762700e-10
31 9 7.517400e-10
31 10 1.196060e-09
31 11 1.893560e-09
31 12 3.000620e-09
31 13 4.750400e-09
31 14 7.541210e-09
31 15 1.193620e-08
31 16 1.893340e-08
31 17 3.000730e-08
31 18 4.756210e-08
31 19 7.532790e-08
31 20 1.194520e-07
31 21 1.898600e-07
31 22 3.129610e-07
31 23 6.034790e-07
31 24 2.274820e-06
31 25 1.758940e-05
31 26 1.563350e-04
31 27 1.515400e-03
31 28 1.500600e-02
31 29 1.346270e-01
31 30 9.456360e-01
31 31 2.700340e+00
31 32 1.092320e+00
31 33 1.001140e-01
31 34 2.194580e-03
31 35 8.431800e-06
31 36 4.524640e-08
31 37 0.000000e+00
31 38 0.000000e+00
31 39 0.000000e+00
31 40 0.000000e+00
32 1 2.874400e-11
32 2 1.645400e-11
32 3 2.722300e-11
32 4 4.164400e-11
32 5 6.672700e-11
32 6 1.060000e-10
32 7 1.676500e-10
32 8 2.664400e-10
32 9 4.205400e-10
32 10 6.691100e-10
32 11 1.059310e-09
32 12 1.678620e-09
32 13 2.657490e-09
32 14 4.218750e-09
32 15 6.677410e-09
32 16 1.059180e-08
32 17 1.678680e-08
32 18 2.660740e-08
32 19 4.214030e-08
32 20 6.682430e-08
32 21 1.058850e-07
32 22 1.678500e-07
32 23 2.652470e-07
32 24 4.182830e-07
32 25 9.035230e-07
32 26 4.101630e-06
32 27 4.162480e-05
32 28 5.635510e-04
32 29 8.034740e-03
32 30 1.013830e-01
32 31 9.259000e-01
32 32 2.880300e+00
32 33 1.008230e+00
32 34 6.042700e-02
32 35 6.158440e-04
32 36 1.401470e-06
32 37 0.000000e+00
32 38 0.000000e+00
32 39 0.000000e+00
32 40 0.000000e+00
33 1 7.599600e-11
33 2 4.350300e-11
33 3 7.197500e-11
33 4 1.101000e-10
33 5 1.764200e-10
33 6 2.802600e-10
33 7 4.432500e-10
33 8 7.044300e-10
33 9 1.111860e-09
33 10 1.769040e-09
33 11 2.800690e-09
33 12 4.438090e-09
33 13 7.026130e-09
33 14 1.115390e-08
33 15 1.765440e-08
33 16 2.800360e-08
33 17 4.438260e-08
33 18 7.034720e-08
33 19 1.114140e-07
33 20 1.766760e-07
33 21 2.799490e-07
33 22 4.437780e-07
33 23 7.033530e-07
33 24 1.115750e-06
33 25 1.774470e-06
33 26 2.816360e-06
33 27 4.456990e-06
33 28 1.198740e-05
33 29 1.680050e-04
33 30 3.792570e-03
33 31 7.255420e-02
33 32 8.962630e-01
33 33 3.056360e+00
33 34 9.160430e-01
33 35 3.356350e-02
33 36 1.376910e-04
33 37 9.686180e-08
33 38 0.000000e+00
33 39 0.000000e+00
33 40 0.000000e+00
34 1 3.339500e-11
34 2 1.911600e-11
34 3 3.162800e-11
34 4 4.838200e-11
34 5 7.752400e-11
34 6 1.231500e-10
34 7 1.947800e-10
34 8 3.095500e-10
34 9 4.885900e-10
34 10 7.773700e-10
34 11 1.230710e-09
34 12 1.950230e-09
34 13 3.087500e-09
34 14 4.901370e-09
34 15 7.757870e-09
34 16 1.230560e-08
34 17 1.950310e-08
34 18 3.091270e-08
34 19 4.895900e-08
34 20 7.763700e-08
34 21 1.230180e-07
34 22 1.950100e-07
34 23 3.090680e-07
34 24 4.897620e-07
34 25 7.754710e-07
34 26 1.229000e-06
34 27 1.971080e-06
34 28 3.207090e-06
34 29 5.675270e-06
34 30 4.113820e-05
34 31 1.533220e-03
34 32 4.885050e-02
34 33 8.584590e-01
34 34 3.225490e+00
34 35 8.203960e-01
34 36 1.696690e-02
34 37 2.264940e-05
34 38 0.000000e+00
34 39 0.000000e+00
34 40 0.000000e+00
35 1 3.019400e-11
35 2 1.728400e-11
35 3 2.859600e-11
35 4 4.374500e-11
35 5 7.009300e-11
35 6 1.113500e-10
35 7 1.761100e-10
35 8 2.798800e-10
35 9 4.417500e-10
35 10 7.028600e-10
35 11 1.112740e-09
35 12 1.763300e-09
35 13 2.791550e-09
35 14 4.431560e-09
35 15 7.014240e-09
35 16 1.112610e-08
35 17 1.763360e-08
35 18 2.794960e-08
35 19 4.426600e-08
35 20 7.019520e-08
35 21 1.112260e-07
35 22 1.763170e-07
35 23 2.794430e-07
35 24 4.428320e-07
35 25 7.019790e-07
35 26 1.114590e-06
35 27 1.774550e-06
35 28 2.827320e-06
35 29 4.500450e-06
35 30 7.157200e-06
35 31 1.263220e-05
35 32 4.711150e-04
35 33 3.065390e-02
35 34 8.145370e-01
35 35 3.385020e+00
35 36 7.252840e-01
35 37 7.694140e-03
35 38 4.543140e-06
35 39 0.000000e+00
35 40 0.000000e+00
36 1 5.167600e-12
36 2 2.958100e-12
36 3 4.894200e-12
36 4 7.486800e-12
36 5 1.199600e-11
36 6 1.905700e-11
36 7 3.014000e-11
36 8 4.790000e-11
36 9 7.560500e-11
36 10 1.202900e-10
36 11 1.904400e-10
36 12 3.017800e-10
36 13 4.777700e-10
36 14 7.584500e-10
36 15 1.200470e-09
36 16 1.904200e-09
36 17 3.017950e-09
36 18 4.783500e-09
36 19 7.576010e-09
36 20 1.201370e-08
36 21 1.903610e-08
36 22 3.017620e-08
36 23 4.782590e-08
36 24 7.578960e-08
36 25 1.201250e-07
36 26 1.904360e-07
36 27 3.021040e-07
36 28 4.787000e-07
36 29 7.542750e-07
36 30 1.183370e-06
36 31 1.857610e-06
36 32 3.090000e-06
36 33 1.335630e-04
36 34 1.803580e-02
36 35 7.644980e-01
36 36 3.534630e+00
36 37 6.337500e-01
36 38 3.117370e-03
36 39 3.205330e-07
36 40 0.000000e+00
37 1 7.878200e-12
37 2 4.509800e-12
37 3 7.461400e-12
37 4 1.141400e-11
37 5 1.828900e-11
37 6 2.905300e-11
37 7 4.595000e-11
37 8 7.302600e-11
37 9 1.152600e-10
37 10 1.833900e-10
37 11 2.903400e-10
37 12 4.600800e-10
37 13 7.283700e-10
37 14 1.156280e-09
37 15 1.830160e-09
37 16 2.903020e-09
37 17 4.600970e-09
37 18 7.292620e-09
37 19 1.154990e-08
37 20 1.831540e-08
37 21 2.902120e-08
37 22 4.600470e-08
37 23 7.291230e-08
37 24 1.155440e-07
37 25 1.831350e-07
37 26 2.902480e-07
37 27 4.600460e-07
37 28 7.297480e-07
37 29 1.159630e-06
37 30 1.844340e-06
37 31 2.935350e-06
37 32 4.673260e-06
37 33 7.435640e-06
37 34 3.881800e-05
37 35 9.847090e-03
37 36 7.120940e-01
37 37 3.670610e+00
37 38 5.490230e-01
37 39 1.084340e-03
37 40 4.269670e-08
38 1 4.727400e-12
38 2 2.706100e-12
38 3 4.477200e-12
38 4 6.849000e-12
38 5 1.097400e-11
38 6 1.743400e-11
38 7 2.757200e-11
38 8 4.382000e-11
38 9 6.916400e-11
38 10 1.100400e-10
38 11 1.742200e-10
38 12 2.760700e-10
38 13 4.370600e-10
38 14 6.938300e-10
38 15 1.098200e-09
38 16 1.741980e-09
38 17 2.760840e-09
38 18 4.375980e-09
38 19 6.930590e-09
38 20 1.099020e-08
38 21 1.741430e-08
38 22 2.760540e-08
38 23 4.375150e-08
38 24 6.933290e-08
38 25 1.098910e-07
38 26 1.741650e-07
38 27 2.760300e-07
38 28 4.375830e-07
38 29 6.948670e-07
38 30 1.107410e-06
38 31 1.772920e-06
38 32 2.848630e-06
38 33 4.580360e-06
38 34 7.349050e-06
38 35 1.589240e-05
38 36 4.941490e-03
38 37 6.595700e-01
38 38 3.790910e+00
38 39 4.727140e-01
38 40 3.123690e-04
39 1 2.742100e-12
39 2 1.569700e-12
39 3 2.597000e-12
39 4 3.972800e-12
39 5 6.365700e-12
39 6 1.011300e-11
39 7 1.599300e-11
39 8 2.541800e-11
39 9 4.011900e-11
39 10 6.383200e-11
39 11 1.010600e-10
39 12 1.601400e-10
39 13 2.535200e-10
39 14 4.024600e-10
39 15 6.370100e-10
39 16 1.010440e-09
39 17 1.601440e-09
39 18 2.538310e-09
39 19 4.020120e-09
39 20 6.374930e-09
39 21 1.010130e-08
39 22 1.601260e-08
39 23 2.537820e-08
39 24 4.021680e-08
39 25 6.374290e-08
39 26 1.010250e-07
39 27 1.601130e-07
39 28 2.537610e-07
39 29 4.022540e-07
39 30 6.386290e-07
39 31 1.017410e-06
39 32 1.627720e-06
39 33 2.613600e-06
39 34 4.199870e-06
39 35 6.735630e-06
39 36 1.122280e-05
39 37 2.241270e-03
39 38 6.089100e-01
39 39 3.894330e+00
39 40 4.049930e-01
40 1 2.221300e-12
40 2 1.271600e-12
40 3 2.103800e-12
40 4 3.218200e-12
40 5 5.156700e-12
40 6 8.191900e-12
40 7 1.295600e-11
40 8 2.059000e-11
40 9 3.249900e-11
40 10 5.170800e-11
40 11 8.186300e-11
40 12 1.297200e-10
40 13 2.053700e-10
40 14 3.260200e-10
40 15 5.160300e-10
40 16 8.185300e-10
40 17 1.297280e-09
40 18 2.056220e-09
40 19 3.256590e-09
40 20 5.164170e-09
40 21 8.182770e-09
40 22 1.297140e-08
40 23 2.055820e-08
40 24 3.257860e-08
40 25 5.163650e-08
40 26 8.183780e-08
40 27 1.297030e-07
40 28 2.055650e-07
40 29 3.257970e-07
40 30 5.163490e-07
40 31 8.186440e-07
40 32 1.299030e-06
40 33 2.062300e-06
40 34 3.272940e-06
40 35 5.192470e-06
40 36 8.236060e-06
40 37 1.306560e-05
40 38 8.812240e-04
40 39 5.609930e-01
40 40 4.325290e+00
