1 1 6.540010e-01
1 2 2.451890e-01
1 3 3.174990e-01
1 4 3.711530e-01
1 5 4.505350e-01
1 6 5.344920e-01
1 7 6.214310e-01
1 8 7.114700e-01
1 9 7.891350e-01
1 10 8.548000e-01
1 11 8.852580e-01
1 12 8.728760e-01
1 13 8.076350e-01
1 14 6.921840e-01
1 15 5.355730e-01
1 16 3.667000e-01
1 17 2.145180e-01
1 18 1.031780e-01
1 19 3.883260e-02
1 20 1.078080e-02
1 21 2.041410e-03
1 22 2.405250e-04
1 23 1.670160e-05
1 24 9.465160e-07
1 25 2.496140e-08
1 26 0.000000e+00
1 27 0.000000e+00
1 28 0.000000e+00
1 29 0.000000e+00
1 30 0.000000e+00
1 31 0.000000e+00
1 32 0.000000e+00
1 33 0.000000e+00
1 34 0.000000e+00
1 35 0.000000e+00
1 36 0.000000e+00
1 37 0.000000e+00
1 38 0.000000e+00
1 39 0.000000e+00
1 40 0.000000e+00
2 1 5.144230e-01
2 2 2.126900e-01
2 3 2.871190e-01
2 4 3.395100e-01
2 5 4.125850e-01
2 6 4.898370e-01
2 7 5.701620e-01
2 8 6.536980e-01
2 9 7.263610e-01
2 10 7.885280e-01
2 11 8.188380e-01
2 12 8.102310e-01
2 13 7.528880e-01
2 14 6.487000e-01
2 15 5.052020e-01
2 16 3.486860e-01
2 17 2.059730e-01
2 18 1.002450e-01
2 19 3.826490e-02
2 20 1.080300e-02
2 21 2.086510e-03
2 22 2.515940e-04
2 23 1.790860e-05
2 24 1.037270e-06
2 25 2.827600e-08
2 26 0.000000e+00
2 27 0.000000e+00
2 28 0.000000e+00
2 29 0.000000e+00
2 30 0.000000e+00
2 31 0.000000e+00
2 32 0.000000e+00
2 33 0.000000e+00
2 34 0.000000e+00
2 35 0.000000e+00
2 36 0.000000e+00
2 37 0.000000e+00
2 38 0.000000e+00
2 39 0.000000e+00
2 40 0.000000e+00
3 1 3.963020e-01
3 2 1.735920e-01
3 3 2.500930e-01
3 4 3.097150e-01
3 5 3.794790e-01
3 6 4.510900e-01
3 7 5.257270e-01
3 8 6.038100e-01
3 9 6.723880e-01
3 10 7.318720e-01
3 11 7.624880e-01
3 12 7.576880e-01
3 13 7.077080e-01
3 14 6.136720e-01
3 15 4.816610e-01
3 16 3.356210e-01
3 17 2.005660e-01
3 18 9.898780e-02
3 19 3.842130e-02
3 20 1.106380e-02
3 21 2.187240e-03
3 22 2.710060e-04
3 23 1.985670e-05
3 24 1.180430e-06
3 25 3.349710e-08
3 26 0.000000e+00
3 27 0.000000e+00
3 28 0.000000e+00
3 29 0.000000e+00
3 30 0.000000e+00
3 31 0.000000e+00
3 32 0.000000e+00
3 33 0.000000e+00
3 34 0.000000e+00
3 35 0.000000e+00
3 36 0.000000e+00
3 37 0.000000e+00
3 38 0.000000e+00
3 39 0.000000e+00
3 40 0.000000e+00
4 1 2.963510e-01
4 2 1.331760e-01
4 3 2.025180e-01
4 4 2.720600e-01
4 5 3.498090e-01
4 6 4.182630e-01
4 7 4.882800e-01
4 8 5.619680e-01
4 9 6.274180e-01
4 10 6.851120e-01
4 11 7.165920e-01
4 12 7.156450e-01
4 13 6.725590e-01
4 14 5.876080e-01
4 15 4.654990e-01
4 16 3.280060e-01
4 17 1.986950e-01
4 18 9.967670e-02
4 19 3.944310e-02
4 20 1.161920e-02
4 21 2.358800e-03
4 22 3.013500e-04
4 23 2.279040e-05
4 24 1.394280e-06
4 25 4.135840e-08
4 26 0.000000e+00
4 27 0.000000e+00
4 28 0.000000e+00
4 29 0.000000e+00
4 30 0.000000e+00
4 31 0.000000e+00
4 32 0.000000e+00
4 33 0.000000e+00
4 34 0.000000e+00
4 35 0.000000e+00
4 36 0.000000e+00
4 37 0.000000e+00
4 38 0.000000e+00
4 39 0.000000e+00
4 40 0.000000e+00
5 1 2.280460e-01
5 2 1.013040e-01
5 3 1.550120e-01
5 4 2.191330e-01
5 5 3.100970e-01
5 6 3.899060e-01
5 7 4.571930e-01
5 8 5.274920e-01
5 9 5.907620e-01
5 10 6.475660e-01
5 11 6.804890e-01
5 12 6.836190e-01
5 13 6.471300e-01
5 14 5.704220e-01
5 15 4.567850e-01
5 16 3.260730e-01
5 17 2.006310e-01
5 18 1.025370e-01
5 19 4.147260e-02
5 20 1.253270e-02
5 21 2.620540e-03
5 22 3.463270e-04
5 23 2.677330e-05
5 24 1.672320e-06
5 25 5.342600e-08
5 26 0.000000e+00
5 27 0.000000e+00
5 28 0.000000e+00
5 29 0.000000e+00
5 30 0.000000e+00
5 31 0.000000e+00
5 32 0.000000e+00
5 33 0.000000e+00
5 34 0.000000e+00
5 35 0.000000e+00
5 36 0.000000e+00
5 37 0.000000e+00
5 38 0.000000e+00
5 39 0.000000e+00
5 40 0.000000e+00
6 1 1.703040e-01
6 2 7.546910e-02
6 3 1.157790e-01
6 4 1.649840e-01
6 5 2.470630e-01
6 6 3.492830e-01
6 7 4.315490e-01
6 8 4.998980e-01
6 9 5.618800e-01
6 10 6.186910e-01
6 11 6.537350e-01
6 12 6.611920e-01
6 13 6.311980e-01
6 14 5.621190e-01
6 15 4.557760e-01
6 16 3.302830e-01
6 17 2.068970e-01
6 18 1.080230e-01
6 19 4.480400e-02
6 20 1.394170e-02
6 21 3.015690e-03
6 22 4.143730e-04
6 23 3.272180e-05
6 24 2.063540e-06
6 25 7.331090e-08
6 26 0.000000e+00
6 27 0.000000e+00
6 28 0.000000e+00
6 29 0.000000e+00
6 30 0.000000e+00
6 31 0.000000e+00
6 32 0.000000e+00
6 33 0.000000e+00
6 34 0.000000e+00
6 35 0.000000e+00
6 36 0.000000e+00
6 37 0.000000e+00
6 38 0.000000e+00
6 39 0.000000e+00
6 40 0.000000e+00
7 1 1.206500e-01
7 2 5.364020e-02
7 3 8.349090e-02
7 4 1.204050e-01
7 5 1.824110e-01
7 6 2.749350e-01
7 7 3.915210e-01
7 8 4.790810e-01
7 9 5.408650e-01
7 10 5.985640e-01
7 11 6.364480e-01
7 12 6.486000e-01
7 13 6.250890e-01
7 14 5.631470e-01
7 15 4.630600e-01
7 16 3.413030e-01
7 17 2.181720e-01
7 18 1.166950e-01
7 19 4.980210e-02
7 20 1.602240e-02
7 21 3.602730e-03
7 22 5.176820e-04
7 23 4.268130e-05
7 24 2.771780e-06
7 25 1.075440e-07
7 26 0.000000e+00
7 27 0.000000e+00
7 28 0.000000e+00
7 29 0.000000e+00
7 30 0.000000e+00
7 31 0.000000e+00
7 32 0.000000e+00
7 33 0.000000e+00
7 34 0.000000e+00
7 35 0.000000e+00
7 36 0.000000e+00
7 37 0.000000e+00
7 38 0.000000e+00
7 39 0.000000e+00
7 40 0.000000e+00
8 1 8.597060e-02
8 2 3.835620e-02
8 3 5.981910e-02
8 4 8.663570e-02
8 5 1.318240e-01
8 6 1.999230e-01
8 7 3.039570e-01
8 8 4.397940e-01
8 9 5.266130e-01
8 10 5.861990e-01
8 11 6.278280e-01
8 12 6.454460e-01
8 13 6.288210e-01
8 14 5.740350e-01
8 15 4.796160e-01
8 16 3.603610e-01
8 17 2.356990e-01
8 18 1.295380e-01
8 19 5.708480e-02
8 20 1.906590e-02
8 21 4.477880e-03
8 22 6.767400e-04
8 23 5.892580e-05
8 24 3.948400e-06
8 25 1.694480e-07
8 26 0.000000e+00
8 27 0.000000e+00
8 28 0.000000e+00
8 29 0.000000e+00
8 30 0.000000e+00
8 31 0.000000e+00
8 32 0.000000e+00
8 33 0.000000e+00
8 34 0.000000e+00
8 35 0.000000e+00
8 36 0.000000e+00
8 37 0.000000e+00
8 38 0.000000e+00
8 39 0.000000e+00
8 40 0.000000e+00
9 1 6.222890e-02
9 2 2.726710e-02
9 3 4.193030e-02
9 4 6.052950e-02
9 5 9.283990e-02
9 6 1.419510e-01
9 7 2.174120e-01
9 8 3.374050e-01
9 9 4.902470e-01
9 10 5.811670e-01
9 11 6.275150e-01
9 12 6.517400e-01
9 13 6.428330e-01
9 14 5.957590e-01
9 15 5.069290e-01
9 16 3.892860e-01
9 17 2.613240e-01
9 18 1.480660e-01
9 19 6.762280e-02
9 20 2.353680e-02
9 21 5.795360e-03
9 22 9.241020e-04
9 23 8.533710e-05
9 24 5.803270e-06
9 25 2.762880e-07
9 26 0.000000e+00
9 27 0.000000e+00
9 28 0.000000e+00
9 29 0.000000e+00
9 30 0.000000e+00
9 31 0.000000e+00
9 32 0.000000e+00
9 33 0.000000e+00
9 34 0.000000e+00
9 35 0.000000e+00
9 36 0.000000e+00
9 37 0.000000e+00
9 38 0.000000e+00
9 39 0.000000e+00
9 40 0.000000e+00
10 1 4.185410e-02
10 2 1.845050e-02
10 3 2.859420e-02
10 4 4.149590e-02
10 5 6.380910e-02
10 6 9.807210e-02
10 7 1.511410e-01
10 8 2.362100e-01
10 9 3.705090e-01
10 10 5.495780e-01
10 11 6.363680e-01
10 12 6.682880e-01
10 13 6.681750e-01
10 14 6.296520e-01
10 15 5.466430e-01
10 16 4.300390e-01
10 17 2.971010e-01
10 18 1.741570e-01
10 19 8.277230e-02
10 20 3.018170e-02
10 21 7.842240e-03
10 22 1.330370e-03
10 23 1.317480e-04
10 24 8.029440e-06
10 25 3.893920e-07
10 26 0.000000e+00
10 27 0.000000e+00
10 28 0.000000e+00
10 29 0.000000e+00
10 30 0.000000e+00
10 31 0.000000e+00
10 32 0.000000e+00
10 33 0.000000e+00
10 34 0.000000e+00
10 35 0.000000e+00
10 36 0.000000e+00
10 37 0.000000e+00
10 38 0.000000e+00
10 39 0.000000e+00
10 40 0.000000e+00
11 1 2.671320e-02
11 2 1.185510e-02
11 3 1.840170e-02
11 4 2.676590e-02
11 5 4.138890e-02
11 6 6.434740e-02
11 7 1.005140e-01
11 8 1.590560e-01
11 9 2.525240e-01
11 10 4.086710e-01
11 11 6.130440e-01
11 12 6.968210e-01
11 13 7.069010e-01
11 14 6.781110e-01
11 15 6.016690e-01
11 16 4.858580e-01
11 17 3.463630e-01
11 18 2.107850e-01
11 19 1.047180e-01
11 20 4.024010e-02
11 21 1.112060e-02
11 22 2.028050e-03
11 23 2.185500e-04
11 24 1.299170e-05
11 25 6.312110e-07
11 26 0.000000e+00
11 27 0.000000e+00
11 28 0.000000e+00
11 29 0.000000e+00
11 30 0.000000e+00
11 31 0.000000e+00
11 32 0.000000e+00
11 33 0.000000e+00
11 34 0.000000e+00
11 35 0.000000e+00
11 36 0.000000e+00
11 37 0.000000e+00
11 38 0.000000e+00
11 39 0.000000e+00
11 40 0.000000e+00
12 1 1.715100e-02
12 2 7.640770e-03
12 3 1.184900e-02
12 4 1.718230e-02
12 5 2.642800e-02
12 6 4.080450e-02
12 7 6.398900e-02
12 8 1.026920e-01
12 9 1.654510e-01
12 10 2.714840e-01
12 11 4.482590e-01
12 12 6.827950e-01
12 13 7.576230e-01
12 14 7.415220e-01
12 15 6.742670e-01
12 16 5.609060e-01
12 17 4.141820e-01
12 18 2.628450e-01
12 19 1.371590e-01
12 20 5.580540e-02
12 21 1.646970e-02
12 22 3.236320e-03
12 23 3.792500e-04
12 24 2.378100e-05
12 25 1.198100e-06
12 26 2.024640e-07
12 27 5.603500e-08
12 28 0.000000e+00
12 29 0.000000e+00
12 30 0.000000e+00
12 31 0.000000e+00
12 32 0.000000e+00
12 33 0.000000e+00
12 34 0.000000e+00
12 35 0.000000e+00
12 36 0.000000e+00
12 37 0.000000e+00
12 38 0.000000e+00
12 39 0.000000e+00
12 40 0.000000e+00
13 1 9.350210e-03
13 2 4.212670e-03
13 3 6.575370e-03
13 4 9.606130e-03
13 5 1.493500e-02
13 6 2.347200e-02
13 7 3.746950e-02
13 8 6.125950e-02
13 9 1.010350e-01
13 10 1.697180e-01
13 11 2.866970e-01
13 12 4.897740e-01
13 13 7.613150e-01
13 14 8.263210e-01
13 15 7.702080e-01
13 16 6.605120e-01
13 17 5.060720e-01
13 18 3.357690e-01
13 19 1.848470e-01
13 20 8.018650e-02
13 21 2.555380e-02
13 22 5.503930e-03
13 23 7.197630e-04
13 24 5.049110e-05
13 25 2.668840e-06
13 26 1.312720e-06
13 27 3.817760e-07
13 28 0.000000e+00
13 29 0.000000e+00
13 30 0.000000e+00
13 31 0.000000e+00
13 32 0.000000e+00
13 33 0.000000e+00
13 34 0.000000e+00
13 35 0.000000e+00
13 36 0.000000e+00
13 37 0.000000e+00
13 38 0.000000e+00
13 39 0.000000e+00
13 40 0.000000e+00
14 1 5.517460e-03
14 2 2.508400e-03
14 3 3.931720e-03
14 4 5.770430e-03
14 5 9.000210e-03
14 6 1.413850e-02
14 7 2.249630e-02
14 8 3.659200e-02
14 9 6.022350e-02
14 10 1.021510e-01
14 11 1.750670e-01
14 12 3.041080e-01
14 13 5.335340e-01
14 14 8.435520e-01
14 15 8.874850e-01
14 16 7.888290e-01
14 17 6.313100e-01
14 18 4.409210e-01
14 19 2.577650e-01
14 20 1.198450e-01
14 21 4.132760e-02
14 22 9.723660e-03
14 23 1.401820e-03
14 24 1.085880e-04
14 25 5.469550e-06
14 26 2.088750e-06
14 27 6.502060e-07
14 28 0.000000e+00
14 29 0.000000e+00
14 30 0.000000e+00
14 31 0.000000e+00
14 32 0.000000e+00
14 33 0.000000e+00
14 34 0.000000e+00
14 35 0.000000e+00
14 36 0.000000e+00
14 37 0.000000e+00
14 38 0.000000e+00
14 39 0.000000e+00
14 40 0.000000e+00
15 1 2.705670e-03
15 2 1.248460e-03
15 3 1.972400e-03
15 4 2.922540e-03
15 5 4.610030e-03
15 6 7.337720e-03
15 7 1.185170e-02
15 8 1.963390e-02
15 9 3.298040e-02
15 10 5.692720e-02
15 11 9.948560e-02
15 12 1.767740e-01
15 13 3.181130e-01
15 14 5.800810e-01
15 15 9.335300e-01
15 16 9.538540e-01
15 17 7.984380e-01
15 18 5.889060e-01
15 19 3.673920e-01
15 20 1.844570e-01
15 21 6.960830e-02
15 22 1.818420e-02
15 23 2.955620e-03
15 24 2.622440e-04
15 25 1.213110e-05
15 26 1.010760e-06
15 27 2.281620e-07
15 28 0.000000e+00
15 29 0.000000e+00
15 30 0.000000e+00
15 31 0.000000e+00
15 32 0.000000e+00
15 33 0.000000e+00
15 34 0.000000e+00
15 35 0.000000e+00
15 36 0.000000e+00
15 37 0.000000e+00
15 38 0.000000e+00
15 39 0.000000e+00
15 40 0.000000e+00
16 1 1.154850e-03
16 2 5.400330e-04
16 3 8.597070e-04
16 4 1.286150e-03
16 5 2.053440e-03
16 6 3.318960e-03
16 7 5.464960e-03
16 8 9.260390e-03
16 9 1.593720e-02
16 10 2.823770e-02
16 11 5.079220e-02
16 12 9.319970e-02
16 13 1.737480e-01
16 14 3.290370e-01
16 15 6.262220e-01
16 16 1.036080e+00
16 17 1.020280e+00
16 18 7.965130e-01
16 19 5.324960e-01
16 20 2.905430e-01
16 21 1.210790e-01
16 22 3.557180e-02
16 23 6.637690e-03
16 24 6.914900e-04
16 25 3.514750e-05
16 26 1.020130e-06
16 27 1.692610e-08
16 28 0.000000e+00
16 29 0.000000e+00
16 30 0.000000e+00
16 31 0.000000e+00
16 32 0.000000e+00
16 33 0.000000e+00
16 34 0.000000e+00
16 35 0.000000e+00
16 36 0.000000e+00
16 37 0.000000e+00
16 38 0.000000e+00
16 39 0.000000e+00
16 40 0.000000e+00
17 1 4.512980e-04
17 2 2.164470e-04
17 3 3.486530e-04
17 4 5.286160e-04
17 5 8.566430e-04
17 6 1.407840e-03
17 7 2.360810e-03
17 8 4.079080e-03
17 9 7.166690e-03
17 10 1.298230e-02
17 11 2.392070e-02
17 12 4.509910e-02
17 13 8.677790e-02
17 14 1.704690e-01
17 15 3.378510e-01
17 16 6.743980e-01
17 17 1.142270e+00
17 18 1.081360e+00
17 19 7.799500e-01
17 20 4.661670e-01
17 21 2.163430e-01
17 22 7.203380e-02
17 23 1.552320e-02
17 24 1.904160e-03
17 25 1.136120e-04
17 26 3.196360e-06
17 27 5.664930e-08
17 28 1.482200e-11
17 29 0.000000e+00
17 30 0.000000e+00
17 31 0.000000e+00
17 32 0.000000e+00
17 33 0.000000e+00
17 34 0.000000e+00
17 35 0.000000e+00
17 36 0.000000e+00
17 37 0.000000e+00
17 38 0.000000e+00
17 39 0.000000e+00
17 40 0.000000e+00
18 1 1.372650e-04
18 2 6.759260e-05
18 3 1.100400e-04
18 4 1.690740e-04
18 5 2.785540e-04
18 6 4.673250e-04
18 7 8.038850e-04
18 8 1.434060e-03
18 9 2.616430e-03
18 10 4.934890e-03
18 11 9.472440e-03
18 12 1.860160e-02
18 13 3.734390e-02
18 14 7.697020e-02
18 15 1.610970e-01
18 16 3.412500e-01
18 17 7.221480e-01
18 18 1.261330e+00
18 19 1.139480e+00
18 20 7.491990e-01
18 21 3.903870e-01
18 22 1.492970e-01
18 23 3.789940e-02
18 24 5.631330e-03
18 25 4.181000e-04
18 26 1.354180e-05
18 27 3.028550e-07
18 28 2.969100e-09
18 29 0.000000e+00
18 30 0.000000e+00
18 31 0.000000e+00
18 32 0.000000e+00
18 33 0.000000e+00
18 34 0.000000e+00
18 35 0.000000e+00
18 36 0.000000e+00
18 37 0.000000e+00
18 38 0.000000e+00
18 39 0.000000e+00
18 40 0.000000e+00
19 1 3.326210e-05
19 2 1.693200e-05
19 3 2.752790e-05
19 4 4.233570e-05
19 5 7.008540e-05
19 6 1.188740e-04
19 7 2.085850e-04
19 8 3.843400e-04
19 9 7.372800e-04
19 10 1.483160e-03
19 11 3.045730e-03
19 12 6.370230e-03
19 13 1.351350e-02
19 14 2.923890e-02
19 15 6.472160e-02
19 16 1.470470e-01
19 17 3.370270e-01
19 18 7.676240e-01
19 19 1.392700e+00
19 20 1.194610e+00
19 21 7.010130e-01
19 22 3.101310e-01
19 23 9.403750e-02
19 24 1.736500e-02
19 25 1.684470e-03
19 26 7.181610e-05
19 27 1.710670e-06
19 28 4.595360e-08
19 29 0.000000e+00
19 30 0.000000e+00
19 31 0.000000e+00
19 32 0.000000e+00
19 33 0.000000e+00
19 34 0.000000e+00
19 35 0.000000e+00
19 36 0.000000e+00
19 37 0.000000e+00
19 38 0.000000e+00
19 39 0.000000e+00
19 40 0.000000e+00
20 1 6.359220e-06
20 2 3.557110e-06
20 3 5.848350e-06
20 4 9.109220e-06
20 5 1.529190e-05
20 6 2.633330e-05
20 7 4.690510e-05
20 8 8.758760e-05
20 9 1.699880e-04
20 10 3.489400e-04
20 11 7.468820e-04
20 12 1.662910e-03
20 13 3.824580e-03
20 14 9.120530e-03
20 15 2.191070e-02
20 16 5.338920e-02
20 17 1.327600e-01
20 18 3.316060e-01
20 19 8.139750e-01
20 20 1.527630e+00
20 21 1.232930e+00
20 22 6.394730e-01
20 23 2.342040e-01
20 24 5.368260e-02
20 25 6.605990e-03
20 26 3.592090e-04
20 27 7.839240e-06
20 28 3.220450e-07
20 29 0.000000e+00
20 30 0.000000e+00
20 31 0.000000e+00
20 32 0.000000e+00
20 33 0.000000e+00
20 34 0.000000e+00
20 35 0.000000e+00
20 36 0.000000e+00
20 37 0.000000e+00
20 38 0.000000e+00
20 39 0.000000e+00
20 40 0.000000e+00
21 1 9.091090e-07
21 2 5.204070e-07
21 3 8.611500e-07
21 4 1.333810e-06
21 5 2.248270e-06
21 6 3.940670e-06
21 7 7.294650e-06
21 8 1.439380e-05
21 9 2.969960e-05
21 10 6.503530e-05
21 11 1.492440e-04
21 12 3.574290e-04
21 13 8.786940e-04
21 14 2.203650e-03
21 15 5.668030e-03
21 16 1.518260e-02
21 17 4.177500e-02
21 18 1.162140e-01
21 19 3.200390e-01
21 20 8.552760e-01
21 21 1.669760e+00
21 22 1.263460e+00
21 23 5.654890e-01
21 24 1.647910e-01
21 25 2.689300e-02
21 26 2.028260e-03
21 27 5.670260e-05
21 28 1.240040e-06
21 29 0.000000e+00
21 30 0.000000e+00
21 31 0.000000e+00
21 32 0.000000e+00
21 33 0.000000e+00
21 34 0.000000e+00
21 35 0.000000e+00
21 36 0.000000e+00
21 37 0.000000e+00
21 38 0.000000e+00
21 39 0.000000e+00
21 40 0.000000e+00
22 1 1.511520e-07
22 2 8.652470e-08
22 3 1.431540e-07
22 4 2.189870e-07
22 5 3.512960e-07
22 6 5.666310e-07
22 7 9.415870e-07
22 8 1.688320e-06
22 9 3.364580e-06
22 10 7.595370e-06
22 11 1.875940e-05
22 12 4.965390e-05
22 13 1.358420e-04
22 14 3.744840e-04
22 15 1.051370e-03
22 16 3.095860e-03
22 17 9.538890e-03
22 18 3.023410e-02
22 19 9.624560e-02
22 20 3.004380e-01
22 21 8.913770e-01
22 22 1.824830e+00
22 23 1.279450e+00
22 24 4.812210e-01
22 25 1.069100e-01
22 26 1.163130e-02
22 27 4.887990e-04
22 28 6.630590e-06
22 29 0.000000e+00
22 30 0.000000e+00
22 31 0.000000e+00
22 32 0.000000e+00
22 33 0.000000e+00
22 34 0.000000e+00
22 35 0.000000e+00
22 36 0.000000e+00
22 37 0.000000e+00
22 38 0.000000e+00
22 39 0.000000e+00
22 40 0.000000e+00
23 1 3.748360e-08
23 2 2.145700e-08
23 3 3.550030e-08
23 4 5.430590e-08
23 5 8.701550e-08
23 6 1.382330e-07
23 7 2.186240e-07
23 8 3.475540e-07
23 9 5.528860e-07
23 10 9.180750e-07
23 11 1.772190e-06
23 12 4.445020e-06
23 13 1.385710e-05
23 14 4.593850e-05
23 15 1.486060e-04
23 16 4.801080e-04
23 17 1.596790e-03
23 18 5.584650e-03
23 19 2.041340e-02
23 20 7.576110e-02
23 21 2.733840e-01
23 22 9.197920e-01
23 23 1.990740e+00
23 24 1.278930e+00
23 25 3.918530e-01
23 26 6.321260e-02
23 27 4.281340e-03
23 28 9.181950e-05
23 29 1.217630e-06
23 30 0.000000e+00
23 31 0.000000e+00
23 32 0.000000e+00
23 33 0.000000e+00
23 34 0.000000e+00
23 35 0.000000e+00
23 36 0.000000e+00
23 37 0.000000e+00
23 38 0.000000e+00
23 39 0.000000e+00
23 40 0.000000e+00
24 1 1.301680e-08
24 2 7.451290e-09
24 3 1.232810e-08
24 4 1.885860e-08
24 5 3.021760e-08
24 6 4.800370e-08
24 7 7.592060e-08
24 8 1.206570e-07
24 9 1.904430e-07
24 10 3.030070e-07
24 11 4.797620e-07
24 12 7.682420e-07
24 13 1.356050e-06
24 14 3.427490e-06
24 15 1.143330e-05
24 16 4.187060e-05
24 17 1.604460e-04
24 18 6.491940e-04
24 19 2.781570e-03
24 20 1.251110e-02
24 21 5.645670e-02
24 22 2.429000e-01
24 23 9.421120e-01
24 24 2.160320e+00
24 25 1.260000e+00
24 26 3.049140e-01
24 27 3.359880e-02
24 28 1.266870e-03
24 29 1.360030e-05
24 30 1.095410e-06
24 31 0.000000e+00
24 32 0.000000e+00
24 33 0.000000e+00
24 34 0.000000e+00
24 35 0.000000e+00
24 36 0.000000e+00
24 37 0.000000e+00
24 38 0.000000e+00
24 39 0.000000e+00
24 40 0.000000e+00
25 1 6.237750e-09
25 2 3.570710e-09
25 3 5.907710e-09
25 4 9.037190e-09
25 5 1.448050e-08
25 6 2.300380e-08
25 7 3.638170e-08
25 8 5.781980e-08
25 9 9.126180e-08
25 10 1.452030e-07
25 11 2.298810e-07
25 12 3.642790e-07
25 13 5.767110e-07
25 14 9.270130e-07
25 15 1.655670e-06
25 16 3.795100e-06
25 17 1.152180e-05
25 18 4.600280e-05
25 19 2.209720e-04
25 20 1.195330e-03
25 21 6.867040e-03
25 22 3.928100e-02
25 23 2.084170e-01
25 24 9.549430e-01
25 25 2.336220e+00
25 26 1.222550e+00
25 27 2.248030e-01
25 28 1.575440e-02
25 29 2.948390e-04
25 30 1.342610e-06
25 31 4.310970e-09
25 32 0.000000e+00
25 33 0.000000e+00
25 34 0.000000e+00
25 35 0.000000e+00
25 36 0.000000e+00
25 37 0.000000e+00
25 38 0.000000e+00
25 39 0.000000e+00
25 40 0.000000e+00
26 1 1.926810e-09
26 2 1.102980e-09
26 3 1.824860e-09
26 4 2.791550e-09
26 5 4.472950e-09
26 6 7.105750e-09
26 7 1.123820e-08
26 8 1.786030e-08
26 9 2.819040e-08
26 10 4.485260e-08
26 11 7.100910e-08
26 12 1.125240e-07
26 13 1.781410e-07
26 14 2.827980e-07
26 15 4.486310e-07
26 16 7.849580e-07
26 17 2.137940e-06
26 18 7.453910e-06
26 19 2.827440e-05
26 20 1.231490e-04
26 21 6.328240e-04
26 22 3.852170e-03
26 23 2.598940e-02
26 24 1.706150e-01
26 25 9.523870e-01
26 26 2.523780e+00
26 27 1.165130e+00
26 28 1.554020e-01
26 29 6.621480e-03
26 30 6.013600e-05
26 31 2.065210e-07
26 32 0.000000e+00
26 33 0.000000e+00
26 34 0.000000e+00
26 35 0.000000e+00
26 36 0.000000e+00
26 37 0.000000e+00
26 38 0.000000e+00
26 39 0.000000e+00
26 40 0.000000e+00
27 1 8.606200e-10
27 2 4.926500e-10
27 3 8.150800e-10
27 4 1.246860e-09
27 5 1.997870e-09
27 6 3.173820e-09
27 7 5.019570e-09
27 8 7.977370e-09
27 9 1.259140e-08
27 10 2.003360e-08
27 11 3.171650e-08
27 12 5.025940e-08
27 13 7.956770e-08
27 14 1.263130e-07
27 15 1.999280e-07
27 16 3.171280e-07
27 17 5.030580e-07
27 18 8.122690e-07
27 19 1.404900e-06
27 20 3.155040e-06
27 21 1.698410e-05
27 22 1.539890e-04
27 23 1.524490e-03
27 24 1.522070e-02
27 25 1.358680e-01
27 26 9.467950e-01
27 27 2.700960e+00
27 28 1.095580e+00
27 29 1.011180e-01
27 30 2.275940e-03
27 31 8.829620e-06
27 32 5.150380e-08
27 33 0.000000e+00
27 34 0.000000e+00
27 35 0.000000e+00
27 36 0.000000e+00
27 37 0.000000e+00
27 38 0.000000e+00
27 39 0.000000e+00
27 40 0.000000e+00
28 1 4.735800e-10
28 2 2.710900e-10
28 3 4.485200e-10
28 4 6.861100e-10
28 5 1.099370e-09
28 6 1.746470e-09
28 7 2.762140e-09
28 8 4.389730e-09
28 9 6.928680e-09
28 10 1.102400e-08
28 11 1.745280e-08
28 12 2.765640e-08
28 13 4.378400e-08
28 14 6.950660e-08
28 15 1.100150e-07
28 16 1.745070e-07
28 17 2.765740e-07
28 18 4.383770e-07
28 19 6.944880e-07
28 20 1.103230e-06
28 21 1.832010e-06
28 22 5.499390e-06
28 23 4.597870e-05
28 24 5.943250e-04
28 25 8.258550e-03
28 26 1.023840e-01
28 27 9.274140e-01
28 28 2.882600e+00
28 29 1.011920e+00
28 30 6.112490e-02
28 31 6.634290e-04
28 32 1.566220e-06
28 33 0.000000e+00
28 34 0.000000e+00
28 35 0.000000e+00
28 36 0.000000e+00
28 37 0.000000e+00
28 38 0.000000e+00
28 39 0.000000e+00
28 40 0.000000e+00
29 1 3.818800e-10
29 2 2.186000e-10
29 3 3.616700e-10
29 4 5.532600e-10
29 5 8.865000e-10
29 6 1.408300e-09
29 7 2.227300e-09
29 8 3.539750e-09
29 9 5.587080e-09
29 10 8.889400e-09
29 11 1.407340e-08
29 12 2.230130e-08
29 13 3.530610e-08
29 14 5.604810e-08
29 15 8.871260e-08
29 16 1.407170e-07
29 17 2.230210e-07
29 18 3.534930e-07
29 19 5.598540e-07
29 20 8.877940e-07
29 21 1.406870e-06
29 22 2.239620e-06
29 23 4.391890e-06
29 24 2.221070e-05
29 25 2.716830e-04
29 26 4.450770e-03
29 27 7.381950e-02
29 28 8.936370e-01
29 29 3.067060e+00
29 30 9.169540e-01
29 31 3.445150e-02
29 32 1.545090e-04
29 33 1.106550e-07
29 34 0.000000e+00
29 35 0.000000e+00
29 36 0.000000e+00
29 37 0.000000e+00
29 38 0.000000e+00
29 39 0.000000e+00
29 40 0.000000e+00
30 1 1.860800e-10
30 2 1.065200e-10
30 3 1.762400e-10
30 4 2.695900e-10
30 5 4.319800e-10
30 6 6.862400e-10
30 7 1.085330e-09
30 8 1.724860e-09
30 9 2.722490e-09
30 10 4.331640e-09
30 11 6.857710e-09
30 12 1.086700e-08
30 13 1.720400e-08
30 14 2.731120e-08
30 15 4.322810e-08
30 16 6.856900e-08
30 17 1.086740e-07
30 18 1.722510e-07
30 19 2.728070e-07
30 20 4.328540e-07
30 21 6.895680e-07
30 22 1.111990e-06
30 23 1.824140e-06
30 24 3.102130e-06
30 25 6.015690e-06
30 26 4.466670e-05
30 27 1.627170e-03
30 28 5.010050e-02
30 29 8.601800e-01
30 30 3.234260e+00
30 31 8.230090e-01
30 32 1.750650e-02
30 33 2.944630e-05
30 34 0.000000e+00
30 35 0.000000e+00
30 36 0.000000e+00
30 37 0.000000e+00
30 38 0.000000e+00
30 39 0.000000e+00
30 40 0.000000e+00
31 1 3.018300e-11
31 2 1.727800e-11
31 3 2.858600e-11
31 4 4.372900e-11
31 5 7.006800e-11
31 6 1.113100e-10
31 7 1.760400e-10
31 8 2.797800e-10
31 9 4.416000e-10
31 10 7.026100e-10
31 11 1.112340e-09
31 12 1.762670e-09
31 13 2.790550e-09
31 14 4.429970e-09
31 15 7.011730e-09
31 16 1.112210e-08
31 17 1.762730e-08
31 18 2.793960e-08
31 19 4.425020e-08
31 20 7.017010e-08
31 21 1.111770e-07
31 22 1.758530e-07
31 23 2.762120e-07
31 24 4.288070e-07
31 25 6.811980e-07
31 26 1.272390e-06
31 27 9.944990e-06
31 28 6.020640e-04
31 29 3.170980e-02
31 30 8.161630e-01
31 31 3.396980e+00
31 32 7.291340e-01
31 33 7.991820e-03
31 34 5.055430e-06
31 35 1.282150e-08
31 36 0.000000e+00
31 37 0.000000e+00
31 38 0.000000e+00
31 39 0.000000e+00
31 40 0.000000e+00
32 1 4.518000e-11
32 2 2.586300e-11
32 3 4.279000e-11
32 4 6.545700e-11
32 5 1.048800e-10
32 6 1.666200e-10
32 7 2.635100e-10
32 8 4.187900e-10
32 9 6.610100e-10
32 10 1.051710e-09
32 11 1.665030e-09
32 12 2.638480e-09
32 13 4.177080e-09
32 14 6.631080e-09
32 15 1.049560e-08
32 16 1.664830e-08
32 17 2.638570e-08
32 18 4.182190e-08
32 19 6.623670e-08
32 20 1.050350e-07
32 21 1.664310e-07
32 22 2.638290e-07
32 23 4.184820e-07
32 24 6.657440e-07
32 25 1.060400e-06
32 26 1.676910e-06
32 27 2.631960e-06
32 28 4.817890e-06
32 29 1.915380e-04
32 30 1.886960e-02
32 31 7.668540e-01
32 32 3.550340e+00
32 33 6.386310e-01
32 34 3.225200e-03
32 35 7.147480e-07
32 36 0.000000e+00
32 37 0.000000e+00
32 38 0.000000e+00
32 39 0.000000e+00
32 40 0.000000e+00
33 1 2.122400e-11
33 2 1.214900e-11
33 3 2.010100e-11
33 4 3.074800e-11
33 5 4.926900e-11
33 6 7.826900e-11
33 7 1.237900e-10
33 8 1.967300e-10
33 9 3.105100e-10
33 10 4.940500e-10
33 11 7.821600e-10
33 12 1.239440e-09
33 13 1.962200e-09
33 14 3.114980e-09
33 15 4.930370e-09
33 16 7.820630e-09
33 17 1.239480e-08
33 18 1.964600e-08
33 19 3.111500e-08
33 20 4.934080e-08
33 21 7.818190e-08
33 22 1.239350e-07
33 23 1.964230e-07
33 24 3.114110e-07
33 25 4.957150e-07
33 26 7.993570e-07
33 27 1.306130e-06
33 28 2.139170e-06
33 29 3.517410e-06
33 30 4.811220e-05
33 31 1.032580e-02
33 32 7.159460e-01
33 33 3.691060e+00
33 34 5.545440e-01
33 35 1.126550e-03
33 36 5.562810e-08
33 37 0.000000e+00
33 38 0.000000e+00
33 39 0.000000e+00
33 40 0.000000e+00
34 1 1.433100e-11
34 2 8.203800e-12
34 3 1.357300e-11
34 4 2.076300e-11
34 5 3.326900e-11
34 6 5.285200e-11
34 7 8.358800e-11
34 8 1.328400e-10
34 9 2.096800e-10
34 10 3.336100e-10
34 11 5.281600e-10
34 12 8.369400e-10
34 13 1.324990e-09
34 14 2.103420e-09
34 15 3.329280e-09
34 16 5.280940e-09
34 17 8.369710e-09
34 18 1.326620e-08
34 19 2.101070e-08
34 20 3.331780e-08
34 21 5.279300e-08
34 22 8.368810e-08
34 23 1.326360e-07
34 24 2.101860e-07
34 25 3.328150e-07
34 26 5.260510e-07
34 27 8.327410e-07
34 28 1.323780e-06
34 29 2.108030e-06
34 30 3.354690e-06
34 31 1.231700e-05
34 32 5.127060e-03
34 33 6.650180e-01
34 34 3.818020e+00
34 35 4.786560e-01
34 36 3.205200e-04
34 37 1.305500e-08
34 38 0.000000e+00
34 39 0.000000e+00
34 40 0.000000e+00
35 1 1.270000e-11
35 2 7.270000e-12
35 3 1.202800e-11
35 4 1.840000e-11
35 5 2.948200e-11
35 6 4.683600e-11
35 7 7.407300e-11
35 8 1.177200e-10
35 9 1.858100e-10
35 10 2.956300e-10
35 11 4.680400e-10
35 12 7.416700e-10
35 13 1.174170e-09
35 14 1.863990e-09
35 15 2.950310e-09
35 16 4.679830e-09
35 17 7.417010e-09
35 18 1.175610e-08
35 19 1.861910e-08
35 20 2.952530e-08
35 21 4.678370e-08
35 22 7.416210e-08
35 23 1.175390e-07
35 24 1.862630e-07
35 25 2.953430e-07
35 26 4.694430e-07
35 27 7.491980e-07
35 28 1.197040e-06
35 29 1.909820e-06
35 30 3.042790e-06
35 31 4.842680e-06
35 32 7.845390e-06
35 33 2.161970e-03
35 34 6.162740e-01
35 35 3.930560e+00
35 36 4.109660e-01
35 37 7.485340e-05
35 38 0.000000e+00
35 39 0.000000e+00
35 40 0.000000e+00
36 1 1.885400e-11
36 2 1.079300e-11
36 3 1.785700e-11
36 4 2.731600e-11
36 5 4.376900e-11
36 6 6.953100e-11
36 7 1.099700e-10
36 8 1.747700e-10
36 9 2.758500e-10
36 10 4.388900e-10
36 11 6.948400e-10
36 12 1.101070e-09
36 13 1.743150e-09
36 14 2.767230e-09
36 15 4.379950e-09
36 16 6.947540e-09
36 17 1.101110e-08
36 18 1.745280e-08
36 19 2.764130e-08
36 20 4.383250e-08
36 21 6.945370e-08
36 22 1.100990e-07
36 23 1.744940e-07
36 24 2.765210e-07
36 25 4.382800e-07
36 26 6.944510e-07
36 27 1.099830e-06
36 28 1.744150e-06
36 29 2.779500e-06
36 30 4.444820e-06
36 31 7.103310e-06
36 32 1.133120e-05
36 33 1.805200e-05
36 34 8.570320e-04
36 35 5.691130e-01
36 36 4.030020e+00
36 37 3.513340e-01
36 38 1.401500e-05
36 39 0.000000e+00
36 40 0.000000e+00
37 1 9.987200e-12
37 2 5.717000e-12
37 3 9.458800e-12
37 4 1.446900e-11
37 5 2.318500e-11
37 6 3.683100e-11
37 7 5.825000e-11
37 8 9.257500e-11
37 9 1.461200e-10
37 10 2.324800e-10
37 11 3.680600e-10
37 12 5.832400e-10
37 13 9.233600e-10
37 14 1.465820e-09
37 15 2.320090e-09
37 16 3.680160e-09
37 17 5.832640e-09
37 18 9.244850e-09
37 19 1.464180e-08
37 20 2.321840e-08
37 21 3.679010e-08
37 22 5.832020e-08
37 23 9.243080e-08
37 24 1.464750e-07
37 25 2.321600e-07
37 26 3.679470e-07
37 27 5.830360e-07
37 28 9.221550e-07
37 29 1.452220e-06
37 30 2.282500e-06
37 31 3.581930e-06
37 32 5.614110e-06
37 33 8.812750e-06
37 34 1.386010e-05
37 35 3.043070e-04
37 36 5.255970e-01
37 37 4.115370e+00
37 38 2.991990e-01
37 39 2.489850e-06
37 40 0.000000e+00
38 1 1.075300e-11
38 2 6.155300e-12
38 3 1.018400e-11
38 4 1.557900e-11
38 5 2.496200e-11
38 6 3.965500e-11
38 7 6.271600e-11
38 8 9.967200e-11
38 9 1.573200e-10
38 10 2.503100e-10
38 11 3.962800e-10
38 12 6.279600e-10
38 13 9.941500e-10
38 14 1.578200e-09
38 15 2.497960e-09
38 16 3.962300e-09
38 17 6.279810e-09
38 18 9.953620e-09
38 19 1.576430e-08
38 20 2.499840e-08
38 21 3.961070e-08
38 22 6.279140e-08
38 23 9.951720e-08
38 24 1.577050e-07
38 25 2.499590e-07
38 26 3.961560e-07
38 27 6.278590e-07
38 28 9.952490e-07
38 29 1.579550e-06
38 30 2.513160e-06
38 31 4.010860e-06
38 32 6.416330e-06
38 33 1.026980e-05
38 34 1.641390e-05
38 35 2.618700e-05
38 36 1.168940e-04
38 37 4.857860e-01
38 38 4.187090e+00
38 39 2.537570e-01
38 40 6.343950e-07
39 1 3.032600e-12
39 2 1.736000e-12
39 3 2.872200e-12
39 4 4.393600e-12
39 5 7.040000e-12
39 6 1.118400e-11
39 7 1.768800e-11
39 8 2.811000e-11
39 9 4.436900e-11
39 10 7.059400e-11
39 11 1.117600e-10
39 12 1.771000e-10
39 13 2.803800e-10
39 14 4.451000e-10
39 15 7.045000e-10
39 16 1.117490e-09
39 17 1.771090e-09
39 18 2.807210e-09
39 19 4.446000e-09
39 20 7.050280e-09
39 21 1.117140e-08
39 22 1.770900e-08
39 23 2.806670e-08
39 24 4.447730e-08
39 25 7.049570e-08
39 26 1.117280e-07
39 27 1.770750e-07
39 28 2.806440e-07
39 29 4.452170e-07
39 30 7.120270e-07
39 31 1.158950e-06
39 32 1.926370e-06
39 33 3.251260e-06
39 34 5.490690e-06
39 35 9.167940e-06
39 36 1.511860e-05
39 37 4.235030e-05
39 38 4.497300e-01
39 39 4.245280e+00
39 40 2.140950e-01
40 1 1.446900e-12
40 2 0.000000e+00
40 3 1.370300e-12
40 4 2.096200e-12
40 5 3.358800e-12
40 6 5.335800e-12
40 7 8.438800e-12
40 8 1.341100e-11
40 9 2.116800e-11
40 10 3.368000e-11
40 11 5.332100e-11
40 12 8.449500e-11
40 13 1.337700e-10
40 14 2.123600e-10
40 15 3.361200e-10
40 16 5.331500e-10
40 17 8.449800e-10
40 18 1.339320e-09
40 19 2.121180e-09
40 20 3.363680e-09
40 21 5.329840e-09
40 22 8.448940e-09
40 23 1.339060e-08
40 24 2.122010e-08
40 25 3.363340e-08
40 26 5.330500e-08
40 27 8.448200e-08
40 28 1.338950e-07
40 29 2.122080e-07
40 30 3.362730e-07
40 31 5.319930e-07
40 32 8.385560e-07
40 33 1.315010e-06
40 34 2.052970e-06
40 35 3.204220e-06
40 36 5.013740e-06
40 37 7.864960e-06
40 38 1.539900e-05
40 39 4.170060e-01
40 40 4.469140e+00
