1 1.348340e+01
2 1.221280e+01
3 1.108410e+01
4 1.010140e+01
5 9.256830e+00
6 8.525020e+00
7 7.898170e+00
8 7.364470e+00
9 6.918560e+00
10 6.545100e+00
11 6.237330e+00
12 5.987540e+00
13 5.784370e+00
14 5.621910e+00
15 5.491500e+00
16 5.388140e+00
17 5.305790e+00
18 5.240160e+00
19 5.188130e+00
20 5.146790e+00
21 5.113730e+00
22 5.087320e+00
23 5.066260e+00
24 5.049390e+00
25 5.035710e+00
26 5.024550e+00
27 5.015320e+00
28 5.007530e+00
29 5.000760e+00
30 4.994630e+00
31 4.988830e+00
32 4.983040e+00
33 4.976940e+00
34 4.970210e+00
35 4.962450e+00
36 4.953220e+00
37 4.941940e+00
38 4.927870e+00
39 4.910020e+00
40 4.886820e+00
