1 3.657400e-03
2 3.657400e-03
3 3.657400e-03
4 3.657400e-03
5 3.657400e-03
6 3.657400e-03
7 3.657400e-03
8 3.657400e-03
9 3.657400e-03
10 3.657400e-03
11 3.657400e-03
12 3.657400e-03
13 3.657400e-03
14 3.657400e-03
15 3.657400e-03
16 3.657400e-03
17 3.657400e-03
18 3.657400e-03
19 3.657400e-03
20 3.657400e-03
21 3.657400e-03
22 3.657400e-03
23 3.657400e-03
24 3.657400e-03
25 3.657400e-03
26 3.657400e-03
27 3.657400e-03
28 3.657400e-03
29 3.657450e-03
30 3.657500e-03
31 3.657500e-03
32 3.657500e-03
33 3.657500e-03
34 3.657500e-03
35 3.657500e-03
36 3.657500e-03
37 3.657500e-03
38 3.657510e-03
39 3.657600e-03
40 3.657600e-03
