1 2.721870e+02
2 2.428470e+02
3 2.163180e+02
4 1.926990e+02
5 1.718450e+02
6 1.531610e+02
7 1.364970e+02
8 1.216080e+02
9 1.084160e+02
10 9.660360e+01
11 8.607490e+01
12 7.673390e+01
13 6.837380e+01
14 6.094620e+01
15 5.430350e+01
16 4.840760e+01
17 4.314730e+01
18 3.845250e+01
19 3.427810e+01
20 3.056330e+01
21 2.724560e+01
22 2.428540e+01
23 2.164780e+01
24 1.930100e+01
25 1.721040e+01
26 1.534590e+01
27 1.368300e+01
28 1.221900e+01
29 1.091080e+01
30 9.750840e+00
31 8.715550e+00
32 7.793870e+00
33 6.984760e+00
34 6.258460e+00
35 5.617170e+00
36 5.057360e+00
37 4.566990e+00
38 4.148310e+00
39 3.782780e+00
40 3.484330e+00
