1 3.219280e-02
2 3.219690e-02
3 3.220050e-02
4 3.220450e-02
5 3.220860e-02
6 3.221280e-02
7 3.221710e-02
8 3.222150e-02
9 3.222590e-02
10 3.223060e-02
11 3.223490e-02
12 3.223990e-02
13 3.224490e-02
14 3.224990e-02
15 3.225500e-02
16 3.226030e-02
17 3.226560e-02
18 3.227140e-02
19 3.227680e-02
20 3.228250e-02
21 3.228840e-02
22 3.229540e-02
23 3.230060e-02
24 3.230690e-02
25 3.231350e-02
26 3.232000e-02
27 3.232700e-02
28 3.233270e-02
29 3.234080e-02
30 3.234810e-02
31 3.235590e-02
32 3.236250e-02
33 3.237090e-02
34 3.237880e-02
35 3.238910e-02
36 3.239350e-02
37 3.240370e-02
38 3.241250e-02
39 3.242140e-02
40 3.243340e-02
41 3.243870e-02
42 3.244950e-02
43 3.245950e-02
44 3.246940e-02
45 3.247960e-02
46 3.249060e-02
47 3.250270e-02
48 3.251050e-02
49 3.252300e-02
50 3.253450e-02
51 3.254650e-02
52 3.255830e-02
53 3.257070e-02
54 3.258330e-02
55 3.259640e-02
56 3.261000e-02
57 3.262290e-02
58 3.263660e-02
59 3.265110e-02
60 3.266530e-02
61 3.268040e-02
62 3.269540e-02
63 3.271120e-02
64 3.272670e-02
65 3.274290e-02
66 3.276090e-02
67 3.277570e-02
68 3.279400e-02
69 3.281180e-02
70 3.283000e-02
71 3.284800e-02
72 3.286780e-02
73 3.288660e-02
74 3.290780e-02
75 3.292770e-02
76 3.295080e-02
77 3.297030e-02
78 3.299170e-02
79 3.301700e-02
80 3.303690e-02
81 3.306090e-02
82 3.308530e-02
83 3.310950e-02
84 3.313460e-02
85 3.316050e-02
86 3.318660e-02
87 3.321400e-02
88 3.324130e-02
89 3.327090e-02
90 3.329890e-02
91 3.332790e-02
92 3.335850e-02
93 3.338840e-02
94 3.341840e-02
95 3.345320e-02
96 3.348650e-02
97 3.351930e-02
98 3.355720e-02
99 3.358900e-02
100 3.362660e-02
101 3.366380e-02
102 3.370530e-02
103 3.374120e-02
104 3.378070e-02
105 3.382220e-02
106 3.386430e-02
107 3.390680e-02
108 3.394980e-02
109 3.399660e-02
110 3.404100e-02
111 3.408810e-02
112 3.413580e-02
113 3.418530e-02
114 3.423360e-02
115 3.428640e-02
116 3.433810e-02
117 3.439330e-02
118 3.444730e-02
119 3.450340e-02
120 3.456140e-02
121 3.463170e-02
122 3.467830e-02
123 3.474380e-02
124 3.480740e-02
125 3.486940e-02
126 3.493700e-02
127 3.500640e-02
128 3.507770e-02
129 3.514470e-02
130 3.521950e-02
131 3.529170e-02
132 3.536760e-02
133 3.544540e-02
134 3.552490e-02
135 3.560640e-02
136 3.568970e-02
137 3.577490e-02
138 3.586220e-02
139 3.595150e-02
140 3.604280e-02
141 3.613630e-02
142 3.623200e-02
143 3.632980e-02
144 3.643000e-02
145 3.653250e-02
146 3.663740e-02
147 3.674480e-02
148 3.685460e-02
149 3.696700e-02
150 3.708200e-02
151 3.719970e-02
152 3.732010e-02
153 3.744340e-02
154 3.756950e-02
155 3.769850e-02
156 3.783060e-02
157 3.796570e-02
158 3.810390e-02
159 3.824540e-02
160 3.839020e-02
161 3.853840e-02
162 3.869000e-02
163 3.884510e-02
164 3.900390e-02
165 3.916640e-02
166 3.933260e-02
167 3.950270e-02
168 3.967680e-02
169 3.985490e-02
170 4.003720e-02
171 4.022380e-02
172 4.041470e-02
173 4.061000e-02
174 4.080990e-02
175 4.101440e-02
176 4.122370e-02
177 4.143790e-02
178 4.165700e-02
179 4.188130e-02
180 4.211080e-02
181 4.234550e-02
182 4.258590e-02
183 4.283180e-02
184 4.308340e-02
185 4.334080e-02
186 4.360430e-02
187 4.387390e-02
188 4.414980e-02
189 4.443220e-02
190 4.472110e-02
191 4.501670e-02
192 4.531920e-02
193 4.562870e-02
194 4.594550e-02
195 4.626960e-02
196 4.660130e-02
197 4.694070e-02
198 4.728810e-02
199 4.764350e-02
200 4.800720e-02
201 4.837950e-02
202 4.876040e-02
203 4.915010e-02
204 4.954890e-02
205 4.995690e-02
206 5.037450e-02
207 5.080190e-02
208 5.123910e-02
209 5.168660e-02
210 5.214440e-02
211 5.261300e-02
212 5.309240e-02
213 5.358310e-02
214 5.408510e-02
215 5.459890e-02
216 5.512450e-02
217 5.566250e-02
218 5.621300e-02
219 5.677630e-02
220 5.735270e-02
221 5.794260e-02
222 5.854620e-02
223 5.916380e-02
224 5.979590e-02
225 6.044270e-02
226 6.110450e-02
227 6.178170e-02
228 6.247480e-02
229 6.318390e-02
230 6.390960e-02
231 6.465210e-02
232 6.541200e-02
233 6.618960e-02
234 6.698520e-02
235 6.779950e-02
236 6.863270e-02
237 6.948530e-02
238 7.035770e-02
239 7.125050e-02
240 7.216410e-02
241 7.309920e-02
242 7.405590e-02
243 7.503480e-02
244 7.603650e-02
245 7.706150e-02
246 7.811050e-02
247 7.918390e-02
248 8.028220e-02
249 8.140610e-02
250 8.255620e-02
251 8.373320e-02
252 8.493750e-02
253 8.616990e-02
254 8.743100e-02
255 8.872150e-02
256 9.004200e-02
257 9.139330e-02
258 9.277610e-02
259 9.419100e-02
260 9.563900e-02
261 9.712060e-02
262 9.863680e-02
263 1.001880e-01
264 1.017760e-01
265 1.034000e-01
266 1.050630e-01
267 1.067640e-01
268 1.085050e-01
269 1.102860e-01
270 1.121080e-01
271 1.139140e-01
272 1.157210e-01
273 1.175700e-01
274 1.194620e-01
275 1.213980e-01
276 1.233800e-01
277 1.254070e-01
278 1.274820e-01
279 1.296050e-01
280 1.317770e-01
281 1.340000e-01
282 1.362750e-01
283 1.386030e-01
284 1.409850e-01
285 1.434220e-01
286 1.459160e-01
287 1.484690e-01
288 1.510800e-01
289 1.537530e-01
290 1.564880e-01
291 1.592870e-01
292 1.621500e-01
293 1.650810e-01
294 1.680800e-01
295 1.711480e-01
296 1.742880e-01
297 1.775020e-01
298 1.807900e-01
299 1.841540e-01
300 1.875970e-01
301 1.904910e-01
302 1.928200e-01
303 1.952020e-01
304 1.976400e-01
305 2.001340e-01
306 2.026870e-01
307 2.052990e-01
308 2.079720e-01
309 2.107070e-01
310 2.135060e-01
311 2.163700e-01
312 2.193010e-01
313 2.223000e-01
314 2.253690e-01
315 2.285090e-01
316 2.317230e-01
317 2.350110e-01
318 2.383760e-01
319 2.418190e-01
320 2.453430e-01
321 2.489490e-01
322 2.526380e-01
323 2.564140e-01
324 2.602780e-01
325 2.642310e-01
326 2.682770e-01
327 2.724170e-01
328 2.766530e-01
329 2.809880e-01
330 2.854240e-01
331 2.889520e-01
332 2.910640e-01
333 2.932110e-01
334 2.954080e-01
335 2.976570e-01
336 2.999570e-01
337 3.023120e-01
338 3.047210e-01
339 3.071860e-01
340 3.097090e-01
341 3.122910e-01
342 3.149320e-01
343 3.176350e-01
344 3.204010e-01
345 3.232320e-01
346 3.261280e-01
347 3.290920e-01
348 3.321250e-01
349 3.352290e-01
350 3.384050e-01
351 3.416550e-01
352 3.449800e-01
353 3.483830e-01
354 3.518650e-01
355 3.554290e-01
356 3.590750e-01
357 3.628070e-01
358 3.666250e-01
359 3.705320e-01
360 3.745300e-01
361 3.777850e-01
362 3.793390e-01
363 3.808730e-01
364 3.824420e-01
365 3.840480e-01
366 3.856910e-01
367 3.873720e-01
368 3.890920e-01
369 3.908530e-01
370 3.926550e-01
371 3.944980e-01
372 3.963850e-01
373 3.983150e-01
374 4.002910e-01
375 4.023120e-01
376 4.043810e-01
377 4.064970e-01
378 4.086420e-01
379 4.099990e-01
380 4.109580e-01
381 4.119380e-01
382 4.129420e-01
383 4.139690e-01
384 4.150200e-01
385 4.160950e-01
386 4.171960e-01
387 4.183220e-01
388 4.194740e-01
389 4.206530e-01
390 4.218600e-01
391 4.231100e-01
392 4.244370e-01
393 4.257980e-01
394 4.271910e-01
395 4.286160e-01
396 4.300740e-01
397 4.315670e-01
398 4.330930e-01
399 4.346560e-01
400 4.362550e-01
401 4.385730e-01
402 4.416360e-01
403 4.447690e-01
404 4.479750e-01
405 4.512570e-01
406 4.546140e-01
407 4.580480e-01
408 4.615640e-01
409 4.653240e-01
410 4.692890e-01
411 4.733480e-01
412 4.775000e-01
413 4.817480e-01
414 4.860970e-01
415 4.905970e-01
416 4.957050e-01
417 5.010640e-01
418 5.065450e-01
419 5.121530e-01
420 5.178890e-01
421 5.232820e-01
422 5.266900e-01
423 5.299300e-01
424 5.332430e-01
425 5.366360e-01
426 5.399270e-01
427 5.420620e-01
428 5.440130e-01
429 5.460110e-01
430 5.480540e-01
431 5.516070e-01
432 5.574240e-01
433 5.633970e-01
434 5.695090e-01
435 5.757640e-01
436 5.821640e-01
437 5.887120e-01
438 5.954130e-01
439 6.022730e-01
440 6.091620e-01
441 6.121510e-01
442 6.132560e-01
443 6.143850e-01
444 6.155380e-01
445 6.167210e-01
446 6.179290e-01
447 6.191700e-01
448 6.203320e-01
449 6.197180e-01
450 6.184440e-01
451 6.171380e-01
452 6.157930e-01
453 6.144280e-01
454 6.130070e-01
455 6.115110e-01
456 6.096530e-01
457 6.077150e-01
458 6.057300e-01
459 6.036950e-01
460 6.016200e-01
461 6.001100e-01
462 5.998760e-01
463 5.996720e-01
464 5.994680e-01
465 5.992630e-01
466 5.998010e-01
467 6.026500e-01
468 6.057310e-01
469 6.088850e-01
470 6.121260e-01
471 6.168690e-01
472 6.226970e-01
473 6.286600e-01
474 6.347620e-01
475 6.416460e-01
476 6.494250e-01
477 6.573880e-01
478 6.655390e-01
479 6.740450e-01
480 6.828290e-01
481 6.918130e-01
482 7.008820e-01
483 7.097960e-01
484 7.188970e-01
485 7.280280e-01
486 7.362680e-01
487 7.445150e-01
488 7.529560e-01
489 7.615830e-01
490 7.704200e-01
491 7.790550e-01
492 7.862540e-01
493 7.935480e-01
494 8.009740e-01
495 8.085520e-01
496 8.160480e-01
497 8.222960e-01
498 8.285060e-01
499 8.348170e-01
500 8.413220e-01
