1 4.171750e-01
2 7.492740e+00
3 2.330380e-01
4 4.281670e-02
5 3.182970e-01
6 6.322210e-01
7 1.331500e-01
8 6.033820e-02
9 5.818920e-01
10 1.215470e+01
11 9.483400e+00
12 8.378010e-01
13 2.404000e+01
14 2.436150e-01
15 7.855720e-02
16 5.925770e-01
17 3.991080e-01
18 1.644920e+01
19 2.886410e-01
20 2.945200e-01
21 6.581630e-01
22 4.551580e+01
23 6.781180e+00
24 2.796280e-01
25 3.828050e+00
26 4.383640e+00
27 2.242730e+00
28 3.794580e+01
29 4.854980e-01
30 2.934690e-01
31 2.754310e+00
32 3.755330e+01
33 1.196020e+00
34 3.486920e-01
35 1.475870e+01
36 2.599460e+01
37 6.592360e-01
38 1.282590e+00
39 1.074890e+00
40 4.420320e+01
41 2.145370e+00
42 9.953210e-02
43 4.579860e+00
44 4.817860e-01
45 2.607830e-01
46 3.373790e+00
47 3.958030e+01
48 2.455160e+00
49 7.900550e-01
50 3.394360e-01
51 1.063470e+01
52 5.644190e-01
53 2.698250e-01
54 1.541110e+00
55 3.655220e+00
56 6.478220e+00
57 4.057900e+00
58 1.008850e+00
59 3.926940e+00
60 6.333960e-02
61 1.264960e+01
62 1.144810e+01
63 4.529680e+00
64 2.060190e-01
65 6.944710e-01
66 1.608230e+01
67 2.207600e+00
68 3.206870e+00
69 3.353810e-01
70 1.277780e+00
71 7.810410e+00
72 1.781250e+00
73 3.361300e+00
74 1.977470e+00
75 9.657070e-01
76 6.707660e+00
77 2.972610e+00
78 1.610630e+00
79 6.578400e+00
80 3.563510e+00
81 9.756450e-01
82 2.542430e+00
83 2.055200e+00
84 6.014300e-01
85 1.863000e+00
86 1.309070e+00
87 2.307820e+00
88 3.574130e-01
89 2.795120e+00
90 4.344310e+00
91 8.993200e-01
92 2.695330e+00
93 1.909850e+00
94 8.352370e+00
95 1.365710e+00
96 1.562530e+00
97 2.142880e+00
98 3.515880e+00
99 2.667840e+00
100 4.123990e+00
101 2.154610e-01
102 3.233510e+00
103 1.441720e+00
104 3.772700e+00
105 9.007370e-01
106 1.024380e+00
107 8.735450e-01
108 1.385460e+00
109 3.994410e+00
110 1.225610e+00
111 1.189080e+00
112 6.992890e-01
113 2.622070e+00
114 1.339150e+00
115 1.237130e+00
116 1.461820e+00
117 1.172470e+00
118 3.850000e-01
119 1.837760e+00
120 1.175270e+00
121 3.456540e+00
122 1.251760e+00
123 3.770500e+00
124 2.228750e+00
125 5.513280e-01
126 1.215120e+00
127 1.159870e+00
128 2.174900e+00
129 1.741100e+00
130 2.224920e+00
131 2.396340e+00
132 2.384310e+00
133 2.372760e+00
134 2.360940e+00
135 2.348850e+00
136 2.336480e+00
137 2.323820e+00
138 2.310870e+00
139 2.297610e+00
140 2.284040e+00
141 2.270160e+00
142 2.255960e+00
143 2.241420e+00
144 2.226550e+00
145 2.211320e+00
146 2.195750e+00
147 2.179810e+00
148 2.163500e+00
149 2.146810e+00
150 2.129740e+00
151 2.112260e+00
152 2.094380e+00
153 2.076080e+00
154 2.057350e+00
155 2.038190e+00
156 2.018580e+00
157 1.998510e+00
158 1.977980e+00
159 1.956970e+00
160 1.935470e+00
161 1.916970e+00
162 1.905480e+00
163 1.893960e+00
164 1.882170e+00
165 1.870110e+00
166 1.857770e+00
167 1.845140e+00
168 1.832210e+00
169 1.818990e+00
170 1.805450e+00
171 1.791610e+00
172 1.777430e+00
173 1.762930e+00
174 1.748090e+00
175 1.732910e+00
176 1.717370e+00
177 1.701470e+00
178 1.685280e+00
179 1.671890e+00
180 1.659820e+00
181 1.647470e+00
182 1.634830e+00
183 1.621900e+00
184 1.608670e+00
185 1.595130e+00
186 1.581270e+00
187 1.567100e+00
188 1.552580e+00
189 1.537740e+00
190 1.522550e+00
191 1.508320e+00
192 1.497760e+00
193 1.487230e+00
194 1.476450e+00
195 1.465420e+00
196 1.454130e+00
197 1.442580e+00
198 1.430760e+00
199 1.418670e+00
200 1.406290e+00
201 1.395560e+00
202 1.386540e+00
203 1.377300e+00
204 1.367850e+00
205 1.358180e+00
206 1.348290e+00
207 1.338160e+00
208 1.327800e+00
209 1.317200e+00
210 1.306350e+00
211 1.295240e+00
212 1.283880e+00
213 1.272260e+00
214 1.260360e+00
215 1.248190e+00
216 1.235730e+00
217 1.222980e+00
218 1.209940e+00
219 1.196590e+00
220 1.182930e+00
221 1.168950e+00
222 1.154650e+00
223 1.140010e+00
224 1.125040e+00
225 1.109710e+00
226 1.094030e+00
227 1.077980e+00
228 1.061560e+00
229 1.044750e+00
230 1.027550e+00
231 1.013540e+00
232 1.004520e+00
233 9.953420e-01
234 9.859500e-01
235 9.763380e-01
236 9.665020e-01
237 9.564380e-01
238 9.461380e-01
239 9.355980e-01
240 9.248120e-01
241 9.137780e-01
242 9.024860e-01
243 8.909290e-01
244 8.791040e-01
245 8.670040e-01
246 8.546210e-01
247 8.419490e-01
248 8.291790e-01
249 8.195030e-01
250 8.108280e-01
251 8.019510e-01
252 7.928690e-01
253 7.835740e-01
254 7.740620e-01
255 7.643300e-01
256 7.543710e-01
257 7.441780e-01
258 7.337500e-01
259 7.230790e-01
260 7.121580e-01
261 7.020570e-01
262 6.940020e-01
263 6.858330e-01
264 6.774740e-01
265 6.689210e-01
266 6.601670e-01
267 6.512100e-01
268 6.420450e-01
269 6.326660e-01
270 6.230800e-01
271 6.147720e-01
272 6.072970e-01
273 5.996480e-01
274 5.918190e-01
275 5.838090e-01
276 5.756130e-01
277 5.672250e-01
278 5.586760e-01
279 5.512530e-01
280 5.443390e-01
281 5.372630e-01
282 5.300220e-01
283 5.226140e-01
284 5.150330e-01
285 5.074690e-01
286 5.009660e-01
287 4.945270e-01
288 4.879380e-01
289 4.811960e-01
290 4.742960e-01
291 4.675580e-01
292 4.616360e-01
293 4.556410e-01
294 4.495060e-01
295 4.432290e-01
296 4.370020e-01
297 4.315190e-01
298 4.260190e-01
299 4.203890e-01
300 4.146280e-01
301 4.094060e-01
302 4.047400e-01
303 3.999660e-01
304 3.950810e-01
305 3.900810e-01
306 3.849660e-01
307 3.797310e-01
308 3.743790e-01
309 3.697680e-01
310 3.656880e-01
311 3.615140e-01
312 3.572420e-01
313 3.528710e-01
314 3.483980e-01
315 3.439070e-01
316 3.401640e-01
317 3.365520e-01
318 3.328570e-01
319 3.290760e-01
320 3.252060e-01
321 3.214090e-01
322 3.182300e-01
323 3.150580e-01
324 3.118130e-01
325 3.084910e-01
326 3.051760e-01
327 3.023490e-01
328 2.995620e-01
329 2.967100e-01
330 2.937910e-01
331 2.911890e-01
332 2.890960e-01
333 2.869600e-01
334 2.847750e-01
335 2.825380e-01
336 2.802490e-01
337 2.779070e-01
338 2.755100e-01
339 2.730570e-01
340 2.705700e-01
341 2.687340e-01
342 2.671950e-01
343 2.656210e-01
344 2.640090e-01
345 2.623600e-01
346 2.606730e-01
347 2.589460e-01
348 2.572160e-01
349 2.560750e-01
350 2.551360e-01
351 2.541740e-01
352 2.531910e-01
353 2.521840e-01
354 2.511540e-01
355 2.501000e-01
356 2.490220e-01
357 2.479180e-01
358 2.467890e-01
359 2.456330e-01
360 2.444510e-01
361 2.435410e-01
362 2.432490e-01
363 2.429710e-01
364 2.426860e-01
365 2.423940e-01
366 2.420960e-01
367 2.417910e-01
368 2.414790e-01
369 2.411590e-01
370 2.408350e-01
371 2.408890e-01
372 2.412080e-01
373 2.415340e-01
374 2.418680e-01
375 2.422100e-01
376 2.425590e-01
377 2.429170e-01
378 2.432780e-01
379 2.434670e-01
380 2.435660e-01
381 2.436680e-01
382 2.437720e-01
383 2.438790e-01
384 2.439870e-01
385 2.442110e-01
386 2.451500e-01
387 2.462340e-01
388 2.473440e-01
389 2.484790e-01
390 2.496410e-01
391 2.503600e-01
392 2.496770e-01
393 2.488820e-01
394 2.480690e-01
395 2.472360e-01
396 2.463840e-01
397 2.455130e-01
398 2.446210e-01
399 2.437090e-01
400 2.427750e-01
401 2.417830e-01
402 2.407320e-01
403 2.396570e-01
404 2.385560e-01
405 2.374300e-01
406 2.362780e-01
407 2.350990e-01
408 2.338920e-01
409 2.326580e-01
410 2.313940e-01
411 2.301010e-01
412 2.287780e-01
413 2.274240e-01
414 2.260390e-01
415 2.246210e-01
416 2.231710e-01
417 2.216860e-01
418 2.199950e-01
419 2.165790e-01
420 2.126560e-01
421 2.086410e-01
422 2.045330e-01
423 2.003300e-01
424 1.960290e-01
425 1.916260e-01
426 1.871220e-01
427 1.825130e-01
428 1.777960e-01
429 1.729700e-01
430 1.680320e-01
431 1.632570e-01
432 1.587870e-01
433 1.542170e-01
434 1.495400e-01
435 1.447540e-01
436 1.398570e-01
437 1.348460e-01
438 1.297180e-01
439 1.244700e-01
440 1.191000e-01
441 1.136050e-01
442 1.079830e-01
443 1.022290e-01
444 9.634090e-02
445 9.031540e-02
446 8.415130e-02
447 7.784240e-02
448 7.154280e-02
449 6.780230e-02
450 6.495590e-02
451 6.204270e-02
452 5.906250e-02
453 5.601250e-02
454 5.289190e-02
455 4.969820e-02
456 4.642960e-02
457 4.308600e-02
458 3.966290e-02
459 3.616200e-02
460 3.257830e-02
461 2.964060e-02
462 2.818490e-02
463 2.674490e-02
464 2.527150e-02
465 2.376390e-02
466 2.222090e-02
467 2.064210e-02
468 1.902670e-02
469 1.737340e-02
470 1.568900e-02
471 1.480410e-02
472 1.447350e-02
473 1.413510e-02
474 1.378880e-02
475 1.343460e-02
476 1.307200e-02
477 1.270100e-02
478 1.232130e-02
479 1.193280e-02
480 1.153530e-02
481 1.112850e-02
482 1.071220e-02
483 1.028620e-02
484 9.850270e-03
485 9.404230e-03
486 8.947790e-03
487 8.480710e-03
488 8.002750e-03
489 7.513670e-03
490 7.013190e-03
491 6.501000e-03
492 5.977020e-03
493 5.440760e-03
494 4.891940e-03
495 4.330390e-03
496 3.755710e-03
497 3.167800e-03
498 2.566000e-03
499 1.950240e-03
500 1.320230e-03
