1 1.01123E-2
2 1.00185E-2
3 9.92254E-3
4 9.82435E-3
5 9.72385E-3
6 9.62103E-3
7 9.51581E-3
8 9.40813E-3
9 9.29795E-3
10 9.18595E-3
11 9.08272E-3
12 8.9809E-3
13 8.87671E-3
14 8.77011E-3
15 8.66102E-3
16 8.54936E-3
17 8.43514E-3
18 8.32094E-3
19 8.23046E-3
20 8.14454E-3
21 8.05664E-3
22 7.96669E-3
23 7.87464E-3
24 7.78044E-3
25 7.68762E-3
26 7.60322E-3
27 7.51755E-3
28 7.42986E-3
29 7.34014E-3
30 7.24834E-3
31 7.16631E-3
32 7.10009E-3
33 7.03248E-3
34 6.96332E-3
35 6.89253E-3
36 6.82009E-3
37 6.74598E-3
38 6.67014E-3
39 6.59251E-3
40 6.5131E-3
41 6.43183E-3
42 6.34866E-3
43 6.26356E-3
44 6.17655E-3
45 6.10478E-3
46 6.04488E-3
47 5.98359E-3
48 5.92086E-3
49 5.85667E-3
50 5.79099E-3
51 5.72378E-3
52 5.65499E-3
53 5.58462E-3
54 5.5126E-3
55 5.44367E-3
56 5.39346E-3
57 5.34437E-3
58 5.29414E-3
59 5.24273E-3
60 5.19013E-3
61 5.1363E-3
62 5.08121E-3
63 5.02485E-3
64 4.96718E-3
65 4.90815E-3
66 4.84775E-3
67 4.78596E-3
68 4.72271E-3
69 4.65799E-3
70 4.59191E-3
71 4.54089E-3
72 4.50006E-3
73 4.45828E-3
74 4.41552E-3
75 4.37176E-3
76 4.327E-3
77 4.28118E-3
78 4.23429E-3
79 4.18632E-3
80 4.13723E-3
81 4.08699E-3
82 4.03559E-3
83 3.98299E-3
84 3.92915E-3
85 3.87408E-3
86 3.81771E-3
87 3.76003E-3
88 3.70394E-3
89 3.66482E-3
90 3.62793E-3
91 3.59018E-3
92 3.55154E-3
93 3.51201E-3
94 3.47157E-3
95 3.43017E-3
96 3.38781E-3
97 3.34447E-3
98 3.30012E-3
99 3.25473E-3
100 3.20829E-3
101 3.16781E-3
102 3.13351E-3
103 3.09841E-3
104 3.0625E-3
105 3.02574E-3
106 2.99198E-3
107 2.96342E-3
108 2.93425E-3
109 2.90441E-3
110 2.87388E-3
111 2.84295E-3
112 2.81139E-3
113 2.7791E-3
114 2.74606E-3
115 2.71225E-3
116 2.67764E-3
117 2.64224E-3
118 2.60679E-3
119 2.57823E-3
120 2.55094E-3
121 2.52303E-3
122 2.49446E-3
123 2.46523E-3
124 2.43531E-3
125 2.40565E-3
126 2.37812E-3
127 2.35012E-3
128 2.32147E-3
129 2.29215E-3
130 2.26215E-3
131 2.23588E-3
132 2.21558E-3
133 2.19487E-3
134 2.17368E-3
135 2.15199E-3
136 2.1298E-3
137 2.10709E-3
138 2.08385E-3
139 2.06007E-3
140 2.03574E-3
141 2.01084E-3
142 1.98536E-3
143 1.95928E-3
144 1.93261E-3
145 1.90671E-3
146 1.8813E-3
147 1.85547E-3
148 1.83464E-3
149 1.81605E-3
150 1.79707E-3
151 1.77791E-3
152 1.75833E-3
153 1.73831E-3
154 1.71781E-3
155 1.69706E-3
156 1.67683E-3
157 1.65623E-3
158 1.63515E-3
159 1.61366E-3
160 1.59582E-3
161 1.57978E-3
162 1.56336E-3
163 1.54656E-3
164 1.52954E-3
165 1.51221E-3
166 1.49448E-3
167 1.47632E-3
168 1.45776E-3
169 1.43875E-3
170 1.41934E-3
171 1.40391E-3
172 1.39117E-3
173 1.37812E-3
174 1.36477E-3
175 1.35112E-3
176 1.33714E-3
177 1.32284E-3
178 1.3082E-3
179 1.29322E-3
180 1.27791E-3
181 1.26237E-3
182 1.2465E-3
183 1.23027E-3
184 1.21378E-3
185 1.19949E-3
186 1.18585E-3
187 1.17189E-3
188 1.15795E-3
189 1.14582E-3
190 1.13378E-3
191 1.12145E-3
192 1.10884E-3
193 1.09593E-3
194 1.08272E-3
195 1.06979E-3
196 1.05779E-3
197 1.04555E-3
198 1.03302E-3
199 1.0202E-3
200 1.00708E-3
