1 1.01203E-2
2 1.00248E-2
3 9.92704E-3
4 9.82701E-3
5 9.72464E-3
6 9.6199E-3
7 9.51272E-3
8 9.40302E-3
9 9.29079E-3
10 9.17687E-3
11 9.07464E-3
12 8.97484E-3
13 8.87271E-3
14 8.76823E-3
15 8.66129E-3
16 8.55185E-3
17 8.43989E-3
18 8.32771E-3
19 8.23639E-3
20 8.14888E-3
21 8.05935E-3
22 7.96773E-3
23 7.87396E-3
24 7.77802E-3
25 7.68419E-3
26 7.60108E-3
27 7.51687E-3
28 7.43068E-3
29 7.3425E-3
30 7.25227E-3
31 7.17116E-3
32 7.10487E-3
33 7.03718E-3
34 6.96793E-3
35 6.89705E-3
36 6.82452E-3
37 6.75032E-3
38 6.67438E-3
39 6.59666E-3
40 6.51715E-3
41 6.43578E-3
42 6.35251E-3
43 6.2673E-3
44 6.18018E-3
45 6.10837E-3
46 6.04845E-3
47 5.98715E-3
48 5.92441E-3
49 5.86021E-3
50 5.79452E-3
51 5.72729E-3
52 5.65849E-3
53 5.58811E-3
54 5.51608E-3
55 5.44713E-3
56 5.39693E-3
57 5.34784E-3
58 5.29762E-3
59 5.24621E-3
60 5.19362E-3
61 5.13979E-3
62 5.08471E-3
63 5.02836E-3
64 4.97069E-3
65 4.91166E-3
66 4.85127E-3
67 4.78948E-3
68 4.72624E-3
69 4.66153E-3
70 4.59546E-3
71 4.54441E-3
72 4.50354E-3
73 4.46172E-3
74 4.41891E-3
75 4.37511E-3
76 4.3303E-3
77 4.28443E-3
78 4.2375E-3
79 4.18948E-3
80 4.14033E-3
81 4.09004E-3
82 4.03858E-3
83 3.98593E-3
84 3.93204E-3
85 3.8769E-3
86 3.82048E-3
87 3.76273E-3
88 3.70658E-3
89 3.66735E-3
90 3.63034E-3
91 3.59248E-3
92 3.55372E-3
93 3.51407E-3
94 3.47349E-3
95 3.43197E-3
96 3.38947E-3
97 3.346E-3
98 3.30151E-3
99 3.25597E-3
100 3.20939E-3
101 3.16881E-3
102 3.13446E-3
103 3.09931E-3
104 3.06334E-3
105 3.02652E-3
106 2.99264E-3
107 2.96385E-3
108 2.93445E-3
109 2.90437E-3
110 2.87362E-3
111 2.84266E-3
112 2.81116E-3
113 2.77892E-3
114 2.74593E-3
115 2.71217E-3
116 2.67762E-3
117 2.64228E-3
118 2.60688E-3
119 2.57829E-3
120 2.55096E-3
121 2.523E-3
122 2.49438E-3
123 2.4651E-3
124 2.43514E-3
125 2.40548E-3
126 2.37811E-3
127 2.3503E-3
128 2.32184E-3
129 2.29272E-3
130 2.26293E-3
131 2.23675E-3
132 2.21639E-3
133 2.19561E-3
134 2.17435E-3
135 2.15259E-3
136 2.13032E-3
137 2.10755E-3
138 2.08423E-3
139 2.06037E-3
140 2.03596E-3
141 2.01098E-3
142 1.98542E-3
143 1.95926E-3
144 1.9325E-3
145 1.9067E-3
146 1.88153E-3
147 1.85594E-3
148 1.83503E-3
149 1.81621E-3
150 1.79702E-3
151 1.77782E-3
152 1.75825E-3
153 1.73822E-3
154 1.71772E-3
155 1.69699E-3
156 1.6768E-3
157 1.65627E-3
158 1.63525E-3
159 1.61384E-3
160 1.59597E-3
161 1.57987E-3
162 1.56339E-3
163 1.54653E-3
164 1.52953E-3
165 1.51226E-3
166 1.49458E-3
167 1.4765E-3
168 1.45799E-3
169 1.43906E-3
170 1.41971E-3
171 1.40429E-3
172 1.3915E-3
173 1.37842E-3
174 1.36503E-3
175 1.35132E-3
176 1.3373E-3
177 1.32295E-3
178 1.30827E-3
179 1.29324E-3
180 1.27788E-3
181 1.26234E-3
182 1.24647E-3
183 1.23023E-3
184 1.21375E-3
185 1.19946E-3
186 1.18583E-3
187 1.17187E-3
188 1.15793E-3
189 1.1458E-3
190 1.13376E-3
191 1.12143E-3
192 1.10881E-3
193 1.09591E-3
194 1.0827E-3
195 1.06977E-3
196 1.0578E-3
197 1.04557E-3
198 1.03307E-3
199 1.02027E-3
200 1.00718E-3
