1 1.01056E-2
2 1.0013E-2
3 9.91829E-3
4 9.82138E-3
5 9.72219E-3
6 9.62072E-3
7 9.51688E-3
8 9.4106E-3
9 9.30186E-3
10 9.19119E-3
11 9.0873E-3
12 8.98412E-3
13 8.87853E-3
14 8.7705E-3
15 8.65994E-3
16 8.54679E-3
17 8.43104E-3
18 8.31588E-3
19 8.2304E-3
20 8.15112E-3
21 8.07001E-3
22 7.98701E-3
23 7.90206E-3
24 7.81514E-3
25 7.72621E-3
26 7.63518E-3
27 7.54205E-3
28 7.44675E-3
29 7.34923E-3
30 7.24942E-3
31 7.16257E-3
32 7.09637E-3
33 7.02884E-3
34 6.95974E-3
35 6.88903E-3
36 6.81666E-3
37 6.74262E-3
38 6.66685E-3
39 6.58931E-3
40 6.50997E-3
41 6.42879E-3
42 6.3457E-3
43 6.26068E-3
44 6.17376E-3
45 6.10205E-3
46 6.04217E-3
47 5.9809E-3
48 5.91819E-3
49 5.85403E-3
50 5.78838E-3
51 5.72119E-3
52 5.65243E-3
53 5.58209E-3
54 5.5101E-3
55 5.44118E-3
56 5.39098E-3
57 5.3419E-3
58 5.29167E-3
59 5.24026E-3
60 5.18766E-3
61 5.13384E-3
62 5.07875E-3
63 5.02239E-3
64 4.96472E-3
65 4.9057E-3
66 4.84531E-3
67 4.78351E-3
68 4.72027E-3
69 4.65555E-3
70 4.58948E-3
71 4.53848E-3
72 4.49768E-3
73 4.45593E-3
74 4.4132E-3
75 4.36948E-3
76 4.32474E-3
77 4.27896E-3
78 4.23211E-3
79 4.18417E-3
80 4.13512E-3
81 4.08491E-3
82 4.03355E-3
83 3.98099E-3
84 3.92719E-3
85 3.87216E-3
86 3.81584E-3
87 3.75819E-3
88 3.70216E-3
89 3.6631E-3
90 3.62629E-3
91 3.58862E-3
92 3.55006E-3
93 3.51061E-3
94 3.47025E-3
95 3.42894E-3
96 3.38667E-3
97 3.34342E-3
98 3.29916E-3
99 3.25386E-3
100 3.20751E-3
101 3.16711E-3
102 3.13286E-3
103 3.09782E-3
104 3.06195E-3
105 3.02525E-3
106 2.99158E-3
107 2.96314E-3
108 2.93411E-3
109 2.9044E-3
110 2.87401E-3
111 2.8431E-3
112 2.81153E-3
113 2.77922E-3
114 2.74616E-3
115 2.71234E-3
116 2.67771E-3
117 2.64229E-3
118 2.60696E-3
119 2.57973E-3
120 2.55413E-3
121 2.52793E-3
122 2.50113E-3
123 2.47369E-3
124 2.44562E-3
125 2.4169E-3
126 2.38751E-3
127 2.35743E-3
128 2.32665E-3
129 2.29516E-3
130 2.26293E-3
131 2.23532E-3
132 2.21505E-3
133 2.19438E-3
134 2.17323E-3
135 2.15159E-3
136 2.12944E-3
137 2.10678E-3
138 2.08359E-3
139 2.05986E-3
140 2.03558E-3
141 2.01073E-3
142 1.9853E-3
143 1.95928E-3
144 1.93266E-3
145 1.90671E-3
146 1.88117E-3
147 1.85521E-3
148 1.83442E-3
149 1.81596E-3
150 1.7971E-3
151 1.77795E-3
152 1.75837E-3
153 1.73835E-3
154 1.71785E-3
155 1.6971E-3
156 1.67684E-3
157 1.65621E-3
158 1.6351E-3
159 1.61359E-3
160 1.59576E-3
161 1.57974E-3
162 1.56335E-3
163 1.54658E-3
164 1.52954E-3
165 1.51218E-3
166 1.4944E-3
167 1.47621E-3
168 1.4576E-3
169 1.43855E-3
170 1.4191E-3
171 1.40367E-3
172 1.39095E-3
173 1.37793E-3
174 1.36461E-3
175 1.35098E-3
176 1.33703E-3
177 1.32276E-3
178 1.30815E-3
179 1.29321E-3
180 1.27792E-3
181 1.26239E-3
182 1.24652E-3
183 1.23029E-3
184 1.2138E-3
185 1.19951E-3
186 1.18587E-3
187 1.17191E-3
188 1.15796E-3
189 1.14583E-3
190 1.13379E-3
191 1.12146E-3
192 1.10885E-3
193 1.09594E-3
194 1.08273E-3
195 1.0698E-3
196 1.05778E-3
197 1.04552E-3
198 1.03298E-3
199 1.02015E-3
200 1.00701E-3
