1 1.01169E-2
2 1.00222E-2
3 9.92521E-3
4 9.826E-3
5 9.72447E-3
6 9.62059E-3
7 9.51429E-3
8 9.4055E-3
9 9.29418E-3
10 9.18112E-3
11 9.07844E-3
12 8.97774E-3
13 8.87468E-3
14 8.76924E-3
15 8.66133E-3
16 8.55089E-3
17 8.43792E-3
18 8.32482E-3
19 8.23384E-3
20 8.14701E-3
21 8.05817E-3
22 7.96726E-3
23 7.87422E-3
24 7.77902E-3
25 7.68562E-3
26 7.60196E-3
27 7.51712E-3
28 7.4303E-3
29 7.34146E-3
30 7.25056E-3
31 7.16906E-3
32 7.1028E-3
33 7.03514E-3
34 6.96593E-3
35 6.89509E-3
36 6.8226E-3
37 6.74844E-3
38 6.67254E-3
39 6.59486E-3
40 6.51539E-3
41 6.43406E-3
42 6.35083E-3
43 6.26567E-3
44 6.1786E-3
45 6.1068E-3
46 6.04689E-3
47 5.98559E-3
48 5.92285E-3
49 5.85865E-3
50 5.79296E-3
51 5.72574E-3
52 5.65694E-3
53 5.58656E-3
54 5.51453E-3
55 5.44558E-3
56 5.39537E-3
57 5.34629E-3
58 5.29606E-3
59 5.24464E-3
60 5.19205E-3
61 5.13822E-3
62 5.08314E-3
63 5.02678E-3
64 4.9691E-3
65 4.91008E-3
66 4.84968E-3
67 4.78788E-3
68 4.72464E-3
69 4.65992E-3
70 4.59385E-3
71 4.54281E-3
72 4.50196E-3
73 4.46015E-3
74 4.41736E-3
75 4.37359E-3
76 4.32879E-3
77 4.28295E-3
78 4.23604E-3
79 4.18804E-3
80 4.13892E-3
81 4.08865E-3
82 4.03722E-3
83 3.98458E-3
84 3.93072E-3
85 3.87561E-3
86 3.81921E-3
87 3.76149E-3
88 3.70537E-3
89 3.66619E-3
90 3.62924E-3
91 3.59143E-3
92 3.55273E-3
93 3.51313E-3
94 3.47261E-3
95 3.43115E-3
96 3.38872E-3
97 3.34531E-3
98 3.30088E-3
99 3.25541E-3
100 3.20889E-3
101 3.16836E-3
102 3.13402E-3
103 3.0989E-3
104 3.06295E-3
105 3.02616E-3
106 2.99234E-3
107 2.96365E-3
108 2.93436E-3
109 2.9044E-3
110 2.87375E-3
111 2.84281E-3
112 2.81127E-3
113 2.779E-3
114 2.74599E-3
115 2.7122E-3
116 2.67762E-3
117 2.64224E-3
118 2.60682E-3
119 2.57824E-3
120 2.55094E-3
121 2.523E-3
122 2.49441E-3
123 2.46516E-3
124 2.43522E-3
125 2.40556E-3
126 2.37812E-3
127 2.35022E-3
128 2.32167E-3
129 2.29246E-3
130 2.26257E-3
131 2.23635E-3
132 2.21601E-3
133 2.19527E-3
134 2.17404E-3
135 2.15231E-3
136 2.13008E-3
137 2.10734E-3
138 2.08406E-3
139 2.06023E-3
140 2.03586E-3
141 2.01092E-3
142 1.98539E-3
143 1.95927E-3
144 1.93255E-3
145 1.9067E-3
146 1.88142E-3
147 1.85571E-3
148 1.83485E-3
149 1.81614E-3
150 1.79705E-3
151 1.77786E-3
152 1.75829E-3
153 1.73826E-3
154 1.71777E-3
155 1.69703E-3
156 1.67681E-3
157 1.65625E-3
158 1.6352E-3
159 1.61375E-3
160 1.59589E-3
161 1.57982E-3
162 1.56338E-3
163 1.54655E-3
164 1.52953E-3
165 1.51224E-3
166 1.49454E-3
167 1.47642E-3
168 1.45788E-3
169 1.43892E-3
170 1.41954E-3
171 1.40412E-3
172 1.39135E-3
173 1.37828E-3
174 1.36491E-3
175 1.35123E-3
176 1.33723E-3
177 1.3229E-3
178 1.30824E-3
179 1.29323E-3
180 1.2779E-3
181 1.26236E-3
182 1.24649E-3
183 1.23025E-3
184 1.21377E-3
185 1.19948E-3
186 1.18584E-3
187 1.17188E-3
188 1.15794E-3
189 1.14581E-3
190 1.13377E-3
191 1.12144E-3
192 1.10883E-3
193 1.09592E-3
194 1.08271E-3
195 1.06978E-3
196 1.05779E-3
197 1.04556E-3
198 1.03304E-3
199 1.02024E-3
200 1.00713E-3
