1 1.00964E-2
2 1.00093E-2
3 9.92014E-3
4 9.82891E-3
5 9.73555E-3
6 9.64002E-3
7 9.54227E-3
8 9.44222E-3
9 9.33986E-3
10 9.23512E-3
11 9.12792E-3
12 9.01823E-3
13 8.90601E-3
14 8.79114E-3
15 8.67361E-3
16 8.55335E-3
17 8.43028E-3
18 8.30824E-3
19 8.22155E-3
20 8.1425E-3
21 8.06162E-3
22 7.97887E-3
23 7.89416E-3
24 7.8075E-3
25 7.71883E-3
26 7.62807E-3
27 7.5352E-3
28 7.44019E-3
29 7.34294E-3
30 7.24343E-3
31 7.15679E-3
32 7.0907E-3
33 7.02327E-3
34 6.95429E-3
35 6.88369E-3
36 6.81143E-3
37 6.73751E-3
38 6.66186E-3
39 6.58444E-3
40 6.50523E-3
41 6.42417E-3
42 6.34121E-3
43 6.25634E-3
44 6.16955E-3
45 6.09793E-3
46 6.0381E-3
47 5.97688E-3
48 5.91422E-3
49 5.85011E-3
50 5.78451E-3
51 5.71738E-3
52 5.64867E-3
53 5.57839E-3
54 5.50646E-3
55 5.43759E-3
56 5.3874E-3
57 5.33833E-3
58 5.28811E-3
59 5.23671E-3
60 5.18413E-3
61 5.13032E-3
62 5.07525E-3
63 5.0189E-3
64 4.96124E-3
65 4.90223E-3
66 4.84185E-3
67 4.78007E-3
68 4.71684E-3
69 4.65214E-3
70 4.58608E-3
71 4.53511E-3
72 4.49435E-3
73 4.45265E-3
74 4.40996E-3
75 4.36629E-3
76 4.3216E-3
77 4.27587E-3
78 4.22907E-3
79 4.18118E-3
80 4.13218E-3
81 4.08203E-3
82 4.03072E-3
83 3.97821E-3
84 3.92448E-3
85 3.8695E-3
86 3.81324E-3
87 3.75566E-3
88 3.69969E-3
89 3.66073E-3
90 3.62402E-3
91 3.58645E-3
92 3.54801E-3
93 3.50867E-3
94 3.46842E-3
95 3.42722E-3
96 3.38507E-3
97 3.34194E-3
98 3.2978E-3
99 3.25263E-3
100 3.20642E-3
101 3.16613E-3
102 3.13197E-3
103 3.09703E-3
104 3.06127E-3
105 3.02467E-3
106 2.99112E-3
107 2.96282E-3
108 2.93394E-3
109 2.90438E-3
110 2.87414E-3
111 2.84326E-3
112 2.81168E-3
113 2.77937E-3
114 2.74631E-3
115 2.71248E-3
116 2.67785E-3
117 2.64243E-3
118 2.60708E-3
119 2.5798E-3
120 2.55413E-3
121 2.52787E-3
122 2.50099E-3
123 2.47349E-3
124 2.44535E-3
125 2.41655E-3
126 2.38708E-3
127 2.35693E-3
128 2.32608E-3
129 2.2945E-3
130 2.26218E-3
131 2.23455E-3
132 2.21433E-3
133 2.19372E-3
134 2.17263E-3
135 2.15105E-3
136 2.12896E-3
137 2.10636E-3
138 2.08323E-3
139 2.05956E-3
140 2.03534E-3
141 2.01056E-3
142 1.9852E-3
143 1.95925E-3
144 1.93271E-3
145 1.90671E-3
146 1.88103E-3
147 1.85493E-3
148 1.83419E-3
149 1.81587E-3
150 1.79712E-3
151 1.77799E-3
152 1.75842E-3
153 1.73839E-3
154 1.7179E-3
155 1.69714E-3
156 1.67686E-3
157 1.65622E-3
158 1.63509E-3
159 1.61356E-3
160 1.59573E-3
161 1.57973E-3
162 1.56336E-3
163 1.5466E-3
164 1.52954E-3
165 1.51212E-3
166 1.4943E-3
167 1.47605E-3
168 1.45739E-3
169 1.43829E-3
170 1.41878E-3
171 1.40335E-3
172 1.39066E-3
173 1.37768E-3
174 1.36439E-3
175 1.3508E-3
176 1.33689E-3
177 1.32265E-3
178 1.30808E-3
179 1.29318E-3
180 1.27793E-3
181 1.26241E-3
182 1.24654E-3
183 1.2303E-3
184 1.21382E-3
185 1.19953E-3
186 1.18588E-3
187 1.17192E-3
188 1.15797E-3
189 1.14584E-3
190 1.1338E-3
191 1.12147E-3
192 1.10886E-3
193 1.09595E-3
194 1.08274E-3
195 1.0698E-3
196 1.05777E-3
197 1.0455E-3
198 1.03293E-3
199 1.02008E-3
200 1.00693E-3
