1 2.76668E-2
2 2.76668E-2
3 2.76668E-2
4 2.76668E-2
5 2.76668E-2
6 2.76668E-2
7 2.76668E-2
8 2.76668E-2
9 2.76668E-2
10 2.76668E-2
11 2.76668E-2
12 2.76668E-2
13 2.76668E-2
14 2.76668E-2
15 2.76668E-2
16 2.76668E-2
17 2.76668E-2
18 2.76668E-2
19 2.76668E-2
20 2.76668E-2
21 2.76668E-2
22 2.76668E-2
23 2.76668E-2
24 2.76668E-2
25 2.76668E-2
26 2.76668E-2
27 2.76668E-2
28 2.76668E-2
29 2.76668E-2
30 2.76668E-2
31 2.76668E-2
32 2.76668E-2
33 2.76668E-2
34 2.76668E-2
35 2.76668E-2
36 2.76668E-2
37 2.76668E-2
38 2.76668E-2
39 2.76668E-2
40 2.76668E-2
41 2.76668E-2
42 2.76668E-2
43 2.76668E-2
44 2.76668E-2
45 2.76668E-2
46 2.76668E-2
47 2.76668E-2
48 2.76668E-2
49 2.76668E-2
50 2.76668E-2
51 2.76668E-2
52 2.76668E-2
53 2.76668E-2
54 2.76668E-2
55 2.76668E-2
56 2.76668E-2
57 2.76668E-2
58 2.76668E-2
59 2.76668E-2
60 2.76668E-2
61 2.76668E-2
62 2.76668E-2
63 2.76668E-2
64 2.76668E-2
65 2.76668E-2
66 2.76668E-2
67 2.76668E-2
68 2.76668E-2
69 2.76668E-2
70 2.76668E-2
71 2.76668E-2
72 2.76668E-2
73 2.76668E-2
74 2.76668E-2
75 2.76668E-2
76 2.76668E-2
77 2.76668E-2
78 2.76668E-2
79 2.76668E-2
80 2.76668E-2
81 2.76668E-2
82 2.76668E-2
83 2.76668E-2
84 2.76668E-2
85 2.76668E-2
86 2.76668E-2
87 2.76668E-2
88 2.76668E-2
89 2.76668E-2
90 2.76668E-2
91 2.76668E-2
92 2.76668E-2
93 2.76668E-2
94 2.76668E-2
95 2.76668E-2
96 2.76668E-2
97 2.76668E-2
98 2.76668E-2
99 2.76668E-2
100 2.76668E-2
101 2.76668E-2
102 2.76668E-2
103 2.76668E-2
104 2.76668E-2
105 2.76668E-2
106 2.76668E-2
107 2.76668E-2
108 2.76668E-2
109 2.76668E-2
110 2.76668E-2
111 2.76668E-2
112 2.76668E-2
113 2.76668E-2
114 2.76668E-2
115 2.76668E-2
116 2.76668E-2
117 2.76668E-2
118 2.76668E-2
119 2.76668E-2
120 2.76668E-2
121 2.76668E-2
122 2.76668E-2
123 2.76668E-2
124 2.76668E-2
125 2.76668E-2
126 2.76668E-2
127 2.76668E-2
128 2.76668E-2
129 2.76668E-2
130 2.76668E-2
131 2.76668E-2
132 2.76668E-2
133 2.76668E-2
134 2.76668E-2
135 2.76668E-2
136 2.76668E-2
137 2.76668E-2
138 2.76668E-2
139 2.76668E-2
140 2.76668E-2
141 2.76668E-2
142 2.76668E-2
143 2.76668E-2
144 2.76668E-2
145 2.76668E-2
146 2.76668E-2
147 2.76668E-2
148 2.76668E-2
149 2.76668E-2
150 2.76668E-2
151 2.76668E-2
152 2.76668E-2
153 2.76668E-2
154 2.76668E-2
155 2.76668E-2
156 2.76668E-2
157 2.76668E-2
158 2.76668E-2
159 2.76668E-2
160 2.76668E-2
161 2.76668E-2
162 2.76668E-2
163 2.76668E-2
164 2.76668E-2
165 2.76668E-2
166 2.76668E-2
167 2.76668E-2
168 2.76668E-2
169 2.76668E-2
170 2.76668E-2
171 2.76668E-2
172 2.76668E-2
173 2.76668E-2
174 2.76668E-2
175 2.76668E-2
176 2.76668E-2
177 2.76668E-2
178 2.76668E-2
179 2.76668E-2
180 2.76668E-2
181 2.76668E-2
182 2.76668E-2
183 2.76668E-2
184 2.76668E-2
185 2.76668E-2
186 2.76668E-2
187 2.76668E-2
188 2.76668E-2
189 2.76668E-2
190 2.76668E-2
191 2.76668E-2
192 2.76668E-2
193 2.76668E-2
194 2.76668E-2
195 2.76668E-2
196 2.76668E-2
197 2.76668E-2
198 2.76668E-2
199 2.76668E-2
200 2.76668E-2
