1 2.03508E-2
2 2.01503E-2
3 1.99451E-2
4 1.97351E-2
5 1.95202E-2
6 1.93003E-2
7 1.90753E-2
8 1.8845E-2
9 1.86094E-2
10 1.83683E-2
11 1.81416E-2
12 1.79561E-2
13 1.77681E-2
14 1.75758E-2
15 1.7379E-2
16 1.71775E-2
17 1.69714E-2
18 1.67605E-2
19 1.65467E-2
20 1.63637E-2
21 1.61896E-2
22 1.60114E-2
23 1.58291E-2
24 1.56425E-2
25 1.54516E-2
26 1.52568E-2
27 1.50823E-2
28 1.49163E-2
29 1.47464E-2
30 1.45726E-2
31 1.44093E-2
32 1.42638E-2
33 1.41152E-2
34 1.39631E-2
35 1.38074E-2
36 1.36481E-2
37 1.34852E-2
38 1.33184E-2
39 1.31477E-2
40 1.29936E-2
41 1.28589E-2
42 1.27212E-2
43 1.25802E-2
44 1.24359E-2
45 1.22883E-2
46 1.21372E-2
47 1.19928E-2
48 1.18645E-2
49 1.17337E-2
50 1.15998E-2
51 1.14628E-2
52 1.13227E-2
53 1.11877E-2
54 1.10753E-2
55 1.09621E-2
56 1.08462E-2
57 1.07277E-2
58 1.06064E-2
59 1.04822E-2
60 1.03552E-2
61 1.02252E-2
62 1.0096E-2
63 9.98896E-3
64 9.88399E-3
65 9.77658E-3
66 9.66666E-3
67 9.55417E-3
68 9.43909E-3
69 9.32131E-3
70 9.20844E-3
71 9.10476E-3
72 8.99966E-3
73 8.89687E-3
74 8.79647E-3
75 8.69764E-3
76 8.59662E-3
77 8.5022E-3
78 8.41125E-3
79 8.31817E-3
80 8.22291E-3
81 8.12545E-3
82 8.03347E-3
83 7.95198E-3
84 7.86876E-3
85 7.78362E-3
86 7.69649E-3
87 7.60731E-3
88 7.51608E-3
89 7.42272E-3
90 7.33456E-3
91 7.25854E-3
92 7.1811E-3
93 7.10185E-3
94 7.02077E-3
95 6.93778E-3
96 6.85288E-3
97 6.77438E-3
98 6.70137E-3
99 6.62668E-3
100 6.55023E-3
101 6.48058E-3
102 6.41796E-3
103 6.35389E-3
104 6.28832E-3
105 6.22122E-3
106 6.15257E-3
107 6.08231E-3
108 6.01041E-3
109 5.93685E-3
110 5.86334E-3
111 5.79971E-3
112 5.73673E-3
113 5.6741E-3
114 5.61573E-3
115 5.55759E-3
116 5.5008E-3
117 5.4453E-3
118 5.39294E-3
119 5.33944E-3
120 5.28508E-3
121 5.23507E-3
122 5.18588E-3
123 5.14133E-3
124 5.10034E-3
125 5.05917E-3
126 5.02242E-3
127 4.99338E-3
128 4.96748E-3
129 4.95012E-3
130 4.93824E-3
131 4.94277E-3
132 4.96581E-3
133 5.02557E-3
134 5.10388E-3
135 5.25654E-3
136 5.50353E-3
137 5.94796E-3
138 6.77834E-3
139 8.66099E-3
140 1.40447E-2
141 4.64296E-2
142 9.07605E0
143 8.18586E-2
144 1.60108E-2
145 9.00324E-3
146 6.74532E-3
147 5.7533E-3
148 5.26585E-3
149 4.99342E-3
150 4.85167E-3
151 4.78549E-3
152 4.92375E-3
153 6.16088E-1
154 1.02347E-2
155 4.74121E-3
156 4.55572E-3
157 4.49774E-3
158 4.47931E-3
159 4.46689E-3
160 4.46953E-3
161 4.47565E-3
162 4.48192E-3
163 4.48833E-3
164 4.49489E-3
165 4.50772E-3
166 4.53754E-3
167 4.62457E-3
168 2.9509E-1
169 6.85651E-3
170 4.64325E-3
171 4.61264E-3
172 4.62827E-3
173 4.64912E-3
174 4.71572E-3
175 4.99965E-3
176 2.83883E-1
177 5.56962E-3
178 4.82566E-3
179 4.79692E-3
180 4.81568E-3
181 4.85519E-3
182 4.92227E-3
183 5.01625E-3
184 5.19147E-3
185 5.54796E-3
186 6.59493E-3
187 1.75758E-2
188 7.89572E-2
189 1.11187E-2
190 6.24375E-3
191 5.45644E-3
192 5.22208E-3
193 5.12283E-3
194 5.09034E-3
195 7.69477E-3
196 5.24338E-3
197 6.28922E-3
198 2.35135E-1
199 1.6477E-1
200 6.16874E-3
201 5.30864E-3
202 5.34814E-3
203 7.22377E-3
204 2.58701E-1
205 6.53574E-3
206 1.28543E-2
207 2.18809E-1
208 9.25801E-3
209 6.25013E-3
210 5.89769E-3
211 7.14083E-3
212 2.26816E-1
213 6.56252E-3
214 1.09378E-2
215 7.86937E-2
216 1.03936E-1
217 1.70618E-1
218 8.14797E-3
219 5.19892E-2
220 5.85176E-3
221 5.5137E-3
222 5.45832E-3
223 5.44346E-3
224 5.44834E-3
225 5.45725E-3
226 5.47443E-3
227 5.49567E-3
228 5.526E-3
229 5.57014E-3
230 5.69191E-3
231 8.28006E-2
232 6.24717E-3
233 9.35662E-3
234 5.83575E-3
235 6.14953E-3
236 9.65271E-3
237 1.12333E-1
238 4.42365E-2
239 6.06972E-2
240 1.01763E-1
241 6.78025E-3
242 6.57845E-3
243 2.92756E-2
244 9.06677E-3
245 5.25313E-2
246 2.4415E-2
247 5.61077E-2
248 7.56702E-2
249 1.04324E-2
250 6.26385E-3
251 6.19413E-3
252 6.67392E-2
253 6.7337E-3
254 8.48168E-3
255 1.87795E-2
256 5.78554E-2
257 6.29726E-3
258 6.87399E-3
259 6.58867E-2
260 6.27696E-3
261 6.30829E-3
262 2.09687E-2
263 1.59154E-2
264 3.99577E-2
265 6.24708E-3
266 6.2487E-3
267 6.26721E-3
268 6.29743E-3
269 6.34166E-3
270 6.44886E-3
271 1.36088E-2
272 5.60059E-2
273 8.38736E-3
274 1.27857E-2
275 3.86253E-2
276 4.83894E-2
277 6.62888E-3
278 6.62017E-3
279 8.09625E-3
280 3.92713E-2
281 7.5241E-3
282 1.99409E-2
283 7.1114E-3
284 3.75289E-2
285 1.85335E-2
286 7.0508E-3
287 6.9168E-3
288 2.69178E-2
289 2.20543E-2
290 8.0813E-3
291 6.8991E-3
292 8.8086E-3
293 3.28559E-2
294 2.12534E-2
295 7.56312E-3
296 1.64475E-2
297 1.23484E-2
298 1.46994E-2
299 1.42033E-2
300 8.85015E-3
301 1.77175E-2
302 1.72011E-2
303 7.65204E-3
304 1.40117E-2
305 1.34524E-2
306 1.7521E-2
307 1.13477E-2
308 1.62537E-2
309 1.20458E-2
310 1.94129E-2
311 1.25599E-2
312 7.73677E-3
313 2.0985E-2
314 1.11359E-2
315 1.83662E-2
316 1.40666E-2
317 1.00987E-2
318 1.13268E-2
319 7.43702E-3
320 7.39922E-3
321 7.36053E-3
322 7.32095E-3
323 7.28044E-3
324 7.23899E-3
325 7.19657E-3
326 7.15317E-3
327 7.10875E-3
328 7.06329E-3
329 7.01679E-3
330 6.96919E-3
331 6.9328E-3
332 6.91383E-3
333 6.89459E-3
334 6.8749E-3
335 6.85475E-3
336 6.83413E-3
337 6.81303E-3
338 6.79143E-3
339 6.76934E-3
340 6.74673E-3
341 6.72359E-3
342 6.69992E-3
343 6.67569E-3
344 6.6509E-3
345 6.62553E-3
346 6.59957E-3
347 6.57301E-3
348 6.54582E-3
349 6.51801E-3
350 6.48954E-3
351 6.46042E-3
352 6.43061E-3
353 6.40011E-3
354 6.3689E-3
355 6.33696E-3
356 6.30428E-3
357 6.27084E-3
358 6.23662E-3
359 6.2016E-3
360 6.16577E-3
361 6.13611E-3
362 6.12063E-3
363 6.10527E-3
364 6.08956E-3
365 6.07347E-3
366 6.05702E-3
367 6.04018E-3
368 6.02294E-3
369 6.00531E-3
370 5.98735E-3
371 5.9786E-3
372 5.97624E-3
373 5.97382E-3
374 5.97135E-3
375 5.96882E-3
376 5.96623E-3
377 5.96358E-3
378 5.96117E-3
379 5.9705E-3
380 5.98612E-3
381 6.00211E-3
382 6.01845E-3
383 6.03518E-3
384 6.05231E-3
385 6.07216E-3
386 6.10715E-3
387 6.14551E-3
388 6.18478E-3
389 6.22495E-3
390 6.26606E-3
391 6.31387E-3
392 6.3801E-3
393 6.44905E-3
394 6.51961E-3
395 6.5918E-3
396 6.58547E-3
397 6.21514E-3
398 5.79183E-3
399 5.35865E-3
400 4.91531E-3
401 4.67876E-3
402 4.6559E-3
403 4.63252E-3
404 4.60858E-3
405 4.60295E-3
406 4.62907E-3
407 4.65631E-3
408 4.68425E-3
409 4.72564E-3
410 4.77748E-3
411 4.83053E-3
412 4.88482E-3
413 4.94037E-3
414 4.99721E-3
415 5.04777E-3
416 5.02385E-3
417 4.97991E-3
418 4.93495E-3
419 4.88895E-3
420 4.84187E-3
421 4.78444E-3
422 4.68552E-3
423 4.57968E-3
424 4.47136E-3
425 4.3605E-3
426 4.24614E-3
427 4.12286E-3
428 3.99549E-3
429 3.86519E-3
430 3.73186E-3
431 3.65072E-3
432 3.65E-3
433 3.65E-3
434 3.65E-3
435 3.64927E-3
436 3.64677E-3
437 3.64413E-3
438 3.64143E-3
439 3.64799E-3
440 3.66495E-3
441 3.6823E-3
442 3.69873E-3
443 3.7076E-3
444 3.71534E-3
445 3.72327E-3
446 3.73138E-3
447 3.73968E-3
448 3.74299E-3
449 3.65715E-3
450 3.53687E-3
451 3.41382E-3
452 3.28789E-3
453 3.15903E-3
454 3.02718E-3
455 2.90873E-3
456 2.85769E-3
457 2.81339E-3
458 2.76804E-3
459 2.72165E-3
460 2.67417E-3
461 2.60969E-3
462 2.50992E-3
463 2.40672E-3
464 2.30112E-3
465 2.19308E-3
466 2.0825E-3
467 1.96936E-3
468 1.85359E-3
469 1.7351E-3
470 1.61391E-3
471 1.49469E-3
472 1.37601E-3
473 1.25457E-3
474 1.13028E-3
475 1.00312E-3
476 8.72969E-4
477 7.3981E-4
478 6.06181E-4
479 5.71385E-4
480 5.88321E-4
481 6.05655E-4
482 6.23393E-4
483 6.4154E-4
484 6.60113E-4
485 6.79509E-4
486 7.01798E-4
487 7.25035E-4
488 7.48814E-4
489 7.73145E-4
490 7.98044E-4
491 8.23967E-4
492 8.51818E-4
493 8.80418E-4
494 9.09676E-4
495 9.39619E-4
496 9.70943E-4
497 1.00609E-3
498 1.04243E-3
499 1.07961E-3
500 1.11766E-3
