1 6.43594E-3
2 6.43656E-3
3 6.43718E-3
4 6.43781E-3
5 6.43845E-3
6 6.43911E-3
7 6.43979E-3
8 6.44049E-3
9 6.44121E-3
10 6.44192E-3
11 6.44268E-3
12 6.44343E-3
13 6.4442E-3
14 6.445E-3
15 6.44582E-3
16 6.44666E-3
17 6.44753E-3
18 6.44839E-3
19 6.44929E-3
20 6.45019E-3
21 6.45111E-3
22 6.45211E-3
23 6.45307E-3
24 6.45408E-3
25 6.4551E-3
26 6.45616E-3
27 6.45724E-3
28 6.45835E-3
29 6.45947E-3
30 6.46062E-3
31 6.46181E-3
32 6.463E-3
33 6.46423E-3
34 6.4655E-3
35 6.4668E-3
36 6.46811E-3
37 6.46948E-3
38 6.47087E-3
39 6.47228E-3
40 6.47372E-3
41 6.47521E-3
42 6.47674E-3
43 6.47829E-3
44 6.47988E-3
45 6.4815E-3
46 6.48319E-3
47 6.48488E-3
48 6.48665E-3
49 6.4884E-3
50 6.49025E-3
51 6.49211E-3
52 6.49403E-3
53 6.496E-3
54 6.49799E-3
55 6.50005E-3
56 6.50214E-3
57 6.50428E-3
58 6.50648E-3
59 6.50872E-3
60 6.51104E-3
61 6.51338E-3
62 6.5158E-3
63 6.51827E-3
64 6.52077E-3
65 6.52337E-3
66 6.52601E-3
67 6.52869E-3
68 6.53148E-3
69 6.53431E-3
70 6.5372E-3
71 6.54016E-3
72 6.54321E-3
73 6.5463E-3
74 6.54947E-3
75 6.55272E-3
76 6.55604E-3
77 6.55946E-3
78 6.56293E-3
79 6.5665E-3
80 6.57013E-3
81 6.57388E-3
82 6.57768E-3
83 6.58159E-3
84 6.5856E-3
85 6.58969E-3
86 6.59387E-3
87 6.59817E-3
88 6.60253E-3
89 6.60703E-3
90 6.6116E-3
91 6.6163E-3
92 6.62113E-3
93 6.62603E-3
94 6.63106E-3
95 6.63622E-3
96 6.6415E-3
97 6.64689E-3
98 6.65239E-3
99 6.65805E-3
100 6.66384E-3
101 6.66974E-3
102 6.67578E-3
103 6.68198E-3
104 6.68832E-3
105 6.6948E-3
106 6.70145E-3
107 6.70821E-3
108 6.71516E-3
109 6.72228E-3
110 6.72956E-3
111 6.737E-3
112 6.74463E-3
113 6.75241E-3
114 6.76039E-3
115 6.76855E-3
116 6.7769E-3
117 6.78544E-3
118 6.79418E-3
119 6.80315E-3
120 6.81231E-3
121 6.82168E-3
122 6.83127E-3
123 6.84108E-3
124 6.85112E-3
125 6.86141E-3
126 6.87191E-3
127 6.88267E-3
128 6.89368E-3
129 6.90494E-3
130 6.91648E-3
131 6.92828E-3
132 6.94035E-3
133 6.9527E-3
134 6.96533E-3
135 6.97829E-3
136 6.9915E-3
137 7.00507E-3
138 7.01892E-3
139 7.0331E-3
140 7.04757E-3
141 7.06222E-3
142 7.07874E-3
143 7.09294E-3
144 7.10908E-3
145 7.12541E-3
146 7.14208E-3
147 7.15914E-3
148 7.1766E-3
149 7.19446E-3
150 7.21272E-3
151 7.23142E-3
152 7.25056E-3
153 7.27292E-3
154 7.29011E-3
155 7.31069E-3
156 7.33167E-3
157 7.35313E-3
158 7.3751E-3
159 7.39759E-3
160 7.42058E-3
161 7.44414E-3
162 7.46822E-3
163 7.49289E-3
164 7.51809E-3
165 7.54391E-3
166 7.57032E-3
167 7.59735E-3
168 7.62506E-3
169 7.6533E-3
170 7.68227E-3
171 7.7119E-3
172 7.74222E-3
173 7.77325E-3
174 7.80501E-3
175 7.8375E-3
176 7.87121E-3
177 7.90477E-3
178 7.93958E-3
179 7.97521E-3
180 8.01167E-3
181 8.04897E-3
182 8.08713E-3
183 8.12617E-3
184 8.16612E-3
185 8.20695E-3
186 8.24874E-3
187 8.29433E-3
188 8.33657E-3
189 8.37782E-3
190 8.42567E-3
191 8.47308E-3
192 8.52127E-3
193 8.57049E-3
194 8.62085E-3
195 8.6724E-3
196 8.7251E-3
197 8.77906E-3
198 8.83154E-3
199 8.89506E-3
200 8.94797E-3
201 9.00752E-3
202 9.06805E-3
203 9.12992E-3
204 9.19238E-3
205 9.25781E-3
206 9.32631E-3
207 9.39115E-3
208 9.4593E-3
209 9.53233E-3
210 9.60548E-3
211 9.68011E-3
212 9.75395E-3
213 9.83411E-3
214 9.91303E-3
215 9.99028E-3
216 1.00759E-2
217 1.01634E-2
218 1.02462E-2
219 1.03318E-2
220 1.04319E-2
221 1.05266E-2
222 1.06227E-2
223 1.0721E-2
224 1.08214E-2
225 1.09242E-2
226 1.10293E-2
227 1.1137E-2
228 1.12471E-2
229 1.13597E-2
230 1.1475E-2
231 1.15993E-2
232 1.17137E-2
233 1.18373E-2
234 1.19637E-2
235 1.20931E-2
236 1.22266E-2
237 1.23436E-2
238 1.24986E-2
239 1.26343E-2
240 1.27593E-2
241 1.29343E-2
242 1.30843E-2
243 1.32366E-2
244 1.33974E-2
245 1.35725E-2
246 1.37235E-2
247 1.39026E-2
248 1.40742E-2
249 1.42497E-2
250 1.44367E-2
251 1.46241E-2
252 1.48259E-2
253 1.50117E-2
254 1.52192E-2
255 1.53958E-2
256 1.56072E-2
257 1.5841E-2
258 1.6057E-2
259 1.62722E-2
260 1.65154E-2
261 1.67506E-2
262 1.69838E-2
263 1.72558E-2
264 1.74847E-2
265 1.77485E-2
266 1.80127E-2
267 1.82832E-2
268 1.85596E-2
269 1.88424E-2
270 1.91307E-2
271 1.9425E-2
272 1.97451E-2
273 2.00499E-2
274 2.03476E-2
275 2.06859E-2
276 2.09843E-2
277 2.13565E-2
278 2.17052E-2
279 2.20631E-2
280 2.24441E-2
281 2.27855E-2
282 2.31749E-2
283 2.35608E-2
284 2.39834E-2
285 2.44059E-2
286 2.47969E-2
287 2.52269E-2
288 2.57069E-2
289 2.61252E-2
290 2.65717E-2
291 2.70408E-2
292 2.75181E-2
293 2.79653E-2
294 2.84747E-2
295 2.90352E-2
296 2.95378E-2
297 3.01156E-2
298 3.0648E-2
299 3.12265E-2
300 3.17875E-2
301 3.27333E-2
302 3.40375E-2
303 3.54134E-2
304 3.67175E-2
305 3.81265E-2
306 3.94764E-2
307 4.10821E-2
308 4.25874E-2
309 4.40407E-2
310 4.55864E-2
311 4.72234E-2
312 4.88657E-2
313 5.05501E-2
314 5.22465E-2
315 5.41E-2
316 5.57848E-2
317 5.76324E-2
318 5.95299E-2
319 6.14878E-2
320 6.34575E-2
321 6.54853E-2
322 6.7568E-2
323 6.96838E-2
324 7.18309E-2
325 7.40501E-2
326 7.63092E-2
327 7.86159E-2
328 8.09881E-2
329 8.3428E-2
330 8.59304E-2
331 8.83944E-2
332 9.09014E-2
333 9.34236E-2
334 9.60435E-2
335 9.87376E-2
336 1.01366E-1
337 1.04226E-1
338 1.06962E-1
339 1.0994E-1
340 1.12944E-1
341 1.15948E-1
342 1.19115E-1
343 1.22209E-1
344 1.2549E-1
345 1.28922E-1
346 1.32312E-1
347 1.35872E-1
348 1.39382E-1
349 1.43079E-1
350 1.46757E-1
351 1.50564E-1
352 1.54522E-1
353 1.58615E-1
354 1.62724E-1
355 1.6687E-1
356 1.7129E-1
357 1.75674E-1
358 1.80045E-1
359 1.8477E-1
360 1.89485E-1
361 1.93726E-1
362 1.97279E-1
363 2.00621E-1
364 2.0416E-1
365 2.07851E-1
366 2.11364E-1
367 2.15089E-1
368 2.18984E-1
369 2.22902E-1
370 2.26995E-1
371 2.31143E-1
372 2.35376E-1
373 2.39737E-1
374 2.4395E-1
375 2.48662E-1
376 2.53414E-1
377 2.57867E-1
378 2.62737E-1
379 2.66378E-1
380 2.69318E-1
381 2.72291E-1
382 2.75395E-1
383 2.7854E-1
384 2.81765E-1
385 2.85065E-1
386 2.88442E-1
387 2.91897E-1
388 2.95433E-1
389 2.99052E-1
390 3.02754E-1
391 3.06143E-1
392 3.08399E-1
393 3.10627E-1
394 3.12905E-1
395 3.15238E-1
396 3.17624E-1
397 3.20066E-1
398 3.22565E-1
399 3.25122E-1
400 3.27738E-1
401 3.29063E-1
402 3.29048E-1
403 3.29032E-1
404 3.29016E-1
405 3.28999E-1
406 3.28982E-1
407 3.28965E-1
408 3.28947E-1
409 3.28929E-1
410 3.2891E-1
411 3.28891E-1
412 3.28872E-1
413 3.28852E-1
414 3.28831E-1
415 3.28811E-1
416 3.28789E-1
417 3.28767E-1
418 3.28958E-1
419 3.31236E-1
420 3.341E-1
421 3.37032E-1
422 3.40031E-1
423 3.43101E-1
424 3.46244E-1
425 3.49458E-1
426 3.52743E-1
427 3.56111E-1
428 3.59554E-1
429 3.63081E-1
430 3.66687E-1
431 3.69003E-1
432 3.69313E-1
433 3.69611E-1
434 3.69917E-1
435 3.70229E-1
436 3.70549E-1
437 3.70876E-1
438 3.71211E-1
439 3.71553E-1
440 3.71936E-1
441 3.7335E-1
442 3.75288E-1
443 3.77272E-1
444 3.79302E-1
445 3.81379E-1
446 3.83504E-1
447 3.85678E-1
448 3.88093E-1
449 3.93846E-1
450 4.00932E-1
451 4.08168E-1
452 4.1558E-1
453 4.23185E-1
454 4.3095E-1
455 4.39187E-1
456 4.48826E-1
457 4.58822E-1
458 4.69051E-1
459 4.7952E-1
460 4.9023E-1
461 5.0052E-1
462 5.09598E-1
463 5.18837E-1
464 5.28292E-1
465 5.37969E-1
466 5.47875E-1
467 5.5801E-1
468 5.68373E-1
469 5.78986E-1
470 5.89833E-1
471 5.99785E-1
472 6.09168E-1
473 6.18776E-1
474 6.28603E-1
475 6.38647E-1
476 6.48944E-1
477 6.59469E-1
478 6.70219E-1
479 6.79677E-1
480 6.88581E-1
481 6.97699E-1
482 7.07046E-1
483 7.16599E-1
484 7.2636E-1
485 7.36046E-1
486 7.43922E-1
487 7.51637E-1
488 7.59532E-1
489 7.67607E-1
490 7.75873E-1
491 7.838E-1
492 7.9007E-1
493 7.96372E-1
494 8.02833E-1
495 8.09396E-1
496 8.15805E-1
497 8.20837E-1
498 8.25829E-1
499 8.30882E-1
500 8.36093E-1
