1 2.03514E-2
2 2.01508E-2
3 1.99455E-2
4 1.97355E-2
5 1.95205E-2
6 1.93005E-2
7 1.90754E-2
8 1.88451E-2
9 1.86094E-2
10 1.83682E-2
11 1.81415E-2
12 1.7956E-2
13 1.7768E-2
14 1.75757E-2
15 1.73789E-2
16 1.71775E-2
17 1.69713E-2
18 1.67605E-2
19 1.65467E-2
20 1.63637E-2
21 1.61897E-2
22 1.60116E-2
23 1.58295E-2
24 1.5643E-2
25 1.54522E-2
26 1.52576E-2
27 1.5083E-2
28 1.49169E-2
29 1.47468E-2
30 1.45728E-2
31 1.44094E-2
32 1.42639E-2
33 1.41152E-2
34 1.39631E-2
35 1.38075E-2
36 1.36482E-2
37 1.34852E-2
38 1.33184E-2
39 1.31477E-2
40 1.29936E-2
41 1.28589E-2
42 1.27211E-2
43 1.25802E-2
44 1.24359E-2
45 1.22882E-2
46 1.21372E-2
47 1.19928E-2
48 1.18646E-2
49 1.17338E-2
50 1.16E-2
51 1.14631E-2
52 1.1323E-2
53 1.11881E-2
54 1.10757E-2
55 1.09624E-2
56 1.08465E-2
57 1.07279E-2
58 1.06066E-2
59 1.04823E-2
60 1.03553E-2
61 1.02252E-2
62 1.0096E-2
63 9.98895E-3
64 9.88398E-3
65 9.77657E-3
66 9.66665E-3
67 9.55416E-3
68 9.43908E-3
69 9.3213E-3
70 9.20843E-3
71 9.10474E-3
72 8.99964E-3
73 8.89686E-3
74 8.79646E-3
75 8.69763E-3
76 8.59661E-3
77 8.50219E-3
78 8.41124E-3
79 8.31816E-3
80 8.2229E-3
81 8.12544E-3
82 8.03346E-3
83 7.95197E-3
84 7.86876E-3
85 7.78361E-3
86 7.69648E-3
87 7.60731E-3
88 7.51608E-3
89 7.42271E-3
90 7.33455E-3
91 7.25854E-3
92 7.18109E-3
93 7.10185E-3
94 7.02077E-3
95 6.93778E-3
96 6.85287E-3
97 6.77437E-3
98 6.70137E-3
99 6.62667E-3
100 6.55023E-3
101 6.48058E-3
102 6.41795E-3
103 6.35389E-3
104 6.28832E-3
105 6.22122E-3
106 6.15257E-3
107 6.08231E-3
108 6.01041E-3
109 5.93685E-3
110 5.86334E-3
111 5.79972E-3
112 5.73674E-3
113 5.67412E-3
114 5.61573E-3
115 5.55759E-3
116 5.5008E-3
117 5.4453E-3
118 5.39294E-3
119 5.33945E-3
120 5.2851E-3
121 5.23511E-3
122 5.18595E-3
123 5.14137E-3
124 5.10037E-3
125 5.05921E-3
126 5.02251E-3
127 4.99343E-3
128 4.9675E-3
129 4.95018E-3
130 4.93834E-3
131 4.94287E-3
132 4.96583E-3
133 5.02559E-3
134 5.104E-3
135 5.25662E-3
136 5.50355E-3
137 5.94814E-3
138 6.78016E-3
139 8.6633E-3
140 1.40597E-2
141 4.67007E-2
142 9.07468E0
143 8.29288E-2
144 1.60339E-2
145 9.00351E-3
146 6.74566E-3
147 5.75422E-3
148 5.2664E-3
149 4.99347E-3
150 4.85189E-3
151 4.78645E-3
152 4.92718E-3
153 6.12278E-1
154 1.38734E-2
155 4.74411E-3
156 4.55592E-3
157 4.49775E-3
158 4.47934E-3
159 4.46694E-3
160 4.46958E-3
161 4.4757E-3
162 4.48196E-3
163 4.48836E-3
164 4.49491E-3
165 4.50776E-3
166 4.53756E-3
167 4.62664E-3
168 2.93002E-1
169 8.90667E-3
170 4.64349E-3
171 4.61304E-3
172 4.62849E-3
173 4.64915E-3
174 4.71572E-3
175 5.00236E-3
176 2.8376E-1
177 5.59296E-3
178 4.82748E-3
179 4.79719E-3
180 4.81578E-3
181 4.85519E-3
182 4.92227E-3
183 5.01625E-3
184 5.19147E-3
185 5.54797E-3
186 6.6126E-3
187 1.75544E-2
188 7.89113E-2
189 1.11391E-2
190 6.24439E-3
191 5.45693E-3
192 5.22208E-3
193 5.12286E-3
194 5.09047E-3
195 7.7154E-3
196 5.24342E-3
197 6.29532E-3
198 2.35047E-1
199 1.64663E-1
200 6.18303E-3
201 5.30912E-3
202 5.34828E-3
203 7.87509E-3
204 2.58061E-1
205 6.53583E-3
206 1.28793E-2
207 2.18762E-1
208 9.26239E-3
209 6.25039E-3
210 5.89827E-3
211 7.14629E-3
212 2.26795E-1
213 6.56395E-3
214 1.82049E-2
215 7.14034E-2
216 1.03883E-1
217 1.7065E-1
218 8.16392E-3
219 5.19659E-2
220 5.85224E-3
221 5.51383E-3
222 5.45842E-3
223 5.4435E-3
224 5.44835E-3
225 5.45725E-3
226 5.47443E-3
227 5.49567E-3
228 5.526E-3
229 5.57014E-3
230 5.69232E-3
231 8.27773E-2
232 6.24953E-3
233 9.34278E-3
234 5.84992E-3
235 6.15015E-3
236 9.66481E-3
237 1.1238E-1
238 4.42287E-2
239 6.07074E-2
240 1.01708E-1
241 6.78158E-3
242 6.57962E-3
243 2.6996E-2
244 1.13332E-2
245 4.76416E-2
246 2.9279E-2
247 5.61109E-2
248 7.56083E-2
249 1.04811E-2
250 6.26392E-3
251 6.19429E-3
252 6.67012E-2
253 6.73716E-3
254 8.48713E-3
255 1.88215E-2
256 5.78134E-2
257 6.2974E-3
258 6.88785E-3
259 6.58606E-2
260 6.27727E-3
261 6.30922E-3
262 2.09875E-2
263 1.59234E-2
264 3.99481E-2
265 6.24714E-3
266 6.24872E-3
267 6.26721E-3
268 6.29743E-3
269 6.34166E-3
270 6.4492E-3
271 1.36005E-2
272 5.59995E-2
273 8.39053E-3
274 1.2783E-2
275 3.86012E-2
276 4.83657E-2
277 6.62895E-3
278 6.62029E-3
279 8.21228E-3
280 3.91653E-2
281 7.53023E-3
282 1.99464E-2
283 7.11206E-3
284 3.75462E-2
285 1.85286E-2
286 7.05184E-3
287 6.91758E-3
288 2.69123E-2
289 2.20798E-2
290 8.07558E-3
291 6.89918E-3
292 8.80081E-3
293 3.28508E-2
294 2.12409E-2
295 7.59536E-3
296 1.64191E-2
297 1.23352E-2
298 1.46913E-2
299 1.42055E-2
300 8.84592E-3
301 1.77066E-2
302 1.72063E-2
303 7.65264E-3
304 1.40026E-2
305 1.34423E-2
306 1.75203E-2
307 1.13482E-2
308 1.62169E-2
309 1.20855E-2
310 1.93989E-2
311 1.25651E-2
312 7.86798E-3
313 2.08323E-2
314 1.11372E-2
315 1.83713E-2
316 1.40662E-2
317 1.0102E-2
318 1.13281E-2
319 7.43702E-3
320 7.39922E-3
321 7.36053E-3
322 7.32095E-3
323 7.28044E-3
324 7.23899E-3
325 7.19657E-3
326 7.15317E-3
327 7.10875E-3
328 7.06329E-3
329 7.01679E-3
330 6.96919E-3
331 6.9328E-3
332 6.91383E-3
333 6.89459E-3
334 6.8749E-3
335 6.85475E-3
336 6.83413E-3
337 6.81303E-3
338 6.79143E-3
339 6.76934E-3
340 6.74673E-3
341 6.72359E-3
342 6.69992E-3
343 6.67569E-3
344 6.6509E-3
345 6.62553E-3
346 6.59957E-3
347 6.57301E-3
348 6.54582E-3
349 6.51801E-3
350 6.48954E-3
351 6.46042E-3
352 6.43061E-3
353 6.40011E-3
354 6.3689E-3
355 6.33696E-3
356 6.30428E-3
357 6.27084E-3
358 6.23662E-3
359 6.2016E-3
360 6.16577E-3
361 6.13611E-3
362 6.12063E-3
363 6.10527E-3
364 6.08956E-3
365 6.07347E-3
366 6.05702E-3
367 6.04018E-3
368 6.02294E-3
369 6.00531E-3
370 5.98735E-3
371 5.9786E-3
372 5.97624E-3
373 5.97382E-3
374 5.97135E-3
375 5.96882E-3
376 5.96623E-3
377 5.96358E-3
378 5.96117E-3
379 5.9705E-3
380 5.98612E-3
381 6.00211E-3
382 6.01845E-3
383 6.03518E-3
384 6.05231E-3
385 6.07216E-3
386 6.10715E-3
387 6.14551E-3
388 6.18478E-3
389 6.22495E-3
390 6.26606E-3
391 6.31387E-3
392 6.3801E-3
393 6.44905E-3
394 6.51961E-3
395 6.5918E-3
396 6.58547E-3
397 6.21514E-3
398 5.79183E-3
399 5.35865E-3
400 4.91531E-3
401 4.67876E-3
402 4.6559E-3
403 4.63252E-3
404 4.60858E-3
405 4.60295E-3
406 4.62907E-3
407 4.65631E-3
408 4.68425E-3
409 4.72564E-3
410 4.77748E-3
411 4.83053E-3
412 4.88482E-3
413 4.94037E-3
414 4.99721E-3
415 5.04777E-3
416 5.02385E-3
417 4.97991E-3
418 4.93495E-3
419 4.88895E-3
420 4.84187E-3
421 4.78444E-3
422 4.68552E-3
423 4.57968E-3
424 4.47136E-3
425 4.3605E-3
426 4.24614E-3
427 4.12286E-3
428 3.99549E-3
429 3.86519E-3
430 3.73186E-3
431 3.65072E-3
432 3.65E-3
433 3.65E-3
434 3.65E-3
435 3.64927E-3
436 3.64677E-3
437 3.64413E-3
438 3.64143E-3
439 3.64799E-3
440 3.66495E-3
441 3.6823E-3
442 3.69873E-3
443 3.7076E-3
444 3.71534E-3
445 3.72327E-3
446 3.73138E-3
447 3.73968E-3
448 3.74299E-3
449 3.65715E-3
450 3.53687E-3
451 3.41382E-3
452 3.28789E-3
453 3.15903E-3
454 3.02718E-3
455 2.90873E-3
456 2.85769E-3
457 2.81339E-3
458 2.76804E-3
459 2.72165E-3
460 2.67417E-3
461 2.60969E-3
462 2.50992E-3
463 2.40672E-3
464 2.30112E-3
465 2.19308E-3
466 2.0825E-3
467 1.96936E-3
468 1.85359E-3
469 1.7351E-3
470 1.61391E-3
471 1.49469E-3
472 1.37601E-3
473 1.25457E-3
474 1.13028E-3
475 1.00312E-3
476 8.72969E-4
477 7.3981E-4
478 6.06181E-4
479 5.71385E-4
480 5.88321E-4
481 6.05655E-4
482 6.23393E-4
483 6.4154E-4
484 6.60113E-4
485 6.79509E-4
486 7.01798E-4
487 7.25035E-4
488 7.48814E-4
489 7.73145E-4
490 7.98044E-4
491 8.23967E-4
492 8.51818E-4
493 8.80418E-4
494 9.09676E-4
495 9.39619E-4
496 9.70943E-4
497 1.00609E-3
498 1.04243E-3
499 1.07961E-3
500 1.11766E-3
