1 5.789370e+04
2 5.165330e+04
3 4.601090e+04
4 4.098740e+04
5 3.655210e+04
6 3.257820e+04
7 2.903420e+04
8 2.586760e+04
9 2.306210e+04
10 2.055000e+04
11 1.831110e+04
12 1.632470e+04
13 1.454700e+04
14 1.296690e+04
15 1.155450e+04
16 1.029970e+04
17 9.179740e+03
18 8.179030e+03
19 7.291990e+03
20 6.497620e+03
21 5.790320e+03
22 5.162240e+03
23 4.599770e+03
24 4.099150e+03
25 3.653190e+03
26 3.256880e+03
27 2.902070e+03
28 2.586220e+03
29 2.305750e+03
30 2.054680e+03
31 1.831340e+03
32 1.633210e+03
33 1.455870e+03
34 1.298180e+03
35 1.157270e+03
36 1.032500e+03
37 9.223540e+02
38 8.242020e+02
39 7.331230e+02
40 6.522750e+02
