1 1 5.235460e-02
1 2 1.941560e-02
1 3 2.550160e-02
1 4 3.093280e-02
1 5 3.937100e-02
1 6 4.958320e-02
1 7 6.214730e-02
1 8 7.822650e-02
1 9 9.775060e-02
1 10 1.230090e-01
1 11 1.538240e-01
1 12 1.923020e-01
1 13 2.397920e-01
1 14 2.991370e-01
1 15 3.710300e-01
1 16 4.595940e-01
1 17 5.662700e-01
1 18 6.938830e-01
1 19 8.437280e-01
1 20 1.018180e+00
1 21 1.214200e+00
1 22 1.428530e+00
1 23 1.651100e+00
1 24 1.866490e+00
1 25 2.052630e+00
1 26 2.180220e+00
1 27 2.216570e+00
1 28 2.132040e+00
1 29 1.913600e+00
1 30 1.574650e+00
1 31 1.161950e+00
1 32 7.479460e-01
1 33 4.058630e-01
1 34 1.778770e-01
1 35 5.971800e-02
1 36 1.438510e-02
1 37 2.292690e-03
1 38 2.187080e-04
1 39 1.161700e-05
1 40 1.542560e-06
2 1 4.162530e-02
2 2 1.686820e-02
2 3 2.274210e-02
2 4 2.761690e-02
2 5 3.515040e-02
2 6 4.426800e-02
2 7 5.548540e-02
2 8 6.984080e-02
2 9 8.727190e-02
2 10 1.098230e-01
2 11 1.373350e-01
2 12 1.716900e-01
2 13 2.140910e-01
2 14 2.670720e-01
2 15 3.312600e-01
2 16 4.103330e-01
2 17 5.055780e-01
2 18 6.195380e-01
2 19 7.533410e-01
2 20 9.091050e-01
2 21 1.084130e+00
2 22 1.275510e+00
2 23 1.474280e+00
2 24 1.666650e+00
2 25 1.832880e+00
2 26 1.946950e+00
2 27 1.979530e+00
2 28 1.904200e+00
2 29 1.709270e+00
2 30 1.406700e+00
2 31 1.038180e+00
2 32 6.684110e-01
2 33 3.627970e-01
2 34 1.590530e-01
2 35 5.341910e-02
2 36 1.287410e-02
2 37 2.053010e-03
2 38 1.959710e-04
2 39 1.044370e-05
2 40 1.384220e-06
3 1 3.284360e-02
3 2 1.374240e-02
3 3 1.974780e-02
3 4 2.460030e-02
3 5 3.133730e-02
3 6 3.946560e-02
3 7 4.946630e-02
3 8 6.226440e-02
3 9 7.780470e-02
3 10 9.790970e-02
3 11 1.224370e-01
3 12 1.530670e-01
3 13 1.908690e-01
3 14 2.381030e-01
3 15 2.953290e-01
3 16 3.658270e-01
3 17 4.507450e-01
3 18 5.523580e-01
3 19 6.716740e-01
3 20 8.105620e-01
3 21 9.666190e-01
3 22 1.137280e+00
3 23 1.314530e+00
3 24 1.486110e+00
3 25 1.634410e+00
3 26 1.736230e+00
3 27 1.765440e+00
3 28 1.698430e+00
3 29 1.524760e+00
3 30 1.255050e+00
3 31 9.264530e-01
3 32 5.966290e-01
3 33 3.239390e-01
3 34 1.420740e-01
3 35 4.774030e-02
3 36 1.151230e-02
3 37 1.837160e-03
3 38 1.755260e-04
3 39 9.381430e-06
3 40 1.242250e-06
4 1 2.561480e-02
4 2 1.081550e-02
4 3 1.606460e-02
4 4 2.140950e-02
4 5 2.792740e-02
4 6 3.519440e-02
4 7 4.411260e-02
4 8 5.552580e-02
4 9 6.938430e-02
4 10 8.731360e-02
4 11 1.091870e-01
4 12 1.365020e-01
4 13 1.702140e-01
4 14 2.123390e-01
4 15 2.633730e-01
4 16 3.262430e-01
4 17 4.019790e-01
4 18 4.925950e-01
4 19 5.990290e-01
4 20 7.229240e-01
4 21 8.621150e-01
4 22 1.014340e+00
4 23 1.172480e+00
4 24 1.325540e+00
4 25 1.457980e+00
4 26 1.548880e+00
4 27 1.575100e+00
4 28 1.515510e+00
4 29 1.360760e+00
4 30 1.120290e+00
4 31 8.271900e-01
4 32 5.328760e-01
4 33 2.894410e-01
4 34 1.270080e-01
4 35 4.270430e-02
4 36 1.030510e-02
4 37 1.646000e-03
4 38 1.574600e-04
4 39 8.432530e-06
4 40 1.117310e-06
5 1 2.060960e-02
5 2 8.608160e-03
5 3 1.276300e-02
5 4 1.745840e-02
5 5 2.436190e-02
5 6 3.141470e-02
5 7 3.939140e-02
5 8 4.958310e-02
5 9 6.195860e-02
5 10 7.796910e-02
5 11 9.750170e-02
5 12 1.218950e-01
5 13 1.519990e-01
5 14 1.896190e-01
5 15 2.351930e-01
5 16 2.913380e-01
5 17 3.589730e-01
5 18 4.398990e-01
5 19 5.349640e-01
5 20 6.456490e-01
5 21 7.699700e-01
5 22 9.059500e-01
5 23 1.047220e+00
5 24 1.184000e+00
5 25 1.302430e+00
5 26 1.383720e+00
5 27 1.407340e+00
5 28 1.354310e+00
5 29 1.216260e+00
5 30 1.001580e+00
5 31 7.397770e-01
5 32 4.767540e-01
5 33 2.590870e-01
5 34 1.137590e-01
5 35 3.827820e-02
5 36 9.245240e-03
5 37 1.478450e-03
5 38 1.416440e-04
5 39 7.601010e-06
5 40 1.007680e-06
6 1 1.635580e-02
6 2 6.797730e-03
6 3 1.009190e-02
6 4 1.382880e-02
6 5 1.982770e-02
6 6 2.742340e-02
6 7 3.515870e-02
6 8 4.426660e-02
6 9 5.531530e-02
6 10 6.960930e-02
6 11 8.704800e-02
6 12 1.088260e-01
6 13 1.357050e-01
6 14 1.692920e-01
6 15 2.099840e-01
6 16 2.601140e-01
6 17 3.205000e-01
6 18 3.927660e-01
6 19 4.776510e-01
6 20 5.765240e-01
6 21 6.875500e-01
6 22 8.090000e-01
6 23 9.352040e-01
6 24 1.057440e+00
6 25 1.163320e+00
6 26 1.236040e+00
6 27 1.257360e+00
6 28 1.210220e+00
6 29 1.087140e+00
6 30 8.955330e-01
6 31 6.617180e-01
6 32 4.266640e-01
6 33 2.320130e-01
6 34 1.019510e-01
6 35 3.433620e-02
6 36 8.302770e-03
6 37 1.329770e-03
6 38 1.276330e-04
6 39 6.880850e-06
6 40 9.113420e-07
7 1 1.259560e-02
7 2 5.216460e-03
7 3 7.833150e-03
7 4 1.083180e-02
7 5 1.562610e-02
7 6 2.225970e-02
7 7 3.071940e-02
7 8 3.952630e-02
7 9 4.940160e-02
7 10 6.216760e-02
7 11 7.774250e-02
7 12 9.719260e-02
7 13 1.211990e-01
7 14 1.511980e-01
7 15 1.875440e-01
7 16 2.323210e-01
7 17 2.862610e-01
7 18 3.508130e-01
7 19 4.266450e-01
7 20 5.149870e-01
7 21 6.141990e-01
7 22 7.227200e-01
7 23 8.355300e-01
7 24 9.448590e-01
7 25 1.039580e+00
7 26 1.104730e+00
7 27 1.124010e+00
7 28 1.082130e+00
7 29 9.723600e-01
7 30 8.013000e-01
7 31 5.923900e-01
7 32 3.822030e-01
7 33 2.080000e-01
7 34 9.148650e-02
7 35 3.084740e-02
7 36 7.470490e-03
7 37 1.198680e-03
7 38 1.153150e-04
7 39 6.335990e-06
7 40 8.272340e-07
8 1 9.851960e-03
8 2 4.081130e-03
8 3 6.134150e-03
8 4 8.505690e-03
8 5 1.229740e-02
8 6 1.755700e-02
8 7 2.489480e-02
8 8 3.455020e-02
8 9 4.412440e-02
8 10 5.553430e-02
8 11 6.944770e-02
8 12 8.682350e-02
8 13 1.082700e-01
8 14 1.350700e-01
8 15 1.675420e-01
8 16 2.075490e-01
8 17 2.557440e-01
8 18 3.134210e-01
8 19 3.811880e-01
8 20 4.601300e-01
8 21 5.488310e-01
8 22 6.458430e-01
8 23 7.467300e-01
8 24 8.445490e-01
8 25 9.293530e-01
8 26 9.877860e-01
8 27 1.005270e+00
8 28 9.681160e-01
8 29 8.702490e-01
8 30 7.174920e-01
8 31 5.307680e-01
8 32 3.427170e-01
8 33 1.866940e-01
8 34 8.221300e-02
8 35 2.776130e-02
8 36 6.735780e-03
8 37 1.083240e-03
8 38 1.045030e-04
8 39 5.825100e-06
8 40 7.539860e-07
9 1 8.057850e-03
9 2 3.272150e-03
9 3 4.837240e-03
9 4 6.659660e-03
9 5 9.664260e-03
9 6 1.385000e-02
9 7 1.968380e-02
9 8 2.804250e-02
9 9 3.865640e-02
9 10 4.967090e-02
9 11 6.212120e-02
9 12 7.766480e-02
9 13 9.684990e-02
9 14 1.208250e-01
9 15 1.498750e-01
9 16 1.856680e-01
9 17 2.287900e-01
9 18 2.803990e-01
9 19 3.410430e-01
9 20 4.116760e-01
9 21 4.911090e-01
9 22 5.779800e-01
9 23 6.683500e-01
9 24 7.559980e-01
9 25 8.320620e-01
9 26 8.846240e-01
9 27 9.005600e-01
9 28 8.676230e-01
9 29 7.803060e-01
9 30 6.437020e-01
9 31 4.765540e-01
9 32 3.080160e-01
9 33 1.679950e-01
9 34 7.408830e-02
9 35 2.506440e-02
9 36 6.095500e-03
9 37 9.829930e-04
9 38 9.515880e-05
9 39 5.324940e-06
9 40 6.912760e-07
10 1 6.307030e-03
10 2 2.557490e-03
10 3 3.796180e-03
10 4 5.237300e-03
10 5 7.596130e-03
10 6 1.090150e-02
10 7 1.551650e-02
10 8 2.213330e-02
10 9 3.131540e-02
10 10 4.353440e-02
10 11 5.558270e-02
10 12 6.949500e-02
10 13 8.666330e-02
10 14 1.081190e-01
10 15 1.341170e-01
10 16 1.661530e-01
10 17 2.047510e-01
10 18 2.509510e-01
10 19 3.052410e-01
10 20 3.684890e-01
10 21 4.396280e-01
10 22 5.174810e-01
10 23 5.984780e-01
10 24 6.770770e-01
10 25 7.453880e-01
10 26 7.927140e-01
10 27 8.073190e-01
10 28 7.781880e-01
10 29 7.003090e-01
10 30 5.781440e-01
10 31 4.284180e-01
10 32 2.772460e-01
10 33 1.514410e-01
10 34 6.691190e-02
10 35 2.268910e-02
10 36 5.533520e-03
10 37 8.954620e-04
10 38 8.706840e-05
10 39 4.894920e-06
10 40 6.380020e-07
11 1 4.865510e-03
11 2 1.971890e-03
11 3 2.920130e-03
11 4 4.019130e-03
11 5 5.832610e-03
11 6 8.427060e-03
11 7 1.209020e-02
11 8 1.733860e-02
11 9 2.461940e-02
11 10 3.518240e-02
11 11 4.875300e-02
11 12 6.224780e-02
11 13 7.762990e-02
11 14 9.685160e-02
11 15 1.201440e-01
11 16 1.488480e-01
11 17 1.834350e-01
11 18 2.248400e-01
11 19 2.735020e-01
11 20 3.302120e-01
11 21 3.939930e-01
11 22 4.638610e-01
11 23 5.365640e-01
11 24 6.071770e-01
11 25 6.686410e-01
11 26 7.113540e-01
11 27 7.248250e-01
11 28 6.991100e-01
11 29 6.296350e-01
11 30 5.203040e-01
11 31 3.860010e-01
11 32 2.501750e-01
11 33 1.369100e-01
11 34 6.063170e-02
11 35 2.061880e-02
11 36 5.046260e-03
11 37 8.201510e-04
11 38 8.017980e-05
11 39 4.533570e-06
11 40 5.937800e-07
12 1 3.976610e-03
12 2 1.609490e-03
12 3 2.373780e-03
12 4 3.242960e-03
12 5 4.651410e-03
12 6 6.611920e-03
12 7 9.425670e-03
12 8 1.357760e-02
12 9 1.936750e-02
12 10 2.773390e-02
12 11 3.944780e-02
12 12 5.471630e-02
12 13 6.966350e-02
12 14 8.691670e-02
12 15 1.078240e-01
12 16 1.335910e-01
12 17 1.646430e-01
12 18 2.018210e-01
12 19 2.455280e-01
12 20 2.964700e-01
12 21 3.537910e-01
12 22 4.166150e-01
12 23 4.820310e-01
12 24 5.456490e-01
12 25 6.011030e-01
12 26 6.398060e-01
12 27 6.523240e-01
12 28 6.296630e-01
12 29 5.676430e-01
12 30 4.696520e-01
12 31 3.489320e-01
12 32 2.265680e-01
12 33 1.242800e-01
12 34 5.519610e-02
12 35 1.883710e-02
12 36 4.630180e-03
12 37 7.565590e-04
12 38 7.444670e-05
12 39 4.239320e-06
12 40 5.582320e-07
13 1 2.952770e-03
13 2 1.195390e-03
13 3 1.762780e-03
13 4 2.405000e-03
13 5 3.449660e-03
13 6 4.935860e-03
13 7 7.085920e-03
13 8 1.029160e-02
13 9 1.487650e-02
13 10 2.153100e-02
13 11 3.083200e-02
13 12 4.407580e-02
13 13 6.126530e-02
13 14 7.809950e-02
13 15 9.689120e-02
13 16 1.200520e-01
13 17 1.479690e-01
13 18 1.814000e-01
13 19 2.207080e-01
13 20 2.665420e-01
13 21 3.181450e-01
13 22 3.747180e-01
13 23 4.337040e-01
13 24 4.911330e-01
13 25 5.412950e-01
13 26 5.764860e-01
13 27 5.882050e-01
13 28 5.683180e-01
13 29 5.129460e-01
13 30 4.250260e-01
13 31 3.163680e-01
13 32 2.058860e-01
13 33 1.132590e-01
13 34 5.047930e-02
13 35 1.730250e-02
13 36 4.275650e-03
13 37 7.032130e-04
13 38 6.976250e-05
13 39 4.013980e-06
13 40 5.308620e-07
14 1 2.494610e-03
14 2 1.009850e-03
14 3 1.488970e-03
14 4 2.031020e-03
14 5 2.906070e-03
14 6 4.125790e-03
14 7 5.849100e-03
14 8 8.343150e-03
14 9 1.183490e-02
14 10 1.703030e-02
14 11 2.435140e-02
14 12 3.474640e-02
14 13 4.949340e-02
14 14 6.885510e-02
14 15 8.726440e-02
14 16 1.081320e-01
14 17 1.332890e-01
14 18 1.634240e-01
14 19 1.988640e-01
14 20 2.402120e-01
14 21 2.867890e-01
14 22 3.378850e-01
14 23 3.912360e-01
14 24 4.432510e-01
14 25 4.888090e-01
14 26 5.209740e-01
14 27 5.320630e-01
14 28 5.146930e-01
14 29 4.652300e-01
14 30 3.861990e-01
14 31 2.881440e-01
14 32 1.880420e-01
14 33 1.038110e-01
14 34 4.647040e-02
14 35 1.601360e-02
14 36 3.982900e-03
14 37 6.602600e-04
14 38 6.614300e-05
14 39 3.855450e-06
14 40 5.119310e-07
15 1 1.962820e-03
15 2 7.946330e-04
15 3 1.171710e-03
15 4 1.598320e-03
15 5 2.286370e-03
15 6 3.241570e-03
15 7 4.582480e-03
15 8 6.535300e-03
15 9 9.306280e-03
15 10 1.338960e-02
15 11 1.913110e-02
15 12 2.730150e-02
15 13 3.888390e-02
15 14 5.554440e-02
15 15 7.708220e-02
15 16 9.762040e-02
15 17 1.203460e-01
15 18 1.475760e-01
15 19 1.796140e-01
15 20 2.170100e-01
15 21 2.591650e-01
15 22 3.054640e-01
15 23 3.538570e-01
15 24 4.011510e-01
15 25 4.427010e-01
15 26 4.722640e-01
15 27 4.828720e-01
15 28 4.677860e-01
15 29 4.236020e-01
15 30 3.524430e-01
15 31 2.637010e-01
15 32 1.726960e-01
15 33 9.574870e-02
15 34 4.309070e-02
15 35 1.494530e-02
15 36 3.746680e-03
15 37 6.270530e-04
15 38 6.353890e-05
15 39 3.752530e-06
15 40 5.019120e-07
16 1 1.512120e-03
16 2 6.123630e-04
16 3 9.029440e-04
16 4 1.231780e-03
16 5 1.762080e-03
16 6 2.497800e-03
16 7 3.526930e-03
16 8 5.016410e-03
16 9 7.125260e-03
16 10 1.025490e-02
16 11 1.473330e-02
16 12 2.117680e-02
16 13 3.031630e-02
16 14 4.343670e-02
16 15 6.205130e-02
16 16 8.646200e-02
16 17 1.090510e-01
16 18 1.337490e-01
16 19 1.628240e-01
16 20 1.967820e-01
16 21 2.350960e-01
16 22 2.772230e-01
16 23 3.213310e-01
16 24 3.645590e-01
16 25 4.026750e-01
16 26 4.300350e-01
16 27 4.402930e-01
16 28 4.273290e-01
16 29 3.878230e-01
16 30 3.235720e-01
16 31 2.429310e-01
16 32 1.597770e-01
16 33 8.904850e-02
16 34 4.033510e-02
16 35 1.409960e-02
16 36 3.568450e-03
16 37 6.040900e-04
16 38 6.205020e-05
16 39 3.719520e-06
16 40 5.009690e-07
17 1 1.224900e-03
17 2 4.960020e-04
17 3 7.313620e-04
17 4 9.975850e-04
17 5 1.427040e-03
17 6 2.022770e-03
17 7 2.855840e-03
17 8 4.056400e-03
17 9 5.735900e-03
17 10 8.200770e-03
17 11 1.169690e-02
17 12 1.671230e-02
17 13 2.383770e-02
17 14 3.408430e-02
17 15 4.860880e-02
17 16 6.958090e-02
17 17 9.686900e-02
17 18 1.216660e-01
17 19 1.481550e-01
17 20 1.791210e-01
17 21 2.140920e-01
17 22 2.526010e-01
17 23 2.930120e-01
17 24 3.327300e-01
17 25 3.679310e-01
17 26 3.934690e-01
17 27 4.035500e-01
17 28 3.925490e-01
17 29 3.572350e-01
17 30 2.990640e-01
17 31 2.254760e-01
17 32 1.490730e-01
17 33 8.361030e-02
17 34 3.816820e-02
17 35 1.346860e-02
17 36 3.447600e-03
17 37 5.915750e-04
17 38 6.174090e-05
17 39 3.764730e-06
17 40 5.101970e-07
18 1 9.451560e-04
18 2 3.826770e-04
18 3 5.642870e-04
18 4 7.697720e-04
18 5 1.101160e-03
18 6 1.560970e-03
18 7 2.203800e-03
18 8 3.127850e-03
18 9 4.416280e-03
18 10 6.302760e-03
18 11 8.982760e-03
18 12 1.285990e-02
18 13 1.842080e-02
18 14 2.643300e-02
18 15 3.779750e-02
18 16 5.418650e-02
18 17 7.775030e-02
18 18 1.084590e-01
18 19 1.354510e-01
18 20 1.638310e-01
18 21 1.959260e-01
18 22 2.313300e-01
18 23 2.685740e-01
18 24 3.053040e-01
18 25 3.380800e-01
18 26 3.621530e-01
18 27 3.722270e-01
18 28 3.630310e-01
18 29 3.314680e-01
18 30 2.786390e-01
18 31 2.111370e-01
18 32 1.404630e-01
18 33 7.938450e-02
18 34 3.657710e-02
18 35 1.305260e-02
18 36 3.386290e-03
18 37 5.903990e-04
18 38 6.278660e-05
18 39 3.905120e-06
18 40 5.326440e-07
19 1 6.990960e-04
19 2 2.831810e-04
19 3 4.176100e-04
19 4 5.697330e-04
19 5 8.151180e-04
19 6 1.155640e-03
19 7 1.631850e-03
19 8 2.316650e-03
19 9 3.268890e-03
19 10 4.657950e-03
19 11 6.629830e-03
19 12 9.499660e-03
19 13 1.368760e-02
19 14 1.988700e-02
19 15 2.878750e-02
19 16 4.161690e-02
19 17 6.004380e-02
19 18 8.671920e-02
19 19 1.213580e-01
19 20 1.508840e-01
19 21 1.805610e-01
19 22 2.133670e-01
19 23 2.479770e-01
19 24 2.822610e-01
19 25 3.130780e-01
19 26 3.360440e-01
19 27 3.462370e-01
19 28 3.387720e-01
19 29 3.105330e-01
19 30 2.623110e-01
19 31 1.999680e-01
19 32 1.340090e-01
19 33 7.642340e-02
19 34 3.560000e-02
19 35 1.287270e-02
19 36 3.392800e-03
19 37 6.027260e-04
19 38 6.552510e-05
19 39 4.161170e-06
19 40 5.732040e-07
20 1 5.674280e-04
20 2 2.298470e-04
20 3 3.389150e-04
20 4 4.623480e-04
20 5 6.614820e-04
20 6 9.376900e-04
20 7 1.323900e-03
20 8 1.878960e-03
20 9 2.650300e-03
20 10 3.771250e-03
20 11 5.344090e-03
20 12 7.595060e-03
20 13 1.081400e-02
20 14 1.546770e-02
20 15 2.220650e-02
20 16 3.212580e-02
20 17 4.638850e-02
20 18 6.699780e-02
20 19 9.690540e-02
20 20 1.358580e-01
20 21 1.674250e-01
20 22 1.980470e-01
20 23 2.304700e-01
20 24 2.627570e-01
20 25 2.920370e-01
20 26 3.142550e-01
20 27 3.247440e-01
20 28 3.190020e-01
20 29 2.938230e-01
20 30 2.496690e-01
20 31 1.917190e-01
20 32 1.296220e-01
20 33 7.472000e-02
20 34 3.525940e-02
20 35 1.294830e-02
20 36 3.475500e-03
20 37 6.307410e-04
20 38 7.028300e-05
20 39 4.556270e-06
20 40 6.341550e-07
21 1 4.440900e-04
21 2 1.798980e-04
21 3 2.652860e-04
21 4 3.618910e-04
21 5 5.177030e-04
21 6 7.339310e-04
21 7 1.036230e-03
21 8 1.470790e-03
21 9 2.074770e-03
21 10 2.951920e-03
21 11 4.182560e-03
21 12 5.941410e-03
21 13 8.454080e-03
21 14 1.211060e-02
21 15 1.734620e-02
21 16 2.491590e-02
21 17 3.580840e-02
21 18 5.158400e-02
21 19 7.450470e-02
21 20 1.082050e-01
21 21 1.517920e-01
21 22 1.854490e-01
21 23 2.161410e-01
21 24 2.469080e-01
21 25 2.750850e-01
21 26 2.969090e-01
21 27 3.079400e-01
21 28 3.038670e-01
21 29 2.814900e-01
21 30 2.408660e-01
21 31 1.865460e-01
21 32 1.274440e-01
21 33 7.438740e-02
21 34 3.563430e-02
21 35 1.332220e-02
21 36 3.651780e-03
21 37 6.791700e-04
21 38 7.784270e-05
21 39 5.186650e-06
21 40 7.239350e-07
22 1 3.366910e-04
22 2 1.365110e-04
22 3 2.013060e-04
22 4 2.746160e-04
22 5 3.928770e-04
22 6 5.569830e-04
22 7 7.864300e-04
22 8 1.116340e-03
22 9 1.574870e-03
22 10 2.241110e-03
22 11 3.176140e-03
22 12 4.510670e-03
22 13 6.413510e-03
22 14 9.178060e-03
22 15 1.314690e-02
22 16 1.891390e-02
22 17 2.722090e-02
22 18 3.926640e-02
22 19 5.677830e-02
22 20 8.255210e-02
22 21 1.205200e-01
22 22 1.696100e-01
22 23 2.049580e-01
22 24 2.346610e-01
22 25 2.621790e-01
22 26 2.839740e-01
22 27 2.958050e-01
22 28 2.934260e-01
22 29 2.736300e-01
22 30 2.360480e-01
22 31 1.846310e-01
22 32 1.276620e-01
22 33 7.559560e-02
22 34 3.684370e-02
22 35 1.405980e-02
22 36 3.947700e-03
22 37 7.550430e-04
22 38 8.937790e-05
22 39 6.147720e-06
22 40 8.591420e-07
23 1 2.461100e-04
23 2 9.978500e-05
23 3 1.471490e-04
23 4 2.007610e-04
23 5 2.872390e-04
23 6 4.072500e-04
23 7 5.751340e-04
23 8 8.165120e-04
23 9 1.152250e-03
23 10 1.640260e-03
23 11 2.325260e-03
23 12 3.303950e-03
23 13 4.697430e-03
23 14 6.713190e-03
23 15 9.606100e-03
23 16 1.385080e-02
23 17 2.006230e-02
23 18 2.917800e-02
23 19 4.246750e-02
23 20 6.203650e-02
23 21 9.091430e-02
23 22 1.339690e-01
23 23 1.893950e-01
23 24 2.258420e-01
23 25 2.531370e-01
23 26 2.753080e-01
23 27 2.882110e-01
23 28 2.876140e-01
23 29 2.702660e-01
23 30 2.353170e-01
23 31 1.861530e-01
23 32 1.304870e-01
23 33 7.855310e-02
23 34 3.904250e-02
23 35 1.525020e-02
23 36 4.400710e-03
23 37 8.689330e-04
23 38 1.067170e-04
23 39 7.612400e-06
23 40 1.062960e-06
24 1 1.834900e-04
24 2 7.444000e-05
24 3 1.097810e-04
24 4 1.497820e-04
24 5 2.143110e-04
24 6 3.038630e-04
24 7 4.291430e-04
24 8 6.093470e-04
24 9 8.599780e-04
24 10 1.224350e-03
24 11 1.735990e-03
24 12 2.467100e-03
24 13 3.508430e-03
24 14 5.012430e-03
24 15 7.160880e-03
24 16 1.029840e-02
24 17 1.487980e-02
24 18 2.162190e-02
24 19 3.153730e-02
24 20 4.618170e-02
24 21 6.783230e-02
24 22 1.001810e-01
24 23 1.488260e-01
24 24 2.111530e-01
24 25 2.478870e-01
24 26 2.708580e-01
24 27 2.852090e-01
24 28 2.866550e-01
24 29 2.717150e-01
24 30 2.391340e-01
24 31 1.916510e-01
24 32 1.364670e-01
24 33 8.371540e-02
24 34 4.254470e-02
24 35 1.706140e-02
24 36 5.077180e-03
24 37 1.038820e-03
24 38 1.329020e-04
24 39 9.793150e-06
24 40 1.369680e-06
25 1 1.334160e-04
25 2 5.424420e-05
25 3 7.999750e-05
25 4 1.091500e-04
25 5 1.561940e-04
25 6 2.214990e-04
25 7 3.128640e-04
25 8 4.442880e-04
25 9 6.271380e-04
25 10 8.930960e-04
25 11 1.266780e-03
25 12 1.801000e-03
25 13 2.562400e-03
25 14 3.662570e-03
25 15 5.232660e-03
25 16 7.520090e-03
25 17 1.086000e-02
25 18 1.578050e-02
25 19 2.304130e-02
25 20 3.382610e-02
25 21 4.982570e-02
25 22 7.382080e-02
25 23 1.100210e-01
25 24 1.650490e-01
25 25 2.352310e-01
25 26 2.709880e-01
25 27 2.872530e-01
25 28 2.910460e-01
25 29 2.785990e-01
25 30 2.481860e-01
25 31 2.018480e-01
25 32 1.462950e-01
25 33 9.166400e-02
25 34 4.776940e-02
25 35 1.972960e-02
25 36 6.077580e-03
25 37 1.294180e-03
25 38 1.733480e-04
25 39 1.326410e-05
25 40 1.839030e-06
26 1 8.765380e-05
26 2 3.582930e-05
26 3 5.284870e-05
26 4 7.212170e-05
26 5 1.032240e-04
26 6 1.464170e-04
26 7 2.068820e-04
26 8 2.939370e-04
26 9 4.151390e-04
26 10 5.915770e-04
26 11 8.398240e-04
26 12 1.195240e-03
26 13 1.702720e-03
26 14 2.437900e-03
26 15 3.489850e-03
26 16 5.023160e-03
26 17 7.255880e-03
26 18 1.056270e-02
26 19 1.551760e-02
26 20 2.306560e-02
26 21 3.458860e-02
26 22 5.218810e-02
26 23 7.889500e-02
26 24 1.197350e-01
26 25 1.826940e-01
26 26 2.624670e-01
26 27 2.957490e-01
26 28 3.022820e-01
26 29 2.923840e-01
26 30 2.638560e-01
26 31 2.180040e-01
26 32 1.610570e-01
26 33 1.032660e-01
26 34 5.532400e-02
26 35 2.361150e-02
26 36 7.562180e-03
26 37 1.685770e-03
26 38 2.382350e-04
26 39 1.921580e-05
26 40 2.035400e-06
27 1 6.322920e-05
27 2 2.577600e-05
27 3 3.801890e-05
27 4 5.188610e-05
27 5 7.426770e-05
27 6 1.053500e-04
27 7 1.488710e-04
27 8 2.115080e-04
27 9 2.987680e-04
27 10 4.258250e-04
27 11 6.045640e-04
27 12 8.606530e-04
27 13 1.226530e-03
27 14 1.756620e-03
27 15 2.515860e-03
27 16 3.623730e-03
27 17 5.236800e-03
27 18 7.609400e-03
27 19 1.113020e-02
27 20 1.644820e-02
27 21 2.452820e-02
27 22 3.693600e-02
27 23 5.599980e-02
27 24 8.534620e-02
27 25 1.309110e-01
27 26 2.020160e-01
27 27 2.912900e-01
27 28 3.196370e-01
27 29 3.131230e-01
27 30 2.868480e-01
27 31 2.414210e-01
27 32 1.823520e-01
27 33 1.200540e-01
27 34 6.636370e-02
27 35 2.938300e-02
27 36 9.821400e-03
27 37 2.300330e-03
27 38 3.440070e-04
27 39 2.939190e-05
27 40 2.311170e-06
28 1 4.171830e-05
28 2 1.705690e-05
28 3 2.516330e-05
28 4 3.434450e-05
28 5 4.916360e-05
28 6 6.975220e-05
28 7 9.858820e-05
28 8 1.401260e-04
28 9 1.979990e-04
28 10 2.823260e-04
28 11 4.011200e-04
28 12 5.714270e-04
28 13 8.150340e-04
28 14 1.168750e-03
28 15 1.676260e-03
28 16 2.418530e-03
28 17 3.502720e-03
28 18 5.100870e-03
28 19 7.471110e-03
28 20 1.105000e-02
28 21 1.650290e-02
28 22 2.497540e-02
28 23 3.821250e-02
28 24 5.884570e-02
28 25 9.119170e-02
28 26 1.422170e-01
28 27 2.230290e-01
28 28 3.233060e-01
28 29 3.438490e-01
28 30 3.202180e-01
28 31 2.748600e-01
28 32 2.126390e-01
28 33 1.440780e-01
28 34 8.242100e-02
28 35 3.800410e-02
28 36 1.332190e-02
28 37 3.298820e-03
28 38 5.261630e-04
28 39 4.828090e-05
28 40 3.608300e-06
29 1 2.487400e-05
29 2 1.028000e-05
29 3 1.516680e-05
29 4 2.070550e-05
29 5 2.964760e-05
29 6 4.207790e-05
29 7 5.950080e-05
29 8 8.460990e-05
29 9 1.196340e-04
29 10 1.707300e-04
29 11 2.427790e-04
29 12 3.462890e-04
29 13 4.947120e-04
29 14 7.107130e-04
29 15 1.021750e-03
29 16 1.478560e-03
29 17 2.148850e-03
29 18 3.142720e-03
29 19 4.625880e-03
29 20 6.873130e-03
29 21 1.029790e-02
29 22 1.563700e-02
29 23 2.415480e-02
29 24 3.788300e-02
29 25 6.008050e-02
29 26 9.579010e-02
29 27 1.532560e-01
29 28 2.458240e-01
29 29 3.592800e-01
29 30 3.681240e-01
29 31 3.225620e-01
29 32 2.558790e-01
29 33 1.787400e-01
29 34 1.060880e-01
29 35 5.112680e-02
29 36 1.889160e-02
29 37 4.979060e-03
29 38 8.547020e-04
29 39 8.534960e-05
29 40 5.613630e-06
30 1 1.537800e-05
30 2 6.407170e-06
30 3 9.454880e-06
30 4 1.290920e-05
30 5 1.848830e-05
30 6 2.624390e-05
30 7 3.711980e-05
30 8 5.280340e-05
30 9 7.468820e-05
30 10 1.066460e-04
30 11 1.517750e-04
30 12 2.166700e-04
30 13 3.098730e-04
30 14 4.458100e-04
30 15 6.420020e-04
30 16 9.310330e-04
30 17 1.356810e-03
30 18 1.990960e-03
30 19 2.942620e-03
30 20 4.394550e-03
30 21 6.628830e-03
30 22 1.013060e-02
30 23 1.569430e-02
30 24 2.465500e-02
30 25 3.923710e-02
30 26 6.303300e-02
30 27 1.019780e-01
30 28 1.658290e-01
30 29 2.701100e-01
30 30 3.959240e-01
30 31 3.887390e-01
30 32 3.173680e-01
30 33 2.295100e-01
30 34 1.419810e-01
30 35 7.186970e-02
30 36 2.813230e-02
30 37 7.929080e-03
30 38 1.471140e-03
30 39 1.605690e-04
30 40 1.009830e-05
31 1 8.290240e-06
31 2 3.631480e-06
31 3 5.360830e-06
31 4 7.320910e-06
31 5 1.048800e-05
31 6 1.489390e-05
31 7 2.107380e-05
31 8 2.999480e-05
31 9 4.245880e-05
31 10 6.067050e-05
31 11 8.643000e-05
31 12 1.235560e-04
31 13 1.769910e-04
31 14 2.551470e-04
31 15 3.683630e-04
31 16 5.358290e-04
31 17 7.838060e-04
31 18 1.155470e-03
31 19 1.717340e-03
31 20 2.581880e-03
31 21 3.923510e-03
31 22 6.041840e-03
31 23 9.432730e-03
31 24 1.493790e-02
31 25 2.400720e-02
31 26 3.916440e-02
31 27 6.455940e-02
31 28 1.071420e-01
31 29 1.784290e-01
31 30 2.967050e-01
31 31 4.360820e-01
31 32 4.065550e-01
31 33 3.049720e-01
31 34 1.972510e-01
31 35 1.053230e-01
31 36 4.392260e-02
31 37 1.333660e-02
31 38 2.698250e-03
31 39 3.253760e-04
31 40 2.148810e-05
32 1 3.941130e-06
32 2 1.837690e-06
32 3 2.726000e-06
32 4 3.726760e-06
32 5 5.342080e-06
32 6 7.590150e-06
32 7 1.074640e-05
32 8 1.530610e-05
32 9 2.168540e-05
32 10 3.102510e-05
32 11 4.426050e-05
32 12 6.337580e-05
32 13 9.097800e-05
32 14 1.315040e-04
32 15 1.904910e-04
32 16 2.782410e-04
32 17 4.090670e-04
32 18 6.067040e-04
32 19 9.083930e-04
32 20 1.377890e-03
32 21 2.116110e-03
32 22 3.298630e-03
32 23 5.221180e-03
32 24 8.395760e-03
32 25 1.372030e-02
32 26 2.278990e-02
32 27 3.837680e-02
32 28 6.525710e-02
32 29 1.116250e-01
32 30 1.910920e-01
32 31 3.251830e-01
32 32 4.789840e-01
32 33 4.200870e-01
32 34 2.847460e-01
32 35 1.609990e-01
32 36 7.189600e-02
32 37 2.367960e-02
32 38 5.271800e-03
32 39 7.106790e-04
32 40 5.256860e-05
33 1 1.679850e-06
33 2 8.268150e-07
33 3 1.239270e-06
33 4 1.701170e-06
33 5 2.441920e-06
33 6 3.472410e-06
33 7 4.920470e-06
33 8 7.014960e-06
33 9 9.949300e-06
33 10 1.425300e-05
33 11 2.036840e-05
33 12 2.922750e-05
33 13 4.206620e-05
33 14 6.100120e-05
33 15 8.870850e-05
33 16 1.301940e-04
33 17 1.925370e-04
33 18 2.876310e-04
33 19 4.344320e-04
33 20 6.658590e-04
33 21 1.035390e-03
33 22 1.638050e-03
33 23 2.638210e-03
33 24 4.328200e-03
33 25 7.229670e-03
33 26 1.227420e-02
33 27 2.115830e-02
33 28 3.696380e-02
33 29 6.519380e-02
33 30 1.154550e-01
33 31 2.038420e-01
33 32 3.555260e-01
33 33 5.240490e-01
33 34 4.275130e-01
33 35 2.566580e-01
33 36 1.233640e-01
33 37 4.437200e-02
33 38 1.096240e-02
33 39 1.670290e-03
33 40 1.425310e-04
34 1 5.043030e-07
34 2 2.867710e-07
34 3 4.608940e-07
34 4 6.602180e-07
34 5 9.691600e-07
34 6 1.392640e-06
34 7 1.979150e-06
34 8 2.826190e-06
34 9 4.014850e-06
34 10 5.761940e-06
34 11 8.251550e-06
34 12 1.187320e-05
34 13 1.714590e-05
34 14 2.496690e-05
34 15 3.649380e-05
34 16 5.389280e-05
34 17 8.029310e-05
34 18 1.210120e-04
34 19 1.846840e-04
34 20 2.865600e-04
34 21 4.520110e-04
34 22 7.269480e-04
34 23 1.192990e-03
34 24 1.999850e-03
34 25 3.425650e-03
34 26 5.984860e-03
34 27 1.062660e-02
34 28 1.914680e-02
34 29 3.496110e-02
34 30 6.438920e-02
34 31 1.186700e-01
34 32 2.167750e-01
34 33 3.880130e-01
34 34 5.705570e-01
34 35 4.271190e-01
34 36 2.217260e-01
34 37 8.763320e-02
34 38 2.424430e-02
34 39 4.220880e-03
34 40 4.228950e-04
35 1 1.118290e-07
35 2 6.401490e-08
35 3 1.059120e-07
35 4 1.620170e-07
35 5 2.595970e-07
35 6 4.113530e-07
35 7 6.354590e-07
35 8 9.498910e-07
35 9 1.371140e-06
35 10 1.977500e-06
35 11 2.841460e-06
35 12 4.104480e-06
35 13 5.955550e-06
35 14 8.721230e-06
35 15 1.283510e-05
35 16 1.911120e-05
35 17 2.875270e-05
35 18 4.383500e-05
35 19 6.779660e-05
35 20 1.068050e-04
35 21 1.713840e-04
35 22 2.809930e-04
35 23 4.711980e-04
35 24 8.091080e-04
35 25 1.423480e-03
35 26 2.560770e-03
35 27 4.699530e-03
35 28 8.800810e-03
35 29 1.677460e-02
35 30 3.236570e-02
35 31 6.276410e-02
35 32 1.210970e-01
35 33 2.297080e-01
35 34 4.223700e-01
35 35 6.177200e-01
35 36 4.177740e-01
35 37 1.820930e-01
35 38 5.680410e-02
35 39 1.142320e-02
35 40 1.369160e-03
36 1 2.156500e-08
36 2 1.234460e-08
36 3 2.042400e-08
36 4 3.124310e-08
36 5 5.006160e-08
36 6 7.952800e-08
36 7 1.257780e-07
36 8 1.996030e-07
36 9 3.096220e-07
36 10 4.755320e-07
36 11 7.155640e-07
36 12 1.065930e-06
36 13 1.578130e-06
36 14 2.341040e-06
36 15 3.475970e-06
36 16 5.218880e-06
36 17 7.930960e-06
36 18 1.223940e-05
36 19 1.921120e-05
36 20 3.081020e-05
36 21 5.051490e-05
36 22 8.496730e-05
36 23 1.468260e-04
36 24 2.611080e-04
36 25 4.784890e-04
36 26 9.032100e-04
36 27 1.747910e-03
36 28 3.440730e-03
36 29 6.875750e-03
36 30 1.397240e-02
36 31 2.877780e-02
36 32 5.943500e-02
36 33 1.214520e-01
36 34 2.414770e-01
36 35 4.586990e-01
36 36 6.660010e-01
36 37 3.989450e-01
36 38 1.406270e-01
36 39 3.291100e-02
36 40 4.804580e-03
37 1 3.095150e-09
37 2 1.771780e-09
37 3 2.931380e-09
37 4 4.484220e-09
37 5 7.185170e-09
37 6 1.141440e-08
37 7 1.805250e-08
37 8 2.869000e-08
37 9 4.528380e-08
37 10 7.204940e-08
37 11 1.140660e-07
37 12 1.807530e-07
37 13 2.861360e-07
37 14 4.518010e-07
37 15 7.031070e-07
37 16 1.089470e-06
37 17 1.689190e-06
37 18 2.647320e-06
37 19 4.216820e-06
37 20 6.881160e-06
37 21 1.152360e-05
37 22 1.988970e-05
37 23 3.546270e-05
37 24 6.548670e-05
37 25 1.254870e-04
37 26 2.496320e-04
37 27 5.149090e-04
37 28 1.091750e-03
37 29 2.351380e-03
37 30 5.106390e-03
37 31 1.119040e-02
37 32 2.481830e-02
37 33 5.514340e-02
37 34 1.204140e-01
37 35 2.526070e-01
37 36 4.969930e-01
37 37 7.131590e-01
37 38 3.698030e-01
37 39 1.009190e-01
37 40 1.816940e-02
38 1 4.492800e-10
38 2 2.571800e-10
38 3 4.255000e-10
38 4 6.509100e-10
38 5 1.042960e-09
38 6 1.656850e-09
38 7 2.620410e-09
38 8 4.164490e-09
38 9 6.573170e-09
38 10 1.045830e-08
38 11 1.655730e-08
38 12 2.623730e-08
38 13 4.153740e-08
38 14 6.594020e-08
38 15 1.043710e-07
38 16 1.656350e-07
38 17 2.631330e-07
38 18 4.199800e-07
38 19 6.787110e-07
38 20 1.124220e-06
38 21 1.920900e-06
38 22 3.398090e-06
38 23 6.264280e-06
38 24 1.207170e-05
38 25 2.440150e-05
38 26 5.181460e-05
38 27 1.155350e-04
38 28 2.690150e-04
38 29 6.382380e-04
38 30 1.513250e-03
38 31 3.590520e-03
38 32 8.576980e-03
38 33 2.070650e-02
38 34 5.004970e-02
38 35 1.179940e-01
38 36 2.630160e-01
38 37 5.371190e-01
38 38 7.574140e-01
38 39 3.312810e-01
38 40 7.398620e-02
39 1 7.934300e-11
39 2 4.541900e-11
39 3 7.514500e-11
39 4 1.149500e-10
39 5 1.841900e-10
39 6 2.926000e-10
39 7 4.627700e-10
39 8 7.354600e-10
39 9 1.160840e-09
39 10 1.846960e-09
39 11 2.924050e-09
39 12 4.633570e-09
39 13 7.335600e-09
39 14 1.164520e-08
39 15 1.843190e-08
39 16 2.923700e-08
39 17 4.633740e-08
39 18 7.344570e-08
39 19 1.163220e-07
39 20 1.844650e-07
39 21 2.940420e-07
39 22 4.847160e-07
39 23 8.418940e-07
39 24 1.579890e-06
39 25 3.261800e-06
39 26 7.374910e-06
39 27 1.790980e-05
39 28 4.631950e-05
39 29 1.259890e-04
39 30 3.431110e-04
39 31 9.083790e-04
39 32 2.375840e-03
39 33 6.245540e-03
39 34 1.663560e-02
39 35 4.436370e-02
39 36 1.143010e-01
39 37 2.727550e-01
39 38 5.788840e-01
39 39 7.966760e-01
39 40 3.276530e-01
40 1 1.798400e-11
40 2 1.029500e-11
40 3 1.703300e-11
40 4 2.605600e-11
40 5 4.174900e-11
40 6 6.632300e-11
40 7 1.048900e-10
40 8 1.667000e-10
40 9 2.631200e-10
40 10 4.186400e-10
40 11 6.627800e-10
40 12 1.050270e-09
40 13 1.662730e-09
40 14 2.639570e-09
40 15 4.177890e-09
40 16 6.627030e-09
40 17 1.050310e-08
40 18 1.664760e-08
40 19 2.636620e-08
40 20 4.181040e-08
40 21 6.624960e-08
40 22 1.050200e-07
40 23 1.668180e-07
40 24 2.695620e-07
40 25 4.560390e-07
40 26 8.502360e-07
40 27 1.898360e-06
40 28 5.063590e-06
40 29 1.519980e-05
40 30 4.883830e-05
40 31 1.547770e-04
40 32 4.646690e-04
40 33 1.371690e-03
40 34 4.107310e-03
40 35 1.256660e-02
40 36 3.817070e-02
40 37 1.096320e-01
40 38 2.825130e-01
40 39 6.225530e-01
40 40 1.086020e+00
