1 5.790460e+04
2 5.166290e+04
3 4.601920e+04
4 4.099470e+04
5 3.655850e+04
6 3.258370e+04
7 2.903890e+04
8 2.587170e+04
9 2.306550e+04
10 2.055280e+04
11 1.831340e+04
12 1.632660e+04
13 1.454840e+04
14 1.296800e+04
15 1.155530e+04
16 1.030030e+04
17 9.180250e+03
18 8.179520e+03
19 7.292510e+03
20 6.498210e+03
21 5.790930e+03
22 5.162750e+03
23 4.600070e+03
24 4.099210e+03
25 3.653140e+03
26 3.256870e+03
27 2.902010e+03
28 2.586040e+03
29 2.305820e+03
30 2.054720e+03
31 1.830320e+03
32 1.632100e+03
33 1.456080e+03
34 1.299000e+03
35 1.156360e+03
36 1.031820e+03
37 9.224020e+02
38 8.249110e+02
39 7.334040e+02
40 6.514290e+02
