1 5.789630e+04
2 5.165560e+04
3 4.601290e+04
4 4.098930e+04
5 3.655380e+04
6 3.257960e+04
7 2.903550e+04
8 2.586880e+04
9 2.306320e+04
10 2.055090e+04
11 1.831190e+04
12 1.632550e+04
13 1.454760e+04
14 1.296750e+04
15 1.155500e+04
16 1.030010e+04
17 9.180110e+03
18 8.179350e+03
19 7.292260e+03
20 6.497840e+03
21 5.790490e+03
22 5.162360e+03
23 4.599850e+03
24 4.099190e+03
25 3.653200e+03
26 3.256880e+03
27 2.902060e+03
28 2.586200e+03
29 2.305660e+03
30 2.054430e+03
31 1.830970e+03
32 1.632950e+03
33 1.455940e+03
34 1.298270e+03
35 1.156960e+03
36 1.032260e+03
37 9.223290e+02
38 8.245390e+02
39 7.332490e+02
40 6.518790e+02
