1 1 1.179530e-01
1 2 4.364530e-02
1 3 5.704740e-02
1 4 6.890000e-02
1 5 8.722680e-02
1 6 1.091080e-01
1 7 1.355930e-01
1 8 1.688480e-01
1 9 2.081540e-01
1 10 2.575130e-01
1 11 3.151800e-01
1 12 3.835360e-01
1 13 4.622920e-01
1 14 5.525100e-01
1 15 6.492840e-01
1 16 7.515260e-01
1 17 8.502240e-01
1 18 9.358580e-01
1 19 9.944490e-01
1 20 1.013180e+00
1 21 9.761080e-01
1 22 8.783020e-01
1 23 7.248020e-01
1 24 5.367620e-01
1 25 3.471650e-01
1 26 1.894750e-01
1 27 8.363920e-02
1 28 2.832940e-02
1 29 6.899510e-03
1 30 1.114790e-03
1 31 1.081750e-04
1 32 6.049790e-06
1 33 3.618860e-07
1 34 0.000000e+00
1 35 0.000000e+00
1 36 0.000000e+00
1 37 0.000000e+00
1 38 0.000000e+00
1 39 0.000000e+00
1 40 0.000000e+00
2 1 9.334020e-02
2 2 3.825870e-02
2 3 5.106130e-02
2 4 6.167620e-02
2 5 7.808210e-02
2 6 9.767130e-02
2 7 1.213810e-01
2 8 1.511530e-01
2 9 1.863450e-01
2 10 2.305410e-01
2 11 2.821780e-01
2 12 3.433920e-01
2 13 4.139150e-01
2 14 4.947590e-01
2 15 5.814770e-01
2 16 6.731190e-01
2 17 7.616170e-01
2 18 8.384950e-01
2 19 8.912130e-01
2 20 9.082850e-01
2 21 8.754090e-01
2 22 7.880760e-01
2 23 6.507120e-01
2 24 4.822640e-01
2 25 3.122230e-01
2 26 1.706090e-01
2 27 7.542150e-02
2 28 2.559310e-02
2 29 6.247330e-03
2 30 1.012190e-03
2 31 9.855810e-05
2 32 5.532940e-06
2 33 3.319450e-07
2 34 0.000000e+00
2 35 0.000000e+00
2 36 0.000000e+00
2 37 0.000000e+00
2 38 0.000000e+00
2 39 0.000000e+00
2 40 0.000000e+00
3 1 7.343190e-02
3 2 3.090200e-02
3 3 4.469770e-02
3 4 5.516630e-02
3 5 6.984570e-02
3 6 8.736960e-02
3 7 1.085810e-01
3 8 1.352170e-01
3 9 1.667040e-01
3 10 2.062490e-01
3 11 2.524600e-01
3 12 3.072430e-01
3 13 3.703650e-01
3 14 4.427520e-01
3 15 5.204380e-01
3 16 6.025500e-01
3 17 6.818860e-01
3 18 7.508970e-01
3 19 7.983560e-01
3 20 8.139730e-01
3 21 7.849060e-01
3 22 7.070410e-01
3 23 5.842390e-01
3 24 4.334050e-01
3 25 2.809360e-01
3 26 1.537440e-01
3 27 6.809180e-02
3 28 2.315940e-02
3 29 5.669340e-03
3 30 9.217320e-04
3 31 9.014190e-05
3 32 5.084230e-06
3 33 3.061470e-07
3 34 0.000000e+00
3 35 0.000000e+00
3 36 0.000000e+00
3 37 0.000000e+00
3 38 0.000000e+00
3 39 0.000000e+00
3 40 0.000000e+00
4 1 5.707800e-02
4 2 2.420990e-02
4 3 3.608500e-02
4 4 4.839070e-02
4 5 6.254580e-02
4 6 7.824300e-02
4 7 9.724100e-02
4 8 1.210990e-01
4 9 1.493040e-01
4 10 1.847310e-01
4 11 2.261350e-01
4 12 2.752280e-01
4 13 3.318080e-01
4 14 3.966900e-01
4 15 4.663970e-01
4 16 5.400920e-01
4 17 6.113450e-01
4 18 6.734080e-01
4 19 7.162420e-01
4 20 7.306200e-01
4 21 7.049650e-01
4 22 6.355320e-01
4 23 5.256660e-01
4 24 3.903960e-01
4 25 2.534430e-01
4 26 1.389580e-01
4 27 6.168630e-02
4 28 2.104110e-02
4 29 5.168870e-03
4 30 8.440030e-04
4 31 8.298950e-05
4 32 4.707530e-06
4 33 2.847370e-07
4 34 0.000000e+00
4 35 0.000000e+00
4 36 0.000000e+00
4 37 0.000000e+00
4 38 0.000000e+00
4 39 0.000000e+00
4 40 0.000000e+00
5 1 4.577290e-02
5 2 1.920410e-02
5 3 2.853330e-02
5 4 3.917760e-02
5 5 5.497980e-02
5 6 7.023250e-02
5 7 8.728980e-02
5 8 1.087100e-01
5 9 1.340370e-01
5 10 1.658510e-01
5 11 2.030380e-01
5 12 2.471440e-01
5 13 2.979840e-01
5 14 3.563070e-01
5 15 4.190040e-01
5 16 4.853360e-01
5 17 5.495360e-01
5 18 6.055370e-01
5 19 6.443600e-01
5 20 6.576920e-01
5 21 6.350870e-01
5 22 5.730850e-01
5 23 4.745860e-01
5 24 3.529710e-01
5 25 2.295670e-01
5 26 1.261580e-01
5 27 5.616290e-02
5 28 1.922430e-02
5 29 4.742820e-03
5 30 7.785240e-04
5 31 7.704820e-05
5 32 4.400980e-06
5 33 2.676330e-07
5 34 0.000000e+00
5 35 0.000000e+00
5 36 0.000000e+00
5 37 0.000000e+00
5 38 0.000000e+00
5 39 0.000000e+00
5 40 0.000000e+00
6 1 3.615240e-02
6 2 1.509360e-02
6 3 2.246350e-02
6 4 3.086470e-02
6 5 4.444110e-02
6 6 6.179920e-02
6 7 7.844500e-02
6 8 9.770020e-02
6 9 1.204690e-01
6 10 1.490740e-01
6 11 1.825180e-01
6 12 2.221920e-01
6 13 2.679360e-01
6 14 3.204520e-01
6 15 3.769210e-01
6 16 4.367300e-01
6 17 4.947100e-01
6 18 5.453630e-01
6 19 5.806810e-01
6 20 5.931250e-01
6 21 5.733020e-01
6 22 5.179400e-01
6 23 4.295610e-01
6 24 3.200820e-01
6 25 2.086430e-01
6 26 1.149890e-01
6 27 5.137120e-02
6 28 1.766070e-02
6 29 4.380190e-03
6 30 7.236990e-04
6 31 7.218900e-05
6 32 4.161260e-06
6 33 2.545680e-07
6 34 0.000000e+00
6 35 0.000000e+00
6 36 0.000000e+00
6 37 0.000000e+00
6 38 0.000000e+00
6 39 0.000000e+00
6 40 0.000000e+00
7 1 2.764790e-02
7 2 1.150670e-02
7 3 1.732620e-02
7 4 2.403600e-02
7 5 3.479990e-02
7 6 4.982750e-02
7 7 6.914330e-02
7 8 8.798490e-02
7 9 1.084970e-01
7 10 1.342740e-01
7 11 1.644160e-01
7 12 2.001840e-01
7 13 2.414450e-01
7 14 2.888360e-01
7 15 3.398360e-01
7 16 3.939220e-01
7 17 4.464310e-01
7 18 4.924230e-01
7 19 5.247010e-01
7 20 5.364090e-01
7 21 5.191190e-01
7 22 4.696770e-01
7 23 3.902420e-01
7 24 2.914570e-01
7 25 1.905150e-01
7 26 1.053670e-01
7 27 4.727730e-02
7 28 1.633960e-02
7 29 4.078890e-03
7 30 6.792620e-04
7 31 6.841970e-05
7 32 3.998660e-06
7 33 2.455470e-07
7 34 0.000000e+00
7 35 0.000000e+00
7 36 0.000000e+00
7 37 0.000000e+00
7 38 0.000000e+00
7 39 0.000000e+00
7 40 0.000000e+00
8 1 2.145890e-02
8 2 8.935440e-03
8 3 1.346720e-02
8 4 1.873550e-02
8 5 2.719350e-02
8 6 3.900020e-02
8 7 5.564350e-02
8 8 7.766440e-02
8 9 9.794150e-02
8 10 1.212230e-01
8 11 1.484590e-01
8 12 1.807890e-01
8 13 2.181050e-01
8 14 2.609900e-01
8 15 3.071920e-01
8 16 3.562520e-01
8 17 4.039760e-01
8 18 4.459230e-01
8 19 4.755800e-01
8 20 4.867440e-01
8 21 4.717410e-01
8 22 4.275800e-01
8 23 3.560660e-01
8 24 2.666840e-01
8 25 1.749250e-01
8 26 9.715960e-02
8 27 4.382660e-02
8 28 1.524500e-02
8 29 3.835730e-03
8 30 6.448840e-04
8 31 6.571220e-05
8 32 3.897620e-06
8 33 2.407760e-07
8 34 0.000000e+00
8 35 0.000000e+00
8 36 0.000000e+00
8 37 0.000000e+00
8 38 0.000000e+00
8 39 0.000000e+00
8 40 0.000000e+00
9 1 1.739480e-02
9 2 7.096930e-03
9 3 1.051790e-02
9 4 1.452850e-02
9 5 2.117120e-02
9 6 3.049280e-02
9 7 4.358590e-02
9 8 6.256050e-02
9 9 8.676150e-02
9 10 1.098510e-01
9 11 1.345550e-01
9 12 1.638960e-01
9 13 1.977850e-01
9 14 2.367610e-01
9 15 2.788050e-01
9 16 3.235110e-01
9 17 3.671290e-01
9 18 4.056240e-01
9 19 4.330750e-01
9 20 4.438900e-01
9 21 4.309650e-01
9 22 3.914890e-01
9 23 3.269160e-01
9 24 2.456930e-01
9 25 1.618500e-01
9 26 9.036450e-02
9 27 4.102500e-02
9 28 1.438250e-02
9 29 3.653110e-03
9 30 6.211940e-04
9 31 6.415820e-05
9 32 3.861400e-06
9 33 2.407630e-07
9 34 0.000000e+00
9 35 0.000000e+00
9 36 0.000000e+00
9 37 0.000000e+00
9 38 0.000000e+00
9 39 0.000000e+00
9 40 0.000000e+00
10 1 1.345040e-02
10 2 5.480800e-03
10 3 8.158490e-03
10 4 1.129500e-02
10 5 1.645050e-02
10 6 2.372960e-02
10 7 3.398300e-02
10 8 4.882780e-02
10 9 6.971210e-02
10 10 9.755260e-02
10 11 1.223880e-01
10 12 1.491160e-01
10 13 1.800160e-01
10 14 2.155610e-01
10 15 2.540150e-01
10 16 2.949620e-01
10 17 3.350300e-01
10 18 3.705690e-01
10 19 3.961850e-01
10 20 4.067810e-01
10 21 3.958060e-01
10 22 3.605280e-01
10 23 3.020750e-01
10 24 2.279700e-01
10 25 1.509540e-01
10 26 8.481270e-02
10 27 3.880370e-02
10 28 1.373200e-02
10 29 3.527520e-03
10 30 6.079950e-04
10 31 6.380720e-05
10 32 3.906620e-06
10 33 2.460740e-07
10 34 0.000000e+00
10 35 0.000000e+00
10 36 0.000000e+00
10 37 0.000000e+00
10 38 0.000000e+00
10 39 0.000000e+00
10 40 0.000000e+00
11 1 1.020880e-02
11 2 4.159270e-03
11 3 6.177540e-03
11 4 8.533960e-03
11 5 1.244080e-02
11 6 1.807210e-02
11 7 2.609720e-02
11 8 3.771770e-02
11 9 5.405610e-02
11 10 7.811870e-02
11 11 1.090730e-01
11 12 1.363610e-01
11 13 1.646870e-01
11 14 1.973130e-01
11 15 2.326690e-01
11 16 2.704200e-01
11 17 3.074820e-01
11 18 3.405690e-01
11 19 3.647080e-01
11 20 3.752280e-01
11 21 3.660750e-01
11 22 3.345390e-01
11 23 2.814450e-01
11 24 2.134620e-01
11 25 1.422190e-01
11 26 8.051330e-02
11 27 3.717820e-02
11 28 1.330440e-02
11 29 3.463870e-03
11 30 6.066500e-04
11 31 6.488110e-05
11 32 4.053090e-06
11 33 2.583150e-07
11 34 0.000000e+00
11 35 0.000000e+00
11 36 0.000000e+00
11 37 0.000000e+00
11 38 0.000000e+00
11 39 0.000000e+00
11 40 0.000000e+00
12 1 8.197200e-03
12 2 3.334270e-03
12 3 4.930940e-03
12 4 6.759650e-03
12 5 9.736860e-03
12 6 1.391450e-02
12 7 1.997000e-02
12 8 2.900610e-02
12 9 4.178100e-02
12 10 6.053040e-02
12 11 8.730100e-02
12 12 1.221550e-01
12 13 1.515850e-01
12 14 1.817620e-01
12 15 2.144860e-01
12 16 2.495560e-01
12 17 2.841360e-01
12 18 3.152430e-01
12 19 3.382650e-01
12 20 3.488790e-01
12 21 3.414920e-01
12 22 3.133170e-01
12 23 2.648850e-01
12 24 2.021330e-01
12 25 1.356670e-01
12 26 7.750340e-02
12 27 3.618280e-02
12 28 1.312010e-02
12 29 3.469860e-03
12 30 6.190450e-04
12 31 6.765310e-05
12 32 4.321700e-06
12 33 2.788690e-07
12 34 0.000000e+00
12 35 0.000000e+00
12 36 0.000000e+00
12 37 0.000000e+00
12 38 0.000000e+00
12 39 0.000000e+00
12 40 0.000000e+00
13 1 5.913670e-03
13 2 2.407930e-03
13 3 3.562260e-03
13 4 4.879130e-03
13 5 7.032920e-03
13 6 1.012500e-02
13 7 1.464680e-02
13 8 2.146940e-02
13 9 3.137260e-02
13 10 4.598250e-02
13 11 6.682600e-02
13 12 9.720560e-02
13 13 1.365410e-01
13 14 1.687160e-01
13 15 1.992970e-01
13 16 2.321580e-01
13 17 2.647380e-01
13 18 2.942880e-01
13 19 3.165480e-01
13 20 3.274210e-01
13 21 3.216950e-01
13 22 2.965270e-01
13 23 2.521300e-01
13 24 1.937580e-01
13 25 1.311720e-01
13 26 7.572690e-02
13 27 3.580730e-02
13 28 1.318500e-02
13 29 3.551500e-03
13 30 6.475200e-04
13 31 7.258950e-05
13 32 4.746920e-06
13 33 3.117520e-07
13 34 0.000000e+00
13 35 0.000000e+00
13 36 0.000000e+00
13 37 0.000000e+00
13 38 0.000000e+00
13 39 0.000000e+00
13 40 0.000000e+00
14 1 4.882040e-03
14 2 1.986520e-03
14 3 2.937430e-03
14 4 4.021870e-03
14 5 5.780900e-03
14 6 8.253520e-03
14 7 1.178220e-02
14 8 1.694650e-02
14 9 2.428660e-02
14 10 3.539440e-02
14 11 5.138700e-02
14 12 7.465780e-02
14 13 1.086030e-01
14 14 1.529100e-01
14 15 1.865710e-01
14 16 2.176730e-01
14 17 2.487000e-01
14 18 2.771290e-01
14 19 2.990030e-01
14 20 3.104080e-01
14 21 3.063680e-01
14 22 2.840290e-01
14 23 2.432030e-01
14 24 1.885080e-01
14 25 1.289560e-01
14 26 7.538450e-02
14 27 3.618520e-02
14 28 1.356410e-02
14 29 3.730760e-03
14 30 6.969130e-04
14 31 8.032960e-05
14 32 5.379290e-06
14 33 3.590830e-07
14 34 0.000000e+00
14 35 0.000000e+00
14 36 0.000000e+00
14 37 0.000000e+00
14 38 0.000000e+00
14 39 0.000000e+00
14 40 0.000000e+00
15 1 3.704350e-03
15 2 1.507680e-03
15 3 2.230000e-03
15 4 3.053520e-03
15 5 4.388660e-03
15 6 6.258830e-03
15 7 8.912190e-03
15 8 1.282680e-02
15 9 1.846810e-02
15 10 2.692460e-02
15 11 3.907620e-02
15 12 5.679630e-02
15 13 8.270240e-02
15 14 1.212140e-01
15 15 1.705520e-01
15 16 2.062820e-01
15 17 2.362350e-01
15 18 2.639810e-01
15 19 2.858150e-01
15 20 2.980000e-01
15 21 2.956640e-01
15 22 2.759250e-01
15 23 2.381820e-01
15 24 1.864430e-01
15 25 1.290820e-01
15 26 7.655010e-02
15 27 3.738250e-02
15 28 1.430250e-02
15 29 4.029250e-03
15 30 7.739670e-04
15 31 9.212850e-05
15 32 6.364790e-06
15 33 4.311010e-07
15 34 0.000000e+00
15 35 0.000000e+00
15 36 0.000000e+00
15 37 0.000000e+00
15 38 0.000000e+00
15 39 0.000000e+00
15 40 0.000000e+00
16 1 2.717870e-03
16 2 1.106900e-03
16 3 1.637650e-03
16 4 2.243200e-03
16 5 3.225580e-03
16 6 4.601860e-03
16 7 6.549150e-03
16 8 9.406400e-03
16 9 1.351970e-02
16 10 1.973800e-02
16 11 2.884620e-02
16 12 4.230290e-02
16 13 6.198260e-02
16 14 9.127620e-02
16 15 1.345800e-01
16 16 1.906300e-01
16 17 2.273770e-01
16 18 2.549180e-01
16 19 2.771060e-01
16 20 2.903580e-01
16 21 2.898050e-01
16 22 2.725090e-01
16 23 2.374130e-01
16 24 1.879420e-01
16 25 1.319020e-01
16 26 7.951690e-02
16 27 3.959640e-02
16 28 1.550560e-02
16 29 4.489040e-03
16 30 8.901530e-04
16 31 1.099260e-04
16 32 7.877680e-06
16 33 5.415820e-07
16 34 0.000000e+00
16 35 0.000000e+00
16 36 0.000000e+00
16 37 0.000000e+00
16 38 0.000000e+00
16 39 0.000000e+00
16 40 0.000000e+00
17 1 2.090040e-03
17 2 8.510770e-04
17 3 1.259110e-03
17 4 1.724780e-03
17 5 2.480130e-03
17 6 3.538380e-03
17 7 5.035890e-03
17 8 7.223190e-03
17 9 1.033790e-02
17 10 1.499700e-02
17 11 2.176510e-02
17 12 3.175220e-02
17 13 4.641320e-02
17 14 6.828970e-02
17 15 1.006900e-01
17 16 1.496910e-01
17 17 2.123770e-01
17 18 2.493700e-01
17 19 2.723710e-01
17 20 2.870800e-01
17 21 2.885960e-01
17 22 2.737690e-01
17 23 2.411080e-01
17 24 1.933860e-01
17 25 1.378810e-01
17 26 8.470740e-02
17 27 4.313130e-02
17 28 1.733920e-02
17 29 5.175840e-03
17 30 1.063150e-03
17 31 1.366890e-04
17 32 1.010700e-05
17 33 7.092750e-07
17 34 0.000000e+00
17 35 0.000000e+00
17 36 0.000000e+00
17 37 0.000000e+00
17 38 0.000000e+00
17 39 0.000000e+00
17 40 0.000000e+00
18 1 1.497350e-03
18 2 6.102390e-04
18 3 9.031830e-04
18 4 1.237680e-03
18 5 1.780600e-03
18 6 2.542060e-03
18 7 3.620460e-03
18 8 5.194450e-03
18 9 7.431330e-03
18 10 1.077620e-02
18 11 1.565410e-02
18 12 2.292140e-02
18 13 3.371620e-02
18 14 4.990460e-02
18 15 7.396210e-02
18 16 1.104880e-01
18 17 1.659070e-01
18 18 2.365850e-01
18 19 2.724670e-01
18 20 2.890620e-01
18 21 2.929120e-01
18 22 2.805600e-01
18 23 2.500760e-01
18 24 2.035170e-01
18 25 1.476740e-01
18 26 9.265040e-02
18 27 4.836960e-02
18 28 2.002470e-02
18 29 6.187480e-03
18 30 1.322850e-03
18 31 1.781110e-04
18 32 1.370010e-05
18 33 9.805970e-07
18 34 0.000000e+00
18 35 0.000000e+00
18 36 0.000000e+00
18 37 0.000000e+00
18 38 0.000000e+00
18 39 0.000000e+00
18 40 0.000000e+00
19 1 1.005160e-03
19 2 4.103010e-04
19 3 6.075710e-04
19 4 8.332550e-04
19 5 1.199890e-03
19 6 1.714950e-03
19 7 2.445900e-03
19 8 3.515070e-03
19 9 5.034630e-03
19 10 7.305370e-03
19 11 1.062600e-02
19 12 1.561870e-02
19 13 2.317910e-02
19 14 3.484060e-02
19 15 5.244790e-02
19 16 7.928710e-02
19 17 1.203220e-01
19 18 1.835680e-01
19 19 2.635920e-01
19 20 2.973510e-01
19 21 3.039360e-01
19 22 2.941700e-01
19 23 2.656170e-01
19 24 2.196030e-01
19 25 1.624220e-01
19 26 1.042740e-01
19 27 5.595980e-02
19 28 2.393650e-02
19 29 7.688660e-03
19 30 1.720490e-03
19 31 2.443610e-04
19 32 1.983880e-05
19 33 1.326760e-06
19 34 6.224570e-07
19 35 8.894900e-08
19 36 0.000000e+00
19 37 0.000000e+00
19 38 0.000000e+00
19 39 0.000000e+00
19 40 0.000000e+00
20 1 7.316720e-04
20 2 2.986460e-04
20 3 4.423040e-04
20 4 6.065760e-04
20 5 8.735330e-04
20 6 1.248720e-03
20 7 1.781340e-03
20 8 2.560550e-03
20 9 3.668700e-03
20 10 5.320230e-03
20 11 7.714720e-03
20 12 1.126990e-02
20 13 1.657150e-02
20 14 2.461760e-02
20 15 3.692670e-02
20 16 5.613930e-02
20 17 8.569350e-02
20 18 1.315280e-01
20 19 2.028870e-01
20 20 2.925820e-01
20 21 3.209410e-01
20 22 3.145980e-01
20 23 2.883670e-01
20 24 2.428680e-01
20 25 1.836620e-01
20 26 1.210790e-01
20 27 6.704760e-02
20 28 2.975270e-02
20 29 9.972660e-03
20 30 2.343780e-03
20 31 3.519640e-04
20 32 3.022320e-05
20 33 1.796380e-06
20 34 6.056800e-07
20 35 4.820250e-08
20 36 0.000000e+00
20 37 0.000000e+00
20 38 0.000000e+00
20 39 0.000000e+00
20 40 0.000000e+00
21 1 4.997060e-04
21 2 2.040920e-04
21 3 3.023610e-04
21 4 4.149130e-04
21 5 5.978810e-04
21 6 8.552610e-04
21 7 1.221230e-03
21 8 1.757550e-03
21 9 2.521740e-03
21 10 3.663580e-03
21 11 5.323720e-03
21 12 7.794150e-03
21 13 1.149290e-02
21 14 1.715910e-02
21 15 2.577810e-02
21 16 3.911190e-02
21 17 5.978120e-02
21 18 9.215280e-02
21 19 1.430520e-01
21 20 2.237640e-01
21 21 3.237200e-01
21 22 3.444600e-01
21 23 3.210990e-01
21 24 2.759270e-01
21 25 2.138130e-01
21 26 1.451270e-01
21 27 8.319190e-02
21 28 3.845000e-02
21 29 1.351290e-02
21 30 3.355260e-03
21 31 5.366350e-04
21 32 4.936530e-05
21 33 2.891550e-06
21 34 8.745010e-07
21 35 5.723220e-09
21 36 0.000000e+00
21 37 0.000000e+00
21 38 0.000000e+00
21 39 0.000000e+00
21 40 0.000000e+00
22 1 3.168800e-04
22 2 1.296200e-04
22 3 1.921630e-04
22 4 2.638890e-04
22 5 3.806420e-04
22 6 5.451920e-04
22 7 7.796360e-04
22 8 1.124160e-03
22 9 1.616740e-03
22 10 2.355350e-03
22 11 3.434340e-03
22 12 5.047250e-03
22 13 7.473360e-03
22 14 1.120970e-02
22 15 1.694490e-02
22 16 2.592050e-02
22 17 3.998360e-02
22 18 6.226870e-02
22 19 9.776760e-02
22 20 1.548480e-01
22 21 2.462580e-01
22 22 3.582240e-01
22 23 3.673670e-01
22 24 3.225950e-01
22 25 2.565920e-01
22 26 1.797340e-01
22 27 1.069910e-01
22 28 5.171090e-02
22 29 1.915560e-02
22 30 5.057650e-03
22 31 8.686590e-04
22 32 8.660790e-05
22 33 4.961150e-06
22 34 5.389850e-07
22 35 5.023960e-09
22 36 0.000000e+00
22 37 0.000000e+00
22 38 0.000000e+00
22 39 0.000000e+00
22 40 0.000000e+00
23 1 1.840510e-04
23 2 7.550860e-05
23 3 1.120390e-04
23 4 1.540370e-04
23 5 2.224770e-04
23 6 3.191900e-04
23 7 4.574260e-04
23 8 6.612560e-04
23 9 9.540410e-04
23 10 1.395410e-03
23 11 2.044340e-03
23 12 3.021690e-03
23 13 4.502650e-03
23 14 6.799080e-03
23 15 1.036210e-02
23 16 1.603620e-02
23 17 2.512080e-02
23 18 3.981350e-02
23 19 6.364280e-02
23 20 1.026690e-01
23 21 1.664510e-01
23 22 2.705640e-01
23 23 3.959650e-01
23 24 3.888680e-01
23 25 3.179110e-01
23 26 2.302750e-01
23 27 1.427390e-01
23 28 7.242190e-02
23 29 2.842260e-02
23 30 8.033570e-03
23 31 1.494860e-03
23 32 1.635760e-04
23 33 9.662210e-06
23 34 5.057790e-07
23 35 6.732000e-09
23 36 2.095500e-10
23 37 0.000000e+00
23 38 0.000000e+00
23 39 0.000000e+00
23 40 0.000000e+00
24 1 1.032650e-04
24 2 4.263370e-05
24 3 6.331060e-05
24 4 8.712870e-05
24 5 1.260200e-04
24 6 1.811070e-04
24 7 2.600980e-04
24 8 3.770030e-04
24 9 5.456600e-04
24 10 8.011950e-04
24 11 1.179440e-03
24 12 1.753440e-03
24 13 2.630950e-03
24 14 4.003690e-03
24 15 6.152810e-03
24 16 9.609540e-03
24 17 1.521130e-02
24 18 2.441500e-02
24 19 3.964720e-02
24 20 6.511160e-02
24 21 1.076720e-01
24 22 1.788600e-01
24 23 2.967700e-01
24 24 4.357960e-01
24 25 4.066100e-01
24 26 3.054090e-01
24 27 1.979100e-01
24 28 1.058830e-01
24 29 4.426760e-02
24 30 1.347960e-02
24 31 2.735920e-03
24 32 3.310360e-04
24 33 2.102650e-05
24 34 7.138620e-07
24 35 1.945360e-08
24 36 7.337300e-10
24 37 0.000000e+00
24 38 0.000000e+00
24 39 0.000000e+00
24 40 0.000000e+00
25 1 5.275300e-05
25 2 2.189300e-05
25 3 3.254970e-05
25 4 4.485960e-05
25 5 6.498950e-05
25 6 9.359720e-05
25 7 1.347630e-04
25 8 1.959680e-04
25 9 2.847980e-04
25 10 4.202700e-04
25 11 6.224300e-04
25 12 9.321130e-04
25 13 1.410880e-03
25 14 2.169560e-03
25 15 3.374180e-03
25 16 5.340270e-03
25 17 8.579740e-03
25 18 1.400100e-02
25 19 2.316210e-02
25 20 3.885450e-02
25 21 6.578740e-02
25 22 1.121650e-01
25 23 1.914480e-01
25 24 3.249370e-01
25 25 4.783080e-01
25 26 4.198780e-01
25 27 2.851130e-01
25 28 1.615290e-01
25 29 7.231750e-02
25 30 2.388200e-02
25 31 5.333650e-03
25 32 7.214660e-04
25 33 5.158190e-05
25 34 1.830770e-06
25 35 5.907240e-08
25 36 2.094810e-09
25 37 0.000000e+00
25 38 0.000000e+00
25 39 0.000000e+00
25 40 0.000000e+00
26 1 2.231020e-05
26 2 9.438340e-06
26 3 1.404160e-05
26 4 1.936710e-05
26 5 2.808860e-05
26 6 4.051200e-05
26 7 5.843690e-05
26 8 8.518050e-05
26 9 1.241800e-04
26 10 1.840040e-04
26 11 2.740200e-04
26 12 4.133560e-04
26 13 6.316570e-04
26 14 9.834080e-04
26 15 1.553870e-03
26 16 2.508340e-03
26 17 4.126890e-03
26 18 6.922600e-03
26 19 1.180960e-02
26 20 2.049080e-02
26 21 3.600110e-02
26 22 6.390400e-02
26 23 1.139190e-01
26 24 2.023880e-01
26 25 3.550540e-01
26 26 5.257140e-01
26 27 4.289790e-01
26 28 2.572770e-01
26 29 1.236020e-01
26 30 4.448680e-02
26 31 1.102990e-02
26 32 1.692850e-03
26 33 1.407340e-04
26 34 5.667930e-06
26 35 1.923730e-07
26 36 6.785670e-09
26 37 0.000000e+00
26 38 0.000000e+00
26 39 0.000000e+00
26 40 0.000000e+00
27 1 8.895810e-06
27 2 3.947730e-06
27 3 5.884290e-06
27 4 8.134410e-06
27 5 1.182830e-05
27 6 1.711390e-05
27 7 2.478680e-05
27 8 3.630820e-05
27 9 5.324370e-05
27 10 7.945560e-05
27 11 1.193240e-04
27 12 1.817920e-04
27 13 2.810360e-04
27 14 4.434000e-04
27 15 7.114280e-04
27 16 1.168830e-03
27 17 1.962690e-03
27 18 3.369850e-03
27 19 5.894660e-03
27 20 1.049190e-02
27 21 1.891340e-02
27 22 3.454200e-02
27 23 6.370300e-02
27 24 1.177000e-01
27 25 2.157110e-01
27 26 3.873370e-01
27 27 5.711920e-01
27 28 4.280910e-01
27 29 2.222120e-01
27 30 8.786840e-02
27 31 2.435570e-02
27 32 4.258470e-03
27 33 4.115190e-04
27 34 1.894860e-05
27 35 5.867700e-07
27 36 2.064990e-08
27 37 0.000000e+00
27 38 0.000000e+00
27 39 0.000000e+00
27 40 0.000000e+00
28 1 2.529840e-06
28 2 1.306640e-06
28 3 1.979690e-06
28 4 2.753590e-06
28 5 4.015430e-06
28 6 5.827070e-06
28 7 8.468420e-06
28 8 1.245780e-05
28 9 1.836500e-05
28 10 2.758660e-05
28 11 4.176370e-05
28 12 6.425980e-05
28 13 1.005510e-04
28 14 1.610270e-04
28 15 2.631210e-04
28 16 4.420320e-04
28 17 7.626210e-04
28 18 1.353400e-03
28 19 2.463910e-03
28 20 4.583220e-03
28 21 8.636350e-03
28 22 1.644200e-02
28 23 3.165240e-02
28 24 6.148980e-02
28 25 1.193200e-01
28 26 2.279150e-01
28 27 4.218630e-01
28 28 6.194050e-01
28 29 4.189880e-01
28 30 1.824430e-01
28 31 5.692170e-02
28 32 1.147680e-02
28 33 1.313130e-03
28 34 7.246260e-05
28 35 2.040280e-06
28 36 6.671520e-08
28 37 0.000000e+00
28 38 0.000000e+00
28 39 0.000000e+00
28 40 0.000000e+00
29 1 4.847210e-07
29 2 2.774720e-07
29 3 4.590520e-07
29 4 7.004610e-07
29 5 1.096220e-06
29 6 1.654260e-06
29 7 2.436260e-06
29 8 3.581690e-06
29 9 5.265020e-06
29 10 7.884650e-06
29 11 1.190690e-05
29 12 1.829640e-05
29 13 2.865290e-05
29 14 4.607920e-05
29 15 7.597890e-05
29 16 1.296200e-04
29 17 2.288990e-04
29 18 4.197630e-04
29 19 7.989220e-04
29 20 1.577950e-03
29 21 3.210000e-03
29 22 6.612060e-03
29 23 1.356170e-02
29 24 2.782170e-02
29 25 5.728280e-02
29 26 1.178270e-01
29 27 2.374860e-01
29 28 4.577890e-01
29 29 6.703970e-01
29 30 4.005960e-01
29 31 1.406760e-01
29 32 3.289280e-02
29 33 4.516460e-03
29 34 3.104080e-04
29 35 9.166760e-06
29 36 2.268780e-07
29 37 6.952300e-10
29 38 0.000000e+00
29 39 0.000000e+00
29 40 0.000000e+00
30 1 7.891090e-08
30 2 4.517140e-08
30 3 7.473570e-08
30 4 1.143250e-07
30 5 1.831860e-07
30 6 2.910100e-07
30 7 4.591960e-07
30 8 7.178860e-07
30 9 1.105950e-06
30 10 1.719190e-06
30 11 2.677320e-06
30 12 4.228130e-06
30 13 6.804160e-06
30 14 1.127980e-05
30 15 1.924180e-05
30 16 3.409640e-05
30 17 6.284010e-05
30 18 1.209300e-04
30 19 2.431100e-04
30 20 5.105350e-04
30 21 1.100870e-03
30 22 2.394800e-03
30 23 5.213120e-03
30 24 1.135010e-02
30 25 2.479550e-02
30 26 5.454670e-02
30 27 1.189740e-01
30 28 2.505260e-01
30 29 4.956430e-01
30 30 7.147250e-01
30 31 3.710740e-01
30 32 1.011550e-01
30 33 1.674530e-02
30 34 1.438440e-03
30 35 5.282590e-05
30 36 9.862090e-07
30 37 2.632390e-08
30 38 0.000000e+00
30 39 0.000000e+00
30 40 0.000000e+00
31 1 1.253640e-08
31 2 7.176270e-09
31 3 1.187310e-08
31 4 1.816260e-08
31 5 2.910230e-08
31 6 4.623200e-08
31 7 7.311850e-08
31 8 1.162040e-07
31 9 1.834140e-07
31 10 2.918230e-07
31 11 4.620550e-07
31 12 7.381040e-07
31 13 1.201350e-06
31 14 2.007590e-06
31 15 3.472630e-06
31 16 6.286960e-06
31 17 1.191680e-05
31 18 2.372640e-05
31 19 4.970800e-05
31 20 1.099200e-04
31 21 2.553640e-04
31 22 6.149520e-04
31 23 1.494240e-03
31 24 3.621040e-03
31 25 8.726580e-03
31 26 2.084390e-02
31 27 4.985590e-02
31 28 1.172620e-01
31 29 2.618920e-01
31 30 5.365310e-01
31 31 7.577460e-01
31 32 3.320270e-01
31 33 6.667670e-02
31 34 7.277220e-03
31 35 3.540340e-04
31 36 6.533380e-06
31 37 2.478260e-07
31 38 0.000000e+00
31 39 0.000000e+00
31 40 0.000000e+00
32 1 2.169950e-09
32 2 1.242160e-09
32 3 2.055140e-09
32 4 3.143800e-09
32 5 5.037380e-09
32 6 8.002400e-09
32 7 1.265630e-08
32 8 2.011400e-08
32 9 3.174760e-08
32 10 5.051240e-08
32 11 7.996950e-08
32 12 1.267230e-07
32 13 2.006200e-07
32 14 3.184840e-07
32 15 5.086780e-07
32 16 8.542890e-07
32 17 1.568400e-06
32 18 3.175110e-06
32 19 6.980940e-06
32 20 1.655190e-05
32 21 4.190550e-05
32 22 1.126250e-04
32 23 3.151930e-04
32 24 8.864070e-04
32 25 2.433490e-03
32 26 6.400270e-03
32 27 1.678830e-02
32 28 4.431960e-02
32 29 1.138830e-01
32 30 2.720570e-01
32 31 5.785960e-01
32 32 7.967080e-01
32 33 2.861580e-01
32 34 3.968210e-02
32 35 2.614310e-03
32 36 6.402780e-05
32 37 1.298970e-06
32 38 0.000000e+00
32 39 0.000000e+00
32 40 0.000000e+00
33 1 4.368200e-10
33 2 2.500500e-10
33 3 4.137100e-10
33 4 6.328600e-10
33 5 1.014050e-09
33 6 1.610930e-09
33 7 2.547780e-09
33 8 4.049060e-09
33 9 6.390970e-09
33 10 1.016840e-08
33 11 1.609830e-08
33 12 2.551010e-08
33 13 4.038600e-08
33 14 6.411240e-08
33 15 1.014770e-07
33 16 1.609640e-07
33 17 2.559150e-07
33 18 4.262470e-07
33 19 7.904970e-07
33 20 1.750270e-06
33 21 4.607530e-06
33 22 1.373920e-05
33 23 4.435010e-05
33 24 1.491240e-04
33 25 4.939330e-04
33 26 1.493290e-03
33 27 4.350050e-03
33 28 1.286660e-02
33 29 3.830500e-02
33 30 1.092240e-01
33 31 2.814700e-01
33 32 6.218200e-01
33 33 8.291500e-01
33 34 2.365350e-01
33 35 2.095480e-02
33 36 7.482650e-04
33 37 8.616690e-06
33 38 5.129910e-08
33 39 0.000000e+00
33 40 0.000000e+00
34 1 1.620700e-10
34 2 9.277600e-11
34 3 1.535000e-10
34 4 2.348100e-10
34 5 3.762400e-10
34 6 5.977000e-10
34 7 9.452900e-10
34 8 1.502310e-09
34 9 2.371210e-09
34 10 3.772750e-09
34 11 5.972890e-09
34 12 9.464890e-09
34 13 1.498430e-08
34 14 2.378740e-08
34 15 3.765050e-08
34 16 5.972180e-08
34 17 9.465240e-08
34 18 1.500260e-07
34 19 2.376080e-07
34 20 3.769140e-07
34 21 6.246880e-07
34 22 1.256390e-06
34 23 3.542030e-06
34 24 1.290440e-05
34 25 5.195900e-05
34 26 2.081830e-04
34 27 7.463150e-04
34 28 2.582790e-03
34 29 9.104410e-03
34 30 3.180160e-02
34 31 1.032460e-01
34 32 2.904950e-01
34 33 6.668410e-01
34 34 8.530860e-01
34 35 1.867510e-01
34 36 9.629840e-03
34 37 1.637340e-04
34 38 7.895440e-07
34 39 0.000000e+00
34 40 0.000000e+00
35 1 5.347200e-11
35 2 3.060900e-11
35 3 5.064300e-11
35 4 7.747000e-11
35 5 1.241300e-10
35 6 1.972000e-10
35 7 3.118800e-10
35 8 4.956500e-10
35 9 7.823200e-10
35 10 1.244730e-09
35 11 1.970610e-09
35 12 3.122710e-09
35 13 4.943690e-09
35 14 7.848070e-09
35 15 1.242190e-08
35 16 1.970380e-08
35 17 3.122830e-08
35 18 4.949740e-08
35 19 7.839300e-08
35 20 1.243120e-07
35 21 1.969760e-07
35 22 3.123390e-07
35 23 5.050740e-07
35 24 9.495320e-07
35 25 2.806760e-06
35 26 1.155690e-05
35 27 5.167130e-05
35 28 2.443170e-04
35 29 1.187890e-03
35 30 5.665120e-03
35 31 2.504900e-02
35 32 9.616990e-02
35 33 2.992900e-01
35 34 7.123490e-01
35 35 8.675930e-01
35 36 1.408740e-01
35 37 3.752460e-03
35 38 2.594070e-05
35 39 5.973690e-08
35 40 0.000000e+00
36 1 2.808400e-11
36 2 1.607600e-11
36 3 2.659800e-11
36 4 4.068800e-11
36 5 6.519600e-11
36 6 1.035700e-10
36 7 1.638000e-10
36 8 2.603200e-10
36 9 4.108900e-10
36 10 6.537500e-10
36 11 1.035000e-09
36 12 1.640100e-09
36 13 2.596510e-09
36 14 4.121930e-09
36 15 6.524170e-09
36 16 1.034870e-08
36 17 1.640160e-08
36 18 2.599680e-08
36 19 4.117320e-08
36 20 6.529080e-08
36 21 1.034550e-07
36 22 1.639980e-07
36 23 2.599190e-07
36 24 4.119290e-07
36 25 6.637340e-07
36 26 1.290720e-06
36 27 4.207320e-06
36 28 1.984250e-05
36 29 1.073440e-04
36 30 6.202150e-04
36 31 3.600220e-03
36 32 1.932970e-02
36 33 8.754040e-02
36 34 3.045390e-01
36 35 7.567110e-01
36 36 8.747970e-01
36 37 1.017290e-01
36 38 1.199470e-03
36 39 3.320190e-06
36 40 0.000000e+00
37 1 1.405700e-11
37 2 8.046800e-12
37 3 1.331300e-11
37 4 2.036600e-11
37 5 3.263200e-11
37 6 5.184000e-11
37 7 8.198800e-11
37 8 1.303000e-10
37 9 2.056600e-10
37 10 3.272200e-10
37 11 5.180500e-10
37 12 8.209200e-10
37 13 1.299630e-09
37 14 2.063150e-09
37 15 3.265540e-09
37 16 5.179850e-09
37 17 8.209480e-09
37 18 1.301220e-08
37 19 2.060840e-08
37 20 3.268000e-08
37 21 5.178230e-08
37 22 8.208600e-08
37 23 1.300970e-07
37 24 2.061640e-07
37 25 3.267670e-07
37 26 5.205660e-07
37 27 9.120150e-07
37 28 2.168690e-06
37 29 8.495110e-06
37 30 4.847100e-05
37 31 3.188720e-04
37 32 2.211030e-03
37 33 1.446100e-02
37 34 7.834220e-02
37 35 3.082440e-01
37 36 8.005570e-01
37 37 8.736530e-01
37 38 7.041170e-02
37 39 3.042060e-04
37 40 5.362640e-07
38 1 6.709100e-12
38 2 3.840600e-12
38 3 6.354200e-12
38 4 9.720100e-12
38 5 1.557500e-11
38 6 2.474200e-11
38 7 3.913100e-11
38 8 6.218900e-11
38 9 9.815800e-11
38 10 1.561800e-10
38 11 2.472500e-10
38 12 3.918100e-10
38 13 6.202900e-10
38 14 9.847000e-10
38 15 1.558580e-09
38 16 2.472240e-09
38 17 3.918220e-09
38 18 6.210450e-09
38 19 9.835990e-09
38 20 1.559750e-08
38 21 2.471470e-08
38 22 3.917800e-08
38 23 6.209260e-08
38 24 9.839810e-08
38 25 1.559590e-07
38 26 2.471770e-07
38 27 3.923810e-07
38 28 6.706630e-07
38 29 1.522200e-06
38 30 5.179410e-06
38 31 2.608840e-05
38 32 1.730680e-04
38 33 1.339660e-03
38 34 1.051400e-02
38 35 6.897520e-02
38 36 3.106480e-01
38 37 8.432600e-01
38 38 8.651790e-01
38 39 4.707570e-02
38 40 5.954070e-05
39 1 2.949100e-12
39 2 1.688200e-12
39 3 2.793100e-12
39 4 4.272700e-12
39 5 6.846200e-12
39 6 1.087600e-11
39 7 1.720100e-11
39 8 2.733600e-11
39 9 4.314700e-11
39 10 6.865000e-11
39 11 1.086800e-10
39 12 1.722300e-10
39 13 2.726600e-10
39 14 4.328400e-10
39 15 6.851000e-10
39 16 1.086720e-09
39 17 1.722320e-09
39 18 2.729920e-09
39 19 4.323580e-09
39 20 6.856160e-09
39 21 1.086380e-08
39 22 1.722140e-08
39 23 2.729390e-08
39 24 4.325260e-08
39 25 6.855460e-08
39 26 1.086510e-07
39 27 1.721990e-07
39 28 2.729430e-07
39 29 4.429550e-07
39 30 8.359370e-07
39 31 2.315620e-06
39 32 1.112590e-05
39 33 8.175360e-05
39 34 7.524800e-04
39 35 7.311450e-03
39 36 5.968030e-02
39 37 3.124330e-01
39 38 8.844230e-01
39 39 8.508200e-01
39 40 3.064860e-02
40 1 2.514100e-12
40 2 1.439100e-12
40 3 2.381000e-12
40 4 3.642300e-12
40 5 5.836200e-12
40 6 9.271400e-12
40 7 1.466300e-11
40 8 2.330400e-11
40 9 3.678200e-11
40 10 5.852300e-11
40 11 9.265100e-11
40 12 1.468200e-10
40 13 2.324400e-10
40 14 3.689900e-10
40 15 5.840300e-10
40 16 9.264000e-10
40 17 1.468240e-09
40 18 2.327190e-09
40 19 3.685760e-09
40 20 5.844720e-09
40 21 9.261120e-09
40 22 1.468090e-08
40 23 2.326750e-08
40 24 3.687190e-08
40 25 5.844130e-08
40 26 9.262270e-08
40 27 1.467960e-07
40 28 2.326550e-07
40 29 3.687310e-07
40 30 5.843320e-07
40 31 9.248380e-07
40 32 1.486600e-06
40 33 3.313510e-06
40 34 2.183260e-05
40 35 2.971330e-04
40 36 4.371030e-03
40 37 4.968800e-02
40 38 3.147270e-01
40 39 9.252780e-01
40 40 8.508920e-01
