1 1 6.783010e-02
1 2 2.513010e-02
1 3 3.296360e-02
1 4 3.995510e-02
1 5 5.080900e-02
1 6 6.391540e-02
1 7 7.999710e-02
1 8 1.005130e-01
1 9 1.253150e-01
1 10 1.572470e-01
1 11 1.959330e-01
1 12 2.438400e-01
1 13 3.023370e-01
1 14 3.744690e-01
1 15 4.602980e-01
1 16 5.637490e-01
1 17 6.847270e-01
1 18 8.240420e-01
1 19 9.795580e-01
1 20 1.148930e+00
1 21 1.321920e+00
1 22 1.486740e+00
1 23 1.623880e+00
1 24 1.709680e+00
1 25 1.719520e+00
1 26 1.631600e+00
1 27 1.439650e+00
1 28 1.159550e+00
1 29 8.329890e-01
1 30 5.185010e-01
1 31 2.697770e-01
1 32 1.121880e-01
1 33 3.528250e-02
1 34 7.834160e-03
1 35 1.128230e-03
1 36 9.492780e-05
1 37 4.626380e-06
1 38 0.000000e+00
1 39 0.000000e+00
1 40 0.000000e+00
2 1 5.383920e-02
2 2 2.191110e-02
2 3 2.942540e-02
2 4 3.568790e-02
2 5 4.538260e-02
2 6 5.708940e-02
2 7 7.145360e-02
2 8 8.977880e-02
2 9 1.119320e-01
2 10 1.404550e-01
2 11 1.750100e-01
2 12 2.178050e-01
2 13 2.700550e-01
2 14 3.344840e-01
2 15 4.111570e-01
2 16 5.035620e-01
2 17 6.116620e-01
2 18 7.361280e-01
2 19 8.750630e-01
2 20 1.026390e+00
2 21 1.180970e+00
2 22 1.328280e+00
2 23 1.450800e+00
2 24 1.527700e+00
2 25 1.536650e+00
2 26 1.458300e+00
2 27 1.286950e+00
2 28 1.036800e+00
2 29 7.450170e-01
2 30 4.639050e-01
2 31 2.414770e-01
2 32 1.004740e-01
2 33 3.161960e-02
2 34 7.026080e-03
2 35 1.012920e-03
2 36 8.534430e-05
2 37 4.164550e-06
2 38 0.000000e+00
2 39 0.000000e+00
2 40 0.000000e+00
3 1 4.245050e-02
3 2 1.778870e-02
3 3 2.562900e-02
3 4 3.182150e-02
3 5 4.048220e-02
3 6 5.092500e-02
3 7 6.373840e-02
3 8 8.008490e-02
3 9 9.984690e-02
3 10 1.252910e-01
3 11 1.561160e-01
3 12 1.942930e-01
3 13 2.409040e-01
3 14 2.983790e-01
3 15 3.667810e-01
3 16 4.492160e-01
3 17 5.456750e-01
3 18 6.567440e-01
3 19 7.807110e-01
3 20 9.157490e-01
3 21 1.053720e+00
3 22 1.185220e+00
3 23 1.294610e+00
3 24 1.363430e+00
3 25 1.371610e+00
3 26 1.301900e+00
3 27 1.149190e+00
3 28 9.260760e-01
3 29 6.656920e-01
3 30 4.146960e-01
3 31 2.159820e-01
3 32 8.992820e-02
3 33 2.832380e-02
3 34 6.300070e-03
3 35 9.094550e-04
3 36 7.675700e-05
3 37 3.786310e-06
3 38 0.000000e+00
3 39 0.000000e+00
3 40 0.000000e+00
4 1 3.308860e-02
4 2 1.398230e-02
4 3 2.078790e-02
4 4 2.777040e-02
4 5 3.611630e-02
4 6 4.544550e-02
4 7 5.688020e-02
4 8 7.146820e-02
4 9 8.910440e-02
4 10 1.118110e-01
4 11 1.393220e-01
4 12 1.733920e-01
4 13 2.149920e-01
4 14 2.662910e-01
4 15 3.273360e-01
4 16 4.009160e-01
4 17 4.870120e-01
4 18 5.861890e-01
4 19 6.968590e-01
4 20 8.174210e-01
4 21 9.406430e-01
4 22 1.058110e+00
4 23 1.155900e+00
4 24 1.217520e+00
4 25 1.225020e+00
4 26 1.163020e+00
4 27 1.026890e+00
4 28 8.278150e-01
4 29 5.953260e-01
4 30 3.710680e-01
4 31 1.933950e-01
4 32 8.059230e-02
4 33 2.540870e-02
4 34 5.659250e-03
4 35 8.182980e-04
4 36 6.920410e-05
4 37 3.500460e-06
4 38 0.000000e+00
4 39 0.000000e+00
4 40 0.000000e+00
5 1 2.660780e-02
5 2 1.112190e-02
5 3 1.649660e-02
5 4 2.258510e-02
5 5 3.158160e-02
5 6 4.060940e-02
5 7 5.083670e-02
5 8 6.387490e-02
5 9 7.963770e-02
5 10 9.993260e-02
5 11 1.245220e-01
5 12 1.549750e-01
5 13 1.921590e-01
5 14 2.380150e-01
5 15 2.925830e-01
5 16 3.583600e-01
5 17 4.353260e-01
5 18 5.240140e-01
5 19 6.229860e-01
5 20 7.308070e-01
5 21 8.410310e-01
5 22 9.461540e-01
5 23 1.033760e+00
5 24 1.089050e+00
5 25 1.095990e+00
5 26 1.040810e+00
5 27 9.192850e-01
5 28 7.413960e-01
5 29 5.334720e-01
5 30 3.327450e-01
5 31 1.735710e-01
5 32 7.240650e-02
5 33 2.285680e-02
5 34 5.099310e-03
5 35 7.388070e-04
5 36 6.265040e-05
5 37 3.221310e-06
5 38 0.000000e+00
5 39 0.000000e+00
5 40 0.000000e+00
6 1 2.109940e-02
6 2 8.775780e-03
6 3 1.303370e-02
6 4 1.786870e-02
6 5 2.564160e-02
6 6 3.552910e-02
6 7 4.542950e-02
6 8 5.708830e-02
6 9 7.117660e-02
6 10 8.931620e-02
6 11 1.112940e-01
6 12 1.385140e-01
6 13 1.717530e-01
6 14 2.127440e-01
6 15 2.615270e-01
6 16 3.203320e-01
6 17 3.891440e-01
6 18 4.684420e-01
6 19 5.569790e-01
6 20 6.534310e-01
6 21 7.520460e-01
6 22 8.461770e-01
6 23 9.246990e-01
6 24 9.743600e-01
6 25 9.808450e-01
6 26 9.317840e-01
6 27 8.233200e-01
6 28 6.643590e-01
6 29 4.783730e-01
6 30 2.986380e-01
6 31 1.559480e-01
6 32 6.513910e-02
6 33 2.059640e-02
6 34 4.604510e-03
6 35 6.687590e-04
6 36 5.691140e-05
6 37 2.935450e-06
6 38 0.000000e+00
6 39 0.000000e+00
6 40 0.000000e+00
7 1 1.622920e-02
7 2 6.726760e-03
7 3 1.010560e-02
7 4 1.398170e-02
7 5 2.018300e-02
7 6 2.877940e-02
7 7 3.978650e-02
7 8 5.105090e-02
7 9 6.365530e-02
7 10 7.987870e-02
7 11 9.953610e-02
7 12 1.238820e-01
7 13 1.536140e-01
7 14 1.902810e-01
7 15 2.339220e-01
7 16 2.865300e-01
7 17 3.481030e-01
7 18 4.190570e-01
7 19 4.983230e-01
7 20 5.846750e-01
7 21 6.730150e-01
7 22 7.573830e-01
7 23 8.278300e-01
7 24 8.725200e-01
7 25 8.786360e-01
7 26 8.350670e-01
7 27 7.382600e-01
7 28 5.961040e-01
7 29 4.295920e-01
7 30 2.684780e-01
7 31 1.403850e-01
7 32 5.873440e-02
7 33 1.860960e-02
7 34 4.170780e-03
7 35 6.076180e-04
7 36 5.191160e-05
7 37 2.687980e-06
7 38 0.000000e+00
7 39 0.000000e+00
7 40 0.000000e+00
8 1 1.267640e-02
8 2 5.255850e-03
8 3 7.903540e-03
8 4 1.096520e-02
8 5 1.586320e-02
8 6 2.266420e-02
8 7 3.217670e-02
8 8 4.473010e-02
8 9 5.695880e-02
8 10 7.148050e-02
8 11 8.907260e-02
8 12 1.108620e-01
8 13 1.374730e-01
8 14 1.702930e-01
8 15 2.093580e-01
8 16 2.564590e-01
8 17 3.115890e-01
8 18 3.751300e-01
8 19 4.461390e-01
8 20 5.235310e-01
8 21 6.027450e-01
8 22 6.784370e-01
8 23 7.417340e-01
8 24 7.820390e-01
8 25 7.878610e-01
8 26 7.492160e-01
8 27 6.628180e-01
8 28 5.356300e-01
8 29 3.864110e-01
8 30 2.418190e-01
8 31 1.266550e-01
8 32 5.309830e-02
8 33 1.686690e-02
8 34 3.791930e-03
8 35 5.545400e-04
8 36 4.760600e-05
8 37 2.476770e-06
8 38 0.000000e+00
8 39 0.000000e+00
8 40 0.000000e+00
9 1 1.035260e-02
9 2 4.207210e-03
9 3 6.222230e-03
9 4 8.571190e-03
9 5 1.244680e-02
9 6 1.785210e-02
9 7 2.539220e-02
9 8 3.622770e-02
9 9 5.002040e-02
9 10 6.407570e-02
9 11 7.984980e-02
9 12 9.938600e-02
9 13 1.232460e-01
9 14 1.526760e-01
9 15 1.877100e-01
9 16 2.299590e-01
9 17 2.794150e-01
9 18 3.364320e-01
9 19 4.001600e-01
9 20 4.696850e-01
9 21 5.408720e-01
9 22 6.089340e-01
9 23 6.659740e-01
9 24 7.024660e-01
9 25 7.080700e-01
9 26 6.738060e-01
9 27 5.966260e-01
9 28 4.826550e-01
9 29 3.486290e-01
9 30 2.185430e-01
9 31 1.147000e-01
9 32 4.820870e-02
9 33 1.536180e-02
9 34 3.466850e-03
9 35 5.094110e-04
9 36 4.399290e-05
9 37 2.301900e-06
9 38 0.000000e+00
9 39 0.000000e+00
9 40 0.000000e+00
10 1 8.086550e-03
10 2 3.281470e-03
10 3 4.872910e-03
10 4 6.726530e-03
10 5 9.762780e-03
10 6 1.402400e-02
10 7 1.998170e-02
10 8 2.853500e-02
10 9 4.043940e-02
10 10 5.630750e-02
10 11 7.164440e-02
10 12 8.917750e-02
10 13 1.105910e-01
10 14 1.370070e-01
10 15 1.684580e-01
10 16 2.063900e-01
10 17 2.508050e-01
10 18 3.020240e-01
10 19 3.592930e-01
10 20 4.218230e-01
10 21 4.858850e-01
10 22 5.472140e-01
10 23 5.987160e-01
10 24 6.318520e-01
10 25 6.373350e-01
10 26 6.070030e-01
10 27 5.380490e-01
10 28 4.358520e-01
10 29 3.153270e-01
10 30 1.980710e-01
10 31 1.042220e-01
10 32 4.394230e-02
10 33 1.405670e-02
10 34 3.187360e-03
10 35 4.710840e-04
10 36 4.097300e-05
10 37 2.159030e-06
10 38 0.000000e+00
10 39 0.000000e+00
10 40 0.000000e+00
11 1 6.220230e-03
11 2 2.523120e-03
11 3 3.738260e-03
11 4 5.148300e-03
11 5 7.476880e-03
11 6 1.081150e-02
11 7 1.552830e-02
11 8 2.229940e-02
11 9 3.171440e-02
11 10 4.541050e-02
11 11 6.303220e-02
11 12 8.015780e-02
11 13 9.941100e-02
11 14 1.231650e-01
11 15 1.514510e-01
11 16 1.855720e-01
11 17 2.255380e-01
11 18 2.716430e-01
11 19 3.232260e-01
11 20 3.795750e-01
11 21 4.373790e-01
11 22 4.928000e-01
11 23 5.394480e-01
11 24 5.696610e-01
11 25 5.751090e-01
11 26 5.483030e-01
11 27 4.866580e-01
11 28 3.948670e-01
11 29 2.862620e-01
11 30 1.802610e-01
11 31 9.515050e-02
11 32 4.027310e-02
11 33 1.294450e-02
11 34 2.952290e-03
11 35 4.394660e-04
11 36 3.856650e-05
11 37 2.049030e-06
11 38 0.000000e+00
11 39 0.000000e+00
11 40 0.000000e+00
12 1 5.068730e-03
12 2 2.053150e-03
12 3 3.029480e-03
12 4 4.141040e-03
12 5 5.943600e-03
12 6 8.456020e-03
12 7 1.206790e-02
12 8 1.740770e-02
12 9 2.487150e-02
12 10 3.568690e-02
12 11 5.088330e-02
12 12 7.071010e-02
12 13 8.959610e-02
12 14 1.110140e-01
12 15 1.365240e-01
12 16 1.673040e-01
12 17 2.033680e-01
12 18 2.449930e-01
12 19 2.915980e-01
12 20 3.425460e-01
12 21 3.948850e-01
12 22 4.451690e-01
12 23 4.876060e-01
12 24 5.153230e-01
12 25 5.207990e-01
12 26 4.971710e-01
12 27 4.419960e-01
12 28 3.593450e-01
12 29 2.611870e-01
12 30 1.649740e-01
12 31 8.741950e-02
12 32 3.717720e-02
12 33 1.201920e-02
12 34 2.760750e-03
12 35 4.144980e-04
12 36 3.678290e-05
12 37 1.972760e-06
12 38 0.000000e+00
12 39 0.000000e+00
12 40 0.000000e+00
13 1 3.744160e-03
13 2 1.517210e-03
13 3 2.238530e-03
13 4 3.056080e-03
13 5 4.386870e-03
13 6 6.283130e-03
13 7 9.031670e-03
13 8 1.313810e-02
13 9 1.902630e-02
13 10 2.759630e-02
13 11 3.961820e-02
13 12 5.680960e-02
13 13 7.913620e-02
13 14 1.003030e-01
13 15 1.233670e-01
13 16 1.512060e-01
13 17 1.838340e-01
13 18 2.215230e-01
13 19 2.637480e-01
13 20 3.099570e-01
13 21 3.575020e-01
13 22 4.032930e-01
13 23 4.420870e-01
13 24 4.676790e-01
13 25 4.732490e-01
13 26 4.524940e-01
13 27 4.030690e-01
13 28 3.285050e-01
13 29 2.395110e-01
13 30 1.518560e-01
13 31 8.084530e-02
13 32 3.458110e-02
13 33 1.125890e-02
13 34 2.608450e-03
13 35 3.957210e-04
13 36 3.556570e-05
13 37 1.930890e-06
13 38 0.000000e+00
13 39 0.000000e+00
13 40 0.000000e+00
14 1 3.151570e-03
14 2 1.276830e-03
14 3 1.883460e-03
14 4 2.570560e-03
14 5 3.681010e-03
14 6 5.230900e-03
14 7 7.423400e-03
14 8 1.060280e-02
14 9 1.506530e-02
14 10 2.172500e-02
14 11 3.114400e-02
14 12 4.457570e-02
14 13 6.373080e-02
14 14 8.887580e-02
14 15 1.118560e-01
14 16 1.371240e-01
14 17 1.667550e-01
14 18 2.010100e-01
14 19 2.394250e-01
14 20 2.815180e-01
14 21 3.249040e-01
14 22 3.668220e-01
14 23 4.025230e-01
14 24 4.263440e-01
14 25 4.321190e-01
14 26 4.139840e-01
14 27 3.696640e-01
14 28 3.022100e-01
14 29 2.211750e-01
14 30 1.408910e-01
14 31 7.543800e-02
14 32 3.249670e-02
14 33 1.067070e-02
14 34 2.497740e-03
14 35 3.835990e-04
14 36 3.497920e-05
14 37 1.926330e-06
14 38 0.000000e+00
14 39 0.000000e+00
14 40 0.000000e+00
15 1 2.464720e-03
15 2 9.984960e-04
15 3 1.472950e-03
15 4 2.010330e-03
15 5 2.877870e-03
15 6 4.083810e-03
15 7 5.779680e-03
15 8 8.254760e-03
15 9 1.177660e-02
15 10 1.698070e-02
15 11 2.432500e-02
15 12 3.482210e-02
15 13 4.978330e-02
15 14 7.143980e-02
15 15 9.941780e-02
15 16 1.248440e-01
15 17 1.518730e-01
15 18 1.831390e-01
15 19 2.182470e-01
15 20 2.567790e-01
15 21 2.965960e-01
15 22 3.351900e-01
15 23 3.682620e-01
15 24 3.906420e-01
15 25 3.966910e-01
15 26 3.809630e-01
15 27 3.412000e-01
15 28 2.799760e-01
15 29 2.058350e-01
15 30 1.318670e-01
15 31 7.109420e-02
15 32 3.088560e-02
15 33 1.024560e-02
15 34 2.427790e-03
15 35 3.783310e-04
15 36 3.509560e-05
15 37 1.965040e-06
15 38 0.000000e+00
15 39 0.000000e+00
15 40 0.000000e+00
16 1 1.883000e-03
16 2 7.629680e-04
16 3 1.125550e-03
16 4 1.536370e-03
16 5 2.199430e-03
16 6 3.120950e-03
16 7 4.412010e-03
16 8 6.284810e-03
16 9 8.943480e-03
16 10 1.290180e-02
16 11 1.858900e-02
16 12 2.680890e-02
16 13 3.853250e-02
16 14 5.547340e-02
16 15 7.969920e-02
16 16 1.114270e-01
16 17 1.390870e-01
16 18 1.678030e-01
16 19 2.000840e-01
16 20 2.355870e-01
16 21 2.723920e-01
16 22 3.082040e-01
16 23 3.391260e-01
16 24 3.603840e-01
16 25 3.667880e-01
16 26 3.532820e-01
16 27 3.175550e-01
16 28 2.617380e-01
16 29 1.934870e-01
16 30 1.247950e-01
16 31 6.783830e-02
16 32 2.976880e-02
16 33 9.995290e-03
16 34 2.402990e-03
16 35 3.809500e-04
16 36 3.605690e-05
16 37 2.058590e-06
16 38 0.000000e+00
16 39 0.000000e+00
16 40 0.000000e+00
17 1 1.511990e-03
17 2 6.127410e-04
17 3 9.039330e-04
17 4 1.233700e-03
17 5 1.766090e-03
17 6 2.505590e-03
17 7 3.541710e-03
17 8 5.037940e-03
17 9 7.136810e-03
17 10 1.022670e-02
17 11 1.462680e-02
17 12 2.096830e-02
17 13 3.002890e-02
17 14 4.314550e-02
17 15 6.189280e-02
17 16 8.921510e-02
17 17 1.246980e-01
17 18 1.546400e-01
17 19 1.845310e-01
17 20 2.174640e-01
17 21 2.517430e-01
17 22 2.852550e-01
17 23 3.144640e-01
17 24 3.349200e-01
17 25 3.417990e-01
17 26 3.304130e-01
17 27 2.982930e-01
17 28 2.471960e-01
17 29 1.839550e-01
17 30 1.196080e-01
17 31 6.566330e-02
17 32 2.915950e-02
17 33 9.930950e-03
17 34 2.428110e-03
17 35 3.926250e-04
17 36 3.802340e-05
17 37 2.218760e-06
17 38 0.000000e+00
17 39 0.000000e+00
17 40 0.000000e+00
18 1 1.151580e-03
18 2 4.667730e-04
18 3 6.886550e-04
18 4 9.400420e-04
18 5 1.345790e-03
18 6 1.909590e-03
18 7 2.699220e-03
18 8 3.837130e-03
18 9 5.428330e-03
18 10 7.765560e-03
18 11 1.110000e-02
18 12 1.594740e-02
18 13 2.294150e-02
18 14 3.308920e-02
18 15 4.760660e-02
18 16 6.875040e-02
18 17 9.949960e-02
18 18 1.394570e-01
18 19 1.714820e-01
18 20 2.023280e-01
18 21 2.345250e-01
18 22 2.662090e-01
18 23 2.941070e-01
18 24 3.140910e-01
18 25 3.215940e-01
18 26 3.121850e-01
18 27 2.833020e-01
18 28 2.362670e-01
18 29 1.772050e-01
18 30 1.163150e-01
18 31 6.459650e-02
18 32 2.908620e-02
18 33 1.007160e-02
18 34 2.511160e-03
18 35 4.154850e-04
18 36 4.129300e-05
18 37 2.472530e-06
18 38 0.000000e+00
18 39 0.000000e+00
18 40 0.000000e+00
19 1 8.372640e-04
19 2 3.394840e-04
19 3 5.009040e-04
19 4 6.838620e-04
19 5 9.792950e-04
19 6 1.390040e-03
19 7 1.965650e-03
19 8 2.795190e-03
19 9 3.952720e-03
19 10 5.647800e-03
19 11 8.065340e-03
19 12 1.160250e-02
19 13 1.679790e-02
19 14 2.454240e-02
19 15 3.575990e-02
19 16 5.210400e-02
19 17 7.587620e-02
19 18 1.107570e-01
19 19 1.558670e-01
19 20 1.901830e-01
19 21 2.208100e-01
19 22 2.511550e-01
19 23 2.781740e-01
19 24 2.980220e-01
19 25 3.062980e-01
19 26 2.987820e-01
19 27 2.727660e-01
19 28 2.291600e-01
19 29 1.734290e-01
19 30 1.150960e-01
19 31 6.477220e-02
19 32 2.963570e-02
19 33 1.046000e-02
19 34 2.667640e-03
19 35 4.532660e-04
19 36 4.643450e-05
19 37 2.865460e-06
19 38 0.000000e+00
19 39 0.000000e+00
19 40 0.000000e+00
20 1 6.676420e-04
20 2 2.707200e-04
20 3 3.994210e-04
20 4 5.452380e-04
20 5 7.806700e-04
20 6 1.107810e-03
20 7 1.566240e-03
20 8 2.226960e-03
20 9 3.147890e-03
20 10 4.490660e-03
20 11 6.384480e-03
20 12 9.110320e-03
20 13 1.303260e-02
20 14 1.874990e-02
20 15 2.711140e-02
20 16 3.954660e-02
20 17 5.766050e-02
20 18 8.423840e-02
20 19 1.234230e-01
20 20 1.741260e-01
20 21 2.097850e-01
20 22 2.392260e-01
20 23 2.657840e-01
20 24 2.858470e-01
20 25 2.951760e-01
20 26 2.895980e-01
20 27 2.663090e-01
20 28 2.257240e-01
20 29 1.726720e-01
20 30 1.160960e-01
20 31 6.635700e-02
20 32 3.092900e-02
20 33 1.115780e-02
20 34 2.918970e-03
20 35 5.107770e-04
20 36 5.410800e-05
20 37 3.443230e-06
20 38 0.000000e+00
20 39 0.000000e+00
20 40 0.000000e+00
21 1 5.109540e-04
21 2 2.071870e-04
21 3 3.056750e-04
21 4 4.172710e-04
21 5 5.974870e-04
21 6 8.479500e-04
21 7 1.198910e-03
21 8 1.704770e-03
21 9 2.410090e-03
21 10 3.438500e-03
21 11 4.888700e-03
21 12 6.973160e-03
21 13 9.972490e-03
21 14 1.437250e-02
21 15 2.073610e-02
21 16 3.004640e-02
21 17 4.362470e-02
21 18 6.361330e-02
21 19 9.313720e-02
21 20 1.373580e-01
21 21 1.941510e-01
21 22 2.308010e-01
21 23 2.573510e-01
21 24 2.780200e-01
21 25 2.886880e-01
21 26 2.851170e-01
21 27 2.644020e-01
21 28 2.264000e-01
21 29 1.753410e-01
21 30 1.196570e-01
21 31 6.962060e-02
21 32 3.313970e-02
21 33 1.225600e-02
21 34 3.300070e-03
21 35 5.970210e-04
21 36 6.568830e-05
21 37 4.326390e-06
21 38 3.030190e-07
21 39 0.000000e+00
21 40 0.000000e+00
22 1 3.761110e-04
22 2 1.525680e-04
22 3 2.251170e-04
22 4 3.073420e-04
22 5 4.400950e-04
22 6 6.246570e-04
22 7 8.833490e-04
22 8 1.256260e-03
22 9 1.776550e-03
22 10 2.535670e-03
22 11 3.606550e-03
22 12 5.145220e-03
22 13 7.356140e-03
22 14 1.059630e-02
22 15 1.529900e-02
22 16 2.221740e-02
22 17 3.233460e-02
22 18 4.725790e-02
22 19 6.937000e-02
22 20 1.025500e-01
22 21 1.524760e-01
22 22 2.164460e-01
22 23 2.531200e-01
22 24 2.748410e-01
22 25 2.871810e-01
22 26 2.857950e-01
22 27 2.675330e-01
22 28 2.317290e-01
22 29 1.819890e-01
22 30 1.262940e-01
22 31 7.497350e-02
22 32 3.654280e-02
22 33 1.389790e-02
22 34 3.866260e-03
22 35 7.263260e-04
22 36 8.343630e-05
22 37 5.671090e-06
22 38 5.247460e-07
22 39 0.000000e+00
22 40 0.000000e+00
23 1 2.639070e-04
23 2 1.072240e-04
23 3 1.582400e-04
23 4 2.160850e-04
23 5 3.095140e-04
23 6 4.394740e-04
23 7 6.217030e-04
23 8 8.845710e-04
23 9 1.251610e-03
23 10 1.787600e-03
23 11 2.544660e-03
23 12 3.633840e-03
23 13 5.198340e-03
23 14 7.485350e-03
23 15 1.080720e-02
23 16 1.574690e-02
23 17 2.309130e-02
23 18 3.406280e-02
23 19 5.040140e-02
23 20 7.501020e-02
23 21 1.121950e-01
23 22 1.689340e-01
23 23 2.411850e-01
23 24 2.765880e-01
23 25 2.910200e-01
23 26 2.920970e-01
23 27 2.762670e-01
23 28 2.423910e-01
23 29 1.933360e-01
23 30 1.367020e-01
23 31 8.298910e-02
23 32 4.153890e-02
23 33 1.630010e-02
23 34 4.704290e-03
23 35 9.222790e-04
23 36 1.112830e-04
23 37 7.755540e-06
23 38 7.061880e-07
23 39 0.000000e+00
23 40 0.000000e+00
24 1 1.874750e-04
24 2 7.631810e-05
24 3 1.126300e-04
24 4 1.538140e-04
24 5 2.203470e-04
24 6 3.129010e-04
24 7 4.427740e-04
24 8 6.301750e-04
24 9 8.919520e-04
24 10 1.274580e-03
24 11 1.815480e-03
24 12 2.594410e-03
24 13 3.714580e-03
24 14 5.350830e-03
24 15 7.720510e-03
24 16 1.123460e-02
24 17 1.645650e-02
24 18 2.429600e-02
24 19 3.608680e-02
24 20 5.394500e-02
24 21 8.107060e-02
24 22 1.227200e-01
24 23 1.869710e-01
24 24 2.681930e-01
24 25 3.005220e-01
24 26 3.045780e-01
24 27 2.915010e-01
24 28 2.594770e-01
24 29 2.106300e-01
24 30 1.521040e-01
24 31 9.469010e-02
24 32 4.883150e-02
24 33 1.984240e-02
24 34 5.965360e-03
24 35 1.226000e-03
24 36 1.561580e-04
24 37 1.127520e-05
24 38 9.301260e-07
24 39 4.544990e-07
24 40 0.000000e+00
25 1 1.286150e-04
25 2 5.241290e-05
25 3 7.736380e-05
25 4 1.056670e-04
25 5 1.514070e-04
25 6 2.150670e-04
25 7 3.044110e-04
25 8 4.334360e-04
25 9 6.138280e-04
25 10 8.776580e-04
25 11 1.251140e-03
25 12 1.789840e-03
25 13 2.565830e-03
25 14 3.701530e-03
25 15 5.347600e-03
25 16 7.788010e-03
25 17 1.142270e-02
25 18 1.689740e-02
25 19 2.518100e-02
25 20 3.783550e-02
25 21 5.718970e-02
25 22 8.713240e-02
25 23 1.337240e-01
25 24 2.065830e-01
25 25 2.978490e-01
25 26 3.246620e-01
25 27 3.148710e-01
25 28 2.847550e-01
25 29 2.356750e-01
25 30 1.742050e-01
25 31 1.115170e-01
25 32 5.944230e-02
25 33 2.511210e-02
25 34 7.900410e-03
25 35 1.711560e-03
25 36 2.316210e-04
25 37 1.753600e-05
25 38 1.284360e-06
25 39 3.924910e-07
25 40 0.000000e+00
26 1 7.844530e-05
26 2 3.201120e-05
26 3 4.726680e-05
26 4 6.458410e-05
26 5 9.258090e-05
26 6 1.315830e-04
26 7 1.863820e-04
26 8 2.656140e-04
26 9 3.765820e-04
26 10 5.391980e-04
26 11 7.699690e-04
26 12 1.103800e-03
26 13 1.586490e-03
26 14 2.296110e-03
26 15 3.330050e-03
26 16 4.868390e-03
26 17 7.163190e-03
26 18 1.065130e-02
26 19 1.602500e-02
26 20 2.445540e-02
26 21 3.774160e-02
26 22 5.875630e-02
26 23 9.187790e-02
26 24 1.443800e-01
26 25 2.278970e-01
26 26 3.314320e-01
26 27 3.498260e-01
26 28 3.216500e-01
26 29 2.715990e-01
26 30 2.057320e-01
26 31 1.356600e-01
26 32 7.493620e-02
26 33 3.303840e-02
26 34 1.093490e-02
26 35 2.516070e-03
26 36 3.655350e-04
26 37 2.989200e-05
26 38 1.898270e-06
26 39 3.150620e-07
26 40 0.000000e+00
27 1 5.144070e-05
27 2 2.104560e-05
27 3 3.107520e-05
27 4 4.246930e-05
27 5 6.089160e-05
27 6 8.656000e-05
27 7 1.226570e-04
27 8 1.748770e-04
27 9 2.480430e-04
27 10 3.553950e-04
27 11 5.079080e-04
27 12 7.288100e-04
27 13 1.048870e-03
27 14 1.520420e-03
27 15 2.209290e-03
27 16 3.238030e-03
27 17 4.777040e-03
27 18 7.110650e-03
27 19 1.069000e-02
27 20 1.628710e-02
27 21 2.511050e-02
27 22 3.920310e-02
27 23 6.178700e-02
27 24 9.805180e-02
27 25 1.565690e-01
27 26 2.509120e-01
27 27 3.660890e-01
27 28 3.720430e-01
27 29 3.215700e-01
27 30 2.505600e-01
27 31 1.709070e-01
27 32 9.828930e-02
27 33 4.544160e-02
27 34 1.589750e-02
27 35 3.900630e-03
27 36 6.100900e-04
27 37 5.406590e-05
27 38 3.007660e-06
27 39 1.200400e-07
27 40 0.000000e+00
28 1 2.977770e-05
28 2 1.239010e-05
28 3 1.830010e-05
28 4 2.501550e-05
28 5 3.588100e-05
28 6 5.103200e-05
28 7 7.234850e-05
28 8 1.032270e-04
28 9 1.465670e-04
28 10 2.102350e-04
28 11 3.008890e-04
28 12 4.325680e-04
28 13 6.239240e-04
28 14 9.069750e-04
28 15 1.322590e-03
28 16 1.946780e-03
28 17 2.887140e-03
28 18 4.323370e-03
28 19 6.539850e-03
28 20 1.002930e-02
28 21 1.558190e-02
28 22 2.459530e-02
28 23 3.935070e-02
28 24 6.352110e-02
28 25 1.032730e-01
28 26 1.686960e-01
28 27 2.759000e-01
28 28 4.044380e-01
28 29 3.928360e-01
28 30 3.152490e-01
28 31 2.229060e-01
28 32 1.338660e-01
28 33 6.517090e-02
28 34 2.423710e-02
28 35 6.389080e-03
28 36 1.086630e-03
28 37 1.059950e-04
28 38 5.590590e-06
28 39 1.701110e-07
28 40 1.655590e-09
29 1 1.482850e-05
29 2 6.452610e-06
29 3 9.533960e-06
29 4 1.303910e-05
29 5 1.871210e-05
29 6 2.663060e-05
29 7 3.778740e-05
29 8 5.396330e-05
29 9 7.670700e-05
29 10 1.102020e-04
29 11 1.580290e-04
29 12 2.277540e-04
29 13 3.295230e-04
29 14 4.808180e-04
29 15 7.044050e-04
29 16 1.042800e-03
29 17 1.557370e-03
29 18 2.351920e-03
29 19 3.593370e-03
29 20 5.572050e-03
29 21 8.758190e-03
29 22 1.400410e-02
29 23 2.281450e-02
29 24 3.777320e-02
29 25 6.329960e-02
29 26 1.067040e-01
29 27 1.800970e-01
29 28 3.028490e-01
29 29 4.471620e-01
29 30 4.113120e-01
29 31 3.016880e-01
29 32 1.895650e-01
29 33 9.748090e-02
29 34 3.872750e-02
29 35 1.105090e-02
29 36 2.065260e-03
29 37 2.250940e-04
29 38 1.267540e-05
29 39 4.074430e-07
29 40 7.571750e-09
30 1 7.599040e-06
30 2 3.365460e-06
30 3 4.975420e-06
30 4 6.808100e-06
30 5 9.775680e-06
30 6 1.392100e-05
30 7 1.976820e-05
30 8 2.826050e-05
30 9 4.022280e-05
30 10 5.787450e-05
30 11 8.314600e-05
30 12 1.201040e-04
30 13 1.742860e-04
30 14 2.552550e-04
30 15 3.756840e-04
30 16 5.593250e-04
30 17 8.412090e-04
30 18 1.281390e-03
30 19 1.978400e-03
30 20 3.106470e-03
30 21 4.955720e-03
30 22 8.045390e-03
30 23 1.327890e-02
30 24 2.225170e-02
30 25 3.779540e-02
30 26 6.486640e-02
30 27 1.119750e-01
30 28 1.933050e-01
30 29 3.312730e-01
30 30 4.892850e-01
30 31 4.230020e-01
30 32 2.794740e-01
30 33 1.527490e-01
30 34 6.522610e-02
30 35 2.026350e-02
30 36 4.181000e-03
30 37 5.111820e-04
30 38 3.223760e-05
30 39 1.083520e-06
30 40 2.629500e-08
31 1 2.921610e-06
31 2 1.479110e-06
31 3 2.224970e-06
31 4 3.064620e-06
31 5 4.405760e-06
31 6 6.281380e-06
31 7 8.930030e-06
31 8 1.278510e-05
31 9 1.823140e-05
31 10 2.629210e-05
31 11 3.788210e-05
31 12 5.491420e-05
31 13 8.002420e-05
31 14 1.178070e-04
31 15 1.744680e-04
31 16 2.617240e-04
31 17 3.971770e-04
31 18 6.114490e-04
31 19 9.558720e-04
31 20 1.523050e-03
31 21 2.471730e-03
31 22 4.092120e-03
31 23 6.898360e-03
31 24 1.182080e-02
31 25 2.056420e-02
31 26 3.629110e-02
31 27 6.469410e-02
31 28 1.157530e-01
31 29 2.062370e-01
31 30 3.623710e-01
31 31 5.346240e-01
31 32 4.285310e-01
31 33 2.496180e-01
31 34 1.152340e-01
31 35 3.928620e-02
31 36 9.043330e-03
31 37 1.256040e-03
31 38 9.132660e-05
31 39 3.286020e-06
31 40 1.018160e-07
32 1 9.556490e-07
32 2 5.123980e-07
32 3 7.959600e-07
32 4 1.134690e-06
32 5 1.672960e-06
32 6 2.408020e-06
32 7 3.431580e-06
32 8 4.921700e-06
32 9 7.032360e-06
32 10 1.016790e-05
32 11 1.469750e-05
32 12 2.139060e-05
32 13 3.132600e-05
32 14 4.639900e-05
32 15 6.922730e-05
32 16 1.047810e-04
32 17 1.607400e-04
32 18 2.507110e-04
32 19 3.981010e-04
32 20 6.461350e-04
32 21 1.071440e-03
32 22 1.819360e-03
32 23 3.160670e-03
32 24 5.601740e-03
32 25 1.008930e-02
32 26 1.841150e-02
32 27 3.402750e-02
32 28 6.346810e-02
32 29 1.184690e-01
32 30 2.188950e-01
32 31 3.953610e-01
32 32 5.818210e-01
32 33 4.263970e-01
32 34 2.133780e-01
32 35 8.029800e-02
32 36 2.081730e-02
32 37 3.327220e-03
32 38 2.848330e-04
32 39 1.139680e-05
32 40 3.884200e-07
33 1 2.227120e-07
33 2 1.274890e-07
33 3 2.108640e-07
33 4 3.206180e-07
33 5 5.020650e-07
33 6 7.525970e-07
33 7 1.095360e-06
33 8 1.585460e-06
33 9 2.274060e-06
33 10 3.299050e-06
33 11 4.787250e-06
33 12 6.999830e-06
33 13 1.030930e-05
33 14 1.537630e-05
33 15 2.314000e-05
33 16 3.539600e-05
33 17 5.499840e-05
33 18 8.710490e-05
33 19 1.408590e-04
33 20 2.336180e-04
33 21 3.974260e-04
33 22 6.953050e-04
33 23 1.250800e-03
33 24 2.310140e-03
33 25 4.356480e-03
33 26 8.299300e-03
33 27 1.598180e-02
33 28 3.117810e-02
33 29 6.132900e-02
33 30 1.202080e-01
33 31 2.313490e-01
33 32 4.302000e-01
33 33 6.296780e-01
33 34 4.150000e-01
33 35 1.729810e-01
33 36 5.084860e-02
33 37 9.453600e-03
33 38 9.683180e-04
33 39 4.603750e-05
33 40 1.375410e-06
34 1 3.856710e-08
34 2 2.207720e-08
34 3 3.652650e-08
34 4 5.587570e-08
34 5 8.953080e-08
34 6 1.422290e-07
34 7 2.249300e-07
34 8 3.563010e-07
34 9 5.525230e-07
34 10 8.386140e-07
34 11 1.244240e-06
34 12 1.841980e-06
34 13 2.736870e-06
34 14 4.122120e-06
34 15 6.275210e-06
34 16 9.729790e-06
34 17 1.536090e-05
34 18 2.478480e-05
34 19 4.095020e-05
34 20 6.960880e-05
34 21 1.217540e-04
34 22 2.197660e-04
34 23 4.094880e-04
34 24 7.875480e-04
34 25 1.559970e-03
34 26 3.159110e-03
34 27 6.453270e-03
34 28 1.330700e-02
34 29 2.779120e-02
34 30 5.831170e-02
34 31 1.210110e-01
34 32 2.437510e-01
34 33 4.672340e-01
34 34 6.768710e-01
34 35 3.933440e-01
34 36 1.316320e-01
34 37 2.872050e-02
34 38 3.566600e-03
34 39 2.120860e-04
34 40 5.440280e-06
35 1 5.841070e-09
35 2 3.343640e-09
35 3 5.532020e-09
35 4 8.462480e-09
35 5 1.355960e-08
35 6 2.154090e-08
35 7 3.406810e-08
35 8 5.414280e-08
35 9 8.545820e-08
35 10 1.359690e-07
35 11 2.152610e-07
35 12 3.409080e-07
35 13 5.356030e-07
35 14 8.364670e-07
35 15 1.304690e-06
35 16 2.066060e-06
35 17 3.337760e-06
35 18 5.527070e-06
35 19 9.394750e-06
35 20 1.646700e-05
35 21 2.976650e-05
35 22 5.566010e-05
35 23 1.077290e-04
35 24 2.159070e-04
35 25 4.476750e-04
35 26 9.530970e-04
35 27 2.071230e-03
35 28 4.609170e-03
35 29 1.045760e-02
35 30 2.392980e-02
35 31 5.442140e-02
35 32 1.207730e-01
35 33 2.559620e-01
35 34 5.059810e-01
35 35 7.220130e-01
35 36 3.618140e-01
35 37 9.291440e-02
35 38 1.413200e-02
35 39 1.073910e-03
35 40 3.367920e-05
36 1 8.324200e-10
36 2 4.765100e-10
36 3 7.883700e-10
36 4 1.206000e-09
36 5 1.932400e-09
36 6 3.069820e-09
36 7 4.855090e-09
36 8 7.715960e-09
36 9 1.217880e-08
36 10 1.937720e-08
36 11 3.067720e-08
36 12 4.861240e-08
36 13 7.696040e-08
36 14 1.222040e-07
36 15 1.942880e-07
36 16 3.122720e-07
36 17 5.087430e-07
36 18 8.525470e-07
36 19 1.472440e-06
36 20 2.644530e-06
36 21 4.961590e-06
36 22 9.724870e-06
36 23 1.992070e-05
36 24 4.269460e-05
36 25 9.575950e-05
36 26 2.240590e-04
36 27 5.377960e-04
36 28 1.299040e-03
36 29 3.166910e-03
36 30 7.857220e-03
36 31 1.972850e-02
36 32 4.910610e-02
36 33 1.180730e-01
36 34 2.662720e-01
36 35 5.463180e-01
36 36 7.652480e-01
36 37 3.217240e-01
36 38 5.988490e-02
36 39 5.879960e-03
36 40 2.506210e-04
37 1 1.345800e-10
37 2 7.704100e-11
37 3 1.274600e-10
37 4 1.949800e-10
37 5 3.124300e-10
37 6 4.963200e-10
37 7 7.849600e-10
37 8 1.247510e-09
37 9 1.969040e-09
37 10 3.132870e-09
37 11 4.959850e-09
37 12 7.859590e-09
37 13 1.244280e-08
37 14 1.975290e-08
37 15 3.126480e-08
37 16 4.959260e-08
37 17 7.859880e-08
37 18 1.258750e-07
37 19 2.118020e-07
37 20 3.652640e-07
37 21 6.425370e-07
37 22 1.213210e-06
37 23 2.491250e-06
37 24 5.604290e-06
37 25 1.363710e-05
37 26 3.533450e-05
37 27 9.661630e-05
37 28 2.695780e-04
37 29 7.472590e-04
37 30 2.049800e-03
37 31 5.632760e-03
37 32 1.566080e-02
37 33 4.318220e-02
37 34 1.138590e-01
37 35 2.755600e-01
37 36 5.882950e-01
37 37 8.036880e-01
37 38 2.749440e-01
37 39 3.470880e-02
37 40 2.050900e-03
38 1 4.419500e-11
38 2 2.529900e-11
38 3 4.185700e-11
38 4 6.402900e-11
38 5 1.026000e-10
38 6 1.629800e-10
38 7 2.577700e-10
38 8 4.096600e-10
38 9 6.466000e-10
38 10 1.028780e-09
38 11 1.628720e-09
38 12 2.580940e-09
38 13 4.086000e-09
38 14 6.486480e-09
38 15 1.026680e-08
38 16 1.628530e-08
38 17 2.581040e-08
38 18 4.091000e-08
38 19 6.479230e-08
38 20 1.027450e-07
38 21 1.628100e-07
38 22 2.589800e-07
38 23 4.203710e-07
38 24 7.262810e-07
38 25 1.492850e-06
38 26 3.882500e-06
38 27 1.205670e-05
38 28 4.073670e-05
38 29 1.337180e-04
38 30 4.138990e-04
38 31 1.254350e-03
38 32 3.834220e-03
38 33 1.192890e-02
38 34 3.693560e-02
38 35 1.082650e-01
38 36 2.838080e-01
38 37 6.316050e-01
38 38 8.354300e-01
38 39 2.250040e-01
38 40 1.831480e-02
39 1 1.229600e-11
39 2 7.038700e-12
39 3 1.164600e-11
39 4 1.781400e-11
39 5 2.854400e-11
39 6 4.534600e-11
39 7 7.171700e-11
39 8 1.139800e-10
39 9 1.799000e-10
39 10 2.862300e-10
39 11 4.531500e-10
39 12 7.180800e-10
39 13 1.136820e-09
39 14 1.804700e-09
39 15 2.856460e-09
39 16 4.530960e-09
39 17 7.181070e-09
39 18 1.138210e-08
39 19 1.802680e-08
39 20 2.858610e-08
39 21 4.529550e-08
39 22 7.180300e-08
39 23 1.138000e-07
39 24 1.804060e-07
39 25 2.905670e-07
39 26 5.091030e-07
39 27 1.134950e-06
39 28 3.711640e-06
39 29 1.545110e-05
39 30 6.066900e-05
39 31 2.115520e-04
39 32 7.121110e-04
39 33 2.440200e-03
39 34 8.640030e-03
39 35 3.063600e-02
39 36 1.015440e-01
39 37 2.912260e-01
39 38 6.759850e-01
39 39 8.585690e-01
39 40 1.838820e-01
40 1 5.539300e-12
40 2 3.170900e-12
40 3 5.246200e-12
40 4 8.025300e-12
40 5 1.285900e-11
40 6 2.042800e-11
40 7 3.230800e-11
40 8 5.134500e-11
40 9 8.104300e-11
40 10 1.289400e-10
40 11 2.041400e-10
40 12 3.234900e-10
40 13 5.121300e-10
40 14 8.130000e-10
40 15 1.286810e-09
40 16 2.041160e-09
40 17 3.235010e-09
40 18 5.127550e-09
40 19 8.120900e-09
40 20 1.287780e-08
40 21 2.040520e-08
40 22 3.234660e-08
40 23 5.126570e-08
40 24 8.124060e-08
40 25 1.287650e-07
40 26 2.040770e-07
40 27 3.243540e-07
40 28 5.476480e-07
40 29 1.213350e-06
40 30 4.448870e-06
40 31 1.952240e-05
40 32 7.866380e-05
40 33 3.116080e-04
40 34 1.290460e-03
40 35 5.614140e-03
40 36 2.416730e-02
40 37 9.385350e-02
40 38 2.987690e-01
40 39 7.218340e-01
40 40 1.005590e+00
