1 6.715750e-02
2 6.715740e-02
3 6.715740e-02
4 6.715740e-02
5 6.715740e-02
6 6.715740e-02
7 6.715740e-02
8 6.715740e-02
9 6.715740e-02
10 6.715740e-02
11 6.715740e-02
12 6.715740e-02
13 6.715740e-02
14 6.715740e-02
15 6.715740e-02
16 6.715740e-02
17 6.715740e-02
18 6.715740e-02
19 6.715740e-02
20 6.715740e-02
21 6.715740e-02
22 6.715740e-02
23 6.715740e-02
24 6.715740e-02
25 6.715740e-02
26 6.715740e-02
27 6.715740e-02
28 6.715740e-02
29 6.715740e-02
30 6.715740e-02
31 6.715740e-02
32 6.715740e-02
33 6.715740e-02
34 6.715740e-02
35 6.715740e-02
36 6.715740e-02
37 6.715740e-02
38 6.715740e-02
39 6.715740e-02
40 6.715740e-02
