1 5.789780e+04
2 5.165690e+04
3 4.601410e+04
4 4.099030e+04
5 3.655470e+04
6 3.258040e+04
7 2.903620e+04
8 2.586940e+04
9 2.306370e+04
10 2.055140e+04
11 1.831230e+04
12 1.632580e+04
13 1.454800e+04
14 1.296780e+04
15 1.155530e+04
16 1.030030e+04
17 9.180320e+03
18 8.179550e+03
19 7.292440e+03
20 6.498000e+03
21 5.790630e+03
22 5.162470e+03
23 4.599920e+03
24 4.099220e+03
25 3.653200e+03
26 3.256860e+03
27 2.902030e+03
28 2.586210e+03
29 2.305720e+03
30 2.054400e+03
31 1.830690e+03
32 1.632670e+03
33 1.456010e+03
34 1.298490e+03
35 1.156710e+03
36 1.032100e+03
37 9.223120e+02
38 8.247370e+02
39 7.333400e+02
40 6.516400e+02
