1 1 5.863060e-02
1 2 2.173340e-02
1 3 2.852740e-02
1 4 3.459370e-02
1 5 4.401570e-02
1 6 5.540900e-02
1 7 6.941240e-02
1 8 8.731210e-02
1 9 1.090110e-01
1 10 1.370320e-01
1 11 1.711280e-01
1 12 2.135730e-01
1 13 2.657480e-01
1 14 3.306310e-01
1 15 4.087110e-01
1 16 5.041200e-01
1 17 6.178030e-01
1 18 7.519290e-01
1 19 9.065600e-01
1 20 1.082380e+00
1 21 1.273520e+00
1 22 1.473200e+00
1 23 1.666840e+00
1 24 1.834600e+00
1 25 1.951130e+00
1 26 1.986820e+00
1 27 1.914820e+00
1 28 1.722900e+00
1 29 1.422120e+00
1 30 1.053500e+00
1 31 6.815030e-01
1 32 3.720460e-01
1 33 1.643110e-01
1 34 5.569370e-02
1 35 1.357510e-02
1 36 2.195640e-03
1 37 2.133030e-04
1 38 1.154670e-05
1 39 6.902070e-07
1 40 0.000000e+00
2 1 4.657880e-02
2 2 1.891190e-02
2 3 2.545060e-02
2 4 3.089030e-02
2 5 3.930350e-02
2 6 4.947720e-02
2 7 6.198140e-02
2 8 7.796480e-02
2 9 9.734130e-02
2 10 1.223630e-01
2 11 1.528100e-01
2 12 1.907130e-01
2 13 2.373040e-01
2 14 2.952380e-01
2 15 3.649630e-01
2 16 4.501590e-01
2 17 5.516830e-01
2 18 6.714930e-01
2 19 8.095850e-01
2 20 9.666060e-01
2 21 1.137320e+00
2 22 1.315670e+00
2 23 1.488630e+00
2 24 1.638690e+00
2 25 1.742740e+00
2 26 1.774750e+00
2 27 1.710610e+00
2 28 1.539360e+00
2 29 1.270810e+00
2 30 9.416050e-01
2 31 6.092710e-01
2 32 3.327160e-01
2 33 1.469990e-01
2 34 4.985000e-02
2 35 1.215790e-02
2 36 1.967680e-03
2 37 1.913350e-04
2 38 1.036830e-05
2 39 6.203290e-07
2 40 0.000000e+00
3 1 3.673910e-02
3 2 1.538430e-02
3 3 2.213020e-02
3 4 2.752830e-02
3 5 3.504720e-02
3 6 4.411900e-02
3 7 5.526910e-02
3 8 6.952180e-02
3 9 8.679990e-02
3 10 1.091120e-01
3 11 1.362630e-01
3 12 1.700640e-01
3 13 2.116110e-01
3 14 2.632710e-01
3 15 3.254470e-01
3 16 4.014220e-01
3 17 4.919610e-01
3 18 5.988260e-01
3 19 7.219970e-01
3 20 8.620370e-01
3 21 1.014300e+00
3 22 1.173400e+00
3 23 1.327710e+00
3 24 1.461660e+00
3 25 1.554560e+00
3 26 1.583280e+00
3 27 1.526250e+00
3 28 1.373670e+00
3 29 1.134260e+00
3 30 8.406380e-01
3 31 5.441130e-01
3 32 2.972520e-01
3 33 1.313950e-01
3 34 4.458550e-02
3 35 1.088180e-02
3 36 1.762710e-03
3 37 1.716070e-04
3 38 9.313860e-06
3 39 5.578030e-07
3 40 0.000000e+00
4 1 2.864700e-02
4 2 1.209940e-02
4 3 1.798040e-02
4 4 2.398910e-02
4 5 3.125040e-02
4 6 3.935490e-02
4 7 4.930080e-02
4 8 6.201470e-02
4 9 7.742720e-02
4 10 9.733040e-02
4 11 1.215500e-01
4 12 1.517020e-01
4 13 1.887650e-01
4 14 2.348500e-01
4 15 2.903140e-01
4 16 3.580910e-01
4 17 4.388640e-01
4 18 5.342000e-01
4 19 6.441280e-01
4 20 7.690730e-01
4 21 9.049370e-01
4 22 1.046920e+00
4 23 1.184690e+00
4 24 1.304180e+00
4 25 1.387280e+00
4 26 1.413120e+00
4 27 1.362430e+00
4 28 1.226480e+00
4 29 1.012980e+00
4 30 7.509910e-01
4 31 4.862820e-01
4 32 2.657910e-01
4 33 1.175620e-01
4 34 3.992120e-02
4 35 9.751780e-03
4 36 1.581600e-03
4 37 1.542030e-04
4 38 8.388500e-06
4 39 5.029340e-07
4 40 0.000000e+00
5 1 2.304440e-02
5 2 9.627920e-03
5 3 1.427700e-02
5 4 1.953760e-02
5 5 2.729200e-02
5 6 3.514490e-02
5 7 4.403910e-02
5 8 5.539580e-02
5 9 6.916380e-02
5 10 8.694310e-02
5 11 1.085780e-01
5 12 1.355140e-01
5 13 1.686230e-01
5 14 2.097940e-01
5 15 2.593430e-01
5 16 3.198910e-01
5 17 3.920560e-01
5 18 4.772280e-01
5 19 5.754760e-01
5 20 6.871270e-01
5 21 8.085370e-01
5 22 9.354510e-01
5 23 1.058630e+00
5 24 1.165460e+00
5 25 1.239900e+00
5 26 1.263210e+00
5 27 1.218130e+00
5 28 1.096850e+00
5 29 9.061940e-01
5 30 6.720930e-01
5 31 4.354090e-01
5 32 2.381320e-01
5 33 1.054090e-01
5 34 3.582660e-02
5 35 8.761430e-03
5 36 1.423090e-03
5 37 1.390020e-04
5 38 7.643610e-06
5 39 4.551780e-07
5 40 0.000000e+00
6 1 1.828270e-02
6 2 7.600730e-03
6 3 1.128570e-02
6 4 1.546750e-02
6 5 2.218580e-02
6 6 3.071070e-02
6 7 3.932540e-02
6 8 4.947640e-02
6 9 6.177320e-02
6 10 7.765350e-02
6 11 9.697720e-02
6 12 1.210350e-01
6 13 1.506090e-01
6 14 1.873840e-01
6 15 2.316460e-01
6 16 2.857330e-01
6 17 3.501970e-01
6 18 4.262850e-01
6 19 5.140760e-01
6 20 6.138560e-01
6 21 7.223470e-01
6 22 8.358020e-01
6 23 9.459260e-01
6 24 1.041530e+00
6 25 1.108230e+00
6 26 1.129270e+00
6 27 1.089230e+00
6 28 9.810840e-01
6 29 8.108670e-01
6 30 6.016930e-01
6 31 3.900450e-01
6 32 2.134880e-01
6 33 9.458980e-02
6 34 3.218570e-02
6 35 7.882810e-03
6 36 1.282720e-03
6 37 1.255760e-04
6 38 7.042240e-06
6 39 4.131690e-07
6 40 0.000000e+00
7 1 1.407310e-02
7 2 5.830200e-03
7 3 8.756230e-03
7 4 1.211070e-02
7 5 1.747520e-02
7 6 2.490400e-02
7 7 3.439630e-02
7 8 4.420400e-02
7 9 5.519790e-02
7 10 6.938790e-02
7 11 8.665590e-02
7 12 1.081540e-01
7 13 1.345830e-01
7 14 1.674470e-01
7 15 2.070030e-01
7 16 2.553450e-01
7 17 3.129590e-01
7 18 3.809760e-01
7 19 4.594400e-01
7 20 5.486810e-01
7 21 6.456990e-01
7 22 7.471650e-01
7 23 8.457240e-01
7 24 9.313560e-01
7 25 9.911940e-01
7 26 1.010250e+00
7 27 9.747400e-01
7 28 8.782870e-01
7 29 7.262410e-01
7 30 5.392340e-01
7 31 3.498300e-01
7 32 1.916620e-01
7 33 8.501860e-02
7 34 2.897090e-02
7 35 7.108710e-03
7 36 1.159330e-03
7 37 1.138050e-04
7 38 6.416660e-06
7 39 3.766730e-07
7 40 0.000000e+00
8 1 1.100210e-02
8 2 4.559050e-03
8 3 6.853700e-03
8 4 9.505390e-03
8 5 1.374610e-02
8 6 1.963110e-02
8 7 2.784870e-02
8 8 3.867930e-02
8 9 4.933600e-02
8 10 6.202490e-02
8 11 7.746110e-02
8 12 9.667940e-02
8 13 1.203060e-01
8 14 1.496870e-01
8 15 1.850530e-01
8 16 2.282760e-01
8 17 2.797930e-01
8 18 3.406210e-01
8 19 4.107850e-01
8 20 4.906320e-01
8 21 5.774450e-01
8 22 6.682590e-01
8 23 7.565270e-01
8 24 8.332910e-01
8 25 8.870420e-01
8 26 9.043740e-01
8 27 8.729310e-01
8 28 7.869310e-01
8 29 6.510790e-01
8 30 4.837930e-01
8 31 3.141700e-01
8 32 1.723320e-01
8 33 7.655590e-02
8 34 2.613490e-02
8 35 6.427530e-03
8 36 1.051130e-03
8 37 1.035400e-04
8 38 5.860430e-06
8 39 3.452570e-07
8 40 0.000000e+00
9 1 8.993610e-03
9 2 3.653120e-03
9 3 5.401280e-03
9 4 7.437740e-03
9 5 1.079620e-02
9 6 1.547700e-02
9 7 2.200440e-02
9 8 3.136500e-02
9 9 4.326690e-02
9 10 5.552280e-02
9 11 6.934560e-02
9 12 8.655190e-02
9 13 1.077060e-01
9 14 1.340130e-01
9 15 1.656800e-01
9 16 2.043860e-01
9 17 2.505280e-01
9 18 3.050090e-01
9 19 3.678670e-01
9 20 4.394040e-01
9 21 5.172360e-01
9 22 5.986820e-01
9 23 6.778800e-01
9 24 7.468370e-01
9 25 7.952450e-01
9 26 8.111060e-01
9 27 7.832880e-01
9 28 7.065610e-01
9 29 5.850210e-01
9 30 4.351060e-01
9 31 2.828980e-01
9 32 1.554090e-01
9 33 6.916520e-02
9 34 2.366590e-02
9 35 5.836620e-03
9 36 9.577640e-04
9 37 9.475390e-05
9 38 5.387830e-06
9 39 3.188550e-07
9 40 0.000000e+00
10 1 7.034040e-03
10 2 2.853040e-03
10 3 4.235590e-03
10 4 5.844790e-03
10 5 8.479470e-03
10 6 1.217310e-02
10 7 1.733300e-02
10 8 2.473600e-02
10 9 3.501940e-02
10 10 4.871450e-02
10 11 6.211150e-02
10 12 7.752730e-02
10 13 9.647770e-02
10 14 1.200460e-01
10 15 1.484190e-01
10 16 1.831010e-01
10 17 2.244520e-01
10 18 2.732850e-01
10 19 3.296390e-01
10 20 3.937750e-01
10 21 4.636230e-01
10 22 5.367340e-01
10 23 6.078750e-01
10 24 6.699070e-01
10 25 7.135840e-01
10 26 7.281790e-01
10 27 7.036400e-01
10 28 6.352050e-01
10 29 5.264480e-01
10 30 3.919810e-01
10 31 2.552410e-01
10 32 1.404770e-01
10 33 6.266230e-02
10 34 2.150150e-02
10 35 5.321210e-03
10 36 8.769120e-04
10 37 8.721640e-05
10 38 4.987740e-06
10 39 2.967280e-07
10 40 0.000000e+00
11 1 5.420260e-03
11 2 2.197430e-03
11 3 3.254730e-03
11 4 4.480670e-03
11 5 6.504240e-03
11 6 9.400700e-03
11 7 1.349260e-02
11 8 1.935930e-02
11 9 2.750480e-02
11 10 3.933520e-02
11 11 5.454340e-02
11 12 6.953380e-02
11 13 8.653450e-02
11 14 1.076780e-01
11 15 1.331340e-01
11 16 1.642550e-01
11 17 2.013640e-01
11 18 2.452000e-01
11 19 2.957930e-01
11 20 3.534030e-01
11 21 4.161730e-01
11 22 4.819250e-01
11 23 5.459690e-01
11 24 6.019010e-01
11 25 6.414430e-01
11 26 6.549390e-01
11 27 6.333700e-01
11 28 5.723110e-01
11 29 4.748960e-01
11 30 3.541040e-01
11 31 2.309970e-01
11 32 1.274270e-01
11 33 5.700210e-02
11 34 1.962770e-02
11 35 4.878340e-03
11 36 8.081810e-04
11 37 8.090180e-05
11 38 4.659550e-06
11 39 2.789570e-07
11 40 0.000000e+00
12 1 4.425090e-03
12 2 1.791530e-03
12 3 2.642710e-03
12 4 3.611090e-03
12 5 5.180760e-03
12 6 7.366760e-03
12 7 1.050610e-02
12 8 1.514190e-02
12 9 2.161220e-02
12 10 3.097130e-02
12 11 4.409320e-02
12 12 6.120640e-02
12 13 7.778100e-02
12 14 9.679100e-02
12 15 1.196810e-01
12 16 1.476680e-01
12 17 1.810470e-01
12 18 2.204850e-01
12 19 2.660150e-01
12 20 3.178990e-01
12 21 3.744400e-01
12 22 4.337390e-01
12 23 4.915860e-01
12 24 5.421830e-01
12 25 5.781530e-01
12 26 5.907080e-01
12 27 5.718370e-01
12 28 5.173110e-01
12 29 4.298960e-01
12 30 3.211490e-01
12 31 2.099600e-01
12 32 1.161530e-01
12 33 5.214100e-02
12 34 1.803130e-02
12 35 4.505150e-03
12 36 7.511880e-04
12 37 7.578600e-05
12 38 4.402900e-06
12 39 2.655290e-07
12 40 0.000000e+00
13 1 3.279290e-03
13 2 1.328070e-03
13 3 1.958850e-03
13 4 2.673190e-03
13 5 3.835320e-03
13 6 5.489620e-03
13 7 7.884690e-03
13 8 1.145850e-02
13 9 1.657470e-02
13 10 2.400840e-02
13 11 3.441260e-02
13 12 4.925150e-02
13 13 6.852110e-02
13 14 8.715230e-02
13 15 1.077700e-01
13 16 1.329850e-01
13 17 1.630640e-01
13 18 1.986130e-01
13 19 2.396760e-01
13 20 2.864880e-01
13 21 3.375440e-01
13 22 3.911500e-01
13 23 4.435230e-01
13 24 4.894560e-01
13 25 5.223040e-01
13 26 5.341260e-01
13 27 5.176700e-01
13 28 4.689850e-01
13 29 3.904390e-01
13 30 2.923380e-01
13 31 1.916510e-01
13 32 1.063920e-01
13 33 4.796450e-02
13 34 1.667450e-02
13 35 4.192980e-03
13 36 7.046460e-04
13 37 7.177460e-05
13 38 4.225710e-06
13 39 2.561700e-07
13 40 0.000000e+00
14 1 2.766660e-03
14 2 1.120320e-03
14 3 1.652120e-03
14 4 2.254040e-03
14 5 3.226300e-03
14 6 4.582200e-03
14 7 6.498320e-03
14 8 9.273640e-03
14 9 1.316270e-02
14 10 1.895600e-02
14 11 2.713110e-02
14 12 3.875770e-02
14 13 5.528490e-02
14 14 7.698910e-02
14 15 9.730740e-02
14 16 1.200880e-01
14 17 1.472720e-01
14 18 1.794100e-01
14 19 2.165590e-01
14 20 2.589280e-01
14 21 3.051950e-01
14 22 3.538250e-01
14 23 4.014360e-01
14 24 4.433380e-01
14 25 4.735140e-01
14 26 4.847950e-01
14 27 4.705390e-01
14 28 4.270530e-01
14 29 3.563240e-01
14 30 2.675500e-01
14 31 1.760090e-01
14 32 9.812460e-02
14 33 4.447080e-02
14 34 1.555950e-02
14 35 3.943160e-03
14 36 6.689290e-04
14 37 6.891460e-05
14 38 4.124240e-06
14 39 2.511450e-07
14 40 0.000000e+00
15 1 2.171810e-03
15 2 8.795150e-04
15 3 1.297090e-03
15 4 1.769730e-03
15 5 2.532250e-03
15 6 3.591360e-03
15 7 5.079100e-03
15 8 7.247410e-03
15 9 1.032750e-02
15 10 1.487080e-02
15 11 2.126790e-02
15 12 3.038640e-02
15 13 4.333940e-02
15 14 6.201640e-02
15 15 8.615580e-02
15 16 1.087600e-01
15 17 1.334030e-01
15 18 1.625540e-01
15 19 1.962670e-01
15 20 2.347530e-01
15 21 2.768260e-01
15 22 3.211180e-01
15 23 3.646070e-01
15 24 4.030270e-01
15 25 4.309270e-01
15 26 4.418340e-01
15 27 4.295870e-01
15 28 3.907460e-01
15 29 3.269220e-01
15 30 2.463100e-01
15 31 1.627280e-01
15 32 9.118730e-02
15 33 4.159180e-02
15 34 1.466550e-02
15 35 3.751680e-03
15 36 6.436700e-04
15 37 6.721050e-05
15 38 4.084420e-06
15 39 2.509560e-07
15 40 0.000000e+00
16 1 1.667910e-03
16 2 6.755800e-04
16 3 9.963230e-04
16 4 1.359450e-03
16 5 1.945210e-03
16 6 2.758570e-03
16 7 3.896960e-03
16 8 5.545830e-03
16 9 7.882750e-03
16 10 1.135500e-02
16 11 1.633100e-02
16 12 2.350280e-02
16 13 3.369650e-02
16 14 4.836700e-02
16 15 6.924390e-02
16 16 9.660950e-02
16 17 1.213680e-01
16 18 1.479290e-01
16 19 1.786730e-01
16 20 2.137790e-01
16 21 2.522640e-01
16 22 2.928410e-01
16 23 3.327930e-01
16 24 3.682620e-01
16 25 3.942860e-01
16 26 4.049590e-01
16 27 3.945860e-01
16 28 3.598730e-01
16 29 3.021000e-01
16 30 2.285430e-01
16 31 1.517660e-01
16 32 8.557690e-02
16 33 3.933380e-02
16 34 1.399880e-02
16 35 3.621590e-03
16 36 6.297530e-04
16 37 6.681260e-05
16 38 4.129930e-06
16 39 2.566070e-07
16 40 0.000000e+00
17 1 1.347040e-03
17 2 5.454740e-04
17 3 8.044480e-04
17 4 1.097520e-03
17 5 1.570420e-03
17 6 2.226650e-03
17 7 3.145070e-03
17 8 4.469650e-03
17 9 6.324580e-03
17 10 9.050050e-03
17 11 1.292160e-02
17 12 1.848510e-02
17 13 2.640610e-02
17 14 3.782530e-02
17 15 5.406340e-02
17 16 7.759390e-02
17 17 1.081920e-01
17 18 1.352280e-01
17 19 1.633970e-01
17 20 1.956210e-01
17 21 2.309900e-01
17 22 2.683910e-01
17 23 3.053330e-01
17 24 3.383440e-01
17 25 3.628540e-01
17 26 3.734410e-01
17 27 3.648550e-01
17 28 3.338520e-01
17 29 2.814080e-01
17 30 2.139590e-01
17 31 1.429580e-01
17 32 8.122370e-02
17 33 3.767780e-02
17 34 1.355900e-02
17 35 3.554690e-03
17 36 6.279190e-04
17 37 6.786170e-05
17 38 4.276450e-06
17 39 2.689820e-07
17 40 0.000000e+00
18 1 1.034030e-03
18 2 4.188310e-04
18 3 6.177060e-04
18 4 8.428090e-04
18 5 1.206020e-03
18 6 1.710250e-03
18 7 2.415590e-03
18 8 3.430580e-03
18 9 4.847240e-03
18 10 6.923840e-03
18 11 9.878640e-03
18 12 1.416100e-02
18 13 2.031680e-02
18 14 2.920980e-02
18 15 4.186480e-02
18 16 6.018400e-02
18 17 8.664010e-02
18 18 1.210840e-01
18 19 1.503180e-01
18 20 1.800920e-01
18 21 2.128100e-01
18 22 2.474950e-01
18 23 2.819720e-01
18 24 3.129750e-01
18 25 3.363230e-01
18 26 3.469720e-01
18 27 3.401030e-01
18 28 3.124300e-01
18 29 2.646270e-01
18 30 2.024180e-01
18 31 1.362380e-01
18 32 7.810330e-02
18 33 3.662600e-02
18 34 1.335420e-02
18 35 3.556000e-03
18 36 6.398370e-04
18 37 7.066070e-05
18 38 4.553100e-06
18 39 2.902620e-07
18 40 0.000000e+00
19 1 7.594820e-04
19 2 3.078910e-04
19 3 4.541360e-04
19 4 6.197210e-04
19 5 8.869460e-04
19 6 1.258000e-03
19 7 1.777290e-03
19 8 2.524630e-03
19 9 3.565180e-03
19 10 5.085240e-03
19 11 7.246930e-03
19 12 1.039910e-02
19 13 1.500980e-02
19 14 2.185390e-02
19 15 3.171510e-02
19 16 4.598760e-02
19 17 6.658290e-02
19 18 9.655700e-02
19 19 1.354270e-01
19 20 1.671610e-01
19 21 1.977250e-01
19 22 2.302280e-01
19 23 2.626750e-01
19 24 2.921560e-01
19 25 3.147130e-01
19 26 3.256200e-01
19 27 3.203670e-01
19 28 2.956670e-01
19 29 2.518650e-01
19 30 1.940160e-01
19 31 1.317090e-01
19 32 7.630190e-02
19 33 3.623820e-02
19 34 1.341620e-02
19 35 3.638030e-03
19 36 6.688200e-04
19 37 7.574710e-05
19 38 4.996190e-06
19 39 3.240700e-07
19 40 0.000000e+00
20 1 6.125720e-04
20 2 2.482710e-04
20 3 3.661520e-04
20 4 4.996180e-04
20 5 7.149470e-04
20 6 1.013850e-03
20 7 1.432310e-03
20 8 2.034160e-03
20 9 2.871330e-03
20 10 4.089610e-03
20 11 5.802070e-03
20 12 8.258280e-03
20 13 1.177870e-02
20 14 1.688320e-02
20 15 2.430210e-02
20 16 3.526490e-02
20 17 5.111300e-02
20 18 7.414600e-02
20 19 1.077770e-01
20 20 1.514880e-01
20 21 1.850500e-01
20 22 2.158300e-01
20 23 2.467040e-01
20 24 2.750260e-01
20 25 2.971450e-01
20 26 3.085580e-01
20 27 3.049380e-01
20 28 2.830320e-01
20 29 2.427750e-01
20 30 1.886020e-01
20 31 1.293620e-01
20 32 7.587490e-02
20 33 3.657650e-02
20 34 1.378360e-02
20 35 3.816210e-03
20 36 7.187840e-04
20 37 8.370600e-05
20 38 5.651490e-06
20 39 3.732120e-07
20 40 0.000000e+00
21 1 4.753070e-04
21 2 1.927000e-04
21 3 2.842080e-04
21 4 3.877920e-04
21 5 5.549590e-04
21 6 7.870290e-04
21 7 1.111730e-03
21 8 1.578980e-03
21 9 2.229170e-03
21 10 3.174900e-03
21 11 4.504040e-03
21 12 6.407150e-03
21 13 9.133970e-03
21 14 1.311370e-02
21 15 1.883180e-02
21 16 2.713810e-02
21 17 3.915540e-02
21 18 5.666340e-02
21 19 8.227230e-02
21 20 1.201920e-01
21 21 1.690740e-01
21 22 2.044300e-01
21 23 2.342170e-01
21 24 2.618300e-01
21 25 2.838790e-01
21 26 2.960580e-01
21 27 2.941240e-01
21 28 2.748060e-01
21 29 2.376340e-01
21 30 1.864340e-01
21 31 1.294140e-01
21 32 7.700080e-02
21 33 3.776080e-02
21 34 1.452230e-02
21 35 4.117450e-03
21 36 7.972410e-04
21 37 9.583810e-05
21 38 6.674610e-06
21 39 4.471940e-07
21 40 0.000000e+00
22 1 3.565110e-04
22 2 1.445760e-04
22 3 2.132340e-04
22 4 2.909680e-04
22 5 4.163950e-04
22 6 5.905650e-04
22 7 8.343450e-04
22 8 1.185150e-03
22 9 1.673430e-03
22 10 2.383890e-03
22 11 3.382730e-03
22 12 4.811970e-03
22 13 6.855640e-03
22 14 9.834160e-03
22 15 1.412770e-02
22 16 2.039660e-02
22 17 2.947450e-02
22 18 4.272230e-02
22 19 6.213250e-02
22 20 9.090630e-02
22 21 1.336640e-01
22 22 1.888150e-01
22 23 2.252410e-01
22 24 2.526230e-01
22 25 2.750040e-01
22 26 2.882410e-01
22 27 2.880810e-01
22 28 2.712210e-01
22 29 2.367180e-01
22 30 1.878250e-01
22 31 1.321700e-01
22 32 7.994270e-02
22 33 3.997430e-02
22 34 1.573300e-02
22 35 4.583030e-03
22 36 9.156810e-04
22 37 1.141240e-04
22 38 8.241190e-06
22 39 5.599810e-07
22 40 0.000000e+00
23 1 2.567190e-04
23 2 1.041290e-04
23 3 1.535970e-04
23 4 2.096170e-04
23 5 3.000220e-04
23 6 4.255920e-04
23 7 6.013710e-04
23 8 8.544250e-04
23 9 1.206810e-03
23 10 1.719970e-03
23 11 2.441980e-03
23 12 3.475920e-03
23 13 4.952990e-03
23 14 7.097960e-03
23 15 1.018970e-02
23 16 1.474850e-02
23 17 2.145990e-02
23 18 3.137580e-02
23 19 4.595140e-02
23 20 6.760150e-02
23 21 9.984240e-02
23 22 1.483910e-01
23 23 2.106120e-01
23 24 2.473660e-01
23 25 2.705150e-01
23 26 2.851530e-01
23 27 2.869790e-01
23 28 2.724860e-01
23 29 2.403340e-01
23 30 1.931400e-01
23 31 1.380210e-01
23 32 8.504380e-02
23 33 4.346960e-02
23 34 1.756040e-02
23 35 5.274440e-03
23 36 1.092010e-03
23 37 1.418170e-04
23 38 1.059820e-05
23 39 7.364870e-07
23 40 0.000000e+00
24 1 1.878610e-04
24 2 7.631810e-05
24 3 1.125780e-04
24 4 1.536470e-04
24 5 2.199330e-04
24 6 3.120350e-04
24 7 4.409840e-04
24 8 6.266600e-04
24 9 8.853490e-04
24 10 1.262020e-03
24 11 1.792360e-03
24 12 2.552250e-03
24 13 3.638070e-03
24 14 5.212940e-03
24 15 7.474120e-03
24 16 1.079480e-02
24 17 1.567470e-02
24 18 2.291100e-02
24 19 3.364220e-02
24 20 4.964540e-02
24 21 7.355610e-02
24 22 1.096960e-01
24 23 1.645850e-01
24 24 2.345570e-01
24 25 2.704270e-01
24 26 2.869240e-01
24 27 2.910850e-01
24 28 2.790800e-01
24 29 2.491310e-01
24 30 2.031460e-01
24 31 1.477420e-01
24 32 9.296390e-02
24 33 4.871670e-02
24 34 2.026370e-02
24 35 6.298510e-03
24 36 1.356700e-03
24 37 1.843940e-04
24 38 1.432100e-05
24 39 1.015260e-06
24 40 0.000000e+00
25 1 1.335390e-04
25 2 5.438840e-05
25 3 8.023730e-05
25 4 1.095160e-04
25 5 1.567800e-04
25 6 2.224410e-04
25 7 3.144250e-04
25 8 4.469310e-04
25 9 6.315850e-04
25 10 9.006990e-04
25 11 1.279830e-03
25 12 1.823540e-03
25 13 2.601390e-03
25 14 3.730560e-03
25 15 5.351020e-03
25 16 7.726810e-03
25 17 1.122150e-02
25 18 1.641230e-02
25 19 2.414450e-02
25 20 3.575320e-02
25 21 5.317880e-02
25 22 7.962370e-02
25 23 1.200610e-01
25 24 1.822380e-01
25 25 2.610130e-01
25 26 2.942710e-01
25 27 3.012370e-01
25 28 2.919680e-01
25 29 2.641460e-01
25 30 2.189290e-01
25 31 1.623740e-01
25 32 1.045940e-01
25 33 5.636000e-02
25 34 2.422110e-02
25 35 7.822450e-03
25 36 1.761340e-03
25 37 2.519130e-04
25 38 2.062450e-05
25 39 1.473130e-06
25 40 1.995010e-07
26 1 8.506270e-05
26 2 3.486860e-05
26 3 5.144910e-05
26 4 7.024040e-05
26 5 1.005900e-04
26 6 1.427860e-04
26 7 2.019250e-04
26 8 2.871880e-04
26 9 4.061500e-04
26 10 5.797300e-04
26 11 8.246750e-04
26 12 1.176670e-03
26 13 1.681550e-03
26 14 2.416770e-03
26 15 3.475710e-03
26 16 5.030740e-03
26 17 7.315040e-03
26 18 1.073110e-02
26 19 1.590380e-02
26 20 2.387290e-02
26 21 3.618970e-02
26 22 5.526010e-02
26 23 8.463550e-02
26 24 1.302170e-01
26 25 2.014310e-01
26 26 2.909370e-01
26 27 3.195410e-01
26 28 3.133520e-01
26 29 2.874510e-01
26 30 2.423890e-01
26 31 1.835700e-01
26 32 1.212710e-01
26 33 6.735660e-02
26 34 3.001320e-02
26 35 1.011740e-02
26 36 2.396560e-03
26 37 3.637810e-04
26 38 3.172450e-05
26 39 2.060560e-06
26 40 1.139810e-06
27 1 5.938830e-05
27 2 2.425310e-05
27 3 3.578760e-05
27 4 4.886340e-05
27 5 6.997690e-05
27 6 9.933770e-05
27 7 1.405110e-04
27 8 1.998730e-04
27 9 2.827280e-04
27 10 4.037100e-04
27 11 5.744910e-04
27 12 8.200780e-04
27 13 1.172690e-03
27 14 1.686670e-03
27 15 2.427950e-03
27 16 3.518680e-03
27 17 5.122530e-03
27 18 7.508150e-03
27 19 1.109210e-02
27 20 1.657640e-02
27 21 2.502720e-02
27 22 3.820460e-02
27 23 5.879230e-02
27 24 9.102550e-02
27 25 1.418510e-01
27 26 2.223060e-01
27 27 3.222620e-01
27 28 3.431600e-01
27 29 3.201110e-01
27 30 2.753550e-01
27 31 2.136460e-01
27 32 1.452860e-01
27 33 8.351370e-02
27 34 3.874730e-02
27 35 1.369050e-02
27 36 3.424750e-03
27 37 5.534020e-04
27 38 5.162540e-05
27 39 3.022710e-06
27 40 7.535520e-07
28 1 3.748330e-05
28 2 1.535690e-05
28 3 2.266330e-05
28 4 3.094820e-05
28 5 4.433420e-05
28 6 6.295330e-05
28 7 8.907160e-05
28 8 1.267720e-04
28 9 1.794260e-04
28 10 2.563600e-04
28 11 3.651500e-04
28 12 5.218360e-04
28 13 7.471970e-04
28 14 1.076560e-03
28 15 1.553030e-03
28 16 2.256540e-03
28 17 3.295650e-03
28 18 4.847340e-03
28 19 7.182610e-03
28 20 1.076430e-02
28 21 1.631290e-02
28 22 2.508160e-02
28 23 3.903310e-02
28 24 6.121420e-02
28 25 9.667060e-02
28 26 1.535930e-01
28 27 2.450340e-01
28 28 3.570130e-01
28 29 3.664490e-01
28 30 3.220180e-01
28 31 2.563780e-01
28 32 1.798550e-01
28 33 1.073140e-01
28 34 5.204390e-02
28 35 1.937430e-02
28 36 5.151840e-03
28 37 8.938050e-04
28 38 9.039230e-05
28 39 5.185880e-06
28 40 4.375690e-07
29 1 2.095210e-05
29 2 8.750200e-06
29 3 1.291670e-05
29 4 1.764510e-05
29 5 2.528530e-05
29 6 3.592040e-05
29 7 5.085460e-05
29 8 7.242120e-05
29 9 1.025910e-04
29 10 1.467550e-04
29 11 2.093060e-04
29 12 2.996210e-04
29 13 4.299500e-04
29 14 6.210670e-04
29 15 8.988420e-04
29 16 1.311280e-03
29 17 1.924320e-03
29 18 2.846890e-03
29 19 4.247270e-03
29 20 6.409490e-03
29 21 9.773760e-03
29 22 1.512850e-02
29 23 2.384410e-02
29 24 3.818290e-02
29 25 6.187140e-02
29 26 1.008410e-01
29 27 1.648570e-01
29 28 2.696130e-01
29 29 3.959800e-01
29 30 3.889970e-01
29 31 3.180030e-01
29 32 2.304590e-01
29 33 1.430480e-01
29 34 7.276390e-02
29 35 2.868110e-02
29 36 8.163250e-03
29 37 1.535040e-03
29 38 1.705710e-04
29 39 1.016210e-05
29 40 4.560040e-07
30 1 1.172110e-05
30 2 5.102250e-06
30 3 7.534020e-06
30 4 1.029410e-05
30 5 1.475570e-05
30 6 2.096860e-05
30 7 2.969870e-05
30 8 4.231910e-05
30 9 5.998690e-05
30 10 8.587860e-05
30 11 1.226200e-04
30 12 1.757770e-04
30 13 2.526630e-04
30 14 3.657660e-04
30 15 5.307550e-04
30 16 7.768320e-04
30 17 1.144750e-03
30 18 1.702240e-03
30 19 2.555390e-03
30 20 3.885750e-03
30 21 5.982180e-03
30 22 9.349620e-03
30 23 1.483370e-02
30 24 2.388450e-02
30 25 3.898300e-02
30 26 6.427110e-02
30 27 1.066940e-01
30 28 1.777380e-01
30 29 2.956530e-01
30 30 4.351620e-01
30 31 4.065520e-01
30 32 3.056430e-01
30 33 1.983480e-01
30 34 1.063870e-01
30 35 4.463880e-02
30 36 1.367060e-02
30 37 2.798820e-03
30 38 3.430690e-04
30 39 2.220190e-05
30 40 8.082010e-07
31 1 5.887930e-06
31 2 2.647330e-06
31 3 3.913560e-06
31 4 5.350750e-06
31 5 7.673910e-06
31 6 1.091240e-05
31 7 1.546520e-05
31 8 2.205600e-05
31 9 3.129990e-05
31 10 4.486770e-05
31 11 6.416610e-05
31 12 9.215760e-05
31 13 1.327980e-04
31 14 1.928490e-04
31 15 2.809100e-04
31 16 4.130570e-04
31 17 6.121110e-04
31 18 9.163490e-04
31 19 1.386930e-03
31 20 2.129510e-03
31 21 3.314440e-03
31 22 5.241510e-03
31 23 8.420920e-03
31 24 1.374200e-02
31 25 2.277000e-02
31 26 3.830260e-02
31 27 6.511280e-02
31 28 1.113410e-01
31 29 1.905470e-01
31 30 3.241750e-01
31 31 4.777510e-01
31 32 4.199160e-01
31 33 2.855450e-01
31 34 1.621560e-01
31 35 7.282830e-02
31 36 2.417770e-02
31 37 5.440010e-03
31 38 7.439370e-04
31 39 5.403620e-05
31 40 2.039190e-06
32 1 2.537720e-06
32 2 1.199490e-06
32 3 1.784630e-06
32 4 2.444220e-06
32 5 3.508390e-06
32 6 4.992890e-06
32 7 7.083150e-06
32 8 1.011270e-05
32 9 1.436930e-05
32 10 2.063350e-05
32 11 2.957030e-05
32 12 4.258150e-05
32 13 6.155450e-05
32 14 8.973370e-05
32 15 1.313290e-04
32 16 1.942440e-04
32 17 2.899010e-04
32 18 4.377590e-04
32 19 6.693890e-04
32 20 1.040430e-03
32 21 1.643200e-03
32 22 2.643530e-03
32 23 4.331590e-03
32 24 7.224330e-03
32 25 1.225250e-02
32 26 2.110970e-02
32 27 3.687110e-02
32 28 6.502380e-02
32 29 1.151470e-01
32 30 2.032910e-01
32 31 3.546130e-01
32 32 5.228810e-01
32 33 4.275320e-01
32 34 2.576600e-01
32 35 1.244960e-01
32 36 4.510390e-02
32 37 1.125230e-02
32 38 1.737300e-03
32 39 1.449590e-04
32 40 6.037110e-06
33 1 8.074760e-07
33 2 4.469830e-07
33 3 6.917220e-07
33 4 9.655740e-07
33 5 1.398440e-06
33 6 1.996690e-06
33 7 2.837560e-06
33 8 4.057040e-06
33 9 5.774110e-06
33 10 8.306800e-06
33 11 1.193330e-05
33 12 1.723570e-05
33 13 2.500820e-05
33 14 3.662560e-05
33 15 5.391010e-05
33 16 8.028840e-05
33 17 1.208390e-04
33 18 1.843310e-04
33 19 2.853300e-04
33 20 4.500200e-04
33 21 7.230670e-04
33 22 1.186900e-03
33 23 1.991260e-03
33 24 3.414400e-03
33 25 5.970980e-03
33 26 1.059850e-02
33 27 1.907960e-02
33 28 3.481010e-02
33 29 6.409670e-02
33 30 1.181670e-01
33 31 2.160100e-01
33 32 3.869180e-01
33 33 5.696120e-01
33 34 4.275510e-01
33 35 2.229080e-01
33 36 8.862800e-02
33 37 2.472960e-02
33 38 4.357970e-03
33 39 4.244860e-04
33 40 2.029010e-05
34 1 1.786460e-07
34 2 1.022630e-07
34 3 1.691940e-07
34 4 2.587880e-07
34 5 4.124060e-07
34 6 6.379770e-07
34 7 9.453380e-07
34 8 1.372680e-06
34 9 1.966930e-06
34 10 2.839900e-06
34 11 4.094330e-06
34 12 5.938500e-06
34 13 8.659500e-06
34 14 1.275900e-05
34 15 1.891880e-05
34 16 2.842710e-05
34 17 4.324170e-05
34 18 6.679190e-05
34 19 1.049060e-04
34 20 1.682630e-04
34 21 2.756430e-04
34 22 4.625890e-04
34 23 7.958190e-04
34 24 1.404320e-03
34 25 2.540370e-03
34 26 4.693900e-03
34 27 8.798580e-03
34 28 1.671240e-02
34 29 3.216050e-02
34 30 6.233980e-02
34 31 1.204180e-01
34 32 2.287880e-01
34 33 4.214160e-01
34 34 6.170710e-01
34 35 4.184260e-01
34 36 1.833040e-01
34 37 5.761000e-02
34 38 1.171140e-02
34 39 1.350400e-03
34 40 7.706760e-05
35 1 3.869560e-08
35 2 2.215080e-08
35 3 3.664820e-08
35 4 5.606180e-08
35 5 8.982750e-08
35 6 1.424890e-07
35 7 2.232390e-07
35 8 3.439000e-07
35 9 5.141340e-07
35 10 7.669680e-07
35 11 1.131820e-06
35 12 1.661910e-06
35 13 2.444270e-06
35 14 3.634400e-06
35 15 5.447130e-06
35 16 8.288130e-06
35 17 1.279150e-05
35 18 2.008960e-05
35 19 3.215610e-05
35 20 5.268540e-05
35 21 8.835750e-05
35 22 1.521410e-04
35 23 2.691800e-04
35 24 4.898350e-04
35 25 9.169810e-04
35 26 1.759060e-03
35 27 3.444310e-03
35 28 6.891190e-03
35 29 1.404720e-02
35 30 2.895050e-02
35 31 5.972400e-02
35 32 1.217630e-01
35 33 2.414870e-01
35 34 4.577280e-01
35 35 6.641430e-01
35 36 3.994600e-01
35 37 1.419230e-01
35 38 3.355940e-02
35 39 4.641670e-03
35 40 3.282530e-04
36 1 5.424800e-09
36 2 3.105350e-09
36 3 5.137770e-09
36 4 7.859400e-09
36 5 1.259330e-08
36 6 2.000570e-08
36 7 3.164020e-08
36 8 5.028430e-08
36 9 7.936790e-08
36 10 1.262790e-07
36 11 1.997480e-07
36 12 3.127170e-07
36 13 4.831280e-07
36 14 7.429800e-07
36 15 1.139600e-06
36 16 1.766150e-06
36 17 2.772500e-06
36 18 4.430340e-06
36 19 7.233040e-06
36 20 1.213490e-05
36 21 2.093730e-05
36 22 3.729190e-05
36 23 6.867700e-05
36 24 1.309700e-04
36 25 2.588600e-04
36 26 5.296170e-04
36 27 1.112410e-03
36 28 2.370000e-03
36 29 5.115190e-03
36 30 1.122820e-02
36 31 2.497360e-02
36 32 5.546600e-02
36 33 1.208340e-01
36 34 2.527130e-01
36 35 4.958720e-01
36 36 7.111840e-01
36 37 3.707470e-01
36 38 1.021260e-01
36 39 1.709660e-02
36 40 1.537430e-03
37 1 7.499400e-10
37 2 4.293000e-10
37 3 7.102600e-10
37 4 1.086510e-09
37 5 1.740940e-09
37 6 2.765670e-09
37 7 4.374060e-09
37 8 6.951480e-09
37 9 1.097210e-08
37 10 1.745730e-08
37 11 2.763780e-08
37 12 4.379600e-08
37 13 6.933530e-08
37 14 1.100690e-07
37 15 1.742320e-07
37 16 2.767110e-07
37 17 4.420480e-07
37 18 7.179770e-07
37 19 1.192260e-06
37 20 2.042120e-06
37 21 3.614610e-06
37 22 6.654940e-06
37 23 1.276510e-05
37 24 2.557970e-05
37 25 5.365400e-05
37 26 1.177800e-04
37 27 2.698130e-04
37 28 6.350480e-04
37 29 1.509000e-03
37 30 3.591840e-03
37 31 8.599490e-03
37 32 2.082770e-02
37 33 5.035290e-02
37 34 1.184270e-01
37 35 2.631280e-01
37 36 5.358920e-01
37 37 7.555650e-01
37 38 3.325700e-01
37 39 6.739710e-02
37 40 7.808990e-03
38 1 1.291600e-10
38 2 7.393700e-11
38 3 1.223300e-10
38 4 1.871300e-10
38 5 2.998400e-10
38 6 4.763300e-10
38 7 7.533400e-10
38 8 1.197250e-09
38 9 1.889720e-09
38 10 3.006660e-09
38 11 4.760050e-09
38 12 7.542970e-09
38 13 1.194160e-08
38 14 1.895720e-08
38 15 3.000530e-08
38 16 4.759480e-08
38 17 7.543250e-08
38 18 1.195620e-07
38 19 1.893920e-07
38 20 3.047160e-07
38 21 5.067650e-07
38 22 8.874670e-07
38 23 1.674270e-06
38 24 3.451680e-06
38 25 7.749520e-06
38 26 1.860890e-05
38 27 4.749820e-05
38 28 1.273490e-04
38 29 3.433080e-04
38 30 9.077400e-04
38 31 2.380150e-03
38 32 6.275590e-03
38 33 1.674250e-02
38 34 4.460460e-02
38 35 1.146040e-01
38 36 2.726780e-01
38 37 5.775630e-01
38 38 7.953940e-01
38 39 2.870680e-01
38 40 4.292090e-02
39 1 3.665500e-11
39 2 2.098200e-11
39 3 3.471500e-11
39 4 5.310500e-11
39 5 8.509100e-11
39 6 1.351800e-10
39 7 2.137900e-10
39 8 3.397600e-10
39 9 5.362800e-10
39 10 8.532500e-10
39 11 1.350840e-09
39 12 2.140600e-09
39 13 3.388870e-09
39 14 5.379800e-09
39 15 8.515120e-09
39 16 1.350680e-08
39 17 2.140680e-08
39 18 3.393010e-08
39 19 5.373790e-08
39 20 8.521520e-08
39 21 1.350260e-07
39 22 2.140530e-07
39 23 3.405970e-07
39 24 5.558290e-07
39 25 9.820670e-07
39 26 2.076220e-06
39 27 5.414110e-06
39 28 1.644650e-05
39 29 5.370490e-05
39 30 1.702960e-04
39 31 5.071870e-04
39 32 1.475250e-03
39 33 4.320720e-03
39 34 1.289140e-02
39 35 3.847380e-02
39 36 1.095260e-01
39 37 2.814580e-01
39 38 6.206650e-01
39 39 8.285580e-01
39 40 2.595370e-01
40 1 1.001900e-11
40 2 5.735500e-12
40 3 9.489300e-12
40 4 1.451600e-11
40 5 2.325900e-11
40 6 3.695000e-11
40 7 5.843800e-11
40 8 9.287300e-11
40 9 1.465900e-10
40 10 2.332300e-10
40 11 3.692500e-10
40 12 5.851200e-10
40 13 9.263300e-10
40 14 1.470540e-09
40 15 2.327570e-09
40 16 3.692020e-09
40 17 5.851440e-09
40 18 9.274650e-09
40 19 1.468900e-08
40 20 2.329320e-08
40 21 3.690870e-08
40 22 5.850810e-08
40 23 9.272870e-08
40 24 1.469470e-07
40 25 2.333050e-07
40 26 3.798880e-07
40 27 6.795710e-07
40 28 1.507750e-06
40 29 4.629530e-06
40 30 1.774180e-05
40 31 6.669510e-05
40 32 2.284280e-04
40 33 7.629060e-04
40 34 2.605270e-03
40 35 9.171050e-03
40 36 3.197060e-02
40 37 1.034620e-01
40 38 2.903000e-01
40 39 6.655390e-01
40 40 1.050470e+00
