1 1 8.326380e-02
1 2 3.083120e-02
1 3 4.039740e-02
1 4 4.892180e-02
1 5 6.214190e-02
1 6 7.806090e-02
1 7 9.752730e-02
1 8 1.222650e-01
1 9 1.520040e-01
1 10 1.900590e-01
1 11 2.357560e-01
1 12 2.917530e-01
1 13 3.591890e-01
1 14 4.409230e-01
1 15 5.359350e-01
1 16 6.471340e-01
1 17 7.720670e-01
1 18 9.085500e-01
1 19 1.050000e+00
1 20 1.188580e+00
1 21 1.307890e+00
1 22 1.390930e+00
1 23 1.416050e+00
1 24 1.364240e+00
1 25 1.227220e+00
1 26 1.012580e+00
1 27 7.497550e-01
1 28 4.847140e-01
1 29 2.644310e-01
1 30 1.166730e-01
1 31 3.950030e-02
1 32 9.612520e-03
1 33 1.551760e-03
1 34 1.504150e-04
1 35 8.183160e-06
1 36 4.929050e-07
1 37 0.000000e+00
1 38 0.000000e+00
1 39 0.000000e+00
1 40 0.000000e+00
2 1 6.601500e-02
2 2 2.694130e-02
2 3 3.609180e-02
2 4 4.372080e-02
2 5 5.553550e-02
2 6 6.976240e-02
2 7 8.715970e-02
2 8 1.092680e-01
2 9 1.358470e-01
2 10 1.698580e-01
2 11 2.107020e-01
2 12 2.607500e-01
2 13 3.210210e-01
2 14 3.940820e-01
2 15 4.790070e-01
2 16 5.784320e-01
2 17 6.901250e-01
2 18 8.121460e-01
2 19 9.386300e-01
2 20 1.062600e+00
2 21 1.169370e+00
2 22 1.243750e+00
2 23 1.266410e+00
2 24 1.220320e+00
2 25 1.098030e+00
2 26 9.062690e-01
2 27 6.713060e-01
2 28 4.342130e-01
2 29 2.370270e-01
2 30 1.046620e-01
2 31 3.546570e-02
2 32 8.640570e-03
2 33 1.396950e-03
2 34 1.356540e-04
2 35 7.474160e-06
2 36 4.461900e-07
2 37 0.000000e+00
2 38 0.000000e+00
2 39 0.000000e+00
2 40 0.000000e+00
3 1 5.201770e-02
3 2 2.182470e-02
3 3 3.149670e-02
3 4 3.901910e-02
3 5 4.957320e-02
3 6 6.227280e-02
3 7 7.780290e-02
3 8 9.753800e-02
3 9 1.212650e-01
3 10 1.516270e-01
3 11 1.880900e-01
3 12 2.327710e-01
3 13 2.865780e-01
3 14 3.518090e-01
3 15 4.276370e-01
3 16 5.164250e-01
3 17 6.161860e-01
3 18 7.251660e-01
3 19 8.381580e-01
3 20 9.489590e-01
3 21 1.044430e+00
3 22 1.111030e+00
3 23 1.131500e+00
3 24 1.090590e+00
3 25 9.815980e-01
3 26 8.104850e-01
3 27 6.006580e-01
3 28 3.887610e-01
3 29 2.123820e-01
3 30 9.386900e-02
3 31 3.184500e-02
3 32 7.769920e-03
3 33 1.258510e-03
3 34 1.224860e-04
3 35 6.820150e-06
3 36 4.049010e-07
3 37 0.000000e+00
3 38 0.000000e+00
3 39 0.000000e+00
3 40 0.000000e+00
4 1 4.051690e-02
4 2 1.713810e-02
4 3 2.549790e-02
4 4 3.411540e-02
4 5 4.427140e-02
4 6 5.562060e-02
4 7 6.949180e-02
4 8 8.711950e-02
4 9 1.083130e-01
4 10 1.354340e-01
4 11 1.680060e-01
4 12 2.079210e-01
4 13 2.559920e-01
4 14 3.142640e-01
4 15 3.820180e-01
4 16 4.613440e-01
4 17 5.505300e-01
4 18 6.479420e-01
4 19 7.489660e-01
4 20 8.480820e-01
4 21 9.335590e-01
4 22 9.932780e-01
4 23 1.011830e+00
4 24 9.755510e-01
4 25 8.783850e-01
4 26 7.256040e-01
4 27 5.380920e-01
4 28 3.485420e-01
4 29 1.905970e-01
4 30 8.433940e-02
4 31 2.865410e-02
4 32 7.004560e-03
4 33 1.137090e-03
4 34 1.109760e-04
4 35 6.218310e-06
4 36 3.690590e-07
4 37 0.000000e+00
4 38 0.000000e+00
4 39 0.000000e+00
4 40 0.000000e+00
5 1 3.255830e-02
5 2 1.362190e-02
5 3 2.021460e-02
5 4 2.769650e-02
5 5 3.878320e-02
5 6 4.976000e-02
5 7 6.217570e-02
5 8 7.794810e-02
5 9 9.691150e-02
5 10 1.211800e-01
5 11 1.503260e-01
5 12 1.860460e-01
5 13 2.290680e-01
5 14 2.812210e-01
5 15 3.418670e-01
5 16 4.128730e-01
5 17 4.927450e-01
5 18 5.799900e-01
5 19 6.705010e-01
5 20 7.593480e-01
5 21 8.360400e-01
5 22 8.897310e-01
5 23 9.066400e-01
5 24 8.744680e-01
5 25 7.877500e-01
5 26 6.511100e-01
5 27 4.832170e-01
5 28 3.133040e-01
5 29 1.715330e-01
5 30 7.601420e-02
5 31 2.587280e-02
5 32 6.339110e-03
5 33 1.031900e-03
5 34 1.010590e-04
5 35 5.695010e-06
5 36 3.385560e-07
5 37 0.000000e+00
5 38 0.000000e+00
5 39 0.000000e+00
5 40 0.000000e+00
6 1 2.579180e-02
6 2 1.073790e-02
6 3 1.595570e-02
6 4 2.188720e-02
6 5 3.143770e-02
6 6 4.361700e-02
6 7 5.564210e-02
6 8 6.976220e-02
6 9 8.673560e-02
6 10 1.084570e-01
6 11 1.345470e-01
6 12 1.665230e-01
6 13 2.050380e-01
6 14 2.517370e-01
6 15 3.060390e-01
6 16 3.696360e-01
6 17 4.411770e-01
6 18 5.193730e-01
6 19 6.005250e-01
6 20 6.802280e-01
6 21 7.491000e-01
6 22 7.974330e-01
6 23 8.129240e-01
6 24 7.844630e-01
6 25 7.071130e-01
6 26 5.848940e-01
6 27 4.344770e-01
6 28 2.820470e-01
6 29 1.546510e-01
6 30 6.865950e-02
6 31 2.342330e-02
6 32 5.755120e-03
6 33 9.400630e-04
6 34 9.247040e-05
6 35 5.235410e-06
6 36 3.125670e-07
6 37 0.000000e+00
6 38 0.000000e+00
6 39 0.000000e+00
6 40 0.000000e+00
7 1 1.980940e-02
7 2 8.219290e-03
7 3 1.235490e-02
7 4 1.710450e-02
7 5 2.470670e-02
7 6 3.527180e-02
7 7 4.882420e-02
7 8 6.249550e-02
7 9 7.770560e-02
7 10 9.716830e-02
7 11 1.205460e-01
7 12 1.492010e-01
7 13 1.837180e-01
7 14 2.255750e-01
7 15 2.742570e-01
7 16 3.312800e-01
7 17 3.954330e-01
7 18 4.656210e-01
7 19 5.384820e-01
7 20 6.100840e-01
7 21 6.720540e-01
7 22 7.156820e-01
7 23 7.299430e-01
7 24 7.048240e-01
7 25 6.358190e-01
7 26 5.264370e-01
7 27 3.914920e-01
7 28 2.545260e-01
7 29 1.398200e-01
7 30 6.221800e-02
7 31 2.128610e-02
7 32 5.248230e-03
7 33 8.609470e-04
7 34 8.514030e-05
7 35 4.848460e-06
7 36 2.908920e-07
7 37 0.000000e+00
7 38 0.000000e+00
7 39 0.000000e+00
7 40 0.000000e+00
8 1 1.544790e-02
8 2 6.411530e-03
8 3 9.647440e-03
8 4 1.339390e-02
8 5 1.939240e-02
8 6 2.772930e-02
8 7 3.942070e-02
8 8 5.487260e-02
8 9 6.968580e-02
8 10 8.714420e-02
8 11 1.081150e-01
8 12 1.338210e-01
8 13 1.647900e-01
8 14 2.023480e-01
8 15 2.460450e-01
8 16 2.972340e-01
8 17 3.548500e-01
8 18 4.179210e-01
8 19 4.834430e-01
8 20 5.478920e-01
8 21 6.037650e-01
8 22 6.432650e-01
8 23 6.564570e-01
8 24 6.343740e-01
8 25 5.728110e-01
8 26 4.748450e-01
8 27 3.536360e-01
8 28 2.303340e-01
8 29 1.268240e-01
8 30 5.659540e-02
8 31 1.943050e-02
8 32 4.811360e-03
8 33 7.934680e-04
8 34 7.897720e-05
8 35 4.529420e-06
8 36 2.733090e-07
8 37 0.000000e+00
8 38 0.000000e+00
8 39 0.000000e+00
8 40 0.000000e+00
9 1 1.259240e-02
9 2 5.122270e-03
9 3 7.579010e-03
9 4 1.044710e-02
9 5 1.518470e-02
9 6 2.180340e-02
9 7 3.105000e-02
9 8 4.436870e-02
9 9 6.134590e-02
9 10 7.833160e-02
9 11 9.718650e-02
9 12 1.203020e-01
9 13 1.481530e-01
9 14 1.819380e-01
9 15 2.212530e-01
9 16 2.673200e-01
9 17 3.192130e-01
9 18 3.760260e-01
9 19 4.351220e-01
9 20 4.933370e-01
9 21 5.438860e-01
9 22 5.798220e-01
9 23 5.921060e-01
9 24 5.727740e-01
9 25 5.177950e-01
9 26 4.298780e-01
9 27 3.207470e-01
9 28 2.093760e-01
9 29 1.156150e-01
9 30 5.177470e-02
9 31 1.785230e-02
9 32 4.443940e-03
9 33 7.376380e-04
9 34 7.399670e-05
9 35 4.280640e-06
9 36 2.599090e-07
9 37 0.000000e+00
9 38 0.000000e+00
9 39 0.000000e+00
9 40 0.000000e+00
10 1 9.810740e-03
10 2 3.985240e-03
10 3 5.921410e-03
10 4 8.179780e-03
10 5 1.188210e-02
10 6 1.708560e-02
10 7 2.437600e-02
10 8 3.486490e-02
10 9 4.950390e-02
10 10 6.903120e-02
10 11 8.750070e-02
10 12 1.083200e-01
10 13 1.334110e-01
10 14 1.638530e-01
10 15 1.992890e-01
10 16 2.408300e-01
10 17 2.876480e-01
10 18 3.389470e-01
10 19 3.923730e-01
10 20 4.450890e-01
10 21 4.909650e-01
10 22 5.237900e-01
10 23 5.353710e-01
10 24 5.185080e-01
10 25 4.694220e-01
10 26 3.904280e-01
10 27 2.919840e-01
10 28 1.911300e-01
10 29 1.059090e-01
10 30 4.763360e-02
10 31 1.651140e-02
10 32 4.136730e-03
10 33 6.920600e-04
10 34 7.009530e-05
10 35 4.113010e-06
10 36 2.506160e-07
10 37 0.000000e+00
10 38 0.000000e+00
10 39 0.000000e+00
10 40 0.000000e+00
11 1 7.520260e-03
11 2 3.053810e-03
11 3 4.527320e-03
11 4 6.239770e-03
11 5 9.070550e-03
11 6 1.313100e-02
11 7 1.888530e-02
11 8 2.716400e-02
11 9 3.870820e-02
11 10 5.555640e-02
11 11 7.724510e-02
11 12 9.778740e-02
11 13 1.204520e-01
11 14 1.479600e-01
11 15 1.799900e-01
11 16 2.175630e-01
11 17 2.599310e-01
11 18 3.064060e-01
11 19 3.548700e-01
11 20 4.027830e-01
11 21 4.446200e-01
11 22 4.747680e-01
11 23 4.858350e-01
11 24 4.711980e-01
11 25 4.273540e-01
11 26 3.562330e-01
11 27 2.671590e-01
11 28 1.754850e-01
11 29 9.765390e-02
11 30 4.415310e-02
11 31 1.540380e-02
11 32 3.889600e-03
11 33 6.569300e-04
11 34 6.730920e-05
11 35 4.012240e-06
11 36 2.458160e-07
11 37 0.000000e+00
11 38 0.000000e+00
11 39 0.000000e+00
11 40 0.000000e+00
12 1 6.105490e-03
12 2 2.475630e-03
12 3 3.654920e-03
12 4 4.999460e-03
12 5 7.181910e-03
12 6 1.022890e-02
12 7 1.461850e-02
12 8 2.112340e-02
12 9 3.024230e-02
12 10 4.349940e-02
12 11 6.220620e-02
12 12 8.661100e-02
12 13 1.091410e-01
12 14 1.340890e-01
12 15 1.631560e-01
12 16 1.972730e-01
12 17 2.357770e-01
12 18 2.780610e-01
12 19 3.222200e-01
12 20 3.659960e-01
12 21 4.043910e-01
12 22 4.322820e-01
12 23 4.430010e-01
12 24 4.304100e-01
12 25 3.912260e-01
12 26 3.270150e-01
12 27 2.460870e-01
12 28 1.623370e-01
12 29 9.080450e-02
12 30 4.132050e-02
12 31 1.452840e-02
12 32 3.703280e-03
12 33 6.325840e-04
12 34 6.569420e-05
12 35 3.973200e-06
12 36 2.458090e-07
12 37 0.000000e+00
12 38 0.000000e+00
12 39 0.000000e+00
12 40 0.000000e+00
13 1 4.482010e-03
13 2 1.818260e-03
13 3 2.684400e-03
13 4 3.667680e-03
13 5 5.270340e-03
13 6 7.558400e-03
13 7 1.088220e-02
13 8 1.586060e-02
13 9 2.302120e-02
13 10 3.347930e-02
13 11 4.821470e-02
13 12 6.939410e-02
13 13 9.689050e-02
13 14 1.219850e-01
13 15 1.484660e-01
13 16 1.795770e-01
13 17 2.147210e-01
13 18 2.533710e-01
13 19 2.938190e-01
13 20 3.340300e-01
13 21 3.694740e-01
13 22 3.954800e-01
13 23 4.059620e-01
13 24 3.952880e-01
13 25 3.602610e-01
13 26 3.021320e-01
13 27 2.282940e-01
13 28 1.513700e-01
13 29 8.519890e-02
13 30 3.906850e-02
13 31 1.386520e-02
13 32 3.574390e-03
13 33 6.188980e-04
13 34 6.531830e-05
13 35 4.019610e-06
13 36 2.514510e-07
13 37 0.000000e+00
13 38 0.000000e+00
13 39 0.000000e+00
13 40 0.000000e+00
14 1 3.755310e-03
14 2 1.522880e-03
14 3 2.247690e-03
14 4 3.069900e-03
14 5 4.399700e-03
14 6 6.258940e-03
14 7 8.895440e-03
14 8 1.272750e-02
14 9 1.812330e-02
14 10 2.620470e-02
14 11 3.768550e-02
14 12 5.414320e-02
14 13 7.775970e-02
14 14 1.087310e-01
14 15 1.357240e-01
14 16 1.642360e-01
14 17 1.964880e-01
14 18 2.320200e-01
14 19 2.693010e-01
14 20 3.064910e-01
14 21 3.394880e-01
14 22 3.639870e-01
14 23 3.744030e-01
14 24 3.655540e-01
14 25 3.342670e-01
14 26 2.814920e-01
14 27 2.137740e-01
14 28 1.426250e-01
14 29 8.089090e-02
14 30 3.743770e-02
14 31 1.343510e-02
14 32 3.509930e-03
14 33 6.173790e-04
14 34 6.637010e-05
14 35 4.163860e-06
14 36 2.633800e-07
14 37 0.000000e+00
14 38 0.000000e+00
14 39 0.000000e+00
14 40 0.000000e+00
15 1 2.914330e-03
15 2 1.181890e-03
15 3 1.744550e-03
15 4 2.382820e-03
15 5 3.414300e-03
15 6 4.850730e-03
15 7 6.875060e-03
15 8 9.836970e-03
15 9 1.406500e-02
15 10 2.033600e-02
15 11 2.922710e-02
15 12 4.200270e-02
15 13 6.032980e-02
15 14 8.705490e-02
15 15 1.215320e-01
15 16 1.510850e-01
15 17 1.808760e-01
15 18 2.137680e-01
15 19 2.483810e-01
15 20 2.830520e-01
15 21 3.140560e-01
15 22 3.373970e-01
15 23 3.479150e-01
15 24 3.407920e-01
15 25 3.128620e-01
15 26 2.647530e-01
15 27 2.022870e-01
15 28 1.359550e-01
15 29 7.780690e-02
15 30 3.640560e-02
15 31 1.323760e-02
15 32 3.512780e-03
15 33 6.293860e-04
15 34 6.913880e-05
15 35 4.434820e-06
15 36 2.840670e-07
15 37 0.000000e+00
15 38 0.000000e+00
15 39 0.000000e+00
15 40 0.000000e+00
16 1 2.203120e-03
16 2 8.938200e-04
16 3 1.319460e-03
16 4 1.802500e-03
16 5 2.582980e-03
16 6 3.669830e-03
16 7 5.196150e-03
16 8 7.416260e-03
16 9 1.057900e-02
16 10 1.530620e-02
16 11 2.213090e-02
16 12 3.205070e-02
16 13 4.629430e-02
16 14 6.703910e-02
16 15 9.697650e-02
16 16 1.360960e-01
16 17 1.678070e-01
16 18 1.985180e-01
16 19 2.309560e-01
16 20 2.636110e-01
16 21 2.930560e-01
16 22 3.156200e-01
16 23 3.264170e-01
16 24 3.209490e-01
16 25 2.960330e-01
16 26 2.519700e-01
16 27 1.938920e-01
16 28 1.314500e-01
16 29 7.602820e-02
16 30 3.603080e-02
16 31 1.330380e-02
16 32 3.595170e-03
16 33 6.581030e-04
16 34 7.412420e-05
16 35 4.856700e-06
16 36 3.168140e-07
16 37 0.000000e+00
16 38 0.000000e+00
16 39 0.000000e+00
16 40 0.000000e+00
17 1 1.750550e-03
17 2 7.100500e-04
17 3 1.048160e-03
17 4 1.431810e-03
17 5 2.051850e-03
17 6 2.914630e-03
17 7 4.126240e-03
17 8 5.880790e-03
17 9 8.350770e-03
17 10 1.200110e-02
17 11 1.722500e-02
17 12 2.479810e-02
17 13 3.569400e-02
17 14 5.159060e-02
17 15 7.454070e-02
17 16 1.083490e-01
17 17 1.520870e-01
17 18 1.858310e-01
17 19 2.165270e-01
17 20 2.476290e-01
17 21 2.759490e-01
17 22 2.980910e-01
17 23 3.094080e-01
17 24 3.055920e-01
17 25 2.834770e-01
17 26 2.429630e-01
17 27 1.885540e-01
17 28 1.291600e-01
17 29 7.563670e-02
17 30 3.638490e-02
17 31 1.367560e-02
17 32 3.773610e-03
17 33 7.077900e-04
17 34 8.198850e-05
17 35 5.506330e-06
17 36 3.654130e-07
17 37 0.000000e+00
17 38 0.000000e+00
17 39 0.000000e+00
17 40 0.000000e+00
18 1 1.312620e-03
18 2 5.326310e-04
18 3 7.863230e-04
18 4 1.074220e-03
18 5 1.539570e-03
18 6 2.187530e-03
18 7 3.097630e-03
18 8 4.412690e-03
18 9 6.258100e-03
18 10 8.981260e-03
18 11 1.288670e-02
18 12 1.859860e-02
18 13 2.690390e-02
18 14 3.905630e-02
18 15 5.660800e-02
18 16 8.248500e-02
18 17 1.206070e-01
18 18 1.698530e-01
18 19 2.051960e-01
18 20 2.351870e-01
18 21 2.628200e-01
18 22 2.848930e-01
18 23 2.969730e-01
18 24 2.948370e-01
18 25 2.752980e-01
18 26 2.378520e-01
18 27 1.864020e-01
18 28 1.292140e-01
18 29 7.675620e-02
18 30 3.756130e-02
18 31 1.440860e-02
18 32 4.072130e-03
18 33 7.854050e-04
18 34 9.395930e-05
18 35 6.517710e-06
18 36 4.390590e-07
18 37 0.000000e+00
18 38 0.000000e+00
18 39 0.000000e+00
18 40 0.000000e+00
19 1 9.342580e-04
19 2 3.795010e-04
19 3 5.603920e-04
19 4 7.658330e-04
19 5 1.098020e-03
19 6 1.560860e-03
19 7 2.211340e-03
19 8 3.152170e-03
19 9 4.470410e-03
19 10 6.409890e-03
19 11 9.193210e-03
19 12 1.329370e-02
19 13 1.936220e-02
19 14 2.849000e-02
19 15 4.186050e-02
19 16 6.157510e-02
19 17 9.065760e-02
19 18 1.339820e-01
19 19 1.896590e-01
19 20 2.265220e-01
19 21 2.539280e-01
19 22 2.763320e-01
19 23 2.894530e-01
19 24 2.890580e-01
19 25 2.719070e-01
19 26 2.370540e-01
19 27 1.878430e-01
19 28 1.319720e-01
19 29 7.967560e-02
19 30 3.975190e-02
19 31 1.560590e-02
19 32 4.532690e-03
19 33 9.027070e-04
19 34 1.121000e-04
19 35 8.077360e-06
19 36 5.532970e-07
19 37 0.000000e+00
19 38 0.000000e+00
19 39 0.000000e+00
19 40 0.000000e+00
20 1 7.287730e-04
20 2 2.959180e-04
20 3 4.369180e-04
20 4 5.970110e-04
20 5 8.557820e-04
20 6 1.216350e-03
20 7 1.723010e-03
20 8 2.455380e-03
20 9 3.481200e-03
20 10 4.984240e-03
20 11 7.117060e-03
20 12 1.020960e-02
20 13 1.469770e-02
20 14 2.130820e-02
20 15 3.109110e-02
20 16 4.583480e-02
20 17 6.763710e-02
20 18 1.001340e-01
20 19 1.488680e-01
20 20 2.114540e-01
20 21 2.482840e-01
20 22 2.714630e-01
20 23 2.860390e-01
20 24 2.876920e-01
20 25 2.730120e-01
20 26 2.406040e-01
20 27 1.931650e-01
20 28 1.378650e-01
20 29 8.481850e-02
20 30 4.326900e-02
20 31 1.743720e-02
20 32 5.221350e-03
20 33 1.076940e-03
20 34 1.391830e-04
20 35 1.040160e-05
20 36 7.228330e-07
20 37 0.000000e+00
20 38 0.000000e+00
20 39 0.000000e+00
20 40 0.000000e+00
21 1 5.420820e-04
21 2 2.201780e-04
21 3 3.251240e-04
21 4 4.442980e-04
21 5 6.370110e-04
21 6 9.055310e-04
21 7 1.282950e-03
21 8 1.828770e-03
21 9 2.593440e-03
21 10 3.714410e-03
21 11 5.305780e-03
21 12 7.611720e-03
21 13 1.096120e-02
21 14 1.592670e-02
21 15 2.320000e-02
21 16 3.399570e-02
21 17 5.000930e-02
21 18 7.399520e-02
21 19 1.101130e-01
21 20 1.651730e-01
21 21 2.352370e-01
21 22 2.711570e-01
21 23 2.876270e-01
21 24 2.916480e-01
21 25 2.795140e-01
21 26 2.493610e-01
21 27 2.031700e-01
21 28 1.476030e-01
21 29 9.275360e-02
21 30 4.851820e-02
21 31 2.013450e-02
21 32 6.239150e-03
21 33 1.338640e-03
21 34 1.809970e-04
21 35 1.398230e-05
21 36 9.945930e-07
21 37 0.000000e+00
21 38 0.000000e+00
21 39 0.000000e+00
21 40 0.000000e+00
22 1 3.840260e-04
22 2 1.561450e-04
22 3 2.306070e-04
22 4 3.152080e-04
22 5 4.520460e-04
22 6 6.427900e-04
22 7 9.110920e-04
22 8 1.299460e-03
22 9 1.844080e-03
22 10 2.643330e-03
22 11 3.779460e-03
22 12 5.426340e-03
22 13 7.818010e-03
22 14 1.136540e-02
22 15 1.658560e-02
22 16 2.438830e-02
22 17 3.600660e-02
22 18 5.348670e-02
22 19 7.994180e-02
22 20 1.205040e-01
22 21 1.827880e-01
22 22 2.617460e-01
22 23 2.950130e-01
22 24 3.018620e-01
22 25 2.924600e-01
22 26 2.644430e-01
22 27 2.190050e-01
22 28 1.622670e-01
22 29 1.043930e-01
22 30 5.615370e-02
22 31 2.407880e-02
22 32 7.753570e-03
22 33 1.739230e-03
22 34 2.475110e-04
22 35 2.012290e-05
22 36 1.373720e-06
22 37 3.143960e-07
22 38 1.271650e-07
22 39 0.000000e+00
22 40 0.000000e+00
23 1 2.568080e-04
23 2 1.046000e-04
23 3 1.545330e-04
23 4 2.112890e-04
23 5 3.031340e-04
23 6 4.313100e-04
23 7 6.117280e-04
23 8 8.731860e-04
23 9 1.240490e-03
23 10 1.780510e-03
23 11 2.549920e-03
23 12 3.668120e-03
23 13 5.294160e-03
23 14 7.704060e-03
23 15 1.126110e-02
23 16 1.664340e-02
23 17 2.480260e-02
23 18 3.725800e-02
23 19 5.625780e-02
23 20 8.559450e-02
23 21 1.310230e-01
23 22 2.019440e-01
23 23 2.910050e-01
23 24 3.194520e-01
23 25 3.132700e-01
23 26 2.873850e-01
23 27 2.422900e-01
23 28 1.834190e-01
23 29 1.210890e-01
23 30 6.717050e-02
23 31 2.987260e-02
23 32 1.003970e-02
23 33 2.367740e-03
23 34 3.571110e-04
23 35 3.082220e-05
23 36 1.793180e-06
23 37 5.728030e-07
23 38 5.093450e-09
23 39 0.000000e+00
23 40 0.000000e+00
24 1 1.725060e-04
24 2 7.022350e-05
24 3 1.037580e-04
24 4 1.419160e-04
24 5 2.036830e-04
24 6 2.899090e-04
24 7 4.114290e-04
24 8 5.876950e-04
24 9 8.355270e-04
24 10 1.200510e-03
24 11 1.721600e-03
24 12 2.480540e-03
24 13 3.587070e-03
24 14 5.229270e-03
24 15 7.652140e-03
24 16 1.131780e-02
24 17 1.688800e-02
24 18 2.545490e-02
24 19 3.868720e-02
24 20 5.930760e-02
24 21 9.154340e-02
24 22 1.424040e-01
24 23 2.228030e-01
24 24 3.225870e-01
24 25 3.433240e-01
24 26 3.201890e-01
24 27 2.753320e-01
24 28 2.134940e-01
24 29 1.450610e-01
24 30 8.327380e-02
24 31 3.856450e-02
24 32 1.358920e-02
24 33 3.386670e-03
24 34 5.443250e-04
24 35 5.039630e-05
24 36 2.871590e-06
24 37 5.284620e-07
24 38 3.518950e-09
24 39 0.000000e+00
24 40 0.000000e+00
25 1 1.099070e-04
25 2 4.481010e-05
25 3 6.623320e-05
25 4 9.061800e-05
25 5 1.301160e-04
25 6 1.853220e-04
25 7 2.631820e-04
25 8 3.762730e-04
25 9 5.356020e-04
25 10 7.706210e-04
25 11 1.107010e-03
25 12 1.598540e-03
25 13 2.317720e-03
25 14 3.389530e-03
25 15 4.976800e-03
25 16 7.385820e-03
25 17 1.106720e-02
25 18 1.676820e-02
25 19 2.565800e-02
25 20 3.968390e-02
25 21 6.187170e-02
25 22 9.732950e-02
25 23 1.541820e-01
25 24 2.453710e-01
25 25 3.570410e-01
25 26 3.663070e-01
25 27 3.218510e-01
25 28 2.561670e-01
25 29 1.796130e-01
25 30 1.070630e-01
25 31 5.184190e-02
25 32 1.925170e-02
25 33 5.100540e-03
25 34 8.800440e-04
25 35 8.828160e-05
25 36 5.034010e-06
25 37 3.510050e-07
25 38 2.608420e-09
25 39 0.000000e+00
25 40 0.000000e+00
26 1 6.075730e-05
26 2 2.493280e-05
26 3 3.687080e-05
26 4 5.047630e-05
26 5 7.253050e-05
26 6 1.034010e-04
26 7 1.470200e-04
26 8 2.105100e-04
26 9 3.002050e-04
26 10 4.329460e-04
26 11 6.237480e-04
26 12 9.039410e-04
26 13 1.316430e-03
26 14 1.935660e-03
26 15 2.860640e-03
26 16 4.275820e-03
26 17 6.454390e-03
26 18 9.876580e-03
26 19 1.533030e-02
26 20 2.418660e-02
26 21 3.865370e-02
26 22 6.242120e-02
26 23 1.013700e-01
26 24 1.652880e-01
26 25 2.698410e-01
26 26 3.960200e-01
26 27 3.890370e-01
26 28 3.179130e-01
26 29 2.302430e-01
26 30 1.427520e-01
26 31 7.249510e-02
26 32 2.850690e-02
26 33 8.087280e-03
26 34 1.514010e-03
26 35 1.672620e-04
26 36 9.980450e-06
26 37 5.015000e-07
26 38 7.418130e-09
26 39 0.000000e+00
26 40 0.000000e+00
27 1 3.520710e-05
27 2 1.464100e-05
27 3 2.165660e-05
27 4 2.966270e-05
27 5 4.264880e-05
27 6 6.083500e-05
27 7 8.657220e-05
27 8 1.240940e-04
27 9 1.771920e-04
27 10 2.559670e-04
27 11 3.695250e-04
27 12 5.368380e-04
27 13 7.842570e-04
27 14 1.157580e-03
27 15 1.718810e-03
27 16 2.583930e-03
27 17 3.926100e-03
27 18 6.043450e-03
27 19 9.428790e-03
27 20 1.494670e-02
27 21 2.401930e-02
27 22 3.914670e-02
27 23 6.449510e-02
27 24 1.069760e-01
27 25 1.781000e-01
27 26 2.960830e-01
27 27 4.353700e-01
27 28 4.064720e-01
27 29 3.054230e-01
27 30 1.980120e-01
27 31 1.060680e-01
27 32 4.441850e-02
27 33 1.356480e-02
27 34 2.765640e-03
27 35 3.369780e-04
27 36 2.167160e-05
27 37 7.771660e-07
27 38 2.096620e-08
27 39 6.549500e-10
27 40 0.000000e+00
28 1 1.766580e-05
28 2 7.467680e-06
28 3 1.105270e-05
28 4 1.514700e-05
28 5 2.179390e-05
28 6 3.112090e-05
28 7 4.433900e-05
28 8 6.364680e-05
28 9 9.105270e-05
28 10 1.318340e-04
28 11 1.908710e-04
28 12 2.783070e-04
28 13 4.083940e-04
28 14 6.061190e-04
28 15 9.060960e-04
28 16 1.373600e-03
28 17 2.108300e-03
28 18 3.283760e-03
28 19 5.191430e-03
28 20 8.352230e-03
28 21 1.364470e-02
28 22 2.266610e-02
28 23 3.819600e-02
28 24 6.499720e-02
28 25 1.112660e-01
28 26 1.905930e-01
28 27 3.245010e-01
28 28 4.784440e-01
28 29 4.202060e-01
28 30 2.853700e-01
28 31 1.617710e-01
28 32 7.249230e-02
28 33 2.399820e-02
28 34 5.381300e-03
28 35 7.329420e-04
28 36 5.302380e-05
28 37 1.940000e-06
28 38 6.297560e-08
28 39 2.291650e-09
28 40 0.000000e+00
29 1 7.290480e-06
29 2 3.289120e-06
29 3 4.871690e-06
29 4 6.681510e-06
29 5 9.620340e-06
29 6 1.374760e-05
29 7 1.960710e-05
29 8 2.818170e-05
29 9 4.038340e-05
29 10 5.859390e-05
29 11 8.505590e-05
29 12 1.244310e-04
29 13 1.833690e-04
29 14 2.736280e-04
29 15 4.118700e-04
29 16 6.297600e-04
29 17 9.771890e-04
29 18 1.543120e-03
29 19 2.481380e-03
29 20 4.075000e-03
29 21 6.820080e-03
29 22 1.163730e-02
29 23 2.020250e-02
29 24 3.558070e-02
29 25 6.333630e-02
29 26 1.132530e-01
29 27 2.018000e-01
29 28 3.548520e-01
29 29 5.258490e-01
29 30 4.290120e-01
29 31 2.575200e-01
29 32 1.238790e-01
29 33 4.469930e-02
29 34 1.112220e-02
29 35 1.715650e-03
29 36 1.435500e-04
29 37 5.845050e-06
29 38 1.974890e-07
29 39 6.994060e-09
29 40 0.000000e+00
30 1 2.617300e-06
30 2 1.329980e-06
30 3 2.012130e-06
30 4 2.784770e-06
30 5 4.018310e-06
30 6 5.752690e-06
30 7 8.219770e-06
30 8 1.184170e-05
30 9 1.701600e-05
30 10 2.477760e-05
30 11 3.612810e-05
30 12 5.314430e-05
30 13 7.884310e-05
30 14 1.186230e-04
30 15 1.803490e-04
30 16 2.791370e-04
30 17 4.394850e-04
30 18 7.060990e-04
30 19 1.158760e-03
30 20 1.948470e-03
30 21 3.347720e-03
30 22 5.867030e-03
30 23 1.044800e-02
30 24 1.885580e-02
30 25 3.443440e-02
30 26 6.349840e-02
30 27 1.173740e-01
30 28 2.152290e-01
30 29 3.867480e-01
30 30 5.711040e-01
30 31 4.284240e-01
30 32 2.226060e-01
30 33 8.816530e-02
30 34 2.450000e-02
30 35 4.301780e-03
30 36 4.185030e-04
30 37 1.942160e-05
30 38 6.029480e-07
30 39 2.139330e-08
30 40 0.000000e+00
31 1 6.484690e-07
31 2 3.710630e-07
31 3 6.053640e-07
31 4 8.883150e-07
31 5 1.337360e-06
31 6 1.952630e-06
31 7 2.815530e-06
31 8 4.072010e-06
31 9 5.874380e-06
31 10 8.592740e-06
31 11 1.259910e-05
31 12 1.865770e-05
31 13 2.790700e-05
31 14 4.239660e-05
31 15 6.520180e-05
31 16 1.022830e-04
31 17 1.635920e-04
31 18 2.676840e-04
31 19 4.487360e-04
31 20 7.735130e-04
31 21 1.369100e-03
31 22 2.487300e-03
31 23 4.610990e-03
31 24 8.677060e-03
31 25 1.652280e-02
31 26 3.178990e-02
31 27 6.167710e-02
31 28 1.195040e-01
31 29 2.279710e-01
31 30 4.215320e-01
31 31 6.186470e-01
31 32 4.189230e-01
31 33 1.828610e-01
31 34 5.723070e-02
31 35 1.158490e-02
31 36 1.331470e-03
31 37 7.378110e-05
31 38 2.048070e-06
31 39 6.677350e-08
31 40 0.000000e+00
32 1 1.230300e-07
32 2 7.042710e-08
32 3 1.165210e-07
32 4 1.782450e-07
32 5 2.856050e-07
32 6 4.524940e-07
32 7 7.062990e-07
32 8 1.082850e-06
32 9 1.605930e-06
32 10 2.378150e-06
32 11 3.510500e-06
32 12 5.233590e-06
32 13 7.891770e-06
32 14 1.210980e-05
32 15 1.885330e-05
32 16 3.002200e-05
32 17 4.890330e-05
32 18 8.180610e-05
32 19 1.407770e-04
32 20 2.502990e-04
32 21 4.595540e-04
32 22 8.723630e-04
32 23 1.705870e-03
32 24 3.406500e-03
32 25 6.876440e-03
32 26 1.393310e-02
32 27 2.849310e-02
32 28 5.872170e-02
32 29 1.202630e-01
32 30 2.401090e-01
32 31 4.580920e-01
32 32 6.665140e-01
32 33 3.997660e-01
32 34 1.413650e-01
32 35 3.326410e-02
32 36 4.582530e-03
32 37 3.141430e-04
32 38 9.083040e-06
32 39 2.174810e-07
32 40 1.245830e-09
33 1 1.972810e-08
33 2 1.129310e-08
33 3 1.868430e-08
33 4 2.858190e-08
33 5 4.579740e-08
33 6 7.275390e-08
33 7 1.150650e-07
33 8 1.828670e-07
33 9 2.886250e-07
33 10 4.588200e-07
33 11 7.222130e-07
33 12 1.120090e-06
33 13 1.723860e-06
33 14 2.683490e-06
33 15 4.240310e-06
33 16 6.871540e-06
33 17 1.143410e-05
33 18 1.962300e-05
33 19 3.482170e-05
33 20 6.421690e-05
33 21 1.230780e-04
33 22 2.456330e-04
33 23 5.095960e-04
33 24 1.093030e-03
33 25 2.388160e-03
33 26 5.184410e-03
33 27 1.126410e-02
33 28 2.477790e-02
33 29 5.487040e-02
33 30 1.198340e-01
33 31 2.518110e-01
33 32 4.963590e-01
33 33 7.128990e-01
33 34 3.705630e-01
33 35 1.016450e-01
33 36 1.693940e-02
33 37 1.462080e-03
33 38 5.348200e-05
33 39 9.716640e-07
33 40 2.970150e-08
34 1 2.988040e-09
34 2 1.710470e-09
34 3 2.829950e-09
34 4 4.329050e-09
34 5 6.936530e-09
34 6 1.101940e-08
34 7 1.742780e-08
34 8 2.769720e-08
34 9 4.371680e-08
34 10 6.955610e-08
34 11 1.101190e-07
34 12 1.744990e-07
34 13 2.762670e-07
34 14 4.401490e-07
34 15 7.086750e-07
34 16 1.170440e-06
34 17 1.991500e-06
34 18 3.510300e-06
34 19 6.440850e-06
34 20 1.234250e-05
34 21 2.470290e-05
34 22 5.176840e-05
34 23 1.134800e-04
34 24 2.596100e-04
34 25 6.159550e-04
34 26 1.490630e-03
34 27 3.569990e-03
34 28 8.543130e-03
34 29 2.069760e-02
34 30 5.014850e-02
34 31 1.182650e-01
34 32 2.632980e-01
34 33 5.368040e-01
34 34 7.559820e-01
34 35 3.319290e-01
34 36 6.708560e-02
34 37 7.372750e-03
34 38 3.603240e-04
34 39 6.596220e-06
34 40 2.580480e-07
35 1 5.243300e-10
35 2 3.001500e-10
35 3 4.965900e-10
35 4 7.596500e-10
35 5 1.217200e-09
35 6 1.933650e-09
35 7 3.058170e-09
35 8 4.860200e-09
35 9 7.671270e-09
35 10 1.220550e-08
35 11 1.932330e-08
35 12 3.062050e-08
35 13 4.847650e-08
35 14 7.695600e-08
35 15 1.218060e-07
35 16 1.932310e-07
35 17 3.100550e-07
35 18 5.167190e-07
35 19 9.111790e-07
35 20 1.742270e-06
35 21 3.606990e-06
35 22 7.921270e-06
35 23 1.831290e-05
35 24 4.443990e-05
35 25 1.127560e-04
35 26 2.935030e-04
35 27 7.769690e-04
35 28 2.115450e-03
35 29 5.882750e-03
35 30 1.638850e-02
35 31 4.465520e-02
35 32 1.155350e-01
35 33 2.744990e-01
35 34 5.787410e-01
35 35 7.940040e-01
35 36 2.863490e-01
35 37 4.001500e-02
35 38 2.654780e-03
35 39 6.513270e-05
35 40 1.323160e-06
36 1 1.330300e-10
36 2 7.614900e-11
36 3 1.259900e-10
36 4 1.927300e-10
36 5 3.088100e-10
36 6 4.905800e-10
36 7 7.758700e-10
36 8 1.233060e-09
36 9 1.946240e-09
36 10 3.096590e-09
36 11 4.902420e-09
36 12 7.768580e-09
36 13 1.229880e-08
36 14 1.952420e-08
36 15 3.090280e-08
36 16 4.901840e-08
36 17 7.768870e-08
36 18 1.231380e-07
36 19 1.950240e-07
36 20 3.099390e-07
36 21 5.169940e-07
36 22 9.482010e-07
36 23 2.029680e-06
36 24 5.127110e-06
36 25 1.448300e-05
36 26 4.409890e-05
36 27 1.367450e-04
36 28 4.165280e-04
36 29 1.271830e-03
36 30 3.967290e-03
36 31 1.249700e-02
36 32 3.838470e-02
36 33 1.103020e-01
36 34 2.831460e-01
36 35 6.215850e-01
36 36 8.273270e-01
36 37 2.370140e-01
36 38 2.113820e-02
36 39 7.599830e-04
36 40 8.662050e-06
37 1 3.940200e-11
37 2 2.255500e-11
37 3 3.731700e-11
37 4 5.708500e-11
37 5 9.146900e-11
37 6 1.453100e-10
37 7 2.298100e-10
37 8 3.652300e-10
37 9 5.764700e-10
37 10 9.172100e-10
37 11 1.452090e-09
37 12 2.301040e-09
37 13 3.642880e-09
37 14 5.783030e-09
37 15 9.153360e-09
37 16 1.451920e-08
37 17 2.301130e-08
37 18 3.647330e-08
37 19 5.776570e-08
37 20 9.160240e-08
37 21 1.451470e-07
37 22 2.300880e-07
37 23 3.657940e-07
37 24 6.172730e-07
37 25 1.343130e-06
37 26 3.982330e-06
37 27 1.477520e-05
37 28 5.636750e-05
37 29 2.049470e-04
37 30 7.225430e-04
37 31 2.548830e-03
37 32 9.133280e-03
37 33 3.203180e-02
37 34 1.036840e-01
37 35 2.905260e-01
37 36 6.655460e-01
37 37 8.530030e-01
37 38 1.874050e-01
37 39 9.705200e-03
37 40 1.670950e-04
38 1 1.786900e-11
38 2 1.022900e-11
38 3 1.692300e-11
38 4 2.588800e-11
38 5 4.148100e-11
38 6 6.589600e-11
38 7 1.042200e-10
38 8 1.656300e-10
38 9 2.614300e-10
38 10 4.159500e-10
38 11 6.585100e-10
38 12 1.043510e-09
38 13 1.652020e-09
38 14 2.622570e-09
38 15 4.150990e-09
38 16 6.584360e-09
38 17 1.043550e-08
38 18 1.654040e-08
38 19 2.619640e-08
38 20 4.154110e-08
38 21 6.582310e-08
38 22 1.043440e-07
38 23 1.653730e-07
38 24 2.620920e-07
38 25 4.195160e-07
38 26 7.302830e-07
38 27 1.717230e-06
38 28 6.515390e-06
38 29 2.723550e-05
38 30 1.052370e-04
38 31 3.989430e-04
38 32 1.564290e-03
38 33 6.386530e-03
38 34 2.590060e-02
38 35 9.595170e-02
38 36 2.966970e-01
38 37 7.101610e-01
38 38 8.697450e-01
38 39 1.414420e-01
38 40 3.808000e-03
39 1 7.273600e-12
39 2 4.163700e-12
39 3 6.888700e-12
39 4 1.053800e-11
39 5 1.688500e-11
39 6 2.682400e-11
39 7 4.242300e-11
39 8 6.742100e-11
39 9 1.064200e-10
39 10 1.693200e-10
39 11 2.680600e-10
39 12 4.247700e-10
39 13 6.724700e-10
39 14 1.067550e-09
39 15 1.689700e-09
39 16 2.680230e-09
39 17 4.247870e-09
39 18 6.732960e-09
39 19 1.066350e-08
39 20 1.690980e-08
39 21 2.679400e-08
39 22 4.247410e-08
39 23 6.731670e-08
39 24 1.066770e-07
39 25 1.690800e-07
39 26 2.680090e-07
39 27 4.324800e-07
39 28 8.303990e-07
39 29 2.726230e-06
39 30 1.168100e-05
39 31 4.818820e-05
39 32 2.003390e-04
39 33 8.855450e-04
39 34 4.204280e-03
39 35 2.018340e-02
39 36 8.743360e-02
39 37 3.020270e-01
39 38 7.550950e-01
39 39 8.767550e-01
39 40 1.032500e-01
40 1 3.520300e-12
40 2 2.015100e-12
40 3 3.334000e-12
40 4 5.100100e-12
40 5 8.172000e-12
40 6 1.298200e-11
40 7 2.053200e-11
40 8 3.263000e-11
40 9 5.150300e-11
40 10 8.194500e-11
40 11 1.297300e-10
40 12 2.055800e-10
40 13 3.254600e-10
40 14 5.166700e-10
40 15 8.177800e-10
40 16 1.297170e-09
40 17 2.055880e-09
40 18 3.258600e-09
40 19 5.160910e-09
40 20 8.183950e-09
40 21 1.296770e-08
40 22 2.055650e-08
40 23 3.257980e-08
40 24 5.162910e-08
40 25 8.183120e-08
40 26 1.296930e-07
40 27 2.055480e-07
40 28 3.257710e-07
40 29 5.229870e-07
40 30 1.036910e-06
40 31 3.259240e-06
40 32 1.333520e-05
40 33 6.565640e-05
40 34 3.738600e-04
40 35 2.339710e-03
40 36 1.457750e-02
40 37 7.802770e-02
40 38 3.076260e-01
40 39 8.009010e-01
40 40 9.444880e-01
