1 5.789500e+04
2 5.165440e+04
3 4.601190e+04
4 4.098830e+04
5 3.655290e+04
6 3.257890e+04
7 2.903480e+04
8 2.586820e+04
9 2.306260e+04
10 2.055050e+04
11 1.831150e+04
12 1.632510e+04
13 1.454730e+04
14 1.296720e+04
15 1.155470e+04
16 1.029990e+04
17 9.179910e+03
18 8.179170e+03
19 7.292110e+03
20 6.497710e+03
21 5.790390e+03
22 5.162290e+03
23 4.599800e+03
24 4.099170e+03
25 3.653200e+03
26 3.256890e+03
27 2.902060e+03
28 2.586190e+03
29 2.305680e+03
30 2.054550e+03
31 1.831180e+03
32 1.633110e+03
33 1.455890e+03
34 1.298190e+03
35 1.157140e+03
36 1.032390e+03
37 9.223490e+02
38 8.243600e+02
39 7.331750e+02
40 6.520940e+02
