1 2.039350e+01
2 1.821720e+01
3 1.625210e+01
4 1.450560e+01
5 1.296700e+01
6 1.159210e+01
7 1.037010e+01
8 9.282960e+00
9 8.324980e+00
10 7.472860e+00
11 6.719760e+00
12 6.058700e+00
13 5.474640e+00
14 4.963960e+00
15 4.516480e+00
16 4.128750e+00
17 3.793030e+00
18 3.503860e+00
19 3.258900e+00
20 3.050760e+00
21 2.876780e+00
22 2.733270e+00
23 2.614860e+00
24 2.518870e+00
25 2.441630e+00
26 2.380100e+00
27 2.330850e+00
28 2.291870e+00
29 2.261130e+00
30 2.236610e+00
31 2.217190e+00
32 2.201850e+00
33 2.189580e+00
34 2.179870e+00
35 2.172120e+00
36 2.165980e+00
37 2.161120e+00
38 2.157270e+00
39 2.154090e+00
40 2.151560e+00
