1 1.365240e-03
2 1.351580e-03
3 1.337600e-03
4 1.323300e-03
5 1.308660e-03
6 1.293680e-03
7 1.278360e-03
8 1.262670e-03
9 1.246620e-03
10 1.230410e-03
11 1.216970e-03
12 1.204280e-03
13 1.191300e-03
14 1.178020e-03
15 1.164430e-03
16 1.150510e-03
17 1.136280e-03
18 1.121970e-03
19 1.109790e-03
20 1.097960e-03
21 1.085850e-03
22 1.073470e-03
23 1.060790e-03
24 1.047810e-03
25 1.035180e-03
26 1.024140e-03
27 1.012960e-03
28 1.001520e-03
29 9.898200e-04
30 9.778460e-04
31 9.665910e-04
32 9.565600e-04
33 9.463070e-04
34 9.358180e-04
35 9.250840e-04
36 9.140980e-04
37 9.028600e-04
38 8.915840e-04
39 8.818630e-04
40 8.723090e-04
41 8.625360e-04
42 8.525330e-04
43 8.422960e-04
44 8.318260e-04
45 8.222920e-04
46 8.134550e-04
47 8.044140e-04
48 7.951600e-04
49 7.856910e-04
50 7.762240e-04
51 7.678070e-04
52 7.593950e-04
53 7.507870e-04
54 7.419780e-04
55 7.332830e-04
56 7.257490e-04
57 7.181930e-04
58 7.104610e-04
59 7.025470e-04
60 6.944510e-04
61 6.861650e-04
62 6.776850e-04
63 6.690360e-04
64 6.615710e-04
65 6.547050e-04
66 6.476780e-04
67 6.404870e-04
68 6.331310e-04
69 6.256010e-04
70 6.179050e-04
71 6.111080e-04
72 6.048900e-04
73 5.985270e-04
74 5.920150e-04
75 5.853520e-04
76 5.785350e-04
77 5.715570e-04
78 5.644180e-04
79 5.571130e-04
80 5.498090e-04
81 5.438620e-04
82 5.381330e-04
83 5.322730e-04
84 5.262760e-04
85 5.201380e-04
86 5.138580e-04
87 5.074320e-04
88 5.010500e-04
89 4.957280e-04
90 4.904900e-04
91 4.851310e-04
92 4.796460e-04
93 4.740330e-04
94 4.682910e-04
95 4.628210e-04
96 4.580770e-04
97 4.532470e-04
98 4.483060e-04
99 4.432500e-04
100 4.380750e-04
101 4.332490e-04
102 4.287840e-04
103 4.242160e-04
104 4.195410e-04
105 4.147560e-04
106 4.098610e-04
107 4.048520e-04
108 3.997250e-04
109 3.944800e-04
110 3.891950e-04
111 3.850570e-04
112 3.812490e-04
113 3.773520e-04
114 3.733660e-04
115 3.692860e-04
116 3.651110e-04
117 3.608390e-04
118 3.565540e-04
119 3.530190e-04
120 3.496170e-04
121 3.461360e-04
122 3.425740e-04
123 3.389290e-04
124 3.351990e-04
125 3.313820e-04
126 3.274760e-04
127 3.234790e-04
128 3.193900e-04
129 3.152050e-04
130 3.109220e-04
131 3.071790e-04
132 3.043000e-04
133 3.013620e-04
134 2.983570e-04
135 2.952810e-04
136 2.921330e-04
137 2.889120e-04
138 2.856160e-04
139 2.822430e-04
140 2.787920e-04
141 2.752610e-04
142 2.716470e-04
143 2.679490e-04
144 2.641680e-04
145 2.610860e-04
146 2.585490e-04
147 2.559530e-04
148 2.532960e-04
149 2.505770e-04
150 2.477950e-04
151 2.449490e-04
152 2.420350e-04
153 2.390550e-04
154 2.360040e-04
155 2.330700e-04
156 2.308660e-04
157 2.287010e-04
158 2.264840e-04
159 2.242160e-04
160 2.218960e-04
161 2.195210e-04
162 2.170910e-04
163 2.146050e-04
164 2.120610e-04
165 2.094570e-04
166 2.067920e-04
167 2.040660e-04
168 2.012760e-04
169 1.984210e-04
170 1.955050e-04
171 1.931510e-04
172 1.911740e-04
173 1.891510e-04
174 1.870810e-04
175 1.849620e-04
176 1.827950e-04
177 1.805770e-04
178 1.783070e-04
179 1.759840e-04
180 1.736740e-04
181 1.719020e-04
182 1.702280e-04
183 1.685160e-04
184 1.667630e-04
185 1.649690e-04
186 1.631340e-04
187 1.612560e-04
188 1.593850e-04
189 1.577860e-04
190 1.562030e-04
191 1.545840e-04
192 1.529270e-04
193 1.512320e-04
194 1.494970e-04
195 1.477210e-04
196 1.459040e-04
197 1.440460e-04
198 1.421430e-04
199 1.401960e-04
200 1.382040e-04
