1 1.365440e-03
2 1.351770e-03
3 1.337790e-03
4 1.323480e-03
5 1.308830e-03
6 1.293850e-03
7 1.278510e-03
8 1.262820e-03
9 1.246770e-03
10 1.230540e-03
11 1.217110e-03
12 1.204420e-03
13 1.191440e-03
14 1.178160e-03
15 1.164570e-03
16 1.150660e-03
17 1.136430e-03
18 1.122120e-03
19 1.109930e-03
20 1.098080e-03
21 1.085950e-03
22 1.073540e-03
23 1.060840e-03
24 1.047840e-03
25 1.035170e-03
26 1.024100e-03
27 1.012890e-03
28 1.001410e-03
29 9.896750e-04
30 9.776620e-04
31 9.663870e-04
32 9.563640e-04
33 9.461210e-04
34 9.356410e-04
35 9.249160e-04
36 9.139400e-04
37 9.027110e-04
38 8.914490e-04
39 8.817700e-04
40 8.722650e-04
41 8.625410e-04
42 8.525900e-04
43 8.424050e-04
44 8.319890e-04
45 8.224650e-04
46 8.136040e-04
47 8.045380e-04
48 7.952590e-04
49 7.857650e-04
50 7.762700e-04
51 7.678120e-04
52 7.593560e-04
53 7.507040e-04
54 7.418490e-04
55 7.331150e-04
56 7.255780e-04
57 7.180220e-04
58 7.102900e-04
59 7.023760e-04
60 6.942800e-04
61 6.859950e-04
62 6.775150e-04
63 6.688670e-04
64 6.614210e-04
65 6.545870e-04
66 6.475930e-04
67 6.404340e-04
68 6.331110e-04
69 6.256170e-04
70 6.179560e-04
71 6.111840e-04
72 6.049850e-04
73 5.986410e-04
74 5.921490e-04
75 5.855060e-04
76 5.787090e-04
77 5.717530e-04
78 5.646340e-04
79 5.573510e-04
80 5.500670e-04
81 5.441090e-04
82 5.383630e-04
83 5.324840e-04
84 5.264680e-04
85 5.203110e-04
86 5.140110e-04
87 5.075650e-04
88 5.011620e-04
89 4.958150e-04
90 4.905520e-04
91 4.851670e-04
92 4.796550e-04
93 4.740150e-04
94 4.682450e-04
95 4.627560e-04
96 4.580110e-04
97 4.531820e-04
98 4.482400e-04
99 4.431840e-04
100 4.380090e-04
101 4.331960e-04
102 4.287550e-04
103 4.242130e-04
104 4.195640e-04
105 4.148060e-04
106 4.099380e-04
107 4.049570e-04
108 3.998590e-04
109 3.946430e-04
110 3.893860e-04
111 3.852320e-04
112 3.813940e-04
113 3.774660e-04
114 3.734480e-04
115 3.693350e-04
116 3.651260e-04
117 3.608200e-04
118 3.565030e-04
119 3.529630e-04
120 3.495620e-04
121 3.460830e-04
122 3.425230e-04
123 3.388790e-04
124 3.351500e-04
125 3.313350e-04
126 3.274310e-04
127 3.234360e-04
128 3.193480e-04
129 3.151640e-04
130 3.108830e-04
131 3.071420e-04
132 3.042640e-04
133 3.013270e-04
134 2.983220e-04
135 2.952470e-04
136 2.921000e-04
137 2.888800e-04
138 2.855850e-04
139 2.822130e-04
140 2.787630e-04
141 2.752330e-04
142 2.716200e-04
143 2.679230e-04
144 2.641430e-04
145 2.610620e-04
146 2.585260e-04
147 2.559300e-04
148 2.532740e-04
149 2.505560e-04
150 2.477750e-04
151 2.449290e-04
152 2.420170e-04
153 2.390370e-04
154 2.359880e-04
155 2.330540e-04
156 2.308510e-04
157 2.286860e-04
158 2.264700e-04
159 2.242030e-04
160 2.218830e-04
161 2.195090e-04
162 2.170790e-04
163 2.145940e-04
164 2.120500e-04
165 2.094460e-04
166 2.067830e-04
167 2.040570e-04
168 2.012680e-04
169 1.984130e-04
170 1.954980e-04
171 1.931470e-04
172 1.911750e-04
173 1.891560e-04
174 1.870910e-04
175 1.849770e-04
176 1.828150e-04
177 1.806020e-04
178 1.783370e-04
179 1.760200e-04
180 1.737140e-04
181 1.719390e-04
182 1.702590e-04
183 1.685410e-04
184 1.667830e-04
185 1.649830e-04
186 1.631420e-04
187 1.612580e-04
188 1.593810e-04
189 1.577860e-04
190 1.562100e-04
191 1.545970e-04
192 1.529460e-04
193 1.512570e-04
194 1.495290e-04
195 1.477600e-04
196 1.459500e-04
197 1.440980e-04
198 1.422030e-04
199 1.402640e-04
200 1.382790e-04
