1 7.461480e-02
2 7.461480e-02
3 7.461480e-02
4 7.461480e-02
5 7.461480e-02
6 7.461480e-02
7 7.461480e-02
8 7.461480e-02
9 7.461480e-02
10 7.461480e-02
11 7.461480e-02
12 7.461480e-02
13 7.461480e-02
14 7.461480e-02
15 7.461480e-02
16 7.461480e-02
17 7.461480e-02
18 7.461480e-02
19 7.461480e-02
20 7.461480e-02
21 7.461480e-02
22 7.461480e-02
23 7.461480e-02
24 7.461480e-02
25 7.461480e-02
26 7.461480e-02
27 7.461480e-02
28 7.461480e-02
29 7.461480e-02
30 7.461480e-02
31 7.461480e-02
32 7.461480e-02
33 7.461480e-02
34 7.461480e-02
35 7.461480e-02
36 7.461480e-02
37 7.461480e-02
38 7.461480e-02
39 7.461480e-02
40 7.461480e-02
41 7.461480e-02
42 7.461480e-02
43 7.461480e-02
44 7.461480e-02
45 7.461480e-02
46 7.461480e-02
47 7.461480e-02
48 7.461480e-02
49 7.461480e-02
50 7.461480e-02
51 7.461480e-02
52 7.461480e-02
53 7.461480e-02
54 7.461480e-02
55 7.461480e-02
56 7.461480e-02
57 7.461480e-02
58 7.461480e-02
59 7.461480e-02
60 7.461480e-02
61 7.461480e-02
62 7.461480e-02
63 7.461480e-02
64 7.461480e-02
65 7.461480e-02
66 7.461480e-02
67 7.461480e-02
68 7.461480e-02
69 7.461480e-02
70 7.461480e-02
71 7.461480e-02
72 7.461480e-02
73 7.461480e-02
74 7.461480e-02
75 7.461480e-02
76 7.461480e-02
77 7.461480e-02
78 7.461480e-02
79 7.461480e-02
80 7.461480e-02
81 7.461480e-02
82 7.461480e-02
83 7.461480e-02
84 7.461480e-02
85 7.461480e-02
86 7.461480e-02
87 7.461480e-02
88 7.461480e-02
89 7.461480e-02
90 7.461480e-02
91 7.461480e-02
92 7.461480e-02
93 7.461480e-02
94 7.461480e-02
95 7.461480e-02
96 7.461480e-02
97 7.461480e-02
98 7.461480e-02
99 7.461480e-02
100 7.461480e-02
101 7.461480e-02
102 7.461480e-02
103 7.461480e-02
104 7.461480e-02
105 7.461480e-02
106 7.461480e-02
107 7.461480e-02
108 7.461480e-02
109 7.461480e-02
110 7.461480e-02
111 7.461480e-02
112 7.461480e-02
113 7.461480e-02
114 7.461480e-02
115 7.461480e-02
116 7.461480e-02
117 7.461480e-02
118 7.461480e-02
119 7.461480e-02
120 7.461480e-02
121 7.461480e-02
122 7.461480e-02
123 7.461480e-02
124 7.461480e-02
125 7.461480e-02
126 7.461480e-02
127 7.461480e-02
128 7.461480e-02
129 7.461480e-02
130 7.461480e-02
131 7.461480e-02
132 7.461480e-02
133 7.461480e-02
134 7.461480e-02
135 7.461480e-02
136 7.461480e-02
137 7.461480e-02
138 7.461480e-02
139 7.461480e-02
140 7.461480e-02
141 7.461480e-02
142 7.461480e-02
143 7.461480e-02
144 7.461480e-02
145 7.461480e-02
146 7.461480e-02
147 7.461480e-02
148 7.461480e-02
149 7.461480e-02
150 7.461480e-02
151 7.461480e-02
152 7.461480e-02
153 7.461480e-02
154 7.461480e-02
155 7.461480e-02
156 7.461480e-02
157 7.461480e-02
158 7.461480e-02
159 7.461480e-02
160 7.461480e-02
161 7.461480e-02
162 7.461480e-02
163 7.461480e-02
164 7.461480e-02
165 7.461480e-02
166 7.461480e-02
167 7.461480e-02
168 7.461480e-02
169 7.461480e-02
170 7.461480e-02
171 7.461480e-02
172 7.461480e-02
173 7.461480e-02
174 7.461480e-02
175 7.461480e-02
176 7.461480e-02
177 7.461480e-02
178 7.461480e-02
179 7.461480e-02
180 7.461480e-02
181 7.461480e-02
182 7.461480e-02
183 7.461480e-02
184 7.461480e-02
185 7.461480e-02
186 7.461480e-02
187 7.461480e-02
188 7.461480e-02
189 7.461480e-02
190 7.461480e-02
191 7.461480e-02
192 7.461480e-02
193 7.461480e-02
194 7.461480e-02
195 7.461480e-02
196 7.461480e-02
197 7.461480e-02
198 7.461480e-02
199 7.461480e-02
200 7.461480e-02
