1 1.365600e-03
2 1.351920e-03
3 1.337920e-03
4 1.323590e-03
5 1.308930e-03
6 1.293930e-03
7 1.278580e-03
8 1.262870e-03
9 1.246800e-03
10 1.230560e-03
11 1.217120e-03
12 1.204440e-03
13 1.191460e-03
14 1.178180e-03
15 1.164590e-03
16 1.150680e-03
17 1.136450e-03
18 1.122140e-03
19 1.109950e-03
20 1.098100e-03
21 1.085970e-03
22 1.073550e-03
23 1.060850e-03
24 1.047850e-03
25 1.035180e-03
26 1.024100e-03
27 1.012880e-03
28 1.001400e-03
29 9.896460e-04
30 9.776230e-04
31 9.663420e-04
32 9.563190e-04
33 9.460750e-04
34 9.355960e-04
35 9.248700e-04
36 9.138940e-04
37 9.026660e-04
38 8.914050e-04
39 8.817380e-04
40 8.722490e-04
41 8.625410e-04
42 8.526050e-04
43 8.424370e-04
44 8.320370e-04
45 8.225170e-04
46 8.136510e-04
47 8.045800e-04
48 7.952960e-04
49 7.857960e-04
50 7.762930e-04
51 7.678170e-04
52 7.593420e-04
53 7.506690e-04
54 7.417930e-04
55 7.330420e-04
56 7.255030e-04
57 7.179480e-04
58 7.102150e-04
59 7.023020e-04
60 6.942060e-04
61 6.859210e-04
62 6.774410e-04
63 6.687930e-04
64 6.613600e-04
65 6.545440e-04
66 6.475690e-04
67 6.404300e-04
68 6.331280e-04
69 6.256540e-04
70 6.180140e-04
71 6.112560e-04
72 6.050660e-04
73 5.987320e-04
74 5.922500e-04
75 5.856170e-04
76 5.788310e-04
77 5.718850e-04
78 5.647780e-04
79 5.575060e-04
80 5.502300e-04
81 5.442660e-04
82 5.385080e-04
83 5.326180e-04
84 5.265900e-04
85 5.204210e-04
86 5.141100e-04
87 5.076510e-04
88 5.012350e-04
89 4.958740e-04
90 4.905970e-04
91 4.851970e-04
92 4.796700e-04
93 4.740150e-04
94 4.682290e-04
95 4.627280e-04
96 4.579800e-04
97 4.531470e-04
98 4.482020e-04
99 4.431430e-04
100 4.379650e-04
101 4.331590e-04
102 4.287370e-04
103 4.242130e-04
104 4.195830e-04
105 4.148450e-04
106 4.099970e-04
107 4.050370e-04
108 3.999590e-04
109 3.947650e-04
110 3.895280e-04
111 3.853610e-04
112 3.814990e-04
113 3.775460e-04
114 3.735030e-04
115 3.693640e-04
116 3.651290e-04
117 3.607960e-04
118 3.564530e-04
119 3.529090e-04
120 3.495100e-04
121 3.460310e-04
122 3.424720e-04
123 3.388300e-04
124 3.351030e-04
125 3.312890e-04
126 3.273860e-04
127 3.233930e-04
128 3.193070e-04
129 3.151250e-04
130 3.108450e-04
131 3.071050e-04
132 3.042280e-04
133 3.012920e-04
134 2.982890e-04
135 2.952150e-04
136 2.920690e-04
137 2.888500e-04
138 2.855570e-04
139 2.821860e-04
140 2.787370e-04
141 2.752080e-04
142 2.715960e-04
143 2.679000e-04
144 2.641220e-04
145 2.610420e-04
146 2.585060e-04
147 2.559110e-04
148 2.532550e-04
149 2.505380e-04
150 2.477570e-04
151 2.449120e-04
152 2.420000e-04
153 2.390210e-04
154 2.359720e-04
155 2.330390e-04
156 2.308360e-04
157 2.286720e-04
158 2.264570e-04
159 2.241900e-04
160 2.218710e-04
161 2.194980e-04
162 2.170700e-04
163 2.145850e-04
164 2.120420e-04
165 2.094390e-04
166 2.067770e-04
167 2.040520e-04
168 2.012640e-04
169 1.984100e-04
170 1.954960e-04
171 1.931480e-04
172 1.911780e-04
173 1.891630e-04
174 1.871010e-04
175 1.849900e-04
176 1.828310e-04
177 1.806210e-04
178 1.783600e-04
179 1.760460e-04
180 1.737440e-04
181 1.719660e-04
182 1.702820e-04
183 1.685590e-04
184 1.667970e-04
185 1.649920e-04
186 1.631460e-04
187 1.612570e-04
188 1.593770e-04
189 1.577860e-04
190 1.562140e-04
191 1.546060e-04
192 1.529600e-04
193 1.512760e-04
194 1.495530e-04
195 1.477890e-04
196 1.459850e-04
197 1.441380e-04
198 1.422490e-04
199 1.403150e-04
200 1.383360e-04
