1 1.365730e-03
2 1.352030e-03
3 1.338020e-03
4 1.323680e-03
5 1.309010e-03
6 1.294000e-03
7 1.278640e-03
8 1.262910e-03
9 1.246830e-03
10 1.230580e-03
11 1.217130e-03
12 1.204450e-03
13 1.191470e-03
14 1.178190e-03
15 1.164600e-03
16 1.150690e-03
17 1.136460e-03
18 1.122140e-03
19 1.109950e-03
20 1.098100e-03
21 1.085970e-03
22 1.073560e-03
23 1.060850e-03
24 1.047860e-03
25 1.035190e-03
26 1.024100e-03
27 1.012880e-03
28 1.001390e-03
29 9.896410e-04
30 9.776150e-04
31 9.663320e-04
32 9.563080e-04
33 9.460640e-04
34 9.355840e-04
35 9.248580e-04
36 9.138810e-04
37 9.026510e-04
38 8.913900e-04
39 8.817270e-04
40 8.722420e-04
41 8.625380e-04
42 8.526080e-04
43 8.424440e-04
44 8.320490e-04
45 8.225320e-04
46 8.136660e-04
47 8.045940e-04
48 7.953100e-04
49 7.858100e-04
50 7.763060e-04
51 7.678220e-04
52 7.593370e-04
53 7.506550e-04
54 7.417690e-04
55 7.330100e-04
56 7.254710e-04
57 7.179170e-04
58 7.101850e-04
59 7.022730e-04
60 6.941780e-04
61 6.858940e-04
62 6.774160e-04
63 6.687690e-04
64 6.613420e-04
65 6.545360e-04
66 6.475710e-04
67 6.404420e-04
68 6.331500e-04
69 6.256860e-04
70 6.180570e-04
71 6.113070e-04
72 6.051240e-04
73 5.987960e-04
74 5.923200e-04
75 5.856940e-04
76 5.789150e-04
77 5.719760e-04
78 5.648760e-04
79 5.576110e-04
80 5.503420e-04
81 5.443720e-04
82 5.386070e-04
83 5.327090e-04
84 5.266740e-04
85 5.204960e-04
86 5.141760e-04
87 5.077090e-04
88 5.012830e-04
89 4.959150e-04
90 4.906290e-04
91 4.852210e-04
92 4.796860e-04
93 4.740220e-04
94 4.682260e-04
95 4.627180e-04
96 4.579660e-04
97 4.531300e-04
98 4.481810e-04
99 4.431170e-04
100 4.379350e-04
101 4.331340e-04
102 4.287260e-04
103 4.242160e-04
104 4.196010e-04
105 4.148780e-04
106 4.100460e-04
107 4.051010e-04
108 4.000400e-04
109 3.948620e-04
110 3.896400e-04
111 3.854620e-04
112 3.815800e-04
113 3.776070e-04
114 3.735430e-04
115 3.693830e-04
116 3.651260e-04
117 3.607700e-04
118 3.564070e-04
119 3.528590e-04
120 3.494610e-04
121 3.459840e-04
122 3.424260e-04
123 3.387840e-04
124 3.350590e-04
125 3.312460e-04
126 3.273450e-04
127 3.233520e-04
128 3.192670e-04
129 3.150870e-04
130 3.108090e-04
131 3.070700e-04
132 3.041940e-04
133 3.012600e-04
134 2.982570e-04
135 2.951850e-04
136 2.920400e-04
137 2.888230e-04
138 2.855310e-04
139 2.821620e-04
140 2.787140e-04
141 2.751870e-04
142 2.715760e-04
143 2.678820e-04
144 2.641060e-04
145 2.610260e-04
146 2.584900e-04
147 2.558950e-04
148 2.532400e-04
149 2.505220e-04
150 2.477420e-04
151 2.448960e-04
152 2.419840e-04
153 2.390050e-04
154 2.359560e-04
155 2.330230e-04
156 2.308210e-04
157 2.286580e-04
158 2.264440e-04
159 2.241790e-04
160 2.218610e-04
161 2.194890e-04
162 2.170610e-04
163 2.145770e-04
164 2.120360e-04
165 2.094350e-04
166 2.067730e-04
167 2.040500e-04
168 2.012630e-04
169 1.984110e-04
170 1.954980e-04
171 1.931510e-04
172 1.911840e-04
173 1.891710e-04
174 1.871110e-04
175 1.850030e-04
176 1.828460e-04
177 1.806390e-04
178 1.783800e-04
179 1.760690e-04
180 1.737680e-04
181 1.719880e-04
182 1.703000e-04
183 1.685740e-04
184 1.668070e-04
185 1.649990e-04
186 1.631490e-04
187 1.612570e-04
188 1.593730e-04
189 1.577850e-04
190 1.562170e-04
191 1.546130e-04
192 1.529710e-04
193 1.512910e-04
194 1.495720e-04
195 1.478130e-04
196 1.460130e-04
197 1.441720e-04
198 1.422870e-04
199 1.403580e-04
200 1.383840e-04
