1 1.365820e-03
2 1.352120e-03
3 1.338100e-03
4 1.323760e-03
5 1.309070e-03
6 1.294050e-03
7 1.278680e-03
8 1.262950e-03
9 1.246850e-03
10 1.230590e-03
11 1.217140e-03
12 1.204460e-03
13 1.191480e-03
14 1.178190e-03
15 1.164600e-03
16 1.150690e-03
17 1.136460e-03
18 1.122140e-03
19 1.109950e-03
20 1.098100e-03
21 1.085970e-03
22 1.073560e-03
23 1.060860e-03
24 1.047860e-03
25 1.035190e-03
26 1.024110e-03
27 1.012880e-03
28 1.001390e-03
29 9.896410e-04
30 9.776150e-04
31 9.663310e-04
32 9.563070e-04
33 9.460620e-04
34 9.355810e-04
35 9.248540e-04
36 9.138760e-04
37 9.026460e-04
38 8.913840e-04
39 8.817220e-04
40 8.722380e-04
41 8.625370e-04
42 8.526070e-04
43 8.424450e-04
44 8.320520e-04
45 8.225350e-04
46 8.136700e-04
47 8.046000e-04
48 7.953160e-04
49 7.858170e-04
50 7.763130e-04
51 7.678250e-04
52 7.593360e-04
53 7.506490e-04
54 7.417580e-04
55 7.329950e-04
56 7.254580e-04
57 7.179050e-04
58 7.101760e-04
59 7.022660e-04
60 6.941730e-04
61 6.858920e-04
62 6.774160e-04
63 6.687710e-04
64 6.613470e-04
65 6.545450e-04
66 6.475830e-04
67 6.404580e-04
68 6.331690e-04
69 6.257100e-04
70 6.180840e-04
71 6.113390e-04
72 6.051600e-04
73 5.988380e-04
74 5.923670e-04
75 5.857460e-04
76 5.789720e-04
77 5.720380e-04
78 5.649440e-04
79 5.576850e-04
80 5.504200e-04
81 5.444470e-04
82 5.386770e-04
83 5.327730e-04
84 5.267310e-04
85 5.205480e-04
86 5.142220e-04
87 5.077490e-04
88 5.013170e-04
89 4.959440e-04
90 4.906540e-04
91 4.852410e-04
92 4.797010e-04
93 4.740320e-04
94 4.682320e-04
95 4.627190e-04
96 4.579630e-04
97 4.531220e-04
98 4.481690e-04
99 4.431010e-04
100 4.379140e-04
101 4.331160e-04
102 4.287190e-04
103 4.242220e-04
104 4.196180e-04
105 4.149070e-04
106 4.100880e-04
107 4.051560e-04
108 4.001080e-04
109 3.949430e-04
110 3.897330e-04
111 3.855460e-04
112 3.816470e-04
113 3.776570e-04
114 3.735750e-04
115 3.693970e-04
116 3.651210e-04
117 3.607470e-04
118 3.563650e-04
119 3.528140e-04
120 3.494170e-04
121 3.459410e-04
122 3.423840e-04
123 3.387430e-04
124 3.350190e-04
125 3.312070e-04
126 3.273070e-04
127 3.233150e-04
128 3.192310e-04
129 3.150520e-04
130 3.107750e-04
131 3.070380e-04
132 3.041630e-04
133 3.012300e-04
134 2.982290e-04
135 2.951580e-04
136 2.920150e-04
137 2.888000e-04
138 2.855090e-04
139 2.821410e-04
140 2.786950e-04
141 2.751690e-04
142 2.715610e-04
143 2.678690e-04
144 2.640940e-04
145 2.610150e-04
146 2.584780e-04
147 2.558830e-04
148 2.532270e-04
149 2.505090e-04
150 2.477280e-04
151 2.448820e-04
152 2.419700e-04
153 2.389900e-04
154 2.359410e-04
155 2.330080e-04
156 2.308070e-04
157 2.286450e-04
158 2.264320e-04
159 2.241680e-04
160 2.218510e-04
161 2.194800e-04
162 2.170540e-04
163 2.145710e-04
164 2.120310e-04
165 2.094310e-04
166 2.067710e-04
167 2.040490e-04
168 2.012630e-04
169 1.984130e-04
170 1.955020e-04
171 1.931560e-04
172 1.911910e-04
173 1.891800e-04
174 1.871210e-04
175 1.850150e-04
176 1.828600e-04
177 1.806540e-04
178 1.783970e-04
179 1.760880e-04
180 1.737890e-04
181 1.720070e-04
182 1.703160e-04
183 1.685860e-04
184 1.668160e-04
185 1.650050e-04
186 1.631520e-04
187 1.612550e-04
188 1.593690e-04
189 1.577830e-04
190 1.562190e-04
191 1.546180e-04
192 1.529800e-04
193 1.513040e-04
194 1.495890e-04
195 1.478340e-04
196 1.460380e-04
197 1.442000e-04
198 1.423200e-04
199 1.403950e-04
200 1.384260e-04
