1 1 1.669580e-01
1 2 6.177770e-02
1 3 8.298670e-02
1 4 1.004580e-01
1 5 1.264410e-01
1 6 1.569470e-01
1 7 1.931620e-01
1 8 2.376170e-01
1 9 2.884650e-01
1 10 3.500280e-01
1 11 4.181090e-01
1 12 4.934050e-01
1 13 5.721820e-01
1 14 6.514690e-01
1 15 7.204070e-01
1 16 7.724410e-01
1 17 7.939080e-01
1 18 7.742100e-01
1 19 7.064510e-01
1 20 5.942130e-01
1 21 4.503840e-01
1 22 2.999210e-01
1 23 1.697400e-01
1 24 7.838110e-02
1 25 2.809160e-02
1 26 7.337550e-03
1 27 1.293090e-03
1 28 1.397200e-04
1 29 8.633350e-06
1 30 4.596300e-07
1 31 2.596480e-08
1 32 0.000000e+00
1 33 0.000000e+00
1 34 0.000000e+00
1 35 0.000000e+00
1 36 0.000000e+00
1 37 0.000000e+00
1 38 0.000000e+00
1 39 0.000000e+00
1 40 0.000000e+00
2 1 1.343190e-01
2 2 5.291710e-02
2 3 7.290840e-02
2 4 8.987990e-02
2 5 1.135360e-01
2 6 1.409430e-01
2 7 1.734790e-01
2 8 2.134260e-01
2 9 2.591300e-01
2 10 3.144900e-01
2 11 3.757290e-01
2 12 4.435210e-01
2 13 5.145000e-01
2 14 5.860260e-01
2 15 6.483720e-01
2 16 6.956330e-01
2 17 7.155500e-01
2 18 6.985020e-01
2 19 6.381790e-01
2 20 5.376860e-01
2 21 4.082910e-01
2 22 2.725730e-01
2 23 1.547250e-01
2 24 7.171670e-02
2 25 2.582160e-02
2 26 6.782950e-03
2 27 1.203610e-03
2 28 1.311390e-04
2 29 8.179720e-06
2 30 4.388080e-07
2 31 2.496170e-08
2 32 0.000000e+00
2 33 0.000000e+00
2 34 0.000000e+00
2 35 0.000000e+00
2 36 0.000000e+00
2 37 0.000000e+00
2 38 0.000000e+00
2 39 0.000000e+00
2 40 0.000000e+00
3 1 1.065060e-01
3 2 4.396840e-02
3 3 6.242810e-02
3 4 7.927240e-02
3 5 1.017690e-01
3 6 1.265840e-01
3 7 1.558260e-01
3 8 1.917320e-01
3 9 2.328290e-01
3 10 2.826290e-01
3 11 3.377520e-01
3 12 3.988250e-01
3 13 4.628390e-01
3 14 5.274550e-01
3 15 5.839300e-01
3 16 6.269950e-01
3 17 6.456020e-01
3 18 6.310090e-01
3 19 5.774300e-01
3 20 4.874900e-01
3 21 3.710580e-01
3 22 2.484790e-01
3 23 1.415770e-01
3 24 6.592970e-02
3 25 2.387350e-02
3 26 6.315160e-03
3 27 1.130120e-03
3 28 1.243940e-04
3 29 7.849220e-06
3 30 4.249060e-07
3 31 2.437120e-08
3 32 0.000000e+00
3 33 0.000000e+00
3 34 0.000000e+00
3 35 0.000000e+00
3 36 0.000000e+00
3 37 0.000000e+00
3 38 0.000000e+00
3 39 0.000000e+00
3 40 0.000000e+00
4 1 8.241950e-02
4 2 3.517960e-02
4 3 5.167730e-02
4 4 6.808490e-02
4 5 9.028720e-02
4 6 1.138200e-01
4 7 1.402640e-01
4 8 1.726120e-01
4 9 2.096550e-01
4 10 2.545660e-01
4 11 3.043130e-01
4 12 3.594760e-01
4 13 4.174010e-01
4 14 4.759780e-01
4 15 5.273330e-01
4 16 5.668020e-01
4 17 5.843490e-01
4 18 5.720360e-01
4 19 5.244850e-01
4 20 4.438680e-01
4 21 3.388890e-01
4 22 2.277860e-01
4 23 1.303910e-01
4 24 6.106840e-02
4 25 2.226750e-02
4 26 5.940390e-03
4 27 1.073950e-03
4 28 1.196630e-04
4 29 7.655960e-06
4 30 4.187750e-07
4 31 2.424750e-08
4 32 0.000000e+00
4 33 0.000000e+00
4 34 0.000000e+00
4 35 0.000000e+00
4 36 0.000000e+00
4 37 0.000000e+00
4 38 0.000000e+00
4 39 0.000000e+00
4 40 0.000000e+00
5 1 6.560900e-02
5 2 2.780520e-02
5 3 4.144650e-02
5 4 5.636940e-02
5 5 7.790820e-02
5 6 1.017160e-01
5 7 1.266380e-01
5 8 1.559350e-01
5 9 1.894470e-01
5 10 2.301000e-01
5 11 2.751770e-01
5 12 3.252170e-01
5 13 3.778690e-01
5 14 4.312350e-01
5 15 4.782120e-01
5 16 5.146300e-01
5 17 5.313650e-01
5 18 5.211820e-01
5 19 4.789890e-01
5 20 4.065620e-01
5 21 3.115620e-01
5 22 2.103660e-01
5 23 1.210970e-01
5 24 5.710450e-02
5 25 2.099600e-02
5 26 5.657740e-03
5 27 1.035230e-03
5 28 1.170140e-04
5 29 7.607130e-06
5 30 4.210950e-07
5 31 2.464450e-08
5 32 0.000000e+00
5 33 0.000000e+00
5 34 0.000000e+00
5 35 0.000000e+00
5 36 0.000000e+00
5 37 0.000000e+00
5 38 0.000000e+00
5 39 0.000000e+00
5 40 0.000000e+00
6 1 5.129350e-02
6 2 2.163700e-02
6 3 3.237650e-02
6 4 4.474490e-02
6 5 6.415950e-02
6 6 8.809210e-02
6 7 1.138260e-01
6 8 1.412220e-01
6 9 1.716420e-01
6 10 2.085540e-01
6 11 2.495370e-01
6 12 2.951000e-01
6 13 3.431360e-01
6 14 3.919830e-01
6 15 4.352010e-01
6 16 4.690440e-01
6 17 4.851790e-01
6 18 4.770310e-01
6 19 4.396970e-01
6 20 3.745670e-01
6 21 2.883460e-01
6 22 1.957680e-01
6 23 1.134650e-01
6 24 5.395120e-02
6 25 2.003720e-02
6 26 5.465070e-03
6 27 1.014480e-03
6 28 1.166490e-04
6 29 7.727960e-06
6 30 4.338190e-07
6 31 2.570930e-08
6 32 0.000000e+00
6 33 0.000000e+00
6 34 0.000000e+00
6 35 0.000000e+00
6 36 0.000000e+00
6 37 0.000000e+00
6 38 0.000000e+00
6 39 0.000000e+00
6 40 0.000000e+00
7 1 3.866350e-02
7 2 1.627340e-02
7 3 2.464860e-02
7 4 3.443550e-02
7 5 5.026630e-02
7 6 7.206940e-02
7 7 9.906760e-02
7 8 1.277660e-01
7 9 1.561150e-01
7 10 1.897650e-01
7 11 2.272110e-01
7 12 2.688990e-01
7 13 3.129580e-01
7 14 3.579390e-01
7 15 3.979860e-01
7 16 4.297010e-01
7 17 4.454730e-01
7 18 4.392660e-01
7 19 4.063190e-01
7 20 3.476610e-01
7 21 2.690790e-01
7 22 1.839080e-01
7 23 1.074650e-01
7 24 5.160730e-02
7 25 1.939740e-02
7 26 5.367060e-03
7 27 1.013410e-03
7 28 1.188940e-04
7 29 8.053290e-06
7 30 4.594870e-07
7 31 2.763410e-08
7 32 0.000000e+00
7 33 0.000000e+00
7 34 0.000000e+00
7 35 0.000000e+00
7 36 0.000000e+00
7 37 0.000000e+00
7 38 0.000000e+00
7 39 0.000000e+00
7 40 0.000000e+00
8 1 2.952790e-02
8 2 1.243900e-02
8 3 1.886080e-02
8 4 2.642760e-02
8 5 3.868710e-02
8 6 5.606880e-02
8 7 8.051870e-02
8 8 1.117850e-01
8 9 1.421640e-01
8 10 1.734520e-01
8 11 2.078230e-01
8 12 2.461860e-01
8 13 2.868510e-01
8 14 3.285460e-01
8 15 3.659590e-01
8 16 3.959790e-01
8 17 4.116370e-01
8 18 4.073010e-01
8 19 3.783730e-01
8 20 3.254690e-01
8 21 2.535420e-01
8 22 1.746720e-01
8 23 1.030620e-01
8 24 5.008050e-02
8 25 1.909120e-02
8 26 5.371950e-03
8 27 1.034700e-03
8 28 1.242620e-04
8 29 8.634190e-06
8 30 5.017260e-07
8 31 3.067910e-08
8 32 0.000000e+00
8 33 0.000000e+00
8 34 0.000000e+00
8 35 0.000000e+00
8 36 0.000000e+00
8 37 0.000000e+00
8 38 0.000000e+00
8 39 0.000000e+00
8 40 0.000000e+00
9 1 2.345610e-02
9 2 9.676750e-03
9 3 1.442810e-02
9 4 2.008010e-02
9 5 2.952780e-02
9 6 4.299450e-02
9 7 6.226850e-02
9 8 9.043400e-02
9 9 1.253200e-01
9 10 1.591730e-01
9 11 1.912250e-01
9 12 2.267730e-01
9 13 2.646020e-01
9 14 3.035850e-01
9 15 3.389020e-01
9 16 3.676710e-01
9 17 3.834740e-01
9 18 3.810400e-01
9 19 3.558010e-01
9 20 3.080040e-01
9 21 2.418090e-01
9 22 1.681820e-01
9 23 1.003780e-01
9 24 4.945630e-02
9 25 1.916620e-02
9 26 5.498670e-03
9 27 1.083440e-03
9 28 1.335810e-04
9 29 9.546100e-06
9 30 5.655210e-07
9 31 3.519000e-08
9 32 0.000000e+00
9 33 0.000000e+00
9 34 0.000000e+00
9 35 0.000000e+00
9 36 0.000000e+00
9 37 0.000000e+00
9 38 0.000000e+00
9 39 0.000000e+00
9 40 0.000000e+00
10 1 1.767550e-02
10 2 7.288040e-03
10 3 1.091830e-02
10 4 1.523410e-02
10 5 2.239540e-02
10 6 3.266710e-02
10 7 4.741120e-02
10 8 6.924320e-02
10 9 1.005540e-01
10 10 1.413060e-01
10 11 1.768980e-01
10 12 2.102790e-01
10 13 2.457620e-01
10 14 2.825560e-01
10 15 3.162370e-01
10 16 3.441810e-01
10 17 3.603500e-01
10 18 3.598440e-01
10 19 3.380820e-01
10 20 2.948580e-01
10 21 2.336180e-01
10 22 1.642900e-01
10 23 9.938050e-02
10 24 4.975900e-02
10 25 1.965460e-02
10 26 5.766810e-03
10 27 1.166430e-03
10 28 1.482370e-04
10 29 1.093450e-05
10 30 6.625270e-07
10 31 4.208390e-08
10 32 0.000000e+00
10 33 0.000000e+00
10 34 0.000000e+00
10 35 0.000000e+00
10 36 0.000000e+00
10 37 0.000000e+00
10 38 0.000000e+00
10 39 0.000000e+00
10 40 0.000000e+00
11 1 1.297860e-02
11 2 5.355630e-03
11 3 8.009220e-03
11 4 1.115630e-02
11 5 1.642500e-02
11 6 2.414160e-02
11 7 3.535290e-02
11 8 5.195680e-02
11 9 7.599020e-02
11 10 1.123350e-01
11 11 1.583720e-01
11 12 1.965430e-01
11 13 2.302810e-01
11 14 2.653960e-01
11 15 2.979240e-01
11 16 3.254590e-01
11 17 3.423020e-01
11 18 3.437370e-01
11 19 3.252680e-01
11 20 2.861440e-01
11 21 2.291260e-01
11 22 1.632060e-01
11 23 1.002600e-01
11 24 5.113840e-02
11 25 2.064860e-02
11 26 6.217240e-03
11 27 1.296230e-03
11 28 1.706360e-04
11 29 1.299080e-05
11 30 8.123670e-07
11 31 5.288520e-08
11 32 0.000000e+00
11 33 0.000000e+00
11 34 0.000000e+00
11 35 0.000000e+00
11 36 0.000000e+00
11 37 0.000000e+00
11 38 0.000000e+00
11 39 0.000000e+00
11 40 0.000000e+00
12 1 1.001200e-02
12 2 4.123720e-03
12 3 6.139720e-03
12 4 8.486630e-03
12 5 1.234650e-02
12 6 1.786310e-02
12 7 2.602930e-02
12 8 3.850010e-02
12 9 5.664770e-02
12 10 8.417140e-02
12 11 1.249640e-01
12 12 1.775700e-01
12 13 2.175820e-01
12 14 2.515600e-01
12 15 2.834120e-01
12 16 3.109790e-01
12 17 3.288650e-01
12 18 3.324570e-01
12 19 3.172530e-01
12 20 2.819570e-01
12 21 2.285850e-01
12 22 1.652730e-01
12 23 1.033540e-01
12 24 5.384640e-02
12 25 2.229070e-02
12 26 6.909030e-03
12 27 1.489420e-03
12 28 2.037060e-04
12 29 1.598180e-05
12 30 1.034100e-06
12 31 6.898290e-08
12 32 0.000000e+00
12 33 0.000000e+00
12 34 0.000000e+00
12 35 0.000000e+00
12 36 0.000000e+00
12 37 0.000000e+00
12 38 0.000000e+00
12 39 0.000000e+00
12 40 0.000000e+00
13 1 6.833750e-03
13 2 2.822090e-03
13 3 4.207260e-03
13 4 5.817640e-03
13 5 8.483760e-03
13 6 1.238710e-02
13 7 1.821990e-02
13 8 2.722810e-02
13 9 4.069330e-02
13 10 6.124900e-02
13 11 9.185080e-02
13 12 1.385000e-01
13 13 1.988590e-01
13 14 2.414020e-01
13 15 2.730770e-01
13 16 3.010980e-01
13 17 3.203600e-01
13 18 3.262490e-01
13 19 3.142190e-01
13 20 2.824220e-01
13 21 2.321210e-01
13 22 1.706440e-01
13 23 1.088610e-01
13 24 5.808630e-02
13 25 2.473900e-02
13 26 7.929020e-03
13 27 1.777860e-03
13 28 2.545990e-04
13 29 2.094170e-05
13 30 1.400650e-06
13 31 9.645210e-08
13 32 0.000000e+00
13 33 0.000000e+00
13 34 0.000000e+00
13 35 0.000000e+00
13 36 0.000000e+00
13 37 0.000000e+00
13 38 0.000000e+00
13 39 0.000000e+00
13 40 0.000000e+00
14 1 5.327990e-03
14 2 2.197830e-03
14 3 3.274390e-03
14 4 4.524360e-03
14 5 6.576370e-03
14 6 9.519320e-03
14 7 1.381460e-02
14 8 2.026730e-02
14 9 2.974970e-02
14 10 4.460480e-02
14 11 6.693240e-02
14 12 1.010480e-01
14 13 1.535540e-01
14 14 2.224580e-01
14 15 2.653270e-01
14 16 2.943310e-01
14 17 3.155250e-01
14 18 3.242790e-01
14 19 3.158060e-01
14 20 2.877480e-01
14 21 2.404030e-01
14 22 1.802220e-01
14 23 1.176650e-01
14 24 6.450820e-02
14 25 2.835560e-02
14 26 9.423350e-03
14 27 2.201760e-03
14 28 3.302840e-04
14 29 2.851740e-05
14 30 1.899410e-06
14 31 1.378200e-07
14 32 0.000000e+00
14 33 0.000000e+00
14 34 0.000000e+00
14 35 0.000000e+00
14 36 0.000000e+00
14 37 0.000000e+00
14 38 0.000000e+00
14 39 0.000000e+00
14 40 0.000000e+00
15 1 3.733640e-03
15 2 1.542320e-03
15 3 2.299630e-03
15 4 3.180310e-03
15 5 4.626770e-03
15 6 6.697590e-03
15 7 9.710790e-03
15 8 1.428000e-02
15 9 2.109060e-02
15 10 3.168130e-02
15 11 4.762540e-02
15 12 7.212100e-02
15 13 1.100500e-01
15 14 1.700280e-01
15 15 2.480560e-01
15 16 2.918500e-01
15 17 3.153740e-01
15 18 3.274370e-01
15 19 3.227680e-01
15 20 2.985480e-01
15 21 2.539670e-01
15 22 1.945500e-01
15 23 1.303310e-01
15 24 7.364600e-02
15 25 3.354360e-02
15 26 1.161660e-02
15 27 2.846240e-03
15 28 4.508370e-04
15 29 4.134210e-05
15 30 2.362660e-06
15 31 2.118510e-07
15 32 0.000000e+00
15 33 0.000000e+00
15 34 0.000000e+00
15 35 0.000000e+00
15 36 0.000000e+00
15 37 0.000000e+00
15 38 0.000000e+00
15 39 0.000000e+00
15 40 0.000000e+00
16 1 2.472240e-03
16 2 1.023460e-03
16 3 1.527710e-03
16 4 2.115740e-03
16 5 3.083120e-03
16 6 4.471610e-03
16 7 6.492630e-03
16 8 9.552540e-03
16 9 1.412580e-02
16 10 2.131440e-02
16 11 3.235510e-02
16 12 4.957160e-02
16 13 7.640710e-02
16 14 1.191560e-01
16 15 1.872010e-01
16 16 2.772050e-01
16 17 3.202240e-01
16 18 3.360730e-01
16 19 3.357390e-01
16 20 3.156330e-01
16 21 2.738630e-01
16 22 2.148390e-01
16 23 1.480680e-01
16 24 8.653510e-02
16 25 4.100880e-02
16 26 1.487840e-02
16 27 3.847840e-03
16 28 6.487990e-04
16 29 6.384850e-05
16 30 3.541000e-06
16 31 3.495120e-07
16 32 0.000000e+00
16 33 0.000000e+00
16 34 0.000000e+00
16 35 0.000000e+00
16 36 0.000000e+00
16 37 0.000000e+00
16 38 0.000000e+00
16 39 0.000000e+00
16 40 0.000000e+00
17 1 1.686880e-03
17 2 6.990340e-04
17 3 1.043880e-03
17 4 1.446540e-03
17 5 2.109670e-03
17 6 3.062850e-03
17 7 4.452650e-03
17 8 6.552530e-03
17 9 9.667460e-03
17 10 1.453190e-02
17 11 2.197880e-02
17 12 3.362910e-02
17 13 5.193040e-02
17 14 8.131970e-02
17 15 1.285020e-01
17 16 2.060000e-01
17 17 3.082790e-01
17 18 3.492750e-01
17 19 3.543250e-01
17 20 3.393500e-01
17 21 3.011700e-01
17 22 2.427200e-01
17 23 1.727290e-01
17 24 1.048300e-01
17 25 5.190890e-02
17 26 1.981880e-02
17 27 5.433900e-03
17 28 9.792570e-04
17 29 1.038290e-04
17 30 6.011710e-06
17 31 6.012480e-07
17 32 0.000000e+00
17 33 0.000000e+00
17 34 0.000000e+00
17 35 0.000000e+00
17 36 0.000000e+00
17 37 0.000000e+00
17 38 0.000000e+00
17 39 0.000000e+00
17 40 0.000000e+00
18 1 1.031270e-03
18 2 4.284900e-04
18 3 6.408150e-04
18 4 8.895090e-04
18 5 1.299970e-03
18 6 1.892290e-03
18 7 2.759720e-03
18 8 4.074840e-03
18 9 6.032720e-03
18 10 9.107270e-03
18 11 1.385830e-02
18 12 2.139270e-02
18 13 3.341400e-02
18 14 5.294890e-02
18 15 8.469450e-02
18 16 1.375180e-01
18 17 2.258430e-01
18 18 3.432010e-01
18 19 3.801030e-01
18 20 3.713050e-01
18 21 3.375400e-01
18 22 2.800590e-01
18 23 2.063630e-01
18 24 1.305380e-01
18 25 6.787650e-02
18 26 2.744350e-02
18 27 8.043650e-03
18 28 1.565700e-03
18 29 1.813620e-04
18 30 1.137910e-05
18 31 1.122690e-06
18 32 0.000000e+00
18 33 0.000000e+00
18 34 0.000000e+00
18 35 0.000000e+00
18 36 0.000000e+00
18 37 0.000000e+00
18 38 0.000000e+00
18 39 0.000000e+00
18 40 0.000000e+00
19 1 5.696660e-04
19 2 2.376270e-04
19 3 3.558560e-04
19 4 4.948450e-04
19 5 7.248220e-04
19 6 1.058090e-03
19 7 1.548800e-03
19 8 2.297510e-03
19 9 3.419350e-03
19 10 5.193780e-03
19 11 7.968310e-03
19 12 1.244300e-02
19 13 1.975260e-02
19 14 3.197630e-02
19 15 5.229950e-02
19 16 8.674030e-02
19 17 1.455190e-01
19 18 2.468820e-01
19 19 3.823160e-01
19 20 4.135760e-01
19 21 3.854840e-01
19 22 3.297650e-01
19 23 2.521500e-01
19 24 1.667710e-01
19 25 9.147790e-02
19 26 3.941830e-02
19 27 1.246490e-02
19 28 2.654720e-03
19 29 3.421430e-04
19 30 2.374880e-05
19 31 1.594000e-06
19 32 0.000000e+00
19 33 0.000000e+00
19 34 0.000000e+00
19 35 0.000000e+00
19 36 0.000000e+00
19 37 0.000000e+00
19 38 0.000000e+00
19 39 0.000000e+00
19 40 0.000000e+00
20 1 3.226700e-04
20 2 1.351080e-04
20 3 2.026770e-04
20 4 2.824360e-04
20 5 4.146950e-04
20 6 6.071560e-04
20 7 8.918280e-04
20 8 1.328210e-03
20 9 1.985620e-03
20 10 3.028640e-03
20 11 4.660310e-03
20 12 7.289550e-03
20 13 1.158150e-02
20 14 1.876970e-02
20 15 3.096530e-02
20 16 5.217410e-02
20 17 8.907350e-02
20 18 1.540640e-01
20 19 2.691700e-01
20 20 4.236950e-01
20 21 4.448730e-01
20 22 3.941460e-01
20 23 3.144290e-01
20 24 2.187460e-01
20 25 1.273580e-01
20 26 5.882390e-02
20 27 2.014680e-02
20 28 4.696340e-03
20 29 6.693510e-04
20 30 5.114890e-05
20 31 2.131190e-06
20 32 0.000000e+00
20 33 0.000000e+00
20 34 0.000000e+00
20 35 0.000000e+00
20 36 0.000000e+00
20 37 0.000000e+00
20 38 0.000000e+00
20 39 0.000000e+00
20 40 0.000000e+00
21 1 1.618780e-04
21 2 6.815830e-05
21 3 1.024920e-04
21 4 1.432340e-04
21 5 2.110740e-04
21 6 3.103900e-04
21 7 4.582930e-04
21 8 6.868460e-04
21 9 1.034510e-03
21 10 1.592020e-03
21 11 2.475210e-03
21 12 3.917400e-03
21 13 6.305880e-03
21 14 1.037090e-02
21 15 1.732660e-02
21 16 2.954930e-02
21 17 5.125970e-02
21 18 9.039600e-02
21 19 1.615310e-01
21 20 2.921160e-01
21 21 4.681670e-01
21 22 4.766960e-01
21 23 3.979430e-01
21 24 2.923970e-01
21 25 1.816580e-01
21 26 9.057480e-02
21 27 3.391130e-02
21 28 8.762170e-03
21 29 1.404860e-03
21 30 1.223800e-04
21 31 5.235720e-06
21 32 3.958880e-08
21 33 0.000000e+00
21 34 0.000000e+00
21 35 0.000000e+00
21 36 0.000000e+00
21 37 0.000000e+00
21 38 0.000000e+00
21 39 0.000000e+00
21 40 0.000000e+00
22 1 6.909680e-05
22 2 2.945980e-05
22 3 4.442740e-05
22 4 6.231240e-05
22 5 9.222550e-05
22 6 1.363500e-04
22 7 2.026550e-04
22 8 3.061390e-04
22 9 4.654790e-04
22 10 7.243830e-04
22 11 1.141200e-03
22 12 1.834400e-03
22 13 3.006410e-03
22 14 5.041560e-03
22 15 8.599920e-03
22 16 1.500750e-02
22 17 2.672070e-02
22 18 4.851840e-02
22 19 8.949890e-02
22 20 1.674650e-01
22 21 3.156990e-01
22 22 5.178000e-01
22 23 5.083410e-01
22 24 3.957260e-01
22 25 2.637030e-01
22 26 1.429170e-01
22 27 5.905670e-02
22 28 1.713090e-02
22 29 3.140810e-03
22 30 3.191850e-04
22 31 1.570790e-05
22 32 8.828870e-07
22 33 2.221770e-07
22 34 0.000000e+00
22 35 0.000000e+00
22 36 0.000000e+00
22 37 0.000000e+00
22 38 0.000000e+00
22 39 0.000000e+00
22 40 0.000000e+00
23 1 2.492020e-05
23 2 1.073380e-05
23 3 1.622430e-05
23 4 2.282040e-05
23 5 3.389540e-05
23 6 5.034090e-05
23 7 7.525330e-05
23 8 1.145230e-04
23 9 1.757650e-04
23 10 2.767730e-04
23 11 4.425460e-04
23 12 7.245760e-04
23 13 1.215070e-03
23 14 2.095820e-03
23 15 3.690860e-03
23 16 6.658480e-03
23 17 1.225910e-02
23 18 2.305830e-02
23 19 4.425670e-02
23 20 8.652940e-02
23 21 1.710030e-01
23 22 3.395760e-01
23 23 5.723870e-01
23 24 5.388800e-01
23 25 3.863770e-01
23 26 2.289780e-01
23 27 1.053290e-01
23 28 3.470630e-02
23 29 7.399480e-03
23 30 8.977680e-04
23 31 5.306530e-05
23 32 2.066630e-06
23 33 1.740600e-07
23 34 0.000000e+00
23 35 0.000000e+00
23 36 0.000000e+00
23 37 0.000000e+00
23 38 0.000000e+00
23 39 0.000000e+00
23 40 0.000000e+00
24 1 7.314930e-06
24 2 3.324920e-06
24 3 5.047550e-06
24 4 7.134540e-06
24 5 1.065980e-05
24 6 1.594650e-05
24 7 2.404640e-05
24 8 3.697650e-05
24 9 5.745310e-05
24 10 9.180570e-05
24 11 1.493260e-04
24 12 2.493930e-04
24 13 4.279290e-04
24 14 7.587280e-04
24 15 1.380600e-03
24 16 2.582210e-03
24 17 4.937870e-03
24 18 9.657270e-03
24 19 1.931290e-02
24 20 3.956560e-02
24 21 8.238260e-02
24 22 1.731460e-01
24 23 3.635110e-01
24 24 6.300200e-01
24 25 5.658800e-01
24 26 3.689970e-01
24 27 1.905510e-01
24 28 7.204070e-02
24 29 1.803970e-02
24 30 2.636210e-03
24 31 1.918160e-04
24 32 6.383640e-06
24 33 9.747030e-08
24 34 1.596560e-09
24 35 0.000000e+00
24 36 0.000000e+00
24 37 0.000000e+00
24 38 0.000000e+00
24 39 0.000000e+00
24 40 0.000000e+00
25 1 1.432450e-06
25 2 7.757740e-07
25 3 1.212580e-06
25 4 1.741400e-06
25 5 2.626210e-06
25 6 3.962510e-06
25 7 6.035920e-06
25 8 9.394790e-06
25 9 1.481170e-05
25 10 2.408260e-05
25 11 3.998810e-05
25 12 6.842970e-05
25 13 1.208230e-04
25 14 2.215590e-04
25 15 4.202360e-04
25 16 8.246840e-04
25 17 1.652040e-03
25 18 3.383800e-03
25 19 7.102490e-03
25 20 1.535040e-02
25 21 3.397860e-02
25 22 7.643460e-02
25 23 1.727010e-01
25 24 3.868050e-01
25 25 6.919080e-01
25 26 5.888450e-01
25 27 3.436530e-01
25 28 1.506510e-01
25 29 4.497710e-02
25 30 8.074620e-03
25 31 7.451890e-04
25 32 2.934410e-05
25 33 5.402130e-07
25 34 7.992240e-09
25 35 0.000000e+00
25 36 0.000000e+00
25 37 0.000000e+00
25 38 0.000000e+00
25 39 0.000000e+00
25 40 0.000000e+00
26 1 2.268240e-07
26 2 1.298420e-07
26 3 2.147610e-07
26 4 3.254990e-07
26 5 5.084920e-07
26 6 7.791730e-07
26 7 1.184630e-06
26 8 1.820210e-06
26 9 2.829980e-06
26 10 4.555540e-06
26 11 7.521950e-06
26 12 1.289580e-05
26 13 2.307460e-05
26 14 4.356280e-05
26 15 8.680590e-05
26 16 1.841890e-04
26 17 4.115160e-04
26 18 9.332040e-04
26 19 2.122300e-03
26 20 4.878130e-03
26 21 1.140320e-02
26 22 2.739210e-02
26 23 6.750780e-02
26 24 1.673370e-01
26 25 4.080040e-01
26 26 7.609780e-01
26 27 6.076420e-01
26 28 3.099040e-01
26 29 1.115580e-01
26 30 2.520580e-02
26 31 3.083600e-03
26 32 1.695670e-04
26 33 3.736490e-06
26 34 5.351730e-08
26 35 6.206500e-11
26 36 0.000000e+00
26 37 0.000000e+00
26 38 0.000000e+00
26 39 0.000000e+00
26 40 0.000000e+00
27 1 3.194610e-08
27 2 1.828710e-08
27 3 3.025580e-08
27 4 4.628310e-08
27 5 7.416050e-08
27 6 1.178120e-07
27 7 1.863260e-07
27 8 2.958000e-07
27 9 4.619080e-07
27 10 7.377750e-07
27 11 1.222920e-06
27 12 2.118580e-06
27 13 3.865100e-06
27 14 7.487160e-06
27 15 1.533970e-05
27 16 3.350710e-05
27 17 7.801940e-05
27 18 1.907720e-04
27 19 4.752640e-04
27 20 1.199710e-03
27 21 3.072970e-03
27 22 8.040160e-03
27 23 2.159010e-02
27 24 5.918140e-02
27 25 1.616820e-01
27 26 4.283710e-01
27 27 8.284920e-01
27 28 6.177990e-01
27 29 2.711520e-01
27 30 7.747530e-02
27 31 1.243710e-02
27 32 9.333450e-04
27 33 2.650720e-05
27 34 4.166020e-07
27 35 6.506550e-09
27 36 0.000000e+00
27 37 0.000000e+00
27 38 0.000000e+00
27 39 0.000000e+00
27 40 0.000000e+00
28 1 5.764500e-09
28 2 3.299810e-09
28 3 5.459500e-09
28 4 8.351560e-09
28 5 1.338190e-08
28 6 2.125850e-08
28 7 3.362160e-08
28 8 5.343310e-08
28 9 8.433800e-08
28 10 1.341870e-07
28 11 2.124400e-07
28 12 3.366420e-07
28 13 5.350470e-07
28 14 9.016480e-07
28 15 1.712790e-06
28 16 3.730510e-06
28 17 9.101950e-06
28 18 2.463570e-05
28 19 7.164770e-05
28 20 2.114380e-04
28 21 6.208660e-04
28 22 1.787390e-03
28 23 5.193990e-03
28 24 1.577580e-02
28 25 4.917510e-02
28 26 1.516400e-01
28 27 4.456830e-01
28 28 9.010010e-01
28 29 6.201070e-01
28 30 2.276960e-01
28 31 4.941210e-02
28 32 5.288580e-03
28 33 2.238040e-04
28 34 3.293480e-06
28 35 7.557750e-08
28 36 0.000000e+00
28 37 0.000000e+00
28 38 0.000000e+00
28 39 0.000000e+00
28 40 0.000000e+00
29 1 1.447440e-09
29 2 8.285700e-10
29 3 1.370860e-09
29 4 2.097040e-09
29 5 3.360140e-09
29 6 5.337930e-09
29 7 8.442240e-09
29 8 1.341690e-08
29 9 2.117690e-08
29 10 3.369380e-08
29 11 5.334290e-08
29 12 8.452940e-08
29 13 1.338220e-07
29 14 2.124410e-07
29 15 3.362510e-07
29 16 5.371260e-07
29 17 9.267950e-07
29 18 1.955160e-06
29 19 5.607090e-06
29 20 2.046390e-05
29 21 8.312930e-05
29 22 3.109420e-04
29 23 1.013920e-03
29 24 3.259070e-03
29 25 1.095380e-02
29 26 3.870730e-02
29 27 1.371810e-01
29 28 4.579070e-01
29 29 9.785720e-01
29 30 6.126700e-01
29 31 1.820860e-01
29 32 2.869420e-02
29 33 1.924030e-03
29 34 4.155930e-05
29 35 4.338230e-07
29 36 0.000000e+00
29 37 0.000000e+00
29 38 0.000000e+00
29 39 0.000000e+00
29 40 0.000000e+00
30 1 5.203100e-10
30 2 2.978400e-10
30 3 4.927800e-10
30 4 7.538200e-10
30 5 1.207870e-09
30 6 1.918820e-09
30 7 3.034720e-09
30 8 4.822940e-09
30 9 7.612450e-09
30 10 1.211190e-08
30 11 1.917510e-08
30 12 3.038570e-08
30 13 4.810480e-08
30 14 7.636600e-08
30 15 1.208720e-07
30 16 1.917280e-07
30 17 3.041400e-07
30 18 4.923610e-07
30 19 8.901300e-07
30 20 2.336490e-06
30 21 8.334630e-06
30 22 3.018780e-05
30 23 1.087820e-04
30 24 4.063180e-04
30 25 1.614360e-03
30 26 6.806560e-03
30 27 2.945030e-02
30 28 1.232130e-01
30 29 4.673520e-01
30 30 1.050630e+00
30 31 5.964400e-01
30 32 1.390500e-01
30 33 1.484080e-02
30 34 5.560510e-04
30 35 5.878450e-06
30 36 0.000000e+00
30 37 0.000000e+00
30 38 0.000000e+00
30 39 0.000000e+00
30 40 0.000000e+00
31 1 2.188800e-10
31 2 1.253000e-10
31 3 2.073000e-10
31 4 3.171200e-10
31 5 5.081200e-10
31 6 8.072000e-10
31 7 1.276640e-09
31 8 2.028900e-09
31 9 3.202390e-09
31 10 5.095200e-09
31 11 8.066540e-09
31 12 1.278260e-08
31 13 2.023660e-08
31 14 3.212550e-08
31 15 5.084800e-08
31 16 8.065590e-08
31 17 1.278310e-07
31 18 2.026140e-07
31 19 3.208960e-07
31 20 5.094320e-07
31 21 8.362520e-07
31 22 1.684580e-06
31 23 5.624610e-06
31 24 2.702250e-05
31 25 1.436380e-04
31 26 7.265640e-04
31 27 3.823750e-03
31 28 2.063510e-02
31 29 1.057600e-01
31 30 4.719890e-01
31 31 1.123730e+00
31 32 5.690760e-01
31 33 1.002180e-01
31 34 6.740220e-03
31 35 1.234250e-04
31 36 8.131760e-07
31 37 1.333580e-07
31 38 0.000000e+00
31 39 0.000000e+00
31 40 0.000000e+00
32 1 1.067700e-10
32 2 6.112100e-11
32 3 1.011200e-10
32 4 1.546900e-10
32 5 2.478700e-10
32 6 3.937600e-10
32 7 6.227500e-10
32 8 9.897100e-10
32 9 1.562150e-09
32 10 2.485470e-09
32 11 3.934910e-09
32 12 6.235420e-09
32 13 9.871560e-09
32 14 1.567100e-08
32 15 2.480400e-08
32 16 3.934440e-08
32 17 6.235650e-08
32 18 9.883630e-08
32 19 1.565350e-07
32 20 2.482270e-07
32 21 3.933220e-07
32 22 6.238440e-07
32 23 1.003560e-06
32 24 2.085920e-06
32 25 8.751960e-06
32 26 4.668130e-05
32 27 2.838460e-04
32 28 1.919060e-03
32 29 1.342260e-02
32 30 8.729970e-02
32 31 4.699190e-01
32 32 1.194350e+00
32 33 5.322690e-01
32 34 6.755860e-02
32 35 2.627850e-03
32 36 2.089960e-05
32 37 5.370430e-07
32 38 0.000000e+00
32 39 0.000000e+00
32 40 0.000000e+00
33 1 3.462700e-11
33 2 1.982200e-11
33 3 3.279500e-11
33 4 5.016800e-11
33 5 8.038500e-11
33 6 1.277000e-10
33 7 2.019700e-10
33 8 3.209700e-10
33 9 5.066200e-10
33 10 8.060600e-10
33 11 1.276130e-09
33 12 2.022210e-09
33 13 3.201450e-09
33 14 5.082270e-09
33 15 8.044190e-09
33 16 1.275980e-08
33 17 2.022290e-08
33 18 3.205370e-08
33 19 5.076590e-08
33 20 8.050240e-08
33 21 1.275580e-07
33 22 2.022070e-07
33 23 3.204750e-07
33 24 5.078810e-07
33 25 8.787400e-07
33 26 2.313430e-06
33 27 1.135700e-05
33 28 8.801990e-05
33 29 8.255750e-04
33 30 7.985690e-03
33 31 6.910470e-02
33 32 4.613750e-01
33 33 1.259020e+00
33 34 4.873980e-01
33 35 4.226360e-02
33 36 8.568890e-04
33 37 2.924620e-06
33 38 1.669550e-09
33 39 0.000000e+00
33 40 0.000000e+00
34 1 2.741700e-11
34 2 1.569500e-11
34 3 2.596700e-11
34 4 3.972200e-11
34 5 6.364800e-11
34 6 1.011100e-10
34 7 1.599100e-10
34 8 2.541400e-10
34 9 4.011300e-10
34 10 6.382300e-10
34 11 1.010420e-09
34 12 1.601160e-09
34 13 2.534860e-09
34 14 4.024060e-09
34 15 6.369260e-09
34 16 1.010300e-08
34 17 1.601220e-08
34 18 2.537960e-08
34 19 4.019560e-08
34 20 6.374050e-08
34 21 1.009990e-07
34 22 1.601040e-07
34 23 2.537470e-07
34 24 4.021120e-07
34 25 6.372490e-07
34 26 1.009400e-06
34 27 1.605610e-06
34 28 3.364370e-06
34 29 2.124200e-05
34 30 2.904690e-04
34 31 4.242690e-03
34 32 5.201830e-02
34 33 4.466070e-01
34 34 1.314530e+00
34 35 4.364080e-01
34 36 2.434810e-02
34 37 2.223820e-04
34 38 2.972960e-07
34 39 4.261400e-10
34 40 0.000000e+00
35 1 1.200900e-11
35 2 6.874100e-12
35 3 1.137300e-11
35 4 1.739800e-11
35 5 2.787700e-11
35 6 4.428600e-11
35 7 7.004000e-11
35 8 1.113100e-10
35 9 1.756900e-10
35 10 2.795400e-10
35 11 4.425500e-10
35 12 7.012900e-10
35 13 1.110240e-09
35 14 1.762500e-09
35 15 2.789670e-09
35 16 4.425010e-09
35 17 7.013150e-09
35 18 1.111600e-08
35 19 1.760530e-08
35 20 2.791770e-08
35 21 4.423630e-08
35 22 7.012400e-08
35 23 1.111390e-07
35 24 1.761210e-07
35 25 2.793180e-07
35 26 4.443100e-07
35 27 7.088240e-07
35 28 1.130670e-06
35 29 1.801190e-06
35 30 3.736610e-06
35 31 6.949750e-05
35 32 1.918480e-03
35 33 3.707360e-02
35 34 4.256780e-01
35 35 1.357670e+00
35 36 3.818950e-01
35 37 1.274330e-02
35 38 4.536650e-05
35 39 4.331890e-08
35 40 0.000000e+00
36 1 8.993600e-12
36 2 5.148200e-12
36 3 8.517700e-12
36 4 1.303000e-11
36 5 2.087800e-11
36 6 3.316700e-11
36 7 5.245500e-11
36 8 8.336400e-11
36 9 1.315800e-10
36 10 2.093500e-10
36 11 3.314400e-10
36 12 5.252200e-10
36 13 8.314900e-10
36 14 1.319980e-09
36 15 2.089260e-09
36 16 3.314020e-09
36 17 5.252350e-09
36 18 8.325070e-09
36 19 1.318510e-08
36 20 2.090830e-08
36 21 3.312980e-08
36 22 5.251780e-08
36 23 8.323480e-08
36 24 1.319020e-07
36 25 2.090620e-07
36 26 3.314070e-07
36 27 5.261820e-07
36 28 8.380670e-07
36 29 1.338330e-06
36 30 2.137540e-06
36 31 3.418430e-06
36 32 1.789430e-05
36 33 7.893770e-04
36 34 2.488420e-02
36 35 3.986440e-01
36 36 1.387870e+00
36 37 3.267880e-01
36 38 6.032960e-03
36 39 7.508360e-06
36 40 3.448060e-09
37 1 4.511100e-12
37 2 2.582300e-12
37 3 4.272500e-12
37 4 6.535700e-12
37 5 1.047200e-11
37 6 1.663600e-11
37 7 2.631100e-11
37 8 4.181500e-11
37 9 6.600100e-11
37 10 1.050100e-10
37 11 1.662500e-10
37 12 2.634500e-10
37 13 4.170700e-10
37 14 6.621000e-10
37 15 1.047970e-09
37 16 1.662300e-09
37 17 2.634560e-09
37 18 4.175830e-09
37 19 6.613590e-09
37 20 1.048760e-08
37 21 1.661780e-08
37 22 2.634280e-08
37 23 4.175030e-08
37 24 6.616160e-08
37 25 1.048650e-07
37 26 1.661990e-07
37 27 2.634380e-07
37 28 4.181120e-07
37 29 6.656960e-07
37 30 1.064940e-06
37 31 1.709710e-06
37 32 2.744170e-06
37 33 6.106350e-06
37 34 2.853220e-04
37 35 1.572440e-02
37 36 3.683970e-01
37 37 1.406010e+00
37 38 2.747330e-01
37 39 2.548400e-03
37 40 1.067180e-06
38 1 1.906100e-12
38 2 1.091100e-12
38 3 1.805200e-12
38 4 2.761500e-12
38 5 4.424900e-12
38 6 7.029400e-12
38 7 1.111700e-11
38 8 1.766800e-11
38 9 2.788700e-11
38 10 4.437000e-11
38 11 7.024600e-11
38 12 1.113100e-10
38 13 1.762300e-10
38 14 2.797600e-10
38 15 4.428000e-10
38 16 7.023800e-10
38 17 1.113190e-09
38 18 1.764420e-09
38 19 2.794450e-09
38 20 4.431330e-09
38 21 7.021560e-09
38 22 1.113070e-08
38 23 1.764080e-08
38 24 2.795540e-08
38 25 4.430880e-08
38 26 7.022430e-08
38 27 1.112970e-07
38 28 1.764620e-07
38 29 2.805170e-07
38 30 4.484550e-07
38 31 7.220390e-07
38 32 1.169080e-06
38 33 1.894680e-06
38 34 3.266730e-06
38 35 9.024010e-05
38 36 9.357860e-03
38 37 3.384560e-01
38 38 1.428790e+00
38 39 2.322310e-01
38 40 9.590920e-04
39 1 1.415600e-12
39 2 0.000000e+00
39 3 1.340700e-12
39 4 2.050800e-12
39 5 3.286100e-12
39 6 5.220300e-12
39 7 8.256300e-12
39 8 1.312100e-11
39 9 2.071000e-11
39 10 3.295200e-11
39 11 5.216800e-11
39 12 8.266700e-11
39 13 1.308700e-10
39 14 2.077600e-10
39 15 3.288400e-10
39 16 5.216200e-10
39 17 8.267000e-10
39 18 1.310340e-09
39 19 2.075290e-09
39 20 3.290910e-09
39 21 5.214530e-09
39 22 8.266140e-09
39 23 1.310090e-08
39 24 2.076100e-08
39 25 3.290570e-08
39 26 5.215170e-08
39 27 8.265420e-08
39 28 1.309980e-07
39 29 2.076150e-07
39 30 3.290550e-07
39 31 5.215360e-07
39 32 8.264000e-07
39 33 1.309290e-06
39 34 2.074130e-06
39 35 3.294930e-06
39 36 2.739550e-05
39 37 5.393820e-03
39 38 3.236670e-01
39 39 1.556670e+00
39 40 2.181400e-01
40 1 1.622400e-12
40 2 0.000000e+00
40 3 1.536600e-12
40 4 2.350500e-12
40 5 3.766300e-12
40 6 5.983200e-12
40 7 9.462700e-12
40 8 1.503900e-11
40 9 2.373700e-11
40 10 3.776700e-11
40 11 5.979100e-11
40 12 9.474700e-11
40 13 1.500000e-10
40 14 2.381200e-10
40 15 3.769000e-10
40 16 5.978400e-10
40 17 9.475100e-10
40 18 1.501820e-09
40 19 2.378550e-09
40 20 3.771800e-09
40 21 5.976520e-09
40 22 9.474060e-09
40 23 1.501530e-08
40 24 2.379470e-08
40 25 3.771420e-08
40 26 5.977260e-08
40 27 9.473230e-08
40 28 1.501400e-07
40 29 2.379550e-07
40 30 3.771540e-07
40 31 5.981410e-07
40 32 9.497090e-07
40 33 1.511060e-06
40 34 2.408840e-06
40 35 3.840590e-06
40 36 6.117010e-06
40 37 1.379240e-05
40 38 3.376580e-03
40 39 3.783860e-01
40 40 2.654610e+00
