1 2.826790e+03
2 2.522160e+03
3 2.246720e+03
4 2.001530e+03
5 1.785070e+03
6 1.591160e+03
7 1.418280e+03
8 1.263860e+03
9 1.127120e+03
10 1.004740e+03
11 8.957210e+02
12 7.990280e+02
13 7.124510e+02
14 6.353930e+02
15 5.663950e+02
16 5.050830e+02
17 4.505320e+02
18 4.020740e+02
19 3.593690e+02
20 3.211320e+02
21 2.869590e+02
22 2.568820e+02
23 2.302060e+02
24 2.063230e+02
25 1.852500e+02
26 1.668170e+02
27 1.507650e+02
28 1.367280e+02
29 1.242670e+02
30 1.140860e+02
31 1.048450e+02
32 9.746000e+01
33 9.214540e+01
34 8.839620e+01
35 8.649570e+01
36 8.780800e+01
37 9.366690e+01
38 1.059970e+02
39 1.359040e+02
40 2.160360e+02
