1 9.300800e+00
2 8.364520e+00
3 7.525650e+00
4 6.787410e+00
5 6.144820e+00
6 5.579250e+00
7 5.085810e+00
8 4.656580e+00
9 4.288840e+00
10 3.972330e+00
11 3.703550e+00
12 3.478510e+00
13 3.289970e+00
14 3.134890e+00
15 3.007650e+00
16 2.904870e+00
17 2.821860e+00
18 2.754900e+00
19 2.701420e+00
20 2.657940e+00
21 2.622580e+00
22 2.593520e+00
23 2.568910e+00
24 2.547650e+00
25 2.528590e+00
26 2.510650e+00
27 2.492850e+00
28 2.474290e+00
29 2.453900e+00
30 2.430570e+00
31 2.403020e+00
32 2.369730e+00
33 2.328930e+00
34 2.278690e+00
35 2.217100e+00
36 2.145030e+00
37 2.067700e+00
38 2.009880e+00
39 2.103890e+00
40 3.036370e+00
