1 3.202930e-02
2 3.202930e-02
3 3.202930e-02
4 3.202930e-02
5 3.202930e-02
6 3.202930e-02
7 3.202930e-02
8 3.202930e-02
9 3.202930e-02
10 3.202930e-02
11 3.202930e-02
12 3.202930e-02
13 3.202930e-02
14 3.202930e-02
15 3.202930e-02
16 3.202930e-02
17 3.202930e-02
18 3.202930e-02
19 3.202940e-02
20 3.202940e-02
21 3.202940e-02
22 3.202940e-02
23 3.202940e-02
24 3.202940e-02
25 3.202940e-02
26 3.202940e-02
27 3.202940e-02
28 3.202940e-02
29 3.202950e-02
30 3.202950e-02
31 3.202950e-02
32 3.202960e-02
33 3.202960e-02
34 3.202970e-02
35 3.202980e-02
36 3.202990e-02
37 3.203010e-02
38 3.203030e-02
39 3.203050e-02
40 3.203080e-02
