1 1 2.663990e-01
1 2 9.949550e-02
1 3 1.294520e-01
1 4 1.533670e-01
1 5 1.894570e-01
1 6 2.297380e-01
1 7 2.745300e-01
1 8 3.254520e-01
1 9 3.771270e-01
1 10 4.315550e-01
1 11 4.787980e-01
1 12 5.150720e-01
1 13 5.318500e-01
1 14 5.231190e-01
1 15 4.811040e-01
1 16 4.092050e-01
1 17 3.143220e-01
1 18 2.127620e-01
1 19 1.228490e-01
1 20 5.823830e-02
1 21 2.152490e-02
1 22 5.842390e-03
1 23 1.078230e-03
1 24 1.231920e-04
1 25 8.089390e-06
1 26 4.477110e-07
1 27 2.631160e-08
1 28 0.000000e+00
1 29 0.000000e+00
1 30 0.000000e+00
1 31 0.000000e+00
1 32 0.000000e+00
1 33 0.000000e+00
1 34 0.000000e+00
1 35 0.000000e+00
1 36 0.000000e+00
1 37 0.000000e+00
1 38 0.000000e+00
1 39 0.000000e+00
1 40 0.000000e+00
2 1 2.104390e-01
2 2 8.621610e-02
2 3 1.164680e-01
2 4 1.390240e-01
2 5 1.718080e-01
2 6 2.084140e-01
2 7 2.491250e-01
2 8 2.955590e-01
2 9 3.427550e-01
2 10 3.926010e-01
2 11 4.360890e-01
2 12 4.698100e-01
2 13 4.859860e-01
2 14 4.791430e-01
2 15 4.419270e-01
2 16 3.772250e-01
2 17 2.910400e-01
2 18 1.980790e-01
2 19 1.151420e-01
2 20 5.503200e-02
2 21 2.054220e-02
2 22 5.642580e-03
2 23 1.056250e-03
2 24 1.227390e-04
2 25 8.211810e-06
2 26 4.607090e-07
2 27 2.741830e-08
2 28 0.000000e+00
2 29 0.000000e+00
2 30 0.000000e+00
2 31 0.000000e+00
2 32 0.000000e+00
2 33 0.000000e+00
2 34 0.000000e+00
2 35 0.000000e+00
2 36 0.000000e+00
2 37 0.000000e+00
2 38 0.000000e+00
2 39 0.000000e+00
2 40 0.000000e+00
3 1 1.635270e-01
3 2 7.040970e-02
3 3 1.012270e-01
3 4 1.257130e-01
3 5 1.561860e-01
3 6 1.895570e-01
3 7 2.267430e-01
3 8 2.691390e-01
3 9 3.124500e-01
3 10 3.583150e-01
3 11 3.985830e-01
3 12 4.301650e-01
3 13 4.459650e-01
3 14 4.409510e-01
3 15 4.081390e-01
3 16 3.499080e-01
3 17 2.714210e-01
3 18 1.859500e-01
3 19 1.089730e-01
3 20 5.260100e-02
3 21 1.987020e-02
3 22 5.536480e-03
3 23 1.054140e-03
3 24 1.249810e-04
3 25 8.549720e-06
3 26 4.874080e-07
3 27 2.944250e-08
3 28 0.000000e+00
3 29 0.000000e+00
3 30 0.000000e+00
3 31 0.000000e+00
3 32 0.000000e+00
3 33 0.000000e+00
3 34 0.000000e+00
3 35 0.000000e+00
3 36 0.000000e+00
3 37 0.000000e+00
3 38 0.000000e+00
3 39 0.000000e+00
3 40 0.000000e+00
4 1 1.241950e-01
4 2 5.451190e-02
4 3 8.217580e-02
4 4 1.099910e-01
4 5 1.421860e-01
4 6 1.732100e-01
4 7 2.073860e-01
4 8 2.463560e-01
4 9 2.863160e-01
4 10 3.288110e-01
4 11 3.664210e-01
4 12 3.963110e-01
4 13 4.119880e-01
4 14 4.087550e-01
4 15 3.799640e-01
4 16 3.274810e-01
4 17 2.556730e-01
4 18 1.765630e-01
4 19 1.044750e-01
4 20 5.102690e-02
4 21 1.954900e-02
4 22 5.538860e-03
4 23 1.075650e-03
4 24 1.305150e-04
4 25 9.156810e-06
4 26 5.312730e-07
4 27 3.262320e-08
4 28 0.000000e+00
4 29 0.000000e+00
4 30 0.000000e+00
4 31 0.000000e+00
4 32 0.000000e+00
4 33 0.000000e+00
4 34 0.000000e+00
4 35 0.000000e+00
4 36 0.000000e+00
4 37 0.000000e+00
4 38 0.000000e+00
4 39 0.000000e+00
4 40 0.000000e+00
5 1 9.719140e-02
5 2 4.216560e-02
5 3 6.375480e-02
5 4 8.903410e-02
5 5 1.253050e-01
5 6 1.589370e-01
5 7 1.908180e-01
5 8 2.269610e-01
5 9 2.640930e-01
5 10 3.038160e-01
5 11 3.393070e-01
5 12 3.679430e-01
5 13 3.837350e-01
5 14 3.823210e-01
5 15 3.572050e-01
5 16 3.098040e-01
5 17 2.437330e-01
5 18 1.699070e-01
5 19 1.016840e-01
5 20 5.034600e-02
5 21 1.960400e-02
5 22 5.662010e-03
5 23 1.124500e-03
5 24 1.400360e-04
5 25 1.010530e-05
5 26 5.973990e-07
5 27 3.735130e-08
5 28 0.000000e+00
5 29 0.000000e+00
5 30 0.000000e+00
5 31 0.000000e+00
5 32 0.000000e+00
5 33 0.000000e+00
5 34 0.000000e+00
5 35 0.000000e+00
5 36 0.000000e+00
5 37 0.000000e+00
5 38 0.000000e+00
5 39 0.000000e+00
5 40 0.000000e+00
6 1 7.425620e-02
6 2 3.209150e-02
6 3 4.861340e-02
6 4 6.825750e-02
6 5 1.006030e-01
6 6 1.410890e-01
6 7 1.765130e-01
6 8 2.104470e-01
6 9 2.452860e-01
6 10 2.827540e-01
6 11 3.165920e-01
6 12 3.444040e-01
6 13 3.605680e-01
6 14 3.609930e-01
6 15 3.393650e-01
6 16 2.965240e-01
6 17 2.354250e-01
6 18 1.659270e-01
6 19 1.006360e-01
6 20 5.063150e-02
6 21 2.009260e-02
6 22 5.933930e-03
6 23 1.209580e-03
6 24 1.552280e-04
6 25 1.156380e-05
6 26 6.985990e-07
6 27 4.458990e-08
6 28 0.000000e+00
6 29 0.000000e+00
6 30 0.000000e+00
6 31 0.000000e+00
6 32 0.000000e+00
6 33 0.000000e+00
6 34 0.000000e+00
6 35 0.000000e+00
6 36 0.000000e+00
6 37 0.000000e+00
6 38 0.000000e+00
6 39 0.000000e+00
6 40 0.000000e+00
7 1 5.422100e-02
7 2 2.344260e-02
7 3 3.599150e-02
7 4 5.108550e-02
7 5 7.599860e-02
7 6 1.122400e-01
7 7 1.580650e-01
7 8 1.966660e-01
7 9 2.297950e-01
7 10 2.655260e-01
7 11 2.981910e-01
7 12 3.255980e-01
7 13 3.424290e-01
7 14 3.447540e-01
7 15 3.263980e-01
7 16 2.876570e-01
7 17 2.307970e-01
7 18 1.647520e-01
7 19 1.014680e-01
7 20 5.199820e-02
7 21 2.109020e-02
7 22 6.390380e-03
7 23 1.342220e-03
7 24 1.783240e-04
7 25 1.374480e-05
7 26 8.532390e-07
7 27 5.574700e-08
7 28 0.000000e+00
7 29 0.000000e+00
7 30 0.000000e+00
7 31 0.000000e+00
7 32 0.000000e+00
7 33 0.000000e+00
7 34 0.000000e+00
7 35 0.000000e+00
7 36 0.000000e+00
7 37 0.000000e+00
7 38 0.000000e+00
7 39 0.000000e+00
7 40 0.000000e+00
8 1 3.997500e-02
8 2 1.731660e-02
8 3 2.662640e-02
8 4 3.792860e-02
8 5 5.660780e-02
8 6 8.396310e-02
8 7 1.245370e-01
8 8 1.776000e-01
8 9 2.171480e-01
8 10 2.516950e-01
8 11 2.836440e-01
8 12 3.110690e-01
8 13 3.289000e-01
8 14 3.333040e-01
8 15 3.181690e-01
8 16 2.832260e-01
8 17 2.300240e-01
8 18 1.666330e-01
8 19 1.044490e-01
8 20 5.466380e-02
8 21 2.272980e-02
8 22 7.090630e-03
8 23 1.540680e-03
8 24 2.128910e-04
8 25 1.701790e-05
8 26 1.090420e-06
8 27 7.317160e-08
8 28 0.000000e+00
8 29 0.000000e+00
8 30 0.000000e+00
8 31 0.000000e+00
8 32 0.000000e+00
8 33 0.000000e+00
8 34 0.000000e+00
8 35 0.000000e+00
8 36 0.000000e+00
8 37 0.000000e+00
8 38 0.000000e+00
8 39 0.000000e+00
8 40 0.000000e+00
9 1 3.030760e-02
9 2 1.286350e-02
9 3 1.946640e-02
9 4 2.758270e-02
9 5 4.142540e-02
9 6 6.182660e-02
9 7 9.216030e-02
9 8 1.388350e-01
9 9 1.981640e-01
9 10 2.409650e-01
9 11 2.727160e-01
9 12 3.006200e-01
9 13 3.198560e-01
9 14 3.266350e-01
9 15 3.148100e-01
9 16 2.835200e-01
9 17 2.335330e-01
9 18 1.720720e-01
9 19 1.100530e-01
9 20 5.898910e-02
9 21 2.522540e-02
9 22 8.128610e-03
9 23 1.833320e-03
9 24 2.643200e-04
9 25 2.194900e-05
9 26 1.449100e-06
9 27 9.984790e-08
9 28 0.000000e+00
9 29 0.000000e+00
9 30 0.000000e+00
9 31 0.000000e+00
9 32 0.000000e+00
9 33 0.000000e+00
9 34 0.000000e+00
9 35 0.000000e+00
9 36 0.000000e+00
9 37 0.000000e+00
9 38 0.000000e+00
9 39 0.000000e+00
9 40 0.000000e+00
10 1 2.156320e-02
10 2 9.173720e-03
10 3 1.396750e-02
10 4 1.986230e-02
10 5 2.984810e-02
10 6 4.468490e-02
10 7 6.685970e-02
10 8 1.011590e-01
10 9 1.531910e-01
10 10 2.224140e-01
10 11 2.653630e-01
10 12 2.942250e-01
10 13 3.153130e-01
10 14 3.248160e-01
10 15 3.164130e-01
10 16 2.887440e-01
10 17 2.416420e-01
10 18 1.814740e-01
10 19 1.187330e-01
10 20 6.537140e-02
10 21 2.885230e-02
10 22 9.645090e-03
10 23 2.269680e-03
10 24 3.435970e-04
10 25 3.002710e-05
10 26 2.037550e-06
10 27 1.449600e-07
10 28 0.000000e+00
10 29 0.000000e+00
10 30 0.000000e+00
10 31 0.000000e+00
10 32 0.000000e+00
10 33 0.000000e+00
10 34 0.000000e+00
10 35 0.000000e+00
10 36 0.000000e+00
10 37 0.000000e+00
10 38 0.000000e+00
10 39 0.000000e+00
10 40 0.000000e+00
11 1 1.474600e-02
11 2 6.294430e-03
11 3 9.579860e-03
11 4 1.362310e-02
11 5 2.054000e-02
11 6 3.104050e-02
11 7 4.694540e-02
11 8 7.163660e-02
11 9 1.093850e-01
11 10 1.698400e-01
11 11 2.483690e-01
11 12 2.922140e-01
11 13 3.156250e-01
11 14 3.283100e-01
11 15 3.235810e-01
11 16 2.996000e-01
11 17 2.551550e-01
11 18 1.957060e-01
11 19 1.313210e-01
11 20 7.449830e-02
11 21 3.406870e-02
11 22 1.187400e-02
11 23 2.933820e-03
11 24 4.701430e-04
11 25 4.379880e-05
11 26 2.777870e-06
11 27 2.266460e-07
11 28 0.000000e+00
11 29 0.000000e+00
11 30 0.000000e+00
11 31 0.000000e+00
11 32 0.000000e+00
11 33 0.000000e+00
11 34 0.000000e+00
11 35 0.000000e+00
11 36 0.000000e+00
11 37 0.000000e+00
11 38 0.000000e+00
11 39 0.000000e+00
11 40 0.000000e+00
12 1 1.037230e-02
12 2 4.426680e-03
12 3 6.715530e-03
12 4 9.492630e-03
12 5 1.418050e-02
12 6 2.117040e-02
12 7 3.199180e-02
12 8 4.932050e-02
12 9 7.605200e-02
12 10 1.190810e-01
12 11 1.873250e-01
12 12 2.771420e-01
12 13 3.199150e-01
12 14 3.364700e-01
12 15 3.361760e-01
12 16 3.164520e-01
12 17 2.749630e-01
12 18 2.160240e-01
12 19 1.491540e-01
12 20 8.751090e-02
12 21 4.162520e-02
12 22 1.518580e-02
12 23 3.953790e-03
12 24 6.724640e-04
12 25 6.691990e-05
12 26 3.789930e-06
12 27 3.656580e-07
12 28 0.000000e+00
12 29 0.000000e+00
12 30 0.000000e+00
12 31 0.000000e+00
12 32 0.000000e+00
12 33 0.000000e+00
12 34 0.000000e+00
12 35 0.000000e+00
12 36 0.000000e+00
12 37 0.000000e+00
12 38 0.000000e+00
12 39 0.000000e+00
12 40 0.000000e+00
13 1 6.305320e-03
13 2 2.710930e-03
13 3 4.128500e-03
13 4 5.857250e-03
13 5 8.802920e-03
13 6 1.331580e-02
13 7 2.038920e-02
13 8 3.187370e-02
13 9 5.010120e-02
13 10 7.984670e-02
13 11 1.275670e-01
13 12 2.059320e-01
13 13 3.094700e-01
13 14 3.513600e-01
13 15 3.559780e-01
13 16 3.408730e-01
13 17 3.024680e-01
13 18 2.437360e-01
13 19 1.735120e-01
13 20 1.056070e-01
13 21 5.248010e-02
13 22 2.017220e-02
13 23 5.587420e-03
13 24 1.022530e-03
13 25 1.109120e-04
13 26 6.584290e-06
13 27 6.594900e-07
13 28 0.000000e+00
13 29 0.000000e+00
13 30 0.000000e+00
13 31 0.000000e+00
13 32 0.000000e+00
13 33 0.000000e+00
13 34 0.000000e+00
13 35 0.000000e+00
13 36 0.000000e+00
13 37 0.000000e+00
13 38 0.000000e+00
13 39 0.000000e+00
13 40 0.000000e+00
14 1 4.279710e-03
14 2 1.843110e-03
14 3 2.809290e-03
14 4 3.989810e-03
14 5 5.991520e-03
14 6 9.013010e-03
14 7 1.366950e-02
14 8 2.109560e-02
14 9 3.279490e-02
14 10 5.240740e-02
14 11 8.434980e-02
14 12 1.373230e-01
14 13 2.258200e-01
14 14 3.439110e-01
14 15 3.806740e-01
14 16 3.721170e-01
14 17 3.385680e-01
14 18 2.811390e-01
14 19 2.073870e-01
14 20 1.316080e-01
14 21 6.865010e-02
14 22 2.789900e-02
14 23 8.231740e-03
14 24 1.616820e-03
14 25 1.896210e-04
14 26 1.200330e-05
14 27 1.084930e-06
14 28 0.000000e+00
14 29 0.000000e+00
14 30 0.000000e+00
14 31 0.000000e+00
14 32 0.000000e+00
14 33 0.000000e+00
14 34 0.000000e+00
14 35 0.000000e+00
14 36 0.000000e+00
14 37 0.000000e+00
14 38 0.000000e+00
14 39 0.000000e+00
14 40 0.000000e+00
15 1 2.504830e-03
15 2 1.086260e-03
15 3 1.661880e-03
15 4 2.370780e-03
15 5 3.578740e-03
15 6 5.413960e-03
15 7 8.261310e-03
15 8 1.287160e-02
15 9 2.026960e-02
15 10 3.268090e-02
15 11 5.312640e-02
15 12 8.757080e-02
15 13 1.461150e-01
15 14 2.473520e-01
15 15 3.815090e-01
15 16 4.128510e-01
15 17 3.855880e-01
15 18 3.305460e-01
15 19 2.533170e-01
15 20 1.682230e-01
15 21 9.258300e-02
15 22 4.005840e-02
15 23 1.271400e-02
15 24 2.715890e-03
15 25 3.506650e-04
15 26 2.418160e-05
15 27 1.288710e-06
15 28 0.000000e+00
15 29 0.000000e+00
15 30 0.000000e+00
15 31 0.000000e+00
15 32 0.000000e+00
15 33 0.000000e+00
15 34 0.000000e+00
15 35 0.000000e+00
15 36 0.000000e+00
15 37 0.000000e+00
15 38 0.000000e+00
15 39 0.000000e+00
15 40 0.000000e+00
16 1 1.324810e-03
16 2 5.792220e-04
16 3 8.899590e-04
16 4 1.276320e-03
16 5 1.939130e-03
16 6 2.956550e-03
16 7 4.552800e-03
16 8 7.166020e-03
16 9 1.141680e-02
16 10 1.868340e-02
16 11 3.095900e-02
16 12 5.214070e-02
16 13 8.894790e-02
16 14 1.541590e-01
16 15 2.692810e-01
16 16 4.244590e-01
16 17 4.461100e-01
16 18 3.954060e-01
16 19 3.155800e-01
16 20 2.200760e-01
16 21 1.284160e-01
16 22 5.955560e-02
16 23 2.051430e-02
16 24 4.822680e-03
16 25 6.960830e-04
16 26 5.407810e-05
16 27 2.271310e-06
16 28 0.000000e+00
16 29 0.000000e+00
16 30 0.000000e+00
16 31 0.000000e+00
16 32 0.000000e+00
16 33 0.000000e+00
16 34 0.000000e+00
16 35 0.000000e+00
16 36 0.000000e+00
16 37 0.000000e+00
16 38 0.000000e+00
16 39 0.000000e+00
16 40 0.000000e+00
17 1 6.843160e-04
17 2 3.019930e-04
17 3 4.661690e-04
17 4 6.722710e-04
17 5 1.028060e-03
17 6 1.579660e-03
17 7 2.454300e-03
17 8 3.898330e-03
17 9 6.263200e-03
17 10 1.033660e-02
17 11 1.729730e-02
17 12 2.951100e-02
17 13 5.118850e-02
17 14 9.048270e-02
17 15 1.616910e-01
17 16 2.926250e-01
17 17 4.693160e-01
17 18 4.780430e-01
17 19 3.992060e-01
17 20 2.939910e-01
17 21 1.829960e-01
17 22 9.157410e-02
17 23 3.445480e-02
17 24 8.966250e-03
17 25 1.452610e-03
17 26 1.283530e-04
17 27 5.571010e-06
17 28 1.407650e-07
17 29 0.000000e+00
17 30 0.000000e+00
17 31 0.000000e+00
17 32 0.000000e+00
17 33 0.000000e+00
17 34 0.000000e+00
17 35 0.000000e+00
17 36 0.000000e+00
17 37 0.000000e+00
17 38 0.000000e+00
17 39 0.000000e+00
17 40 0.000000e+00
18 1 2.936740e-04
18 2 1.312910e-04
18 3 2.038440e-04
18 4 2.960730e-04
18 5 4.567280e-04
18 6 7.093330e-04
18 7 1.116550e-03
18 8 1.801680e-03
18 9 2.948990e-03
18 10 4.970610e-03
18 11 8.513030e-03
18 12 1.489240e-02
18 13 2.654830e-02
18 14 4.837870e-02
18 15 8.937060e-02
18 16 1.675920e-01
18 17 3.165520e-01
18 18 5.197430e-01
18 19 5.101360e-01
18 20 3.976990e-01
18 21 2.652750e-01
18 22 1.442020e-01
18 23 5.984260e-02
18 24 1.748000e-02
18 25 3.240030e-03
18 26 3.345190e-04
18 27 1.681570e-05
18 28 9.620230e-07
18 29 0.000000e+00
18 30 0.000000e+00
18 31 0.000000e+00
18 32 0.000000e+00
18 33 0.000000e+00
18 34 0.000000e+00
18 35 0.000000e+00
18 36 0.000000e+00
18 37 0.000000e+00
18 38 0.000000e+00
18 39 0.000000e+00
18 40 0.000000e+00
19 1 1.078210e-04
19 2 4.857670e-05
19 3 7.550210e-05
19 4 1.099090e-04
19 5 1.702260e-04
19 6 2.661320e-04
19 7 4.232380e-04
19 8 6.934220e-04
19 9 1.160220e-03
19 10 2.013410e-03
19 11 3.569080e-03
19 12 6.480440e-03
19 13 1.199820e-02
19 14 2.270420e-02
19 15 4.371670e-02
19 16 8.591660e-02
19 17 1.707100e-01
19 18 3.405650e-01
19 19 5.757940e-01
19 20 5.427090e-01
19 21 3.886850e-01
19 22 2.304630e-01
19 23 1.062600e-01
19 24 3.524810e-02
19 25 7.620370e-03
19 26 9.482010e-04
19 27 5.843860e-05
19 28 2.486920e-06
19 29 7.311890e-07
19 30 1.786780e-07
19 31 0.000000e+00
19 32 0.000000e+00
19 33 0.000000e+00
19 34 0.000000e+00
19 35 0.000000e+00
19 36 0.000000e+00
19 37 0.000000e+00
19 38 0.000000e+00
19 39 0.000000e+00
19 40 0.000000e+00
20 1 3.454720e-05
20 2 1.617380e-05
20 3 2.539650e-05
20 4 3.739960e-05
20 5 5.867000e-05
20 6 9.301440e-05
20 7 1.501240e-04
20 8 2.497010e-04
20 9 4.240500e-04
20 10 7.480040e-04
20 11 1.354330e-03
20 12 2.527180e-03
20 13 4.842030e-03
20 14 9.562050e-03
20 15 1.922490e-02
20 16 3.945520e-02
20 17 8.238980e-02
20 18 1.737120e-01
20 19 3.654850e-01
20 20 6.338560e-01
20 21 5.689630e-01
20 22 3.715620e-01
20 23 1.923990e-01
20 24 7.308970e-02
20 25 1.844080e-02
20 26 2.723190e-03
20 27 2.008300e-04
20 28 7.173920e-06
20 29 2.519230e-07
20 30 3.976180e-08
20 31 0.000000e+00
20 32 0.000000e+00
20 33 0.000000e+00
20 34 0.000000e+00
20 35 0.000000e+00
20 36 0.000000e+00
20 37 0.000000e+00
20 38 0.000000e+00
20 39 0.000000e+00
20 40 0.000000e+00
21 1 8.120930e-06
21 2 4.029610e-06
21 3 6.429790e-06
21 4 9.646720e-06
21 5 1.545810e-05
21 6 2.511240e-05
21 7 4.164860e-05
21 8 7.138140e-05
21 9 1.252630e-04
21 10 2.290020e-04
21 11 4.312260e-04
21 12 8.396880e-04
21 13 1.678610e-03
21 14 3.441400e-03
21 15 7.211930e-03
21 16 1.558800e-02
21 17 3.446480e-02
21 18 7.734540e-02
21 19 1.741770e-01
21 20 3.894040e-01
21 21 6.954150e-01
21 22 5.928490e-01
21 23 3.469900e-01
21 24 1.527010e-01
21 25 4.582750e-02
21 26 8.278730e-03
21 27 7.693960e-04
21 28 3.062380e-05
21 29 5.652720e-07
21 30 7.717820e-09
21 31 0.000000e+00
21 32 0.000000e+00
21 33 0.000000e+00
21 34 0.000000e+00
21 35 0.000000e+00
21 36 0.000000e+00
21 37 0.000000e+00
21 38 0.000000e+00
21 39 0.000000e+00
21 40 0.000000e+00
22 1 1.357700e-06
22 2 7.414830e-07
22 3 1.206690e-06
22 4 1.841370e-06
22 5 3.001160e-06
22 6 4.975940e-06
22 7 8.455490e-06
22 8 1.491510e-05
22 9 2.707020e-05
22 10 5.146620e-05
22 11 1.014170e-04
22 12 2.085300e-04
22 13 4.430020e-04
22 14 9.640430e-04
22 15 2.139870e-03
22 16 4.914900e-03
22 17 1.165880e-02
22 18 2.833460e-02
22 19 6.966280e-02
22 20 1.711590e-01
22 21 4.122950e-01
22 22 7.631980e-01
22 23 6.119100e-01
22 24 3.145890e-01
22 25 1.139940e-01
22 26 2.576740e-02
22 27 3.114710e-03
22 28 1.657890e-04
22 29 3.518510e-06
22 30 4.412880e-08
22 31 6.751800e-11
22 32 0.000000e+00
22 33 0.000000e+00
22 34 0.000000e+00
22 35 0.000000e+00
22 36 0.000000e+00
22 37 0.000000e+00
22 38 0.000000e+00
22 39 0.000000e+00
22 40 0.000000e+00
23 1 1.820010e-07
23 2 1.041850e-07
23 3 1.730490e-07
23 4 2.681270e-07
23 5 4.380340e-07
23 6 7.200250e-07
23 7 1.216020e-06
23 8 2.154380e-06
23 9 3.995590e-06
23 10 7.869580e-06
23 11 1.631460e-05
23 12 3.589240e-05
23 13 8.361170e-05
23 14 2.027030e-04
23 15 4.967650e-04
23 16 1.233980e-03
23 17 3.126250e-03
23 18 8.167550e-03
23 19 2.200370e-02
23 20 6.030890e-02
23 21 1.641290e-01
23 22 4.331240e-01
23 23 8.363390e-01
23 24 6.247760e-01
23 25 2.754930e-01
23 26 7.916350e-02
23 27 1.277940e-02
23 28 9.610480e-04
23 29 2.698670e-05
23 30 3.729740e-07
23 31 6.739970e-09
23 32 0.000000e+00
23 33 0.000000e+00
23 34 0.000000e+00
23 35 0.000000e+00
23 36 0.000000e+00
23 37 0.000000e+00
23 38 0.000000e+00
23 39 0.000000e+00
23 40 0.000000e+00
24 1 3.623360e-08
24 2 2.074140e-08
24 3 3.431640e-08
24 4 5.249480e-08
24 5 8.411360e-08
24 6 1.336230e-07
24 7 2.113330e-07
24 8 3.362860e-07
24 9 5.455640e-07
24 10 9.731310e-07
24 11 1.916730e-06
24 12 4.260740e-06
24 13 1.051460e-05
24 14 2.812350e-05
24 15 7.765720e-05
24 16 2.157740e-04
24 17 6.063350e-04
24 18 1.749480e-03
24 19 5.221180e-03
24 20 1.614550e-02
24 21 5.045060e-02
24 22 1.548580e-01
24 23 4.521100e-01
24 24 9.117140e-01
24 25 6.293080e-01
24 26 2.324290e-01
24 27 5.075070e-02
24 28 5.444560e-03
24 29 2.270990e-04
24 30 3.194370e-06
24 31 1.053110e-07
24 32 0.000000e+00
24 33 0.000000e+00
24 34 0.000000e+00
24 35 0.000000e+00
24 36 0.000000e+00
24 37 0.000000e+00
24 38 0.000000e+00
24 39 0.000000e+00
24 40 0.000000e+00
25 1 8.232430e-09
25 2 4.712540e-09
25 3 7.796850e-09
25 4 1.192710e-08
25 5 1.911100e-08
25 6 3.035980e-08
25 7 4.801580e-08
25 8 7.630920e-08
25 9 1.204450e-07
25 10 1.919200e-07
25 11 3.089220e-07
25 12 5.223600e-07
25 13 1.029170e-06
25 14 2.604690e-06
25 15 8.018190e-06
25 16 2.606690e-05
25 17 8.165240e-05
25 18 2.583550e-04
25 19 8.559050e-04
25 20 3.004840e-03
25 21 1.095880e-02
25 22 4.018460e-02
25 23 1.423900e-01
25 24 4.678160e-01
25 25 9.905530e-01
25 26 6.249870e-01
25 27 1.875970e-01
25 28 2.954230e-02
25 29 1.938440e-03
25 30 4.002110e-05
25 31 4.626700e-07
25 32 0.000000e+00
25 33 0.000000e+00
25 34 0.000000e+00
25 35 0.000000e+00
25 36 0.000000e+00
25 37 0.000000e+00
25 38 0.000000e+00
25 39 0.000000e+00
25 40 0.000000e+00
26 1 1.780410e-09
26 2 1.019170e-09
26 3 1.686200e-09
26 4 2.579430e-09
26 5 4.133080e-09
26 6 6.565830e-09
26 7 1.038420e-08
26 8 1.650320e-08
26 9 2.604840e-08
26 10 4.144460e-08
26 11 6.561360e-08
26 12 1.039740e-07
26 13 1.664220e-07
26 14 2.896580e-07
26 15 6.523150e-07
26 16 2.342260e-06
26 17 1.078180e-05
26 18 4.115580e-05
26 19 1.415760e-04
26 20 4.889140e-04
26 21 1.794230e-03
26 22 7.159000e-03
26 23 3.020470e-02
26 24 1.255880e-01
26 25 4.773990e-01
26 26 1.075660e+00
26 27 6.108100e-01
26 28 1.431060e-01
26 29 1.548520e-02
26 30 5.935710e-04
26 31 6.169190e-06
26 32 0.000000e+00
26 33 0.000000e+00
26 34 0.000000e+00
26 35 0.000000e+00
26 36 0.000000e+00
26 37 0.000000e+00
26 38 0.000000e+00
26 39 0.000000e+00
26 40 0.000000e+00
27 1 9.214900e-10
27 2 5.275000e-10
27 3 8.727400e-10
27 4 1.335050e-09
27 5 2.139180e-09
27 6 3.398320e-09
27 7 5.374630e-09
27 8 8.541650e-09
27 9 1.348200e-08
27 10 2.145070e-08
27 11 3.396000e-08
27 12 5.381450e-08
27 13 8.519590e-08
27 14 1.352480e-07
27 15 2.140730e-07
27 16 3.425560e-07
27 17 6.227350e-07
27 18 1.734000e-06
27 19 6.662250e-06
27 20 2.975420e-05
27 21 1.464730e-04
27 22 7.546850e-04
27 23 3.989170e-03
27 24 2.146490e-02
27 25 1.093360e-01
27 26 4.853900e-01
27 27 1.156030e+00
27 28 5.874220e-01
27 29 1.039700e-01
27 30 7.089530e-03
27 31 1.341290e-04
27 32 8.889190e-07
27 33 1.360900e-07
27 34 0.000000e+00
27 35 0.000000e+00
27 36 0.000000e+00
27 37 0.000000e+00
27 38 0.000000e+00
27 39 0.000000e+00
27 40 0.000000e+00
28 1 7.753300e-10
28 2 4.438200e-10
28 3 7.343000e-10
28 4 1.123280e-09
28 5 1.799860e-09
28 6 2.859270e-09
28 7 4.522100e-09
28 8 7.186750e-09
28 9 1.134350e-08
28 10 1.804820e-08
28 11 2.857320e-08
28 12 4.527830e-08
28 13 7.168200e-08
28 14 1.137940e-07
28 15 1.801130e-07
28 16 2.856980e-07
28 17 4.528150e-07
28 18 7.252240e-07
28 19 1.254220e-06
28 20 2.673530e-06
28 21 1.009770e-05
28 22 5.368340e-05
28 23 3.150170e-04
28 24 2.063300e-03
28 25 1.413250e-02
28 26 9.088950e-02
28 27 4.870120e-01
28 28 1.238950e+00
28 29 5.542450e-01
28 30 7.071810e-02
28 31 2.817000e-03
28 32 2.469210e-05
28 33 5.211640e-07
28 34 0.000000e+00
28 35 0.000000e+00
28 36 0.000000e+00
28 37 0.000000e+00
28 38 0.000000e+00
28 39 0.000000e+00
28 40 0.000000e+00
29 1 2.824200e-10
29 2 1.616600e-10
29 3 2.674700e-10
29 4 4.091600e-10
29 5 6.556100e-10
29 6 1.041500e-09
29 7 1.647190e-09
29 8 2.617800e-09
29 9 4.131900e-09
29 10 6.574110e-09
29 11 1.040790e-08
29 12 1.649280e-08
29 13 2.611040e-08
29 14 4.145010e-08
29 15 6.560700e-08
29 16 1.040670e-07
29 17 1.649340e-07
29 18 2.614240e-07
29 19 4.140380e-07
29 20 6.582260e-07
29 21 1.331280e-06
29 22 5.261310e-06
29 23 2.628180e-05
29 24 1.558490e-04
29 25 1.103960e-03
29 26 8.933810e-03
29 27 7.226500e-02
29 28 4.805950e-01
29 29 1.323370e+00
29 30 5.116340e-01
29 31 4.490620e-02
29 32 9.671640e-04
29 33 3.500050e-06
29 34 2.536170e-09
29 35 0.000000e+00
29 36 0.000000e+00
29 37 0.000000e+00
29 38 0.000000e+00
29 39 0.000000e+00
29 40 0.000000e+00
30 1 1.199400e-10
30 2 6.865800e-11
30 3 1.135900e-10
30 4 1.737700e-10
30 5 2.784300e-10
30 6 4.423200e-10
30 7 6.995500e-10
30 8 1.111760e-09
30 9 1.754790e-09
30 10 2.791980e-09
30 11 4.420160e-09
30 12 7.004370e-09
30 13 1.108890e-08
30 14 1.760350e-08
30 15 2.786280e-08
30 16 4.419640e-08
30 17 7.004630e-08
30 18 1.110250e-07
30 19 1.758390e-07
30 20 2.789030e-07
30 21 4.433450e-07
30 22 7.219680e-07
30 23 1.315650e-06
30 24 3.604530e-06
30 25 2.698940e-05
30 26 3.443430e-04
30 27 4.731000e-03
30 28 5.585560e-02
30 29 4.724330e-01
30 30 1.397760e+00
30 31 4.655150e-01
30 32 2.624890e-02
30 33 2.672500e-04
30 34 4.500350e-07
30 35 9.290800e-10
30 36 0.000000e+00
30 37 0.000000e+00
30 38 0.000000e+00
30 39 0.000000e+00
30 40 0.000000e+00
31 1 6.392700e-11
31 2 3.659400e-11
31 3 6.054500e-11
31 4 9.261700e-11
31 5 1.484000e-10
31 6 2.357500e-10
31 7 3.728600e-10
31 8 5.925600e-10
31 9 9.352900e-10
31 10 1.488110e-09
31 11 2.355920e-09
31 12 3.733290e-09
31 13 5.910330e-09
31 14 9.382600e-09
31 15 1.485070e-08
31 16 2.355640e-08
31 17 3.733430e-08
31 18 5.917560e-08
31 19 9.372110e-08
31 20 1.486190e-07
31 21 2.354950e-07
31 22 3.734760e-07
31 23 5.930210e-07
31 24 9.436990e-07
31 25 1.545220e-06
31 26 6.255180e-06
31 27 1.097640e-04
31 28 2.321000e-03
31 29 4.035510e-02
31 30 4.576880e-01
31 31 1.468050e+00
31 32 4.149050e-01
31 33 1.407990e-02
31 34 5.646670e-05
31 35 6.955020e-08
31 36 0.000000e+00
31 37 0.000000e+00
31 38 0.000000e+00
31 39 0.000000e+00
31 40 0.000000e+00
32 1 4.314000e-11
32 2 2.469500e-11
32 3 4.085700e-11
32 4 6.250000e-11
32 5 1.001500e-10
32 6 1.590900e-10
32 7 2.516100e-10
32 8 3.998700e-10
32 9 6.311600e-10
32 10 1.004210e-09
32 11 1.589830e-09
32 12 2.519310e-09
32 13 3.988420e-09
32 14 6.331580e-09
32 15 1.002160e-08
32 16 1.589640e-08
32 17 2.519400e-08
32 18 3.993300e-08
32 19 6.324510e-08
32 20 1.002910e-07
32 21 1.589140e-07
32 22 2.519190e-07
32 23 3.995990e-07
32 24 6.357420e-07
32 25 1.017570e-06
32 26 1.636220e-06
32 27 3.023380e-06
32 28 3.133990e-05
32 29 1.015100e-03
32 30 2.769510e-02
32 31 4.371150e-01
32 32 1.530440e+00
32 33 3.627060e-01
32 34 6.823790e-03
32 35 9.111860e-06
32 36 2.582490e-09
32 37 0.000000e+00
32 38 0.000000e+00
32 39 0.000000e+00
32 40 0.000000e+00
33 1 1.558800e-11
33 2 8.923200e-12
33 3 1.476300e-11
33 4 2.258400e-11
33 5 3.618700e-11
33 6 5.748600e-11
33 7 9.091800e-11
33 8 1.444900e-10
33 9 2.280600e-10
33 10 3.628600e-10
33 11 5.744700e-10
33 12 9.103300e-10
33 13 1.441190e-09
33 14 2.287870e-09
33 15 3.621230e-09
33 16 5.744050e-09
33 17 9.103680e-09
33 18 1.442950e-08
33 19 2.285320e-08
33 20 3.623960e-08
33 21 5.742260e-08
33 22 9.102700e-08
33 23 1.442690e-07
33 24 2.287460e-07
33 25 3.645510e-07
33 26 5.907540e-07
33 27 9.737210e-07
33 28 1.628150e-06
33 29 7.473280e-06
33 30 3.723310e-04
33 31 1.788300e-02
33 32 4.125320e-01
33 33 1.581100e+00
33 34 3.114860e-01
33 35 2.939540e-03
33 36 1.236360e-06
33 37 0.000000e+00
33 38 0.000000e+00
33 39 0.000000e+00
33 40 0.000000e+00
34 1 6.990300e-12
34 2 4.001500e-12
34 3 6.620400e-12
34 4 1.012700e-11
34 5 1.622700e-11
34 6 2.577900e-11
34 7 4.077100e-11
34 8 6.479500e-11
34 9 1.022700e-10
34 10 1.627200e-10
34 11 2.576100e-10
34 12 4.082300e-10
34 13 6.462800e-10
34 14 1.025960e-09
34 15 1.623890e-09
34 16 2.575840e-09
34 17 4.082410e-09
34 18 6.470700e-09
34 19 1.024820e-08
34 20 1.625110e-08
34 21 2.575030e-08
34 22 4.081970e-08
34 23 6.469460e-08
34 24 1.025210e-07
34 25 1.624030e-07
34 26 2.573420e-07
34 27 4.102690e-07
34 28 6.590690e-07
34 29 1.060200e-06
34 30 2.219760e-06
34 31 1.115650e-04
34 32 1.072600e-02
34 33 3.847590e-01
34 34 1.617290e+00
34 35 2.631380e-01
34 36 1.094230e-03
34 37 1.704960e-07
34 38 0.000000e+00
34 39 0.000000e+00
34 40 0.000000e+00
35 1 6.457800e-12
35 2 3.696700e-12
35 3 6.116100e-12
35 4 9.356000e-12
35 5 1.499100e-11
35 6 2.381500e-11
35 7 3.766500e-11
35 8 5.986000e-11
35 9 9.448200e-11
35 10 1.503300e-10
35 11 2.379900e-10
35 12 3.771300e-10
35 13 5.970500e-10
35 14 9.478100e-10
35 15 1.500200e-09
35 16 2.379630e-09
35 17 3.771450e-09
35 18 5.977830e-09
35 19 9.467560e-09
35 20 1.501330e-08
35 21 2.378890e-08
35 22 3.771050e-08
35 23 5.976680e-08
35 24 9.471240e-08
35 25 1.501520e-07
35 26 2.381640e-07
35 27 3.776700e-07
35 28 5.985410e-07
35 29 9.484770e-07
35 30 1.503050e-06
35 31 2.382430e-06
35 32 2.277860e-05
35 33 5.824640e-03
35 34 3.551090e-01
35 35 1.636110e+00
35 36 2.186570e-01
35 37 3.448280e-04
35 38 2.364300e-07
35 39 0.000000e+00
35 40 0.000000e+00
36 1 5.720900e-12
36 2 3.274800e-12
36 3 5.418200e-12
36 4 8.288400e-12
36 5 1.328100e-11
36 6 2.109800e-11
36 7 3.336700e-11
36 8 5.302900e-11
36 9 8.370000e-11
36 10 1.331700e-10
36 11 2.108300e-10
36 12 3.340900e-10
36 13 5.289200e-10
36 14 8.396500e-10
36 15 1.329000e-09
36 16 2.108080e-09
36 17 3.341060e-09
36 18 5.295650e-09
36 19 8.387140e-09
36 20 1.330000e-08
36 21 2.107420e-08
36 22 3.340710e-08
36 23 5.294640e-08
36 24 8.390400e-08
36 25 1.329860e-07
36 26 2.107890e-07
36 27 3.342850e-07
36 28 5.304570e-07
36 29 8.415750e-07
36 30 1.334350e-06
36 31 2.115200e-06
36 32 3.352640e-06
36 33 7.949610e-06
36 34 2.957470e-03
36 35 3.236940e-01
36 36 1.638070e+00
36 37 1.792540e-01
36 38 9.183280e-05
36 39 3.280100e-10
36 40 0.000000e+00
37 1 3.096500e-12
37 2 1.772600e-12
37 3 2.932700e-12
37 4 4.486200e-12
37 5 7.188400e-12
37 6 1.141900e-11
37 7 1.806100e-11
37 8 2.870300e-11
37 9 4.530400e-11
37 10 7.208100e-11
37 11 1.141200e-10
37 12 1.808300e-10
37 13 2.862900e-10
37 14 4.544800e-10
37 15 7.193400e-10
37 16 1.141030e-09
37 17 1.808410e-09
37 18 2.866370e-09
37 19 4.539690e-09
37 20 7.198850e-09
37 21 1.140680e-08
37 22 1.808220e-08
37 23 2.865820e-08
37 24 4.541450e-08
37 25 7.198120e-08
37 26 1.140820e-07
37 27 1.808710e-07
37 28 2.878130e-07
37 29 4.620050e-07
37 30 7.494260e-07
37 31 1.224670e-06
37 32 2.000220e-06
37 33 3.248730e-06
37 34 5.422140e-06
37 35 1.377160e-03
37 36 2.932190e-01
37 37 1.626400e+00
37 38 1.453700e-01
37 39 1.853750e-05
37 40 0.000000e+00
38 1 1.169200e-12
38 2 0.000000e+00
38 3 1.107300e-12
38 4 1.693900e-12
38 5 2.714200e-12
38 6 4.311800e-12
38 7 6.819300e-12
38 8 1.083800e-11
38 9 1.710600e-11
38 10 2.721600e-11
38 11 4.308800e-11
38 12 6.827900e-11
38 13 1.081000e-10
38 14 1.716000e-10
38 15 2.716100e-10
38 16 4.308300e-10
38 17 6.828200e-10
38 18 1.082280e-09
38 19 1.714090e-09
38 20 2.718130e-09
38 21 4.306960e-09
38 22 6.827450e-09
38 23 1.082070e-08
38 24 1.714760e-08
38 25 2.717860e-08
38 26 4.307490e-08
38 27 6.826850e-08
38 28 1.081670e-07
38 29 1.710250e-07
38 30 2.692180e-07
38 31 4.214240e-07
38 32 6.564480e-07
38 33 1.021240e-06
38 34 1.592350e-06
38 35 2.509040e-06
38 36 5.770380e-04
38 37 2.651370e-01
38 38 1.620700e+00
38 39 1.195310e-01
38 40 3.088390e-06
39 1 2.174300e-12
39 2 1.244700e-12
39 3 2.059300e-12
39 4 3.150200e-12
39 5 5.047600e-12
39 6 8.018600e-12
39 7 1.268200e-11
39 8 2.015500e-11
39 9 3.181200e-11
39 10 5.061400e-11
39 11 8.013100e-11
39 12 1.269800e-10
39 13 2.010300e-10
39 14 3.191300e-10
39 15 5.051100e-10
39 16 8.012200e-10
39 17 1.269840e-09
39 18 2.012720e-09
39 19 3.187700e-09
39 20 5.054920e-09
39 21 8.009650e-09
39 22 1.269700e-08
39 23 2.012330e-08
39 24 3.188940e-08
39 25 5.054400e-08
39 26 8.010650e-08
39 27 1.269590e-07
39 28 2.012160e-07
39 29 3.188570e-07
39 30 5.048270e-07
39 31 7.974360e-07
39 32 1.255160e-06
39 33 1.969290e-06
39 34 3.086230e-06
39 35 4.842760e-06
39 36 7.613930e-06
39 37 2.306920e-04
39 38 2.492650e-01
39 39 1.729870e+00
39 40 1.103880e-01
40 1 1.325500e-12
40 2 0.000000e+00
40 3 1.255300e-12
40 4 1.920300e-12
40 5 3.077000e-12
40 6 4.888100e-12
40 7 7.730900e-12
40 8 1.228600e-11
40 9 1.939300e-11
40 10 3.085500e-11
40 11 4.884800e-11
40 12 7.740700e-11
40 13 1.225500e-10
40 14 1.945400e-10
40 15 3.079200e-10
40 16 4.884200e-10
40 17 7.741000e-10
40 18 1.226960e-09
40 19 1.943230e-09
40 20 3.081490e-09
40 21 4.882710e-09
40 22 7.740130e-09
40 23 1.226720e-08
40 24 1.943980e-08
40 25 3.081180e-08
40 26 4.883310e-08
40 27 7.739460e-08
40 28 1.226620e-07
40 29 1.944050e-07
40 30 3.082130e-07
40 31 4.905570e-07
40 32 7.876490e-07
40 33 1.279740e-06
40 34 2.098080e-06
40 35 3.437200e-06
40 36 5.594450e-06
40 37 9.051530e-06
40 38 9.324380e-05
40 39 2.803810e-01
40 40 2.680400e+00
