1 2.831460e+03
2 2.526360e+03
3 2.250510e+03
4 2.004930e+03
5 1.788120e+03
6 1.593880e+03
7 1.420670e+03
8 1.265920e+03
9 1.128840e+03
10 1.006110e+03
11 8.967500e+02
12 7.997510e+02
13 7.129660e+02
14 6.358660e+02
15 5.669940e+02
16 5.058710e+02
17 4.513990e+02
18 4.028220e+02
19 3.598630e+02
20 3.214900e+02
21 2.874270e+02
22 2.572960e+02
23 2.304160e+02
24 2.065920e+02
25 1.855810e+02
26 1.671320e+02
27 1.508920e+02
28 1.366330e+02
29 1.243360e+02
30 1.138270e+02
31 1.048340e+02
32 9.756030e+01
33 9.207140e+01
34 8.835900e+01
35 8.655810e+01
36 8.790810e+01
37 9.380590e+01
38 1.066200e+02
39 1.369940e+02
40 2.196060e+02
