1 8.385380e+00
2 7.555230e+00
3 6.813080e+00
4 6.161740e+00
5 5.596670e+00
6 5.101370e+00
7 4.671340e+00
8 4.299440e+00
9 3.983020e+00
10 3.712800e+00
11 3.485360e+00
12 3.296750e+00
13 3.140260e+00
14 3.012770e+00
15 2.909030e+00
16 2.825780e+00
17 2.758820e+00
18 2.704890e+00
19 2.661770e+00
20 2.626600e+00
21 2.597840e+00
22 2.573990e+00
23 2.553550e+00
24 2.535590e+00
25 2.519160e+00
26 2.503300e+00
27 2.487170e+00
28 2.469920e+00
29 2.450580e+00
30 2.428080e+00
31 2.401200e+00
32 2.368430e+00
33 2.328040e+00
34 2.278120e+00
35 2.216730e+00
36 2.144720e+00
37 2.067290e+00
38 2.008590e+00
39 2.099160e+00
40 3.010310e+00
