1 2.828290e+03
2 2.523550e+03
3 2.248030e+03
4 2.002760e+03
5 1.786230e+03
6 1.592240e+03
7 1.419260e+03
8 1.264740e+03
9 1.127860e+03
10 1.005320e+03
11 8.961100e+02
12 7.992290e+02
13 7.125130e+02
14 6.354250e+02
15 5.665220e+02
16 5.053570e+02
17 4.508850e+02
18 4.023770e+02
19 3.595210e+02
20 3.212020e+02
21 2.871340e+02
22 2.570480e+02
23 2.302480e+02
24 2.064130e+02
25 1.853590e+02
26 1.669410e+02
27 1.507900e+02
28 1.368130e+02
29 1.243680e+02
30 1.141910e+02
31 1.049370e+02
32 9.755400e+01
33 9.226260e+01
34 8.852480e+01
35 8.647940e+01
36 8.769900e+01
37 9.357060e+01
38 1.062200e+02
39 1.362170e+02
40 2.171820e+02
