1 4.664930e+00
2 4.298680e+00
3 3.980420e+00
4 3.710540e+00
5 3.485510e+00
6 3.297080e+00
7 3.141570e+00
8 3.014200e+00
9 2.911880e+00
10 2.829140e+00
11 2.763010e+00
12 2.710550e+00
13 2.668470e+00
14 2.634990e+00
15 2.608070e+00
16 2.586500e+00
17 2.569000e+00
18 2.554610e+00
19 2.542710e+00
20 2.532510e+00
21 2.523550e+00
22 2.515360e+00
23 2.507440e+00
24 2.499410e+00
25 2.490840e+00
26 2.481240e+00
27 2.470100e+00
28 2.456830e+00
29 2.440620e+00
30 2.420650e+00
31 2.395720e+00
32 2.364530e+00
33 2.325400e+00
34 2.276500e+00
35 2.215900e+00
36 2.144520e+00
37 2.067100e+00
38 2.004390e+00
39 2.086370e+00
40 2.937750e+00
