1 2.832770e+03
2 2.527510e+03
3 2.251520e+03
4 2.005830e+03
5 1.788910e+03
6 1.594560e+03
7 1.421270e+03
8 1.266440e+03
9 1.129290e+03
10 1.006510e+03
11 8.971010e+02
12 8.000660e+02
13 7.132550e+02
14 6.361360e+02
15 5.672520e+02
16 5.061160e+02
17 4.516270e+02
18 4.030260e+02
19 3.600410e+02
20 3.216460e+02
21 2.875650e+02
22 2.574110e+02
23 2.305120e+02
24 2.066880e+02
25 1.856860e+02
26 1.672190e+02
27 1.509550e+02
28 1.367090e+02
29 1.244110e+02
30 1.138780e+02
31 1.048980e+02
32 9.762960e+01
33 9.213130e+01
34 8.841910e+01
35 8.663670e+01
36 8.801010e+01
37 9.391860e+01
38 1.068160e+02
39 1.373820e+02
40 2.208660e+02
