1 1 1.875490e-01
1 2 6.957870e-02
1 3 9.276940e-02
1 4 1.116710e-01
1 5 1.400890e-01
1 6 1.732000e-01
1 7 2.121020e-01
1 8 2.592760e-01
1 9 3.122800e-01
1 10 3.751730e-01
1 11 4.425510e-01
1 12 5.140540e-01
1 13 5.844230e-01
1 14 6.490720e-01
1 15 6.956650e-01
1 16 7.172780e-01
1 17 7.013350e-01
1 18 6.425880e-01
1 19 5.422440e-01
1 20 4.135610e-01
1 21 2.771860e-01
1 22 1.582470e-01
1 23 7.385690e-02
1 24 2.681490e-02
1 25 7.119950e-03
1 26 1.280310e-03
1 27 1.418140e-04
1 28 8.975470e-06
1 29 4.812410e-07
1 30 2.754860e-08
1 31 0.000000e+00
1 32 0.000000e+00
1 33 0.000000e+00
1 34 0.000000e+00
1 35 0.000000e+00
1 36 0.000000e+00
1 37 0.000000e+00
1 38 0.000000e+00
1 39 0.000000e+00
1 40 0.000000e+00
2 1 1.502640e-01
2 2 5.970440e-02
2 3 8.194240e-02
2 4 1.002390e-01
2 5 1.259980e-01
2 6 1.557990e-01
2 7 1.908160e-01
2 8 2.332950e-01
2 9 2.810420e-01
2 10 3.377320e-01
2 11 3.985120e-01
2 12 4.630870e-01
2 13 5.267490e-01
2 14 5.853700e-01
2 15 6.278820e-01
2 16 6.480290e-01
2 17 6.344150e-01
2 18 5.821610e-01
2 19 4.922190e-01
2 20 3.762990e-01
2 21 2.529630e-01
2 22 1.449520e-01
2 23 6.796090e-02
2 24 2.481200e-02
2 25 6.633320e-03
2 26 1.202690e-03
2 27 1.345460e-04
2 28 8.612590e-06
2 29 4.658100e-07
2 30 2.688320e-08
2 31 0.000000e+00
2 32 0.000000e+00
2 33 0.000000e+00
2 34 0.000000e+00
2 35 0.000000e+00
2 36 0.000000e+00
2 37 0.000000e+00
2 38 0.000000e+00
2 39 0.000000e+00
2 40 0.000000e+00
3 1 1.185900e-01
3 2 4.944210e-02
3 3 7.034480e-02
3 4 8.892780e-02
3 5 1.132790e-01
3 6 1.402230e-01
3 7 1.717660e-01
3 8 2.100460e-01
3 9 2.531010e-01
3 10 3.042530e-01
3 11 3.591410e-01
3 12 4.175610e-01
3 13 4.752630e-01
3 14 5.285500e-01
3 15 5.674870e-01
3 16 5.864130e-01
3 17 5.749950e-01
3 18 5.286370e-01
3 19 4.480390e-01
3 20 3.435460e-01
3 21 2.317960e-01
3 22 1.334330e-01
3 23 6.291180e-02
3 24 2.312660e-02
3 25 6.234740e-03
3 26 1.141870e-03
3 27 1.292990e-04
3 28 8.391600e-06
3 29 4.586340e-07
3 30 2.672950e-08
3 31 0.000000e+00
3 32 0.000000e+00
3 33 0.000000e+00
3 34 0.000000e+00
3 35 0.000000e+00
3 36 0.000000e+00
3 37 0.000000e+00
3 38 0.000000e+00
3 39 0.000000e+00
3 40 0.000000e+00
4 1 9.140670e-02
4 2 3.925660e-02
4 3 5.801040e-02
4 4 7.663150e-02
4 5 1.011170e-01
4 6 1.264740e-01
4 7 1.550180e-01
4 8 1.896140e-01
4 9 2.285530e-01
4 10 2.748520e-01
4 11 3.245960e-01
4 12 3.776390e-01
4 13 4.301530e-01
4 14 4.788370e-01
4 15 5.147300e-01
4 16 5.326910e-01
4 17 5.233350e-01
4 18 4.822820e-01
4 19 4.099470e-01
4 20 3.155010e-01
4 21 2.138330e-01
4 22 1.237850e-01
4 23 5.876270e-02
4 24 2.178150e-02
4 25 5.931660e-03
4 26 1.099540e-03
4 27 1.263170e-04
4 28 8.332340e-06
4 29 4.609460e-07
4 30 2.716910e-08
4 31 0.000000e+00
4 32 0.000000e+00
4 33 0.000000e+00
4 34 0.000000e+00
4 35 0.000000e+00
4 36 0.000000e+00
4 37 0.000000e+00
4 38 0.000000e+00
4 39 0.000000e+00
4 40 0.000000e+00
5 1 7.254920e-02
5 2 3.086950e-02
5 3 4.616600e-02
5 4 6.317180e-02
5 5 8.759080e-02
5 6 1.137100e-01
5 7 1.404390e-01
5 8 1.718470e-01
5 9 2.072150e-01
5 10 2.493210e-01
5 11 2.946280e-01
5 12 3.430280e-01
5 13 3.911080e-01
5 14 4.358800e-01
5 15 4.692400e-01
5 16 4.864850e-01
5 17 4.790780e-01
5 18 4.427680e-01
5 19 3.777040e-01
5 20 2.919800e-01
5 21 1.989660e-01
5 22 1.159550e-01
5 23 5.549620e-02
5 24 2.077460e-02
5 25 5.724960e-03
5 26 1.076310e-03
5 27 1.257350e-04
5 28 8.449880e-06
5 29 4.737900e-07
5 30 2.828070e-08
5 31 0.000000e+00
5 32 0.000000e+00
5 33 0.000000e+00
5 34 0.000000e+00
5 35 0.000000e+00
5 36 0.000000e+00
5 37 0.000000e+00
5 38 0.000000e+00
5 39 0.000000e+00
5 40 0.000000e+00
6 1 5.649810e-02
6 2 2.392890e-02
6 3 3.588100e-02
6 4 4.974350e-02
6 5 7.177500e-02
6 6 9.895220e-02
6 7 1.270180e-01
6 8 1.562700e-01
6 9 1.885140e-01
6 10 2.269510e-01
6 11 2.684060e-01
6 12 3.127870e-01
6 13 3.570590e-01
6 14 3.985090e-01
6 15 4.297660e-01
6 16 4.465530e-01
6 17 4.410190e-01
6 18 4.090310e-01
6 19 3.504550e-01
6 20 2.723720e-01
6 21 1.868330e-01
6 22 1.097660e-01
6 23 5.305420e-02
6 24 2.009700e-02
6 25 5.617080e-03
6 26 1.073900e-03
6 27 1.279620e-04
6 28 8.789520e-06
6 29 5.004860e-07
6 30 3.031170e-08
6 31 0.000000e+00
6 32 0.000000e+00
6 33 0.000000e+00
6 34 0.000000e+00
6 35 0.000000e+00
6 36 0.000000e+00
6 37 0.000000e+00
6 38 0.000000e+00
6 39 0.000000e+00
6 40 0.000000e+00
7 1 4.235280e-02
7 2 1.790500e-02
7 3 2.718260e-02
7 4 3.807740e-02
7 5 5.576880e-02
7 6 8.048780e-02
7 7 1.111910e-01
7 8 1.423190e-01
7 9 1.723310e-01
7 10 2.076180e-01
7 11 2.457530e-01
7 12 2.867180e-01
7 13 3.277560e-01
7 14 3.664550e-01
7 15 3.960420e-01
7 16 4.126230e-01
7 17 4.088910e-01
7 18 3.808430e-01
7 19 3.280130e-01
7 20 2.565630e-01
7 21 1.773830e-01
7 22 1.052150e-01
7 23 5.145080e-02
7 24 1.976390e-02
7 25 5.616720e-03
7 26 1.095200e-03
7 27 1.335520e-04
7 28 9.410260e-06
7 29 5.453380e-07
7 30 3.358360e-08
7 31 0.000000e+00
7 32 0.000000e+00
7 33 0.000000e+00
7 34 0.000000e+00
7 35 0.000000e+00
7 36 0.000000e+00
7 37 0.000000e+00
7 38 0.000000e+00
7 39 0.000000e+00
7 40 0.000000e+00
8 1 3.215140e-02
8 2 1.360600e-02
8 3 2.067790e-02
8 4 2.905240e-02
8 5 4.266900e-02
8 6 6.208790e-02
8 7 8.977530e-02
8 8 1.253370e-01
8 9 1.580700e-01
8 10 1.909670e-01
8 11 2.262910e-01
8 12 2.643490e-01
8 13 3.027100e-01
8 14 3.391840e-01
8 15 3.675130e-01
8 16 3.841240e-01
8 17 3.822310e-01
8 18 3.578090e-01
8 19 3.100980e-01
8 20 2.444030e-01
8 21 1.705630e-01
8 22 1.023230e-01
8 23 5.072570e-02
8 24 1.980620e-02
8 25 5.738940e-03
8 26 1.144830e-03
8 27 1.433700e-04
8 28 1.039730e-05
8 29 6.147200e-07
8 30 3.858300e-08
8 31 0.000000e+00
8 32 0.000000e+00
8 33 0.000000e+00
8 34 0.000000e+00
8 35 0.000000e+00
8 36 0.000000e+00
8 37 0.000000e+00
8 38 0.000000e+00
8 39 0.000000e+00
8 40 0.000000e+00
9 1 2.533960e-02
9 2 1.050140e-02
9 3 1.569530e-02
9 4 2.190860e-02
9 5 3.232880e-02
9 6 4.726350e-02
9 7 6.879590e-02
9 8 1.006560e-01
9 9 1.403440e-01
9 10 1.766380e-01
9 11 2.098160e-01
9 12 2.455090e-01
9 13 2.817000e-01
9 14 3.164620e-01
9 15 3.439860e-01
9 16 3.609170e-01
9 17 3.608930e-01
9 18 3.399210e-01
9 19 2.967890e-01
9 20 2.360570e-01
9 21 1.665530e-01
9 22 1.012560e-01
9 23 5.100460e-02
9 24 2.029460e-02
9 25 6.011960e-03
9 26 1.230610e-03
9 27 1.587510e-04
9 28 1.187590e-05
9 29 7.169910e-07
9 30 4.590910e-08
9 31 0.000000e+00
9 32 0.000000e+00
9 33 0.000000e+00
9 34 0.000000e+00
9 35 0.000000e+00
9 36 0.000000e+00
9 37 0.000000e+00
9 38 0.000000e+00
9 39 0.000000e+00
9 40 0.000000e+00
10 1 1.890760e-02
10 2 7.833640e-03
10 3 1.176660e-02
10 4 1.646910e-02
10 5 2.430150e-02
10 6 3.560350e-02
10 7 5.193720e-02
10 8 7.631390e-02
10 9 1.117220e-01
10 10 1.580660e-01
10 11 1.959200e-01
10 12 2.298390e-01
10 13 2.643400e-01
10 14 2.978570e-01
10 15 3.249830e-01
10 16 3.425440e-01
10 17 3.444550e-01
10 18 3.267620e-01
10 19 2.877790e-01
10 20 2.313170e-01
10 21 1.653080e-01
10 22 1.020540e-01
10 23 5.235880e-02
10 24 2.129040e-02
10 25 6.469390e-03
10 26 1.363970e-03
10 27 1.820540e-04
10 28 1.409050e-05
10 29 8.723350e-07
10 30 5.716800e-08
10 31 0.000000e+00
10 32 0.000000e+00
10 33 0.000000e+00
10 34 0.000000e+00
10 35 0.000000e+00
10 36 0.000000e+00
10 37 0.000000e+00
10 38 0.000000e+00
10 39 0.000000e+00
10 40 0.000000e+00
11 1 1.371360e-02
11 2 5.688970e-03
11 3 8.531430e-03
11 4 1.192340e-02
11 5 1.762290e-02
11 6 2.602290e-02
11 7 3.831690e-02
11 8 5.667800e-02
11 9 8.351760e-02
11 10 1.246020e-01
11 11 1.770010e-01
11 12 2.172590e-01
11 13 2.506540e-01
11 14 2.833910e-01
11 15 3.105350e-01
11 16 3.290460e-01
11 17 3.330230e-01
11 18 3.185030e-01
11 19 2.832970e-01
11 20 2.304750e-01
11 21 1.671290e-01
11 22 1.049980e-01
11 23 5.501050e-02
11 24 2.293130e-02
11 25 7.174180e-03
11 26 1.565000e-03
11 27 2.173240e-04
11 28 1.746070e-05
11 29 1.115800e-06
11 30 7.516370e-08
11 31 0.000000e+00
11 32 0.000000e+00
11 33 0.000000e+00
11 34 0.000000e+00
11 35 0.000000e+00
11 36 0.000000e+00
11 37 0.000000e+00
11 38 0.000000e+00
11 39 0.000000e+00
11 40 0.000000e+00
12 1 1.041600e-02
12 2 4.313090e-03
12 3 6.440200e-03
12 4 8.933060e-03
12 5 1.305010e-02
12 6 1.897660e-02
12 7 2.781760e-02
12 8 4.143360e-02
12 9 6.146270e-02
12 10 9.218500e-02
12 11 1.383500e-01
12 12 1.982390e-01
12 13 2.399500e-01
12 14 2.724450e-01
12 15 3.000640e-01
12 16 3.199420e-01
12 17 3.262900e-01
12 18 3.150570e-01
12 19 2.835000e-01
12 20 2.338990e-01
12 21 1.725040e-01
12 22 1.105720e-01
12 23 5.932760e-02
12 24 2.543240e-02
12 25 8.218780e-03
12 26 1.861020e-03
12 27 2.696720e-04
12 28 2.252000e-05
12 29 1.473770e-06
12 30 1.025790e-07
12 31 0.000000e+00
12 32 0.000000e+00
12 33 0.000000e+00
12 34 0.000000e+00
12 35 0.000000e+00
12 36 0.000000e+00
12 37 0.000000e+00
12 38 0.000000e+00
12 39 0.000000e+00
12 40 0.000000e+00
13 1 6.966450e-03
13 2 2.894800e-03
13 3 4.329840e-03
13 4 6.011230e-03
13 5 8.807810e-03
13 6 1.293340e-02
13 7 1.914940e-02
13 8 2.883350e-02
13 9 4.346470e-02
13 10 6.607360e-02
13 11 1.002260e-01
13 12 1.530800e-01
13 13 2.218650e-01
13 14 2.656660e-01
13 15 2.942210e-01
13 16 3.158640e-01
13 17 3.248180e-01
13 18 3.168400e-01
13 19 2.887440e-01
13 20 2.419060e-01
13 21 1.817470e-01
13 22 1.191240e-01
13 23 6.563740e-02
13 24 2.904370e-02
13 25 9.743310e-03
13 26 2.305330e-03
13 27 3.517120e-04
13 28 3.105500e-05
13 29 1.864200e-06
13 30 1.515480e-07
13 31 0.000000e+00
13 32 0.000000e+00
13 33 0.000000e+00
13 34 0.000000e+00
13 35 0.000000e+00
13 36 0.000000e+00
13 37 0.000000e+00
13 38 0.000000e+00
13 39 0.000000e+00
13 40 0.000000e+00
14 1 5.308340e-03
14 2 2.203590e-03
14 3 3.294180e-03
14 4 4.570380e-03
14 5 6.676090e-03
14 6 9.721480e-03
14 7 1.420560e-02
14 8 2.101180e-02
14 9 3.113720e-02
14 10 4.719750e-02
14 11 7.170190e-02
14 12 1.097480e-01
14 13 1.692990e-01
14 14 2.478000e-01
14 15 2.910670e-01
14 16 3.151250e-01
14 17 3.274110e-01
14 18 3.233460e-01
14 19 2.992090e-01
14 20 2.552970e-01
14 21 1.960370e-01
14 22 1.318520e-01
14 23 7.487170e-02
14 24 3.431210e-02
14 25 1.198290e-02
14 26 2.967590e-03
14 27 4.765880e-04
14 28 4.446590e-05
14 29 2.447800e-06
14 30 2.274850e-07
14 31 0.000000e+00
14 32 0.000000e+00
14 33 0.000000e+00
14 34 0.000000e+00
14 35 0.000000e+00
14 36 0.000000e+00
14 37 0.000000e+00
14 38 0.000000e+00
14 39 0.000000e+00
14 40 0.000000e+00
15 1 3.608300e-03
15 2 1.500930e-03
15 3 2.246250e-03
15 4 3.120640e-03
15 5 4.564770e-03
15 6 6.651610e-03
15 7 9.719980e-03
15 8 1.442470e-02
15 9 2.152970e-02
15 10 3.272850e-02
15 11 4.987110e-02
15 12 7.667300e-02
15 13 1.189340e-01
15 14 1.870190e-01
15 15 2.759610e-01
15 16 3.192110e-01
15 17 3.353480e-01
15 18 3.357310e-01
15 19 3.158170e-01
15 20 2.749010e-01
15 21 2.161960e-01
15 22 1.496020e-01
15 23 8.784950e-02
15 24 4.187050e-02
15 25 1.530670e-02
15 26 3.995750e-03
15 27 6.816550e-04
15 28 6.804980e-05
15 29 3.760280e-06
15 30 3.692690e-07
15 31 0.000000e+00
15 32 0.000000e+00
15 33 0.000000e+00
15 34 0.000000e+00
15 35 0.000000e+00
15 36 0.000000e+00
15 37 0.000000e+00
15 38 0.000000e+00
15 39 0.000000e+00
15 40 0.000000e+00
16 1 2.298900e-03
16 2 9.590770e-04
16 3 1.437570e-03
16 4 2.001030e-03
16 5 2.933870e-03
16 6 4.287000e-03
16 7 6.280530e-03
16 8 9.337810e-03
16 9 1.397390e-02
16 10 2.137000e-02
16 11 3.292840e-02
16 12 5.129670e-02
16 13 8.053410e-02
16 14 1.280910e-01
16 15 2.053970e-01
16 16 3.080720e-01
16 17 3.491800e-01
16 18 3.546820e-01
16 19 3.395950e-01
16 20 3.020640e-01
16 21 2.438180e-01
16 22 1.740540e-01
16 23 1.060690e-01
16 24 5.281050e-02
16 25 2.032450e-02
16 26 5.632890e-03
16 27 1.029950e-03
16 28 1.113300e-04
16 29 6.546270e-06
16 30 6.463870e-07
16 31 0.000000e+00
16 32 0.000000e+00
16 33 0.000000e+00
16 34 0.000000e+00
16 35 0.000000e+00
16 36 0.000000e+00
16 37 0.000000e+00
16 38 0.000000e+00
16 39 0.000000e+00
16 40 0.000000e+00
17 1 1.497140e-03
17 2 6.257140e-04
17 3 9.387040e-04
17 4 1.308130e-03
17 5 1.920780e-03
17 6 2.811730e-03
17 7 4.128190e-03
17 8 6.146490e-03
17 9 9.190980e-03
17 10 1.402710e-02
17 11 2.157760e-02
17 12 3.364020e-02
17 13 5.303230e-02
17 14 8.490930e-02
17 15 1.373320e-01
17 16 2.253780e-01
17 17 3.421490e-01
17 18 3.795010e-01
17 19 3.707610e-01
17 20 3.379590e-01
17 21 2.809560e-01
17 22 2.077280e-01
17 23 1.319420e-01
17 24 6.895320e-02
17 25 2.807090e-02
17 26 8.299230e-03
17 27 1.633420e-03
17 28 1.918930e-04
17 29 1.217300e-05
17 30 1.175090e-06
17 31 0.000000e+00
17 32 0.000000e+00
17 33 0.000000e+00
17 34 0.000000e+00
17 35 0.000000e+00
17 36 0.000000e+00
17 37 0.000000e+00
17 38 0.000000e+00
17 39 0.000000e+00
17 40 0.000000e+00
18 1 8.612290e-04
18 2 3.615130e-04
18 3 5.434770e-04
18 4 7.592330e-04
18 5 1.118180e-03
18 6 1.643030e-03
18 7 2.423370e-03
18 8 3.626450e-03
18 9 5.453020e-03
18 10 8.378790e-03
18 11 1.300260e-02
18 12 2.050620e-02
18 13 3.278270e-02
18 14 5.327180e-02
18 15 8.750500e-02
18 16 1.460200e-01
18 17 2.464490e-01
18 18 3.804960e-01
18 19 4.113510e-01
18 20 3.847490e-01
18 21 3.300660e-01
18 22 2.534250e-01
18 23 1.683960e-01
18 24 9.284130e-02
18 25 4.024720e-02
18 26 1.280760e-02
18 27 2.744850e-03
18 28 3.557390e-04
18 29 2.471420e-05
18 30 1.590940e-06
18 31 0.000000e+00
18 32 0.000000e+00
18 33 0.000000e+00
18 34 0.000000e+00
18 35 0.000000e+00
18 36 0.000000e+00
18 37 0.000000e+00
18 38 0.000000e+00
18 39 0.000000e+00
18 40 0.000000e+00
19 1 4.433930e-04
19 2 1.868360e-04
19 3 2.813190e-04
19 4 3.938290e-04
19 5 5.816040e-04
19 6 8.576490e-04
19 7 1.270920e-03
19 8 1.913410e-03
19 9 2.898320e-03
19 10 4.493660e-03
19 11 7.055520e-03
19 12 1.130020e-02
19 13 1.842750e-02
19 14 3.068160e-02
19 15 5.170790e-02
19 16 8.851320e-02
19 17 1.533540e-01
19 18 2.685710e-01
19 19 4.233740e-01
19 20 4.455780e-01
19 21 3.948980e-01
19 22 3.154600e-01
19 23 2.199150e-01
19 24 1.284530e-01
19 25 5.967460e-02
19 26 2.062760e-02
19 27 4.878880e-03
19 28 7.111230e-04
19 29 5.615930e-05
19 30 2.550100e-06
19 31 0.000000e+00
19 32 0.000000e+00
19 33 0.000000e+00
19 34 0.000000e+00
19 35 0.000000e+00
19 36 0.000000e+00
19 37 0.000000e+00
19 38 0.000000e+00
19 39 0.000000e+00
19 40 0.000000e+00
20 1 2.277480e-04
20 2 9.665260e-05
20 3 1.459740e-04
20 4 2.050840e-04
20 5 3.041080e-04
20 6 4.506210e-04
20 7 6.714350e-04
20 8 1.017190e-03
20 9 1.551420e-03
20 10 2.421770e-03
20 11 3.825980e-03
20 12 6.161760e-03
20 13 1.010410e-02
20 14 1.694530e-02
20 15 2.896730e-02
20 16 5.061550e-02
20 17 8.971230e-02
20 18 1.610900e-01
20 19 2.918480e-01
20 20 4.685100e-01
20 21 4.768650e-01
20 22 3.985610e-01
20 23 2.934110e-01
20 24 1.828510e-01
20 25 9.165060e-02
20 26 3.458560e-02
20 27 9.039460e-03
20 28 1.472800e-03
20 29 1.311340e-04
20 30 5.813080e-06
20 31 1.821190e-07
20 32 0.000000e+00
20 33 0.000000e+00
20 34 0.000000e+00
20 35 0.000000e+00
20 36 0.000000e+00
20 37 0.000000e+00
20 38 0.000000e+00
20 39 0.000000e+00
20 40 0.000000e+00
21 1 1.011110e-04
21 2 4.336130e-05
21 3 6.573050e-05
21 4 9.276740e-05
21 5 1.383280e-04
21 6 2.063470e-04
21 7 3.099410e-04
21 8 4.739900e-04
21 9 7.308920e-04
21 10 1.155680e-03
21 11 1.853110e-03
21 12 3.035000e-03
21 13 5.069130e-03
21 14 8.665980e-03
21 15 1.507550e-02
21 16 2.683100e-02
21 17 4.865110e-02
21 18 8.970040e-02
21 19 1.674160e-01
21 20 3.154820e-01
21 21 5.168730e-01
21 22 5.081150e-01
21 23 3.964740e-01
21 24 2.650120e-01
21 25 1.442950e-01
21 26 6.000640e-02
21 27 1.755900e-02
21 28 3.257440e-03
21 29 3.362600e-04
21 30 1.687460e-05
21 31 9.341340e-07
21 32 6.422550e-08
21 33 0.000000e+00
21 34 0.000000e+00
21 35 0.000000e+00
21 36 0.000000e+00
21 37 0.000000e+00
21 38 0.000000e+00
21 39 0.000000e+00
21 40 0.000000e+00
22 1 3.699700e-05
22 2 1.620390e-05
22 3 2.466870e-05
22 4 3.499950e-05
22 5 5.252200e-05
22 6 7.896050e-05
22 7 1.197110e-04
22 8 1.851240e-04
22 9 2.892670e-04
22 10 4.645790e-04
22 11 7.586430e-04
22 12 1.269390e-03
22 13 2.172940e-03
22 14 3.813550e-03
22 15 6.818310e-03
22 16 1.249970e-02
22 17 2.343500e-02
22 18 4.485990e-02
22 19 8.722520e-02
22 20 1.717520e-01
22 21 3.395190e-01
22 22 5.707890e-01
22 23 5.383560e-01
22 24 3.873790e-01
22 25 2.307010e-01
22 26 1.067510e-01
22 27 3.541860e-02
22 28 7.610510e-03
22 29 9.310330e-04
22 30 5.537980e-05
22 31 2.199730e-06
22 32 4.525290e-07
22 33 0.000000e+00
22 34 0.000000e+00
22 35 0.000000e+00
22 36 0.000000e+00
22 37 0.000000e+00
22 38 0.000000e+00
22 39 0.000000e+00
22 40 0.000000e+00
23 1 1.075540e-05
23 2 4.967340e-06
23 3 7.582630e-06
23 4 1.079470e-05
23 5 1.626940e-05
23 6 2.459820e-05
23 7 3.757100e-05
23 8 5.866240e-05
23 9 9.279750e-05
23 10 1.514020e-04
23 11 2.522310e-04
23 12 4.327850e-04
23 13 7.649060e-04
23 14 1.396220e-03
23 15 2.606250e-03
23 16 4.984710e-03
23 17 9.732550e-03
23 18 1.943810e-02
23 19 3.968690e-02
23 20 8.256570e-02
23 21 1.732410e-01
23 22 3.634240e-01
23 23 6.298420e-01
23 24 5.664690e-01
23 25 3.704060e-01
23 26 1.920920e-01
23 27 7.310140e-02
23 28 1.848790e-02
23 29 2.741880e-03
23 30 2.038150e-04
23 31 6.919590e-06
23 32 1.148340e-07
23 33 1.707180e-09
23 34 0.000000e+00
23 35 0.000000e+00
23 36 0.000000e+00
23 37 0.000000e+00
23 38 0.000000e+00
23 39 0.000000e+00
23 40 0.000000e+00
24 1 2.319110e-06
24 2 1.207650e-06
24 3 1.878240e-06
24 4 2.704620e-06
24 5 4.112750e-06
24 6 6.281330e-06
24 7 9.709330e-06
24 8 1.537780e-05
24 9 2.473810e-05
24 10 4.116140e-05
24 11 7.015550e-05
24 12 1.235810e-04
24 13 2.251710e-04
24 14 4.267330e-04
24 15 8.332540e-04
24 16 1.672840e-03
24 17 3.432660e-03
24 18 7.207260e-03
24 19 1.549930e-02
24 20 3.421260e-02
24 21 7.672220e-02
24 22 1.730310e-01
24 23 3.870260e-01
24 24 6.918750e-01
24 25 5.898610e-01
24 26 3.453970e-01
24 27 1.522160e-01
24 28 4.581560e-02
24 29 8.325280e-03
24 30 7.818300e-04
24 31 3.154480e-05
24 32 5.879990e-07
24 33 8.117690e-09
24 34 0.000000e+00
24 35 0.000000e+00
24 36 0.000000e+00
24 37 0.000000e+00
24 38 0.000000e+00
24 39 0.000000e+00
24 40 0.000000e+00
25 1 3.665130e-07
25 2 2.073880e-07
25 3 3.349290e-07
25 4 4.964770e-07
25 5 7.702910e-07
25 6 1.192860e-06
25 7 1.868550e-06
25 8 3.006620e-06
25 9 4.930250e-06
25 10 8.393140e-06
25 11 1.470010e-05
25 12 2.674150e-05
25 13 5.060660e-05
25 14 1.003300e-04
25 15 2.073970e-04
25 16 4.446570e-04
25 17 9.687580e-04
25 18 2.154620e-03
25 19 4.920510e-03
25 20 1.161210e-02
25 21 2.812950e-02
25 22 6.916420e-02
25 23 1.698660e-01
25 24 4.094380e-01
25 25 7.581680e-01
25 26 6.079840e-01
25 27 3.128710e-01
25 28 1.135830e-01
25 29 2.577510e-02
25 30 3.137830e-03
25 31 1.690730e-04
25 32 3.680080e-06
25 33 4.646840e-08
25 34 8.955700e-11
25 35 0.000000e+00
25 36 0.000000e+00
25 37 0.000000e+00
25 38 0.000000e+00
25 39 0.000000e+00
25 40 0.000000e+00
26 1 4.524680e-08
26 2 2.590090e-08
26 3 4.285280e-08
26 4 6.555310e-08
26 5 1.050590e-07
26 6 1.673600e-07
26 7 2.668480e-07
26 8 4.307480e-07
26 9 7.005440e-07
26 10 1.179400e-06
26 11 2.034390e-06
26 12 3.673200e-06
26 13 7.061700e-06
26 14 1.461200e-05
26 15 3.254080e-05
26 16 7.860900e-05
26 17 2.012860e-04
26 18 5.112580e-04
26 19 1.278320e-03
26 20 3.209260e-03
26 21 8.209460e-03
26 22 2.170850e-02
26 23 5.913210e-02
26 24 1.614730e-01
26 25 4.288520e-01
26 26 8.316840e-01
26 27 6.203840e-01
26 28 2.729400e-01
26 29 7.860510e-02
26 30 1.284180e-02
26 31 9.939430e-04
26 32 2.948930e-05
26 33 4.217790e-07
26 34 8.380040e-09
26 35 0.000000e+00
26 36 0.000000e+00
26 37 0.000000e+00
26 38 0.000000e+00
26 39 0.000000e+00
26 40 0.000000e+00
27 1 6.447060e-09
27 2 3.690530e-09
27 3 6.105950e-09
27 4 9.340450e-09
27 5 1.496640e-08
27 6 2.377570e-08
27 7 3.760260e-08
27 8 5.976000e-08
27 9 9.432430e-08
27 10 1.530160e-07
27 11 2.705310e-07
27 12 4.895340e-07
27 13 8.994160e-07
27 14 1.827080e-06
27 15 4.094920e-06
27 16 1.005820e-05
27 17 2.696680e-05
27 18 7.633140e-05
27 19 2.169740e-04
27 20 6.194180e-04
27 21 1.792560e-03
27 22 5.297170e-03
27 23 1.607860e-02
27 24 4.985740e-02
27 25 1.528740e-01
27 26 4.471620e-01
27 27 9.030170e-01
27 28 6.234360e-01
27 29 2.302300e-01
27 30 5.042050e-02
27 31 5.472200e-03
27 32 2.355160e-04
27 33 3.585480e-06
27 34 1.214480e-07
27 35 0.000000e+00
27 36 0.000000e+00
27 37 0.000000e+00
27 38 0.000000e+00
27 39 0.000000e+00
27 40 0.000000e+00
28 1 2.018870e-09
28 2 1.155680e-09
28 3 1.912050e-09
28 4 2.924920e-09
28 5 4.686670e-09
28 6 7.445260e-09
28 7 1.177510e-08
28 8 1.871360e-08
28 9 2.953730e-08
28 10 4.699560e-08
28 11 7.440180e-08
28 12 1.179000e-07
28 13 1.866530e-07
28 14 2.963670e-07
28 15 4.760070e-07
28 16 8.974910e-07
28 17 2.221550e-06
28 18 6.841970e-06
28 19 2.386310e-05
28 20 8.347590e-05
28 21 2.863890e-04
28 22 9.460470e-04
28 23 3.137470e-03
28 24 1.097890e-02
28 25 3.958200e-02
28 26 1.399660e-01
28 27 4.615900e-01
28 28 9.790130e-01
28 29 6.174900e-01
28 30 1.852950e-01
28 31 2.933410e-02
28 32 1.966940e-03
28 33 4.349430e-05
28 34 8.828760e-07
28 35 0.000000e+00
28 36 0.000000e+00
28 37 0.000000e+00
28 38 0.000000e+00
28 39 0.000000e+00
28 40 0.000000e+00
29 1 6.044500e-10
29 2 3.460100e-10
29 3 5.724700e-10
29 4 8.757200e-10
29 5 1.403190e-09
29 6 2.229110e-09
29 7 3.525460e-09
29 8 5.602850e-09
29 9 8.843450e-09
29 10 1.407050e-08
29 11 2.227590e-08
29 12 3.529930e-08
29 13 5.588380e-08
29 14 8.871510e-08
29 15 1.404180e-07
29 16 2.227330e-07
29 17 3.557600e-07
29 18 6.339540e-07
29 19 1.558550e-06
29 20 6.004510e-06
29 21 3.054470e-05
29 22 1.374440e-04
29 23 5.083540e-04
29 24 1.853020e-03
29 25 7.189040e-03
29 26 2.974780e-02
29 27 1.232410e-01
29 28 4.700080e-01
29 29 1.059520e+00
29 30 6.008810e-01
29 31 1.412630e-01
29 32 1.538760e-02
29 33 5.914480e-04
29 34 6.295620e-06
29 35 0.000000e+00
29 36 0.000000e+00
29 37 0.000000e+00
29 38 0.000000e+00
29 39 0.000000e+00
29 40 0.000000e+00
30 1 2.198000e-10
30 2 1.258200e-10
30 3 2.081700e-10
30 4 3.184500e-10
30 5 5.102600e-10
30 6 8.106000e-10
30 7 1.282010e-09
30 8 2.037440e-09
30 9 3.215870e-09
30 10 5.116650e-09
30 11 8.100500e-09
30 12 1.283640e-08
30 13 2.032180e-08
30 14 3.226070e-08
30 15 5.106210e-08
30 16 8.099540e-08
30 17 1.283690e-07
30 18 2.042220e-07
30 19 3.428960e-07
30 20 7.585710e-07
30 21 2.441180e-06
30 22 9.188350e-06
30 23 3.674720e-05
30 24 1.596450e-04
30 25 7.666660e-04
30 26 3.978480e-03
30 27 2.121490e-02
30 28 1.074430e-01
30 29 4.756060e-01
30 30 1.133530e+00
30 31 5.760280e-01
30 32 1.021200e-01
30 33 7.032410e-03
30 34 1.362860e-04
30 35 8.924710e-07
30 36 1.273710e-07
30 37 0.000000e+00
30 38 0.000000e+00
30 39 0.000000e+00
30 40 0.000000e+00
31 1 9.343400e-11
31 2 5.348500e-11
31 3 8.849000e-11
31 4 1.353700e-10
31 5 2.169000e-10
31 6 3.445700e-10
31 7 5.449500e-10
31 8 8.660700e-10
31 9 1.366990e-09
31 10 2.174970e-09
31 11 3.443340e-09
31 12 5.456460e-09
31 13 8.638340e-09
31 14 1.371330e-08
31 15 2.170530e-08
31 16 3.442930e-08
31 17 5.456660e-08
31 18 8.648910e-08
31 19 1.369800e-07
31 20 2.172200e-07
31 21 3.474260e-07
31 22 5.979710e-07
31 23 1.415980e-06
31 24 6.752050e-06
31 25 4.563750e-05
31 26 2.953120e-04
31 27 1.999240e-03
31 28 1.383570e-02
31 29 8.900130e-02
31 30 4.757070e-01
31 31 1.207580e+00
31 32 5.406430e-01
31 33 6.928890e-02
31 34 2.761330e-03
31 35 2.326980e-05
31 36 4.210200e-07
31 37 0.000000e+00
31 38 0.000000e+00
31 39 0.000000e+00
31 40 0.000000e+00
32 1 5.057200e-11
32 2 2.895000e-11
32 3 4.789700e-11
32 4 7.326900e-11
32 5 1.174000e-10
32 6 1.865000e-10
32 7 2.949600e-10
32 8 4.687700e-10
32 9 7.399000e-10
32 10 1.177230e-09
32 11 1.863760e-09
32 12 2.953390e-09
32 13 4.675630e-09
32 14 7.422510e-09
32 15 1.174830e-08
32 16 1.863540e-08
32 17 2.953500e-08
32 18 4.681350e-08
32 19 7.414220e-08
32 20 1.175720e-07
32 21 1.862950e-07
32 22 2.953190e-07
32 23 4.681580e-07
32 24 7.766870e-07
32 25 2.253010e-06
32 26 1.261960e-05
32 27 9.814780e-05
32 28 8.862110e-04
32 29 8.303810e-03
32 30 7.066140e-02
32 31 4.688350e-01
32 32 1.277970e+00
32 33 4.970870e-01
32 34 4.366540e-02
32 35 9.089170e-04
32 36 3.129700e-06
32 37 2.308360e-09
32 38 0.000000e+00
32 39 0.000000e+00
32 40 0.000000e+00
33 1 3.508900e-11
33 2 2.008600e-11
33 3 3.323300e-11
33 4 5.083700e-11
33 5 8.145700e-11
33 6 1.294000e-10
33 7 2.046600e-10
33 8 3.252500e-10
33 9 5.133800e-10
33 10 8.168100e-10
33 11 1.293150e-09
33 12 2.049180e-09
33 13 3.244140e-09
33 14 5.150040e-09
33 15 8.151460e-09
33 16 1.293000e-08
33 17 2.049250e-08
33 18 3.248110e-08
33 19 5.144280e-08
33 20 8.157590e-08
33 21 1.292590e-07
33 22 2.049030e-07
33 23 3.247510e-07
33 24 5.150000e-07
33 25 8.194610e-07
33 26 1.342970e-06
33 27 3.436950e-06
33 28 2.534360e-05
33 29 3.262680e-04
33 30 4.493920e-03
33 31 5.357840e-02
33 32 4.556620e-01
33 33 1.340950e+00
33 34 4.474210e-01
33 35 2.533930e-02
33 36 2.434140e-04
33 37 3.503400e-07
33 38 6.612700e-10
33 39 0.000000e+00
33 40 0.000000e+00
34 1 1.525000e-11
34 2 8.729600e-12
34 3 1.444300e-11
34 4 2.209400e-11
34 5 3.540100e-11
34 6 5.623900e-11
34 7 8.894500e-11
34 8 1.413600e-10
34 9 2.231100e-10
34 10 3.549900e-10
34 11 5.620100e-10
34 12 8.905800e-10
34 13 1.409910e-09
34 14 2.238220e-09
34 15 3.542650e-09
34 16 5.619400e-09
34 17 8.906110e-09
34 18 1.411640e-08
34 19 2.235720e-08
34 20 3.545310e-08
34 21 5.617640e-08
34 22 8.905160e-08
34 23 1.411370e-07
34 24 2.236590e-07
34 25 3.544250e-07
34 26 5.628480e-07
34 27 9.027700e-07
34 28 1.531760e-06
34 29 5.714720e-06
34 30 9.513420e-05
34 31 2.134340e-03
34 32 3.843460e-02
34 33 4.366330e-01
34 34 1.393330e+00
34 35 3.940250e-01
34 36 1.341360e-02
34 37 4.958870e-05
34 38 4.649260e-08
34 39 0.000000e+00
34 40 0.000000e+00
35 1 1.012400e-11
35 2 5.795500e-12
35 3 9.588600e-12
35 4 1.466800e-11
35 5 2.350300e-11
35 6 3.733600e-11
35 7 5.905000e-11
35 8 9.384500e-11
35 9 1.481200e-10
35 10 2.356700e-10
35 11 3.731100e-10
35 12 5.912500e-10
35 13 9.360300e-10
35 14 1.485930e-09
35 15 2.351920e-09
35 16 3.730660e-09
35 17 5.912670e-09
35 18 9.371700e-09
35 19 1.484270e-08
35 20 2.353690e-08
35 21 3.729490e-08
35 22 5.912040e-08
35 23 9.369910e-08
35 24 1.484850e-07
35 25 2.354120e-07
35 26 3.737540e-07
35 27 5.948230e-07
35 28 9.473260e-07
35 29 1.507430e-06
35 30 2.438860e-06
35 31 1.799260e-05
35 32 8.257440e-04
35 33 2.593030e-02
35 34 4.122470e-01
35 35 1.431820e+00
35 36 3.395030e-01
35 37 6.378120e-03
35 38 7.788850e-06
35 39 3.883920e-09
35 40 0.000000e+00
36 1 7.374000e-12
36 2 4.221100e-12
36 3 6.983800e-12
36 4 1.068300e-11
36 5 1.711800e-11
36 6 2.719400e-11
36 7 4.300900e-11
36 8 6.835200e-11
36 9 1.078900e-10
36 10 1.716500e-10
36 11 2.717500e-10
36 12 4.306300e-10
36 13 6.817500e-10
36 14 1.082280e-09
36 15 1.713020e-09
36 16 2.717220e-09
36 17 4.306500e-09
36 18 6.825880e-09
36 19 1.081070e-08
36 20 1.714310e-08
36 21 2.716380e-08
36 22 4.306040e-08
36 23 6.824570e-08
36 24 1.081490e-07
36 25 1.714140e-07
36 26 2.716100e-07
36 27 4.298200e-07
36 28 6.789780e-07
36 29 1.072080e-06
36 30 1.694260e-06
36 31 2.679710e-06
36 32 6.124140e-06
36 33 2.928990e-04
36 34 1.644300e-02
36 35 3.827000e-01
36 36 1.455980e+00
36 37 2.865870e-01
36 38 2.711500e-03
36 39 1.081700e-06
36 40 0.000000e+00
37 1 4.489500e-12
37 2 2.570000e-12
37 3 4.252000e-12
37 4 6.504400e-12
37 5 1.042200e-11
37 6 1.655700e-11
37 7 2.618500e-11
37 8 4.161500e-11
37 9 6.568400e-11
37 10 1.045100e-10
37 11 1.654500e-10
37 12 2.621800e-10
37 13 4.150700e-10
37 14 6.589200e-10
37 15 1.042940e-09
37 16 1.654330e-09
37 17 2.621930e-09
37 18 4.155810e-09
37 19 6.581880e-09
37 20 1.043730e-08
37 21 1.653810e-08
37 22 2.621650e-08
37 23 4.155010e-08
37 24 6.584440e-08
37 25 1.043620e-07
37 26 1.654020e-07
37 27 2.622070e-07
37 28 4.167220e-07
37 29 6.663420e-07
37 30 1.074340e-06
37 31 1.742540e-06
37 32 2.825070e-06
37 33 4.614030e-06
37 34 9.133210e-05
37 35 9.772210e-03
37 36 3.510300e-01
37 37 1.467240e+00
37 38 2.381500e-01
37 39 1.006470e-03
37 40 1.811540e-07
38 1 2.083100e-12
38 2 1.192400e-12
38 3 1.972900e-12
38 4 3.018000e-12
38 5 4.835800e-12
38 6 7.682100e-12
38 7 1.215000e-11
38 8 1.930900e-11
38 9 3.047700e-11
38 10 4.849100e-11
38 11 7.676900e-11
38 12 1.216500e-10
38 13 1.925900e-10
38 14 3.057400e-10
38 15 4.839200e-10
38 16 7.676000e-10
38 17 1.216560e-09
38 18 1.928270e-09
38 19 3.053950e-09
38 20 4.842820e-09
38 21 7.673580e-09
38 22 1.216430e-08
38 23 1.927900e-08
38 24 3.055140e-08
38 25 4.842330e-08
38 26 7.674530e-08
38 27 1.216320e-07
38 28 1.927650e-07
38 29 3.054210e-07
38 30 4.836270e-07
38 31 7.651710e-07
38 32 1.209650e-06
38 33 1.912130e-06
38 34 3.027260e-06
38 35 2.590200e-05
38 36 5.432290e-03
38 37 3.203340e-01
38 38 1.482960e+00
38 39 1.995240e-01
38 40 3.241450e-04
39 1 1.435400e-12
39 2 0.000000e+00
39 3 1.359500e-12
39 4 2.079600e-12
39 5 3.332200e-12
39 6 5.293500e-12
39 7 8.372000e-12
39 8 1.330500e-11
39 9 2.100100e-11
39 10 3.341400e-11
39 11 5.289900e-11
39 12 8.382600e-11
39 13 1.327100e-10
39 14 2.106700e-10
39 15 3.334500e-10
39 16 5.289300e-10
39 17 8.382900e-10
39 18 1.328710e-09
39 19 2.104390e-09
39 20 3.337050e-09
39 21 5.287650e-09
39 22 8.382040e-09
39 23 1.328460e-08
39 24 2.105210e-08
39 25 3.336710e-08
39 26 5.288300e-08
39 27 8.381320e-08
39 28 1.328350e-07
39 29 2.105830e-07
39 30 3.346030e-07
39 31 5.343000e-07
39 32 8.581980e-07
39 33 1.385260e-06
39 34 2.238400e-06
39 35 3.606880e-06
39 36 9.855350e-06
39 37 2.894800e-03
39 38 3.040420e-01
39 39 1.605950e+00
39 40 1.862710e-01
40 5 1.501100e-12
40 6 2.384600e-12
40 7 3.771400e-12
40 8 5.993700e-12
40 9 9.460300e-12
40 10 1.505200e-11
40 11 2.383000e-11
40 12 3.776200e-11
40 13 5.978200e-11
40 14 9.490300e-11
40 15 1.502100e-10
40 16 2.382700e-10
40 17 3.776300e-10
40 18 5.985500e-10
40 19 9.479700e-10
40 20 1.503250e-09
40 21 2.381950e-09
40 22 3.775890e-09
40 23 5.984360e-09
40 24 9.483400e-09
40 25 1.503100e-08
40 26 2.382240e-08
40 27 3.775570e-08
40 28 5.983860e-08
40 29 9.483720e-08
40 30 1.503500e-07
40 31 2.393400e-07
40 32 3.847430e-07
40 33 6.256060e-07
40 34 1.024780e-06
40 35 1.676480e-06
40 36 2.725440e-06
40 37 4.958890e-06
40 38 1.634730e-03
40 39 3.502610e-01
40 40 2.658420e+00
