1 1 3.724920e-01
1 2 1.399020e-01
1 3 1.772790e-01
1 4 2.051220e-01
1 5 2.461570e-01
1 6 2.877240e-01
1 7 3.283280e-01
1 8 3.672030e-01
1 9 3.955170e-01
1 10 4.129800e-01
1 11 4.082220e-01
1 12 3.796170e-01
1 13 3.263260e-01
1 14 2.549570e-01
1 15 1.756020e-01
1 16 1.038950e-01
1 17 5.058580e-02
1 18 1.933010e-02
1 19 5.454710e-03
1 20 1.056250e-03
1 21 1.275110e-04
1 22 8.908880e-06
1 23 5.173680e-07
1 24 3.169870e-08
1 25 0.000000e+00
1 26 0.000000e+00
1 27 0.000000e+00
1 28 0.000000e+00
1 29 0.000000e+00
1 30 0.000000e+00
1 31 0.000000e+00
1 32 0.000000e+00
1 33 0.000000e+00
1 34 0.000000e+00
1 35 0.000000e+00
1 36 0.000000e+00
1 37 0.000000e+00
1 38 0.000000e+00
1 39 0.000000e+00
1 40 0.000000e+00
2 1 2.887940e-01
2 2 1.233890e-01
2 3 1.627980e-01
2 4 1.888880e-01
2 5 2.269170e-01
2 6 2.655980e-01
2 7 3.035920e-01
2 8 3.402720e-01
2 9 3.674620e-01
2 10 3.849220e-01
2 11 3.820680e-01
2 12 3.570900e-01
2 13 3.088810e-01
2 14 2.431770e-01
2 15 1.690660e-01
2 16 1.011660e-01
2 17 4.993600e-02
2 18 1.939570e-02
2 19 5.579790e-03
2 20 1.105210e-03
2 21 1.369750e-04
2 22 9.845510e-06
2 23 5.829070e-07
2 24 3.636480e-08
2 25 0.000000e+00
2 26 0.000000e+00
2 27 0.000000e+00
2 28 0.000000e+00
2 29 0.000000e+00
2 30 0.000000e+00
2 31 0.000000e+00
2 32 0.000000e+00
2 33 0.000000e+00
2 34 0.000000e+00
2 35 0.000000e+00
2 36 0.000000e+00
2 37 0.000000e+00
2 38 0.000000e+00
2 39 0.000000e+00
2 40 0.000000e+00
3 1 2.198080e-01
3 2 9.870640e-02
3 3 1.443610e-01
3 4 1.747290e-01
3 5 2.104060e-01
3 6 2.466750e-01
3 7 2.825410e-01
3 8 3.174860e-01
3 9 3.439470e-01
3 10 3.616590e-01
3 11 3.607610e-01
3 12 3.392290e-01
3 13 2.956170e-01
3 14 2.348620e-01
3 15 1.650940e-01
3 16 1.001190e-01
3 17 5.022090e-02
3 18 1.988270e-02
3 19 5.850430e-03
3 20 1.189860e-03
3 21 1.520760e-04
3 22 1.128400e-05
3 23 6.843070e-07
3 24 4.361650e-08
3 25 0.000000e+00
3 26 0.000000e+00
3 27 0.000000e+00
3 28 0.000000e+00
3 29 0.000000e+00
3 30 0.000000e+00
3 31 0.000000e+00
3 32 0.000000e+00
3 33 0.000000e+00
3 34 0.000000e+00
3 35 0.000000e+00
3 36 0.000000e+00
3 37 0.000000e+00
3 38 0.000000e+00
3 39 0.000000e+00
3 40 0.000000e+00
4 1 1.628040e-01
4 2 7.425950e-02
4 3 1.145850e-01
4 4 1.564140e-01
4 5 1.965530e-01
4 6 2.310170e-01
4 7 2.652450e-01
4 8 2.989560e-01
4 9 3.250980e-01
4 10 3.434130e-01
4 11 3.444980e-01
4 12 3.262860e-01
4 13 2.868250e-01
4 14 2.303160e-01
4 15 1.639980e-01
4 16 1.010090e-01
4 17 5.161660e-02
4 18 2.088900e-02
4 19 6.306600e-03
4 20 1.321540e-03
4 21 1.748120e-04
4 22 1.341630e-05
4 23 8.348500e-07
4 24 5.441760e-08
4 25 0.000000e+00
4 26 0.000000e+00
4 27 0.000000e+00
4 28 0.000000e+00
4 29 0.000000e+00
4 30 0.000000e+00
4 31 0.000000e+00
4 32 0.000000e+00
4 33 0.000000e+00
4 34 0.000000e+00
4 35 0.000000e+00
4 36 0.000000e+00
4 37 0.000000e+00
4 38 0.000000e+00
4 39 0.000000e+00
4 40 0.000000e+00
5 1 1.239880e-01
5 2 5.591710e-02
5 3 8.619010e-02
5 4 1.234750e-01
5 5 1.774580e-01
5 6 2.182020e-01
5 7 2.513220e-01
5 8 2.842780e-01
5 9 3.105260e-01
5 10 3.298180e-01
5 11 3.330610e-01
5 12 3.181270e-01
5 13 2.825100e-01
5 14 2.296650e-01
5 15 1.659790e-01
5 16 1.040520e-01
5 17 5.430110e-02
5 18 2.252430e-02
5 19 6.997960e-03
5 20 1.515660e-03
5 21 2.082220e-04
5 22 1.652600e-05
5 23 1.059930e-06
5 24 7.079840e-08
5 25 0.000000e+00
5 26 0.000000e+00
5 27 0.000000e+00
5 28 0.000000e+00
5 29 0.000000e+00
5 30 0.000000e+00
5 31 0.000000e+00
5 32 0.000000e+00
5 33 0.000000e+00
5 34 0.000000e+00
5 35 0.000000e+00
5 36 0.000000e+00
5 37 0.000000e+00
5 38 0.000000e+00
5 39 0.000000e+00
5 40 0.000000e+00
6 1 9.132500e-02
6 2 4.111670e-02
6 3 6.358460e-02
6 4 9.142950e-02
6 5 1.387050e-01
6 6 1.991020e-01
6 7 2.406940e-01
6 8 2.733780e-01
6 9 3.001880e-01
6 10 3.208400e-01
6 11 3.264980e-01
6 12 3.148570e-01
6 13 2.828780e-01
6 14 2.332260e-01
6 15 1.714390e-01
6 16 1.096640e-01
6 17 5.861800e-02
6 18 2.500980e-02
6 19 8.028700e-03
6 20 1.805910e-03
6 21 2.591060e-04
6 22 2.137970e-05
6 23 1.417390e-06
6 24 9.739020e-08
6 25 0.000000e+00
6 26 0.000000e+00
6 27 0.000000e+00
6 28 0.000000e+00
6 29 0.000000e+00
6 30 0.000000e+00
6 31 0.000000e+00
6 32 0.000000e+00
6 33 0.000000e+00
6 34 0.000000e+00
6 35 0.000000e+00
6 36 0.000000e+00
6 37 0.000000e+00
6 38 0.000000e+00
6 39 0.000000e+00
6 40 0.000000e+00
7 1 6.354330e-02
7 2 2.876190e-02
7 3 4.514630e-02
7 4 6.574490e-02
7 5 1.007270e-01
7 6 1.539270e-01
7 7 2.224890e-01
7 8 2.664280e-01
7 9 2.941870e-01
7 10 3.166620e-01
7 11 3.250150e-01
7 12 3.167360e-01
7 13 2.882870e-01
7 14 2.414460e-01
7 15 1.808720e-01
7 16 1.183490e-01
7 17 6.498270e-02
7 18 2.862170e-02
7 19 9.536070e-03
7 20 2.239570e-03
7 21 3.377530e-04
7 22 2.939540e-05
7 23 2.003880e-06
7 24 1.423120e-07
7 25 0.000000e+00
7 26 0.000000e+00
7 27 0.000000e+00
7 28 0.000000e+00
7 29 0.000000e+00
7 30 0.000000e+00
7 31 0.000000e+00
7 32 0.000000e+00
7 33 0.000000e+00
7 34 0.000000e+00
7 35 0.000000e+00
7 36 0.000000e+00
7 37 0.000000e+00
7 38 0.000000e+00
7 39 0.000000e+00
7 40 0.000000e+00
8 1 4.434520e-02
8 2 2.017060e-02
8 3 3.174670e-02
8 4 4.645560e-02
8 5 7.151650e-02
8 6 1.099330e-01
8 7 1.697120e-01
8 8 2.491490e-01
8 9 2.919960e-01
8 10 3.168210e-01
8 11 3.284090e-01
8 12 3.238790e-01
8 13 2.991630e-01
8 14 2.550390e-01
8 15 1.951690e-01
8 16 1.309950e-01
8 17 7.412180e-02
8 18 3.382750e-02
8 19 1.174860e-02
8 20 2.895850e-03
8 21 4.619580e-04
8 22 4.280900e-05
8 23 2.714010e-06
8 24 2.216000e-07
8 25 0.000000e+00
8 26 0.000000e+00
8 27 0.000000e+00
8 28 0.000000e+00
8 29 0.000000e+00
8 30 0.000000e+00
8 31 0.000000e+00
8 32 0.000000e+00
8 33 0.000000e+00
8 34 0.000000e+00
8 35 0.000000e+00
8 36 0.000000e+00
8 37 0.000000e+00
8 38 0.000000e+00
8 39 0.000000e+00
8 40 0.000000e+00
9 1 3.119630e-02
9 2 1.396770e-02
9 3 2.170560e-02
9 4 3.170940e-02
9 5 4.928400e-02
9 6 7.646980e-02
9 7 1.190080e-01
9 8 1.879250e-01
9 9 2.769660e-01
9 10 3.211480e-01
9 11 3.366220e-01
9 12 3.365630e-01
9 13 3.160920e-01
9 14 2.749520e-01
9 15 2.155450e-01
9 16 1.488790e-01
9 17 8.713450e-02
9 18 4.136510e-02
9 19 1.503840e-02
9 20 3.905610e-03
9 21 6.611060e-04
9 22 6.540310e-05
9 23 3.688760e-06
9 24 3.571830e-07
9 25 0.000000e+00
9 26 0.000000e+00
9 27 0.000000e+00
9 28 0.000000e+00
9 29 0.000000e+00
9 30 0.000000e+00
9 31 0.000000e+00
9 32 0.000000e+00
9 33 0.000000e+00
9 34 0.000000e+00
9 35 0.000000e+00
9 36 0.000000e+00
9 37 0.000000e+00
9 38 0.000000e+00
9 39 0.000000e+00
9 40 0.000000e+00
10 1 2.027460e-02
10 2 9.160170e-03
10 3 1.436480e-02
10 4 2.112300e-02
10 5 3.295700e-02
10 6 5.148340e-02
10 7 8.077410e-02
10 8 1.286660e-01
10 9 2.058280e-01
10 10 3.096920e-01
10 11 3.504070e-01
10 12 3.555850e-01
10 13 3.400420e-01
10 14 3.023850e-01
10 15 2.434000e-01
10 16 1.735040e-01
10 17 1.054140e-01
10 18 5.228590e-02
10 19 2.001050e-02
10 20 5.515290e-03
10 21 9.998460e-04
10 22 1.069640e-04
10 23 6.239200e-06
10 24 6.229830e-07
10 25 0.000000e+00
10 26 0.000000e+00
10 27 0.000000e+00
10 28 0.000000e+00
10 29 0.000000e+00
10 30 0.000000e+00
10 31 0.000000e+00
10 32 0.000000e+00
10 33 0.000000e+00
10 34 0.000000e+00
10 35 0.000000e+00
10 36 0.000000e+00
10 37 0.000000e+00
10 38 0.000000e+00
10 39 0.000000e+00
10 40 0.000000e+00
11 1 1.240590e-02
11 2 5.656930e-03
11 3 8.899610e-03
11 4 1.314100e-02
11 5 2.065700e-02
11 6 3.269550e-02
11 7 5.209260e-02
11 8 8.423260e-02
11 9 1.367930e-01
11 10 2.264370e-01
11 11 3.447670e-01
11 12 3.822790e-01
11 13 3.726540e-01
11 14 3.392320e-01
11 15 2.809320e-01
11 16 2.072110e-01
11 17 1.311370e-01
11 18 6.827810e-02
11 19 2.767600e-02
11 20 8.163640e-03
11 21 1.603060e-03
11 22 1.884110e-04
11 23 1.194210e-05
11 24 8.944510e-07
11 25 0.000000e+00
11 26 0.000000e+00
11 27 0.000000e+00
11 28 0.000000e+00
11 29 0.000000e+00
11 30 0.000000e+00
11 31 0.000000e+00
11 32 0.000000e+00
11 33 0.000000e+00
11 34 0.000000e+00
11 35 0.000000e+00
11 36 0.000000e+00
11 37 0.000000e+00
11 38 0.000000e+00
11 39 0.000000e+00
11 40 0.000000e+00
12 1 7.530640e-03
12 2 3.458750e-03
12 3 5.446470e-03
12 4 8.037210e-03
12 5 1.260470e-02
12 6 1.989120e-02
12 7 3.192280e-02
12 8 5.248590e-02
12 9 8.676380e-02
12 10 1.462090e-01
12 11 2.477780e-01
12 12 3.832650e-01
12 13 4.137350e-01
12 14 3.866420e-01
12 15 3.305900e-01
12 16 2.533700e-01
12 17 1.678450e-01
12 18 9.222670e-02
12 19 3.980210e-02
12 20 1.262230e-02
12 21 2.691320e-03
12 22 3.470020e-04
12 23 2.388830e-05
12 24 1.192490e-06
12 25 0.000000e+00
12 26 0.000000e+00
12 27 0.000000e+00
12 28 0.000000e+00
12 29 0.000000e+00
12 30 0.000000e+00
12 31 0.000000e+00
12 32 0.000000e+00
12 33 0.000000e+00
12 34 0.000000e+00
12 35 0.000000e+00
12 36 0.000000e+00
12 37 0.000000e+00
12 38 0.000000e+00
12 39 0.000000e+00
12 40 0.000000e+00
13 1 3.842970e-03
13 2 1.788690e-03
13 3 2.840110e-03
13 4 4.233930e-03
13 5 6.735720e-03
13 6 1.085630e-02
13 7 1.780080e-02
13 8 2.992120e-02
13 9 5.079010e-02
13 10 8.796150e-02
13 11 1.533010e-01
13 12 2.699170e-01
13 13 4.266670e-01
13 14 4.489870e-01
13 15 3.964440e-01
13 16 3.160230e-01
13 17 2.195690e-01
13 18 1.277980e-01
13 19 5.911330e-02
13 20 2.037680e-02
13 21 4.802760e-03
13 22 6.984210e-04
13 23 5.504590e-05
13 24 2.426870e-06
13 25 0.000000e+00
13 26 0.000000e+00
13 27 0.000000e+00
13 28 0.000000e+00
13 29 0.000000e+00
13 30 0.000000e+00
13 31 0.000000e+00
13 32 0.000000e+00
13 33 0.000000e+00
13 34 0.000000e+00
13 35 0.000000e+00
13 36 0.000000e+00
13 37 0.000000e+00
13 38 0.000000e+00
13 39 0.000000e+00
13 40 0.000000e+00
14 1 2.079840e-03
14 2 9.832140e-04
14 3 1.572050e-03
14 4 2.360710e-03
14 5 3.778810e-03
14 6 6.109990e-03
14 7 1.002610e-02
14 8 1.685670e-02
14 9 2.873140e-02
14 10 5.048540e-02
14 11 8.969570e-02
14 12 1.614890e-01
14 13 2.931660e-01
14 14 4.717940e-01
14 15 4.793510e-01
14 16 4.001850e-01
14 17 2.938870e-01
14 18 1.826190e-01
14 19 9.114230e-02
14 20 3.426870e-02
14 21 8.907110e-03
14 22 1.442820e-03
14 23 1.275860e-04
14 24 5.607260e-06
14 25 9.925330e-08
14 26 0.000000e+00
14 27 0.000000e+00
14 28 0.000000e+00
14 29 0.000000e+00
14 30 0.000000e+00
14 31 0.000000e+00
14 32 0.000000e+00
14 33 0.000000e+00
14 34 0.000000e+00
14 35 0.000000e+00
14 36 0.000000e+00
14 37 0.000000e+00
14 38 0.000000e+00
14 39 0.000000e+00
14 40 0.000000e+00
15 1 9.139730e-04
15 2 4.412980e-04
15 3 7.133920e-04
15 4 1.085600e-03
15 5 1.765350e-03
15 6 2.909000e-03
15 7 4.879570e-03
15 8 8.407680e-03
15 9 1.469510e-02
15 10 2.641670e-02
15 11 4.815820e-02
15 12 8.931380e-02
15 13 1.675500e-01
15 14 3.176210e-01
15 15 5.210740e-01
15 16 5.116910e-01
15 17 3.981240e-01
15 18 2.652780e-01
15 19 1.438340e-01
15 20 5.962320e-02
15 21 1.737150e-02
15 22 3.210830e-03
15 23 3.302500e-04
15 24 1.649620e-05
15 25 9.436100e-07
15 26 1.684590e-07
15 27 3.731150e-08
15 28 0.000000e+00
15 29 0.000000e+00
15 30 0.000000e+00
15 31 0.000000e+00
15 32 0.000000e+00
15 33 0.000000e+00
15 34 0.000000e+00
15 35 0.000000e+00
15 36 0.000000e+00
15 37 0.000000e+00
15 38 0.000000e+00
15 39 0.000000e+00
15 40 0.000000e+00
16 1 3.418090e-04
16 2 1.679130e-04
16 3 2.741490e-04
16 4 4.226090e-04
16 5 6.986630e-04
16 6 1.175810e-03
16 7 2.026390e-03
16 8 3.604740e-03
16 9 6.512110e-03
16 10 1.210730e-02
16 11 2.285530e-02
16 12 4.405490e-02
16 13 8.633370e-02
16 14 1.716350e-01
16 15 3.415260e-01
16 16 5.770850e-01
16 17 5.429620e-01
16 18 3.890700e-01
16 19 2.304970e-01
16 20 1.062730e-01
16 21 3.513950e-02
16 22 7.543150e-03
16 23 9.247120e-04
16 24 5.537370e-05
16 25 2.110240e-06
16 26 3.987360e-07
16 27 9.225300e-08
16 28 0.000000e+00
16 29 0.000000e+00
16 30 0.000000e+00
16 31 0.000000e+00
16 32 0.000000e+00
16 33 0.000000e+00
16 34 0.000000e+00
16 35 0.000000e+00
16 36 0.000000e+00
16 37 0.000000e+00
16 38 0.000000e+00
16 39 0.000000e+00
16 40 0.000000e+00
17 1 1.121280e-04
17 2 5.733130e-05
17 3 9.523480e-05
17 4 1.496270e-04
17 5 2.525310e-04
17 6 4.347100e-04
17 7 7.676280e-04
17 8 1.401960e-03
17 9 2.606950e-03
17 10 4.999710e-03
17 11 9.759570e-03
17 12 1.952120e-02
17 13 3.989910e-02
17 14 8.318240e-02
17 15 1.744460e-01
17 16 3.663050e-01
17 17 6.347590e-01
17 18 5.703540e-01
17 19 3.721190e-01
17 20 1.926140e-01
17 21 7.296750e-02
17 22 1.833160e-02
17 23 2.689280e-03
17 24 1.966440e-04
17 25 6.538060e-06
17 26 1.001300e-07
17 27 2.169560e-09
17 28 0.000000e+00
17 29 0.000000e+00
17 30 0.000000e+00
17 31 0.000000e+00
17 32 0.000000e+00
17 33 0.000000e+00
17 34 0.000000e+00
17 35 0.000000e+00
17 36 0.000000e+00
17 37 0.000000e+00
17 38 0.000000e+00
17 39 0.000000e+00
17 40 0.000000e+00
18 1 2.751660e-05
18 2 1.460690e-05
18 3 2.460450e-05
18 4 3.934690e-05
18 5 6.790090e-05
18 6 1.202120e-04
18 7 2.198180e-04
18 8 4.197680e-04
18 9 8.223650e-04
18 10 1.663930e-03
18 11 3.420530e-03
18 12 7.189670e-03
18 13 1.547140e-02
18 14 3.424650e-02
18 15 7.691060e-02
18 16 1.740630e-01
18 17 3.904060e-01
18 18 6.990780e-01
18 19 5.947140e-01
18 20 3.474830e-01
18 21 1.525110e-01
18 22 4.568810e-02
18 23 8.249550e-03
18 24 7.684910e-04
18 25 3.068500e-05
18 26 5.721210e-07
18 27 8.216520e-09
18 28 0.000000e+00
18 29 0.000000e+00
18 30 0.000000e+00
18 31 0.000000e+00
18 32 0.000000e+00
18 33 0.000000e+00
18 34 0.000000e+00
18 35 0.000000e+00
18 36 0.000000e+00
18 37 0.000000e+00
18 38 0.000000e+00
18 39 0.000000e+00
18 40 0.000000e+00
19 1 5.336250e-06
19 2 2.871880e-06
19 3 4.822260e-06
19 4 7.714060e-06
19 5 1.339430e-05
19 6 2.408230e-05
19 7 4.533840e-05
19 8 9.087600e-05
19 9 1.920830e-04
19 10 4.265820e-04
19 11 9.590290e-04
19 12 2.176170e-03
19 13 4.981620e-03
19 14 1.161470e-02
19 15 2.780190e-02
19 16 6.847120e-02
19 17 1.694790e-01
19 18 4.127030e-01
19 19 7.695760e-01
19 20 6.158190e-01
19 21 3.142640e-01
19 22 1.133080e-01
19 23 2.567880e-02
19 24 3.166410e-03
19 25 1.774730e-04
19 26 4.047440e-06
19 27 5.982540e-08
19 28 9.497000e-11
19 29 0.000000e+00
19 30 0.000000e+00
19 31 0.000000e+00
19 32 0.000000e+00
19 33 0.000000e+00
19 34 0.000000e+00
19 35 0.000000e+00
19 36 0.000000e+00
19 37 0.000000e+00
19 38 0.000000e+00
19 39 0.000000e+00
19 40 0.000000e+00
20 1 8.790300e-07
20 2 4.926480e-07
20 3 8.164100e-07
20 4 1.301660e-06
20 5 2.249760e-06
20 6 4.052070e-06
20 7 7.673640e-06
20 8 1.544270e-05
20 9 3.272790e-05
20 10 7.426870e-05
20 11 1.773640e-04
20 12 4.422080e-04
20 13 1.140990e-03
20 14 3.056560e-03
20 15 8.149040e-03
20 16 2.188570e-02
20 17 5.998380e-02
20 18 1.641720e-01
20 19 4.353520e-01
20 20 8.412900e-01
20 21 6.268370e-01
20 22 2.760300e-01
20 23 7.919210e-02
20 24 1.274140e-02
20 25 9.503630e-04
20 26 2.634060e-05
20 27 4.314010e-07
20 28 5.974210e-09
20 29 0.000000e+00
20 30 0.000000e+00
20 31 0.000000e+00
20 32 0.000000e+00
20 33 0.000000e+00
20 34 0.000000e+00
20 35 0.000000e+00
20 36 0.000000e+00
20 37 0.000000e+00
20 38 0.000000e+00
20 39 0.000000e+00
20 40 0.000000e+00
21 1 1.138550e-07
21 2 6.517490e-08
21 3 1.078880e-07
21 4 1.699140e-07
21 5 2.976850e-07
21 6 5.262560e-07
21 7 9.590510e-07
21 8 1.932740e-06
21 9 4.257240e-06
21 10 1.037080e-05
21 11 2.703190e-05
21 12 7.386880e-05
21 13 2.063570e-04
21 14 5.840810e-04
21 15 1.697230e-03
21 16 5.162820e-03
21 17 1.614300e-02
21 18 5.073450e-02
21 19 1.557950e-01
21 20 4.548440e-01
21 21 9.161660e-01
21 22 6.323300e-01
21 23 2.333320e-01
21 24 5.076560e-02
21 25 5.399300e-03
21 26 2.212320e-04
21 27 3.061210e-06
21 28 9.823080e-08
21 29 0.000000e+00
21 30 0.000000e+00
21 31 0.000000e+00
21 32 0.000000e+00
21 33 0.000000e+00
21 34 0.000000e+00
21 35 0.000000e+00
21 36 0.000000e+00
21 37 0.000000e+00
21 38 0.000000e+00
21 39 0.000000e+00
21 40 0.000000e+00
22 1 4.020980e-08
22 2 2.301760e-08
22 3 3.808230e-08
22 4 5.825560e-08
22 5 9.334420e-08
22 6 1.482870e-07
22 7 2.345240e-07
22 8 3.739210e-07
22 9 6.121880e-07
22 10 1.123430e-06
22 11 2.587310e-06
22 12 7.490490e-06
22 13 2.364950e-05
22 14 7.473290e-05
22 15 2.407990e-04
22 16 8.220470e-04
22 17 2.958030e-03
22 18 1.094760e-02
22 19 4.036250e-02
22 20 1.433750e-01
22 21 4.709940e-01
22 22 9.968450e-01
22 23 6.287880e-01
22 24 1.884070e-01
22 25 2.953980e-02
22 26 1.919110e-03
22 27 3.896710e-05
22 28 7.201170e-07
22 29 0.000000e+00
22 30 0.000000e+00
22 31 0.000000e+00
22 32 0.000000e+00
22 33 0.000000e+00
22 34 0.000000e+00
22 35 0.000000e+00
22 36 0.000000e+00
22 37 0.000000e+00
22 38 0.000000e+00
22 39 0.000000e+00
22 40 0.000000e+00
23 1 1.288940e-08
23 2 7.378340e-09
23 3 1.220740e-08
23 4 1.867400e-08
23 5 2.992170e-08
23 6 4.753380e-08
23 7 7.517740e-08
23 8 1.194760e-07
23 9 1.885790e-07
23 10 3.007190e-07
23 11 4.893490e-07
23 12 8.881320e-07
23 13 2.231020e-06
23 14 7.534330e-06
23 15 2.699350e-05
23 16 9.916490e-05
23 17 3.832530e-04
23 18 1.586390e-03
23 19 6.913970e-03
23 20 3.041310e-02
23 21 1.275880e-01
23 22 4.825260e-01
23 23 1.081810e+00
23 24 6.156760e-01
23 25 1.444040e-01
23 26 1.541290e-02
23 27 5.649360e-04
23 28 5.519220e-06
23 29 0.000000e+00
23 30 0.000000e+00
23 31 0.000000e+00
23 32 0.000000e+00
23 33 0.000000e+00
23 34 0.000000e+00
23 35 0.000000e+00
23 36 0.000000e+00
23 37 0.000000e+00
23 38 0.000000e+00
23 39 0.000000e+00
23 40 0.000000e+00
24 1 4.976080e-09
24 2 2.848490e-09
24 3 4.712790e-09
24 4 7.209290e-09
24 5 1.155160e-08
24 6 1.835090e-08
24 7 2.902300e-08
24 8 4.612490e-08
24 9 7.280290e-08
24 10 1.158340e-07
24 11 1.833840e-07
24 12 2.906000e-07
24 13 4.643330e-07
24 14 8.225690e-07
24 15 1.931940e-06
24 16 6.413610e-06
24 17 2.697760e-05
24 18 1.311850e-04
24 19 6.931430e-04
24 20 3.871470e-03
24 21 2.147870e-02
24 22 1.105360e-01
24 23 4.906490e-01
24 24 1.167080e+00
24 25 5.928710e-01
24 26 1.048800e-01
24 27 7.061770e-03
24 28 1.266060e-04
24 29 8.940330e-07
24 30 0.000000e+00
24 31 0.000000e+00
24 32 0.000000e+00
24 33 0.000000e+00
24 34 0.000000e+00
24 35 0.000000e+00
24 36 0.000000e+00
24 37 0.000000e+00
24 38 0.000000e+00
24 39 0.000000e+00
24 40 0.000000e+00
25 1 2.567760e-09
25 2 1.469880e-09
25 3 2.431900e-09
25 4 3.720140e-09
25 5 5.960860e-09
25 6 9.469450e-09
25 7 1.497650e-08
25 8 2.380140e-08
25 9 3.756770e-08
25 10 5.977260e-08
25 11 9.463000e-08
25 12 1.499550e-07
25 13 2.373990e-07
25 14 3.768740e-07
25 15 6.049080e-07
25 16 1.062070e-06
25 17 2.227340e-06
25 18 7.050580e-06
25 19 3.749090e-05
25 20 2.571480e-04
25 21 1.915390e-03
25 22 1.405030e-02
25 23 9.223480e-02
25 24 4.935310e-01
25 25 1.253600e+00
25 26 5.609130e-01
25 27 7.148360e-02
25 28 2.782170e-03
25 29 2.190540e-05
25 30 4.042360e-07
25 31 1.625500e-11
25 32 0.000000e+00
25 33 0.000000e+00
25 34 0.000000e+00
25 35 0.000000e+00
25 36 0.000000e+00
25 37 0.000000e+00
25 38 0.000000e+00
25 39 0.000000e+00
25 40 0.000000e+00
26 1 8.080100e-10
26 2 4.625300e-10
26 3 7.652600e-10
26 4 1.170630e-09
26 5 1.875730e-09
26 6 2.979800e-09
26 7 4.712720e-09
26 8 7.489690e-09
26 9 1.182160e-08
26 10 1.880890e-08
26 11 2.977760e-08
26 12 4.718690e-08
26 13 7.470350e-08
26 14 1.185910e-07
26 15 1.877060e-07
26 16 3.012470e-07
26 17 5.754510e-07
26 18 1.472460e-06
26 19 5.017020e-06
26 20 2.264940e-05
26 21 1.361570e-04
26 22 1.029090e-03
26 23 8.872660e-03
26 24 7.351440e-02
26 25 4.882050e-01
26 26 1.343350e+00
26 27 5.198280e-01
26 28 4.530030e-02
26 29 9.741240e-04
26 30 3.491470e-06
26 31 3.166000e-09
26 32 0.000000e+00
26 33 0.000000e+00
26 34 0.000000e+00
26 35 0.000000e+00
26 36 0.000000e+00
26 37 0.000000e+00
26 38 0.000000e+00
26 39 0.000000e+00
26 40 0.000000e+00
27 1 3.742300e-10
27 2 2.142200e-10
27 3 3.544300e-10
27 4 5.421800e-10
27 5 8.687400e-10
27 6 1.380090e-09
27 7 2.182690e-09
27 8 3.468850e-09
27 9 5.475180e-09
27 10 8.711350e-09
27 11 1.379150e-08
27 12 2.185460e-08
27 13 3.459890e-08
27 14 5.492550e-08
27 15 8.693570e-08
27 16 1.378990e-07
27 17 2.185730e-07
27 18 3.468910e-07
27 19 5.540740e-07
27 20 9.374400e-07
27 21 2.566380e-06
27 22 2.422430e-05
27 23 3.376100e-04
27 24 4.746770e-03
27 25 5.657060e-02
27 26 4.817140e-01
27 27 1.425080e+00
27 28 4.747400e-01
27 29 2.662030e-02
27 30 2.640740e-04
27 31 4.337510e-07
27 32 8.823000e-10
27 33 0.000000e+00
27 34 0.000000e+00
27 35 0.000000e+00
27 36 0.000000e+00
27 37 0.000000e+00
27 38 0.000000e+00
27 39 0.000000e+00
27 40 0.000000e+00
28 1 2.244300e-10
28 2 1.284700e-10
28 3 2.125500e-10
28 4 3.251500e-10
28 5 5.209900e-10
28 6 8.276500e-10
28 7 1.308970e-09
28 8 2.080280e-09
28 9 3.283480e-09
28 10 5.224230e-09
28 11 8.270820e-09
28 12 1.310630e-08
28 13 2.074910e-08
28 14 3.293900e-08
28 15 5.213570e-08
28 16 8.269840e-08
28 17 1.310680e-07
28 18 2.077450e-07
28 19 3.290350e-07
28 20 5.218660e-07
28 21 8.277140e-07
28 22 1.422670e-06
28 23 6.969320e-06
28 24 1.175620e-04
28 25 2.388370e-03
28 26 4.119560e-02
28 27 4.681370e-01
28 28 1.505450e+00
28 29 4.251310e-01
28 30 1.434550e-02
28 31 5.969630e-05
28 32 8.973810e-08
28 33 0.000000e+00
28 34 0.000000e+00
28 35 0.000000e+00
28 36 0.000000e+00
28 37 0.000000e+00
28 38 0.000000e+00
28 39 0.000000e+00
28 40 0.000000e+00
29 1 2.087300e-10
29 2 1.194900e-10
29 3 1.976900e-10
29 4 3.024100e-10
29 5 4.845600e-10
29 6 7.697700e-10
29 7 1.217440e-09
29 8 1.934820e-09
29 9 3.053880e-09
29 10 4.858920e-09
29 11 7.692480e-09
29 12 1.218980e-08
29 13 1.929820e-08
29 14 3.063570e-08
29 15 4.849010e-08
29 16 7.691560e-08
29 17 1.219030e-07
29 18 1.932180e-07
29 19 3.060150e-07
29 20 4.852660e-07
29 21 7.689250e-07
29 22 1.219200e-06
29 23 1.943890e-06
29 24 4.773310e-06
29 25 5.410730e-05
29 26 1.238770e-03
29 27 2.888450e-02
29 28 4.476410e-01
29 29 1.582650e+00
29 30 3.730320e-01
29 31 7.109190e-03
29 32 1.013460e-05
29 33 4.312490e-09
29 34 0.000000e+00
29 35 0.000000e+00
29 36 0.000000e+00
29 37 0.000000e+00
29 38 0.000000e+00
29 39 0.000000e+00
29 40 0.000000e+00
30 1 1.163400e-10
30 2 6.660000e-11
30 3 1.101900e-10
30 4 1.685600e-10
30 5 2.700800e-10
30 6 4.290600e-10
30 7 6.785800e-10
30 8 1.078430e-09
30 9 1.702180e-09
30 10 2.708270e-09
30 11 4.287650e-09
30 12 6.794390e-09
30 13 1.075650e-08
30 14 1.707580e-08
30 15 2.702750e-08
30 16 4.287140e-08
30 17 6.794640e-08
30 18 1.076960e-07
30 19 1.705670e-07
30 20 2.705870e-07
30 21 4.305740e-07
30 22 6.919300e-07
30 23 1.126800e-06
30 24 1.860580e-06
30 25 3.131150e-06
30 26 8.917160e-06
30 27 3.748330e-04
30 28 1.866670e-02
30 29 4.280510e-01
30 30 1.646730e+00
30 31 3.237220e-01
30 32 3.099300e-03
30 33 1.633750e-06
30 34 0.000000e+00
30 35 0.000000e+00
30 36 0.000000e+00
30 37 0.000000e+00
30 38 0.000000e+00
30 39 0.000000e+00
30 40 0.000000e+00
31 1 3.555600e-11
31 2 2.035400e-11
31 3 3.367500e-11
31 4 5.151300e-11
31 5 8.254100e-11
31 6 1.311200e-10
31 7 2.073800e-10
31 8 3.295800e-10
31 9 5.202000e-10
31 10 8.276800e-10
31 11 1.310350e-09
31 12 2.076440e-09
31 13 3.287290e-09
31 14 5.218540e-09
31 15 8.259880e-09
31 16 1.310190e-08
31 17 2.076510e-08
31 18 3.291310e-08
31 19 5.212710e-08
31 20 8.266100e-08
31 21 1.309770e-07
31 22 2.075480e-07
31 23 3.284230e-07
31 24 5.186080e-07
31 25 8.284460e-07
31 26 1.363970e-06
31 27 2.810330e-06
31 28 1.258210e-04
31 29 1.135420e-02
31 30 4.031170e-01
31 31 1.702920e+00
31 32 2.770340e-01
31 33 1.170700e-03
31 34 2.309620e-07
31 35 0.000000e+00
31 36 0.000000e+00
31 37 0.000000e+00
31 38 0.000000e+00
31 39 0.000000e+00
31 40 0.000000e+00
32 1 3.684100e-11
32 2 2.108900e-11
32 3 3.489200e-11
32 4 5.337500e-11
32 5 8.552400e-11
32 6 1.358600e-10
32 7 2.148800e-10
32 8 3.414900e-10
32 9 5.390000e-10
32 10 8.575900e-10
32 11 1.357710e-09
32 12 2.151480e-09
32 13 3.406090e-09
32 14 5.407140e-09
32 15 8.558400e-09
32 16 1.357550e-08
32 17 2.151560e-08
32 18 3.410260e-08
32 19 5.401100e-08
32 20 8.564840e-08
32 21 1.357120e-07
32 22 2.151320e-07
32 23 3.409350e-07
32 24 5.400940e-07
32 25 8.547020e-07
32 26 1.349530e-06
32 27 2.127960e-06
32 28 3.365470e-06
32 29 3.784540e-05
32 30 6.475020e-03
32 31 3.760480e-01
32 32 1.747710e+00
32 33 2.338790e-01
32 34 3.759630e-04
32 35 3.153170e-07
32 36 0.000000e+00
32 37 0.000000e+00
32 38 0.000000e+00
32 39 0.000000e+00
32 40 0.000000e+00
33 1 3.487500e-11
33 2 1.996400e-11
33 3 3.303000e-11
33 4 5.052700e-11
33 5 8.096100e-11
33 6 1.286100e-10
33 7 2.034100e-10
33 8 3.232700e-10
33 9 5.102500e-10
33 10 8.118300e-10
33 11 1.285270e-09
33 12 2.036690e-09
33 13 3.224360e-09
33 14 5.118650e-09
33 15 8.101770e-09
33 16 1.285110e-08
33 17 2.036760e-08
33 18 3.228310e-08
33 19 5.112930e-08
33 20 8.107870e-08
33 21 1.284710e-07
33 22 2.036540e-07
33 23 3.227740e-07
33 24 5.119480e-07
33 25 8.147440e-07
33 26 1.301400e-06
33 27 2.078850e-06
33 28 3.314290e-06
33 29 5.276820e-06
33 30 1.373990e-05
33 31 3.365250e-03
33 32 3.485110e-01
33 33 1.778350e+00
33 34 1.950730e-01
33 35 1.004030e-04
33 36 4.319300e-10
33 37 0.000000e+00
33 38 0.000000e+00
33 39 0.000000e+00
33 40 0.000000e+00
34 1 1.016600e-11
34 2 5.819500e-12
34 3 9.628300e-12
34 4 1.472900e-11
34 5 2.360000e-11
34 6 3.749100e-11
34 7 5.929400e-11
34 8 9.423400e-11
34 9 1.487400e-10
34 10 2.366500e-10
34 11 3.746600e-10
34 12 5.936900e-10
34 13 9.399000e-10
34 14 1.492090e-09
34 15 2.361670e-09
34 16 3.746110e-09
34 17 5.937160e-09
34 18 9.410520e-09
34 19 1.490420e-08
34 20 2.363440e-08
34 21 3.744940e-08
34 22 5.936520e-08
34 23 9.408710e-08
34 24 1.491010e-07
34 25 2.364870e-07
34 26 3.776800e-07
34 27 6.155270e-07
34 28 1.020820e-06
34 29 1.691680e-06
34 30 2.777610e-06
34 31 5.146700e-06
34 32 1.570860e-03
34 33 3.208310e-01
34 34 1.793190e+00
34 35 1.608970e-01
34 36 1.981770e-05
34 37 2.558500e-11
34 38 0.000000e+00
34 39 0.000000e+00
34 40 0.000000e+00
35 1 1.218400e-11
35 2 6.974500e-12
35 3 1.153900e-11
35 4 1.765200e-11
35 5 2.828400e-11
35 6 4.493200e-11
35 7 7.106200e-11
35 8 1.129400e-10
35 9 1.782600e-10
35 10 2.836200e-10
35 11 4.490100e-10
35 12 7.115200e-10
35 13 1.126440e-09
35 14 1.788220e-09
35 15 2.830380e-09
35 16 4.489590e-09
35 17 7.115510e-09
35 18 1.127820e-08
35 19 1.786220e-08
35 20 2.832510e-08
35 21 4.488190e-08
35 22 7.114740e-08
35 23 1.127610e-07
35 24 1.786910e-07
35 25 2.831400e-07
35 26 4.478340e-07
35 27 7.069180e-07
35 28 1.115710e-06
35 29 1.762280e-06
35 30 2.785470e-06
35 31 4.405300e-06
35 32 6.975730e-06
35 33 6.044220e-04
35 34 2.939750e-01
35 35 1.790270e+00
35 36 1.310570e-01
35 37 3.238240e-06
35 38 0.000000e+00
35 39 0.000000e+00
35 40 0.000000e+00
36 1 8.008300e-12
36 2 4.584300e-12
36 3 7.584600e-12
36 4 1.160200e-11
36 5 1.859100e-11
36 6 2.953300e-11
36 7 4.670900e-11
36 8 7.423200e-11
36 9 1.171700e-10
36 10 1.864200e-10
36 11 2.951300e-10
36 12 4.676800e-10
36 13 7.404000e-10
36 14 1.175380e-09
36 15 1.860380e-09
36 16 2.950970e-09
36 17 4.676960e-09
36 18 7.413070e-09
36 19 1.174070e-08
36 20 1.861780e-08
36 21 2.950050e-08
36 22 4.676450e-08
36 23 7.411650e-08
36 24 1.174520e-07
36 25 1.861600e-07
36 26 2.951630e-07
36 27 4.690020e-07
36 28 7.472870e-07
36 29 1.190170e-06
36 30 1.891090e-06
36 31 3.001520e-06
36 32 4.762240e-06
36 33 7.554560e-06
36 34 2.195540e-04
36 35 2.675490e-01
36 36 1.771250e+00
36 37 1.055050e-01
36 38 4.871150e-07
36 39 0.000000e+00
36 40 0.000000e+00
37 1 6.467800e-12
37 2 3.702400e-12
37 3 6.125600e-12
37 4 9.370500e-12
37 5 1.501500e-11
37 6 2.385200e-11
37 7 3.772400e-11
37 8 5.995200e-11
37 9 9.462800e-11
37 10 1.505600e-10
37 11 2.383600e-10
37 12 3.777100e-10
37 13 5.979700e-10
37 14 9.492800e-10
37 15 1.502520e-09
37 16 2.383310e-09
37 17 3.777280e-09
37 18 5.987060e-09
37 19 9.482190e-09
37 20 1.503650e-08
37 21 2.382570e-08
37 22 3.776880e-08
37 23 5.985920e-08
37 24 9.485870e-08
37 25 1.503490e-07
37 26 2.382860e-07
37 27 3.777180e-07
37 28 5.996930e-07
37 29 9.556990e-07
37 30 1.528570e-06
37 31 2.451500e-06
37 32 3.932490e-06
37 33 6.295740e-06
37 34 1.005750e-05
37 35 7.939830e-05
37 36 2.433040e-01
37 37 1.739930e+00
37 38 8.381150e-02
37 39 5.368250e-08
37 40 0.000000e+00
38 1 2.369100e-12
38 2 1.356200e-12
38 3 2.243800e-12
38 4 3.432400e-12
38 5 5.499700e-12
38 6 8.736900e-12
38 7 1.381800e-11
38 8 2.196000e-11
38 9 3.466200e-11
38 10 5.514900e-11
38 11 8.730900e-11
38 12 1.383500e-10
38 13 2.190300e-10
38 14 3.477200e-10
38 15 5.503600e-10
38 16 8.729900e-10
38 17 1.383590e-09
38 18 2.193020e-09
38 19 3.473270e-09
38 20 5.507760e-09
38 21 8.727190e-09
38 22 1.383450e-08
38 23 2.192600e-08
38 24 3.474620e-08
38 25 5.507200e-08
38 26 8.728270e-08
38 27 1.383330e-07
38 28 2.193420e-07
38 29 3.488550e-07
38 30 5.585240e-07
38 31 9.017400e-07
38 32 1.465540e-06
38 33 2.384290e-06
38 34 3.863010e-06
38 35 6.228490e-06
38 36 2.544730e-05
38 37 2.209790e-01
38 38 1.715850e+00
38 39 6.754880e-02
38 40 4.303120e-09
39 1 2.615800e-12
39 2 1.497400e-12
39 3 2.477400e-12
39 4 3.789700e-12
39 5 6.072300e-12
39 6 9.646600e-12
39 7 1.525700e-11
39 8 2.424700e-11
39 9 3.827000e-11
39 10 6.089100e-11
39 11 9.640000e-11
39 12 1.527600e-10
39 13 2.418400e-10
39 14 3.839200e-10
39 15 6.076600e-10
39 16 9.638800e-10
39 17 1.527650e-09
39 18 2.421350e-09
39 19 3.834890e-09
39 20 6.081200e-09
39 21 9.635830e-09
39 22 1.527480e-08
39 23 2.420890e-08
39 24 3.836380e-08
39 25 6.080580e-08
39 26 9.637020e-08
39 27 1.527350e-07
39 28 2.420690e-07
39 29 3.835780e-07
39 30 6.070900e-07
39 31 9.579830e-07
39 32 1.504930e-06
39 33 2.354650e-06
39 34 3.678840e-06
39 35 5.756840e-06
39 36 9.030900e-06
39 37 1.760460e-05
39 38 2.087970e-01
39 39 1.816000e+00
39 40 6.157520e-02
40 1 1.507200e-12
40 2 0.000000e+00
40 3 1.427500e-12
40 4 2.183700e-12
40 5 3.499000e-12
40 6 5.558500e-12
40 7 8.791000e-12
40 8 1.397100e-11
40 9 2.205200e-11
40 10 3.508600e-11
40 11 5.554700e-11
40 12 8.802200e-11
40 13 1.393500e-10
40 14 2.212200e-10
40 15 3.501400e-10
40 16 5.554000e-10
40 17 8.802500e-10
40 18 1.395210e-09
40 19 2.209710e-09
40 20 3.504060e-09
40 21 5.552270e-09
40 22 8.801540e-09
40 23 1.394940e-08
40 24 2.210560e-08
40 25 3.503700e-08
40 26 5.552960e-08
40 27 8.800770e-08
40 28 1.394830e-07
40 29 2.210640e-07
40 30 3.504730e-07
40 31 5.583920e-07
40 32 9.001330e-07
40 33 1.470470e-06
40 34 2.421990e-06
40 35 3.981940e-06
40 36 6.498290e-06
40 37 1.053500e-05
40 38 1.743600e-05
40 39 2.344400e-01
40 40 2.703330e+00
