1 1 2.173650e-01
1 2 8.088450e-02
1 3 1.067660e-01
1 4 1.276890e-01
1 5 1.593470e-01
1 6 1.957210e-01
1 7 2.377130e-01
1 8 2.875870e-01
1 9 3.418820e-01
1 10 4.040570e-01
1 11 4.668270e-01
1 12 5.283330e-01
1 13 5.814320e-01
1 14 6.198100e-01
1 15 6.310630e-01
1 16 6.095360e-01
1 17 5.492240e-01
1 18 4.541960e-01
1 19 3.370470e-01
1 20 2.188430e-01
1 21 1.198620e-01
1 22 5.315920e-02
1 23 1.809990e-02
1 24 4.435020e-03
1 25 7.217090e-04
1 26 7.060270e-05
1 27 4.109110e-06
1 28 1.962790e-07
1 29 9.839810e-09
1 30 0.000000e+00
1 31 0.000000e+00
1 32 0.000000e+00
1 33 0.000000e+00
1 34 0.000000e+00
1 35 0.000000e+00
1 36 0.000000e+00
1 37 0.000000e+00
1 38 0.000000e+00
1 39 0.000000e+00
1 40 0.000000e+00
2 1 1.731860e-01
2 2 6.963300e-02
2 3 9.501030e-02
2 4 1.150590e-01
2 5 1.437140e-01
2 6 1.765510e-01
2 7 2.144760e-01
2 8 2.595480e-01
2 9 3.086660e-01
2 10 3.649440e-01
2 11 4.218900e-01
2 12 4.778070e-01
2 13 5.262550e-01
2 14 5.616030e-01
2 15 5.725660e-01
2 16 5.540040e-01
2 17 5.002280e-01
2 18 4.147850e-01
2 19 3.088200e-01
2 20 2.013210e-01
2 21 1.108190e-01
2 22 4.945130e-02
2 23 1.696400e-02
2 24 4.194620e-03
2 25 6.900690e-04
2 26 6.839400e-05
2 27 4.035340e-06
2 28 1.954650e-07
2 29 9.886500e-09
2 30 0.000000e+00
2 31 0.000000e+00
2 32 0.000000e+00
2 33 0.000000e+00
2 34 0.000000e+00
2 35 0.000000e+00
2 36 0.000000e+00
2 37 0.000000e+00
2 38 0.000000e+00
2 39 0.000000e+00
2 40 0.000000e+00
3 1 1.358410e-01
3 2 5.737090e-02
3 3 8.191170e-02
3 4 1.028760e-01
3 5 1.297290e-01
3 6 1.594570e-01
3 7 1.937640e-01
3 8 2.345650e-01
3 9 2.790760e-01
3 10 3.301360e-01
3 11 3.819250e-01
3 12 4.329190e-01
3 13 4.773060e-01
3 14 5.100500e-01
3 15 5.208680e-01
3 16 5.050650e-01
3 17 4.572390e-01
3 18 3.803650e-01
3 19 2.843580e-01
3 20 1.862890e-01
3 21 1.031790e-01
3 22 4.638890e-02
3 23 1.605950e-02
3 24 4.014960e-03
3 25 6.692870e-04
3 26 6.738890e-05
3 27 4.041590e-06
3 28 1.990600e-07
3 29 1.017610e-08
3 30 0.000000e+00
3 31 0.000000e+00
3 32 0.000000e+00
3 33 0.000000e+00
3 34 0.000000e+00
3 35 0.000000e+00
3 36 0.000000e+00
3 37 0.000000e+00
3 38 0.000000e+00
3 39 0.000000e+00
3 40 0.000000e+00
4 1 1.041350e-01
4 2 4.508610e-02
4 3 6.716320e-02
4 4 8.912610e-02
4 5 1.167200e-01
4 6 1.444810e-01
4 7 1.756430e-01
4 8 2.127180e-01
4 9 2.532180e-01
4 10 2.997580e-01
4 11 3.470680e-01
4 12 3.938340e-01
4 13 4.347770e-01
4 14 4.653770e-01
4 15 4.762060e-01
4 16 4.629570e-01
4 17 4.204880e-01
4 18 3.511750e-01
4 19 2.638410e-01
4 20 1.738930e-01
4 21 9.703530e-02
4 22 4.402310e-02
4 23 1.540830e-02
4 24 3.902970e-03
4 25 6.608470e-04
4 26 6.778220e-05
4 27 4.142470e-06
4 28 2.079640e-07
4 29 1.076150e-08
4 30 0.000000e+00
4 31 0.000000e+00
4 32 0.000000e+00
4 33 0.000000e+00
4 34 0.000000e+00
4 35 0.000000e+00
4 36 0.000000e+00
4 37 0.000000e+00
4 38 0.000000e+00
4 39 0.000000e+00
4 40 0.000000e+00
5 1 8.225950e-02
5 2 3.522970e-02
5 3 5.290050e-02
5 4 7.298170e-02
5 5 1.017400e-01
5 6 1.309400e-01
5 7 1.599660e-01
5 8 1.938410e-01
5 9 2.308960e-01
5 10 2.735600e-01
5 11 3.170590e-01
5 12 3.602580e-01
5 13 3.983440e-01
5 14 4.272260e-01
5 15 4.382370e-01
5 16 4.273840e-01
5 17 3.897060e-01
5 18 3.270370e-01
5 19 2.471480e-01
5 20 1.640770e-01
5 21 9.237040e-02
5 22 4.235670e-02
5 23 1.501620e-02
5 24 3.862060e-03
5 25 6.657940e-04
5 26 6.974250e-05
5 27 4.353700e-06
5 28 2.233090e-07
5 29 1.171810e-08
5 30 0.000000e+00
5 31 0.000000e+00
5 32 0.000000e+00
5 33 0.000000e+00
5 34 0.000000e+00
5 35 0.000000e+00
5 36 0.000000e+00
5 37 0.000000e+00
5 38 0.000000e+00
5 39 0.000000e+00
5 40 0.000000e+00
6 1 6.364810e-02
6 2 2.713790e-02
6 3 4.083430e-02
6 4 5.685680e-02
6 5 8.272810e-02
6 6 1.147890e-01
6 7 1.459130e-01
6 8 1.774320e-01
6 9 2.115230e-01
6 10 2.508570e-01
6 11 2.911160e-01
6 12 3.313000e-01
6 13 3.670450e-01
6 14 3.945990e-01
6 15 4.059380e-01
6 16 3.974590e-01
6 17 3.641010e-01
6 18 3.073380e-01
6 19 2.339040e-01
6 20 1.566420e-01
6 21 8.911690e-02
6 22 4.138770e-02
6 23 1.489700e-02
6 24 3.900960e-03
6 25 6.868690e-04
6 26 7.373860e-05
6 27 4.717990e-06
6 28 2.480820e-07
6 29 1.323490e-08
6 30 0.000000e+00
6 31 0.000000e+00
6 32 0.000000e+00
6 33 0.000000e+00
6 34 0.000000e+00
6 35 0.000000e+00
6 36 0.000000e+00
6 37 0.000000e+00
6 38 0.000000e+00
6 39 0.000000e+00
6 40 0.000000e+00
7 1 4.728620e-02
7 2 2.013930e-02
7 3 3.068830e-02
7 4 4.317650e-02
7 5 6.358010e-02
7 6 9.257780e-02
7 7 1.288270e-01
7 8 1.631230e-01
7 9 1.949780e-01
7 10 2.315110e-01
7 11 2.690670e-01
7 12 3.067760e-01
7 13 3.406810e-01
7 14 3.672920e-01
7 15 3.791810e-01
7 16 3.729620e-01
7 17 3.435550e-01
7 18 2.919700e-01
7 19 2.240790e-01
7 20 1.515950e-01
7 21 8.731690e-02
7 22 4.115960e-02
7 23 1.507980e-02
7 24 4.032280e-03
7 25 7.276540e-04
7 26 8.037930e-05
7 27 5.291220e-06
7 28 2.863060e-07
7 29 1.557190e-08
7 30 0.000000e+00
7 31 0.000000e+00
7 32 0.000000e+00
7 33 0.000000e+00
7 34 0.000000e+00
7 35 0.000000e+00
7 36 0.000000e+00
7 37 0.000000e+00
7 38 0.000000e+00
7 39 0.000000e+00
7 40 0.000000e+00
8 1 3.554290e-02
8 2 1.515750e-02
8 3 2.312500e-02
8 4 3.264050e-02
8 5 4.819340e-02
8 6 7.058510e-02
8 7 1.030410e-01
8 8 1.450240e-01
8 9 1.807610e-01
8 10 2.151390e-01
8 11 2.504860e-01
8 12 2.862300e-01
8 13 3.187520e-01
8 14 3.448290e-01
8 15 3.575140e-01
8 16 3.535000e-01
8 17 3.277900e-01
8 18 2.808320e-01
8 19 2.176540e-01
8 20 1.490140e-01
8 21 8.707530e-02
8 22 4.176060e-02
8 23 1.561590e-02
8 24 4.277360e-03
8 25 7.938970e-04
8 26 9.059240e-05
8 27 6.142550e-06
8 28 3.442820e-07
8 29 1.914060e-08
8 30 0.000000e+00
8 31 0.000000e+00
8 32 0.000000e+00
8 33 0.000000e+00
8 34 0.000000e+00
8 35 0.000000e+00
8 36 0.000000e+00
8 37 0.000000e+00
8 38 0.000000e+00
8 39 0.000000e+00
8 40 0.000000e+00
9 1 2.765030e-02
9 2 1.154790e-02
9 3 1.733080e-02
9 4 2.431230e-02
9 5 3.608680e-02
9 6 5.312310e-02
9 7 7.794910e-02
9 8 1.152590e-01
9 9 1.621420e-01
9 10 2.014400e-01
9 11 2.351540e-01
9 12 2.694260e-01
9 13 3.010450e-01
9 14 3.270300e-01
9 15 3.407860e-01
9 16 3.390670e-01
9 17 3.168860e-01
9 18 2.740770e-01
9 19 2.148970e-01
9 20 1.491830e-01
9 21 8.864140e-02
9 22 4.336370e-02
9 23 1.659740e-02
9 24 4.671070e-03
9 25 8.945020e-04
9 26 1.057660e-04
9 27 7.381070e-06
9 28 4.303800e-07
9 29 2.448620e-08
9 30 0.000000e+00
9 31 0.000000e+00
9 32 0.000000e+00
9 33 0.000000e+00
9 34 0.000000e+00
9 35 0.000000e+00
9 36 0.000000e+00
9 37 0.000000e+00
9 38 0.000000e+00
9 39 0.000000e+00
9 40 0.000000e+00
10 1 2.030010e-02
10 2 8.482910e-03
10 3 1.279750e-02
10 4 1.800550e-02
10 5 2.673180e-02
10 6 3.945210e-02
10 7 5.804550e-02
10 8 8.614000e-02
10 9 1.276450e-01
10 10 1.823630e-01
10 11 2.228080e-01
10 12 2.561400e-01
10 13 2.873020e-01
10 14 3.135930e-01
10 15 3.287060e-01
10 16 3.294050e-01
10 17 3.106440e-01
10 18 2.716310e-01
10 19 2.158150e-01
10 20 1.522280e-01
10 21 9.218470e-02
10 22 4.612800e-02
10 23 1.813010e-02
10 24 5.262560e-03
10 25 1.044430e-03
10 26 1.286570e-04
10 27 9.184220e-06
10 28 5.661820e-07
10 29 3.312260e-08
10 30 0.000000e+00
10 31 0.000000e+00
10 32 0.000000e+00
10 33 0.000000e+00
10 34 0.000000e+00
10 35 0.000000e+00
10 36 0.000000e+00
10 37 0.000000e+00
10 38 0.000000e+00
10 39 0.000000e+00
10 40 0.000000e+00
11 1 1.443230e-02
11 2 6.042140e-03
11 3 9.104400e-03
11 4 1.279610e-02
11 5 1.903450e-02
11 6 2.832100e-02
11 7 4.208120e-02
11 8 6.292090e-02
11 9 9.385980e-02
11 10 1.420380e-01
11 11 2.039760e-01
11 12 2.464220e-01
11 13 2.776310e-01
11 14 3.046800e-01
11 15 3.214840e-01
11 16 3.247830e-01
11 17 3.094040e-01
11 18 2.738940e-01
11 19 2.208770e-01
11 20 1.586240e-01
11 21 9.813870e-02
11 22 5.037800e-02
11 23 2.040700e-02
11 24 6.136450e-03
11 25 1.269070e-03
11 26 1.639870e-04
11 27 1.215690e-05
11 28 7.913260e-07
11 29 4.788760e-08
11 30 0.000000e+00
11 31 0.000000e+00
11 32 0.000000e+00
11 33 0.000000e+00
11 34 0.000000e+00
11 35 0.000000e+00
11 36 0.000000e+00
11 37 0.000000e+00
11 38 0.000000e+00
11 39 0.000000e+00
11 40 0.000000e+00
12 1 1.068530e-02
12 2 4.466330e-03
12 3 6.702290e-03
12 4 9.352460e-03
12 5 1.376220e-02
12 6 2.018500e-02
12 7 2.988560e-02
12 8 4.502160e-02
12 9 6.767640e-02
12 10 1.030580e-01
12 11 1.572790e-01
12 12 2.280960e-01
12 13 2.712480e-01
12 14 2.995700e-01
12 15 3.185820e-01
12 16 3.249140e-01
12 17 3.131720e-01
12 18 2.812130e-01
12 19 2.307080e-01
12 20 1.691300e-01
12 21 1.072240e-01
12 22 5.664570e-02
12 23 2.373070e-02
12 24 7.418250e-03
12 25 1.603910e-03
12 26 2.179950e-04
12 27 1.696240e-05
12 28 1.142170e-06
12 29 7.206090e-08
12 30 0.000000e+00
12 31 0.000000e+00
12 32 0.000000e+00
12 33 0.000000e+00
12 34 0.000000e+00
12 35 0.000000e+00
12 36 0.000000e+00
12 37 0.000000e+00
12 38 0.000000e+00
12 39 0.000000e+00
12 40 0.000000e+00
13 1 6.915700e-03
13 2 2.904900e-03
13 3 4.369720e-03
13 4 6.108620e-03
13 5 9.022930e-03
13 6 1.337770e-02
13 7 2.002780e-02
13 8 3.053870e-02
13 9 4.669520e-02
13 10 7.213070e-02
13 11 1.114250e-01
13 12 1.736100e-01
13 13 2.550630e-01
13 14 2.994160e-01
13 15 3.210490e-01
13 16 3.307780e-01
13 17 3.227700e-01
13 18 2.942930e-01
13 19 2.459400e-01
13 20 1.843590e-01
13 21 1.200530e-01
13 22 6.547850e-02
13 23 2.849470e-02
13 24 9.316830e-03
13 25 2.123850e-03
13 26 3.071930e-04
13 27 2.535700e-05
13 28 1.545000e-06
13 29 1.196140e-07
13 30 0.000000e+00
13 31 0.000000e+00
13 32 0.000000e+00
13 33 0.000000e+00
13 34 0.000000e+00
13 35 0.000000e+00
13 36 0.000000e+00
13 37 0.000000e+00
13 38 0.000000e+00
13 39 0.000000e+00
13 40 0.000000e+00
14 1 5.070260e-03
14 2 2.128650e-03
14 3 3.201320e-03
14 4 4.473770e-03
14 5 6.592000e-03
14 6 9.699060e-03
14 7 1.434420e-02
14 8 2.151440e-02
14 9 3.239290e-02
14 10 4.999790e-02
14 11 7.749040e-02
14 12 1.212070e-01
14 13 1.913630e-01
14 14 2.842830e-01
14 15 3.266150e-01
14 16 3.406960e-01
14 17 3.374970e-01
14 18 3.134140e-01
14 19 2.677360e-01
14 20 2.060150e-01
14 21 1.383580e-01
14 22 7.822440e-02
14 23 3.548790e-02
14 24 1.216920e-02
14 25 2.927380e-03
14 26 4.497010e-04
14 27 3.935680e-05
14 28 2.138500e-06
14 29 2.004220e-07
14 30 0.000000e+00
14 31 0.000000e+00
14 32 0.000000e+00
14 33 0.000000e+00
14 34 0.000000e+00
14 35 0.000000e+00
14 36 0.000000e+00
14 37 0.000000e+00
14 38 0.000000e+00
14 39 0.000000e+00
14 40 0.000000e+00
15 1 3.277150e-03
15 2 1.380470e-03
15 3 2.079950e-03
15 4 2.913350e-03
15 5 4.303420e-03
15 6 6.345310e-03
15 7 9.401210e-03
15 8 1.417300e-02
15 9 2.153220e-02
15 10 3.338850e-02
15 11 5.201830e-02
15 12 8.194390e-02
15 13 1.304440e-01
15 14 2.106750e-01
15 15 3.160730e-01
15 16 3.566780e-01
15 17 3.590510e-01
15 18 3.399810e-01
15 19 2.973990e-01
15 20 2.354160e-01
15 21 1.635230e-01
15 22 9.620890e-02
15 23 4.572570e-02
15 24 1.655460e-02
15 25 4.239240e-03
15 26 6.996330e-04
15 27 6.631070e-05
15 28 3.698040e-06
15 29 3.571550e-07
15 30 0.000000e+00
15 31 0.000000e+00
15 32 0.000000e+00
15 33 0.000000e+00
15 34 0.000000e+00
15 35 0.000000e+00
15 36 0.000000e+00
15 37 0.000000e+00
15 38 0.000000e+00
15 39 0.000000e+00
15 40 0.000000e+00
16 1 1.959960e-03
16 2 8.293390e-04
16 3 1.252570e-03
16 4 1.759610e-03
16 5 2.608620e-03
16 6 3.863020e-03
16 7 5.749780e-03
16 8 8.707430e-03
16 9 1.330080e-02
16 10 2.080490e-02
16 11 3.285630e-02
16 12 5.258010e-02
16 13 8.499590e-02
16 14 1.394120e-01
16 15 2.306030e-01
16 16 3.524010e-01
16 17 3.884180e-01
16 18 3.754780e-01
16 19 3.368510e-01
16 20 2.749120e-01
16 21 1.980870e-01
16 22 1.217490e-01
16 23 6.093330e-02
16 24 2.344420e-02
16 25 6.445690e-03
16 26 1.155260e-03
16 27 1.203860e-04
16 28 6.857020e-06
16 29 3.631510e-07
16 30 0.000000e+00
16 31 0.000000e+00
16 32 0.000000e+00
16 33 0.000000e+00
16 34 0.000000e+00
16 35 0.000000e+00
16 36 0.000000e+00
16 37 0.000000e+00
16 38 0.000000e+00
16 39 0.000000e+00
16 40 0.000000e+00
17 1 1.180740e-03
17 2 5.016240e-04
17 3 7.590350e-04
17 4 1.068810e-03
17 5 1.589050e-03
17 6 2.361290e-03
17 7 3.529000e-03
17 8 5.363780e-03
17 9 8.210040e-03
17 10 1.285960e-02
17 11 2.035120e-02
17 12 3.272250e-02
17 13 5.332790e-02
17 14 8.841880e-02
17 15 1.482320e-01
17 16 2.520910e-01
17 17 3.906930e-01
17 18 4.198920e-01
17 19 3.875610e-01
17 20 3.273810e-01
17 21 2.457920e-01
17 22 1.586050e-01
17 23 8.404460e-02
17 24 3.455070e-02
17 25 1.025310e-02
17 26 2.004610e-03
17 27 2.304840e-04
17 28 1.386300e-05
17 29 4.582740e-07
17 30 0.000000e+00
17 31 0.000000e+00
17 32 0.000000e+00
17 33 0.000000e+00
17 34 0.000000e+00
17 35 0.000000e+00
17 36 0.000000e+00
17 37 0.000000e+00
17 38 0.000000e+00
17 39 0.000000e+00
17 40 0.000000e+00
18 1 6.154600e-04
18 2 2.631060e-04
18 3 3.994050e-04
18 4 5.646100e-04
18 5 8.434420e-04
18 6 1.260790e-03
18 7 1.897830e-03
18 8 2.908500e-03
18 9 4.494220e-03
18 10 7.118400e-03
18 11 1.141850e-02
18 12 1.865800e-02
18 13 3.097590e-02
18 14 5.239510e-02
18 15 8.972070e-02
18 16 1.561250e-01
18 17 2.745520e-01
18 18 4.337810e-01
18 19 4.525530e-01
18 20 3.963010e-01
18 21 3.108380e-01
18 22 2.113940e-01
18 23 1.192520e-01
18 24 5.278410e-02
18 25 1.708200e-02
18 26 3.693590e-03
18 27 4.770870e-04
18 28 3.212920e-05
18 29 1.137000e-06
18 30 0.000000e+00
18 31 0.000000e+00
18 32 0.000000e+00
18 33 0.000000e+00
18 34 0.000000e+00
18 35 0.000000e+00
18 36 0.000000e+00
18 37 0.000000e+00
18 38 0.000000e+00
18 39 0.000000e+00
18 40 0.000000e+00
19 1 2.827200e-04
19 2 1.213000e-04
19 3 1.844500e-04
19 4 2.613690e-04
19 5 3.917460e-04
19 6 5.882790e-04
19 7 8.911850e-04
19 8 1.377770e-03
19 9 2.153500e-03
19 10 3.461480e-03
19 11 5.655440e-03
19 12 9.448580e-03
19 13 1.609840e-02
19 14 2.803980e-02
19 15 4.954060e-02
19 16 8.908470e-02
19 17 1.621300e-01
19 18 2.977800e-01
19 19 4.818750e-01
19 20 4.869960e-01
19 21 3.996230e-01
19 22 2.871770e-01
19 23 1.731750e-01
19 24 8.305240e-02
19 25 2.959700e-02
19 26 7.184820e-03
19 27 1.066090e-03
19 28 8.448370e-05
19 29 3.371270e-06
19 30 0.000000e+00
19 31 0.000000e+00
19 32 0.000000e+00
19 33 0.000000e+00
19 34 0.000000e+00
19 35 0.000000e+00
19 36 0.000000e+00
19 37 0.000000e+00
19 38 0.000000e+00
19 39 0.000000e+00
19 40 0.000000e+00
20 1 1.237160e-04
20 2 5.385600e-05
20 3 8.233750e-05
20 4 1.174080e-04
20 5 1.772340e-04
20 6 2.683630e-04
20 7 4.102610e-04
20 8 6.405010e-04
20 9 1.011460e-03
20 10 1.643270e-03
20 11 2.715740e-03
20 12 4.594390e-03
20 13 7.940760e-03
20 14 1.408070e-02
20 15 2.547040e-02
20 16 4.710970e-02
20 17 8.851070e-02
20 18 1.683430e-01
20 19 3.220510e-01
20 20 5.321770e-01
20 21 5.171580e-01
20 22 3.955120e-01
20 23 2.570900e-01
20 24 1.347110e-01
20 25 5.319780e-02
20 26 1.452240e-02
20 27 2.456320e-03
20 28 2.244280e-04
20 29 9.802720e-06
20 30 4.847070e-07
20 31 2.191100e-07
20 32 0.000000e+00
20 33 0.000000e+00
20 34 0.000000e+00
20 35 0.000000e+00
20 36 0.000000e+00
20 37 0.000000e+00
20 38 0.000000e+00
20 39 0.000000e+00
20 40 0.000000e+00
21 1 4.468500e-05
21 2 1.986650e-05
21 3 3.058290e-05
21 4 4.397200e-05
21 5 6.703370e-05
21 6 1.026760e-04
21 7 1.590960e-04
21 8 2.522930e-04
21 9 4.055930e-04
21 10 6.723490e-04
21 11 1.136650e-03
21 12 1.972150e-03
21 13 3.501080e-03
21 14 6.373070e-03
21 15 1.182880e-02
21 16 2.252800e-02
21 17 4.378450e-02
21 18 8.652020e-02
21 19 1.726660e-01
21 20 3.462260e-01
21 21 5.858870e-01
21 22 5.465320e-01
21 23 3.846160e-01
21 24 2.217780e-01
21 25 9.807540e-02
21 26 3.054420e-02
21 27 6.017300e-03
21 28 6.546750e-04
21 29 3.338440e-05
21 30 1.621490e-06
21 31 1.385220e-07
21 32 1.324700e-10
21 33 0.000000e+00
21 34 0.000000e+00
21 35 0.000000e+00
21 36 0.000000e+00
21 37 0.000000e+00
21 38 0.000000e+00
21 39 0.000000e+00
21 40 0.000000e+00
22 1 1.257810e-05
22 2 5.850990e-06
22 3 9.069070e-06
22 4 1.314820e-05
22 5 2.024390e-05
22 6 3.138240e-05
22 7 4.932840e-05
22 8 7.956250e-05
22 9 1.304820e-04
22 10 2.214000e-04
22 11 3.845300e-04
22 12 6.887340e-04
22 13 1.267690e-03
22 14 2.395750e-03
22 15 4.618560e-03
22 16 9.157850e-03
22 17 1.863330e-02
22 18 3.876640e-02
22 19 8.185440e-02
22 20 1.743790e-01
22 21 3.703400e-01
22 22 6.454800e-01
22 23 5.735050e-01
22 24 3.657750e-01
22 25 1.827970e-01
22 26 6.587130e-02
22 27 1.539980e-02
22 28 2.044340e-03
22 29 1.303780e-04
22 30 3.734280e-06
22 31 5.823450e-08
22 32 1.195430e-09
22 33 0.000000e+00
22 34 0.000000e+00
22 35 0.000000e+00
22 36 0.000000e+00
22 37 0.000000e+00
22 38 0.000000e+00
22 39 0.000000e+00
22 40 0.000000e+00
23 1 2.557170e-06
23 2 1.340120e-06
23 3 2.104070e-06
23 4 3.067850e-06
23 5 4.748350e-06
23 6 7.414270e-06
23 7 1.176720e-05
23 8 1.922730e-05
23 9 3.208270e-05
23 10 5.569080e-05
23 11 9.962930e-05
23 12 1.853170e-04
23 13 3.583330e-04
23 14 7.191920e-04
23 15 1.475390e-03
23 16 3.095210e-03
23 17 6.626840e-03
23 18 1.454430e-02
23 19 3.272790e-02
23 20 7.503110e-02
23 21 1.726900e-01
23 22 3.936250e-01
23 23 7.104020e-01
23 24 5.967360e-01
23 25 3.387960e-01
23 26 1.426400e-01
23 27 4.021950e-02
23 28 6.673690e-03
23 29 5.537670e-04
23 30 1.900710e-05
23 31 3.295610e-07
23 32 7.059350e-09
23 33 0.000000e+00
23 34 0.000000e+00
23 35 0.000000e+00
23 36 0.000000e+00
23 37 0.000000e+00
23 38 0.000000e+00
23 39 0.000000e+00
23 40 0.000000e+00
24 1 3.648590e-07
24 2 2.088590e-07
24 3 3.455040e-07
24 4 5.266880e-07
24 5 8.390610e-07
24 6 1.336970e-06
24 7 2.159220e-06
24 8 3.600250e-06
24 9 6.150080e-06
24 10 1.096980e-05
24 11 2.025640e-05
24 12 3.908160e-05
24 13 7.887760e-05
24 14 1.673670e-04
24 15 3.673190e-04
24 16 8.263730e-04
24 17 1.895410e-03
24 18 4.451140e-03
24 19 1.073390e-02
24 20 2.665230e-02
24 21 6.714870e-02
24 22 1.689410e-01
24 23 4.160290e-01
24 24 7.781170e-01
24 25 6.137270e-01
24 26 3.046500e-01
24 27 1.047770e-01
24 28 2.198650e-02
24 29 2.397010e-03
24 30 1.109630e-04
24 31 2.128880e-06
24 32 3.842630e-08
24 33 0.000000e+00
24 34 0.000000e+00
24 35 0.000000e+00
24 36 0.000000e+00
24 37 0.000000e+00
24 38 0.000000e+00
24 39 0.000000e+00
24 40 0.000000e+00
25 1 5.602370e-08
25 2 3.207000e-08
25 3 5.305950e-08
25 4 8.116660e-08
25 5 1.300550e-07
25 6 2.066110e-07
25 7 3.272960e-07
25 8 5.264200e-07
25 9 8.710380e-07
25 10 1.534370e-06
25 11 2.877930e-06
25 12 5.767480e-06
25 13 1.226710e-05
25 14 2.777610e-05
25 15 6.650340e-05
25 16 1.650410e-04
25 17 4.103710e-04
25 18 1.037030e-03
25 19 2.701850e-03
25 20 7.327500e-03
25 21 2.047780e-02
25 22 5.790620e-02
25 23 1.618990e-01
25 24 4.364460e-01
25 25 8.499580e-01
25 26 6.238040e-01
25 27 2.645770e-01
25 28 7.151050e-02
25 29 1.051580e-02
25 30 6.892500e-04
25 31 1.617330e-05
25 32 2.315660e-07
25 33 3.919500e-10
25 34 0.000000e+00
25 35 0.000000e+00
25 36 0.000000e+00
25 37 0.000000e+00
25 38 0.000000e+00
25 39 0.000000e+00
25 40 0.000000e+00
26 1 1.044320e-08
26 2 5.978090e-09
26 3 9.890680e-09
26 4 1.513010e-08
26 5 2.424320e-08
26 6 3.851290e-08
26 7 6.091030e-08
26 8 9.680180e-08
26 9 1.527910e-07
26 10 2.432180e-07
26 11 3.891520e-07
26 12 6.465380e-07
26 13 1.196130e-06
26 14 2.633220e-06
26 15 6.925580e-06
26 16 2.097380e-05
26 17 6.767940e-05
26 18 2.034640e-04
26 19 5.808250e-04
26 20 1.653650e-03
26 21 4.837030e-03
26 22 1.482620e-02
26 23 4.718820e-02
26 24 1.496530e-01
26 25 4.525470e-01
26 26 9.288120e-01
26 27 6.261840e-01
26 28 2.196210e-01
26 29 4.468180e-02
26 30 4.385270e-03
26 31 1.644600e-04
26 32 2.418920e-06
26 33 5.006070e-08
26 34 0.000000e+00
26 35 0.000000e+00
26 36 0.000000e+00
26 37 0.000000e+00
26 38 0.000000e+00
26 39 0.000000e+00
26 40 0.000000e+00
27 1 2.762100e-09
27 2 1.581130e-09
27 3 2.615960e-09
27 4 4.001710e-09
27 5 6.412030e-09
27 6 1.018620e-08
27 7 1.611000e-08
27 8 2.560290e-08
27 9 4.041120e-08
27 10 6.429670e-08
27 11 1.017920e-07
27 12 1.613070e-07
27 13 2.558750e-07
27 14 4.123720e-07
27 15 7.132170e-07
27 16 1.672120e-06
27 17 5.195150e-06
27 18 1.817800e-05
27 19 6.268070e-05
27 20 2.151850e-04
27 21 7.537490e-04
27 22 2.702840e-03
27 23 9.951540e-03
27 24 3.743790e-02
27 25 1.374120e-01
27 26 4.672860e-01
27 27 1.004520e+00
27 28 6.187630e-01
27 29 1.753320e-01
27 30 2.537390e-02
27 31 1.488570e-03
27 32 2.742530e-05
27 33 4.428310e-07
27 34 0.000000e+00
27 35 0.000000e+00
27 36 0.000000e+00
27 37 0.000000e+00
27 38 0.000000e+00
27 39 0.000000e+00
27 40 0.000000e+00
28 1 5.933000e-10
28 2 3.396300e-10
28 3 5.619100e-10
28 4 8.595700e-10
28 5 1.377300e-09
28 6 2.187990e-09
28 7 3.460430e-09
28 8 5.499490e-09
28 9 8.680300e-09
28 10 1.381090e-08
28 11 2.186500e-08
28 12 3.464810e-08
28 13 5.485290e-08
28 14 8.707840e-08
28 15 1.378270e-07
28 16 2.193800e-07
28 17 3.923880e-07
28 18 1.091630e-06
28 19 4.548320e-06
28 20 1.970280e-05
28 21 8.473320e-05
28 22 3.453140e-04
28 23 1.405800e-03
28 24 6.135200e-03
28 25 2.775030e-02
28 26 1.213670e-01
28 27 4.770220e-01
28 28 1.084230e+00
28 29 6.013490e-01
28 30 1.325120e-01
28 31 1.284570e-02
28 32 4.141330e-04
28 33 3.550770e-06
28 34 0.000000e+00
28 35 0.000000e+00
28 36 0.000000e+00
28 37 0.000000e+00
28 38 0.000000e+00
28 39 0.000000e+00
28 40 0.000000e+00
29 1 2.655400e-10
29 2 1.520100e-10
29 3 2.514900e-10
29 4 3.847100e-10
29 5 6.164400e-10
29 6 9.792700e-10
29 7 1.548780e-09
29 8 2.461400e-09
29 9 3.885030e-09
29 10 6.181330e-09
29 11 9.786060e-09
29 12 1.550740e-08
29 13 2.455040e-08
29 14 3.897360e-08
29 15 6.168710e-08
29 16 9.784900e-08
29 17 1.550800e-07
29 18 2.458070e-07
29 19 4.178480e-07
29 20 1.166380e-06
29 21 6.915070e-06
29 22 3.949260e-05
29 23 1.745640e-04
29 24 7.675790e-04
29 25 3.701460e-03
29 26 1.951300e-02
29 27 1.027680e-01
29 28 4.797020e-01
29 29 1.167530e+00
29 30 5.729160e-01
29 31 9.424490e-02
29 32 5.784560e-03
29 33 9.205250e-05
29 34 6.680390e-07
29 35 0.000000e+00
29 36 0.000000e+00
29 37 0.000000e+00
29 38 0.000000e+00
29 39 0.000000e+00
29 40 0.000000e+00
30 1 1.458500e-10
30 2 8.348800e-11
30 3 1.381300e-10
30 4 2.113000e-10
30 5 3.385700e-10
30 6 5.378600e-10
30 7 8.506500e-10
30 8 1.351900e-09
30 9 2.133810e-09
30 10 3.395030e-09
30 11 5.374890e-09
30 12 8.517280e-09
30 13 1.348410e-08
30 14 2.140580e-08
30 15 3.388100e-08
30 16 5.374250e-08
30 17 8.517590e-08
30 18 1.350060e-07
30 19 2.143760e-07
30 20 3.630760e-07
30 21 7.485610e-07
30 22 1.966100e-06
30 23 7.243680e-06
30 24 3.692980e-05
30 25 2.351960e-04
30 26 1.692130e-03
30 27 1.255490e-02
30 28 8.570070e-02
30 29 4.797420e-01
30 30 1.242850e+00
30 31 5.376790e-01
30 32 6.287740e-02
30 33 2.196710e-03
30 34 1.594600e-05
30 35 7.364490e-07
30 36 0.000000e+00
30 37 0.000000e+00
30 38 0.000000e+00
30 39 0.000000e+00
30 40 0.000000e+00
31 1 6.661400e-11
31 2 3.813200e-11
31 3 6.309000e-11
31 4 9.651000e-11
31 5 1.546400e-10
31 6 2.456600e-10
31 7 3.885300e-10
31 8 6.174700e-10
31 9 9.746000e-10
31 10 1.550650e-09
31 11 2.454940e-09
31 12 3.890210e-09
31 13 6.158740e-09
31 14 9.776950e-09
31 15 1.547490e-08
31 16 2.454650e-08
31 17 3.890350e-08
31 18 6.166280e-08
31 19 9.766020e-08
31 20 1.548660e-07
31 21 2.453970e-07
31 22 3.895260e-07
31 23 6.300950e-07
31 24 1.314340e-06
31 25 7.865960e-06
31 26 7.118620e-05
31 27 7.189980e-04
31 28 7.359660e-03
31 29 6.739860e-02
31 30 4.735980e-01
31 31 1.316670e+00
31 32 4.937820e-01
31 33 3.906950e-02
31 34 6.899170e-04
31 35 2.010590e-06
31 36 1.874710e-09
31 37 0.000000e+00
31 38 0.000000e+00
31 39 0.000000e+00
31 40 0.000000e+00
32 1 4.016700e-11
32 2 2.299300e-11
32 3 3.804200e-11
32 4 5.819400e-11
32 5 9.324600e-11
32 6 1.481300e-10
32 7 2.342800e-10
32 8 3.723200e-10
32 9 5.876700e-10
32 10 9.350200e-10
32 11 1.480290e-09
32 12 2.345740e-09
32 13 3.713630e-09
32 14 5.895350e-09
32 15 9.331130e-09
32 16 1.480120e-08
32 17 2.345820e-08
32 18 3.718170e-08
32 19 5.888770e-08
32 20 9.338160e-08
32 21 1.479660e-07
32 22 2.345580e-07
32 23 3.717830e-07
32 24 5.894300e-07
32 25 9.591230e-07
32 26 2.464270e-06
32 27 1.926880e-05
32 28 2.655090e-04
32 29 3.924150e-03
32 30 5.059570e-02
32 31 4.606090e-01
32 32 1.385100e+00
32 33 4.441240e-01
32 34 2.232900e-02
32 35 1.747490e-04
32 36 2.142330e-07
32 37 1.035300e-10
32 38 0.000000e+00
32 39 0.000000e+00
32 40 0.000000e+00
33 1 3.365300e-11
33 2 1.926400e-11
33 3 3.187200e-11
33 4 4.875500e-11
33 5 7.812200e-11
33 6 1.241000e-10
33 7 1.962800e-10
33 8 3.119400e-10
33 9 4.923600e-10
33 10 7.833700e-10
33 11 1.240200e-09
33 12 1.965280e-09
33 13 3.111310e-09
33 14 4.939180e-09
33 15 7.817700e-09
33 16 1.240060e-08
33 17 1.965350e-08
33 18 3.115120e-08
33 19 4.933660e-08
33 20 7.823580e-08
33 21 1.239670e-07
33 22 1.965140e-07
33 23 3.114530e-07
33 24 4.936960e-07
33 25 7.836720e-07
33 26 1.246490e-06
33 27 1.998340e-06
33 28 5.409240e-06
33 29 7.805850e-05
33 30 1.842140e-03
33 31 3.607210e-02
33 32 4.419140e-01
33 33 1.444230e+00
33 34 3.913580e-01
33 35 1.161330e-02
33 36 3.459160e-05
33 37 5.306890e-08
33 38 0.000000e+00
33 39 0.000000e+00
33 40 0.000000e+00
34 1 2.366400e-11
34 2 1.354600e-11
34 3 2.241200e-11
34 4 3.428400e-11
34 5 5.493400e-11
34 6 8.726900e-11
34 7 1.380200e-10
34 8 2.193500e-10
34 9 3.462200e-10
34 10 5.508600e-10
34 11 8.721000e-10
34 12 1.381960e-09
34 13 2.187840e-09
34 14 3.473170e-09
34 15 5.497320e-09
34 16 8.719920e-09
34 17 1.382010e-08
34 18 2.190510e-08
34 19 3.469290e-08
34 20 5.501450e-08
34 21 8.717200e-08
34 22 1.381860e-07
34 23 2.190090e-07
34 24 3.470650e-07
34 25 5.502810e-07
34 26 8.738750e-07
34 27 1.392560e-06
34 28 2.224860e-06
34 29 3.624030e-06
34 30 1.955560e-05
34 31 7.393040e-04
34 32 2.416480e-02
34 33 4.182540e-01
34 34 1.490940e+00
34 35 3.380070e-01
34 36 5.419530e-03
34 37 5.232670e-06
34 38 0.000000e+00
34 39 0.000000e+00
34 40 0.000000e+00
35 1 1.314200e-11
35 2 7.522700e-12
35 3 1.244600e-11
35 4 1.903900e-11
35 5 3.050700e-11
35 6 4.846400e-11
35 7 7.664800e-11
35 8 1.218100e-10
35 9 1.922700e-10
35 10 3.059100e-10
35 11 4.843100e-10
35 12 7.674500e-10
35 13 1.214990e-09
35 14 1.928780e-09
35 15 3.052860e-09
35 16 4.842490e-09
35 17 7.674810e-09
35 18 1.216470e-08
35 19 1.926620e-08
35 20 3.055160e-08
35 21 4.840980e-08
35 22 7.673980e-08
35 23 1.216240e-07
35 24 1.927370e-07
35 25 3.055040e-07
35 26 4.845950e-07
35 27 7.696550e-07
35 28 1.222840e-06
35 29 1.942030e-06
35 30 3.082890e-06
35 31 5.571300e-06
35 32 2.235000e-04
35 33 1.504860e-02
35 34 3.905790e-01
35 35 1.522070e+00
35 36 2.862230e-01
35 37 2.228480e-03
35 38 5.354990e-07
35 39 0.000000e+00
35 40 0.000000e+00
36 1 3.347700e-12
36 2 1.916400e-12
36 3 3.170600e-12
36 4 4.850200e-12
36 5 7.771500e-12
36 6 1.234600e-11
36 7 1.952600e-11
36 8 3.103100e-11
36 9 4.897900e-11
36 10 7.792900e-11
36 11 1.233700e-10
36 12 1.955000e-10
36 13 3.095100e-10
36 14 4.913500e-10
36 15 7.777000e-10
36 16 1.233600e-09
36 17 1.955120e-09
36 18 3.098900e-09
36 19 4.907970e-09
36 20 7.782850e-09
36 21 1.233210e-08
36 22 1.954910e-08
36 23 3.098300e-08
36 24 4.909880e-08
36 25 7.782060e-08
36 26 1.233690e-07
36 27 1.957120e-07
36 28 3.100320e-07
36 29 4.882950e-07
36 30 7.657480e-07
36 31 1.201560e-06
36 32 1.935250e-06
36 33 6.303200e-05
36 34 8.789630e-03
36 35 3.591900e-01
36 36 1.537410e+00
36 37 2.381400e-01
36 38 8.023470e-04
36 39 1.219340e-07
36 40 0.000000e+00
37 1 5.096300e-12
37 2 2.917300e-12
37 3 4.826600e-12
37 4 7.383500e-12
37 5 1.183100e-11
37 6 1.879400e-11
37 7 2.972400e-11
37 8 4.723900e-11
37 9 7.456200e-11
37 10 1.186300e-10
37 11 1.878100e-10
37 12 2.976200e-10
37 13 4.711700e-10
37 14 7.479800e-10
37 15 1.183900e-09
37 16 1.877920e-09
37 17 2.976300e-09
37 18 4.717490e-09
37 19 7.471460e-09
37 20 1.184790e-08
37 21 1.877340e-08
37 22 2.975980e-08
37 23 4.716580e-08
37 24 7.474360e-08
37 25 1.184670e-07
37 26 1.877570e-07
37 27 2.975930e-07
37 28 4.720280e-07
37 29 7.499570e-07
37 30 1.192310e-06
37 31 1.896580e-06
37 32 3.017770e-06
37 33 4.799340e-06
37 34 1.981880e-05
37 35 4.776740e-03
37 36 3.270780e-01
37 37 1.539200e+00
37 38 1.955480e-01
37 39 2.430210e-04
37 40 2.538420e-07
38 1 3.077000e-12
38 2 1.761400e-12
38 3 2.914200e-12
38 4 4.458000e-12
38 5 7.143100e-12
38 6 1.134800e-11
38 7 1.794700e-11
38 8 2.852200e-11
38 9 4.501900e-11
38 10 7.162800e-11
38 11 1.134000e-10
38 12 1.797000e-10
38 13 2.844900e-10
38 14 4.516200e-10
38 15 7.148200e-10
38 16 1.133860e-09
38 17 1.797030e-09
38 18 2.848330e-09
38 19 4.511130e-09
38 20 7.153560e-09
38 21 1.133500e-08
38 22 1.796840e-08
38 23 2.847790e-08
38 24 4.512880e-08
38 25 7.152830e-08
38 26 1.133640e-07
38 27 1.796690e-07
38 28 2.848190e-07
38 29 4.522280e-07
38 30 7.204660e-07
38 31 1.152690e-06
38 32 1.850460e-06
38 33 2.972680e-06
38 34 4.765860e-06
38 35 9.401870e-06
38 36 2.400680e-03
38 37 2.966940e-01
38 38 1.545740e+00
38 39 1.623960e-01
38 40 6.100620e-05
39 1 1.943500e-12
39 2 1.112500e-12
39 3 1.840700e-12
39 4 2.815700e-12
39 5 4.511700e-12
39 6 7.167300e-12
39 7 1.133600e-11
39 8 1.801500e-11
39 9 2.843500e-11
39 10 4.524100e-11
39 11 7.162400e-11
39 12 1.135000e-10
39 13 1.796900e-10
39 14 2.852500e-10
39 15 4.514900e-10
39 16 7.161600e-10
39 17 1.135030e-09
39 18 1.799050e-09
39 19 2.849300e-09
39 20 4.518300e-09
39 21 7.159360e-09
39 22 1.134910e-08
39 23 1.798710e-08
39 24 2.850400e-08
39 25 4.517840e-08
39 26 7.160250e-08
39 27 1.134810e-07
39 28 1.798550e-07
39 29 2.850980e-07
39 30 4.525180e-07
39 31 7.204090e-07
39 32 1.151200e-06
39 33 1.845700e-06
39 34 2.961600e-06
39 35 4.744060e-06
39 36 7.778350e-06
39 37 1.141230e-03
39 38 2.798280e-01
39 39 1.662640e+00
39 40 1.508480e-01
40 1 2.345200e-12
40 2 1.342500e-12
40 3 2.221100e-12
40 4 3.397700e-12
40 5 5.444300e-12
40 6 8.648800e-12
40 7 1.367900e-11
40 8 2.173900e-11
40 9 3.431200e-11
40 10 5.459200e-11
40 11 8.642900e-11
40 12 1.369600e-10
40 13 2.168300e-10
40 14 3.442100e-10
40 15 5.448100e-10
40 16 8.641900e-10
40 17 1.369640e-09
40 18 2.170910e-09
40 19 3.438230e-09
40 20 5.452210e-09
40 21 8.639170e-09
40 22 1.369490e-08
40 23 2.170490e-08
40 24 3.439570e-08
40 25 5.451650e-08
40 26 8.640240e-08
40 27 1.369370e-07
40 28 2.170310e-07
40 29 3.439680e-07
40 30 5.451450e-07
40 31 8.642790e-07
40 32 1.371580e-06
40 33 2.177470e-06
40 34 3.454570e-06
40 35 5.478140e-06
40 36 8.685820e-06
40 37 1.377190e-05
40 38 5.639100e-04
40 39 3.180540e-01
40 40 2.666540e+00
