1 2.829980e+03
2 2.525050e+03
3 2.249360e+03
4 2.003930e+03
5 1.787250e+03
6 1.593130e+03
7 1.420020e+03
8 1.265370e+03
9 1.128380e+03
10 1.005720e+03
11 8.964210e+02
12 7.994670e+02
13 7.127080e+02
14 6.356170e+02
15 5.667450e+02
16 5.056190e+02
17 4.511590e+02
18 4.026100e+02
19 3.596870e+02
20 3.213380e+02
21 2.872860e+02
22 2.571770e+02
23 2.303260e+02
24 2.065000e+02
25 1.854720e+02
26 1.670410e+02
27 1.508360e+02
28 1.365580e+02
29 1.244040e+02
30 1.137790e+02
31 1.047700e+02
32 9.760100e+01
33 9.201330e+01
34 8.829980e+01
35 8.647940e+01
36 8.780450e+01
37 9.369110e+01
38 1.064220e+02
39 1.366060e+02
40 2.183780e+02
