1 7.241580e-03
2 7.170990e-03
3 7.098780e-03
4 7.024880e-03
5 6.949250e-03
6 6.871870e-03
7 6.792680e-03
8 6.711640e-03
9 6.628730e-03
10 6.544750e-03
11 6.472090e-03
12 6.402220e-03
13 6.330710e-03
14 6.257560e-03
15 6.182690e-03
16 6.106060e-03
17 6.027670e-03
18 5.948920e-03
19 5.882750e-03
20 5.818670e-03
21 5.753120e-03
22 5.686040e-03
23 5.617390e-03
24 5.547150e-03
25 5.478930e-03
26 5.420010e-03
27 5.360430e-03
28 5.299450e-03
29 5.237060e-03
30 5.173220e-03
31 5.113710e-03
32 5.061490e-03
33 5.008130e-03
34 4.953540e-03
35 4.897670e-03
36 4.840490e-03
37 4.781990e-03
38 4.723120e-03
39 4.670840e-03
40 4.619070e-03
41 4.566110e-03
42 4.511900e-03
43 4.456430e-03
44 4.399700e-03
45 4.350760e-03
46 4.307800e-03
47 4.263850e-03
48 4.218860e-03
49 4.172820e-03
50 4.125720e-03
51 4.077520e-03
52 4.028190e-03
53 3.977730e-03
54 3.926080e-03
55 3.876180e-03
56 3.837770e-03
57 3.799880e-03
58 3.761110e-03
59 3.721430e-03
60 3.680830e-03
61 3.639290e-03
62 3.596770e-03
63 3.553350e-03
64 3.513130e-03
65 3.474340e-03
66 3.434630e-03
67 3.394000e-03
68 3.352430e-03
69 3.309880e-03
70 3.266420e-03
71 3.230930e-03
72 3.200770e-03
73 3.169910e-03
74 3.138330e-03
75 3.106010e-03
76 3.072950e-03
77 3.039110e-03
78 3.004480e-03
79 2.969050e-03
80 2.933170e-03
81 2.899850e-03
82 2.866550e-03
83 2.832480e-03
84 2.797620e-03
85 2.761930e-03
86 2.725420e-03
87 2.688070e-03
88 2.651550e-03
89 2.624830e-03
90 2.599340e-03
91 2.573250e-03
92 2.546550e-03
93 2.519220e-03
94 2.491270e-03
95 2.462660e-03
96 2.433380e-03
97 2.403430e-03
98 2.372770e-03
99 2.341400e-03
100 2.309300e-03
101 2.283220e-03
102 2.263350e-03
103 2.243020e-03
104 2.222220e-03
105 2.200930e-03
106 2.179150e-03
107 2.156870e-03
108 2.134060e-03
109 2.110720e-03
110 2.086840e-03
111 2.062400e-03
112 2.037390e-03
113 2.011800e-03
114 1.985610e-03
115 1.958810e-03
116 1.931390e-03
117 1.903330e-03
118 1.875510e-03
119 1.855760e-03
120 1.837760e-03
121 1.819340e-03
122 1.800490e-03
123 1.781210e-03
124 1.761470e-03
125 1.741280e-03
126 1.720610e-03
127 1.699460e-03
128 1.677820e-03
129 1.655680e-03
130 1.633020e-03
131 1.613290e-03
132 1.598270e-03
133 1.582930e-03
134 1.567250e-03
135 1.551190e-03
136 1.534760e-03
137 1.517960e-03
138 1.500750e-03
139 1.483150e-03
140 1.465140e-03
141 1.446710e-03
142 1.427840e-03
143 1.408540e-03
144 1.388810e-03
145 1.372530e-03
146 1.358950e-03
147 1.345040e-03
148 1.330820e-03
149 1.316260e-03
150 1.301360e-03
151 1.286120e-03
152 1.270520e-03
153 1.254560e-03
154 1.238220e-03
155 1.222590e-03
156 1.211210e-03
157 1.200090e-03
158 1.188710e-03
159 1.177060e-03
160 1.165150e-03
161 1.152950e-03
162 1.140470e-03
163 1.127700e-03
164 1.114640e-03
165 1.101260e-03
166 1.087580e-03
167 1.073580e-03
168 1.059250e-03
169 1.044590e-03
170 1.029620e-03
171 1.018270e-03
172 1.009380e-03
173 1.000280e-03
174 9.909690e-04
175 9.814410e-04
176 9.716910e-04
177 9.617130e-04
178 9.515030e-04
179 9.410560e-04
180 9.303640e-04
181 9.194240e-04
182 9.082300e-04
183 8.967740e-04
184 8.850500e-04
185 8.730560e-04
186 8.607810e-04
187 8.482180e-04
188 8.360050e-04
189 8.274870e-04
190 8.194550e-04
191 8.112370e-04
192 8.028270e-04
193 7.942210e-04
194 7.854150e-04
195 7.764040e-04
196 7.671820e-04
197 7.577470e-04
198 7.480910e-04
199 7.382090e-04
200 7.280990e-04
