1 7.244640e-03
2 7.173070e-03
3 7.099860e-03
4 7.024930e-03
5 6.948250e-03
6 6.869800e-03
7 6.789510e-03
8 6.707350e-03
9 6.623280e-03
10 6.538220e-03
11 6.466040e-03
12 6.397170e-03
13 6.326700e-03
14 6.254590e-03
15 6.180800e-03
16 6.105280e-03
17 6.028020e-03
18 5.950330e-03
19 5.884330e-03
20 5.820210e-03
21 5.754600e-03
22 5.687460e-03
23 5.618750e-03
24 5.548450e-03
25 5.480200e-03
26 5.421370e-03
27 5.361870e-03
28 5.300970e-03
29 5.238670e-03
30 5.174920e-03
31 5.115250e-03
32 5.062460e-03
33 5.008510e-03
34 4.953320e-03
35 4.896840e-03
36 4.839040e-03
37 4.779900e-03
38 4.720490e-03
39 4.668610e-03
40 4.617440e-03
41 4.565110e-03
42 4.511540e-03
43 4.456720e-03
44 4.400650e-03
45 4.349580e-03
46 4.302240e-03
47 4.253800e-03
48 4.204220e-03
49 4.153500e-03
50 4.102910e-03
51 4.058660e-03
52 4.014590e-03
53 3.969480e-03
54 3.923320e-03
55 3.877940e-03
56 3.839460e-03
57 3.800970e-03
58 3.761580e-03
59 3.721260e-03
60 3.680020e-03
61 3.637820e-03
62 3.594620e-03
63 3.550520e-03
64 3.510630e-03
65 3.472710e-03
66 3.433910e-03
67 3.394200e-03
68 3.353580e-03
69 3.312000e-03
70 3.269520e-03
71 3.234110e-03
72 3.203380e-03
73 3.171940e-03
74 3.139770e-03
75 3.106840e-03
76 3.073160e-03
77 3.038680e-03
78 3.003400e-03
79 2.967300e-03
80 2.930850e-03
81 2.897890e-03
82 2.865160e-03
83 2.831690e-03
84 2.797430e-03
85 2.762360e-03
86 2.726490e-03
87 2.689780e-03
88 2.653560e-03
89 2.624910e-03
90 2.597040e-03
91 2.568530e-03
92 2.539340e-03
93 2.509480e-03
94 2.478920e-03
95 2.449340e-03
96 2.422610e-03
97 2.395360e-03
98 2.367480e-03
99 2.338950e-03
100 2.309760e-03
101 2.285140e-03
102 2.265250e-03
103 2.244910e-03
104 2.224080e-03
105 2.202770e-03
106 2.180970e-03
107 2.158660e-03
108 2.135830e-03
109 2.112470e-03
110 2.088560e-03
111 2.064100e-03
112 2.039060e-03
113 2.013450e-03
114 1.987230e-03
115 1.960410e-03
116 1.932960e-03
117 1.904870e-03
118 1.877020e-03
119 1.857230e-03
120 1.839190e-03
121 1.820730e-03
122 1.801850e-03
123 1.782520e-03
124 1.762740e-03
125 1.742500e-03
126 1.721790e-03
127 1.700600e-03
128 1.678910e-03
129 1.656720e-03
130 1.634010e-03
131 1.614250e-03
132 1.599210e-03
133 1.583860e-03
134 1.568150e-03
135 1.552080e-03
136 1.535630e-03
137 1.518800e-03
138 1.501580e-03
139 1.483960e-03
140 1.465920e-03
141 1.447470e-03
142 1.428580e-03
143 1.409260e-03
144 1.389510e-03
145 1.373210e-03
146 1.359620e-03
147 1.345710e-03
148 1.331470e-03
149 1.316910e-03
150 1.302000e-03
151 1.286750e-03
152 1.271140e-03
153 1.255170e-03
154 1.238820e-03
155 1.223180e-03
156 1.211800e-03
157 1.200680e-03
158 1.189300e-03
159 1.177650e-03
160 1.165740e-03
161 1.153540e-03
162 1.141060e-03
163 1.128300e-03
164 1.115230e-03
165 1.101860e-03
166 1.088170e-03
167 1.074170e-03
168 1.059850e-03
169 1.045180e-03
170 1.030220e-03
171 1.018860e-03
172 1.009960e-03
173 1.000850e-03
174 9.915280e-04
175 9.819890e-04
176 9.722290e-04
177 9.622390e-04
178 9.520180e-04
179 9.415590e-04
180 9.308560e-04
181 9.199030e-04
182 9.086970e-04
183 8.972280e-04
184 8.854910e-04
185 8.734830e-04
186 8.611950e-04
187 8.486180e-04
188 8.363910e-04
189 8.278610e-04
190 8.198180e-04
191 8.115890e-04
192 8.031660e-04
193 7.945480e-04
194 7.857300e-04
195 7.767060e-04
196 7.674710e-04
197 7.580230e-04
198 7.483530e-04
199 7.384570e-04
200 7.283330e-04
