1 7.231020e-03
2 7.163120e-03
3 7.093660e-03
4 7.022570e-03
5 6.949820e-03
6 6.875380e-03
7 6.799210e-03
8 6.721260e-03
9 6.641500e-03
10 6.560450e-03
11 6.486260e-03
12 6.413290e-03
13 6.338610e-03
14 6.262210e-03
15 6.184010e-03
16 6.103990e-03
17 6.022120e-03
18 5.940220e-03
19 5.874890e-03
20 5.812710e-03
21 5.749100e-03
22 5.684000e-03
23 5.617380e-03
24 5.549210e-03
25 5.482190e-03
26 5.421730e-03
27 5.360390e-03
28 5.297610e-03
29 5.233390e-03
30 5.167660e-03
31 5.108850e-03
32 5.061250e-03
33 5.012640e-03
34 4.962920e-03
35 4.912030e-03
36 4.859950e-03
37 4.806670e-03
38 4.752140e-03
39 4.696330e-03
40 4.639240e-03
41 4.580810e-03
42 4.521010e-03
43 4.459830e-03
44 4.397280e-03
45 4.345720e-03
46 4.302720e-03
47 4.258720e-03
48 4.213690e-03
49 4.167610e-03
50 4.120470e-03
51 4.072220e-03
52 4.022840e-03
53 3.972320e-03
54 3.920620e-03
55 3.871150e-03
56 3.835190e-03
57 3.800050e-03
58 3.764080e-03
59 3.727270e-03
60 3.689620e-03
61 3.651080e-03
62 3.611640e-03
63 3.571290e-03
64 3.529990e-03
65 3.487730e-03
66 3.444490e-03
67 3.400240e-03
68 3.354960e-03
69 3.308620e-03
70 3.261320e-03
71 3.225400e-03
72 3.197210e-03
73 3.168350e-03
74 3.138820e-03
75 3.108610e-03
76 3.077700e-03
77 3.046060e-03
78 3.013680e-03
79 2.980550e-03
80 2.946650e-03
81 2.911960e-03
82 2.876460e-03
83 2.840140e-03
84 2.802960e-03
85 2.764930e-03
86 2.726010e-03
87 2.686170e-03
88 2.647450e-03
89 2.620480e-03
90 2.595060e-03
91 2.569050e-03
92 2.542430e-03
93 2.515190e-03
94 2.487320e-03
95 2.458800e-03
96 2.429610e-03
97 2.399740e-03
98 2.369180e-03
99 2.337900e-03
100 2.305900e-03
101 2.279880e-03
102 2.260060e-03
103 2.239770e-03
104 2.219010e-03
105 2.197760e-03
106 2.176020e-03
107 2.153780e-03
108 2.131010e-03
109 2.107720e-03
110 2.083890e-03
111 2.059490e-03
112 2.034530e-03
113 2.008990e-03
114 1.982860e-03
115 1.956110e-03
116 1.928750e-03
117 1.900740e-03
118 1.872970e-03
119 1.853290e-03
120 1.835350e-03
121 1.817000e-03
122 1.798230e-03
123 1.779010e-03
124 1.759340e-03
125 1.739220e-03
126 1.718630e-03
127 1.697560e-03
128 1.676000e-03
129 1.653940e-03
130 1.631360e-03
131 1.611700e-03
132 1.596700e-03
133 1.581400e-03
134 1.565750e-03
135 1.549730e-03
136 1.533330e-03
137 1.516550e-03
138 1.499380e-03
139 1.481820e-03
140 1.463840e-03
141 1.445440e-03
142 1.426620e-03
143 1.407360e-03
144 1.387660e-03
145 1.371410e-03
146 1.357840e-03
147 1.343960e-03
148 1.329750e-03
149 1.315200e-03
150 1.300330e-03
151 1.285100e-03
152 1.269520e-03
153 1.253580e-03
154 1.237260e-03
155 1.221650e-03
156 1.210270e-03
157 1.199150e-03
158 1.187770e-03
159 1.176130e-03
160 1.164210e-03
161 1.152020e-03
162 1.139540e-03
163 1.126770e-03
164 1.113710e-03
165 1.100340e-03
166 1.086660e-03
167 1.072660e-03
168 1.058330e-03
169 1.043670e-03
170 1.028710e-03
171 1.017370e-03
172 1.008490e-03
173 9.994070e-04
174 9.901100e-04
175 9.805990e-04
176 9.708660e-04
177 9.609050e-04
178 9.507120e-04
179 9.402830e-04
180 9.296100e-04
181 9.186880e-04
182 9.075140e-04
183 8.960770e-04
184 8.843740e-04
185 8.724000e-04
186 8.601460e-04
187 8.476050e-04
188 8.354130e-04
189 8.269130e-04
190 8.188990e-04
191 8.106980e-04
192 8.023060e-04
193 7.937190e-04
194 7.849320e-04
195 7.759410e-04
196 7.667380e-04
197 7.573240e-04
198 7.476890e-04
199 7.378280e-04
200 7.277400e-04
