1 7.238190e-03
2 7.168560e-03
3 7.097330e-03
4 7.024430e-03
5 6.949820e-03
6 6.873480e-03
7 6.795370e-03
8 6.715420e-03
9 6.633630e-03
10 6.550690e-03
11 6.477510e-03
12 6.406570e-03
13 6.333960e-03
14 6.259680e-03
15 6.183660e-03
16 6.105860e-03
17 6.026270e-03
18 5.946410e-03
19 5.880380e-03
20 5.816770e-03
21 5.751700e-03
22 5.685110e-03
23 5.616960e-03
24 5.547220e-03
25 5.479300e-03
26 5.420000e-03
27 5.359980e-03
28 5.298550e-03
29 5.235700e-03
30 5.171380e-03
31 5.111830e-03
32 5.060210e-03
33 5.007460e-03
34 4.953500e-03
35 4.898270e-03
36 4.841750e-03
37 4.783930e-03
38 4.725630e-03
39 4.672930e-03
40 4.620510e-03
41 4.566890e-03
42 4.512010e-03
43 4.455840e-03
44 4.398400e-03
45 4.349130e-03
46 4.306140e-03
47 4.262140e-03
48 4.217120e-03
49 4.171040e-03
50 4.123900e-03
51 4.075660e-03
52 4.026290e-03
53 3.975780e-03
54 3.924090e-03
55 3.874230e-03
56 3.836220e-03
57 3.798800e-03
58 3.760490e-03
59 3.721290e-03
60 3.681190e-03
61 3.640140e-03
62 3.598140e-03
63 3.555230e-03
64 3.514790e-03
65 3.475360e-03
66 3.435000e-03
67 3.393700e-03
68 3.351450e-03
69 3.308210e-03
70 3.264040e-03
71 3.228480e-03
72 3.198700e-03
73 3.168230e-03
74 3.137040e-03
75 3.105130e-03
76 3.072480e-03
77 3.039060e-03
78 3.004860e-03
79 2.969880e-03
80 2.934380e-03
81 2.900850e-03
82 2.867170e-03
83 2.832730e-03
84 2.797470e-03
85 2.761400e-03
86 2.724480e-03
87 2.686710e-03
88 2.649820e-03
89 2.623080e-03
90 2.597610e-03
91 2.571550e-03
92 2.544880e-03
93 2.517590e-03
94 2.489670e-03
95 2.461090e-03
96 2.431850e-03
97 2.401930e-03
98 2.371310e-03
99 2.339970e-03
100 2.307910e-03
101 2.281850e-03
102 2.262000e-03
103 2.241690e-03
104 2.220900e-03
105 2.199630e-03
106 2.177870e-03
107 2.155600e-03
108 2.132800e-03
109 2.109480e-03
110 2.085620e-03
111 2.061200e-03
112 2.036210e-03
113 2.010640e-03
114 1.984470e-03
115 1.957700e-03
116 1.930300e-03
117 1.902260e-03
118 1.874460e-03
119 1.854740e-03
120 1.836760e-03
121 1.818370e-03
122 1.799550e-03
123 1.780290e-03
124 1.760590e-03
125 1.740430e-03
126 1.719790e-03
127 1.698670e-03
128 1.677070e-03
129 1.654960e-03
130 1.632330e-03
131 1.612630e-03
132 1.597620e-03
133 1.582300e-03
134 1.566620e-03
135 1.550580e-03
136 1.534170e-03
137 1.517370e-03
138 1.500180e-03
139 1.482590e-03
140 1.464600e-03
141 1.446180e-03
142 1.427330e-03
143 1.408050e-03
144 1.388330e-03
145 1.372070e-03
146 1.358490e-03
147 1.344590e-03
148 1.330370e-03
149 1.315820e-03
150 1.300930e-03
151 1.285690e-03
152 1.270100e-03
153 1.254150e-03
154 1.237820e-03
155 1.222190e-03
156 1.210820e-03
157 1.199700e-03
158 1.188320e-03
159 1.176670e-03
160 1.164750e-03
161 1.152560e-03
162 1.140080e-03
163 1.127310e-03
164 1.114240e-03
165 1.100870e-03
166 1.087190e-03
167 1.073190e-03
168 1.058860e-03
169 1.044200e-03
170 1.029230e-03
171 1.017890e-03
172 1.009000e-03
173 9.999090e-04
174 9.906030e-04
175 9.810820e-04
176 9.713390e-04
177 9.613690e-04
178 9.511660e-04
179 9.407270e-04
180 9.300430e-04
181 9.191100e-04
182 9.079250e-04
183 8.964770e-04
184 8.847620e-04
185 8.727760e-04
186 8.605100e-04
187 8.479570e-04
188 8.357520e-04
189 8.272420e-04
190 8.192180e-04
191 8.110080e-04
192 8.026050e-04
193 7.940070e-04
194 7.852090e-04
195 7.762060e-04
196 7.669930e-04
197 7.575670e-04
198 7.479200e-04
199 7.380460e-04
200 7.279460e-04
