1 7.243500e-03
2 7.172320e-03
3 7.099510e-03
4 7.024990e-03
5 6.948730e-03
6 6.870700e-03
7 6.790860e-03
8 6.709140e-03
9 6.625530e-03
10 6.540910e-03
11 6.468540e-03
12 6.399290e-03
13 6.328410e-03
14 6.255910e-03
15 6.181700e-03
16 6.105750e-03
17 6.028050e-03
18 5.949950e-03
19 5.883830e-03
20 5.819660e-03
21 5.754010e-03
22 5.686830e-03
23 5.618070e-03
24 5.547720e-03
25 5.479440e-03
26 5.420620e-03
27 5.361140e-03
28 5.300270e-03
29 5.237990e-03
30 5.174260e-03
31 5.114680e-03
32 5.062120e-03
33 5.008400e-03
34 4.953440e-03
35 4.897190e-03
36 4.839630e-03
37 4.780740e-03
38 4.721540e-03
39 4.669510e-03
40 4.618110e-03
41 4.565530e-03
42 4.511720e-03
43 4.456650e-03
44 4.400320e-03
45 4.349140e-03
46 4.301790e-03
47 4.253350e-03
48 4.203770e-03
49 4.153040e-03
50 4.102430e-03
51 4.058100e-03
52 4.013920e-03
53 3.968710e-03
54 3.922440e-03
55 3.877020e-03
56 3.838760e-03
57 3.800530e-03
58 3.761410e-03
59 3.721370e-03
60 3.680410e-03
61 3.638490e-03
62 3.595590e-03
63 3.551780e-03
64 3.511740e-03
65 3.473440e-03
66 3.434240e-03
67 3.394120e-03
68 3.353080e-03
69 3.311080e-03
70 3.268170e-03
71 3.232730e-03
72 3.202260e-03
73 3.171090e-03
74 3.139180e-03
75 3.106530e-03
76 3.073130e-03
77 3.038940e-03
78 3.003960e-03
79 2.968170e-03
80 2.931980e-03
81 2.898850e-03
82 2.865860e-03
83 2.832110e-03
84 2.797570e-03
85 2.762220e-03
86 2.726050e-03
87 2.689040e-03
88 2.652580e-03
89 2.624090e-03
90 2.596450e-03
91 2.568160e-03
92 2.539220e-03
93 2.509600e-03
94 2.479290e-03
95 2.449810e-03
96 2.422860e-03
97 2.395370e-03
98 2.367250e-03
99 2.338470e-03
100 2.309020e-03
101 2.284280e-03
102 2.264400e-03
103 2.244060e-03
104 2.223250e-03
105 2.201950e-03
106 2.180150e-03
107 2.157850e-03
108 2.135030e-03
109 2.111680e-03
110 2.087780e-03
111 2.063330e-03
112 2.038310e-03
113 2.012700e-03
114 1.986500e-03
115 1.959690e-03
116 1.932250e-03
117 1.904180e-03
118 1.876330e-03
119 1.856570e-03
120 1.838540e-03
121 1.820100e-03
122 1.801240e-03
123 1.781920e-03
124 1.762160e-03
125 1.741950e-03
126 1.721250e-03
127 1.700080e-03
128 1.678420e-03
129 1.656250e-03
130 1.633560e-03
131 1.613820e-03
132 1.598780e-03
133 1.583440e-03
134 1.567740e-03
135 1.551680e-03
136 1.535240e-03
137 1.518420e-03
138 1.501210e-03
139 1.483590e-03
140 1.465570e-03
141 1.447120e-03
142 1.428250e-03
143 1.408940e-03
144 1.389190e-03
145 1.372900e-03
146 1.359310e-03
147 1.345410e-03
148 1.331170e-03
149 1.316610e-03
150 1.301710e-03
151 1.286460e-03
152 1.270850e-03
153 1.254890e-03
154 1.238550e-03
155 1.222910e-03
156 1.211530e-03
157 1.200410e-03
158 1.189030e-03
159 1.177380e-03
160 1.165470e-03
161 1.153270e-03
162 1.140790e-03
163 1.128020e-03
164 1.114960e-03
165 1.101580e-03
166 1.087900e-03
167 1.073900e-03
168 1.059570e-03
169 1.044910e-03
170 1.029940e-03
171 1.018590e-03
172 1.009690e-03
173 1.000590e-03
174 9.912700e-04
175 9.817360e-04
176 9.719800e-04
177 9.619960e-04
178 9.517800e-04
179 9.413270e-04
180 9.306290e-04
181 9.196810e-04
182 9.084810e-04
183 8.970180e-04
184 8.852870e-04
185 8.732860e-04
186 8.610030e-04
187 8.484330e-04
188 8.362120e-04
189 8.276880e-04
190 8.196500e-04
191 8.114260e-04
192 8.030090e-04
193 7.943970e-04
194 7.855850e-04
195 7.765660e-04
196 7.673370e-04
197 7.578950e-04
198 7.482320e-04
199 7.383420e-04
200 7.282250e-04
