1 1.666040e-01
2 1.666040e-01
3 1.666040e-01
4 1.666040e-01
5 1.666040e-01
6 1.666040e-01
7 1.666040e-01
8 1.666040e-01
9 1.666040e-01
10 1.666040e-01
11 1.666040e-01
12 1.666040e-01
13 1.666040e-01
14 1.666040e-01
15 1.666040e-01
16 1.666040e-01
17 1.666040e-01
18 1.666040e-01
19 1.666040e-01
20 1.666040e-01
21 1.666040e-01
22 1.666030e-01
23 1.666030e-01
24 1.666030e-01
25 1.666030e-01
26 1.666030e-01
27 1.666030e-01
28 1.666030e-01
29 1.666030e-01
30 1.666030e-01
31 1.666030e-01
32 1.666030e-01
33 1.666030e-01
34 1.666030e-01
35 1.666030e-01
36 1.666030e-01
37 1.666030e-01
38 1.666030e-01
39 1.666030e-01
40 1.666020e-01
41 1.666020e-01
42 1.666020e-01
43 1.666020e-01
44 1.666020e-01
45 1.666020e-01
46 1.666020e-01
47 1.666020e-01
48 1.666020e-01
49 1.666020e-01
50 1.666020e-01
51 1.666020e-01
52 1.666010e-01
53 1.666010e-01
54 1.666010e-01
55 1.666010e-01
56 1.666010e-01
57 1.666010e-01
58 1.666010e-01
59 1.666010e-01
60 1.666010e-01
61 1.666010e-01
62 1.666000e-01
63 1.666000e-01
64 1.666000e-01
65 1.666000e-01
66 1.666000e-01
67 1.666000e-01
68 1.666000e-01
69 1.666000e-01
70 1.665990e-01
71 1.665990e-01
72 1.665990e-01
73 1.665990e-01
74 1.665990e-01
75 1.665990e-01
76 1.665990e-01
77 1.665980e-01
78 1.665980e-01
79 1.665980e-01
80 1.665980e-01
81 1.665980e-01
82 1.665980e-01
83 1.665970e-01
84 1.665970e-01
85 1.665970e-01
86 1.665970e-01
87 1.665970e-01
88 1.665960e-01
89 1.665960e-01
90 1.665960e-01
91 1.665960e-01
92 1.665950e-01
93 1.665950e-01
94 1.665950e-01
95 1.665950e-01
96 1.665940e-01
97 1.665940e-01
98 1.665940e-01
99 1.665940e-01
100 1.665930e-01
101 1.665930e-01
102 1.665930e-01
103 1.665930e-01
104 1.665920e-01
105 1.665920e-01
106 1.665920e-01
107 1.665910e-01
108 1.665910e-01
109 1.665910e-01
110 1.665900e-01
111 1.665900e-01
112 1.665900e-01
113 1.665890e-01
114 1.665890e-01
115 1.665880e-01
116 1.665880e-01
117 1.665880e-01
118 1.665870e-01
119 1.665870e-01
120 1.665860e-01
121 1.665860e-01
122 1.665850e-01
123 1.665850e-01
124 1.665850e-01
125 1.665840e-01
126 1.665840e-01
127 1.665830e-01
128 1.665830e-01
129 1.665820e-01
130 1.665810e-01
131 1.665810e-01
132 1.665800e-01
133 1.665800e-01
134 1.665790e-01
135 1.665780e-01
136 1.665780e-01
137 1.665770e-01
138 1.665770e-01
139 1.665760e-01
140 1.665750e-01
141 1.665740e-01
142 1.665740e-01
143 1.665730e-01
144 1.665720e-01
145 1.665710e-01
146 1.665710e-01
147 1.665700e-01
148 1.665690e-01
149 1.665680e-01
150 1.665670e-01
151 1.665660e-01
152 1.665660e-01
153 1.665650e-01
154 1.665640e-01
155 1.665630e-01
156 1.665620e-01
157 1.665610e-01
158 1.665600e-01
159 1.665590e-01
160 1.665580e-01
161 1.665560e-01
162 1.665550e-01
163 1.665540e-01
164 1.665530e-01
165 1.665520e-01
166 1.665500e-01
167 1.665490e-01
168 1.665480e-01
169 1.665460e-01
170 1.665450e-01
171 1.665440e-01
172 1.665420e-01
173 1.665410e-01
174 1.665390e-01
175 1.665380e-01
176 1.665360e-01
177 1.665350e-01
178 1.665330e-01
179 1.665310e-01
180 1.665290e-01
181 1.665280e-01
182 1.665260e-01
183 1.665240e-01
184 1.665220e-01
185 1.665200e-01
186 1.665180e-01
187 1.665160e-01
188 1.665140e-01
189 1.665120e-01
190 1.665100e-01
191 1.665080e-01
192 1.665050e-01
193 1.665030e-01
194 1.665010e-01
195 1.664980e-01
196 1.664960e-01
197 1.664930e-01
198 1.664900e-01
199 1.664880e-01
200 1.664850e-01
