1 2.930290e+00
2 2.614420e+00
3 2.328820e+00
4 2.074550e+00
5 1.850050e+00
6 1.648890e+00
7 1.469510e+00
8 1.309220e+00
9 1.167200e+00
10 1.040040e+00
11 9.266980e-01
12 8.261430e-01
13 7.361460e-01
14 6.561550e-01
15 5.846570e-01
16 5.211410e-01
17 4.644630e-01
18 4.138310e-01
19 3.689620e-01
20 3.287900e-01
21 2.930230e-01
22 2.612530e-01
23 2.327790e-01
24 2.074140e-01
25 1.848310e-01
26 1.648050e-01
27 1.468700e-01
28 1.308510e-01
29 1.166800e-01
30 1.040140e-01
31 9.261960e-02
32 8.257560e-02
33 7.369430e-02
34 6.576010e-02
35 5.864870e-02
36 5.227710e-02
37 4.668290e-02
38 4.173390e-02
39 3.709740e-02
40 3.294440e-02
