1 7.370600e-03
2 7.370600e-03
3 7.370600e-03
4 7.370600e-03
5 7.370600e-03
6 7.370600e-03
7 7.370600e-03
8 7.370600e-03
9 7.370600e-03
10 7.370600e-03
11 7.370600e-03
12 7.370600e-03
13 7.370600e-03
14 7.370600e-03
15 7.370600e-03
16 7.370600e-03
17 7.370600e-03
18 7.370600e-03
19 7.370600e-03
20 7.370600e-03
21 7.370600e-03
22 7.370600e-03
23 7.370600e-03
24 7.370600e-03
25 7.370600e-03
26 7.370600e-03
27 7.370600e-03
28 7.370600e-03
29 7.370600e-03
30 7.370600e-03
31 7.370600e-03
32 7.370600e-03
33 7.370600e-03
34 7.370600e-03
35 7.370600e-03
36 7.370600e-03
37 7.370600e-03
38 7.370600e-03
39 7.370600e-03
40 7.370600e-03
