1 1 4.321900e-01
1 2 1.604060e-01
1 3 2.133440e-01
1 4 2.570010e-01
1 5 3.234000e-01
1 6 4.014390e-01
1 7 4.940890e-01
1 8 6.078330e-01
1 9 7.379570e-01
1 10 8.955350e-01
1 11 1.069820e+00
1 12 1.262630e+00
1 13 1.464500e+00
1 14 1.667790e+00
1 15 1.844840e+00
1 16 1.978780e+00
1 17 2.034280e+00
1 18 1.984690e+00
1 19 1.812220e+00
1 20 1.525730e+00
1 21 1.157530e+00
1 22 7.719370e-01
1 23 4.375780e-01
1 24 2.024880e-01
1 25 7.276170e-02
1 26 1.906740e-02
1 27 3.373900e-03
1 28 3.664100e-04
1 29 2.326410e-05
1 30 8.599900e-07
1 31 0.000000e+00
1 32 0.000000e+00
1 33 0.000000e+00
1 34 0.000000e+00
1 35 0.000000e+00
1 36 0.000000e+00
1 37 0.000000e+00
1 38 0.000000e+00
1 39 0.000000e+00
1 40 0.000000e+00
2 1 3.459550e-01
2 2 1.377060e-01
2 3 1.887430e-01
2 4 2.305520e-01
2 5 2.904090e-01
2 6 3.605100e-01
2 7 4.437520e-01
2 8 5.459590e-01
2 9 6.629240e-01
2 10 8.046190e-01
2 11 9.613730e-01
2 12 1.134990e+00
2 13 1.316850e+00
2 14 1.500250e+00
2 15 1.660290e+00
2 16 1.781920e+00
2 17 1.833450e+00
2 18 1.790550e+00
2 19 1.636980e+00
2 20 1.380400e+00
2 21 1.049240e+00
2 22 7.014240e-01
2 23 3.988020e-01
2 24 1.852300e-01
2 25 6.686350e-02
2 26 1.762010e-02
2 27 3.139110e-03
2 28 3.437400e-04
2 29 2.202670e-05
2 30 8.237190e-07
2 31 0.000000e+00
2 32 0.000000e+00
2 33 0.000000e+00
2 34 0.000000e+00
2 35 0.000000e+00
2 36 0.000000e+00
2 37 0.000000e+00
2 38 0.000000e+00
2 39 0.000000e+00
2 40 0.000000e+00
3 1 2.730110e-01
3 2 1.138860e-01
3 3 1.620790e-01
3 4 2.047020e-01
3 5 2.606970e-01
3 6 3.237960e-01
3 7 3.986000e-01
3 8 4.904710e-01
3 9 5.956460e-01
3 10 7.231050e-01
3 11 8.641940e-01
3 12 1.020610e+00
3 13 1.184620e+00
3 14 1.350290e+00
3 15 1.495210e+00
3 16 1.606010e+00
3 17 1.654150e+00
3 18 1.617470e+00
3 19 1.481030e+00
3 20 1.251350e+00
3 21 9.534380e-01
3 22 6.392940e-01
3 23 3.648360e-01
3 24 1.702350e-01
3 25 6.179750e-02
3 26 1.639780e-02
3 27 2.945900e-03
3 28 3.258570e-04
3 29 2.111880e-05
3 30 8.008910e-07
3 31 0.000000e+00
3 32 0.000000e+00
3 33 0.000000e+00
3 34 0.000000e+00
3 35 0.000000e+00
3 36 0.000000e+00
3 37 0.000000e+00
3 38 0.000000e+00
3 39 0.000000e+00
3 40 0.000000e+00
4 1 2.109100e-01
4 2 9.028860e-02
4 3 1.335280e-01
4 4 1.764170e-01
4 5 2.326150e-01
4 6 2.913730e-01
4 7 3.587960e-01
4 8 4.415640e-01
4 9 5.363610e-01
4 10 6.512980e-01
4 11 7.786400e-01
4 12 9.198940e-01
4 13 1.068300e+00
4 14 1.218480e+00
4 15 1.350280e+00
4 16 1.451760e+00
4 17 1.497120e+00
4 18 1.466190e+00
4 19 1.345100e+00
4 20 1.139220e+00
4 21 8.706530e-01
4 22 5.859230e-01
4 23 3.359190e-01
4 24 1.576270e-01
4 25 5.761530e-02
4 26 1.541660e-02
4 27 2.797690e-03
4 28 3.132260e-04
4 29 2.057760e-05
4 30 7.933090e-07
4 31 0.000000e+00
4 32 0.000000e+00
4 33 0.000000e+00
4 34 0.000000e+00
4 35 0.000000e+00
4 36 0.000000e+00
4 37 0.000000e+00
4 38 0.000000e+00
4 39 0.000000e+00
4 40 0.000000e+00
5 1 1.679040e-01
5 2 7.114940e-02
5 3 1.062360e-01
5 4 1.453390e-01
5 5 2.015100e-01
5 6 2.615680e-01
5 7 3.240540e-01
5 8 3.989050e-01
5 9 4.846660e-01
5 10 5.887090e-01
5 11 7.040810e-01
5 12 8.322200e-01
5 13 9.671060e-01
5 14 1.103910e+00
5 15 1.224470e+00
5 16 1.318070e+00
5 17 1.361270e+00
5 18 1.335690e+00
5 19 1.228270e+00
5 20 1.043310e+00
5 21 8.002860e-01
5 22 5.409710e-01
5 23 3.118710e-01
5 24 1.473360e-01
5 25 5.429790e-02
5 26 1.467410e-02
5 27 2.694810e-03
5 28 3.060170e-04
5 29 2.042150e-05
5 30 8.024590e-07
5 31 0.000000e+00
5 32 0.000000e+00
5 33 0.000000e+00
5 34 0.000000e+00
5 35 0.000000e+00
5 36 0.000000e+00
5 37 0.000000e+00
5 38 0.000000e+00
5 39 0.000000e+00
5 40 0.000000e+00
6 1 1.312970e-01
6 2 5.537570e-02
6 3 8.285400e-02
6 4 1.145850e-01
6 5 1.651110e-01
6 6 2.275360e-01
6 7 2.922770e-01
6 8 3.613090e-01
6 9 4.391200e-01
6 10 5.335930e-01
6 11 6.384650e-01
6 12 7.551550e-01
6 13 8.782020e-01
6 14 1.003390e+00
6 15 1.114280e+00
6 16 1.201220e+00
6 17 1.242890e+00
6 18 1.222390e+00
6 19 1.127360e+00
6 20 9.610340e-01
6 21 7.404530e-01
6 22 5.032730e-01
6 23 2.921010e-01
6 24 1.391350e-01
6 25 5.178730e-02
6 26 1.416420e-02
6 27 2.638500e-03
6 28 3.047380e-04
6 29 2.071540e-05
6 30 8.327030e-07
6 31 0.000000e+00
6 32 0.000000e+00
6 33 0.000000e+00
6 34 0.000000e+00
6 35 0.000000e+00
6 36 0.000000e+00
6 37 0.000000e+00
6 38 0.000000e+00
6 39 0.000000e+00
6 40 0.000000e+00
7 1 9.899800e-02
7 2 4.166020e-02
7 3 6.309520e-02
7 4 8.813470e-02
7 5 1.286610e-01
7 6 1.851810e-01
7 7 2.555610e-01
7 8 3.276760e-01
7 9 3.994100e-01
7 10 4.855290e-01
7 11 5.813550e-01
7 12 6.881000e-01
7 13 8.009530e-01
7 14 9.162160e-01
7 15 1.018940e+00
7 16 1.100380e+00
7 17 1.141130e+00
7 18 1.125450e+00
7 19 1.041580e+00
7 20 8.917850e-01
7 21 6.907710e-01
7 22 4.726080e-01
7 23 2.765220e-01
7 24 1.330140e-01
7 25 5.009890e-02
7 26 1.389830e-02
7 27 2.633000e-03
7 28 3.102290e-04
7 29 2.154990e-05
7 30 8.898230e-07
7 31 0.000000e+00
7 32 0.000000e+00
7 33 0.000000e+00
7 34 0.000000e+00
7 35 0.000000e+00
7 36 0.000000e+00
7 37 0.000000e+00
7 38 0.000000e+00
7 39 0.000000e+00
7 40 0.000000e+00
8 1 7.563560e-02
8 2 3.185530e-02
8 3 4.829540e-02
8 4 6.766220e-02
8 5 9.903810e-02
8 6 1.435060e-01
8 7 2.066430e-01
8 8 2.879760e-01
8 9 3.642940e-01
8 10 4.437980e-01
8 11 5.317670e-01
8 12 6.299750e-01
8 13 7.341330e-01
8 14 8.409650e-01
8 15 9.368850e-01
8 16 1.013950e+00
8 17 1.054370e+00
8 18 1.043430e+00
8 19 9.697430e-01
8 20 8.346230e-01
8 21 6.506530e-01
8 22 4.486900e-01
8 23 2.650550e-01
8 24 1.289920e-01
8 25 4.926850e-02
8 26 1.389740e-02
8 27 2.685220e-03
8 28 3.237820e-04
8 29 2.305560e-05
8 30 9.823480e-07
8 31 0.000000e+00
8 32 0.000000e+00
8 33 0.000000e+00
8 34 0.000000e+00
8 35 0.000000e+00
8 36 0.000000e+00
8 37 0.000000e+00
8 38 0.000000e+00
8 39 0.000000e+00
8 40 0.000000e+00
9 1 6.010980e-02
9 2 2.479310e-02
9 3 3.696280e-02
9 4 5.143540e-02
9 5 7.562050e-02
9 6 1.100870e-01
9 7 1.594090e-01
9 8 2.318940e-01
9 9 3.224270e-01
9 10 4.076470e-01
9 11 4.893100e-01
9 12 5.803140e-01
9 13 6.772040e-01
9 14 7.770860e-01
9 15 8.675720e-01
9 16 9.414260e-01
9 17 9.820670e-01
9 18 9.759930e-01
9 19 9.117110e-01
9 20 7.896340e-01
9 21 6.203200e-01
9 22 4.318020e-01
9 23 2.579990e-01
9 24 1.272910e-01
9 25 4.941730e-02
9 26 1.421000e-02
9 27 2.808110e-03
9 28 3.475330e-04
9 29 2.542540e-05
9 30 1.122190e-06
9 31 0.000000e+00
9 32 0.000000e+00
9 33 0.000000e+00
9 34 0.000000e+00
9 35 0.000000e+00
9 36 0.000000e+00
9 37 0.000000e+00
9 38 0.000000e+00
9 39 0.000000e+00
9 40 0.000000e+00
10 1 4.532070e-02
10 2 1.868300e-02
10 3 2.798630e-02
10 4 3.904340e-02
10 5 5.738780e-02
10 6 8.369260e-02
10 7 1.214340e-01
10 8 1.773050e-01
10 9 2.576940e-01
10 10 3.631590e-01
10 11 4.529060e-01
10 12 5.381210e-01
10 13 6.289950e-01
10 14 7.232460e-01
10 15 8.095400e-01
10 16 8.811950e-01
10 17 9.227850e-01
10 18 9.215850e-01
10 19 8.660850e-01
10 20 7.556720e-01
10 21 5.990530e-01
10 22 4.215870e-01
10 23 2.552610e-01
10 24 1.279640e-01
10 25 5.062600e-02
10 26 1.488480e-02
10 27 3.018850e-03
10 28 3.850080e-04
10 29 2.906220e-05
10 30 1.336590e-06
10 31 0.000000e+00
10 32 0.000000e+00
10 33 0.000000e+00
10 34 0.000000e+00
10 35 0.000000e+00
10 36 0.000000e+00
10 37 0.000000e+00
10 38 0.000000e+00
10 39 0.000000e+00
10 40 0.000000e+00
11 1 3.330100e-02
11 2 1.373860e-02
11 3 2.054340e-02
11 4 2.861150e-02
11 5 4.211670e-02
11 6 6.189100e-02
11 7 9.061150e-02
11 8 1.331290e-01
11 9 1.946400e-01
11 10 2.877980e-01
11 11 4.066840e-01
11 12 5.031350e-01
11 13 5.893870e-01
11 14 6.793130e-01
11 15 7.626430e-01
11 16 8.332010e-01
11 17 8.764310e-01
11 18 8.802750e-01
11 19 8.330560e-01
11 20 7.330960e-01
11 21 5.872720e-01
11 22 4.185580e-01
11 23 2.573330e-01
11 24 1.313920e-01
11 25 5.312710e-02
11 26 1.602610e-02
11 27 3.349450e-03
11 28 4.423530e-04
11 29 3.427960e-05
11 30 1.627660e-06
11 31 0.000000e+00
11 32 0.000000e+00
11 33 0.000000e+00
11 34 0.000000e+00
11 35 0.000000e+00
11 36 0.000000e+00
11 37 0.000000e+00
11 38 0.000000e+00
11 39 0.000000e+00
11 40 0.000000e+00
12 1 2.571180e-02
12 2 1.058790e-02
12 3 1.576210e-02
12 4 2.178390e-02
12 5 3.168620e-02
12 6 4.583410e-02
12 7 6.677000e-02
12 8 9.872960e-02
12 9 1.452140e-01
12 10 2.156740e-01
12 11 3.201390e-01
12 12 4.556930e-01
12 13 5.570010e-01
12 14 6.439120e-01
12 15 7.254690e-01
12 16 7.961210e-01
12 17 8.419620e-01
12 18 8.512860e-01
12 19 8.123390e-01
12 20 7.221250e-01
12 21 5.856160e-01
12 22 4.236040e-01
12 23 2.650690e-01
12 24 1.382170e-01
12 25 5.728510e-02
12 26 1.778420e-02
12 27 3.842230e-03
12 28 5.270480e-04
12 29 4.172540e-05
12 30 1.998910e-06
12 31 0.000000e+00
12 32 0.000000e+00
12 33 0.000000e+00
12 34 0.000000e+00
12 35 0.000000e+00
12 36 0.000000e+00
12 37 0.000000e+00
12 38 0.000000e+00
12 39 0.000000e+00
12 40 0.000000e+00
13 1 1.756960e-02
13 2 7.253820e-03
13 3 1.081280e-02
13 4 1.494930e-02
13 5 2.179590e-02
13 6 3.181650e-02
13 7 4.678490e-02
13 8 6.989310e-02
13 9 1.044180e-01
13 10 1.570910e-01
13 11 2.354480e-01
13 12 3.548560e-01
13 13 5.100920e-01
13 14 6.180180e-01
13 15 6.990240e-01
13 16 7.708260e-01
13 17 8.201660e-01
13 18 8.353060e-01
13 19 8.044120e-01
13 20 7.230920e-01
13 21 5.944170e-01
13 22 4.371080e-01
13 23 2.789770e-01
13 24 1.489520e-01
13 25 6.349800e-02
13 26 2.037850e-02
13 27 4.577750e-03
13 28 6.572340e-04
13 29 5.432430e-05
13 30 2.715020e-06
13 31 0.000000e+00
13 32 0.000000e+00
13 33 0.000000e+00
13 34 0.000000e+00
13 35 0.000000e+00
13 36 0.000000e+00
13 37 0.000000e+00
13 38 0.000000e+00
13 39 0.000000e+00
13 40 0.000000e+00
14 1 1.371570e-02
14 2 5.656430e-03
14 3 8.426220e-03
14 4 1.164070e-02
14 5 1.691690e-02
14 6 2.448180e-02
14 7 3.551820e-02
14 8 5.209150e-02
14 9 7.643230e-02
14 10 1.145420e-01
14 11 1.717800e-01
14 12 2.591590e-01
14 13 3.935380e-01
14 14 5.704500e-01
14 15 6.793440e-01
14 16 7.535260e-01
14 17 8.078340e-01
14 18 8.301970e-01
14 19 8.084120e-01
14 20 7.365330e-01
14 21 6.153690e-01
14 22 4.613700e-01
14 23 3.012980e-01
14 24 1.652520e-01
14 25 7.268910e-02
14 26 2.418190e-02
14 27 5.658870e-03
14 28 8.507770e-04
14 29 7.367540e-05
14 30 3.850310e-06
14 31 0.000000e+00
14 32 0.000000e+00
14 33 0.000000e+00
14 34 0.000000e+00
14 35 0.000000e+00
14 36 0.000000e+00
14 37 0.000000e+00
14 38 0.000000e+00
14 39 0.000000e+00
14 40 0.000000e+00
15 1 9.627710e-03
15 2 3.976170e-03
15 3 5.927480e-03
15 4 8.196190e-03
15 5 1.192140e-02
15 6 1.725270e-02
15 7 2.500670e-02
15 8 3.675940e-02
15 9 5.426770e-02
15 10 8.147660e-02
15 11 1.224080e-01
15 12 1.852360e-01
15 13 2.824180e-01
15 14 4.359290e-01
15 15 6.359620e-01
15 16 7.473460e-01
15 17 8.075930e-01
15 18 8.383370e-01
15 19 8.262690e-01
15 20 7.640430e-01
15 21 6.498710e-01
15 22 4.977890e-01
15 23 3.334860e-01
15 24 1.884730e-01
15 25 8.587840e-02
15 26 2.976260e-02
15 27 7.300920e-03
15 28 1.158560e-03
15 29 1.065290e-04
15 30 5.846220e-06
15 31 0.000000e+00
15 32 0.000000e+00
15 33 0.000000e+00
15 34 0.000000e+00
15 35 0.000000e+00
15 36 0.000000e+00
15 37 0.000000e+00
15 38 0.000000e+00
15 39 0.000000e+00
15 40 0.000000e+00
16 1 6.388180e-03
16 2 2.643910e-03
16 3 3.945990e-03
16 4 5.463880e-03
16 5 7.960430e-03
16 6 1.154220e-02
16 7 1.675310e-02
16 8 2.463840e-02
16 9 3.641620e-02
16 10 5.491760e-02
16 11 8.331100e-02
16 12 1.275460e-01
16 13 1.964200e-01
16 14 3.060030e-01
16 15 4.801820e-01
16 16 7.107210e-01
16 17 8.202480e-01
16 18 8.606850e-01
16 19 8.595630e-01
16 20 8.077940e-01
16 21 7.006500e-01
16 22 5.494860e-01
16 23 3.786290e-01
16 24 2.212570e-01
16 25 1.048610e-01
16 26 3.805830e-02
16 27 9.850060e-03
16 28 1.663070e-03
16 29 1.640420e-04
16 30 9.357170e-06
16 31 0.000000e+00
16 32 0.000000e+00
16 33 0.000000e+00
16 34 0.000000e+00
16 35 0.000000e+00
16 36 0.000000e+00
16 37 0.000000e+00
16 38 0.000000e+00
16 39 0.000000e+00
16 40 0.000000e+00
17 1 4.369820e-03
17 2 1.810310e-03
17 3 2.702940e-03
17 4 3.744840e-03
17 5 5.460260e-03
17 6 7.924980e-03
17 7 1.151690e-02
17 8 1.694100e-02
17 9 2.498180e-02
17 10 3.752970e-02
17 11 5.672260e-02
17 12 8.671990e-02
17 13 1.337880e-01
17 14 2.092680e-01
17 15 3.302790e-01
17 16 5.287500e-01
17 17 7.906050e-01
17 18 8.949160e-01
17 19 9.074650e-01
17 20 8.687070e-01
17 21 7.705270e-01
17 22 6.206710e-01
17 23 4.414810e-01
17 24 2.678280e-01
17 25 1.325860e-01
17 26 5.061920e-02
17 27 1.388340e-02
17 28 2.504090e-03
17 29 2.659580e-04
17 30 1.548110e-05
17 31 2.383780e-06
17 32 8.748500e-07
17 33 0.000000e+00
17 34 0.000000e+00
17 35 0.000000e+00
17 36 0.000000e+00
17 37 0.000000e+00
17 38 0.000000e+00
17 39 0.000000e+00
17 40 0.000000e+00
18 1 2.680110e-03
18 2 1.113230e-03
18 3 1.664570e-03
18 4 2.310090e-03
18 5 3.375200e-03
18 6 4.911530e-03
18 7 7.160190e-03
18 8 1.056730e-02
18 9 1.563590e-02
18 10 2.358900e-02
18 11 3.586730e-02
18 12 5.531870e-02
18 13 8.631640e-02
18 14 1.366220e-01
18 15 2.182370e-01
18 16 3.538260e-01
18 17 5.800980e-01
18 18 8.804290e-01
18 19 9.741120e-01
18 20 9.510170e-01
18 21 8.639070e-01
18 22 7.163270e-01
18 23 5.274270e-01
18 24 3.333230e-01
18 25 1.732060e-01
18 26 6.999520e-02
18 27 2.051180e-02
18 28 3.993650e-03
18 29 4.630330e-04
18 30 2.851400e-05
18 31 3.784740e-06
18 32 3.658120e-07
18 33 5.347000e-10
18 34 0.000000e+00
18 35 0.000000e+00
18 36 0.000000e+00
18 37 0.000000e+00
18 38 0.000000e+00
18 39 0.000000e+00
18 40 0.000000e+00
19 1 1.486180e-03
19 2 6.197480e-04
19 3 9.279400e-04
19 4 1.290100e-03
19 5 1.889190e-03
19 6 2.756930e-03
19 7 4.033860e-03
19 8 5.980920e-03
19 9 8.895860e-03
19 10 1.350220e-02
19 11 2.069710e-02
19 12 3.228790e-02
19 13 5.119850e-02
19 14 8.277870e-02
19 15 1.351990e-01
19 16 2.238690e-01
19 17 3.748840e-01
19 18 6.346940e-01
19 19 9.811750e-01
19 20 1.060240e+00
19 21 9.873520e-01
19 22 8.439600e-01
19 23 6.446610e-01
19 24 4.258360e-01
19 25 2.333180e-01
19 26 1.004360e-01
19 27 3.173050e-02
19 28 6.754350e-03
19 29 8.705010e-04
19 30 5.986290e-05
19 31 4.874710e-06
19 32 4.521300e-07
19 33 2.072600e-09
19 34 0.000000e+00
19 35 0.000000e+00
19 36 0.000000e+00
19 37 0.000000e+00
19 38 0.000000e+00
19 39 0.000000e+00
19 40 0.000000e+00
20 1 8.461770e-04
20 2 3.541760e-04
20 3 5.311980e-04
20 4 7.400530e-04
20 5 1.086270e-03
20 6 1.589820e-03
20 7 2.334160e-03
20 8 3.474360e-03
20 9 5.190510e-03
20 10 7.910760e-03
20 11 1.216120e-02
20 12 1.900150e-02
20 13 3.015180e-02
20 14 4.879630e-02
20 15 8.037400e-02
20 16 1.351880e-01
20 17 2.303410e-01
20 18 3.975210e-01
20 19 6.927950e-01
20 20 1.088100e+00
20 21 1.140910e+00
20 22 1.009590e+00
20 23 8.044470e-01
20 24 5.588290e-01
20 25 3.248610e-01
20 26 1.498180e-01
20 27 5.122660e-02
20 28 1.192650e-02
20 29 1.698710e-03
20 30 1.296350e-04
20 31 5.786910e-06
20 32 2.345960e-07
20 33 5.050050e-09
20 34 0.000000e+00
20 35 0.000000e+00
20 36 0.000000e+00
20 37 0.000000e+00
20 38 0.000000e+00
20 39 0.000000e+00
20 40 0.000000e+00
21 1 4.276580e-04
21 2 1.797920e-04
21 3 2.702920e-04
21 4 3.776490e-04
21 5 5.563220e-04
21 6 8.177200e-04
21 7 1.206770e-03
21 8 1.807480e-03
21 9 2.720360e-03
21 10 4.182470e-03
21 11 6.495560e-03
21 12 1.026720e-02
21 13 1.650460e-02
21 14 2.710440e-02
21 15 4.520880e-02
21 16 7.695100e-02
21 17 1.331880e-01
21 18 2.343130e-01
21 19 4.176200e-01
21 20 7.528810e-01
21 21 1.203450e+00
21 22 1.223220e+00
21 23 1.019380e+00
21 24 7.476690e-01
21 25 4.635990e-01
21 26 2.306740e-01
21 27 8.618550e-02
21 28 2.222460e-02
21 29 3.557030e-03
21 30 3.095910e-04
21 31 1.306040e-05
21 32 4.153470e-07
21 33 1.431630e-08
21 34 0.000000e+00
21 35 0.000000e+00
21 36 0.000000e+00
21 37 0.000000e+00
21 38 0.000000e+00
21 39 0.000000e+00
21 40 0.000000e+00
22 1 1.839920e-04
22 2 7.834200e-05
22 3 1.181170e-04
22 4 1.656090e-04
22 5 2.450020e-04
22 6 3.620430e-04
22 7 5.377710e-04
22 8 8.117850e-04
22 9 1.233200e-03
22 10 1.917200e-03
22 11 3.016900e-03
22 12 4.842840e-03
22 13 7.923950e-03
22 14 1.326510e-02
22 15 2.258670e-02
22 16 3.933700e-02
22 17 6.987720e-02
22 18 1.265150e-01
22 19 2.326860e-01
22 20 4.340090e-01
22 21 8.151800e-01
22 22 1.332710e+00
22 23 1.305330e+00
22 24 1.013700e+00
22 25 6.736890e-01
22 26 3.641880e-01
22 27 1.500960e-01
22 28 4.342200e-02
22 29 7.940790e-03
22 30 8.050990e-04
22 31 3.926850e-05
22 32 1.248300e-06
22 33 4.559120e-08
22 34 0.000000e+00
22 35 0.000000e+00
22 36 0.000000e+00
22 37 0.000000e+00
22 38 0.000000e+00
22 39 0.000000e+00
22 40 0.000000e+00
23 1 6.572580e-05
23 2 2.881620e-05
23 3 4.354480e-05
23 4 6.122840e-05
23 5 9.090730e-05
23 6 1.349480e-04
23 7 2.016060e-04
23 8 3.065690e-04
23 9 4.700640e-04
23 10 7.394170e-04
23 11 1.180810e-03
23 12 1.930470e-03
23 13 3.231680e-03
23 14 5.562490e-03
23 15 9.773650e-03
23 16 1.759080e-02
23 17 3.230480e-02
23 18 6.059090e-02
23 19 1.159100e-01
23 20 2.258270e-01
23 21 4.445590e-01
23 22 8.788020e-01
23 23 1.475350e+00
23 24 1.384900e+00
23 25 9.897090e-01
23 26 5.844610e-01
23 27 2.679060e-01
23 28 8.796700e-02
23 29 1.868850e-02
23 30 2.259670e-03
23 31 1.329840e-04
23 32 4.407470e-06
23 33 1.638950e-07
23 34 0.000000e+00
23 35 0.000000e+00
23 36 0.000000e+00
23 37 0.000000e+00
23 38 0.000000e+00
23 39 0.000000e+00
23 40 0.000000e+00
24 1 1.966950e-05
24 2 9.038440e-06
24 3 1.371360e-05
24 4 1.937650e-05
24 5 2.893740e-05
24 6 4.326340e-05
24 7 6.519410e-05
24 8 1.001670e-04
24 9 1.554850e-04
24 10 2.481450e-04
24 11 4.030360e-04
24 12 6.719640e-04
24 13 1.150850e-03
24 14 2.035920e-03
24 15 3.695320e-03
24 16 6.892390e-03
24 17 1.314100e-02
24 18 2.562110e-02
24 19 5.106100e-02
24 20 1.041960e-01
24 21 2.160200e-01
24 22 4.518390e-01
24 23 9.433730e-01
24 24 1.626890e+00
24 25 1.455690e+00
24 26 9.451450e-01
24 27 4.858450e-01
24 28 1.828120e-01
24 29 4.556280e-02
24 30 6.628170e-03
24 31 4.801370e-04
24 32 1.581070e-05
24 33 5.849150e-07
24 34 0.000000e+00
24 35 0.000000e+00
24 36 0.000000e+00
24 37 0.000000e+00
24 38 0.000000e+00
24 39 0.000000e+00
24 40 0.000000e+00
25 1 4.324730e-06
25 2 2.199130e-06
25 3 3.378850e-06
25 4 4.811160e-06
25 5 7.238670e-06
25 6 1.091420e-05
25 7 1.661230e-05
25 8 2.583310e-05
25 9 4.068130e-05
25 10 6.605000e-05
25 11 1.095000e-04
25 12 1.870380e-04
25 13 3.295370e-04
25 14 6.027840e-04
25 15 1.139940e-03
25 16 2.229680e-03
25 17 4.451980e-03
25 18 9.087460e-03
25 19 1.900260e-02
25 20 4.089060e-02
25 21 9.008110e-02
25 22 2.015620e-01
25 23 4.527030e-01
25 24 1.007300e+00
25 25 1.790930e+00
25 26 1.516650e+00
25 27 8.801900e-01
25 28 3.835670e-01
25 29 1.138030e-01
25 30 2.030530e-02
25 31 1.862930e-03
25 32 7.301830e-05
25 33 2.231080e-06
25 34 1.311370e-08
25 35 0.000000e+00
25 36 0.000000e+00
25 37 0.000000e+00
25 38 0.000000e+00
25 39 0.000000e+00
25 40 0.000000e+00
26 1 5.992890e-07
26 2 3.430680e-07
26 3 5.678990e-07
26 4 8.683870e-07
26 5 1.374700e-06
26 6 2.133440e-06
26 7 3.281820e-06
26 8 5.080610e-06
26 9 7.906250e-06
26 10 1.271260e-05
26 11 2.096610e-05
26 12 3.589400e-05
26 13 6.410520e-05
26 14 1.207250e-04
26 15 2.397730e-04
26 16 5.066460e-04
26 17 1.126550e-03
26 18 2.542990e-03
26 19 5.757990e-03
26 20 1.317600e-02
26 21 3.065080e-02
26 22 7.321340e-02
26 23 1.792680e-01
26 24 4.411460e-01
26 25 1.067060e+00
26 26 1.975510e+00
26 27 1.567650e+00
26 28 7.938500e-01
26 29 2.835500e-01
26 30 6.354460e-02
26 31 7.709190e-03
26 32 4.203410e-04
26 33 9.608600e-06
26 34 1.620780e-07
26 35 0.000000e+00
26 36 0.000000e+00
26 37 0.000000e+00
26 38 0.000000e+00
26 39 0.000000e+00
26 40 0.000000e+00
27 1 8.190140e-08
27 2 4.688330e-08
27 3 7.756800e-08
27 4 1.186580e-07
27 5 1.901280e-07
27 6 3.020390e-07
27 7 4.795440e-07
27 8 7.795660e-07
27 9 1.261520e-06
27 10 2.054850e-06
27 11 3.440480e-06
27 12 5.997330e-06
27 13 1.095710e-05
27 14 2.119110e-05
27 15 4.327780e-05
27 16 9.417700e-05
27 17 2.182780e-04
27 18 5.309290e-04
27 19 1.315820e-03
27 20 3.303550e-03
27 21 8.411510e-03
27 22 2.186520e-02
27 23 5.830360e-02
27 24 1.585490e-01
27 25 4.292940e-01
27 26 1.126200e+00
27 27 2.158650e+00
27 28 1.597350e+00
27 29 6.946620e-01
27 30 1.965110e-01
27 31 3.121940e-02
27 32 2.317790e-03
27 33 6.472480e-05
27 34 8.724410e-07
27 35 0.000000e+00
27 36 0.000000e+00
27 37 0.000000e+00
27 38 0.000000e+00
27 39 0.000000e+00
27 40 0.000000e+00
28 1 1.725330e-08
28 2 9.876430e-09
28 3 1.634050e-08
28 4 2.499650e-08
28 5 4.005240e-08
28 6 6.362730e-08
28 7 1.006300e-07
28 8 1.599270e-07
28 9 2.524260e-07
28 10 4.016260e-07
28 11 6.358400e-07
28 12 1.008380e-06
28 13 1.612530e-06
28 14 2.707730e-06
28 15 5.064850e-06
28 16 1.087560e-05
28 17 2.625740e-05
28 18 7.048450e-05
28 19 2.035070e-04
28 20 5.963100e-04
28 21 1.737750e-03
28 22 4.966510e-03
28 23 1.432570e-02
28 24 4.314060e-02
28 25 1.331720e-01
28 26 4.061880e-01
28 27 1.179350e+00
28 28 2.358670e+00
28 29 1.607870e+00
28 30 5.835050e-01
28 31 1.250100e-01
28 32 1.320260e-02
28 33 5.509980e-04
28 34 8.122560e-06
28 35 3.996970e-07
28 36 0.000000e+00
28 37 0.000000e+00
28 38 0.000000e+00
28 39 0.000000e+00
28 40 0.000000e+00
29 1 4.773280e-09
29 2 2.732400e-09
29 3 4.520730e-09
29 4 6.915490e-09
29 5 1.108080e-08
29 6 1.760310e-08
29 7 2.784020e-08
29 8 4.424520e-08
29 9 6.983580e-08
29 10 1.111130e-07
29 11 1.759110e-07
29 12 2.787550e-07
29 13 4.413090e-07
29 14 7.005740e-07
29 15 1.108870e-06
29 16 1.765370e-06
29 17 2.989690e-06
29 18 6.092200e-06
29 19 1.673350e-05
29 20 5.965710e-05
29 21 2.389250e-04
29 22 8.848700e-04
29 23 2.864930e-03
29 24 9.137090e-03
29 25 3.041440e-02
29 26 1.062270e-01
29 27 3.715010e-01
29 28 1.221730e+00
29 29 2.577300e+00
29 30 1.594400e+00
29 31 4.668280e-01
29 32 7.237370e-02
29 33 4.769650e-03
29 34 1.011020e-04
29 35 1.718470e-06
29 36 1.656700e-07
29 37 0.000000e+00
29 38 0.000000e+00
29 39 0.000000e+00
29 40 0.000000e+00
30 1 1.531760e-09
30 2 8.768300e-10
30 3 1.450710e-09
30 4 2.219190e-09
30 5 3.555860e-09
30 6 5.648850e-09
30 7 8.933980e-09
30 8 1.419840e-08
30 9 2.241050e-08
30 10 3.565640e-08
30 11 5.645000e-08
30 12 8.945310e-08
30 13 1.416170e-07
30 14 2.248160e-07
30 15 3.558370e-07
30 16 5.644830e-07
30 17 8.987610e-07
30 18 1.473910e-06
30 19 2.719520e-06
30 20 7.087900e-06
30 21 2.502710e-05
30 22 8.950230e-05
30 23 3.192940e-04
30 24 1.180560e-03
30 25 4.634920e-03
30 26 1.928210e-02
30 27 8.218900e-02
30 28 3.382160e-01
30 29 1.259800e+00
30 30 2.788410e+00
30 31 1.559620e+00
30 32 3.568100e-01
30 33 3.731310e-02
30 34 1.367530e-03
30 35 1.428310e-05
30 36 6.819600e-08
30 37 0.000000e+00
30 38 0.000000e+00
30 39 0.000000e+00
30 40 0.000000e+00
31 1 3.360100e-10
31 2 1.923400e-10
31 3 3.182300e-10
31 4 4.868000e-10
31 5 7.800100e-10
31 6 1.239130e-09
31 7 1.959750e-09
31 8 3.114540e-09
31 9 4.915950e-09
31 10 7.821580e-09
31 11 1.238290e-08
31 12 1.962240e-08
31 13 3.106500e-08
31 14 4.931540e-08
31 15 7.805620e-08
31 16 1.238140e-07
31 17 1.962310e-07
31 18 3.110300e-07
31 19 4.926140e-07
31 20 7.872640e-07
31 21 1.395630e-06
31 22 3.910950e-06
31 23 1.639620e-05
31 24 8.147120e-05
31 25 4.293890e-04
31 26 2.141710e-03
31 27 1.109270e-02
31 28 5.878910e-02
31 29 2.952620e-01
31 30 1.288700e+00
31 31 3.011830e+00
31 32 1.497760e+00
31 33 2.575590e-01
31 34 1.688540e-02
31 35 3.006530e-04
31 36 1.337450e-06
31 37 7.087770e-09
31 38 0.000000e+00
31 39 0.000000e+00
31 40 0.000000e+00
32 1 1.527800e-10
32 2 8.745500e-11
32 3 1.446900e-10
32 4 2.213400e-10
32 5 3.546600e-10
32 6 5.634200e-10
32 7 8.910800e-10
32 8 1.416150e-09
32 9 2.235220e-09
32 10 3.556380e-09
32 11 5.630340e-09
32 12 8.922070e-09
32 13 1.412490e-08
32 14 2.242320e-08
32 15 3.549120e-08
32 16 5.629670e-08
32 17 8.922400e-08
32 18 1.414220e-07
32 19 2.239810e-07
32 20 3.551800e-07
32 21 5.627920e-07
32 22 8.929070e-07
32 23 1.516930e-06
32 24 4.458680e-06
32 25 2.514160e-05
32 26 1.428440e-04
32 27 8.638450e-04
32 28 5.732250e-03
32 29 3.922300e-02
32 30 2.488650e-01
32 31 1.303680e+00
32 32 3.241740e+00
32 33 1.413260e+00
32 34 1.740700e-01
32 35 6.557970e-03
32 36 4.970850e-05
32 37 1.369210e-07
32 38 0.000000e+00
32 39 0.000000e+00
32 40 0.000000e+00
33 1 9.981300e-11
33 2 5.713600e-11
33 3 9.453100e-11
33 4 1.446100e-10
33 5 2.317100e-10
33 6 3.680900e-10
33 7 5.821600e-10
33 8 9.252000e-10
33 9 1.460310e-09
33 10 2.323450e-09
33 11 3.678410e-09
33 12 5.828960e-09
33 13 9.228070e-09
33 14 1.464950e-08
33 15 2.318710e-08
33 16 3.677970e-08
33 17 5.829180e-08
33 18 9.239360e-08
33 19 1.463310e-07
33 20 2.320460e-07
33 21 3.676830e-07
33 22 5.828550e-07
33 23 9.237670e-07
33 24 1.464970e-06
33 25 2.531470e-06
33 26 6.941650e-06
33 27 3.579410e-05
33 28 2.786880e-04
33 29 2.557860e-03
33 30 2.408040e-02
33 31 2.021410e-01
33 32 1.305580e+00
33 33 3.472800e+00
33 34 1.309710e+00
33 35 1.093680e-01
33 36 2.129750e-03
33 37 6.552060e-06
33 38 3.480440e-08
33 39 0.000000e+00
33 40 0.000000e+00
34 1 4.874900e-11
34 2 2.790600e-11
34 3 4.617000e-11
34 4 7.062700e-11
34 5 1.131700e-10
34 6 1.797800e-10
34 7 2.843300e-10
34 8 4.518700e-10
34 9 7.132200e-10
34 10 1.134780e-09
34 11 1.796550e-09
34 12 2.846890e-09
34 13 4.507020e-09
34 14 7.154860e-09
34 15 1.132470e-08
34 16 1.796340e-08
34 17 2.846990e-08
34 18 4.512540e-08
34 19 7.146860e-08
34 20 1.133320e-07
34 21 1.795780e-07
34 22 2.846690e-07
34 23 4.511670e-07
34 24 7.149580e-07
34 25 1.132290e-06
34 26 1.793590e-06
34 27 3.039930e-06
34 28 8.586940e-06
34 29 6.851320e-05
34 30 9.409710e-04
34 31 1.329860e-02
34 32 1.570900e-01
34 33 1.295430e+00
34 34 3.701750e+00
34 35 1.191780e+00
34 36 6.343120e-02
34 37 5.509030e-04
34 38 1.802380e-06
34 39 0.000000e+00
34 40 0.000000e+00
35 1 2.379700e-11
35 2 1.362200e-11
35 3 2.253800e-11
35 4 3.447700e-11
35 5 5.524300e-11
35 6 8.776000e-11
35 7 1.388000e-10
35 8 2.205800e-10
35 9 3.481600e-10
35 10 5.539500e-10
35 11 8.770000e-10
35 12 1.389730e-09
35 13 2.200130e-09
35 14 3.492690e-09
35 15 5.528210e-09
35 16 8.768930e-09
35 17 1.389780e-08
35 18 2.202830e-08
35 19 3.488790e-08
35 20 5.532370e-08
35 21 8.766200e-08
35 22 1.389630e-07
35 23 2.202400e-07
35 24 3.490140e-07
35 25 5.537410e-07
35 26 8.819120e-07
35 27 1.408470e-06
35 28 2.247660e-06
35 29 3.718030e-06
35 30 1.117980e-05
35 31 2.386220e-04
35 32 6.314550e-03
35 33 1.164650e-01
35 34 1.273230e+00
35 35 3.925310e+00
35 36 1.065720e+00
35 37 3.352570e-02
35 38 1.118840e-04
35 39 5.889380e-08
35 40 0.000000e+00
36 1 1.432900e-11
36 2 8.202500e-12
36 3 1.357100e-11
36 4 2.076000e-11
36 5 3.326400e-11
36 6 5.284400e-11
36 7 8.357500e-11
36 8 1.328200e-10
36 9 2.096400e-10
36 10 3.335600e-10
36 11 5.280800e-10
36 12 8.368100e-10
36 13 1.324790e-09
36 14 2.103090e-09
36 15 3.328760e-09
36 16 5.280130e-09
36 17 8.368420e-09
36 18 1.326410e-08
36 19 2.100740e-08
36 20 3.331270e-08
36 21 5.278480e-08
36 22 8.367520e-08
36 23 1.326160e-07
36 24 2.101560e-07
36 25 3.330930e-07
36 26 5.282000e-07
36 27 8.406850e-07
36 28 1.347290e-06
36 29 2.169160e-06
36 30 3.489720e-06
36 31 5.787120e-06
36 32 6.022290e-05
36 33 2.756860e-03
36 34 8.200330e-02
36 35 1.237310e+00
36 36 4.143570e+00
36 37 9.362870e-01
36 38 1.603760e-02
36 39 1.852290e-05
36 40 0.000000e+00
37 1 1.129900e-11
37 2 6.467800e-12
37 3 1.070100e-11
37 4 1.637000e-11
37 5 2.622900e-11
37 6 4.166800e-11
37 7 6.590000e-11
37 8 1.047300e-10
37 9 1.653100e-10
37 10 2.630200e-10
37 11 4.164000e-10
37 12 6.598400e-10
37 13 1.044620e-09
37 14 1.658320e-09
37 15 2.624790e-09
37 16 4.163480e-09
37 17 6.598640e-09
37 18 1.045900e-08
37 19 1.656470e-08
37 20 2.626760e-08
37 21 4.162180e-08
37 22 6.597940e-08
37 23 1.045700e-07
37 24 1.657120e-07
37 25 2.626500e-07
37 26 4.162690e-07
37 27 6.596290e-07
37 28 1.043530e-06
37 29 1.644170e-06
37 30 2.577660e-06
37 31 4.025130e-06
37 32 6.281620e-06
37 33 1.901020e-05
37 34 1.067020e-03
37 35 5.474120e-02
37 36 1.191780e+00
37 37 4.350920e+00
37 38 8.103530e-01
37 39 6.832350e-03
37 40 3.742890e-06
38 1 5.771200e-12
38 2 3.303600e-12
38 3 5.465800e-12
38 4 8.361200e-12
38 5 1.339700e-11
38 6 2.128300e-11
38 7 3.366000e-11
38 8 5.349500e-11
38 9 8.443600e-11
38 10 1.343400e-10
38 11 2.126900e-10
38 12 3.370300e-10
38 13 5.335700e-10
38 14 8.470300e-10
38 15 1.340680e-09
38 16 2.126610e-09
38 17 3.370440e-09
38 18 5.342210e-09
38 19 8.460870e-09
38 20 1.341690e-08
38 21 2.125940e-08
38 22 3.370070e-08
38 23 5.341180e-08
38 24 8.464160e-08
38 25 1.341550e-07
38 26 2.126210e-07
38 27 3.369780e-07
38 28 5.346060e-07
38 29 8.539000e-07
38 30 1.383670e-06
38 31 2.281750e-06
38 32 3.811260e-06
38 33 6.370890e-06
38 34 1.184060e-05
38 35 3.640740e-04
38 36 3.453590e-02
38 37 1.139420e+00
38 38 4.544060e+00
38 39 6.928930e-01
38 40 2.524490e-03
39 1 2.493600e-12
39 2 1.427400e-12
39 3 2.361700e-12
39 4 3.612700e-12
39 5 5.788800e-12
39 6 9.196000e-12
39 7 1.454400e-11
39 8 2.311400e-11
39 9 3.648300e-11
39 10 5.804700e-11
39 11 9.189800e-11
39 12 1.456300e-10
39 13 2.305500e-10
39 14 3.659900e-10
39 15 5.792800e-10
39 16 9.188700e-10
39 17 1.456310e-09
39 18 2.308270e-09
39 19 3.655790e-09
39 20 5.797200e-09
39 21 9.185820e-09
39 22 1.456150e-08
39 23 2.307830e-08
39 24 3.657210e-08
39 25 5.796610e-08
39 26 9.186960e-08
39 27 1.456020e-07
39 28 2.307640e-07
39 29 3.656440e-07
39 30 5.783000e-07
39 31 9.107760e-07
39 32 1.426130e-06
39 33 2.221820e-06
39 34 3.455500e-06
39 35 5.475990e-06
39 36 1.074120e-04
39 37 2.039330e-02
39 38 1.083810e+00
39 39 4.720610e+00
39 40 5.872000e-01
40 1 2.281500e-12
40 2 1.306000e-12
40 3 2.160800e-12
40 4 3.305400e-12
40 5 5.296300e-12
40 6 8.413700e-12
40 7 1.330700e-11
40 8 2.114800e-11
40 9 3.337900e-11
40 10 5.310800e-11
40 11 8.407900e-11
40 12 1.332400e-10
40 13 2.109300e-10
40 14 3.348500e-10
40 15 5.300000e-10
40 16 8.406900e-10
40 17 1.332410e-09
40 18 2.111890e-09
40 19 3.344770e-09
40 20 5.303990e-09
40 21 8.404320e-09
40 22 1.332260e-08
40 23 2.111490e-08
40 24 3.346070e-08
40 25 5.303450e-08
40 26 8.405360e-08
40 27 1.332150e-07
40 28 2.111310e-07
40 29 3.346180e-07
40 30 5.303720e-07
40 31 8.414790e-07
40 32 1.337750e-06
40 33 2.132740e-06
40 34 3.407290e-06
40 35 5.442630e-06
40 36 8.681400e-06
40 37 3.136560e-05
40 38 1.101420e-02
40 39 1.027430e+00
40 40 5.372240e+00
