1 2.930380e+00
2 2.614520e+00
3 2.328930e+00
4 2.074670e+00
5 1.850180e+00
6 1.649040e+00
7 1.469660e+00
8 1.309370e+00
9 1.167360e+00
10 1.040190e+00
11 9.268400e-01
12 8.262630e-01
13 7.362350e-01
14 6.562050e-01
15 5.846660e-01
16 5.211170e-01
17 4.644230e-01
18 4.137940e-01
19 3.689380e-01
20 3.287780e-01
21 2.930210e-01
22 2.612710e-01
23 2.328110e-01
24 2.074200e-01
25 1.847980e-01
26 1.647970e-01
27 1.469010e-01
28 1.308370e-01
29 1.166610e-01
30 1.040430e-01
31 9.288600e-02
32 8.267100e-02
33 7.370080e-02
34 6.577340e-02
35 5.863230e-02
36 5.225880e-02
37 4.668890e-02
38 4.172460e-02
39 3.709630e-02
40 3.303130e-02
