1 2.929590e+00
2 2.613800e+00
3 2.328270e+00
4 2.074080e+00
5 1.849660e+00
6 1.648610e+00
7 1.469320e+00
8 1.309150e+00
9 1.167280e+00
10 1.040260e+00
11 9.270590e-01
12 8.266020e-01
13 7.366190e-01
14 6.565210e-01
15 5.848040e-01
16 5.210450e-01
17 4.642310e-01
18 4.136480e-01
19 3.689460e-01
20 3.288420e-01
21 2.929710e-01
22 2.612400e-01
23 2.329070e-01
24 2.074500e-01
25 1.847420e-01
26 1.647440e-01
27 1.469860e-01
28 1.312030e-01
29 1.168140e-01
30 1.045340e-01
31 9.285640e-02
32 8.265610e-02
33 7.398360e-02
34 6.600940e-02
35 5.864280e-02
36 5.229050e-02
37 4.680030e-02
38 4.176570e-02
39 3.712160e-02
40 3.298370e-02
