1 1 3.850950e-01
1 2 1.426080e-01
1 3 1.909670e-01
1 4 2.309820e-01
1 5 2.914140e-01
1 6 3.628910e-01
1 7 4.484450e-01
1 8 5.544800e-01
1 9 6.774780e-01
1 10 8.287840e-01
1 11 1.000090e+00
1 12 1.195470e+00
1 13 1.408870e+00
1 14 1.637000e+00
1 15 1.856830e+00
1 16 2.055730e+00
1 17 2.199380e+00
1 18 2.256550e+00
1 19 2.194420e+00
1 20 1.999630e+00
1 21 1.675200e+00
1 22 1.265030e+00
1 23 8.380150e-01
1 24 4.712180e-01
1 25 2.159360e-01
1 26 7.663210e-02
1 27 1.977550e-02
1 28 3.433130e-03
1 29 3.641730e-04
1 30 2.266710e-05
1 31 8.025250e-07
1 32 0.000000e+00
1 33 0.000000e+00
1 34 0.000000e+00
1 35 0.000000e+00
1 36 0.000000e+00
1 37 0.000000e+00
1 38 0.000000e+00
1 39 0.000000e+00
1 40 0.000000e+00
2 1 3.093540e-01
2 2 1.221900e-01
2 3 1.680920e-01
2 4 2.067200e-01
2 5 2.613450e-01
2 6 3.254630e-01
2 7 4.022130e-01
2 8 4.973480e-01
2 9 6.077280e-01
2 10 7.435160e-01
2 11 8.973420e-01
2 12 1.072800e+00
2 13 1.264610e+00
2 14 1.469770e+00
2 15 1.667670e+00
2 16 1.847050e+00
2 17 1.977120e+00
2 18 2.029820e+00
2 19 1.975550e+00
2 20 1.802050e+00
2 21 1.511610e+00
2 22 1.143260e+00
2 23 7.588570e-01
2 24 4.277600e-01
2 25 1.966190e-01
2 26 7.003790e-02
2 27 1.815700e-02
2 28 3.170100e-03
2 29 3.385840e-04
2 30 2.123740e-05
2 31 7.587970e-07
2 32 0.000000e+00
2 33 0.000000e+00
2 34 0.000000e+00
2 35 0.000000e+00
2 36 0.000000e+00
2 37 0.000000e+00
2 38 0.000000e+00
2 39 0.000000e+00
2 40 0.000000e+00
3 1 2.450750e-01
3 2 1.013840e-01
3 3 1.439870e-01
3 4 1.826070e-01
3 5 2.340850e-01
3 6 2.918270e-01
3 7 3.606740e-01
3 8 4.460200e-01
3 9 5.450620e-01
3 10 6.669350e-01
3 11 8.050580e-01
3 12 9.626510e-01
3 13 1.135120e+00
3 14 1.319680e+00
3 15 1.497980e+00
3 16 1.659950e+00
3 17 1.777980e+00
3 18 1.826870e+00
3 19 1.779840e+00
3 20 1.625610e+00
3 21 1.365810e+00
3 22 1.035000e+00
3 23 6.886950e-01
3 24 3.894080e-01
3 25 1.796700e-01
3 26 6.429870e-02
3 27 1.676460e-02
3 28 2.947520e-03
3 29 3.174840e-04
3 30 2.010280e-05
3 31 7.264350e-07
3 32 0.000000e+00
3 33 0.000000e+00
3 34 0.000000e+00
3 35 0.000000e+00
3 36 0.000000e+00
3 37 0.000000e+00
3 38 0.000000e+00
3 39 0.000000e+00
3 40 0.000000e+00
4 1 1.898890e-01
4 2 8.092630e-02
4 3 1.190570e-01
4 4 1.569080e-01
4 5 2.078480e-01
4 6 2.619920e-01
4 7 3.239760e-01
4 8 4.006800e-01
4 9 4.897170e-01
4 10 5.993180e-01
4 11 7.235730e-01
4 12 8.654630e-01
4 13 1.020850e+00
4 14 1.187330e+00
4 15 1.348440e+00
4 16 1.495160e+00
4 17 1.602770e+00
4 18 1.648530e+00
4 19 1.608130e+00
4 20 1.471080e+00
4 21 1.238460e+00
4 22 9.407970e-01
4 23 6.279160e-01
4 24 3.563930e-01
4 25 1.652080e-01
4 26 5.946120e-02
4 27 1.561230e-02
4 28 2.768230e-03
4 29 3.012370e-04
4 30 1.929070e-05
4 31 7.066780e-07
4 32 0.000000e+00
4 33 0.000000e+00
4 34 0.000000e+00
4 35 0.000000e+00
4 36 0.000000e+00
4 37 0.000000e+00
4 38 0.000000e+00
4 39 0.000000e+00
4 40 0.000000e+00
5 1 1.515170e-01
5 2 6.400670e-02
5 3 9.534650e-02
5 4 1.297750e-01
5 5 1.794120e-01
5 6 2.340690e-01
5 7 2.918250e-01
5 8 3.610340e-01
5 9 4.413310e-01
5 10 5.402100e-01
5 11 6.523830e-01
5 12 7.805700e-01
5 13 9.210570e-01
5 14 1.071840e+00
5 15 1.218050e+00
5 16 1.351620e+00
5 17 1.450300e+00
5 18 1.493610e+00
5 19 1.459270e+00
5 20 1.337480e+00
5 21 1.128720e+00
5 22 8.600280e-01
5 23 5.761230e-01
5 24 3.285070e-01
5 25 1.531430e-01
5 26 5.549840e-02
5 27 1.469440e-02
5 28 2.631770e-03
5 29 2.898630e-04
5 30 1.881020e-05
5 31 7.000990e-07
5 32 0.000000e+00
5 33 0.000000e+00
5 34 0.000000e+00
5 35 0.000000e+00
5 36 0.000000e+00
5 37 0.000000e+00
5 38 0.000000e+00
5 39 0.000000e+00
5 40 0.000000e+00
6 1 1.188580e-01
6 2 4.996950e-02
6 3 7.464130e-02
6 4 1.029870e-01
6 5 1.476470e-01
6 6 2.027180e-01
6 7 2.619010e-01
6 8 3.259470e-01
6 9 3.985460e-01
6 10 4.879650e-01
6 11 5.894760e-01
6 12 7.055550e-01
6 13 8.329800e-01
6 14 9.699790e-01
6 15 1.103160e+00
6 16 1.225290e+00
6 17 1.316340e+00
6 18 1.357770e+00
6 19 1.329090e+00
6 20 1.221110e+00
6 21 1.033550e+00
6 22 7.904820e-01
6 23 5.319350e-01
6 24 3.050280e-01
6 25 1.431820e-01
6 26 5.232450e-02
6 27 1.399530e-02
6 28 2.537160e-03
6 29 2.835150e-04
6 30 1.869270e-05
6 31 7.089580e-07
6 32 0.000000e+00
6 33 0.000000e+00
6 34 0.000000e+00
6 35 0.000000e+00
6 36 0.000000e+00
6 37 0.000000e+00
6 38 0.000000e+00
6 39 0.000000e+00
6 40 0.000000e+00
7 1 9.002010e-02
7 2 3.774970e-02
7 3 5.706810e-02
7 4 7.954410e-02
7 5 1.158080e-01
7 6 1.658160e-01
7 7 2.278400e-01
7 8 2.940160e-01
7 9 3.610460e-01
7 10 4.421890e-01
7 11 5.343860e-01
7 12 6.397910e-01
7 13 7.559650e-01
7 14 8.809640e-01
7 15 1.002910e+00
7 16 1.115250e+00
7 17 1.199860e+00
7 18 1.240000e+00
7 19 1.216640e+00
7 20 1.121070e+00
7 21 9.523060e-01
7 22 7.316170e-01
7 23 4.950560e-01
7 24 2.858160e-01
7 25 1.352810e-01
7 26 4.993760e-02
7 27 1.351970e-02
7 28 2.486640e-03
7 29 2.826980e-04
7 30 1.899000e-05
7 31 7.363720e-07
7 32 0.000000e+00
7 33 0.000000e+00
7 34 0.000000e+00
7 35 0.000000e+00
7 36 0.000000e+00
7 37 0.000000e+00
7 38 0.000000e+00
7 39 0.000000e+00
7 40 0.000000e+00
8 1 6.911310e-02
8 2 2.900370e-02
8 3 4.389020e-02
8 4 6.135600e-02
8 5 8.957090e-02
8 6 1.293690e-01
8 7 1.852810e-01
8 8 2.569520e-01
8 9 3.273740e-01
8 10 4.021490e-01
8 11 4.862270e-01
8 12 5.825110e-01
8 13 6.887000e-01
8 14 8.034010e-01
8 15 9.157010e-01
8 16 1.019750e+00
8 17 1.099070e+00
8 18 1.138430e+00
8 19 1.120210e+00
8 20 1.035870e+00
8 21 8.838280e-01
8 22 6.826720e-01
8 23 4.650320e-01
8 24 2.706840e-01
8 25 1.293970e-01
8 26 4.834130e-02
8 27 1.327650e-02
8 28 2.483890e-03
8 29 2.881350e-04
8 30 1.977770e-05
8 31 7.871740e-07
8 32 0.000000e+00
8 33 0.000000e+00
8 34 0.000000e+00
8 35 0.000000e+00
8 36 0.000000e+00
8 37 0.000000e+00
8 38 0.000000e+00
8 39 0.000000e+00
8 40 0.000000e+00
9 1 5.526440e-02
9 2 2.271600e-02
9 3 3.380330e-02
9 4 4.692860e-02
9 5 6.880410e-02
9 6 9.983100e-02
9 7 1.439760e-01
9 8 2.082290e-01
9 9 2.880210e-01
9 10 3.669630e-01
9 11 4.446430e-01
9 12 5.331840e-01
9 13 6.308690e-01
9 14 7.367680e-01
9 15 8.409510e-01
9 16 9.382080e-01
9 17 1.013410e+00
9 18 1.052550e+00
9 19 1.039390e+00
9 20 9.652780e-01
9 21 8.280040e-01
9 22 6.437400e-01
9 23 4.420440e-01
9 24 2.598180e-01
9 25 1.256760e-01
9 26 4.761740e-02
9 27 1.329820e-02
9 28 2.537360e-03
9 29 3.011680e-04
9 30 2.117790e-05
9 31 8.681140e-07
9 32 0.000000e+00
9 33 0.000000e+00
9 34 0.000000e+00
9 35 0.000000e+00
9 36 0.000000e+00
9 37 0.000000e+00
9 38 0.000000e+00
9 39 0.000000e+00
9 40 0.000000e+00
10 1 4.199770e-02
10 2 1.724790e-02
10 3 2.578450e-02
10 4 3.588440e-02
10 5 5.259210e-02
10 6 7.643560e-02
10 7 1.104520e-01
10 8 1.604780e-01
10 9 2.317070e-01
10 10 3.247330e-01
10 11 4.083890e-01
10 12 4.906120e-01
10 13 5.811240e-01
10 14 6.795850e-01
10 15 7.770730e-01
10 16 8.688220e-01
10 17 9.409460e-01
10 18 9.804680e-01
10 19 9.723000e-01
10 20 9.076180e-01
10 21 7.834830e-01
10 22 6.138640e-01
10 23 4.255360e-01
10 24 2.529970e-01
10 25 1.240820e-01
10 26 4.779470e-02
10 27 1.361020e-02
10 28 2.656940e-03
10 29 3.238360e-04
10 30 2.341680e-05
10 31 9.937430e-07
10 32 0.000000e+00
10 33 0.000000e+00
10 34 0.000000e+00
10 35 0.000000e+00
10 36 0.000000e+00
10 37 0.000000e+00
10 38 0.000000e+00
10 39 0.000000e+00
10 40 0.000000e+00
11 1 3.117090e-02
11 2 1.280770e-02
11 3 1.910930e-02
11 4 2.654500e-02
11 5 3.895340e-02
11 6 5.703190e-02
11 7 8.313830e-02
11 8 1.215220e-01
11 9 1.765970e-01
11 10 2.591300e-01
11 11 3.639220e-01
11 12 4.544440e-01
11 13 5.392940e-01
11 14 6.316300e-01
11 15 7.237780e-01
11 16 8.112790e-01
11 17 8.813860e-01
11 18 9.219550e-01
11 19 9.187560e-01
11 20 8.628170e-01
11 21 7.503410e-01
11 22 5.932660e-01
11 23 4.158030e-01
11 24 2.505370e-01
11 25 1.248690e-01
11 26 4.902680e-02
11 27 1.428050e-02
11 28 2.862850e-03
11 29 3.598890e-04
11 30 2.655900e-05
11 31 1.171630e-06
11 32 0.000000e+00
11 33 0.000000e+00
11 34 0.000000e+00
11 35 0.000000e+00
11 36 0.000000e+00
11 37 0.000000e+00
11 38 0.000000e+00
11 39 0.000000e+00
11 40 0.000000e+00
12 1 2.436330e-02
12 2 9.991510e-03
12 3 1.484240e-02
12 4 2.045870e-02
12 5 2.966620e-02
12 6 4.274650e-02
12 7 6.197610e-02
12 8 9.112020e-02
12 9 1.331510e-01
12 10 1.962730e-01
12 11 2.887490e-01
12 12 4.081740e-01
12 13 5.041510e-01
12 14 5.918400e-01
12 15 6.797660e-01
12 16 7.643230e-01
12 17 8.335320e-01
12 18 8.759350e-01
12 19 8.780170e-01
12 20 8.305110e-01
12 21 7.286270e-01
12 22 5.823090e-01
12 23 4.134380e-01
12 24 2.530190e-01
12 25 1.284700e-01
12 26 5.155630e-02
12 27 1.540600e-02
12 28 3.181240e-03
12 29 4.137210e-04
12 30 3.093250e-05
12 31 1.407000e-06
12 32 0.000000e+00
12 33 0.000000e+00
12 34 0.000000e+00
12 35 0.000000e+00
12 36 0.000000e+00
12 37 0.000000e+00
12 38 0.000000e+00
12 39 0.000000e+00
12 40 0.000000e+00
13 1 1.692370e-02
13 2 6.955310e-03
13 3 1.034200e-02
13 4 1.425480e-02
13 5 2.070570e-02
13 6 3.008920e-02
13 7 4.401640e-02
13 8 6.536850e-02
13 9 9.698640e-02
13 10 1.447430e-01
13 11 2.149430e-01
13 12 3.205310e-01
13 13 4.571360e-01
13 14 5.603980e-01
13 15 6.455240e-01
13 16 7.283110e-01
13 17 7.976650e-01
13 18 8.426350e-01
13 19 8.500870e-01
13 20 8.106280e-01
13 21 7.182350e-01
13 22 5.809530e-01
13 23 4.185460e-01
13 24 2.606800e-01
13 25 1.351820e-01
13 26 5.562920e-02
13 27 1.712250e-02
13 28 3.660760e-03
13 29 4.958080e-04
13 30 3.855270e-05
13 31 1.825220e-06
13 32 0.000000e+00
13 33 0.000000e+00
13 34 0.000000e+00
13 35 0.000000e+00
13 36 0.000000e+00
13 37 0.000000e+00
13 38 0.000000e+00
13 39 0.000000e+00
13 40 0.000000e+00
14 1 1.344800e-02
14 2 5.521110e-03
14 3 8.203840e-03
14 4 1.130000e-02
14 5 1.636160e-02
14 6 2.357240e-02
14 7 3.401500e-02
14 8 4.957020e-02
14 9 7.218490e-02
14 10 1.072340e-01
14 11 1.592220e-01
14 12 2.375540e-01
14 13 3.562640e-01
14 14 5.119310e-01
14 15 6.177950e-01
14 16 7.000540e-01
14 17 7.708160e-01
14 18 8.196000e-01
14 19 8.334050e-01
14 20 8.025880e-01
14 21 7.196530e-01
14 22 5.905410e-01
14 23 4.328650e-01
14 24 2.751610e-01
14 25 1.461700e-01
14 26 6.186460e-02
14 27 1.966680e-02
14 28 4.362540e-03
14 29 6.159600e-04
14 30 5.002850e-05
14 31 2.462770e-06
14 32 0.000000e+00
14 33 0.000000e+00
14 34 0.000000e+00
14 35 0.000000e+00
14 36 0.000000e+00
14 37 0.000000e+00
14 38 0.000000e+00
14 39 0.000000e+00
14 40 0.000000e+00
15 1 9.674390e-03
15 2 3.975120e-03
15 3 5.909790e-03
15 4 8.144000e-03
15 5 1.179720e-02
15 6 1.698830e-02
15 7 2.447730e-02
15 8 3.572950e-02
15 9 5.232110e-02
15 10 7.781860e-02
15 11 1.156560e-01
15 12 1.728790e-01
15 13 2.600230e-01
15 14 3.954720e-01
15 15 5.713550e-01
15 16 6.815340e-01
15 17 7.548730e-01
15 18 8.085580e-01
15 19 8.294790e-01
15 20 8.075760e-01
15 21 7.338110e-01
15 22 6.119070e-01
15 23 4.572470e-01
15 24 2.974020e-01
15 25 1.623090e-01
15 26 7.091190e-02
15 27 2.338800e-02
15 28 5.412790e-03
15 29 8.022970e-04
15 30 6.835800e-05
15 31 3.544390e-06
15 32 0.000000e+00
15 33 0.000000e+00
15 34 0.000000e+00
15 35 0.000000e+00
15 36 0.000000e+00
15 37 0.000000e+00
15 38 0.000000e+00
15 39 0.000000e+00
15 40 0.000000e+00
16 1 6.622480e-03
16 2 2.725260e-03
16 3 4.054820e-03
16 4 5.593490e-03
16 5 8.112320e-03
16 6 1.169730e-02
16 7 1.686460e-02
16 8 2.460530e-02
16 9 3.603340e-02
16 10 5.377180e-02
16 11 8.061150e-02
16 12 1.217710e-01
16 13 1.847350e-01
16 14 2.831120e-01
16 15 4.365390e-01
16 16 6.391090e-01
16 17 7.501030e-01
16 18 8.099170e-01
16 19 8.391110e-01
16 20 8.267710e-01
16 21 7.623770e-01
16 22 6.471260e-01
16 23 4.940070e-01
16 24 3.296250e-01
16 25 1.854020e-01
16 26 8.394020e-02
16 27 2.886160e-02
16 28 7.010090e-03
16 29 1.098670e-03
16 30 9.947430e-05
16 31 5.448100e-06
16 32 0.000000e+00
16 33 0.000000e+00
16 34 0.000000e+00
16 35 0.000000e+00
16 36 0.000000e+00
16 37 0.000000e+00
16 38 0.000000e+00
16 39 0.000000e+00
16 40 0.000000e+00
17 1 4.699140e-03
17 2 1.934880e-03
17 3 2.879500e-03
17 4 3.973230e-03
17 5 5.764730e-03
17 6 8.316340e-03
17 7 1.199760e-02
17 8 1.749530e-02
17 9 2.553880e-02
17 10 3.792210e-02
17 11 5.656150e-02
17 12 8.519020e-02
17 13 1.292480e-01
17 14 1.985010e-01
17 15 3.072270e-01
17 16 4.819710e-01
17 17 7.118520e-01
17 18 8.211940e-01
17 19 8.605810e-01
17 20 8.597270e-01
17 21 8.062870e-01
17 22 6.984630e-01
17 23 5.463390e-01
17 24 3.752140e-01
17 25 2.183240e-01
17 26 1.028280e-01
17 27 3.701170e-02
17 28 9.473110e-03
17 29 1.575900e-03
17 30 1.524410e-04
17 31 8.641740e-06
17 32 6.579500e-08
17 33 4.309670e-08
17 34 0.000000e+00
17 35 0.000000e+00
17 36 0.000000e+00
17 37 0.000000e+00
17 38 0.000000e+00
17 39 0.000000e+00
17 40 0.000000e+00
18 1 3.024610e-03
18 2 1.247720e-03
18 3 1.858700e-03
18 4 2.567640e-03
18 5 3.730580e-03
18 6 5.391590e-03
18 7 7.795170e-03
18 8 1.139070e-02
18 9 1.665870e-02
18 10 2.479630e-02
18 11 3.713410e-02
18 12 5.631320e-02
18 13 8.624530e-02
18 14 1.337350e-01
18 15 2.089650e-01
18 16 3.310320e-01
18 17 5.301930e-01
18 18 7.935340e-01
18 19 8.970980e-01
18 20 9.096880e-01
18 21 8.686850e-01
18 22 7.692670e-01
18 23 6.178610e-01
18 24 4.379600e-01
18 25 2.645810e-01
18 26 1.302270e-01
18 27 4.935920e-02
18 28 1.341300e-02
18 29 2.390830e-03
18 30 2.501690e-04
18 31 1.438950e-05
18 32 2.507210e-06
18 33 8.844380e-07
18 34 0.000000e+00
18 35 0.000000e+00
18 36 0.000000e+00
18 37 0.000000e+00
18 38 0.000000e+00
18 39 0.000000e+00
18 40 0.000000e+00
19 1 1.779180e-03
19 2 7.356110e-04
19 3 1.097020e-03
19 4 1.517650e-03
19 5 2.209000e-03
19 6 3.199660e-03
19 7 4.639200e-03
19 8 6.803070e-03
19 9 9.986070e-03
19 10 1.492370e-02
19 11 2.247400e-02
19 12 3.437690e-02
19 13 5.335970e-02
19 14 8.432780e-02
19 15 1.343720e-01
19 16 2.167000e-01
19 17 3.530930e-01
19 18 5.816970e-01
19 19 8.852080e-01
19 20 9.801980e-01
19 21 9.540170e-01
19 22 8.646820e-01
19 23 7.144100e-01
19 24 5.239240e-01
19 25 3.296940e-01
19 26 1.703520e-01
19 27 6.841400e-02
19 28 1.991130e-02
19 29 3.848530e-03
19 30 4.429600e-04
19 31 2.720810e-05
19 32 2.882740e-06
19 33 1.779290e-07
19 34 5.205000e-10
19 35 0.000000e+00
19 36 0.000000e+00
19 37 0.000000e+00
19 38 0.000000e+00
19 39 0.000000e+00
19 40 0.000000e+00
20 1 1.093720e-03
20 2 4.534180e-04
20 3 6.767910e-04
20 4 9.373950e-04
20 5 1.366180e-03
20 6 1.982080e-03
20 7 2.879540e-03
20 8 4.232190e-03
20 9 6.228600e-03
20 10 9.328120e-03
20 11 1.405350e-02
20 12 2.146450e-02
20 13 3.321380e-02
20 14 5.229420e-02
20 15 8.368150e-02
20 16 1.365790e-01
20 17 2.255060e-01
20 18 3.769730e-01
20 19 6.367240e-01
20 20 9.829890e-01
20 21 1.059650e+00
20 22 9.866930e-01
20 23 8.422230e-01
20 24 6.422880e-01
20 25 4.232630e-01
20 26 2.308370e-01
20 27 9.868570e-02
20 28 3.086140e-02
20 29 6.468810e-03
20 30 8.149510e-04
20 31 5.439150e-05
20 32 3.447190e-06
20 33 8.549550e-08
20 34 1.745330e-09
20 35 0.000000e+00
20 36 0.000000e+00
20 37 0.000000e+00
20 38 0.000000e+00
20 39 0.000000e+00
20 40 0.000000e+00
21 1 6.072340e-04
21 2 2.526480e-04
21 3 3.776930e-04
21 4 5.240320e-04
21 5 7.654860e-04
21 6 1.113650e-03
21 7 1.623210e-03
21 8 2.395530e-03
21 9 3.542980e-03
21 10 5.337330e-03
21 11 8.096800e-03
21 12 1.246390e-02
21 13 1.946400e-02
21 14 3.098870e-02
21 15 5.000410e-02
21 16 8.216220e-02
21 17 1.370810e-01
21 18 2.323240e-01
21 19 3.990480e-01
21 20 6.943150e-01
21 21 1.088720e+00
21 22 1.141890e+00
21 23 1.009320e+00
21 24 8.029490e-01
21 25 5.564540e-01
21 26 3.221420e-01
21 27 1.476470e-01
21 28 5.004560e-02
21 29 1.150710e-02
21 30 1.611430e-03
21 31 1.203490e-04
21 32 5.096480e-06
21 33 1.363860e-07
21 34 4.557260e-09
21 35 0.000000e+00
21 36 0.000000e+00
21 37 0.000000e+00
21 38 0.000000e+00
21 39 0.000000e+00
21 40 0.000000e+00
22 1 2.953930e-04
22 2 1.236860e-04
22 3 1.852450e-04
22 4 2.576470e-04
22 5 3.774810e-04
22 6 5.511810e-04
22 7 8.070050e-04
22 8 1.197460e-03
22 9 1.782680e-03
22 10 2.706810e-03
22 11 4.144980e-03
22 12 6.451000e-03
22 13 1.020070e-02
22 14 1.646520e-02
22 15 2.698330e-02
22 16 4.513400e-02
22 17 7.682700e-02
22 18 1.331160e-01
22 19 2.342410e-01
22 20 4.184500e-01
22 21 7.546180e-01
22 22 1.207400e+00
22 23 1.225750e+00
22 24 1.019340e+00
22 25 7.457350e-01
22 26 4.605820e-01
22 27 2.279630e-01
22 28 8.456480e-02
22 29 2.159590e-02
22 30 3.412340e-03
22 31 2.919940e-04
22 32 1.230390e-05
22 33 3.898500e-07
22 34 1.350700e-08
22 35 0.000000e+00
22 36 0.000000e+00
22 37 0.000000e+00
22 38 0.000000e+00
22 39 0.000000e+00
22 40 0.000000e+00
23 1 1.232520e-04
23 2 5.233490e-05
23 3 7.852770e-05
23 4 1.094570e-04
23 5 1.608040e-04
23 6 2.356300e-04
23 7 3.465360e-04
23 8 5.170860e-04
23 9 7.751900e-04
23 10 1.187350e-03
23 11 1.838200e-03
23 12 2.899650e-03
23 13 4.661160e-03
23 14 7.673510e-03
23 15 1.286590e-02
23 16 2.207310e-02
23 17 3.861060e-02
23 18 6.888860e-02
23 19 1.251480e-01
23 20 2.314520e-01
23 21 4.331670e-01
23 22 8.169860e-01
23 23 1.338780e+00
23 24 1.309230e+00
23 25 1.013630e+00
23 26 6.707820e-01
23 27 3.607430e-01
23 28 1.477450e-01
23 29 4.242660e-02
23 30 7.693250e-03
23 31 7.728210e-04
23 32 3.735390e-05
23 33 1.228200e-06
23 34 4.558790e-08
23 35 0.000000e+00
23 36 0.000000e+00
23 37 0.000000e+00
23 38 0.000000e+00
23 39 0.000000e+00
23 40 0.000000e+00
24 1 4.464990e-05
24 2 1.967980e-05
24 3 2.960720e-05
24 4 4.140800e-05
24 5 6.107970e-05
24 6 8.994530e-05
24 7 1.330780e-04
24 8 2.000230e-04
24 9 3.024950e-04
24 10 4.681770e-04
24 11 7.337650e-04
24 12 1.174300e-03
24 13 1.919710e-03
24 14 3.224410e-03
24 15 5.534720e-03
24 16 9.746190e-03
24 17 1.753160e-02
24 18 3.222240e-02
24 19 6.045740e-02
24 20 1.159470e-01
24 21 2.259690e-01
24 22 4.454220e-01
24 23 8.809770e-01
24 24 1.478970e+00
24 25 1.386700e+00
24 26 9.885690e-01
24 27 5.816990e-01
24 28 2.652070e-01
24 29 8.638780e-02
24 30 1.814100e-02
24 31 2.157410e-03
24 32 1.241010e-04
24 33 4.092310e-06
24 34 1.555230e-07
24 35 0.000000e+00
24 36 0.000000e+00
24 37 0.000000e+00
24 38 0.000000e+00
24 39 0.000000e+00
24 40 0.000000e+00
25 1 1.294820e-05
25 2 6.065300e-06
25 3 9.160500e-06
25 4 1.286300e-05
25 5 1.906440e-05
25 6 2.823910e-05
25 7 4.208130e-05
25 8 6.380510e-05
25 9 9.751440e-05
25 10 1.528480e-04
25 11 2.431990e-04
25 12 3.962150e-04
25 13 6.615040e-04
25 14 1.138960e-03
25 15 2.014390e-03
25 16 3.672340e-03
25 17 6.842440e-03
25 18 1.303800e-02
25 19 2.541570e-02
25 20 5.084340e-02
25 21 1.039260e-01
25 22 2.159730e-01
25 23 4.523450e-01
25 24 9.454580e-01
25 25 1.631370e+00
25 26 1.457310e+00
25 27 9.434710e-01
25 28 4.828350e-01
25 29 1.804660e-01
25 30 4.453870e-02
25 31 6.388990e-03
25 32 4.538910e-04
25 33 1.449910e-05
25 34 5.687910e-07
25 35 0.000000e+00
25 36 0.000000e+00
25 37 0.000000e+00
25 38 0.000000e+00
25 39 0.000000e+00
25 40 0.000000e+00
26 1 2.646910e-06
26 2 1.448230e-06
26 3 2.267590e-06
26 4 3.241740e-06
26 5 4.820210e-06
26 6 7.120610e-06
26 7 1.056220e-05
26 8 1.592500e-05
26 9 2.420530e-05
26 10 3.778680e-05
26 11 6.004890e-05
26 12 9.817520e-05
26 13 1.656710e-04
26 14 2.911530e-04
26 15 5.323620e-04
26 16 1.021640e-03
26 17 2.046580e-03
26 18 4.201900e-03
26 19 8.750260e-03
26 20 1.851530e-02
26 21 3.984180e-02
26 22 8.775880e-02
26 23 1.975430e-01
26 24 4.480640e-01
26 25 1.007750e+00
26 26 1.803750e+00
26 27 1.521950e+00
26 28 8.763620e-01
26 29 3.788230e-01
26 30 1.117030e-01
26 31 1.991030e-02
26 32 1.841840e-03
26 33 7.387620e-05
26 34 2.522870e-06
26 35 9.526100e-09
26 36 0.000000e+00
26 37 0.000000e+00
26 38 0.000000e+00
26 39 0.000000e+00
26 40 0.000000e+00
27 1 3.588740e-07
27 2 2.054320e-07
27 3 3.398860e-07
27 4 5.199330e-07
27 5 8.317260e-07
27 6 1.299830e-06
27 7 2.013510e-06
27 8 3.141990e-06
27 9 4.917360e-06
27 10 7.884920e-06
27 11 1.285910e-05
27 12 2.156970e-05
27 13 3.736990e-05
27 14 6.746580e-05
27 15 1.267740e-04
27 16 2.502830e-04
27 17 5.191840e-04
27 18 1.124230e-03
27 19 2.495810e-03
27 20 5.648050e-03
27 21 1.299420e-02
27 22 3.053110e-02
27 23 7.351240e-02
27 24 1.804480e-01
27 25 4.435840e-01
27 26 1.070030e+00
27 27 1.976000e+00
27 28 1.567550e+00
27 29 7.922510e-01
27 30 2.813340e-01
27 31 6.224500e-02
27 32 7.378460e-03
27 33 3.884740e-04
27 34 9.849990e-06
27 35 1.799810e-07
27 36 0.000000e+00
27 37 0.000000e+00
27 38 0.000000e+00
27 39 0.000000e+00
27 40 0.000000e+00
28 1 5.116020e-08
28 2 2.928600e-08
28 3 4.845330e-08
28 4 7.412050e-08
28 5 1.187650e-07
28 6 1.886700e-07
28 7 2.983930e-07
28 8 4.742220e-07
28 9 7.485040e-07
28 10 1.192360e-06
28 11 1.922440e-06
28 12 3.216590e-06
28 13 5.588070e-06
28 14 1.021070e-05
28 15 1.967660e-05
28 16 4.031550e-05
28 17 8.790120e-05
28 18 2.050250e-04
28 19 5.063540e-04
28 20 1.284680e-03
28 21 3.282590e-03
28 22 8.351440e-03
28 23 2.154490e-02
28 24 5.760740e-02
28 25 1.574630e-01
28 26 4.284100e-01
28 27 1.128390e+00
28 28 2.165170e+00
28 29 1.597680e+00
28 30 6.913050e-01
28 31 1.940520e-01
28 32 3.047050e-02
28 33 2.227310e-03
28 34 6.171310e-05
28 35 9.039390e-07
28 36 0.000000e+00
28 37 0.000000e+00
28 38 0.000000e+00
28 39 0.000000e+00
28 40 0.000000e+00
29 1 9.625870e-09
29 2 5.510200e-09
29 3 9.116560e-09
29 4 1.394590e-08
29 5 2.234580e-08
29 6 3.549860e-08
29 7 5.614300e-08
29 8 8.922540e-08
29 9 1.408320e-07
29 10 2.240720e-07
29 11 3.547440e-07
29 12 5.621420e-07
29 13 8.899500e-07
29 14 1.418280e-06
29 15 2.331750e-06
29 16 4.221560e-06
29 17 8.858430e-06
29 18 2.155990e-05
29 19 5.869730e-05
29 20 1.758180e-04
29 21 5.661230e-04
29 22 1.769440e-03
29 23 5.097300e-03
29 24 1.453990e-02
29 25 4.279280e-02
29 26 1.307830e-01
29 27 4.011080e-01
29 28 1.178340e+00
29 29 2.373490e+00
29 30 1.607300e+00
29 31 5.779540e-01
29 32 1.230540e-01
29 33 1.297840e-02
29 34 5.385640e-04
29 35 7.852810e-06
29 36 0.000000e+00
29 37 0.000000e+00
29 38 0.000000e+00
29 39 0.000000e+00
29 40 0.000000e+00
30 1 2.461280e-09
30 2 1.408920e-09
30 3 2.331050e-09
30 4 3.565870e-09
30 5 5.713680e-09
30 6 9.076770e-09
30 7 1.435540e-08
30 8 2.281440e-08
30 9 3.600990e-08
30 10 5.729400e-08
30 11 9.070580e-08
30 12 1.437360e-07
30 13 2.275550e-07
30 14 3.612410e-07
30 15 5.718410e-07
30 16 9.114470e-07
30 17 1.490240e-06
30 18 2.808620e-06
30 19 7.007870e-06
30 20 2.242720e-05
30 21 7.616860e-05
30 22 2.476170e-04
30 23 7.873710e-04
30 24 2.537150e-03
30 25 8.488130e-03
30 26 2.973840e-02
30 27 1.066890e-01
30 28 3.745040e-01
30 29 1.224380e+00
30 30 2.576310e+00
30 31 1.595680e+00
30 32 4.643660e-01
30 33 7.083640e-02
30 34 4.552590e-03
30 35 9.524890e-05
30 36 2.366230e-06
30 37 5.670450e-07
30 38 0.000000e+00
30 39 0.000000e+00
30 40 0.000000e+00
31 1 7.476700e-10
31 2 4.279900e-10
31 3 7.081100e-10
31 4 1.083220e-09
31 5 1.735660e-09
31 6 2.757280e-09
31 7 4.360790e-09
31 8 6.930400e-09
31 9 1.093880e-08
31 10 1.740440e-08
31 11 2.755400e-08
31 12 4.366320e-08
31 13 6.912500e-08
31 14 1.097350e-07
31 15 1.736890e-07
31 16 2.755070e-07
31 17 4.366480e-07
31 18 6.920970e-07
31 19 1.098420e-06
31 20 1.834160e-06
31 21 4.320750e-06
31 22 1.554790e-05
31 23 6.240790e-05
31 24 2.597660e-04
31 25 1.097980e-03
31 26 4.465810e-03
31 27 1.880900e-02
31 28 8.110210e-02
31 29 3.370760e-01
31 30 1.263360e+00
31 31 2.793130e+00
31 32 1.557400e+00
31 33 3.543960e-01
31 34 3.643520e-02
31 35 1.281140e-03
31 36 1.368540e-05
31 37 1.771530e-07
31 38 0.000000e+00
31 39 0.000000e+00
31 40 0.000000e+00
32 1 3.608000e-10
32 2 2.065300e-10
32 3 3.417100e-10
32 4 5.227200e-10
32 5 8.375700e-10
32 6 1.330560e-09
32 7 2.104360e-09
32 8 3.344350e-09
32 9 5.278670e-09
32 10 8.398700e-09
32 11 1.329650e-08
32 12 2.107020e-08
32 13 3.335720e-08
32 14 5.295420e-08
32 15 8.381560e-08
32 16 1.329500e-07
32 17 2.107100e-07
32 18 3.339800e-07
32 19 5.289500e-07
32 20 8.387870e-07
32 21 1.329120e-06
32 22 2.143730e-06
32 23 4.598830e-06
32 24 1.795550e-05
32 25 9.195000e-05
32 26 4.298230e-04
32 27 2.074670e-03
32 28 1.081540e-02
32 29 5.796660e-02
32 30 2.938480e-01
32 31 1.289950e+00
32 32 3.018560e+00
32 33 1.495180e+00
32 34 2.549760e-01
32 35 1.641530e-02
32 36 2.801000e-04
32 37 1.204930e-06
32 38 5.213060e-09
32 39 0.000000e+00
32 40 0.000000e+00
33 1 2.174000e-10
33 2 1.244500e-10
33 3 2.059000e-10
33 4 3.149700e-10
33 5 5.046800e-10
33 6 8.017400e-10
33 7 1.267990e-09
33 8 2.015160e-09
33 9 3.180700e-09
33 10 5.060690e-09
33 11 8.011900e-09
33 12 1.269600e-08
33 13 2.009960e-08
33 14 3.190790e-08
33 15 5.050360e-08
33 16 8.010950e-08
33 17 1.269650e-07
33 18 2.012420e-07
33 19 3.187220e-07
33 20 5.054160e-07
33 21 8.008450e-07
33 22 1.269510e-06
33 23 2.013220e-06
33 24 3.263990e-06
33 25 7.276190e-06
33 26 2.634020e-05
33 27 1.308650e-04
33 28 8.021390e-04
33 29 5.503020e-03
33 30 3.856950e-02
33 31 2.477690e-01
33 32 1.304360e+00
33 33 3.247990e+00
33 34 1.410510e+00
33 35 1.718180e-01
33 36 6.337160e-03
33 37 4.619970e-05
33 38 1.255650e-07
33 39 0.000000e+00
33 40 0.000000e+00
34 1 3.751700e-11
34 2 2.147600e-11
34 3 3.553200e-11
34 4 5.435400e-11
34 5 8.709300e-11
34 6 1.383600e-10
34 7 2.188200e-10
34 8 3.477600e-10
34 9 5.488900e-10
34 10 8.733200e-10
34 11 1.382610e-09
34 12 2.190950e-09
34 13 3.468580e-09
34 14 5.506340e-09
34 15 8.715400e-09
34 16 1.382450e-08
34 17 2.191030e-08
34 18 3.472820e-08
34 19 5.500180e-08
34 20 8.721960e-08
34 21 1.382020e-07
34 22 2.190790e-07
34 23 3.472160e-07
34 24 5.502350e-07
34 25 8.753520e-07
34 26 1.636430e-06
34 27 5.122030e-06
34 28 2.884240e-05
34 29 2.413570e-04
34 30 2.379030e-03
34 31 2.342700e-02
34 32 2.008510e-01
34 33 1.306830e+00
34 34 3.478300e+00
34 35 1.306590e+00
34 36 1.077720e-01
34 37 2.024540e-03
34 38 5.596790e-06
34 39 2.577290e-08
34 40 0.000000e+00
35 1 4.547000e-11
35 2 2.602900e-11
35 3 4.306400e-11
35 4 6.587600e-11
35 5 1.055500e-10
35 6 1.676800e-10
35 7 2.652000e-10
35 8 4.214700e-10
35 9 6.652500e-10
35 10 1.058450e-09
35 11 1.675710e-09
35 12 2.655390e-09
35 13 4.203860e-09
35 14 6.673600e-09
35 15 1.056290e-08
35 16 1.675510e-08
35 17 2.655490e-08
35 18 4.209010e-08
35 19 6.666140e-08
35 20 1.057090e-07
35 21 1.674990e-07
35 22 2.655210e-07
35 23 4.208200e-07
35 24 6.668730e-07
35 25 1.056470e-06
35 26 1.670650e-06
35 27 2.638490e-06
35 28 4.174630e-06
35 29 7.642790e-06
35 30 4.448770e-05
35 31 7.771310e-04
35 32 1.262040e-02
35 33 1.561490e-01
35 34 1.296640e+00
35 35 3.706460e+00
35 36 1.188760e+00
35 37 6.221360e-02
35 38 5.219910e-04
35 39 1.729030e-06
35 40 0.000000e+00
36 1 1.836400e-11
36 2 1.051200e-11
36 3 1.739200e-11
36 4 2.660600e-11
36 5 4.263100e-11
36 6 6.772400e-11
36 7 1.071100e-10
36 8 1.702200e-10
36 9 2.686800e-10
36 10 4.274800e-10
36 11 6.767800e-10
36 12 1.072450e-09
36 13 1.697840e-09
36 14 2.695300e-09
36 15 4.266110e-09
36 16 6.766960e-09
36 17 1.072490e-08
36 18 1.699910e-08
36 19 2.692290e-08
36 20 4.269320e-08
36 21 6.764850e-08
36 22 1.072370e-07
36 23 1.699590e-07
36 24 2.693330e-07
36 25 4.268880e-07
36 26 6.765690e-07
36 27 1.072770e-06
36 28 1.703550e-06
36 29 2.710580e-06
36 30 4.318910e-06
36 31 1.163760e-05
36 32 2.385230e-04
36 33 6.245870e-03
36 34 1.155180e-01
36 35 1.271550e+00
36 36 3.932800e+00
36 37 1.061340e+00
36 38 3.283510e-02
36 39 1.095230e-04
36 40 8.450620e-08
37 1 1.329800e-11
37 2 7.612400e-12
37 3 1.259500e-11
37 4 1.926600e-11
37 5 3.087100e-11
37 6 4.904200e-11
37 7 7.756200e-11
37 8 1.232700e-10
37 9 1.945600e-10
37 10 3.095600e-10
37 11 4.900800e-10
37 12 7.766000e-10
37 13 1.229480e-09
37 14 1.951780e-09
37 15 3.089270e-09
37 16 4.900240e-09
37 17 7.766330e-09
37 18 1.230980e-08
37 19 1.949600e-08
37 20 3.091590e-08
37 21 4.898710e-08
37 22 7.765500e-08
37 23 1.230740e-07
37 24 1.950360e-07
37 25 3.091280e-07
37 26 4.899320e-07
37 27 7.764890e-07
37 28 1.230760e-06
37 29 1.951260e-06
37 30 3.096920e-06
37 31 4.919570e-06
37 32 8.028230e-06
37 33 6.665450e-05
37 34 2.767730e-03
37 35 8.129070e-02
37 36 1.234910e+00
37 37 4.151280e+00
37 38 9.317580e-01
37 39 1.568340e-02
37 40 1.802680e-05
38 1 1.129700e-11
38 2 6.467100e-12
38 3 1.070000e-11
38 4 1.636800e-11
38 5 2.622600e-11
38 6 4.166300e-11
38 7 6.589300e-11
38 8 1.047200e-10
38 9 1.652900e-10
38 10 2.629800e-10
38 11 4.163500e-10
38 12 6.597600e-10
38 13 1.044500e-09
38 14 1.658130e-09
38 15 2.624480e-09
38 16 4.162980e-09
38 17 6.597860e-09
38 18 1.045770e-08
38 19 1.656270e-08
38 20 2.626450e-08
38 21 4.161680e-08
38 22 6.597150e-08
38 23 1.045570e-07
38 24 1.656920e-07
38 25 2.626180e-07
38 26 4.162200e-07
38 27 6.596580e-07
38 28 1.045580e-06
38 29 1.658450e-06
38 30 2.634300e-06
38 31 4.191400e-06
38 32 6.677340e-06
38 33 1.064770e-05
38 34 2.619740e-05
38 35 1.089000e-03
38 36 5.428050e-02
38 37 1.189000e+00
38 38 4.358090e+00
38 39 8.063170e-01
38 40 6.653610e-03
39 1 3.440400e-12
39 2 1.969400e-12
39 3 3.258400e-12
39 4 4.984400e-12
39 5 7.986600e-12
39 6 1.268800e-11
39 7 2.006600e-11
39 8 3.189000e-11
39 9 5.033500e-11
39 10 8.008600e-11
39 11 1.267900e-10
39 12 2.009200e-10
39 13 3.180800e-10
39 14 5.049500e-10
39 15 7.992200e-10
39 16 1.267740e-09
39 17 2.009230e-09
39 18 3.184670e-09
39 19 5.043810e-09
39 20 7.998260e-09
39 21 1.267350e-08
39 22 2.009010e-08
39 23 3.184060e-08
39 24 5.045770e-08
39 25 7.997450e-08
39 26 1.267500e-07
39 27 2.008840e-07
39 28 3.183790e-07
39 29 5.051060e-07
39 30 8.076470e-07
39 31 1.313970e-06
39 32 2.182330e-06
39 33 3.679890e-06
39 34 6.212970e-06
39 35 1.219730e-05
39 36 3.713690e-04
39 37 3.413550e-02
39 38 1.137240e+00
39 39 4.549910e+00
39 40 6.917670e-01
40 1 2.250800e-12
40 2 1.288500e-12
40 3 2.131800e-12
40 4 3.261000e-12
40 5 5.225200e-12
40 6 8.300700e-12
40 7 1.312800e-11
40 8 2.086400e-11
40 9 3.293100e-11
40 10 5.239600e-11
40 11 8.295100e-11
40 12 1.314500e-10
40 13 2.081000e-10
40 14 3.303600e-10
40 15 5.228900e-10
40 16 8.294100e-10
40 17 1.314520e-09
40 18 2.083550e-09
40 19 3.299880e-09
40 20 5.232800e-09
40 21 8.291520e-09
40 22 1.314380e-08
40 23 2.083150e-08
40 24 3.301160e-08
40 25 5.232270e-08
40 26 8.292550e-08
40 27 1.314270e-07
40 28 2.082970e-07
40 29 3.301270e-07
40 30 5.231310e-07
40 31 8.271130e-07
40 32 1.300720e-06
40 33 2.032910e-06
40 34 3.163760e-06
40 35 4.924730e-06
40 36 7.723720e-06
40 37 1.007580e-04
40 38 1.986770e-02
40 39 1.082310e+00
40 40 5.309410e+00
