1 1.664820e-01
2 1.664790e-01
3 1.664760e-01
4 1.664730e-01
5 1.664700e-01
6 1.664670e-01
7 1.664640e-01
8 1.664610e-01
9 1.664570e-01
10 1.664540e-01
11 1.664500e-01
12 1.664470e-01
13 1.664430e-01
14 1.664390e-01
15 1.664350e-01
16 1.664310e-01
17 1.664270e-01
18 1.664230e-01
19 1.664190e-01
20 1.664150e-01
21 1.664100e-01
22 1.664050e-01
23 1.664010e-01
24 1.663960e-01
25 1.663910e-01
26 1.663860e-01
27 1.663810e-01
28 1.663760e-01
29 1.663710e-01
30 1.663650e-01
31 1.663590e-01
32 1.663540e-01
33 1.663480e-01
34 1.663420e-01
35 1.663360e-01
36 1.663290e-01
37 1.663230e-01
38 1.663160e-01
39 1.663100e-01
40 1.663030e-01
41 1.662960e-01
42 1.662880e-01
43 1.662810e-01
44 1.662740e-01
45 1.662660e-01
46 1.662580e-01
47 1.662500e-01
48 1.662420e-01
49 1.662330e-01
50 1.662240e-01
51 1.662160e-01
52 1.662060e-01
53 1.661970e-01
54 1.661880e-01
55 1.661780e-01
56 1.661680e-01
57 1.661580e-01
58 1.661470e-01
59 1.661370e-01
60 1.661260e-01
61 1.661150e-01
62 1.661030e-01
63 1.660910e-01
64 1.660790e-01
65 1.660670e-01
66 1.660550e-01
67 1.660420e-01
68 1.660290e-01
69 1.660150e-01
70 1.660020e-01
71 1.659870e-01
72 1.659730e-01
73 1.659580e-01
74 1.659430e-01
75 1.659280e-01
76 1.659120e-01
77 1.658960e-01
78 1.658790e-01
79 1.658620e-01
80 1.658450e-01
81 1.658270e-01
82 1.658090e-01
83 1.657910e-01
84 1.657720e-01
85 1.657520e-01
86 1.657320e-01
87 1.657120e-01
88 1.656910e-01
89 1.656700e-01
90 1.656480e-01
91 1.656260e-01
92 1.656030e-01
93 1.655800e-01
94 1.655560e-01
95 1.655320e-01
96 1.655060e-01
97 1.654810e-01
98 1.654550e-01
99 1.654280e-01
100 1.654010e-01
101 1.653720e-01
102 1.653440e-01
103 1.653140e-01
104 1.652840e-01
105 1.652530e-01
106 1.652220e-01
107 1.651900e-01
108 1.651570e-01
109 1.651230e-01
110 1.650890e-01
111 1.650530e-01
112 1.650170e-01
113 1.649800e-01
114 1.649420e-01
115 1.649030e-01
116 1.648640e-01
117 1.648230e-01
118 1.647820e-01
119 1.647390e-01
120 1.646960e-01
121 1.646510e-01
122 1.646060e-01
123 1.645590e-01
124 1.645110e-01
125 1.644630e-01
126 1.644130e-01
127 1.643620e-01
128 1.643090e-01
129 1.642560e-01
130 1.642010e-01
131 1.641450e-01
132 1.640880e-01
133 1.640290e-01
134 1.639690e-01
135 1.639080e-01
136 1.638450e-01
137 1.637810e-01
138 1.637150e-01
139 1.636480e-01
140 1.635790e-01
141 1.635080e-01
142 1.634360e-01
143 1.633620e-01
144 1.632870e-01
145 1.632090e-01
146 1.631300e-01
147 1.630490e-01
148 1.629660e-01
149 1.628820e-01
150 1.627950e-01
151 1.627060e-01
152 1.626150e-01
153 1.625220e-01
154 1.624270e-01
155 1.623300e-01
156 1.622300e-01
157 1.621280e-01
158 1.620240e-01
159 1.619170e-01
160 1.618080e-01
161 1.616970e-01
162 1.615820e-01
163 1.614650e-01
164 1.613460e-01
165 1.612230e-01
166 1.610980e-01
167 1.609690e-01
168 1.608380e-01
169 1.607040e-01
170 1.605660e-01
171 1.604260e-01
172 1.602820e-01
173 1.601340e-01
174 1.599840e-01
175 1.598290e-01
176 1.596710e-01
177 1.595100e-01
178 1.593450e-01
179 1.591760e-01
180 1.590020e-01
181 1.588250e-01
182 1.586440e-01
183 1.584590e-01
184 1.582690e-01
185 1.580750e-01
186 1.578760e-01
187 1.576730e-01
188 1.574650e-01
189 1.572520e-01
190 1.570340e-01
191 1.568110e-01
192 1.565830e-01
193 1.563490e-01
194 1.561100e-01
195 1.558660e-01
196 1.556160e-01
197 1.553600e-01
198 1.550980e-01
199 1.548300e-01
200 1.545560e-01
201 1.542750e-01
202 1.539880e-01
203 1.536940e-01
204 1.533930e-01
205 1.530850e-01
206 1.527700e-01
207 1.524480e-01
208 1.521180e-01
209 1.517810e-01
210 1.514350e-01
211 1.510820e-01
212 1.507210e-01
213 1.503510e-01
214 1.499720e-01
215 1.495850e-01
216 1.491880e-01
217 1.487820e-01
218 1.483670e-01
219 1.479420e-01
220 1.475080e-01
221 1.470630e-01
222 1.466080e-01
223 1.461420e-01
224 1.456650e-01
225 1.451770e-01
226 1.446780e-01
227 1.441670e-01
228 1.436450e-01
229 1.431100e-01
230 1.425630e-01
231 1.420030e-01
232 1.414300e-01
233 1.408430e-01
234 1.402430e-01
235 1.396290e-01
236 1.390010e-01
237 1.383580e-01
238 1.377000e-01
239 1.370260e-01
240 1.363370e-01
241 1.356320e-01
242 1.349110e-01
243 1.341730e-01
244 1.334170e-01
245 1.326440e-01
246 1.318530e-01
247 1.310440e-01
248 1.302150e-01
249 1.293680e-01
250 1.285000e-01
251 1.276130e-01
252 1.267040e-01
253 1.257750e-01
254 1.248240e-01
255 1.238510e-01
256 1.228550e-01
257 1.218360e-01
258 1.207930e-01
259 1.197260e-01
260 1.186340e-01
261 1.175170e-01
262 1.163730e-01
263 1.152030e-01
264 1.140060e-01
265 1.127810e-01
266 1.115270e-01
267 1.102440e-01
268 1.089310e-01
269 1.075880e-01
270 1.062130e-01
271 1.048060e-01
272 1.033670e-01
273 1.018940e-01
274 1.003860e-01
275 9.884380e-02
276 9.726550e-02
277 9.565030e-02
278 9.399600e-02
279 9.224350e-02
280 9.041960e-02
281 8.855320e-02
282 8.664320e-02
283 8.468890e-02
284 8.268890e-02
285 8.064250e-02
286 7.854830e-02
287 7.640540e-02
288 7.421250e-02
289 7.196860e-02
290 6.967230e-02
291 6.732260e-02
292 6.491820e-02
293 6.245770e-02
294 5.994000e-02
295 5.736360e-02
296 5.472720e-02
297 5.202940e-02
298 4.926880e-02
299 4.644380e-02
300 4.355300e-02
301 4.056410e-02
302 3.747480e-02
303 3.431350e-02
304 3.107860e-02
305 2.776840e-02
306 2.438100e-02
307 2.091470e-02
308 1.736770e-02
309 1.373810e-02
310 1.002390e-02
311 6.223190e-03
312 2.333960e-03
313 0.000000e+00
314 0.000000e+00
315 0.000000e+00
316 0.000000e+00
317 0.000000e+00
318 0.000000e+00
319 0.000000e+00
320 0.000000e+00
321 0.000000e+00
322 0.000000e+00
323 0.000000e+00
324 0.000000e+00
325 0.000000e+00
326 0.000000e+00
327 0.000000e+00
328 0.000000e+00
329 0.000000e+00
330 0.000000e+00
331 0.000000e+00
332 0.000000e+00
333 0.000000e+00
334 0.000000e+00
335 0.000000e+00
336 0.000000e+00
337 0.000000e+00
338 0.000000e+00
339 0.000000e+00
340 0.000000e+00
341 0.000000e+00
342 0.000000e+00
343 0.000000e+00
344 0.000000e+00
345 0.000000e+00
346 0.000000e+00
347 0.000000e+00
348 0.000000e+00
349 0.000000e+00
350 0.000000e+00
351 0.000000e+00
352 0.000000e+00
353 0.000000e+00
354 0.000000e+00
355 0.000000e+00
356 0.000000e+00
357 0.000000e+00
358 0.000000e+00
359 0.000000e+00
360 0.000000e+00
361 0.000000e+00
362 0.000000e+00
363 0.000000e+00
364 0.000000e+00
365 0.000000e+00
366 0.000000e+00
367 0.000000e+00
368 0.000000e+00
369 0.000000e+00
370 0.000000e+00
371 0.000000e+00
372 0.000000e+00
373 0.000000e+00
374 0.000000e+00
375 0.000000e+00
376 0.000000e+00
377 0.000000e+00
378 0.000000e+00
379 0.000000e+00
380 0.000000e+00
381 0.000000e+00
382 0.000000e+00
383 0.000000e+00
384 0.000000e+00
385 0.000000e+00
386 0.000000e+00
387 0.000000e+00
388 0.000000e+00
389 0.000000e+00
390 0.000000e+00
391 0.000000e+00
392 0.000000e+00
393 0.000000e+00
394 0.000000e+00
395 1.341070e-02
396 3.059660e-02
397 4.804290e-02
398 6.452450e-02
399 8.104100e-02
400 9.794080e-02
401 1.141560e-01
402 1.296730e-01
403 1.455510e-01
404 1.608530e-01
405 1.749120e-01
406 1.892730e-01
407 2.039680e-01
408 2.176090e-01
409 2.301340e-01
410 2.429500e-01
411 2.557840e-01
412 2.668000e-01
413 2.776360e-01
414 2.887240e-01
415 2.998550e-01
416 3.090840e-01
417 3.179680e-01
418 3.270580e-01
419 3.363610e-01
420 3.446730e-01
421 3.517770e-01
422 3.590450e-01
423 3.664830e-01
424 3.731660e-01
425 3.788810e-01
426 3.847260e-01
427 3.906360e-01
428 3.954130e-01
429 3.998270e-01
430 4.043450e-01
431 4.089670e-01
432 4.131800e-01
433 4.164910e-01
434 4.198560e-01
435 4.233000e-01
436 4.264690e-01
437 4.289250e-01
438 4.314090e-01
439 4.339510e-01
440 4.365350e-01
441 4.386310e-01
442 4.405120e-01
443 4.424360e-01
444 4.444050e-01
445 4.461610e-01
446 4.477560e-01
447 4.493870e-01
448 4.510470e-01
449 4.525850e-01
450 4.540990e-01
451 4.556480e-01
452 4.572340e-01
453 4.588560e-01
454 4.605260e-01
455 4.622510e-01
456 4.640170e-01
457 4.658240e-01
458 4.676730e-01
459 4.695650e-01
460 4.715020e-01
461 4.734830e-01
462 4.755410e-01
463 4.777310e-01
464 4.799760e-01
465 4.822740e-01
466 4.846250e-01
467 4.870310e-01
468 4.894930e-01
469 4.920130e-01
470 4.945910e-01
471 4.972290e-01
472 4.999280e-01
473 5.026460e-01
474 5.052220e-01
475 5.078320e-01
476 5.105040e-01
477 5.132370e-01
478 5.160340e-01
479 5.188470e-01
480 5.213840e-01
481 5.239140e-01
482 5.265040e-01
483 5.291530e-01
484 5.318610e-01
485 5.343260e-01
486 5.366460e-01
487 5.390200e-01
488 5.414500e-01
489 5.439050e-01
490 5.460400e-01
491 5.481140e-01
492 5.502370e-01
493 5.524090e-01
494 5.545550e-01
495 5.563680e-01
496 5.581690e-01
497 5.600130e-01
498 5.619000e-01
499 5.636910e-01
500 5.652010e-01
