1 1.439440e-01
2 1.284280e-01
3 1.143990e-01
4 1.019090e-01
5 9.088110e-02
6 8.100050e-02
7 7.218890e-02
8 6.431570e-02
9 5.734030e-02
10 5.109440e-02
11 4.552770e-02
12 4.058910e-02
13 3.616910e-02
14 3.224070e-02
15 2.872930e-02
16 2.560990e-02
17 2.282590e-02
18 2.033840e-02
19 1.813360e-02
20 1.615920e-02
21 1.440100e-02
22 1.283950e-02
23 1.144080e-02
24 1.019560e-02
25 9.088530e-03
26 8.101190e-03
27 7.218730e-03
28 6.434550e-03
29 5.736100e-03
30 5.111550e-03
31 4.556330e-03
32 4.060830e-03
33 3.624670e-03
34 3.232810e-03
35 2.880410e-03
36 2.568870e-03
37 2.298840e-03
38 2.078270e-03
39 1.879860e-03
40 1.655790e-03
