1 1.439560e-01
2 1.284390e-01
3 1.144080e-01
4 1.019170e-01
5 9.088840e-02
6 8.100680e-02
7 7.219420e-02
8 6.432010e-02
9 5.734380e-02
10 5.109690e-02
11 4.552920e-02
12 4.058960e-02
13 3.616860e-02
14 3.223920e-02
15 2.872710e-02
16 2.560710e-02
17 2.282300e-02
18 2.033580e-02
19 1.813180e-02
20 1.615850e-02
21 1.440150e-02
22 1.284080e-02
23 1.144190e-02
24 1.019540e-02
25 9.087440e-03
26 8.101270e-03
27 7.219720e-03
28 6.433650e-03
29 5.735560e-03
30 5.113150e-03
31 4.555730e-03
32 4.059460e-03
33 3.624920e-03
34 3.233920e-03
35 2.885260e-03
36 2.571490e-03
37 2.298110e-03
38 2.076460e-03
39 1.882200e-03
40 1.655770e-03
