1 1 1.765240e-01
1 2 6.545810e-02
1 3 8.568380e-02
1 4 1.035600e-01
1 5 1.312220e-01
1 6 1.643240e-01
1 7 2.045000e-01
1 8 2.551070e-01
1 9 3.151960e-01
1 10 3.910370e-01
1 11 4.803030e-01
1 12 5.870760e-01
1 13 7.115910e-01
1 14 8.565200e-01
1 15 1.015530e+00
1 16 1.188660e+00
1 17 1.363740e+00
1 18 1.527820e+00
1 19 1.659990e+00
1 20 1.739030e+00
1 21 1.735260e+00
1 22 1.631770e+00
1 23 1.423180e+00
1 24 1.129660e+00
1 25 7.969740e-01
1 26 4.849350e-01
1 27 2.452260e-01
1 28 9.840820e-02
1 29 2.960100e-02
1 30 6.219250e-03
1 31 8.362320e-04
1 32 6.470660e-05
1 33 3.840540e-06
1 34 1.258600e-07
1 35 0.000000e+00
1 36 0.000000e+00
1 37 0.000000e+00
1 38 0.000000e+00
1 39 0.000000e+00
1 40 0.000000e+00
2 1 1.399650e-01
2 2 5.706830e-02
2 3 7.660910e-02
2 4 9.266550e-02
2 5 1.174180e-01
2 6 1.470410e-01
2 7 1.829930e-01
2 8 2.282820e-01
2 9 2.820590e-01
2 10 3.499360e-01
2 11 4.298380e-01
2 12 5.254120e-01
2 13 6.368770e-01
2 14 7.666480e-01
2 15 9.090850e-01
2 16 1.064160e+00
2 17 1.221080e+00
2 18 1.368250e+00
2 19 1.486930e+00
2 20 1.558170e+00
2 21 1.555370e+00
2 22 1.463270e+00
2 23 1.276880e+00
2 24 1.014240e+00
2 25 7.161930e-01
2 26 4.362670e-01
2 27 2.209120e-01
2 28 8.880090e-02
2 29 2.676790e-02
2 30 5.638360e-03
2 31 7.605080e-04
2 32 5.910820e-05
2 33 3.517330e-06
2 34 1.160620e-07
2 35 0.000000e+00
2 36 0.000000e+00
2 37 0.000000e+00
2 38 0.000000e+00
2 39 0.000000e+00
2 40 0.000000e+00
3 1 1.101400e-01
3 2 4.632380e-02
3 3 6.675940e-02
3 4 8.280200e-02
3 5 1.049800e-01
3 6 1.314650e-01
3 7 1.636130e-01
3 8 2.041100e-01
3 9 2.522000e-01
3 10 3.129020e-01
3 11 3.843690e-01
3 12 4.698560e-01
3 13 5.695750e-01
3 14 6.856860e-01
3 15 8.132070e-01
3 16 9.520410e-01
3 17 1.092630e+00
3 18 1.224590e+00
3 19 1.331180e+00
3 20 1.395460e+00
3 21 1.393590e+00
3 22 1.311820e+00
3 23 1.145510e+00
3 24 9.106730e-01
3 25 6.437820e-01
3 26 3.927060e-01
3 27 1.991930e-01
3 28 8.024070e-02
3 29 2.425160e-02
3 30 5.124710e-03
3 31 6.939790e-04
3 32 5.422210e-05
3 33 3.370180e-06
3 34 3.628600e-07
3 35 0.000000e+00
3 36 0.000000e+00
3 37 0.000000e+00
3 38 0.000000e+00
3 39 0.000000e+00
3 40 0.000000e+00
4 1 8.559890e-02
4 2 3.631790e-02
4 3 5.411070e-02
4 4 7.234430e-02
4 5 9.391480e-02
4 6 1.176580e-01
4 7 1.464320e-01
4 8 1.826810e-01
4 9 2.257310e-01
4 10 2.800770e-01
4 11 3.440640e-01
4 12 4.206210e-01
4 13 5.099380e-01
4 14 6.139450e-01
4 15 7.282550e-01
4 16 8.527390e-01
4 17 9.788920e-01
4 18 1.097400e+00
4 19 1.193340e+00
4 20 1.251520e+00
4 21 1.250550e+00
4 22 1.178030e+00
4 23 1.029600e+00
4 24 8.193890e-01
4 25 5.800590e-01
4 26 3.544480e-01
4 27 1.801720e-01
4 28 7.277100e-02
4 29 2.206560e-02
4 30 4.681410e-03
4 31 6.371090e-04
4 32 5.008550e-05
4 33 3.429410e-06
4 34 9.230210e-07
4 35 0.000000e+00
4 36 0.000000e+00
4 37 0.000000e+00
4 38 0.000000e+00
4 39 0.000000e+00
4 40 0.000000e+00
5 1 6.863080e-02
5 2 2.880300e-02
5 3 4.280290e-02
5 4 5.875940e-02
5 5 8.226970e-02
5 6 1.055040e-01
5 7 1.313430e-01
5 8 1.638630e-01
5 9 2.024880e-01
5 10 2.512520e-01
5 11 3.086740e-01
5 12 3.773940e-01
5 13 4.575790e-01
5 14 5.509850e-01
5 15 6.536890e-01
5 16 7.656160e-01
5 17 8.791270e-01
5 18 9.858860e-01
5 19 1.072540e+00
5 20 1.125420e+00
5 21 1.125370e+00
5 22 1.061040e+00
5 23 9.283850e-01
5 24 7.398180e-01
5 25 5.246090e-01
5 26 3.212490e-01
5 27 1.637250e-01
5 28 6.634260e-02
5 29 2.019630e-02
5 30 4.305780e-03
5 31 5.895080e-04
5 32 4.668810e-05
5 33 3.378810e-06
5 34 1.189730e-06
5 35 0.000000e+00
5 36 0.000000e+00
5 37 0.000000e+00
5 38 0.000000e+00
5 39 0.000000e+00
5 40 0.000000e+00
6 1 5.419300e-02
6 2 2.263240e-02
6 3 3.368940e-02
6 4 4.629940e-02
6 5 6.666210e-02
6 6 9.254190e-02
6 7 1.178990e-01
6 8 1.471210e-01
6 9 1.818090e-01
6 10 2.256090e-01
6 11 2.771960e-01
6 12 3.389420e-01
6 13 4.110120e-01
6 14 4.950160e-01
6 15 5.873960e-01
6 16 6.882010e-01
6 17 7.905060e-01
6 18 8.868800e-01
6 19 9.653480e-01
6 20 1.013610e+00
6 21 1.014510e+00
6 22 9.575420e-01
6 23 8.389910e-01
6 24 6.697260e-01
6 25 4.758840e-01
6 26 2.921860e-01
6 27 1.494000e-01
6 28 6.078130e-02
6 29 1.859450e-02
6 30 3.988370e-03
6 31 5.500640e-04
6 32 4.395930e-05
6 33 3.198730e-06
6 34 1.127230e-06
6 35 0.000000e+00
6 36 0.000000e+00
6 37 0.000000e+00
6 38 0.000000e+00
6 39 0.000000e+00
6 40 0.000000e+00
7 1 4.143250e-02
7 2 1.724940e-02
7 3 2.597730e-02
7 4 3.604510e-02
7 5 5.220110e-02
7 6 7.475240e-02
7 7 1.036090e-01
7 8 1.323100e-01
7 9 1.635350e-01
7 10 2.029510e-01
7 11 2.493830e-01
7 12 3.049740e-01
7 13 3.698890e-01
7 14 4.455880e-01
7 15 5.288940e-01
7 16 6.198800e-01
7 17 7.123310e-01
7 18 7.996120e-01
7 19 8.709380e-01
7 20 9.152530e-01
7 21 9.170670e-01
7 22 8.667320e-01
7 23 7.606950e-01
7 24 6.085270e-01
7 25 4.335130e-01
7 26 2.670320e-01
7 27 1.370870e-01
7 28 5.604750e-02
7 29 1.724980e-02
7 30 3.727300e-03
7 31 5.186470e-04
7 32 4.189220e-05
7 33 3.070090e-06
7 34 1.082640e-06
7 35 0.000000e+00
7 36 0.000000e+00
7 37 0.000000e+00
7 38 0.000000e+00
7 39 0.000000e+00
7 40 0.000000e+00
8 1 3.214520e-02
8 2 1.338990e-02
8 3 2.018380e-02
8 4 2.808540e-02
8 5 4.077510e-02
8 6 5.849930e-02
8 7 8.348870e-02
8 8 1.164500e-01
8 9 1.473800e-01
8 10 1.829350e-01
8 11 2.248190e-01
8 12 2.749800e-01
8 13 3.335820e-01
8 14 4.019560e-01
8 15 4.772850e-01
8 16 5.596220e-01
8 17 6.434550e-01
8 18 7.227760e-01
8 19 7.878920e-01
8 20 8.288650e-01
8 21 8.316140e-01
8 22 7.872650e-01
8 23 6.923780e-01
8 24 5.553250e-01
8 25 3.968820e-01
8 26 2.454330e-01
8 27 1.266200e-01
8 28 5.208030e-02
8 29 1.614660e-02
8 30 3.520140e-03
8 31 4.950920e-04
8 32 4.056970e-05
8 33 2.991220e-06
8 34 1.055640e-06
8 35 0.000000e+00
8 36 0.000000e+00
8 37 0.000000e+00
8 38 0.000000e+00
8 39 0.000000e+00
8 40 0.000000e+00
9 1 2.604170e-02
9 2 1.062840e-02
9 3 1.575540e-02
9 4 2.176830e-02
9 5 3.172940e-02
9 6 4.571520e-02
9 7 6.537400e-02
9 8 9.387860e-02
9 9 1.301700e-01
9 10 1.654380e-01
9 11 2.033590e-01
9 12 2.487880e-01
9 13 3.018880e-01
9 14 3.638860e-01
9 15 4.322580e-01
9 16 5.071130e-01
9 17 5.835030e-01
9 18 6.559660e-01
9 19 7.157800e-01
9 20 7.540080e-01
9 21 7.577430e-01
9 22 7.188070e-01
9 23 6.337840e-01
9 24 5.099400e-01
9 25 3.659020e-01
9 26 2.273630e-01
9 27 1.180020e-01
9 28 4.889060e-02
9 29 1.529220e-02
9 30 3.369550e-03
9 31 4.799730e-04
9 32 4.006730e-05
9 33 2.966870e-06
9 34 1.047880e-06
9 35 0.000000e+00
9 36 0.000000e+00
9 37 0.000000e+00
9 38 0.000000e+00
9 39 0.000000e+00
9 40 0.000000e+00
10 1 2.012540e-02
10 2 8.203480e-03
10 3 1.221320e-02
10 4 1.691220e-02
10 5 2.463850e-02
10 6 3.555290e-02
10 7 5.093740e-02
10 8 7.323070e-02
10 9 1.046230e-01
10 10 1.464540e-01
10 11 1.845040e-01
10 12 2.257850e-01
10 13 2.740690e-01
10 14 3.304970e-01
10 15 3.927900e-01
10 16 4.611280e-01
10 17 5.310210e-01
10 18 5.975960e-01
10 19 6.528900e-01
10 20 6.888290e-01
10 21 6.936610e-01
10 22 6.596680e-01
10 23 5.834590e-01
10 24 4.712560e-01
10 25 3.397690e-01
10 26 2.123650e-01
10 27 1.110160e-01
10 28 4.640060e-02
10 29 1.466780e-02
10 30 3.273260e-03
10 31 4.733520e-04
10 32 4.015660e-05
10 33 3.006820e-06
10 34 1.063000e-06
10 35 0.000000e+00
10 36 0.000000e+00
10 37 0.000000e+00
10 38 0.000000e+00
10 39 0.000000e+00
10 40 0.000000e+00
11 1 1.526220e-02
11 2 6.220910e-03
11 3 9.241400e-03
11 4 1.276940e-02
11 5 1.861990e-02
11 6 2.705590e-02
11 7 3.908610e-02
11 8 5.652090e-02
11 9 8.106310e-02
11 10 1.172520e-01
11 11 1.638620e-01
11 12 2.058220e-01
11 13 2.499410e-01
11 14 3.015520e-01
11 15 3.586300e-01
11 16 4.213480e-01
11 17 4.856830e-01
11 18 5.472840e-01
11 19 5.988330e-01
11 20 6.329840e-01
11 21 6.389900e-01
11 22 6.095160e-01
11 23 5.411390e-01
11 24 4.391090e-01
11 25 3.184030e-01
11 26 2.004230e-01
11 27 1.056790e-01
11 28 4.463410e-02
11 29 1.428850e-02
11 30 3.237010e-03
11 31 4.765620e-04
11 32 4.118560e-05
11 33 3.124650e-06
11 34 1.105870e-06
11 35 0.000000e+00
11 36 0.000000e+00
11 37 0.000000e+00
11 38 0.000000e+00
11 39 0.000000e+00
11 40 0.000000e+00
12 1 1.224210e-02
12 2 4.981250e-03
12 3 7.367980e-03
12 4 1.010290e-02
12 5 1.455690e-02
12 6 2.081060e-02
12 7 2.987960e-02
12 8 4.342160e-02
12 9 6.258870e-02
12 10 9.075890e-02
12 11 1.310530e-01
12 12 1.836590e-01
12 13 2.291640e-01
12 14 2.766590e-01
12 15 3.292800e-01
12 16 3.872470e-01
12 17 4.469190e-01
12 18 5.043730e-01
12 19 5.529470e-01
12 20 5.858330e-01
12 21 5.931660e-01
12 22 5.679010e-01
12 23 5.064890e-01
12 24 4.133320e-01
12 25 3.017790e-01
12 26 1.915730e-01
12 27 1.020540e-01
12 28 4.364110e-02
12 29 1.417860e-02
12 30 3.268810e-03
12 31 4.912390e-04
12 32 4.344470e-05
12 33 3.323630e-06
12 34 1.161590e-06
12 35 0.000000e+00
12 36 0.000000e+00
12 37 0.000000e+00
12 38 0.000000e+00
12 39 0.000000e+00
12 40 0.000000e+00
13 1 8.820640e-03
13 2 3.592600e-03
13 3 5.315930e-03
13 4 7.283000e-03
13 5 1.050150e-02
13 6 1.512480e-02
13 7 2.188960e-02
13 8 3.210200e-02
13 9 4.693340e-02
13 10 6.884220e-02
13 11 1.001750e-01
13 12 1.459360e-01
13 13 2.054470e-01
13 14 2.555350e-01
13 15 3.044170e-01
13 16 3.584130e-01
13 17 4.142370e-01
13 18 4.683230e-01
13 19 5.145910e-01
13 20 5.466760e-01
13 21 5.554320e-01
13 22 5.340730e-01
13 23 4.788710e-01
13 24 3.933660e-01
13 25 2.895260e-01
13 26 1.856130e-01
13 27 1.000710e-01
13 28 4.341670e-02
13 29 1.435190e-02
13 30 3.377490e-03
13 31 5.200490e-04
13 32 4.729800e-05
13 33 3.445820e-06
13 34 7.938610e-07
13 35 0.000000e+00
13 36 0.000000e+00
13 37 0.000000e+00
13 38 0.000000e+00
13 39 0.000000e+00
13 40 0.000000e+00
14 1 7.269710e-03
14 2 2.959000e-03
14 3 4.376140e-03
14 4 5.992950e-03
14 5 8.616140e-03
14 6 1.230540e-02
14 7 1.757340e-02
14 8 2.529100e-02
14 9 3.627340e-02
14 10 5.291220e-02
14 11 7.688390e-02
14 12 1.118670e-01
14 13 1.630770e-01
14 14 2.303160e-01
14 15 2.832630e-01
14 16 3.339850e-01
14 17 3.866970e-01
14 18 4.381760e-01
14 19 4.828170e-01
14 20 5.146840e-01
14 21 5.251420e-01
14 22 5.076560e-01
14 23 4.581750e-01
14 24 3.793920e-01
14 25 2.819860e-01
14 26 1.829180e-01
14 27 1.000240e-01
14 28 4.413570e-02
14 29 1.488180e-02
14 30 3.584060e-03
14 31 5.667820e-04
14 32 5.312720e-05
14 33 3.645550e-06
14 34 2.687810e-07
14 35 0.000000e+00
14 36 0.000000e+00
14 37 0.000000e+00
14 38 0.000000e+00
14 39 0.000000e+00
14 40 0.000000e+00
15 1 5.504400e-03
15 2 2.241050e-03
15 3 3.315190e-03
15 4 4.540350e-03
15 5 6.527440e-03
15 6 9.312100e-03
15 7 1.326540e-02
15 8 1.909950e-02
15 9 2.751740e-02
15 10 4.015100e-02
15 11 5.833600e-02
15 12 8.491710e-02
15 13 1.238710e-01
15 14 1.820340e-01
15 15 2.572420e-01
15 16 3.141330e-01
15 17 3.644580e-01
15 18 4.140550e-01
15 19 4.577430e-01
15 20 4.899260e-01
15 21 5.023240e-01
15 22 4.886170e-01
15 23 4.443390e-01
15 24 3.713560e-01
15 25 2.791400e-01
15 26 1.835420e-01
15 27 1.020120e-01
15 28 4.589410e-02
15 29 1.583130e-02
15 30 3.915500e-03
15 31 6.385610e-04
15 32 6.199680e-05
15 33 4.283810e-06
15 34 2.087270e-07
15 35 0.000000e+00
15 36 0.000000e+00
15 37 0.000000e+00
15 38 0.000000e+00
15 39 0.000000e+00
15 40 0.000000e+00
16 1 4.027850e-03
16 2 1.640730e-03
16 3 2.427870e-03
16 4 3.326320e-03
16 5 4.783830e-03
16 6 6.827300e-03
16 7 9.720490e-03
16 8 1.396850e-02
16 9 2.008990e-02
16 10 2.935450e-02
16 11 4.294540e-02
16 12 6.305910e-02
16 13 9.256910e-02
16 14 1.366550e-01
16 15 2.021380e-01
16 16 2.879310e-01
16 17 3.474940e-01
16 18 3.959460e-01
16 19 4.393670e-01
16 20 4.724440e-01
16 21 4.871410e-01
16 22 4.772050e-01
16 23 4.377370e-01
16 24 3.697320e-01
16 25 2.815110e-01
16 26 1.879950e-01
16 27 1.064380e-01
16 28 4.895410e-02
16 29 1.733170e-02
16 30 4.418660e-03
16 31 7.464520e-04
16 32 7.542510e-05
16 33 5.332830e-06
16 34 2.806390e-07
16 35 0.000000e+00
16 36 0.000000e+00
16 37 0.000000e+00
16 38 0.000000e+00
16 39 0.000000e+00
16 40 0.000000e+00
17 1 3.087320e-03
17 2 1.257550e-03
17 3 1.860610e-03
17 4 2.549130e-03
17 5 3.666380e-03
17 6 5.231890e-03
17 7 7.448710e-03
17 8 1.068980e-02
17 9 1.530760e-02
17 10 2.222230e-02
17 11 3.227980e-02
17 12 4.714830e-02
17 13 6.904230e-02
17 14 1.018230e-01
17 15 1.506230e-01
17 16 2.248790e-01
17 17 3.213770e-01
17 18 3.828100e-01
17 19 4.266630e-01
17 20 4.613260e-01
17 21 4.789080e-01
17 22 4.730310e-01
17 23 4.383570e-01
17 24 3.748670e-01
17 25 2.897160e-01
17 26 1.969720e-01
17 27 1.139080e-01
17 28 5.371740e-02
17 29 1.958220e-02
17 30 5.163740e-03
17 31 9.067270e-04
17 32 9.568960e-05
17 33 6.429490e-06
17 34 2.993640e-07
17 35 4.384110e-09
17 36 0.000000e+00
17 37 0.000000e+00
17 38 0.000000e+00
17 39 0.000000e+00
17 40 0.000000e+00
18 1 2.202490e-03
18 2 8.978980e-04
18 3 1.329000e-03
18 4 1.821390e-03
18 5 2.620740e-03
18 6 3.742200e-03
18 7 5.331250e-03
18 8 7.651810e-03
18 9 1.095230e-02
18 10 1.589300e-02
18 11 2.310770e-02
18 12 3.387520e-02
18 13 4.990910e-02
18 14 7.403900e-02
18 15 1.100630e-01
18 16 1.650700e-01
18 17 2.492700e-01
18 18 3.587290e-01
18 19 4.205640e-01
18 20 4.575020e-01
18 21 4.785550e-01
18 22 4.770440e-01
18 23 4.471240e-01
18 24 3.876690e-01
18 25 3.046460e-01
18 26 2.113040e-01
18 27 1.251390e-01
18 28 6.069240e-02
18 29 2.286750e-02
18 30 6.265540e-03
18 31 1.149980e-03
18 32 1.276430e-04
18 33 8.207430e-06
18 34 3.126380e-07
18 35 6.872090e-09
18 36 0.000000e+00
18 37 0.000000e+00
18 38 0.000000e+00
18 39 0.000000e+00
18 40 0.000000e+00
19 1 1.470040e-03
19 2 6.003010e-04
19 3 8.889940e-04
19 4 1.219290e-03
19 5 1.755950e-03
19 6 2.510070e-03
19 7 3.580710e-03
19 8 5.147400e-03
19 9 7.375810e-03
19 10 1.070930e-02
19 11 1.559110e-02
19 12 2.294390e-02
19 13 3.410280e-02
19 14 5.136200e-02
19 15 7.753080e-02
19 16 1.176730e-01
19 17 1.794930e-01
19 18 2.757960e-01
19 19 4.005390e-01
19 20 4.620290e-01
19 21 4.872650e-01
19 22 4.906070e-01
19 23 4.655200e-01
19 24 4.097220e-01
19 25 3.278940e-01
19 26 2.324740e-01
19 27 1.413500e-01
19 28 7.072870e-02
19 29 2.765610e-02
19 30 7.915580e-03
19 31 1.529040e-03
19 32 1.801360e-04
19 33 1.196290e-05
19 34 4.972940e-07
19 35 1.137640e-08
19 36 4.400400e-10
19 37 0.000000e+00
19 38 0.000000e+00
19 39 0.000000e+00
19 40 0.000000e+00
20 1 1.062990e-03
20 2 4.341050e-04
20 3 6.429220e-04
20 4 8.818190e-04
20 5 1.269910e-03
20 6 1.815380e-03
20 7 2.590010e-03
20 8 3.723740e-03
20 9 5.336430e-03
20 10 7.741720e-03
20 11 1.123290e-02
20 12 1.642390e-02
20 13 2.418140e-02
20 14 3.598900e-02
20 15 5.412400e-02
20 16 8.257590e-02
20 17 1.266730e-01
20 18 1.957660e-01
20 19 3.048170e-01
20 20 4.458500e-01
20 21 5.029980e-01
20 22 5.125860e-01
20 23 4.934370e-01
20 24 4.420240e-01
20 25 3.613290e-01
20 26 2.627450e-01
20 27 1.646220e-01
20 28 8.532330e-02
20 29 3.475460e-02
20 30 1.042730e-02
20 31 2.125160e-03
20 32 2.659540e-04
20 33 1.837450e-05
20 34 8.146700e-07
20 35 2.001180e-08
20 36 1.012230e-09
20 37 0.000000e+00
20 38 0.000000e+00
20 39 0.000000e+00
20 40 0.000000e+00
21 1 7.201550e-04
21 2 2.942410e-04
21 3 4.359130e-04
21 4 5.981260e-04
21 5 8.618950e-04
21 6 1.232990e-03
21 7 1.760560e-03
21 8 2.533860e-03
21 9 3.636160e-03
21 10 5.283670e-03
21 11 7.680540e-03
21 12 1.125150e-02
21 13 1.660690e-02
21 14 2.483090e-02
21 15 3.738320e-02
21 16 5.689690e-02
21 17 8.735710e-02
21 18 1.355280e-01
21 19 2.122740e-01
21 20 3.361110e-01
21 21 4.951090e-01
21 22 5.455190e-01
21 23 5.336960e-01
21 24 4.874170e-01
21 25 4.079770e-01
21 26 3.050400e-01
21 27 1.975490e-01
21 28 1.064570e-01
21 29 4.538040e-02
21 30 1.435400e-02
21 31 3.108190e-03
21 32 4.168100e-04
21 33 3.083490e-05
21 34 1.431430e-06
21 35 3.982080e-08
21 36 2.080930e-09
21 37 0.000000e+00
21 38 0.000000e+00
21 39 0.000000e+00
21 40 0.000000e+00
22 1 4.516160e-04
22 2 1.848620e-04
22 3 2.740270e-04
22 4 3.762850e-04
22 5 5.427110e-04
22 6 7.772080e-04
22 7 1.111310e-03
22 8 1.602240e-03
22 9 2.304040e-03
22 10 3.356660e-03
22 11 4.894940e-03
22 12 7.196120e-03
22 13 1.066210e-02
22 14 1.601020e-02
22 15 2.424370e-02
22 16 3.718460e-02
22 17 5.758880e-02
22 18 9.021100e-02
22 19 1.428230e-01
22 20 2.288400e-01
22 21 3.697150e-01
22 22 5.502050e-01
22 23 5.893670e-01
22 24 5.496030e-01
22 25 4.716850e-01
22 26 3.636650e-01
22 27 2.442340e-01
22 28 1.374050e-01
22 29 6.160030e-02
22 30 2.066890e-02
22 31 4.792880e-03
22 32 6.954150e-04
22 33 5.598290e-05
22 34 2.708280e-06
22 35 8.904550e-08
22 36 4.685220e-09
22 37 0.000000e+00
22 38 0.000000e+00
22 39 0.000000e+00
22 40 0.000000e+00
23 1 2.586260e-04
23 2 1.062100e-04
23 3 1.575720e-04
23 4 2.165780e-04
23 5 3.127370e-04
23 6 4.485740e-04
23 7 6.425990e-04
23 8 9.286260e-04
23 9 1.339330e-03
23 10 1.958170e-03
23 11 2.868040e-03
23 12 4.238820e-03
23 13 6.317790e-03
23 14 9.547120e-03
23 15 1.457100e-02
23 16 2.260320e-02
23 17 3.553500e-02
23 18 5.661460e-02
23 19 9.118760e-02
23 20 1.486960e-01
23 21 2.447120e-01
23 22 4.058810e-01
23 23 6.113690e-01
23 24 6.337350e-01
23 25 5.584890e-01
23 26 4.448060e-01
23 27 3.106820e-01
23 28 1.831950e-01
23 29 8.685400e-02
23 30 3.111910e-02
23 31 7.794270e-03
23 32 1.236860e-03
23 33 1.102030e-04
23 34 5.456320e-06
23 35 2.213180e-07
23 36 1.160880e-08
23 37 0.000000e+00
23 38 0.000000e+00
23 39 0.000000e+00
23 40 0.000000e+00
24 1 1.428570e-04
24 2 5.893260e-05
24 3 8.749040e-05
24 4 1.203760e-04
24 5 1.740410e-04
24 6 2.500050e-04
24 7 3.588500e-04
24 8 5.198150e-04
24 9 7.518410e-04
24 10 1.103180e-03
24 11 1.622840e-03
24 12 2.411140e-03
24 13 3.616380e-03
24 14 5.503610e-03
24 15 8.464390e-03
24 16 1.324210e-02
24 17 2.102240e-02
24 18 3.389840e-02
24 19 5.542530e-02
24 20 9.193300e-02
24 21 1.541740e-01
24 22 2.611100e-01
24 23 4.446080e-01
24 24 6.771090e-01
24 25 6.756300e-01
24 26 5.574040e-01
24 27 4.064880e-01
24 28 2.523690e-01
24 29 1.272050e-01
24 30 4.898490e-02
24 31 1.334490e-02
24 32 2.333310e-03
24 33 2.320520e-04
24 34 1.199150e-05
24 35 5.782350e-07
24 36 3.007660e-08
24 37 0.000000e+00
24 38 0.000000e+00
24 39 0.000000e+00
24 40 0.000000e+00
25 1 7.077000e-05
25 2 2.959470e-05
25 3 4.398410e-05
25 4 6.058800e-05
25 5 8.772900e-05
25 6 1.262650e-04
25 7 1.816600e-04
25 8 2.639370e-04
25 9 3.831870e-04
25 10 5.647870e-04
25 11 8.354180e-04
25 12 1.249530e-03
25 13 1.889310e-03
25 14 2.903020e-03
25 15 4.514470e-03
25 16 7.151630e-03
25 17 1.151540e-02
25 18 1.886280e-02
25 19 3.139190e-02
25 20 5.313220e-02
25 21 9.114020e-02
25 22 1.582560e-01
25 23 2.769310e-01
25 24 4.858560e-01
25 25 7.487090e-01
25 26 7.144870e-01
25 27 5.454320e-01
25 28 3.580370e-01
25 29 1.929080e-01
25 30 8.039010e-02
25 31 2.402500e-02
25 32 4.679630e-03
25 33 5.269060e-04
25 34 3.008390e-05
25 35 1.133660e-06
25 36 8.340460e-08
25 37 0.000000e+00
25 38 0.000000e+00
25 39 0.000000e+00
25 40 0.000000e+00
26 1 2.848120e-05
26 2 1.244320e-05
26 3 1.850060e-05
26 4 2.549850e-05
26 5 3.694970e-05
26 6 5.323250e-05
26 7 7.668350e-05
26 8 1.115980e-04
26 9 1.623780e-04
26 10 2.400840e-04
26 11 3.566700e-04
26 12 5.366150e-04
26 13 8.178300e-04
26 14 1.270120e-03
26 15 2.003190e-03
26 16 3.231620e-03
26 17 5.324020e-03
26 18 8.963680e-03
26 19 1.538730e-02
26 20 2.694250e-02
26 21 4.792610e-02
26 22 8.651600e-02
26 23 1.578500e-01
26 24 2.894070e-01
26 25 5.293550e-01
26 26 8.298610e-01
26 27 7.511330e-01
26 28 5.216420e-01
26 29 3.011930e-01
26 30 1.365500e-01
26 31 4.518940e-02
26 32 9.953450e-03
26 33 1.299130e-03
26 34 8.705360e-05
26 35 2.994530e-06
26 36 2.622960e-07
26 37 0.000000e+00
26 38 0.000000e+00
26 39 0.000000e+00
26 40 0.000000e+00
27 1 1.128050e-05
27 2 5.019880e-06
27 3 7.476730e-06
27 4 1.032750e-05
27 5 1.500090e-05
27 6 2.167840e-05
27 7 3.134950e-05
27 8 4.583550e-05
27 9 6.706770e-05
27 10 9.982980e-05
27 11 1.494780e-04
27 12 2.269990e-04
27 13 3.496850e-04
27 14 5.497990e-04
27 15 8.793550e-04
27 16 1.441310e-03
27 17 2.418160e-03
27 18 4.158130e-03
27 19 7.305080e-03
27 20 1.310200e-02
27 21 2.388970e-02
27 22 4.433450e-02
27 23 8.359050e-02
27 24 1.591950e-01
27 25 3.038390e-01
27 26 5.753480e-01
27 27 9.111760e-01
27 28 7.766810e-01
27 29 4.843030e-01
27 30 2.408240e-01
27 31 8.889280e-02
27 32 2.223330e-02
27 33 3.359400e-03
27 34 2.653700e-04
27 35 9.766510e-06
27 36 7.795130e-07
27 37 0.000000e+00
27 38 0.000000e+00
27 39 0.000000e+00
27 40 0.000000e+00
28 1 3.139380e-06
28 2 1.598970e-06
28 3 2.413920e-06
28 4 3.349870e-06
28 5 4.877700e-06
28 6 7.066960e-06
28 7 1.025070e-05
28 8 1.504320e-05
28 9 2.211280e-05
28 10 3.310270e-05
28 11 4.991710e-05
28 12 7.646050e-05
28 13 1.190480e-04
28 14 1.896410e-04
28 15 3.082300e-04
28 16 5.153140e-04
28 17 8.858160e-04
28 18 1.569890e-03
28 19 2.864630e-03
28 20 5.364170e-03
28 21 1.022260e-02
28 22 1.976810e-02
28 23 3.885320e-02
28 24 7.765690e-02
28 25 1.566730e-01
28 26 3.151580e-01
28 27 6.237380e-01
28 28 1.000510e+00
28 29 7.939530e-01
28 30 4.348950e-01
28 31 1.805190e-01
28 32 5.193840e-02
28 33 9.256480e-03
28 34 8.867830e-04
28 35 3.870040e-05
28 36 2.163030e-06
28 37 0.000000e+00
28 38 0.000000e+00
28 39 0.000000e+00
28 40 0.000000e+00
29 1 5.686280e-07
29 2 3.255030e-07
29 3 5.385420e-07
29 4 8.210040e-07
29 5 1.279390e-06
29 6 1.925230e-06
29 7 2.832560e-06
29 8 4.156300e-06
29 9 6.085720e-06
29 10 9.069630e-06
29 11 1.361500e-05
29 12 2.077390e-05
29 13 3.226640e-05
29 14 5.141010e-05
29 15 8.391310e-05
29 16 1.416740e-04
29 17 2.477610e-04
29 18 4.508800e-04
29 19 8.548660e-04
29 20 1.692010e-03
29 21 3.477840e-03
29 22 7.295340e-03
29 23 1.531260e-02
29 24 3.233710e-02
29 25 6.910750e-02
29 26 1.493360e-01
29 27 3.212410e-01
29 28 6.731950e-01
29 29 1.099050e+00
29 30 8.003490e-01
29 31 3.746460e-01
29 32 1.250330e-01
29 33 2.669290e-02
29 34 3.176640e-03
29 35 1.770190e-04
29 36 4.948320e-06
29 37 6.700260e-08
29 38 0.000000e+00
29 39 0.000000e+00
29 40 0.000000e+00
30 1 7.952080e-08
30 2 4.552060e-08
30 3 7.531330e-08
30 4 1.152090e-07
30 5 1.846020e-07
30 6 2.932590e-07
30 7 4.638410e-07
30 8 7.348170e-07
30 9 1.142390e-06
30 10 1.786100e-06
30 11 2.790590e-06
30 12 4.404590e-06
30 13 7.050820e-06
30 14 1.158060e-05
30 15 1.954440e-05
30 16 3.424240e-05
30 17 6.240360e-05
30 18 1.189050e-04
30 19 2.374770e-04
30 20 4.984260e-04
30 21 1.082030e-03
30 22 2.385690e-03
30 23 5.298200e-03
30 24 1.185500e-02
30 25 2.685480e-02
30 26 6.197670e-02
30 27 1.440280e-01
30 28 3.296120e-01
30 29 7.245090e-01
30 30 1.193950e+00
30 31 7.910040e-01
30 32 3.088380e-01
30 33 7.953960e-02
30 34 1.180040e-02
30 35 8.511180e-04
30 36 2.475480e-05
30 37 5.068400e-07
30 38 0.000000e+00
30 39 0.000000e+00
30 40 0.000000e+00
31 1 1.169170e-08
31 2 6.692780e-09
31 3 1.107310e-08
31 4 1.693890e-08
31 5 2.714150e-08
31 6 4.311720e-08
31 7 6.819220e-08
31 8 1.083750e-07
31 9 1.710570e-07
31 10 2.721620e-07
31 11 4.310000e-07
31 12 6.905070e-07
31 13 1.130620e-06
31 14 1.888870e-06
31 15 3.230800e-06
31 16 5.756740e-06
31 17 1.073150e-05
31 18 2.103260e-05
31 19 4.348240e-05
31 20 9.527030e-05
31 21 2.208380e-04
31 22 5.357570e-04
31 23 1.324470e-03
31 24 3.300350e-03
31 25 8.264820e-03
31 26 2.068970e-02
31 27 5.261490e-02
31 28 1.342110e-01
31 29 3.331060e-01
31 30 7.787630e-01
31 31 1.294840e+00
31 32 7.654180e-01
31 33 2.407710e-01
31 34 4.546460e-02
31 35 4.348680e-03
31 36 1.704560e-04
31 37 2.892310e-06
31 38 3.700510e-07
31 39 0.000000e+00
31 40 0.000000e+00
32 1 1.753330e-09
32 2 1.003670e-09
32 3 1.660560e-09
32 4 2.540210e-09
32 5 4.070230e-09
32 6 6.465980e-09
32 7 1.022630e-08
32 8 1.625220e-08
32 9 2.565220e-08
32 10 4.081420e-08
32 11 6.461570e-08
32 12 1.023930e-07
32 13 1.621020e-07
32 14 2.573370e-07
32 15 4.123250e-07
32 16 6.946330e-07
32 17 1.262290e-06
32 18 2.493290e-06
32 19 5.340280e-06
32 20 1.241360e-05
32 21 3.104930e-05
32 22 8.337600e-05
32 23 2.363580e-04
32 24 6.835270e-04
32 25 1.954930e-03
32 26 5.387150e-03
32 27 1.498190e-02
32 28 4.274940e-02
32 29 1.217810e-01
32 30 3.323560e-01
32 31 8.333410e-01
32 32 1.398180e+00
32 33 7.239700e-01
32 34 1.759060e-01
32 35 2.287790e-02
32 36 1.287480e-03
32 37 2.471260e-05
32 38 1.258990e-06
32 39 3.964490e-09
32 40 0.000000e+00
33 1 4.226100e-10
33 2 2.419200e-10
33 3 4.002500e-10
33 4 6.122800e-10
33 5 9.810700e-10
33 6 1.558530e-09
33 7 2.464900e-09
33 8 3.917350e-09
33 9 6.183080e-09
33 10 9.837660e-09
33 11 1.557460e-08
33 12 2.468020e-08
33 13 3.907230e-08
33 14 6.202690e-08
33 15 9.817590e-08
33 16 1.557280e-07
33 17 2.468120e-07
33 18 3.916980e-07
33 19 6.482530e-07
33 20 1.234240e-06
33 21 2.963970e-06
33 22 8.480660e-06
33 23 2.721310e-05
33 24 9.347160e-05
33 25 3.227560e-04
33 26 1.024060e-03
33 27 3.158070e-03
33 28 1.006300e-02
33 29 3.308330e-02
33 30 1.075340e-01
33 31 3.277870e-01
33 32 8.883040e-01
33 33 1.501160e+00
33 34 6.671330e-01
33 35 1.192250e-01
33 36 9.908680e-03
33 37 2.934230e-04
33 38 3.700240e-06
33 39 2.365000e-08
33 40 0.000000e+00
34 1 1.345500e-10
34 2 7.702000e-11
34 3 1.274300e-10
34 4 1.949300e-10
34 5 3.123400e-10
34 6 4.961900e-10
34 7 7.847500e-10
34 8 1.247170e-09
34 9 1.968520e-09
34 10 3.132030e-09
34 11 4.958530e-09
34 12 7.857490e-09
34 13 1.243950e-08
34 14 1.974760e-08
34 15 3.125640e-08
34 16 4.957940e-08
34 17 7.857780e-08
34 18 1.245470e-07
34 19 1.972560e-07
34 20 3.128000e-07
34 21 4.971410e-07
34 22 8.650020e-07
34 23 2.000270e-06
34 24 6.618320e-06
34 25 2.667510e-05
34 26 1.118260e-04
34 27 4.228280e-04
34 28 1.565140e-03
34 29 6.050150e-03
34 30 2.395510e-02
34 31 9.182350e-02
34 32 3.193280e-01
34 33 9.443190e-01
34 34 1.601320e+00
34 35 5.968670e-01
34 36 7.413450e-02
34 37 3.597220e-03
34 38 4.897540e-05
34 39 2.096180e-07
34 40 0.000000e+00
35 1 4.869100e-11
35 2 2.787300e-11
35 3 4.611500e-11
35 4 7.054400e-11
35 5 1.130300e-10
35 6 1.795700e-10
35 7 2.839900e-10
35 8 4.513400e-10
35 9 7.123800e-10
35 10 1.133450e-09
35 11 1.794430e-09
35 12 2.843530e-09
35 13 4.501720e-09
35 14 7.146430e-09
35 15 1.131130e-08
35 16 1.794220e-08
35 17 2.843640e-08
35 18 4.507220e-08
35 19 7.138450e-08
35 20 1.131980e-07
35 21 1.793660e-07
35 22 2.843330e-07
35 23 4.506630e-07
35 24 7.300740e-07
35 25 1.521150e-06
35 26 4.933820e-06
35 27 2.151670e-05
35 28 1.071830e-04
35 29 5.672310e-04
35 30 3.048940e-03
35 31 1.586760e-02
35 32 7.546690e-02
35 33 3.072560e-01
35 34 1.000210e+00
35 35 1.696140e+00
35 36 5.176640e-01
35 37 4.167470e-02
35 38 1.056400e-03
35 39 6.012630e-06
35 40 1.481690e-08
36 1 3.634600e-11
36 2 2.080600e-11
36 3 3.442300e-11
36 4 5.265700e-11
36 5 8.437400e-11
36 6 1.340400e-10
36 7 2.119900e-10
36 8 3.369000e-10
36 9 5.317600e-10
36 10 8.460600e-10
36 11 1.339450e-09
36 12 2.122550e-09
36 13 3.360300e-09
36 14 5.334440e-09
36 15 8.443330e-09
36 16 1.339290e-08
36 17 2.122630e-08
36 18 3.364410e-08
36 19 5.328480e-08
36 20 8.449680e-08
36 21 1.338880e-07
36 22 2.122400e-07
36 23 3.363770e-07
36 24 5.330550e-07
36 25 8.448840e-07
36 26 1.356200e-06
36 27 2.456950e-06
36 28 6.985450e-06
36 29 3.467210e-05
36 30 2.210940e-04
36 31 1.506620e-03
36 32 9.997680e-03
36 33 5.944950e-02
36 34 2.893250e-01
36 35 1.053710e+00
36 36 1.786020e+00
36 37 4.341070e-01
36 38 2.081010e-02
36 39 2.429660e-04
36 40 8.175750e-07
37 1 1.293800e-11
37 2 7.406300e-12
37 3 1.225400e-11
37 4 1.874500e-11
37 5 3.003500e-11
37 6 4.771400e-11
37 7 7.546200e-11
37 8 1.199300e-10
37 9 1.892900e-10
37 10 3.011800e-10
37 11 4.768100e-10
37 12 7.555800e-10
37 13 1.196190e-09
37 14 1.898930e-09
37 15 3.005620e-09
37 16 4.767560e-09
37 17 7.556060e-09
37 18 1.197650e-08
37 19 1.896810e-08
37 20 3.007890e-08
37 21 4.766080e-08
37 22 7.555240e-08
37 23 1.197420e-07
37 24 1.897550e-07
37 25 3.007580e-07
37 26 4.766670e-07
37 27 7.571830e-07
37 28 1.251750e-06
37 29 2.711830e-06
37 30 1.144940e-05
37 31 8.047250e-05
37 32 6.854980e-04
37 33 5.879860e-03
37 34 4.487650e-02
37 35 2.678320e-01
37 36 1.105890e+00
37 37 1.866620e+00
37 38 3.515470e-01
37 39 9.097330e-03
37 40 4.245840e-05
38 1 9.022600e-12
38 2 5.164900e-12
38 3 8.545200e-12
38 4 1.307200e-11
38 5 2.094500e-11
38 6 3.327400e-11
38 7 5.262400e-11
38 8 8.363400e-11
38 9 1.320100e-10
38 10 2.100300e-10
38 11 3.325100e-10
38 12 5.269100e-10
38 13 8.341800e-10
38 14 1.324250e-09
38 15 2.096010e-09
38 16 3.324720e-09
38 17 5.269320e-09
38 18 8.351970e-09
38 19 1.322770e-08
38 20 2.097590e-08
38 21 3.323690e-08
38 22 5.268750e-08
38 23 8.350370e-08
38 24 1.323280e-07
38 25 2.097380e-07
38 26 3.324100e-07
38 27 5.268290e-07
38 28 8.356900e-07
38 29 1.350080e-06
38 30 2.413720e-06
38 31 6.075820e-06
38 32 3.136230e-05
38 33 2.943870e-04
38 34 3.225940e-03
38 35 3.239540e-02
38 36 2.437980e-01
38 37 1.156380e+00
38 38 1.935610e+00
38 39 2.751800e-01
38 40 3.408060e-03
39 1 4.708600e-12
39 2 2.695300e-12
39 3 4.459400e-12
39 4 6.821700e-12
39 5 1.093100e-11
39 6 1.736400e-11
39 7 2.746300e-11
39 8 4.364500e-11
39 9 6.888900e-11
39 10 1.096100e-10
39 11 1.735300e-10
39 12 2.749800e-10
39 13 4.353200e-10
39 14 6.910700e-10
39 15 1.093830e-09
39 16 1.735050e-09
39 17 2.749860e-09
39 18 4.358570e-09
39 19 6.903020e-09
39 20 1.094650e-08
39 21 1.734510e-08
39 22 2.749560e-08
39 23 4.357740e-08
39 24 6.905700e-08
39 25 1.094540e-07
39 26 1.734720e-07
39 27 2.749320e-07
39 28 4.357370e-07
39 29 6.906750e-07
39 30 1.095950e-06
39 31 1.754410e-06
39 32 3.215850e-06
39 33 1.134590e-05
39 34 1.108990e-04
39 35 1.606350e-03
39 36 2.218490e-02
39 37 2.182950e-01
39 38 1.205470e+00
39 39 1.991240e+00
39 40 2.095900e-01
40 1 2.755400e-12
40 2 1.577300e-12
40 3 2.609700e-12
40 4 3.992100e-12
40 5 6.396600e-12
40 6 1.016200e-11
40 7 1.607100e-11
40 8 2.554100e-11
40 9 4.031400e-11
40 10 6.414200e-11
40 11 1.015500e-10
40 12 1.609200e-10
40 13 2.547500e-10
40 14 4.044200e-10
40 15 6.401100e-10
40 16 1.015350e-09
40 17 1.609220e-09
40 18 2.550640e-09
40 19 4.039650e-09
40 20 6.405900e-09
40 21 1.015030e-08
40 22 1.609040e-08
40 23 2.550150e-08
40 24 4.041220e-08
40 25 6.405250e-08
40 26 1.015160e-07
40 27 1.608900e-07
40 28 2.549940e-07
40 29 4.041350e-07
40 30 6.405980e-07
40 31 1.017370e-06
40 32 1.622510e-06
40 33 2.604040e-06
40 34 4.835670e-06
40 35 2.898350e-05
40 36 6.315610e-04
40 37 1.386500e-02
40 38 1.917650e-01
40 39 1.254820e+00
40 40 2.185980e+00
