1 1.439590e-01
2 1.284420e-01
3 1.144110e-01
4 1.019200e-01
5 9.089110e-02
6 8.100960e-02
7 7.219720e-02
8 6.432330e-02
9 5.734720e-02
10 5.110070e-02
11 4.553350e-02
12 4.059440e-02
13 3.617400e-02
14 3.224510e-02
15 2.873320e-02
16 2.561310e-02
17 2.282840e-02
18 2.034020e-02
19 1.813470e-02
20 1.615950e-02
21 1.440090e-02
22 1.283910e-02
23 1.144050e-02
24 1.019570e-02
25 9.088690e-03
26 8.101230e-03
27 7.218910e-03
28 6.434940e-03
29 5.735790e-03
30 5.110940e-03
31 4.557670e-03
32 4.062660e-03
33 3.624420e-03
34 3.231270e-03
35 2.881650e-03
36 2.570330e-03
37 2.302320e-03
38 2.080410e-03
39 1.874080e-03
40 1.656190e-03
