1 1 1.440620e-01
1 2 5.345350e-02
1 3 7.011670e-02
1 4 8.487650e-02
1 5 1.077560e-01
1 6 1.352700e-01
1 7 1.688610e-01
1 8 2.114670e-01
1 9 2.625550e-01
1 10 3.277390e-01
1 11 4.056850e-01
1 12 5.007140e-01
1 13 6.143910e-01
1 14 7.510500e-01
1 15 9.080740e-01
1 16 1.089110e+00
1 17 1.288540e+00
1 18 1.500450e+00
1 19 1.711200e+00
1 20 1.905150e+00
1 21 2.053260e+00
1 22 2.126890e+00
1 23 2.094170e+00
1 24 1.935380e+00
1 25 1.652510e+00
1 26 1.277100e+00
1 27 8.711220e-01
1 28 5.082120e-01
1 29 2.438370e-01
1 30 9.164230e-02
1 31 2.540230e-02
1 32 4.821040e-03
1 33 5.713820e-04
1 34 3.803580e-05
1 35 2.687050e-06
1 36 4.044860e-08
1 37 0.000000e+00
1 38 0.000000e+00
1 39 0.000000e+00
1 40 0.000000e+00
2 1 1.144640e-01
2 2 4.643850e-02
2 3 6.259980e-02
2 4 7.587470e-02
2 5 9.632810e-02
2 6 1.209250e-01
2 7 1.509550e-01
2 8 1.890440e-01
2 9 2.347180e-01
2 10 2.929930e-01
2 11 3.626850e-01
2 12 4.476470e-01
2 13 5.492880e-01
2 14 6.714830e-01
2 15 8.119130e-01
2 16 9.738500e-01
2 17 1.152220e+00
2 18 1.341820e+00
2 19 1.530430e+00
2 20 1.704130e+00
2 21 1.836890e+00
2 22 1.903120e+00
2 23 1.874300e+00
2 24 1.732710e+00
2 25 1.480060e+00
2 26 1.144410e+00
2 27 7.811140e-01
2 28 4.560650e-01
2 29 2.190280e-01
2 30 8.241380e-02
2 31 2.287960e-02
2 32 4.350350e-03
2 33 5.167460e-04
2 34 3.450090e-05
2 35 2.440950e-06
2 36 3.690960e-08
2 37 0.000000e+00
2 38 0.000000e+00
2 39 0.000000e+00
2 40 0.000000e+00
3 1 9.019350e-02
3 2 3.783320e-02
3 3 5.437360e-02
3 4 6.769090e-02
3 5 8.601780e-02
3 6 1.079830e-01
3 7 1.348000e-01
3 8 1.688150e-01
3 9 2.096030e-01
3 10 2.616480e-01
3 11 3.238920e-01
3 12 3.997770e-01
3 13 4.905610e-01
3 14 5.997160e-01
3 15 7.251630e-01
3 16 8.698870e-01
3 17 1.029280e+00
3 18 1.198760e+00
3 19 1.367430e+00
3 20 1.522890e+00
3 21 1.641850e+00
3 22 1.701480e+00
3 23 1.676250e+00
3 24 1.550220e+00
3 25 1.324840e+00
3 26 1.025040e+00
3 27 7.002040e-01
3 28 4.092340e-01
3 29 1.967750e-01
3 30 7.415160e-02
3 31 2.062540e-02
3 32 3.930820e-03
3 33 4.682390e-04
3 34 3.139070e-05
3 35 2.224100e-06
3 36 3.382260e-08
3 37 0.000000e+00
3 38 0.000000e+00
3 39 0.000000e+00
3 40 0.000000e+00
4 1 7.019700e-02
4 2 2.972740e-02
4 3 4.421320e-02
4 4 5.895210e-02
4 5 7.680730e-02
4 6 9.649240e-02
4 7 1.204570e-01
4 8 1.508550e-01
4 9 1.873060e-01
4 10 2.338210e-01
4 11 2.894520e-01
4 12 3.572810e-01
4 13 4.384330e-01
4 14 5.360160e-01
4 15 6.481600e-01
4 16 7.776070e-01
4 17 9.201940e-01
4 18 1.071840e+00
4 19 1.222840e+00
4 20 1.362120e+00
4 21 1.468900e+00
4 22 1.522730e+00
4 23 1.500790e+00
4 24 1.388650e+00
4 25 1.187450e+00
4 26 9.194760e-01
4 27 6.287270e-01
4 28 3.679160e-01
4 29 1.771760e-01
4 30 6.689390e-02
4 31 1.865050e-02
4 32 3.564580e-03
4 33 4.261280e-04
4 34 2.872720e-05
4 35 2.037870e-06
4 36 3.120950e-08
4 37 0.000000e+00
4 38 0.000000e+00
4 39 0.000000e+00
4 40 0.000000e+00
5 1 5.636210e-02
5 2 2.360780e-02
5 3 3.505140e-02
5 4 4.803230e-02
5 5 6.707990e-02
5 6 8.633750e-02
5 7 1.078380e-01
5 8 1.350530e-01
5 9 1.676900e-01
5 10 2.093380e-01
5 11 2.591530e-01
5 12 3.198950e-01
5 13 3.925770e-01
5 14 4.799800e-01
5 15 5.804430e-01
5 16 6.964320e-01
5 17 8.242720e-01
5 18 9.602540e-01
5 19 1.095740e+00
5 20 1.220840e+00
5 21 1.316940e+00
5 22 1.365750e+00
5 23 1.346760e+00
5 24 1.246910e+00
5 25 1.067070e+00
5 26 8.270370e-01
5 27 5.662260e-01
5 28 3.318480e-01
5 29 1.601070e-01
5 30 6.059130e-02
5 31 1.694200e-02
5 32 3.249400e-03
5 33 3.901530e-04
5 34 2.646060e-05
5 35 2.225860e-06
5 36 2.582850e-07
5 37 0.000000e+00
5 38 0.000000e+00
5 39 0.000000e+00
5 40 0.000000e+00
6 1 4.459860e-02
6 2 1.858920e-02
6 3 2.763920e-02
6 4 3.793520e-02
6 5 5.452020e-02
6 6 7.549860e-02
6 7 9.654780e-02
6 8 1.209590e-01
6 9 1.501950e-01
6 10 1.875030e-01
6 11 2.321290e-01
6 12 2.865550e-01
6 13 3.516840e-01
6 14 4.300160e-01
6 15 5.200740e-01
6 16 6.240620e-01
6 17 7.387750e-01
6 18 8.608230e-01
6 19 9.825170e-01
6 20 1.095030e+00
6 21 1.181660e+00
6 22 1.226090e+00
6 23 1.209780e+00
6 24 1.121000e+00
6 25 9.602620e-01
6 26 7.451200e-01
6 27 5.109360e-01
6 28 3.000170e-01
6 29 1.450910e-01
6 30 5.506920e-02
6 31 1.545300e-02
6 32 2.976870e-03
6 33 3.593840e-04
6 34 2.453280e-05
6 35 2.713900e-06
6 36 6.706700e-07
6 37 0.000000e+00
6 38 0.000000e+00
6 39 0.000000e+00
6 40 0.000000e+00
7 1 3.419770e-02
7 2 1.420600e-02
7 3 2.136990e-02
7 4 2.960990e-02
7 5 4.280920e-02
7 6 6.116690e-02
7 7 8.456750e-02
7 8 1.084390e-01
7 9 1.346830e-01
7 10 1.681450e-01
7 11 2.081750e-01
7 12 2.569990e-01
7 13 3.154360e-01
7 14 3.857370e-01
7 15 4.665670e-01
7 16 5.599540e-01
7 17 6.630220e-01
7 18 7.727510e-01
7 19 8.822810e-01
7 20 9.836760e-01
7 21 1.061980e+00
7 22 1.102630e+00
7 23 1.088820e+00
7 24 1.009910e+00
7 25 8.661670e-01
7 26 6.731040e-01
7 27 4.624210e-01
7 28 2.721750e-01
7 29 1.320100e-01
7 30 5.028530e-02
7 31 1.417290e-02
7 32 2.745210e-03
7 33 3.336180e-04
7 34 2.295530e-05
7 35 2.620560e-06
7 36 6.813880e-07
7 37 0.000000e+00
7 38 0.000000e+00
7 39 0.000000e+00
7 40 0.000000e+00
8 1 2.661990e-02
8 2 1.106300e-02
8 3 1.665610e-02
8 4 2.314350e-02
8 5 3.354330e-02
8 6 4.802410e-02
8 7 6.835440e-02
8 8 9.509630e-02
8 9 1.209070e-01
8 10 1.509760e-01
8 11 1.869300e-01
8 12 2.307880e-01
8 13 2.832940e-01
8 14 3.464740e-01
8 15 4.191410e-01
8 16 5.031430e-01
8 17 5.958870e-01
8 18 6.947440e-01
8 19 7.935270e-01
8 20 8.851380e-01
8 21 9.561630e-01
8 22 9.935390e-01
8 23 9.820420e-01
8 24 9.119880e-01
8 25 7.833620e-01
8 26 6.099110e-01
8 27 4.199720e-01
8 28 2.479150e-01
8 29 1.206760e-01
8 30 4.617250e-02
8 31 1.308440e-02
8 32 2.551320e-03
8 33 3.125590e-04
8 34 2.171700e-05
8 35 2.483980e-06
8 36 6.478150e-07
8 37 0.000000e+00
8 38 0.000000e+00
8 39 0.000000e+00
8 40 0.000000e+00
9 1 2.165040e-02
9 2 8.817540e-03
9 3 1.305600e-02
9 4 1.801210e-02
9 5 2.620710e-02
9 6 3.767710e-02
9 7 5.373910e-02
9 8 7.691920e-02
9 9 1.063570e-01
9 10 1.358880e-01
9 11 1.682780e-01
9 12 2.077820e-01
9 13 2.550830e-01
9 14 3.120170e-01
9 15 3.775430e-01
9 16 4.533140e-01
9 17 5.370330e-01
9 18 6.263850e-01
9 19 7.157940e-01
9 20 7.989050e-01
9 21 8.636610e-01
9 22 8.982820e-01
9 23 8.889590e-01
9 24 8.267750e-01
9 25 7.114830e-01
9 26 5.552840e-01
9 27 3.834360e-01
9 28 2.271630e-01
9 29 1.110660e-01
9 30 4.272660e-02
9 31 1.218820e-02
9 32 2.395780e-03
9 33 2.963550e-04
9 34 2.083650e-05
9 35 2.387730e-06
9 36 6.250160e-07
9 37 0.000000e+00
9 38 0.000000e+00
9 39 0.000000e+00
9 40 0.000000e+00
10 1 1.681990e-02
10 2 6.841190e-03
10 3 1.017180e-02
10 4 1.406350e-02
10 5 2.045060e-02
10 6 2.944450e-02
10 7 4.207380e-02
10 8 6.029280e-02
10 9 8.579740e-02
10 10 1.197280e-01
10 11 1.517690e-01
10 12 1.874310e-01
10 13 2.301340e-01
10 14 2.815550e-01
10 15 3.407470e-01
10 16 4.092770e-01
10 17 4.850590e-01
10 18 5.660290e-01
10 19 6.472230e-01
10 20 7.229060e-01
10 21 7.822180e-01
10 22 8.145560e-01
10 23 8.072800e-01
10 24 7.521840e-01
10 25 6.487850e-01
10 26 5.078140e-01
10 27 3.519010e-01
10 28 2.093920e-01
10 29 1.029330e-01
10 30 3.985980e-02
10 31 1.146210e-02
10 32 2.275030e-03
10 33 2.847100e-04
10 34 2.032470e-05
10 35 2.330690e-06
10 36 6.129330e-07
10 37 0.000000e+00
10 38 0.000000e+00
10 39 0.000000e+00
10 40 0.000000e+00
11 1 1.284320e-02
11 2 5.222380e-03
11 3 7.748390e-03
11 4 1.068910e-02
11 5 1.555570e-02
11 6 2.254950e-02
11 7 3.248350e-02
11 8 4.681530e-02
11 9 6.687140e-02
11 10 9.625120e-02
11 11 1.340220e-01
11 12 1.695820e-01
11 13 2.082640e-01
11 14 2.548520e-01
11 15 3.085260e-01
11 16 3.707180e-01
11 17 4.395720e-01
11 18 5.132490e-01
11 19 5.873270e-01
11 20 6.566020e-01
11 21 7.112600e-01
11 22 7.417330e-01
11 23 7.364480e-01
11 24 6.877240e-01
11 25 5.948640e-01
11 26 4.672280e-01
11 27 3.251870e-01
11 28 1.945220e-01
11 29 9.625380e-02
11 30 3.757150e-02
11 31 1.090940e-02
11 32 2.190740e-03
11 33 2.780140e-04
11 34 2.019670e-05
11 35 2.317790e-06
11 36 6.131380e-07
11 37 0.000000e+00
11 38 0.000000e+00
11 39 0.000000e+00
11 40 0.000000e+00
12 1 1.038210e-02
12 2 4.214970e-03
12 3 6.226730e-03
12 4 8.524570e-03
12 5 1.225980e-02
12 6 1.748550e-02
12 7 2.503190e-02
12 8 3.624550e-02
12 9 5.202160e-02
12 10 7.505280e-02
12 11 1.077170e-01
12 12 1.503120e-01
12 13 1.892200e-01
12 14 2.316120e-01
12 15 2.805020e-01
12 16 3.372010e-01
12 17 4.000650e-01
12 18 4.674770e-01
12 19 5.354380e-01
12 20 5.992810e-01
12 21 6.500560e-01
12 22 6.790720e-01
12 23 6.757770e-01
12 24 6.328260e-01
12 25 5.492680e-01
12 26 4.332460e-01
12 27 3.031380e-01
12 28 1.825030e-01
12 29 9.102490e-02
12 30 3.587230e-02
12 31 1.053690e-02
12 32 2.145230e-03
12 33 2.767170e-04
12 34 2.048470e-05
12 35 2.352570e-06
12 36 6.269640e-07
12 37 0.000000e+00
12 38 0.000000e+00
12 39 0.000000e+00
12 40 0.000000e+00
13 1 7.569520e-03
13 2 3.075390e-03
13 3 4.544120e-03
13 4 6.214830e-03
13 5 8.941640e-03
13 6 1.284300e-02
13 7 1.852540e-02
13 8 2.706180e-02
13 9 3.938430e-02
13 10 5.745800e-02
13 11 8.306450e-02
13 12 1.200990e-01
13 13 1.682190e-01
13 14 2.114540e-01
13 15 2.561900e-01
13 16 3.081470e-01
13 17 3.658510e-01
13 18 4.278690e-01
13 19 4.906000e-01
13 20 5.498630e-01
13 21 5.974500e-01
13 22 6.254140e-01
13 23 6.240430e-01
13 24 5.863190e-01
13 25 5.109950e-01
13 26 4.051100e-01
13 27 2.852260e-01
13 28 1.730430e-01
13 29 8.712040e-02
13 30 3.472650e-02
13 31 1.034100e-02
13 32 2.140090e-03
13 33 2.814760e-04
13 34 2.129290e-05
13 35 2.448280e-06
13 36 6.585390e-07
13 37 0.000000e+00
13 38 0.000000e+00
13 39 0.000000e+00
13 40 0.000000e+00
14 1 6.305340e-03
14 2 2.560180e-03
14 3 3.781340e-03
14 4 5.169830e-03
14 5 7.417590e-03
14 6 1.056710e-02
14 7 1.504450e-02
14 8 2.157060e-02
14 9 3.079610e-02
14 10 4.467260e-02
14 11 6.449580e-02
14 12 9.310020e-02
14 13 1.344650e-01
14 14 1.888080e-01
14 15 2.351700e-01
14 16 2.830410e-01
14 17 3.363370e-01
14 18 3.937770e-01
14 19 4.521250e-01
14 20 5.076180e-01
14 21 5.527320e-01
14 22 5.800960e-01
14 23 5.807590e-01
14 24 5.478890e-01
14 25 4.799240e-01
14 26 3.828610e-01
14 27 2.716110e-01
14 28 1.663200e-01
14 29 8.468120e-02
14 30 3.421070e-02
14 31 1.035120e-02
14 32 2.182700e-03
14 33 2.934220e-04
14 34 2.272830e-05
14 35 2.535340e-06
14 36 6.540550e-07
14 37 0.000000e+00
14 38 0.000000e+00
14 39 0.000000e+00
14 40 0.000000e+00
15 1 4.850510e-03
15 2 1.969820e-03
15 3 2.909730e-03
15 4 3.977860e-03
15 5 5.706410e-03
15 6 8.118880e-03
15 7 1.152760e-02
15 8 1.653130e-02
15 9 2.370060e-02
15 10 3.438040e-02
15 11 4.960880e-02
15 12 7.164190e-02
15 13 1.035030e-01
15 14 1.503960e-01
15 15 2.110890e-01
15 16 2.617150e-01
15 17 3.113170e-01
15 18 3.649560e-01
15 19 4.196340e-01
15 20 4.721880e-01
15 21 5.154650e-01
15 22 5.426500e-01
15 23 5.454020e-01
15 24 5.170320e-01
15 25 4.556080e-01
15 26 3.661430e-01
15 27 2.620810e-01
15 28 1.622400e-01
15 29 8.369270e-02
15 30 3.434670e-02
15 31 1.058700e-02
15 32 2.281640e-03
15 33 3.146140e-04
15 34 2.508010e-05
15 35 2.124910e-06
15 36 2.117930e-07
15 37 0.000000e+00
15 38 0.000000e+00
15 39 0.000000e+00
15 40 0.000000e+00
16 1 3.623490e-03
16 2 1.472130e-03
16 3 2.175120e-03
16 4 2.974590e-03
16 5 4.268070e-03
16 6 6.072910e-03
16 7 8.614840e-03
16 8 1.232460e-02
16 9 1.763240e-02
16 10 2.560230e-02
16 11 3.717710e-02
16 12 5.410730e-02
16 13 7.862260e-02
16 14 1.146980e-01
16 15 1.673720e-01
16 16 2.364790e-01
16 17 2.906370e-01
16 18 3.412380e-01
16 19 3.931160e-01
16 20 4.433690e-01
16 21 4.854930e-01
16 22 5.129550e-01
16 23 5.179180e-01
16 24 4.937730e-01
16 25 4.381620e-01
16 26 3.551460e-01
16 27 2.568800e-01
16 28 1.610350e-01
16 29 8.434360e-02
16 30 3.524790e-02
16 31 1.110020e-02
16 32 2.453110e-03
16 33 3.483020e-04
16 34 2.869780e-05
16 35 2.193360e-06
16 36 4.424340e-08
16 37 0.000000e+00
16 38 0.000000e+00
16 39 0.000000e+00
16 40 0.000000e+00
17 1 2.842450e-03
17 2 1.154560e-03
17 3 1.705560e-03
17 4 2.332160e-03
17 5 3.346260e-03
17 6 4.761080e-03
17 7 6.753310e-03
17 8 9.647850e-03
17 9 1.373990e-02
17 10 1.981590e-02
17 11 2.856370e-02
17 12 4.133900e-02
17 13 5.987480e-02
17 14 8.718090e-02
17 15 1.271100e-01
17 16 1.867420e-01
17 17 2.643660e-01
17 18 3.217710e-01
17 19 3.716200e-01
17 20 4.202380e-01
17 21 4.618430e-01
17 22 4.901470e-01
17 23 4.975600e-01
17 24 4.776070e-01
17 25 4.273550e-01
17 26 3.499100e-01
17 27 2.562240e-01
17 28 1.630010e-01
17 29 8.688850e-02
17 30 3.707620e-02
17 31 1.196370e-02
17 32 2.719690e-03
17 33 3.989020e-04
17 34 3.407710e-05
17 35 2.629850e-06
17 36 5.525630e-08
17 37 0.000000e+00
17 38 0.000000e+00
17 39 0.000000e+00
17 40 0.000000e+00
18 1 2.093380e-03
18 2 8.506220e-04
18 3 1.256880e-03
18 4 1.718880e-03
18 5 2.466750e-03
18 6 3.510860e-03
18 7 4.981360e-03
18 8 7.114440e-03
18 9 1.012250e-02
18 10 1.458250e-02
18 11 2.102000e-02
18 12 3.050460e-02
18 13 4.441580e-02
18 14 6.499230e-02
18 15 9.509880e-02
18 16 1.401270e-01
18 17 2.075670e-01
18 18 2.954650e-01
18 19 3.552950e-01
18 20 4.031430e-01
18 21 4.448420e-01
18 22 4.745160e-01
18 23 4.846800e-01
18 24 4.688690e-01
18 25 4.235260e-01
18 26 3.507980e-01
18 27 2.604850e-01
18 28 1.685140e-01
18 29 9.163780e-02
18 30 4.004070e-02
18 31 1.328370e-02
18 32 3.118790e-03
18 33 4.748040e-04
18 34 4.226360e-05
18 35 3.303280e-06
18 36 7.266350e-08
18 37 0.000000e+00
18 38 0.000000e+00
18 39 0.000000e+00
18 40 0.000000e+00
19 1 1.455850e-03
19 2 5.921320e-04
19 3 8.751780e-04
19 4 1.197410e-03
19 5 1.719240e-03
19 6 2.448380e-03
19 7 3.476720e-03
19 8 4.969860e-03
19 9 7.072910e-03
19 10 1.018560e-02
19 11 1.468430e-02
19 12 2.136470e-02
19 13 3.134080e-02
19 14 4.650380e-02
19 15 6.900860e-02
19 16 1.027200e-01
19 17 1.533470e-01
19 18 2.302610e-01
19 19 3.302260e-01
19 20 3.924180e-01
19 21 4.349780e-01
19 22 4.666450e-01
19 23 4.799600e-01
19 24 4.683010e-01
19 25 4.274970e-01
19 26 3.586720e-01
19 27 2.705120e-01
19 28 1.783240e-01
19 29 9.916970e-02
19 30 4.450480e-02
19 31 1.523810e-02
19 32 3.712410e-03
19 33 5.901110e-04
19 34 5.510130e-05
19 35 3.914050e-06
19 36 1.019150e-07
19 37 3.632840e-09
19 38 0.000000e+00
19 39 0.000000e+00
19 40 0.000000e+00
20 1 1.104800e-03
20 2 4.493960e-04
20 3 6.641870e-04
20 4 9.086590e-04
20 5 1.304500e-03
20 6 1.857560e-03
20 7 2.637360e-03
20 8 3.769120e-03
20 9 5.362360e-03
20 10 7.710610e-03
20 11 1.106880e-02
20 12 1.598070e-02
20 13 2.318470e-02
20 14 3.392270e-02
20 15 5.003570e-02
20 16 7.469860e-02
20 17 1.118750e-01
20 18 1.684810e-01
20 19 2.553540e-01
20 20 3.684040e-01
20 21 4.302890e-01
20 22 4.647930e-01
20 23 4.820470e-01
20 24 4.751460e-01
20 25 4.392110e-01
20 26 3.741210e-01
20 27 2.873510e-01
20 28 1.935830e-01
20 29 1.104500e-01
20 30 5.107740e-02
20 31 1.810960e-02
20 32 4.592160e-03
20 33 7.639720e-04
20 34 7.496380e-05
20 35 4.547250e-06
20 36 1.484030e-07
20 37 5.443240e-09
20 38 0.000000e+00
20 39 0.000000e+00
20 40 0.000000e+00
21 1 7.943320e-04
21 2 3.232690e-04
21 3 4.778200e-04
21 4 6.537710e-04
21 5 9.387970e-04
21 6 1.337120e-03
21 7 1.899040e-03
21 8 2.715370e-03
21 9 3.865290e-03
21 10 5.561740e-03
21 11 7.989690e-03
21 12 1.154120e-02
21 13 1.675720e-02
21 14 2.458780e-02
21 15 3.623190e-02
21 16 5.381920e-02
21 17 8.043260e-02
21 18 1.212050e-01
21 19 1.841390e-01
21 20 2.826610e-01
21 21 4.100400e-01
21 22 4.703740e-01
21 23 4.925400e-01
21 24 4.910490e-01
21 25 4.603100e-01
21 26 3.987810e-01
21 27 3.125900e-01
21 28 2.157540e-01
21 29 1.266840e-01
21 30 6.057970e-02
21 31 2.233570e-02
21 32 5.924680e-03
21 33 1.037780e-03
21 34 1.078870e-04
21 35 6.415620e-06
21 36 2.333650e-07
21 37 8.471610e-09
21 38 0.000000e+00
21 39 0.000000e+00
21 40 0.000000e+00
22 1 5.383690e-04
22 2 2.193870e-04
22 3 3.243730e-04
22 4 4.439740e-04
22 5 6.377680e-04
22 6 9.088850e-04
22 7 1.291670e-03
22 8 1.848250e-03
22 9 2.633680e-03
22 10 3.794410e-03
22 11 5.459230e-03
22 12 7.897410e-03
22 13 1.148210e-02
22 14 1.687270e-02
22 15 2.493480e-02
22 16 3.721040e-02
22 17 5.589370e-02
22 18 8.469400e-02
22 19 1.294690e-01
22 20 2.001260e-01
22 21 3.120840e-01
22 22 4.566350e-01
22 23 5.126150e-01
22 24 5.175940e-01
22 25 4.926080e-01
22 26 4.347750e-01
22 27 3.485140e-01
22 28 2.470530e-01
22 29 1.497420e-01
22 30 7.433310e-02
22 31 2.863140e-02
22 32 7.990200e-03
22 33 1.483820e-03
22 34 1.648560e-04
22 35 9.987100e-06
22 36 4.010360e-07
22 37 1.423720e-08
22 38 0.000000e+00
22 39 0.000000e+00
22 40 0.000000e+00
23 1 3.404440e-04
23 2 1.389060e-04
23 3 2.054520e-04
23 4 2.813480e-04
23 5 4.044450e-04
23 6 5.767980e-04
23 7 8.205350e-04
23 8 1.175650e-03
23 9 1.677730e-03
23 10 2.421640e-03
23 11 3.492400e-03
23 12 5.066830e-03
23 13 7.388130e-03
23 14 1.088380e-02
23 15 1.613970e-02
23 16 2.425240e-02
23 17 3.683090e-02
23 18 5.652800e-02
23 19 8.747090e-02
23 20 1.368000e-01
23 21 2.158610e-01
23 22 3.438640e-01
23 23 5.084450e-01
23 24 5.565520e-01
23 25 5.385290e-01
23 26 4.849070e-01
23 27 3.983750e-01
23 28 2.907070e-01
23 29 1.824510e-01
23 30 9.438830e-02
23 31 3.816450e-02
23 32 1.127670e-02
23 33 2.237740e-03
23 34 2.684230e-04
23 35 1.744100e-05
23 36 7.575330e-07
23 37 2.588730e-08
23 38 0.000000e+00
23 39 0.000000e+00
23 40 0.000000e+00
24 1 2.126490e-04
24 2 8.697100e-05
24 3 1.286860e-04
24 4 1.763150e-04
24 5 2.535770e-04
24 6 3.619070e-04
24 7 5.153170e-04
24 8 7.390760e-04
24 9 1.056160e-03
24 10 1.527090e-03
24 11 2.206690e-03
24 12 3.209530e-03
24 13 4.694390e-03
24 14 6.937430e-03
24 15 1.031690e-02
24 16 1.554760e-02
24 17 2.369960e-02
24 18 3.658930e-02
24 19 5.712950e-02
24 20 9.027350e-02
24 21 1.440870e-01
24 22 2.324540e-01
24 23 3.781630e-01
24 24 5.645540e-01
24 25 6.002570e-01
24 26 5.526510e-01
24 27 4.663490e-01
24 28 3.516670e-01
24 29 2.294200e-01
24 30 1.242520e-01
24 31 5.300980e-02
24 32 1.667400e-02
24 33 3.557040e-03
24 34 4.636090e-04
24 35 3.275530e-05
24 36 1.534540e-06
24 37 4.933700e-08
24 38 6.411900e-10
24 39 0.000000e+00
24 40 0.000000e+00
25 1 1.238480e-04
25 2 5.083370e-05
25 3 7.525070e-05
25 4 1.031540e-04
25 5 1.484750e-04
25 6 2.121020e-04
25 7 3.023400e-04
25 8 4.342710e-04
25 9 6.216800e-04
25 10 9.007920e-04
25 11 1.305270e-03
25 12 1.904790e-03
25 13 2.797250e-03
25 14 4.154110e-03
25 15 6.211600e-03
25 16 9.416670e-03
25 17 1.445560e-02
25 18 2.250360e-02
25 19 3.548910e-02
25 20 5.676710e-02
25 21 9.186390e-02
25 22 1.504880e-01
25 23 2.489980e-01
25 24 4.149420e-01
25 25 6.261670e-01
25 26 6.435480e-01
25 27 5.589260e-01
25 28 4.366000e-01
25 29 2.971360e-01
25 30 1.692460e-01
25 31 7.663650e-02
25 32 2.583770e-02
25 33 5.974390e-03
25 34 8.542610e-04
25 35 6.658260e-05
25 36 3.118810e-06
25 37 1.011180e-07
25 38 2.615120e-09
25 39 0.000000e+00
25 40 0.000000e+00
26 1 6.121410e-05
26 2 2.541670e-05
26 3 3.764440e-05
26 4 5.163620e-05
26 5 7.437870e-05
26 6 1.063560e-04
26 7 1.517990e-04
26 8 2.184110e-04
26 9 3.133290e-04
26 10 4.552360e-04
26 11 6.619020e-04
26 12 9.700680e-04
26 13 1.432340e-03
26 14 2.141750e-03
26 15 3.229880e-03
26 16 4.946020e-03
26 17 7.681860e-03
26 18 1.214090e-02
26 19 1.952680e-02
26 20 3.200740e-02
26 21 5.328600e-02
26 22 8.994740e-02
26 23 1.533390e-01
26 24 2.634020e-01
26 25 4.542530e-01
26 26 6.964090e-01
26 27 6.875800e-01
26 28 5.565100e-01
26 29 3.957240e-01
26 30 2.377040e-01
26 31 1.147700e-01
26 32 4.180040e-02
26 33 1.060070e-02
26 34 1.691820e-03
26 35 1.498810e-04
26 36 7.339480e-06
26 37 2.672270e-07
26 38 1.033430e-08
26 39 0.000000e+00
26 40 0.000000e+00
27 1 3.111190e-05
27 2 1.301800e-05
27 3 1.929260e-05
27 4 2.648680e-05
27 5 3.819210e-05
27 6 5.467680e-05
27 7 7.815970e-05
27 8 1.126450e-04
27 9 1.619750e-04
27 10 2.360060e-04
27 11 3.443330e-04
27 12 5.067660e-04
27 13 7.520640e-04
27 14 1.131350e-03
27 15 1.718670e-03
27 16 2.654550e-03
27 17 4.163400e-03
27 18 6.646380e-03
27 19 1.079790e-02
27 20 1.788830e-02
27 21 3.012690e-02
27 22 5.162260e-02
27 23 8.978520e-02
27 24 1.578900e-01
27 25 2.796600e-01
27 26 4.959510e-01
27 27 7.679350e-01
27 28 7.243240e-01
27 29 5.411320e-01
27 30 3.450430e-01
27 31 1.788360e-01
27 32 7.078490e-02
27 33 1.977170e-02
27 34 3.526720e-03
27 35 3.544590e-04
27 36 1.830670e-05
27 37 7.364700e-07
27 38 3.718630e-08
27 39 0.000000e+00
27 40 0.000000e+00
28 1 1.273250e-05
28 2 5.602010e-06
28 3 8.310210e-06
28 4 1.141940e-05
28 5 1.648370e-05
28 6 2.363250e-05
28 7 3.383900e-05
28 8 4.887760e-05
28 9 7.046440e-05
28 10 1.030000e-04
28 11 1.508770e-04
28 12 2.231670e-04
28 13 3.332350e-04
28 14 5.051320e-04
28 15 7.745000e-04
28 16 1.209920e-03
28 17 1.924170e-03
28 18 3.124200e-03
28 19 5.179510e-03
28 20 8.779440e-03
28 21 1.515860e-02
28 22 2.666720e-02
28 23 4.774570e-02
28 24 8.676330e-02
28 25 1.593590e-01
28 26 2.939670e-01
28 27 5.404010e-01
28 28 8.472880e-01
28 29 7.568990e-01
28 30 5.137150e-01
28 31 2.872030e-01
28 32 1.244640e-01
28 33 3.870070e-02
28 34 7.828500e-03
28 35 9.108710e-04
28 36 5.261180e-05
28 37 1.864320e-06
28 38 1.382640e-07
28 39 0.000000e+00
28 40 0.000000e+00
29 1 3.796050e-06
29 2 1.997330e-06
29 3 3.030180e-06
29 4 4.193810e-06
29 5 6.059500e-06
29 6 8.691310e-06
29 7 1.244940e-05
29 8 1.798810e-05
29 9 2.594420e-05
29 10 3.795130e-05
29 11 5.565650e-05
29 12 8.246790e-05
29 13 1.234740e-04
29 14 1.879220e-04
29 15 2.898580e-04
29 16 4.567250e-04
29 17 7.350970e-04
29 18 1.212980e-03
29 19 2.054660e-03
29 20 3.585300e-03
29 21 6.431480e-03
29 22 1.181920e-02
29 23 2.207910e-02
29 24 4.185930e-02
29 25 8.049080e-02
29 26 1.564290e-01
29 27 3.045140e-01
29 28 5.867620e-01
29 29 9.358440e-01
29 30 7.832950e-01
29 31 4.732890e-01
29 32 2.256440e-01
29 33 7.879130e-02
29 34 1.832560e-02
29 35 2.518000e-03
29 36 1.757250e-04
29 37 6.244530e-06
29 38 5.235160e-07
29 39 0.000000e+00
29 40 0.000000e+00
30 1 9.429970e-07
30 2 5.364710e-07
30 3 8.580390e-07
30 4 1.247520e-06
30 5 1.867840e-06
30 6 2.735710e-06
30 7 3.957830e-06
30 8 5.747460e-06
30 9 8.336020e-06
30 10 1.227590e-05
30 11 1.814880e-05
30 12 2.715410e-05
30 13 4.113180e-05
30 14 6.347280e-05
30 15 9.950510e-05
30 16 1.597890e-04
30 17 2.629190e-04
30 18 4.450930e-04
30 19 7.767270e-04
30 20 1.402240e-03
30 21 2.605780e-03
30 22 4.955850e-03
30 23 9.590570e-03
30 24 1.883020e-02
30 25 3.751530e-02
30 26 7.600780e-02
30 27 1.555000e-01
30 28 3.170360e-01
30 29 6.348090e-01
30 30 1.023060e+00
30 31 7.970120e-01
30 32 4.214300e-01
30 33 1.665710e-01
30 34 4.482340e-02
30 35 7.300260e-03
30 36 6.205670e-04
30 37 2.388010e-05
30 38 1.106010e-06
30 39 0.000000e+00
30 40 0.000000e+00
31 1 1.679910e-07
31 2 9.616400e-08
31 3 1.591020e-07
31 4 2.433830e-07
31 5 3.897660e-07
31 6 6.118720e-07
31 7 9.378110e-07
31 8 1.417340e-06
31 9 2.092380e-06
31 10 3.111590e-06
31 11 4.633590e-06
31 12 6.991780e-06
31 13 1.069800e-05
31 14 1.670700e-05
31 15 2.656510e-05
31 16 4.337740e-05
31 17 7.277150e-05
31 18 1.259690e-04
31 19 2.255100e-04
31 20 4.194820e-04
31 21 8.103530e-04
31 22 1.622520e-03
31 23 3.330100e-03
31 24 6.953770e-03
31 25 1.472290e-02
31 26 3.153380e-02
31 27 6.861330e-02
31 28 1.503680e-01
31 29 3.260920e-01
31 30 6.861580e-01
31 31 1.117540e+00
31 32 7.982320e-01
31 33 3.599460e-01
31 34 1.135850e-01
31 35 2.232200e-02
31 36 2.358390e-03
31 37 1.116050e-04
31 38 2.290370e-06
31 39 0.000000e+00
31 40 0.000000e+00
32 1 2.378170e-08
32 2 1.361350e-08
32 3 2.252340e-08
32 4 3.445470e-08
32 5 5.520750e-08
32 6 8.770280e-08
32 7 1.387070e-07
32 8 2.204400e-07
32 9 3.478740e-07
32 10 5.529200e-07
32 11 8.648610e-07
32 12 1.334560e-06
32 13 2.063320e-06
32 14 3.253690e-06
32 15 5.237640e-06
32 16 8.692920e-06
32 17 1.490010e-05
32 18 2.649680e-05
32 19 4.903540e-05
32 20 9.494660e-05
32 21 1.923960e-04
32 22 4.087310e-04
32 23 9.056670e-04
32 24 2.062170e-03
32 25 4.742970e-03
32 26 1.086740e-02
32 27 2.524720e-02
32 28 5.983300e-02
32 29 1.423050e-01
32 30 3.317210e-01
32 31 7.385770e-01
32 32 1.216760e+00
32 33 7.853900e-01
32 34 2.927700e-01
32 35 7.046650e-02
32 36 9.471040e-03
32 37 5.915670e-04
32 38 1.418320e-05
32 39 2.593880e-07
32 40 0.000000e+00
33 1 3.015040e-09
33 2 1.725920e-09
33 3 2.855520e-09
33 4 4.368160e-09
33 5 6.999200e-09
33 6 1.111900e-08
33 7 1.758530e-08
33 8 2.794740e-08
33 9 4.411180e-08
33 10 7.018460e-08
33 11 1.111140e-07
33 12 1.761470e-07
33 13 2.814610e-07
33 14 4.592370e-07
33 15 7.615840e-07
33 16 1.285290e-06
33 17 2.221270e-06
33 18 4.030480e-06
33 19 7.705360e-06
33 20 1.558690e-05
33 21 3.338420e-05
33 22 7.578270e-05
33 23 1.819700e-04
33 24 4.583120e-04
33 25 1.180800e-03
33 26 2.972780e-03
33 27 7.452360e-03
33 28 1.913930e-02
33 29 5.029060e-02
33 30 1.318110e-01
33 31 3.340390e-01
33 32 7.921310e-01
33 33 1.318720e+00
33 34 7.566680e-01
33 35 2.249020e-01
33 36 3.910060e-02
33 37 3.318900e-03
33 38 1.096910e-04
33 39 2.037790e-06
33 40 3.815110e-07
34 1 6.102800e-10
34 2 3.493500e-10
34 3 5.779900e-10
34 4 8.841700e-10
34 5 1.416720e-09
34 6 2.250610e-09
34 7 3.559460e-09
34 8 5.656880e-09
34 9 8.928730e-09
34 10 1.420620e-08
34 11 2.249070e-08
34 12 3.563970e-08
34 13 5.642270e-08
34 14 8.957060e-08
34 15 1.417720e-07
34 16 2.248800e-07
34 17 3.567890e-07
34 18 5.754880e-07
34 19 9.952300e-07
34 20 1.898490e-06
34 21 4.007100e-06
34 22 9.375600e-06
34 23 2.396910e-05
34 24 6.553400e-05
34 25 1.888890e-04
34 26 5.583050e-04
34 27 1.599500e-03
34 28 4.570650e-03
34 29 1.345390e-02
34 30 4.032990e-02
34 31 1.190690e-01
34 32 3.329550e-01
34 33 8.472150e-01
34 34 1.421370e+00
34 35 7.114770e-01
34 36 1.616820e-01
34 37 1.903040e-02
34 38 9.236100e-04
34 39 1.497220e-05
34 40 1.020490e-06
35 1 1.634700e-10
35 2 9.357800e-11
35 3 1.548200e-10
35 4 2.368400e-10
35 5 3.794900e-10
35 6 6.028600e-10
35 7 9.534600e-10
35 8 1.515280e-09
35 9 2.391700e-09
35 10 3.805340e-09
35 11 6.024480e-09
35 12 9.546650e-09
35 13 1.511370e-08
35 14 2.399290e-08
35 15 3.797580e-08
35 16 6.023770e-08
35 17 9.547000e-08
35 18 1.513220e-07
35 19 2.396860e-07
35 20 3.882910e-07
35 21 6.593690e-07
35 22 1.181690e-06
35 23 2.415940e-06
35 24 6.140540e-06
35 25 1.852970e-05
35 26 5.901650e-05
35 27 1.926150e-04
35 28 6.588040e-04
35 29 2.345980e-03
35 30 8.506890e-03
35 31 3.051880e-02
35 32 1.045720e-01
35 33 3.283330e-01
35 34 9.027490e-01
35 35 1.522920e+00
35 36 6.514670e-01
35 37 1.075330e-01
35 38 7.914280e-03
35 39 1.950490e-04
35 40 2.120170e-06
36 1 7.046500e-11
36 2 4.033700e-11
36 3 6.673700e-11
36 4 1.020900e-10
36 5 1.635800e-10
36 6 2.598600e-10
36 7 4.109900e-10
36 8 6.531700e-10
36 9 1.030950e-09
36 10 1.640310e-09
36 11 2.596880e-09
36 12 4.115120e-09
36 13 6.514810e-09
36 14 1.034220e-08
36 15 1.636960e-08
36 16 2.596570e-08
36 17 4.115270e-08
36 18 6.522780e-08
36 19 1.033070e-07
36 20 1.638190e-07
36 21 2.595760e-07
36 22 4.114830e-07
36 23 6.522790e-07
36 24 1.050000e-06
36 25 1.925130e-06
36 26 5.203940e-06
36 27 1.875880e-05
36 28 7.148350e-05
36 29 2.829550e-04
36 30 1.180760e-03
36 31 5.098810e-03
36 32 2.184740e-02
36 33 8.827060e-02
36 34 3.175320e-01
36 35 9.573530e-01
36 36 1.623960e+00
36 37 5.789050e-01
36 38 6.519570e-02
36 39 2.737050e-03
36 40 3.058010e-05
37 1 2.423100e-11
37 2 1.387100e-11
37 3 2.294900e-11
37 4 3.510600e-11
37 5 5.625100e-11
37 6 8.936100e-11
37 7 1.413300e-10
37 8 2.246100e-10
37 9 3.545200e-10
37 10 5.640600e-10
37 11 8.930000e-10
37 12 1.415090e-09
37 13 2.240290e-09
37 14 3.556440e-09
37 15 5.629110e-09
37 16 8.928980e-09
37 17 1.415140e-08
37 18 2.243030e-08
37 19 3.552460e-08
37 20 5.633350e-08
37 21 8.926190e-08
37 22 1.414990e-07
37 23 2.242600e-07
37 24 3.553840e-07
37 25 5.634570e-07
37 26 9.137610e-07
37 27 1.820390e-06
37 28 5.796830e-06
37 29 2.422690e-05
37 30 1.118010e-04
37 31 5.459440e-04
37 32 2.824020e-03
37 33 1.471720e-02
37 34 7.182170e-02
37 35 3.023780e-01
37 36 1.011520e+00
37 37 1.720010e+00
37 38 4.978250e-01
37 39 3.563390e-02
37 40 7.669650e-04
38 1 9.685300e-12
38 2 5.544200e-12
38 3 9.172800e-12
38 4 1.403200e-11
38 5 2.248400e-11
38 6 3.571800e-11
38 7 5.648900e-11
38 8 8.977600e-11
38 9 1.417000e-10
38 10 2.254600e-10
38 11 3.569300e-10
38 12 5.656100e-10
38 13 8.954400e-10
38 14 1.421510e-09
38 15 2.249950e-09
38 16 3.568910e-09
38 17 5.656320e-09
38 18 8.965370e-09
38 19 1.419920e-08
38 20 2.251640e-08
38 21 3.567790e-08
38 22 5.655710e-08
38 23 8.963650e-08
38 24 1.420470e-07
38 25 2.251420e-07
38 26 3.570310e-07
38 27 5.798870e-07
38 28 1.113920e-06
38 29 2.925020e-06
38 30 9.971280e-06
38 31 4.407760e-05
38 32 2.362390e-04
38 33 1.444060e-03
38 34 9.283360e-03
38 35 5.616790e-02
38 36 2.834370e-01
38 37 1.064760e+00
38 38 1.808180e+00
38 39 4.138020e-01
38 40 1.745370e-02
39 1 4.543600e-12
39 2 2.600900e-12
39 3 4.303200e-12
39 4 6.582700e-12
39 5 1.054800e-11
39 6 1.675600e-11
39 7 2.650000e-11
39 8 4.211600e-11
39 9 6.647500e-11
39 10 1.057700e-10
39 11 1.674400e-10
39 12 2.653400e-10
39 13 4.200700e-10
39 14 6.668600e-10
39 15 1.055500e-09
39 16 1.674250e-09
39 17 2.653490e-09
39 18 4.205840e-09
39 19 6.661120e-09
39 20 1.056290e-08
39 21 1.673720e-08
39 22 2.653210e-08
39 23 4.205030e-08
39 24 6.663710e-08
39 25 1.056190e-07
39 26 1.673930e-07
39 27 2.652980e-07
39 28 4.205540e-07
39 29 6.882320e-07
39 30 1.333400e-06
39 31 3.572860e-06
39 32 1.477990e-05
39 33 8.804100e-05
39 34 6.568530e-04
39 35 5.394560e-03
39 36 4.199780e-02
39 37 2.615760e-01
39 38 1.117150e+00
39 39 1.885440e+00
39 40 3.397450e-01
40 1 2.675200e-12
40 2 1.531400e-12
40 3 2.533600e-12
40 4 3.875800e-12
40 5 6.210300e-12
40 6 9.865600e-12
40 7 1.560300e-11
40 8 2.479700e-11
40 9 3.914000e-11
40 10 6.227300e-11
40 11 9.858900e-11
40 12 1.562300e-10
40 13 2.473300e-10
40 14 3.926400e-10
40 15 6.214600e-10
40 16 9.857800e-10
40 17 1.562340e-09
40 18 2.476350e-09
40 19 3.921980e-09
40 20 6.219320e-09
40 21 9.854680e-09
40 22 1.562180e-08
40 23 2.475870e-08
40 24 3.923510e-08
40 25 6.218680e-08
40 26 9.855900e-08
40 27 1.562040e-07
40 28 2.475660e-07
40 29 3.923640e-07
40 30 6.219670e-07
40 31 9.911790e-07
40 32 1.693850e-06
40 33 4.080610e-06
40 34 2.155710e-05
40 35 2.210910e-04
40 36 2.668840e-03
40 37 2.937110e-02
40 38 2.375000e-01
40 39 1.169930e+00
40 40 2.210200e+00
