1 1 1.246480e-01
1 2 4.626460e-02
1 3 6.079070e-02
1 4 7.364460e-02
1 5 9.358710e-02
1 6 1.176280e-01
1 7 1.470650e-01
1 8 1.845310e-01
1 9 2.296730e-01
1 10 2.875780e-01
1 11 3.573570e-01
1 12 4.432220e-01
1 13 5.472050e-01
1 14 6.741040e-01
1 15 8.230290e-01
1 16 9.993780e-01
1 17 1.200760e+00
1 18 1.425630e+00
1 19 1.666080e+00
1 20 1.912710e+00
1 21 2.142110e+00
1 22 2.329160e+00
1 23 2.438290e+00
1 24 2.432980e+00
1 25 2.287190e+00
1 26 1.994430e+00
1 27 1.582780e+00
1 28 1.116120e+00
1 29 6.787940e-01
1 30 3.430640e-01
1 31 1.375920e-01
1 32 4.135230e-02
1 33 8.678730e-03
1 34 1.165560e-03
1 35 9.001730e-05
1 36 5.279760e-06
1 37 1.809930e-07
1 38 0.000000e+00
1 39 0.000000e+00
1 40 0.000000e+00
2 1 9.918450e-02
2 2 4.008990e-02
2 3 5.420560e-02
2 4 6.580260e-02
2 5 8.362140e-02
2 6 1.051020e-01
2 7 1.314060e-01
2 8 1.648820e-01
2 9 2.052200e-01
2 10 2.569620e-01
2 11 3.193170e-01
2 12 3.960470e-01
2 13 4.889600e-01
2 14 6.023700e-01
2 15 7.354530e-01
2 16 8.930880e-01
2 17 1.073100e+00
2 18 1.274090e+00
2 19 1.489050e+00
2 20 1.709610e+00
2 21 1.914830e+00
2 22 2.082230e+00
2 23 2.180070e+00
2 24 2.175720e+00
2 25 2.045810e+00
2 26 1.784460e+00
2 27 1.416670e+00
2 28 9.994410e-01
2 29 6.081770e-01
2 30 3.075920e-01
2 31 1.234690e-01
2 32 3.714560e-02
2 33 7.806790e-03
2 34 1.050190e-03
2 35 8.127230e-05
2 36 4.774860e-06
2 37 1.642380e-07
2 38 0.000000e+00
2 39 0.000000e+00
2 40 0.000000e+00
3 1 7.822430e-02
3 2 3.275250e-02
3 3 4.696600e-02
3 4 5.864100e-02
3 5 7.462550e-02
3 6 9.379580e-02
3 7 1.172700e-01
3 8 1.471460e-01
3 9 1.831460e-01
3 10 2.293250e-01
3 11 2.849780e-01
3 12 3.534630e-01
3 13 4.363900e-01
3 14 5.376180e-01
3 15 6.564110e-01
3 16 7.971390e-01
3 17 9.578820e-01
3 18 1.137340e+00
3 19 1.329300e+00
3 20 1.526330e+00
3 21 1.709760e+00
3 22 1.859470e+00
3 23 1.947190e+00
3 24 1.943740e+00
3 25 1.828200e+00
3 26 1.595220e+00
3 27 1.267010e+00
3 28 8.943770e-01
3 29 5.446360e-01
3 30 2.756990e-01
3 31 1.107850e-01
3 32 3.337410e-02
3 33 7.026240e-03
3 34 9.471290e-04
3 35 7.349910e-05
3 36 4.327090e-06
3 37 1.494120e-07
3 38 0.000000e+00
3 39 0.000000e+00
3 40 0.000000e+00
4 1 6.092570e-02
4 2 2.577530e-02
4 3 3.829250e-02
4 4 5.094550e-02
4 5 6.656480e-02
4 6 8.375070e-02
4 7 1.047110e-01
4 8 1.313900e-01
4 9 1.635350e-01
4 10 2.047720e-01
4 11 2.544690e-01
4 12 3.156290e-01
4 13 3.896930e-01
4 14 4.800950e-01
4 15 5.861980e-01
4 16 7.118930e-01
4 17 8.555350e-01
4 18 1.015880e+00
4 19 1.187430e+00
4 20 1.363560e+00
4 21 1.527690e+00
4 22 1.661760e+00
4 23 1.740560e+00
4 24 1.737970e+00
4 25 1.635210e+00
4 26 1.427440e+00
4 27 1.134410e+00
4 28 8.013520e-01
4 29 4.884290e-01
4 30 2.475170e-01
4 31 9.959300e-02
4 32 3.005490e-02
4 33 6.340700e-03
4 34 8.568720e-04
4 35 6.674120e-05
4 36 3.939040e-06
4 37 1.365990e-07
4 38 0.000000e+00
4 39 0.000000e+00
4 40 0.000000e+00
5 1 4.895410e-02
5 2 2.048480e-02
5 3 3.040180e-02
5 4 4.161160e-02
5 5 5.800270e-02
5 6 7.484730e-02
5 7 9.365190e-02
5 8 1.175130e-01
5 9 1.462650e-01
5 10 1.831500e-01
5 11 2.276040e-01
5 12 2.823130e-01
5 13 3.485710e-01
5 14 4.294490e-01
5 15 5.243780e-01
5 16 6.368460e-01
5 17 7.654150e-01
5 18 9.089610e-01
5 19 1.062590e+00
5 20 1.220340e+00
5 21 1.367480e+00
5 22 1.487810e+00
5 23 1.558810e+00
5 24 1.557050e+00
5 25 1.465630e+00
5 26 1.280090e+00
5 27 1.018010e+00
5 28 7.197770e-01
5 29 4.391960e-01
5 30 2.228680e-01
5 31 8.982450e-02
5 32 2.716450e-02
5 33 5.745560e-03
5 34 7.788770e-04
5 35 6.092820e-05
5 36 3.607150e-06
5 37 1.258280e-07
5 38 0.000000e+00
5 39 0.000000e+00
5 40 0.000000e+00
6 1 3.877620e-02
6 2 1.614610e-02
6 3 2.399410e-02
6 4 3.291740e-02
6 5 4.724830e-02
6 6 6.530700e-02
6 7 8.372790e-02
6 8 1.051220e-01
6 9 1.308440e-01
6 10 1.638420e-01
6 11 2.036150e-01
6 12 2.525650e-01
6 13 3.118520e-01
6 14 3.842320e-01
6 15 4.691880e-01
6 16 5.698640e-01
6 17 6.849460e-01
6 18 8.135400e-01
6 19 9.511850e-01
6 20 1.092570e+00
6 21 1.224550e+00
6 22 1.332680e+00
6 23 1.396780e+00
6 24 1.395840e+00
6 25 1.314650e+00
6 26 1.149010e+00
6 27 9.145350e-01
6 28 6.473400e-01
6 29 3.955440e-01
6 30 2.010570e-01
6 31 8.120550e-02
6 32 2.462240e-02
6 33 5.224410e-03
6 34 7.110370e-04
6 35 5.590380e-05
6 36 3.376820e-06
6 37 2.262760e-07
6 38 0.000000e+00
6 39 0.000000e+00
6 40 0.000000e+00
7 1 2.977850e-02
7 2 1.235770e-02
7 3 1.857710e-02
7 4 2.572140e-02
7 5 3.715850e-02
7 6 5.302710e-02
7 7 7.318210e-02
7 8 9.408180e-02
7 9 1.171510e-01
7 10 1.466980e-01
7 11 1.823150e-01
7 12 2.261530e-01
7 13 2.792520e-01
7 14 3.440840e-01
7 15 4.201970e-01
7 16 5.104080e-01
7 17 6.135340e-01
7 18 7.288550e-01
7 19 8.523040e-01
7 20 9.792350e-01
7 21 1.097810e+00
7 22 1.195180e+00
7 23 1.253200e+00
7 24 1.253050e+00
7 25 1.181020e+00
7 26 1.033130e+00
7 27 8.231630e-01
7 28 5.834670e-01
7 29 3.571280e-01
7 30 1.819150e-01
7 31 7.366690e-02
7 32 2.240870e-02
7 33 4.773560e-03
7 34 6.528830e-04
7 35 5.164050e-05
7 36 3.454920e-06
7 37 8.606280e-07
7 38 0.000000e+00
7 39 0.000000e+00
7 40 0.000000e+00
8 1 2.321850e-02
8 2 9.638270e-03
8 3 1.450380e-02
8 4 2.013820e-02
8 5 2.916110e-02
8 6 4.170480e-02
8 7 5.927780e-02
8 8 8.232290e-02
8 9 1.049540e-01
8 10 1.314630e-01
8 11 1.633870e-01
8 12 2.026830e-01
8 13 2.502860e-01
8 14 3.084130e-01
8 15 3.766730e-01
8 16 4.575870e-01
8 17 5.501190e-01
8 18 6.536340e-01
8 19 7.645200e-01
8 20 8.786390e-01
8 21 9.853560e-01
8 22 1.073230e+00
8 23 1.125930e+00
8 24 1.126590e+00
8 25 1.062770e+00
8 26 9.307240e-01
8 27 7.425570e-01
8 28 5.272130e-01
8 29 3.233860e-01
8 30 1.651610e-01
8 31 6.709940e-02
8 32 2.049240e-02
8 33 4.386780e-03
8 34 6.036050e-04
8 35 4.809600e-05
8 36 3.434980e-06
8 37 1.214470e-06
8 38 0.000000e+00
8 39 0.000000e+00
8 40 0.000000e+00
9 1 1.892200e-02
9 2 7.698350e-03
9 3 1.139170e-02
9 4 1.570440e-02
9 5 2.282900e-02
9 6 3.278520e-02
9 7 4.669950e-02
9 8 6.672860e-02
9 9 9.210360e-02
9 10 1.180360e-01
9 11 1.467300e-01
9 12 1.820300e-01
9 13 2.247990e-01
9 14 2.770310e-01
9 15 3.383780e-01
9 16 4.111240e-01
9 17 4.943640e-01
9 18 5.874930e-01
9 19 6.873840e-01
9 20 7.902640e-01
9 21 8.866190e-01
9 22 9.661980e-01
9 23 1.014360e+00
9 24 1.015840e+00
9 25 9.593210e-01
9 26 8.412890e-01
9 27 6.723610e-01
9 28 4.783430e-01
9 29 2.941870e-01
9 30 1.507360e-01
9 31 6.148490e-02
9 32 1.886970e-02
9 33 4.063810e-03
9 34 5.632500e-04
9 35 4.528510e-05
9 36 3.252420e-06
9 37 1.151070e-06
9 38 0.000000e+00
9 39 0.000000e+00
9 40 0.000000e+00
10 1 1.473830e-02
10 2 5.987990e-03
10 3 8.898000e-03
10 4 1.229300e-02
10 5 1.785930e-02
10 6 2.568450e-02
10 7 3.665190e-02
10 8 5.243790e-02
10 9 7.446480e-02
10 10 1.037180e-01
10 11 1.319330e-01
10 12 1.637020e-01
10 13 2.021820e-01
10 14 2.491860e-01
10 15 3.044080e-01
10 16 3.699150e-01
10 17 4.449120e-01
10 18 5.288760e-01
10 19 6.190220e-01
10 20 7.119700e-01
10 21 7.992180e-01
10 22 8.715290e-01
10 23 9.157180e-01
10 24 9.180900e-01
10 25 8.681600e-01
10 26 7.626180e-01
10 27 6.107860e-01
10 28 4.356530e-01
10 29 2.687960e-01
10 30 1.382780e-01
10 31 5.668070e-02
10 32 1.749970e-02
10 33 3.796470e-03
10 34 5.308650e-04
10 35 4.313700e-05
10 36 3.118570e-06
10 37 1.104330e-06
10 38 0.000000e+00
10 39 0.000000e+00
10 40 0.000000e+00
11 1 1.129350e-02
11 2 4.586830e-03
11 3 6.801030e-03
11 4 9.374620e-03
11 5 1.362940e-02
11 6 1.973370e-02
11 7 2.838700e-02
11 8 4.084190e-02
11 9 5.821950e-02
11 10 8.358500e-02
11 11 1.161360e-01
11 12 1.475480e-01
11 13 1.822630e-01
11 14 2.246680e-01
11 15 2.745020e-01
11 16 3.336440e-01
11 17 4.013920e-01
11 18 4.773230e-01
11 19 5.589100e-01
11 20 6.431950e-01
11 21 7.224950e-01
11 22 7.885070e-01
11 23 8.293290e-01
11 24 8.326110e-01
11 25 7.886220e-01
11 26 6.941700e-01
11 27 5.574060e-01
11 28 3.988570e-01
11 29 2.470570e-01
11 30 1.277190e-01
11 31 5.266690e-02
11 32 1.637950e-02
11 33 3.585160e-03
11 34 5.067050e-04
11 35 4.176720e-05
11 36 3.038370e-06
11 37 1.076670e-06
11 38 0.000000e+00
11 39 0.000000e+00
11 40 0.000000e+00
12 1 9.164730e-03
12 2 3.716670e-03
12 3 5.487230e-03
12 4 7.506490e-03
12 5 1.078560e-02
12 6 1.536520e-02
12 7 2.196420e-02
12 8 3.174600e-02
12 9 4.546590e-02
12 10 6.542600e-02
12 11 9.360650e-02
12 12 1.303060e-01
12 13 1.648240e-01
12 14 2.032150e-01
12 15 2.483450e-01
12 16 3.019310e-01
12 17 3.633600e-01
12 18 4.322730e-01
12 19 5.064430e-01
12 20 5.832370e-01
12 21 6.556740e-01
12 22 7.162950e-01
12 23 7.543790e-01
12 24 7.585940e-01
12 25 7.199860e-01
12 26 6.353650e-01
12 27 5.117940e-01
12 28 3.676770e-01
12 29 2.288330e-01
12 30 1.190060e-01
12 31 4.943150e-02
12 32 1.550920e-02
12 33 3.430910e-03
12 34 4.910910e-04
12 35 4.123440e-05
12 36 3.015000e-06
12 37 1.069240e-06
12 38 0.000000e+00
12 39 0.000000e+00
12 40 0.000000e+00
13 1 6.723990e-03
13 2 2.728380e-03
13 3 4.028500e-03
13 4 5.504880e-03
13 5 7.911670e-03
13 6 1.134820e-02
13 7 1.634210e-02
13 8 2.382470e-02
13 9 3.459180e-02
13 10 5.032730e-02
13 11 7.251830e-02
13 12 1.044420e-01
13 13 1.458750e-01
13 14 1.844130e-01
13 15 2.254320e-01
13 16 2.741650e-01
13 17 3.300860e-01
13 18 3.928770e-01
13 19 4.605970e-01
13 20 5.308670e-01
13 21 5.974020e-01
13 22 6.534410e-01
13 23 6.892400e-01
13 24 6.944810e-01
13 25 6.607630e-01
13 26 5.849000e-01
13 27 4.729280e-01
13 28 3.413660e-01
13 29 2.136930e-01
13 30 1.119290e-01
13 31 4.689860e-02
13 32 1.487090e-02
13 33 3.331830e-03
13 34 4.842190e-04
13 35 4.136320e-05
13 36 3.057020e-06
13 37 1.085180e-06
13 38 0.000000e+00
13 39 0.000000e+00
13 40 0.000000e+00
14 1 5.629040e-03
14 2 2.283380e-03
14 3 3.370490e-03
14 4 4.603960e-03
14 5 6.599260e-03
14 6 9.389690e-03
14 7 1.334800e-02
14 8 1.910340e-02
14 9 2.721180e-02
14 10 3.936220e-02
14 11 5.663910e-02
14 12 8.143340e-02
14 13 1.170580e-01
14 14 1.638360e-01
14 15 2.054590e-01
14 16 2.499840e-01
14 17 3.011280e-01
14 18 3.586530e-01
14 19 4.208120e-01
14 20 4.854840e-01
14 21 5.470470e-01
14 22 5.992950e-01
14 23 6.333330e-01
14 24 6.397440e-01
14 25 6.105500e-01
14 26 5.425190e-01
14 27 4.407270e-01
14 28 3.199580e-01
14 29 2.017210e-01
14 30 1.065740e-01
14 31 4.512320e-02
14 32 1.448800e-02
14 33 3.294600e-03
14 34 4.872550e-04
14 35 4.236900e-05
14 36 3.169920e-06
14 37 1.126230e-06
14 38 0.000000e+00
14 39 0.000000e+00
14 40 0.000000e+00
15 1 4.364710e-03
15 2 1.770470e-03
15 3 2.613570e-03
15 4 3.570200e-03
15 5 5.116390e-03
15 6 7.270240e-03
15 7 1.030670e-02
15 8 1.475120e-02
15 9 2.109850e-02
15 10 3.051800e-02
15 11 4.388430e-02
15 12 6.311100e-02
15 13 9.073280e-02
15 14 1.310810e-01
15 15 1.832790e-01
15 16 2.291000e-01
15 17 2.761410e-01
15 18 3.291510e-01
15 19 3.865720e-01
15 20 4.465210e-01
15 21 5.039230e-01
15 22 5.530990e-01
15 23 5.858550e-01
15 24 5.935560e-01
15 25 5.685570e-01
15 26 5.074960e-01
15 27 4.146090e-01
15 28 3.030650e-01
15 29 1.926870e-01
15 30 1.028470e-01
15 31 4.408610e-02
15 32 1.436510e-02
15 33 3.324150e-03
15 34 5.018220e-04
15 35 4.463100e-05
15 36 3.368580e-06
15 37 1.177900e-06
15 38 0.000000e+00
15 39 0.000000e+00
15 40 0.000000e+00
16 1 3.296140e-03
16 2 1.337380e-03
16 3 1.974410e-03
16 4 2.697490e-03
16 5 3.866070e-03
16 6 5.493810e-03
16 7 7.780550e-03
16 8 1.110810e-02
16 9 1.585080e-02
16 10 2.294340e-02
16 11 3.319060e-02
16 12 4.809930e-02
16 13 6.953580e-02
16 14 1.008140e-01
16 15 1.460590e-01
16 16 2.054350e-01
16 17 2.549710e-01
16 18 3.042000e-01
16 19 3.576800e-01
16 20 4.136920e-01
16 21 4.677890e-01
16 22 5.146280e-01
16 23 5.466030e-01
16 24 5.557280e-01
16 25 5.346520e-01
16 26 4.798170e-01
16 27 3.946040e-01
16 28 2.907940e-01
16 29 1.867250e-01
16 30 1.008670e-01
16 31 4.386720e-02
16 32 1.454180e-02
16 33 3.434070e-03
16 34 5.309220e-04
16 35 4.852450e-05
16 36 3.425320e-06
16 37 6.393270e-07
16 38 0.000000e+00
16 39 0.000000e+00
16 40 0.000000e+00
17 1 2.614450e-03
17 2 1.060840e-03
17 3 1.566110e-03
17 4 2.139560e-03
17 5 3.066450e-03
17 6 4.356550e-03
17 7 6.168800e-03
17 8 8.794180e-03
17 9 1.249190e-02
17 10 1.795970e-02
17 11 2.579060e-02
17 12 3.715400e-02
17 13 5.352500e-02
17 14 7.745050e-02
17 15 1.120750e-01
17 16 1.632330e-01
17 17 2.298660e-01
17 18 2.830890e-01
17 19 3.333280e-01
17 20 3.861840e-01
17 21 4.376830e-01
17 22 4.828500e-01
17 23 5.145910e-01
17 24 5.253720e-01
17 25 5.081290e-01
17 26 4.589780e-01
17 27 3.804700e-01
17 28 2.831120e-01
17 29 1.839250e-01
17 30 1.007640e-01
17 31 4.456540e-02
17 32 1.506870e-02
17 33 3.641890e-03
17 34 5.783800e-04
17 35 5.450230e-05
17 36 3.674510e-06
17 37 1.775440e-07
17 38 0.000000e+00
17 39 0.000000e+00
17 40 0.000000e+00
18 1 1.956720e-03
18 2 7.941660e-04
18 3 1.172530e-03
18 4 1.601990e-03
18 5 2.296280e-03
18 6 3.263390e-03
18 7 4.621690e-03
18 8 6.585510e-03
18 9 9.343280e-03
18 10 1.341380e-02
18 11 1.925670e-02
18 12 2.781030e-02
18 13 4.025810e-02
18 14 5.850060e-02
18 15 8.490760e-02
18 16 1.239700e-01
18 17 1.817380e-01
18 18 2.570960e-01
18 19 3.135280e-01
18 20 3.640410e-01
18 21 4.136050e-01
18 22 4.577470e-01
18 23 4.897980e-01
18 24 5.024790e-01
18 25 4.889810e-01
18 26 4.450080e-01
18 27 3.722930e-01
18 28 2.801440e-01
18 29 1.844640e-01
18 30 1.027080e-01
18 31 4.631170e-02
18 32 1.601950e-02
18 33 3.976040e-03
18 34 6.512470e-04
18 35 6.356960e-05
18 36 4.374370e-06
18 37 2.223410e-07
18 38 0.000000e+00
18 39 0.000000e+00
18 40 0.000000e+00
19 1 1.389800e-03
19 2 5.643800e-04
19 3 8.334620e-04
19 4 1.139070e-03
19 5 1.633310e-03
19 6 2.322130e-03
19 7 3.290500e-03
19 8 4.691510e-03
19 9 6.655640e-03
19 10 9.547240e-03
19 11 1.369980e-02
19 12 1.982250e-02
19 13 2.889620e-02
19 14 4.256300e-02
19 15 6.261540e-02
19 16 9.225870e-02
19 17 1.361780e-01
19 18 2.019400e-01
19 19 2.874970e-01
19 20 3.473630e-01
19 21 3.957780e-01
19 22 4.396190e-01
19 23 4.725450e-01
19 24 4.874520e-01
19 25 4.776620e-01
19 26 4.384190e-01
19 27 3.706200e-01
19 28 2.824390e-01
19 29 1.888480e-01
19 30 1.070960e-01
19 31 4.936300e-02
19 32 1.752490e-02
19 33 4.484600e-03
19 34 7.612460e-04
19 35 7.741950e-05
19 36 5.464120e-06
19 37 2.988880e-07
19 38 0.000000e+00
19 39 0.000000e+00
19 40 0.000000e+00
20 1 1.080330e-03
20 2 4.386430e-04
20 3 6.476830e-04
20 4 8.851560e-04
20 5 1.268980e-03
20 6 1.803720e-03
20 7 2.555640e-03
20 8 3.642770e-03
20 9 5.165460e-03
20 10 7.398340e-03
20 11 1.056910e-02
20 12 1.517080e-02
20 13 2.185700e-02
20 14 3.171540e-02
20 15 4.633590e-02
20 16 6.842390e-02
20 17 1.012000e-01
20 18 1.503160e-01
20 19 2.244640e-01
20 20 3.211670e-01
20 21 3.824890e-01
20 22 4.267470e-01
20 23 4.612280e-01
20 24 4.790200e-01
20 25 4.732750e-01
20 26 4.388360e-01
20 27 3.755820e-01
20 28 2.905160e-01
20 29 1.977560e-01
20 30 1.145430e-01
20 31 5.412900e-02
20 32 1.978490e-02
20 33 5.235680e-03
20 34 9.235040e-04
20 35 9.803290e-05
20 36 6.949380e-06
20 37 3.894140e-07
20 38 4.400180e-09
20 39 0.000000e+00
20 40 0.000000e+00
21 1 8.001600e-04
21 2 3.251190e-04
21 3 4.800760e-04
21 4 6.561100e-04
21 5 9.407910e-04
21 6 1.337500e-03
21 7 1.895060e-03
21 8 2.701870e-03
21 9 3.832530e-03
21 10 5.490480e-03
21 11 7.845740e-03
21 12 1.126060e-02
21 13 1.622620e-02
21 14 2.359800e-02
21 15 3.441520e-02
21 16 5.051050e-02
21 17 7.446320e-02
21 18 1.105050e-01
21 19 1.651240e-01
21 20 2.490910e-01
21 21 3.580000e-01
21 22 4.200970e-01
21 23 4.568640e-01
21 24 4.781820e-01
21 25 4.768830e-01
21 26 4.473180e-01
21 27 3.882290e-01
21 28 3.054000e-01
21 29 2.121160e-01
21 30 1.258310e-01
21 31 6.115250e-02
21 32 2.309680e-02
21 33 6.347580e-03
21 34 1.169230e-03
21 35 1.303510e-04
21 36 8.493330e-06
21 37 3.340420e-07
21 38 7.107710e-09
21 39 0.000000e+00
21 40 0.000000e+00
22 1 5.641830e-04
22 2 2.293980e-04
22 3 3.387940e-04
22 4 4.630890e-04
22 5 6.641300e-04
22 6 9.444370e-04
22 7 1.338750e-03
22 8 1.909580e-03
22 9 2.710310e-03
22 10 3.885790e-03
22 11 5.557630e-03
22 12 7.982660e-03
22 13 1.150740e-02
22 14 1.674140e-02
22 15 2.445560e-02
22 16 3.601070e-02
22 17 5.326990e-02
22 18 7.934840e-02
22 19 1.190510e-01
22 20 1.804110e-01
22 21 2.756520e-01
22 22 3.992500e-01
22 23 4.601350e-01
22 24 4.857310e-01
22 25 4.894600e-01
22 26 4.650100e-01
22 27 4.098870e-01
22 28 3.285340e-01
22 29 2.333530e-01
22 30 1.421720e-01
22 31 7.129110e-02
22 32 2.793500e-02
22 33 8.011620e-03
22 34 1.550030e-03
22 35 1.827720e-04
22 36 1.220730e-05
22 37 5.015240e-07
22 38 1.172620e-08
22 39 5.406200e-10
22 40 0.000000e+00
23 1 3.745330e-04
23 2 1.526150e-04
23 3 2.254550e-04
23 4 3.082740e-04
23 5 4.422860e-04
23 6 6.292720e-04
23 7 8.925530e-04
23 8 1.274100e-03
23 9 1.810060e-03
23 10 2.598380e-03
23 11 3.722000e-03
23 12 5.355600e-03
23 13 7.732770e-03
23 14 1.125990e-02
23 15 1.647390e-02
23 16 2.437940e-02
23 17 3.639630e-02
23 18 5.480990e-02
23 19 8.304910e-02
23 20 1.269790e-01
23 21 1.957060e-01
23 22 3.044810e-01
23 23 4.449740e-01
23 24 5.023690e-01
23 25 5.121240e-01
23 26 4.933400e-01
23 27 4.423240e-01
23 28 3.619010e-01
23 29 2.634660e-01
23 30 1.653170e-01
23 31 8.584130e-02
23 32 3.504480e-02
23 33 1.054530e-02
23 34 2.157120e-03
23 35 2.712450e-04
23 36 1.881400e-05
23 37 8.368520e-07
23 38 2.111190e-08
23 39 1.086850e-09
23 40 0.000000e+00
24 1 2.492430e-04
24 2 1.015670e-04
24 3 1.500810e-04
24 4 2.052530e-04
24 5 2.945700e-04
24 6 4.192970e-04
24 7 5.949860e-04
24 8 8.498440e-04
24 9 1.208330e-03
24 10 1.736040e-03
24 11 2.489550e-03
24 12 3.587670e-03
24 13 5.189210e-03
24 14 7.567600e-03
24 15 1.108130e-02
24 16 1.640690e-02
24 17 2.451910e-02
24 18 3.703780e-02
24 19 5.646710e-02
24 20 8.695310e-02
24 21 1.350750e-01
24 22 2.119900e-01
24 23 3.357350e-01
24 24 4.949200e-01
24 25 5.454110e-01
24 26 5.337470e-01
24 27 4.877220e-01
24 28 4.084110e-01
24 29 3.056460e-01
24 30 1.981830e-01
24 31 1.069710e-01
24 32 4.569950e-02
24 33 1.450030e-02
24 34 3.153050e-03
24 35 4.252420e-04
24 36 3.167840e-05
24 37 1.473370e-06
24 38 4.236620e-08
24 39 2.240490e-09
24 40 0.000000e+00
25 1 1.568260e-04
25 2 6.409590e-05
25 3 9.472950e-05
25 4 1.296010e-04
25 5 1.860840e-04
25 6 2.650010e-04
25 7 3.763090e-04
25 8 5.379630e-04
25 9 7.656190e-04
25 10 1.101450e-03
25 11 1.582080e-03
25 12 2.284260e-03
25 13 3.311940e-03
25 14 4.844200e-03
25 15 7.115130e-03
25 16 1.056640e-02
25 17 1.585160e-02
25 18 2.406020e-02
25 19 3.691510e-02
25 20 5.732230e-02
25 21 8.989190e-02
25 22 1.425840e-01
25 23 2.284980e-01
25 24 3.693920e-01
25 25 5.498770e-01
25 26 5.891620e-01
25 27 5.496660e-01
25 28 4.719700e-01
25 29 3.641590e-01
25 30 2.448350e-01
25 31 1.379440e-01
25 32 6.197700e-02
25 33 2.085350e-02
25 34 4.854580e-03
25 35 7.081130e-04
25 36 5.738510e-05
25 37 2.779420e-06
25 38 9.410160e-08
25 39 4.991120e-09
25 40 0.000000e+00
26 1 8.523480e-05
26 2 3.515980e-05
26 3 5.198700e-05
26 4 7.116070e-05
26 5 1.022370e-04
26 6 1.457170e-04
26 7 2.071380e-04
26 8 2.964990e-04
26 9 4.226660e-04
26 10 6.093140e-04
26 11 8.774400e-04
26 12 1.270950e-03
26 13 1.850100e-03
26 14 2.719340e-03
26 15 4.018100e-03
26 16 6.007460e-03
26 17 9.076150e-03
26 18 1.391190e-02
26 19 2.165330e-02
26 20 3.429720e-02
26 21 5.511030e-02
26 22 8.966710e-02
26 23 1.471650e-01
26 24 2.435170e-01
26 25 4.055720e-01
26 26 6.125750e-01
26 27 6.351230e-01
26 28 5.594080e-01
26 29 4.454080e-01
26 30 3.111010e-01
26 31 1.835600e-01
26 32 8.716220e-02
26 33 3.132610e-02
26 34 7.888680e-03
26 35 1.262500e-03
26 36 1.139000e-04
26 37 5.686140e-06
26 38 2.385690e-07
26 39 1.266000e-08
26 40 0.000000e+00
27 1 4.892420e-05
27 2 2.028730e-05
27 3 3.000590e-05
27 4 4.109110e-05
27 5 5.906100e-05
27 6 8.422600e-05
27 7 1.198190e-04
27 8 1.716780e-04
27 9 2.450270e-04
27 10 3.537590e-04
27 11 5.103570e-04
27 12 7.408980e-04
27 13 1.081510e-03
27 14 1.595100e-03
27 15 2.366750e-03
27 16 3.556310e-03
27 17 5.403760e-03
27 18 8.324950e-03
27 19 1.301140e-02
27 20 2.068990e-02
27 21 3.340700e-02
27 22 5.482430e-02
27 23 9.122090e-02
27 24 1.534250e-01
27 25 2.603610e-01
27 26 4.441300e-01
27 27 6.772560e-01
27 28 6.761080e-01
27 29 5.578690e-01
27 30 4.069680e-01
27 31 2.528620e-01
27 32 1.276270e-01
27 33 4.926530e-02
27 34 1.347300e-02
27 35 2.369950e-03
27 36 2.378980e-04
27 37 1.246780e-05
27 38 6.100830e-07
27 39 3.203130e-08
27 40 0.000000e+00
28 1 2.406730e-05
28 2 1.011950e-05
28 3 1.497460e-05
28 4 2.051690e-05
28 5 2.951300e-05
28 6 4.212470e-05
28 7 5.998570e-05
28 8 8.605310e-05
28 9 1.230130e-04
28 10 1.779680e-04
28 11 2.574170e-04
28 12 3.749110e-04
28 13 5.494510e-04
28 14 8.143470e-04
28 15 1.215710e-03
28 16 1.840540e-03
28 17 2.822180e-03
28 18 4.394560e-03
28 19 6.953740e-03
28 20 1.121520e-02
28 21 1.840070e-02
28 22 3.076130e-02
28 23 5.230910e-02
28 24 9.016670e-02
28 25 1.571660e-01
28 26 2.759470e-01
28 27 4.855140e-01
28 28 7.492860e-01
28 29 7.152580e-01
28 30 5.459660e-01
28 31 3.584740e-01
28 32 1.932960e-01
28 33 8.070330e-02
28 34 2.420240e-02
28 35 4.742930e-03
28 36 5.394440e-04
28 37 3.141300e-05
28 38 1.573510e-06
28 39 8.909380e-08
28 40 0.000000e+00
29 1 9.745770e-06
29 2 4.340150e-06
29 3 6.434820e-06
29 4 8.825210e-06
29 5 1.270000e-05
29 6 1.813790e-05
29 7 2.584950e-05
29 8 3.711990e-05
29 9 5.313290e-05
29 10 7.698900e-05
29 11 1.115760e-04
29 12 1.629220e-04
29 13 2.395520e-04
29 14 3.565730e-04
29 15 5.352850e-04
29 16 8.162260e-04
29 17 1.263240e-03
29 18 1.990580e-03
29 19 3.197380e-03
29 20 5.254350e-03
29 21 8.822940e-03
29 22 1.515450e-02
29 23 2.656240e-02
29 24 4.738690e-02
29 25 8.580640e-02
29 26 1.570220e-01
29 27 2.886950e-01
29 28 5.291940e-01
29 29 8.301590e-01
29 30 7.511490e-01
29 31 5.219010e-01
29 32 3.016420e-01
29 33 1.370130e-01
29 34 4.547610e-02
29 35 1.005950e-02
29 36 1.320200e-03
29 37 8.907890e-05
29 38 3.426750e-06
29 39 2.682660e-07
29 40 0.000000e+00
30 1 3.411080e-06
30 2 1.707520e-06
30 3 2.572310e-06
30 4 3.548430e-06
30 5 5.115440e-06
30 6 7.317880e-06
30 7 1.044880e-05
30 8 1.503720e-05
30 9 2.158140e-05
30 10 3.137580e-05
30 11 4.566190e-05
30 12 6.701630e-05
30 13 9.916110e-05
30 14 1.487390e-04
30 15 2.253760e-04
30 16 3.475500e-04
30 17 5.451900e-04
30 18 8.730120e-04
30 19 1.429140e-03
30 20 2.401250e-03
30 21 4.132710e-03
30 22 7.276090e-03
30 23 1.305940e-02
30 24 2.384080e-02
30 25 4.423170e-02
30 26 8.337950e-02
30 27 1.588410e-01
30 28 3.032650e-01
30 29 5.745620e-01
30 30 9.108790e-01
30 31 7.769590e-01
30 32 4.847600e-01
30 33 2.413330e-01
30 34 8.925910e-02
30 35 2.240350e-02
30 36 3.404610e-03
30 37 2.714250e-04
30 38 1.020910e-05
30 39 8.034080e-07
30 40 0.000000e+00
31 1 8.104250e-07
31 2 4.632980e-07
31 3 7.514630e-07
31 4 1.097060e-06
31 5 1.639240e-06
31 6 2.382970e-06
31 7 3.425950e-06
31 8 4.946750e-06
31 9 7.124810e-06
31 10 1.040200e-05
31 11 1.521540e-05
31 12 2.246700e-05
31 13 3.349110e-05
31 14 5.068020e-05
31 15 7.759830e-05
31 16 1.211420e-04
31 17 1.927700e-04
31 18 3.138370e-04
31 19 5.237370e-04
31 20 8.997650e-04
31 21 1.590600e-03
31 22 2.895470e-03
31 23 5.399690e-03
31 24 1.026890e-02
31 25 1.986190e-02
31 26 3.902520e-02
31 27 7.790430e-02
31 28 1.569410e-01
31 29 3.152840e-01
31 30 6.233250e-01
31 31 9.992100e-01
31 32 7.935190e-01
31 33 4.354550e-01
31 34 1.811860e-01
31 35 5.228930e-02
31 36 9.350020e-03
31 37 8.984060e-04
31 38 3.944880e-05
31 39 2.033650e-06
31 40 0.000000e+00
32 1 1.441180e-07
32 2 8.249810e-08
32 3 1.364920e-07
32 4 2.087960e-07
32 5 3.345420e-07
32 6 5.293500e-07
32 7 8.240170e-07
32 8 1.253920e-06
32 9 1.848950e-06
32 10 2.726550e-06
32 11 4.010800e-06
32 12 5.957350e-06
32 13 8.943040e-06
32 14 1.365090e-05
32 15 2.112690e-05
32 16 3.342290e-05
32 17 5.405810e-05
32 18 8.976600e-05
32 19 1.533780e-04
32 20 2.710250e-04
32 21 4.954530e-04
32 22 9.393530e-04
32 23 1.843000e-03
32 24 3.714010e-03
32 25 7.612550e-03
32 26 1.574050e-02
32 27 3.307020e-02
32 28 7.070610e-02
32 29 1.522020e-01
32 30 3.245910e-01
32 31 6.736860e-01
32 32 1.093060e+00
32 33 7.986480e-01
32 34 3.760120e-01
32 35 1.260900e-01
32 36 2.695550e-02
32 37 3.192740e-03
32 38 1.755990e-04
32 39 4.317760e-06
32 40 1.271550e-07
33 1 2.072880e-08
33 2 1.186590e-08
33 3 1.963210e-08
33 4 3.003170e-08
33 5 4.812050e-08
33 6 7.644440e-08
33 7 1.209010e-07
33 8 1.921430e-07
33 9 3.032750e-07
33 10 4.825280e-07
33 11 7.598020e-07
33 12 1.177550e-06
33 13 1.809980e-06
33 14 2.807450e-06
33 15 4.410070e-06
33 16 7.089190e-06
33 17 1.168520e-05
33 18 1.985430e-05
33 19 3.488240e-05
33 20 6.372890e-05
33 21 1.211950e-04
33 22 2.406710e-04
33 23 4.990740e-04
33 24 1.076900e-03
33 25 2.385580e-03
33 26 5.282420e-03
33 27 1.177610e-02
33 28 2.681870e-02
33 29 6.227250e-02
33 30 1.449350e-01
33 31 3.311380e-01
33 32 7.254800e-01
33 33 1.191130e+00
33 34 7.898460e-01
33 35 3.098920e-01
33 36 8.019830e-02
33 37 1.192630e-02
33 38 8.558990e-04
33 39 2.424810e-05
33 40 7.594650e-07
34 1 2.769510e-09
34 2 1.585370e-09
34 3 2.622970e-09
34 4 4.012430e-09
34 5 6.429210e-09
34 6 1.021350e-08
34 7 1.615320e-08
34 8 2.567150e-08
34 9 4.051950e-08
34 10 6.446900e-08
34 11 1.020650e-07
34 12 1.617370e-07
34 13 2.560760e-07
34 14 4.085560e-07
34 15 6.596130e-07
34 16 1.094420e-06
34 17 1.857740e-06
34 18 3.236200e-06
34 19 5.841510e-06
34 20 1.104420e-05
34 21 2.185980e-05
34 22 4.543090e-05
34 23 9.915150e-05
34 24 2.270840e-04
34 25 5.433900e-04
34 26 1.338080e-03
34 27 3.282140e-03
34 28 8.108730e-03
34 29 2.052970e-02
34 30 5.285420e-02
34 31 1.352290e-01
34 32 3.347660e-01
34 33 7.791780e-01
34 34 1.291910e+00
34 35 7.650130e-01
34 36 2.418110e-01
34 37 4.587160e-02
34 38 4.393800e-03
34 39 1.707690e-04
34 40 3.836120e-06
35 1 4.988100e-10
35 2 2.855400e-10
35 3 4.724200e-10
35 4 7.226700e-10
35 5 1.157960e-09
35 6 1.839540e-09
35 7 2.909330e-09
35 8 4.623660e-09
35 9 7.297910e-09
35 10 1.161140e-08
35 11 1.838280e-08
35 12 2.913020e-08
35 13 4.611720e-08
35 14 7.321060e-08
35 15 1.158770e-07
35 16 1.838290e-07
35 17 2.948060e-07
35 18 4.844060e-07
35 19 8.207940e-07
35 20 1.485890e-06
35 21 2.912990e-06
35 22 6.184640e-06
35 23 1.408890e-05
35 24 3.404200e-05
35 25 8.654430e-05
35 26 2.272010e-04
35 27 6.112580e-04
35 28 1.708350e-03
35 29 4.941430e-03
35 30 1.456730e-02
35 31 4.291880e-02
35 32 1.232930e-01
35 33 3.351470e-01
35 34 8.337530e-01
35 35 1.393900e+00
35 36 7.242780e-01
35 37 1.769770e-01
35 38 2.310180e-02
35 39 1.297160e-03
35 40 2.640530e-05
36 1 1.228700e-10
36 2 7.033800e-11
36 3 1.163700e-10
36 4 1.780200e-10
36 5 2.852400e-10
36 6 4.531400e-10
36 7 7.166700e-10
36 8 1.138960e-09
36 9 1.797720e-09
36 10 2.860290e-09
36 11 4.528310e-09
36 12 7.175750e-09
36 13 1.136020e-08
36 14 1.803420e-08
36 15 2.854450e-08
36 16 4.527770e-08
36 17 7.176010e-08
36 18 1.137410e-07
36 19 1.801410e-07
36 20 2.856600e-07
36 21 4.537490e-07
36 22 7.514820e-07
36 23 1.449150e-06
36 24 3.389210e-06
36 25 9.243690e-06
36 26 2.798950e-05
36 27 8.782110e-05
36 28 2.741640e-04
36 29 8.697910e-04
36 30 2.865090e-03
36 31 9.725670e-03
36 32 3.304110e-02
36 33 1.084300e-01
36 34 3.296870e-01
36 35 8.882660e-01
36 36 1.498050e+00
36 37 6.679710e-01
36 38 1.199170e-01
36 39 1.000280e-02
36 40 3.003210e-04
37 1 1.925300e-11
37 2 1.102100e-11
37 3 1.823500e-11
37 4 2.789400e-11
37 5 4.469500e-11
37 6 7.100300e-11
37 7 1.123000e-10
37 8 1.784700e-10
37 9 2.816900e-10
37 10 4.481800e-10
37 11 7.095500e-10
37 12 1.124380e-09
37 13 1.780050e-09
37 14 2.825810e-09
37 15 4.472680e-09
37 16 7.094630e-09
37 17 1.124420e-08
37 18 1.782230e-08
37 19 2.822650e-08
37 20 4.476040e-08
37 21 7.092410e-08
37 22 1.124300e-07
37 23 1.789910e-07
37 24 3.106180e-07
37 25 7.154240e-07
37 26 2.038980e-06
37 27 7.452860e-06
37 28 2.882100e-05
37 29 1.086600e-04
37 30 4.038300e-04
37 31 1.530520e-03
37 32 6.043740e-03
37 33 2.411430e-02
37 34 9.232200e-02
37 35 3.197960e-01
37 36 9.429580e-01
37 37 1.600380e+00
37 38 5.979210e-01
37 39 7.446830e-02
37 40 3.687160e-03
38 1 1.335300e-11
38 2 7.643500e-12
38 3 1.264600e-11
38 4 1.934500e-11
38 5 3.099700e-11
38 6 4.924200e-11
38 7 7.787900e-11
38 8 1.237700e-10
38 9 1.953600e-10
38 10 3.108200e-10
38 11 4.920800e-10
38 12 7.797800e-10
38 13 1.234500e-09
38 14 1.959750e-09
38 15 3.101890e-09
38 16 4.920260e-09
38 17 7.798060e-09
38 18 1.236010e-08
38 19 1.957560e-08
38 20 3.104220e-08
38 21 4.918730e-08
38 22 7.797230e-08
38 23 1.235770e-07
38 24 1.958330e-07
38 25 3.104600e-07
38 26 5.016390e-07
38 27 9.503090e-07
38 28 2.865670e-06
38 29 1.107930e-05
38 30 4.345520e-05
38 31 1.752280e-04
38 32 7.524810e-04
38 33 3.475630e-03
38 34 1.658950e-02
38 35 7.589210e-02
38 36 3.057070e-01
38 37 9.973430e-01
38 38 1.697990e+00
38 39 5.183720e-01
38 40 4.292570e-02
39 1 7.109800e-12
39 2 4.069900e-12
39 3 6.733600e-12
39 4 1.030100e-11
39 5 1.650500e-11
39 6 2.622000e-11
39 7 4.146800e-11
39 8 6.590300e-11
39 9 1.040200e-10
39 10 1.655000e-10
39 11 2.620200e-10
39 12 4.152100e-10
39 13 6.573300e-10
39 14 1.043510e-09
39 15 1.651660e-09
39 16 2.619890e-09
39 17 4.152230e-09
39 18 6.581360e-09
39 19 1.042340e-08
39 20 1.652900e-08
39 21 2.619070e-08
39 22 4.151780e-08
39 23 6.580100e-08
39 24 1.042750e-07
39 25 1.652730e-07
39 26 2.619390e-07
39 27 4.153900e-07
39 28 6.819050e-07
39 29 1.424620e-06
39 30 4.283870e-06
39 31 1.557020e-05
39 32 6.638220e-05
39 33 3.259140e-04
39 34 1.805100e-03
39 35 1.063010e-02
39 36 5.998760e-02
39 37 2.879980e-01
39 38 1.051280e+00
39 39 1.787670e+00
39 40 4.558250e-01
40 1 3.928600e-12
40 2 2.248900e-12
40 3 3.720700e-12
40 4 5.691700e-12
40 5 9.119900e-12
40 6 1.448800e-11
40 7 2.291300e-11
40 8 3.641500e-11
40 9 5.747700e-11
40 10 9.145000e-11
40 11 1.447800e-10
40 12 2.294200e-10
40 13 3.632100e-10
40 14 5.766000e-10
40 15 9.126300e-10
40 16 1.447630e-09
40 17 2.294330e-09
40 18 3.636560e-09
40 19 5.759510e-09
40 20 9.133190e-09
40 21 1.447180e-08
40 22 2.294090e-08
40 23 3.635870e-08
40 24 5.761750e-08
40 25 9.132260e-08
40 26 1.447360e-07
40 27 2.293890e-07
40 28 3.635560e-07
40 29 5.761940e-07
40 30 9.281910e-07
40 31 1.698240e-06
40 32 4.178890e-06
40 33 1.638350e-05
40 34 9.906180e-05
40 35 7.482300e-04
40 36 6.023720e-03
40 37 4.495200e-02
40 38 2.674390e-01
40 39 1.105760e+00
40 40 2.227690e+00
