1 1.439530e-01
2 1.284360e-01
3 1.144060e-01
4 1.019160e-01
5 9.088730e-02
6 8.100620e-02
7 7.219420e-02
8 6.432070e-02
9 5.734500e-02
10 5.109880e-02
11 4.553180e-02
12 4.059290e-02
13 3.617280e-02
14 3.224400e-02
15 2.873230e-02
16 2.561240e-02
17 2.282790e-02
18 2.033990e-02
19 1.813440e-02
20 1.615940e-02
21 1.440080e-02
22 1.283910e-02
23 1.144050e-02
24 1.019570e-02
25 9.088660e-03
26 8.101180e-03
27 7.218850e-03
28 6.434940e-03
29 5.735870e-03
30 5.110890e-03
31 4.557280e-03
32 4.062250e-03
33 3.624500e-03
34 3.231590e-03
35 2.881300e-03
36 2.569830e-03
37 2.301090e-03
38 2.079940e-03
39 1.875820e-03
40 1.656020e-03
