1 3.539510e-02
2 3.539510e-02
3 3.539510e-02
4 3.539510e-02
5 3.539510e-02
6 3.539510e-02
7 3.539510e-02
8 3.539510e-02
9 3.539510e-02
10 3.539510e-02
11 3.539510e-02
12 3.539510e-02
13 3.539510e-02
14 3.539510e-02
15 3.539510e-02
16 3.539510e-02
17 3.539510e-02
18 3.539510e-02
19 3.539510e-02
20 3.539510e-02
21 3.539510e-02
22 3.539510e-02
23 3.539510e-02
24 3.539510e-02
25 3.539510e-02
26 3.539510e-02
27 3.539510e-02
28 3.539510e-02
29 3.539510e-02
30 3.539510e-02
31 3.539510e-02
32 3.539510e-02
33 3.539510e-02
34 3.539510e-02
35 3.539510e-02
36 3.539510e-02
37 3.539510e-02
38 3.539510e-02
39 3.539510e-02
40 3.539510e-02
