1 1.476620e+01
2 1.326260e+01
3 1.191330e+01
4 1.072370e+01
5 9.685730e+00
6 8.769600e+00
7 7.967530e+00
8 7.266970e+00
9 6.663750e+00
10 6.141620e+00
11 5.695320e+00
12 5.318930e+00
13 5.001220e+00
14 4.737950e+00
15 4.520520e+00
16 4.344050e+00
17 4.201280e+00
18 4.086390e+00
19 3.995350e+00
20 3.922430e+00
21 3.864580e+00
22 3.818850e+00
23 3.782300e+00
24 3.753320e+00
25 3.730360e+00
26 3.712080e+00
27 3.697490e+00
28 3.685920e+00
29 3.676710e+00
30 3.669360e+00
31 3.663580e+00
32 3.658970e+00
33 3.655340e+00
34 3.652440e+00
35 3.650210e+00
36 3.648380e+00
37 3.646930e+00
38 3.645830e+00
39 3.644950e+00
40 3.644270e+00
