1 1.439460e-01
2 1.284300e-01
3 1.144010e-01
4 1.019110e-01
5 9.088300e-02
6 8.100240e-02
7 7.219080e-02
8 6.431760e-02
9 5.734220e-02
10 5.109640e-02
11 4.552960e-02
12 4.059100e-02
13 3.617110e-02
14 3.224260e-02
15 2.873110e-02
16 2.561140e-02
17 2.282720e-02
18 2.033940e-02
19 1.813410e-02
20 1.615930e-02
21 1.440080e-02
22 1.283920e-02
23 1.144060e-02
24 1.019570e-02
25 9.088640e-03
26 8.101130e-03
27 7.218750e-03
28 6.434860e-03
29 5.736010e-03
30 5.111020e-03
31 4.556840e-03
32 4.061670e-03
33 3.624590e-03
34 3.232080e-03
35 2.880880e-03
36 2.569370e-03
37 2.299900e-03
38 2.079270e-03
39 1.877740e-03
40 1.655870e-03
