1 1 1.113620e-01
1 2 4.134030e-02
1 3 5.440900e-02
1 4 6.594480e-02
1 5 8.385080e-02
1 6 1.054680e-01
1 7 1.319860e-01
1 8 1.658030e-01
1 9 2.066680e-01
1 10 2.592540e-01
1 11 3.229130e-01
1 12 4.016790e-01
1 13 4.977480e-01
1 14 6.160420e-01
1 15 7.565380e-01
1 16 9.254730e-01
1 17 1.122370e+00
1 18 1.348200e+00
1 19 1.598890e+00
1 20 1.869830e+00
1 21 2.143370e+00
1 22 2.399230e+00
1 23 2.605300e+00
1 24 2.723200e+00
1 25 2.712890e+00
1 26 2.544390e+00
1 27 2.212490e+00
1 28 1.749600e+00
1 29 1.228270e+00
1 30 7.428600e-01
1 31 3.728460e-01
1 32 1.482340e-01
1 33 4.407790e-02
1 34 9.127010e-03
1 35 1.205350e-03
1 36 9.121660e-05
1 37 4.424260e-06
1 38 1.098100e-07
1 39 0.000000e+00
1 40 0.000000e+00
2 1 8.872480e-02
2 2 3.574780e-02
2 3 4.845780e-02
2 4 5.890560e-02
2 5 7.490010e-02
2 6 9.421000e-02
2 7 1.178970e-01
2 8 1.481060e-01
2 9 1.846080e-01
2 10 2.315820e-01
2 11 2.884510e-01
2 12 3.588160e-01
2 13 4.446330e-01
2 14 5.503050e-01
2 15 6.758220e-01
2 16 8.267390e-01
2 17 1.002710e+00
2 18 1.204470e+00
2 19 1.428470e+00
2 20 1.670580e+00
2 21 1.915070e+00
2 22 2.143860e+00
2 23 2.328180e+00
2 24 2.433800e+00
2 25 2.424940e+00
2 26 2.274740e+00
2 27 1.978470e+00
2 28 1.565010e+00
2 29 1.099080e+00
2 30 6.650340e-01
2 31 3.339770e-01
2 32 1.328740e-01
2 33 3.954200e-02
2 34 8.196800e-03
2 35 1.084000e-03
2 36 8.217670e-05
2 37 4.543250e-06
2 38 1.242860e-07
2 39 0.000000e+00
2 40 0.000000e+00
3 1 7.002680e-02
3 2 2.927320e-02
3 3 4.190100e-02
3 4 5.244380e-02
3 5 6.681800e-02
3 6 8.404400e-02
3 7 1.051760e-01
3 8 1.321250e-01
3 9 1.646900e-01
3 10 2.065960e-01
3 11 2.573320e-01
3 12 3.201100e-01
3 13 3.966730e-01
3 14 4.909500e-01
3 15 6.029400e-01
3 16 7.375930e-01
3 17 8.946450e-01
3 18 1.074710e+00
3 19 1.274600e+00
3 20 1.490710e+00
3 21 1.708980e+00
3 22 1.913350e+00
3 23 2.078080e+00
3 24 2.172650e+00
3 25 2.165130e+00
3 26 2.031490e+00
3 27 1.767420e+00
3 28 1.398580e+00
3 29 9.826650e-01
3 30 5.949390e-01
3 31 2.989920e-01
3 32 1.190590e-01
3 33 3.546810e-02
3 34 7.362530e-03
3 35 9.753250e-04
3 36 7.409940e-05
3 37 4.424180e-06
3 38 1.272270e-07
3 39 0.000000e+00
3 40 0.000000e+00
4 1 5.456490e-02
4 2 2.307010e-02
4 3 3.423790e-02
4 4 4.547110e-02
4 5 5.954990e-02
4 6 7.500880e-02
4 7 9.386840e-02
4 8 1.179210e-01
4 9 1.469860e-01
4 10 1.843890e-01
4 11 2.296730e-01
4 12 2.857080e-01
4 13 3.540480e-01
4 14 4.382060e-01
4 15 5.381680e-01
4 16 6.583740e-01
4 17 7.985870e-01
4 18 9.593950e-01
4 19 1.137880e+00
4 20 1.330920e+00
4 21 1.525890e+00
4 22 1.708590e+00
4 23 1.855940e+00
4 24 1.940770e+00
4 25 1.934470e+00
4 26 1.815580e+00
4 27 1.580150e+00
4 28 1.250990e+00
4 29 8.794760e-01
4 30 5.328550e-01
4 31 2.680320e-01
4 32 1.068430e-01
4 33 3.187360e-02
4 34 6.627930e-03
4 35 8.798360e-04
4 36 6.702350e-05
4 37 4.010880e-06
4 38 1.158960e-07
4 39 0.000000e+00
4 40 0.000000e+00
5 1 4.386230e-02
5 2 1.834340e-02
5 3 2.721550e-02
5 4 3.721900e-02
5 5 5.179270e-02
5 6 6.697940e-02
5 7 8.390600e-02
5 8 1.054060e-01
5 9 1.313880e-01
5 10 1.648230e-01
5 11 2.053030e-01
5 12 2.553970e-01
5 13 3.164930e-01
5 14 3.917360e-01
5 15 4.811050e-01
5 16 5.885890e-01
5 17 7.139620e-01
5 18 8.578140e-01
5 19 1.017460e+00
5 20 1.190160e+00
5 21 1.364680e+00
5 22 1.528290e+00
5 23 1.660360e+00
5 24 1.736670e+00
5 25 1.731530e+00
5 26 1.625680e+00
5 27 1.415500e+00
5 28 1.121280e+00
5 29 7.888590e-01
5 30 4.783850e-01
5 31 2.408970e-01
5 32 9.615530e-02
5 33 2.873480e-02
5 34 5.987810e-03
5 35 7.968840e-04
5 36 6.091930e-05
5 37 3.654210e-06
5 38 1.062100e-07
5 39 0.000000e+00
5 40 0.000000e+00
6 1 3.476530e-02
6 2 1.446710e-02
6 3 2.149210e-02
6 4 2.947400e-02
6 5 4.227500e-02
6 6 5.833830e-02
6 7 7.494480e-02
6 8 9.422310e-02
6 9 1.174490e-01
6 10 1.473390e-01
6 11 1.835280e-01
6 12 2.283120e-01
6 13 2.829380e-01
6 14 3.502110e-01
6 15 4.301230e-01
6 16 5.262430e-01
6 17 6.383610e-01
6 18 7.670530e-01
6 19 9.099040e-01
6 20 1.064440e+00
6 21 1.220730e+00
6 22 1.367310e+00
6 23 1.485760e+00
6 24 1.554540e+00
6 25 1.550520e+00
6 26 1.456400e+00
6 27 1.268770e+00
6 28 1.005770e+00
6 29 7.082420e-01
6 30 4.299830e-01
6 31 2.168200e-01
6 32 8.669330e-02
6 33 2.596330e-02
6 34 5.424320e-03
6 35 7.241920e-04
6 36 5.561850e-05
6 37 3.345500e-06
6 38 9.791720e-08
6 39 0.000000e+00
6 40 0.000000e+00
7 1 2.672270e-02
7 2 1.108220e-02
7 3 1.665370e-02
7 4 2.304850e-02
7 5 3.328040e-02
7 6 4.745320e-02
7 7 6.539420e-02
7 8 8.423610e-02
7 9 1.050610e-01
7 10 1.317990e-01
7 11 1.641750e-01
7 12 2.042410e-01
7 13 2.531150e-01
7 14 3.133090e-01
7 15 3.848210e-01
7 16 4.708420e-01
7 17 5.711950e-01
7 18 6.863900e-01
7 19 8.143540e-01
7 20 9.528240e-01
7 21 1.092860e+00
7 22 1.224390e+00
7 23 1.330840e+00
7 24 1.392920e+00
7 25 1.389960e+00
7 26 1.306340e+00
7 27 1.138850e+00
7 28 9.035480e-01
7 29 6.369870e-01
7 30 3.872640e-01
7 31 1.956150e-01
7 32 7.838270e-02
7 33 2.353650e-02
7 34 4.933160e-03
7 35 6.612790e-04
7 36 5.104970e-05
7 37 3.082770e-06
7 38 9.093550e-08
7 39 0.000000e+00
7 40 0.000000e+00
8 1 2.085620e-02
8 2 8.652010e-03
8 3 1.301500e-02
8 4 1.806310e-02
8 5 2.614280e-02
8 6 3.736460e-02
8 7 5.305840e-02
8 8 7.358540e-02
8 9 9.400290e-02
8 10 1.179750e-01
8 11 1.469570e-01
8 12 1.828270e-01
8 13 2.265850e-01
8 14 2.804830e-01
8 15 3.445220e-01
8 16 4.215660e-01
8 17 5.114620e-01
8 18 6.146620e-01
8 19 7.293920e-01
8 20 8.535810e-01
8 21 9.792340e-01
8 22 1.097390e+00
8 23 1.193220e+00
8 24 1.249420e+00
8 25 1.247500e+00
8 26 1.173300e+00
8 27 1.023780e+00
8 28 8.131210e-01
8 29 5.740380e-01
8 30 3.496000e-01
8 31 1.769690e-01
8 32 7.110040e-02
8 33 2.141960e-02
8 34 4.507510e-03
8 35 6.072370e-04
8 36 4.716710e-05
8 37 3.017250e-06
8 38 3.613910e-07
8 39 0.000000e+00
8 40 0.000000e+00
9 1 1.701710e-02
9 2 6.919210e-03
9 3 1.023530e-02
9 4 1.410390e-02
9 5 2.049130e-02
9 6 2.940880e-02
9 7 4.185710e-02
9 8 5.974670e-02
9 9 8.235480e-02
9 10 1.057640e-01
9 11 1.317850e-01
9 12 1.639570e-01
9 13 2.032080e-01
9 14 2.515590e-01
9 15 3.090170e-01
9 16 3.781610e-01
9 17 4.588430e-01
9 18 5.515140e-01
9 19 6.545690e-01
9 20 7.661910e-01
9 21 8.792610e-01
9 22 9.856810e-01
9 23 1.072220e+00
9 24 1.123300e+00
9 25 1.122440e+00
9 26 1.056600e+00
9 27 9.229990e-01
9 28 7.340750e-01
9 29 5.191150e-01
9 30 3.168350e-01
9 31 1.608100e-01
9 32 6.482120e-02
9 33 1.960670e-02
9 34 4.146500e-03
9 35 5.620080e-04
9 36 4.397610e-05
9 37 3.168680e-06
9 38 9.481600e-07
9 39 0.000000e+00
9 40 0.000000e+00
10 1 1.327590e-02
10 2 5.390260e-03
10 3 8.006860e-03
10 4 1.105680e-02
10 5 1.605450e-02
10 6 2.307370e-02
10 7 3.289980e-02
10 8 4.702370e-02
10 9 6.669190e-02
10 10 9.276350e-02
10 11 1.182730e-01
10 12 1.471770e-01
10 13 1.824210e-01
10 14 2.258420e-01
10 15 2.774520e-01
10 16 3.395670e-01
10 17 4.120760e-01
10 18 4.953980e-01
10 19 5.880840e-01
10 20 6.885810e-01
10 21 7.904960e-01
10 22 8.865400e-01
10 23 9.649010e-01
10 24 1.011600e+00
10 25 1.011700e+00
10 26 9.534110e-01
10 27 8.339980e-01
10 28 6.644470e-01
10 29 4.708490e-01
10 30 2.881450e-01
10 31 1.467300e-01
10 32 5.938580e-02
10 33 1.805180e-02
10 34 3.841000e-03
10 35 5.244560e-04
10 36 4.141340e-05
10 37 3.103160e-06
10 38 1.082270e-06
10 39 0.000000e+00
10 40 0.000000e+00
11 1 1.019500e-02
11 2 4.137860e-03
11 3 6.132680e-03
11 4 8.449240e-03
11 5 1.227680e-02
11 6 1.776250e-02
11 7 2.552970e-02
11 8 3.669340e-02
11 9 5.224120e-02
11 10 7.488300e-02
11 11 1.038980e-01
11 12 1.323450e-01
11 13 1.640660e-01
11 14 2.031360e-01
11 15 2.495840e-01
11 16 3.055010e-01
11 17 3.708040e-01
11 18 4.458810e-01
11 19 5.294510e-01
11 20 6.201520e-01
11 21 7.122570e-01
11 22 7.992260e-01
11 23 8.704550e-01
11 24 9.134060e-01
11 25 9.144580e-01
11 26 8.629470e-01
11 27 7.561410e-01
11 28 6.037100e-01
11 29 4.289190e-01
11 30 2.633440e-01
11 31 1.346440e-01
11 32 5.476590e-02
11 33 1.674880e-02
11 34 3.590370e-03
11 35 4.946510e-04
11 36 3.950360e-05
11 37 2.978120e-06
11 38 1.039360e-06
11 39 0.000000e+00
11 40 0.000000e+00
12 1 8.292300e-03
12 2 3.360740e-03
12 3 4.960370e-03
12 4 6.782960e-03
12 5 9.740060e-03
12 6 1.386540e-02
12 7 1.980240e-02
12 8 2.859020e-02
12 9 4.089320e-02
12 10 5.875420e-02
12 11 8.389860e-02
12 12 1.166090e-01
12 13 1.479480e-01
12 14 1.832120e-01
12 15 2.251370e-01
12 16 2.756250e-01
12 17 3.346150e-01
12 18 4.024750e-01
12 19 4.780880e-01
12 20 5.602140e-01
12 21 6.437980e-01
12 22 7.228960e-01
12 23 7.879790e-01
12 24 8.277400e-01
12 25 8.298120e-01
12 26 7.843840e-01
12 27 6.887490e-01
12 28 5.513440e-01
12 29 3.929990e-01
12 30 2.422500e-01
12 31 1.244760e-01
12 32 5.093770e-02
12 33 1.569330e-02
12 34 3.394360e-03
12 35 4.726960e-04
12 36 3.826820e-05
12 37 2.903330e-06
12 38 1.014110e-06
12 39 0.000000e+00
12 40 0.000000e+00
13 1 6.107360e-03
13 2 2.476320e-03
13 3 3.654830e-03
13 4 4.991700e-03
13 5 7.169520e-03
13 6 1.027580e-02
13 7 1.478300e-02
13 8 2.152530e-02
13 9 3.120830e-02
13 10 4.532840e-02
13 11 6.518550e-02
13 12 9.365550e-02
13 13 1.305680e-01
13 14 1.656610e-01
13 15 2.036120e-01
13 16 2.493260e-01
13 17 3.027700e-01
13 18 3.642940e-01
13 19 4.329180e-01
13 20 5.075600e-01
13 21 5.836750e-01
13 22 6.559440e-01
13 23 7.157190e-01
13 24 7.527820e-01
13 25 7.559410e-01
13 26 7.160120e-01
13 27 6.303150e-01
13 28 5.061690e-01
13 29 3.622270e-01
13 30 2.243630e-01
13 31 1.159800e-01
13 32 4.780950e-02
13 33 1.486160e-02
13 34 3.249330e-03
13 35 4.584000e-04
13 36 3.777130e-05
13 37 2.883160e-06
13 38 1.008190e-06
13 39 0.000000e+00
13 40 0.000000e+00
14 1 5.128160e-03
14 2 2.078790e-03
14 3 3.067370e-03
14 4 4.187970e-03
14 5 5.999520e-03
14 6 8.530280e-03
14 7 1.211550e-02
14 8 1.732070e-02
14 9 2.463920e-02
14 10 3.558110e-02
14 11 5.109490e-02
14 12 7.328480e-02
14 13 1.050390e-01
14 14 1.466990e-01
14 15 1.847750e-01
14 16 2.263250e-01
14 17 2.749330e-01
14 18 3.309400e-01
14 19 3.934890e-01
14 20 4.616620e-01
14 21 5.313250e-01
14 22 5.977400e-01
14 23 6.530490e-01
14 24 6.879450e-01
14 25 6.922920e-01
14 26 6.574000e-01
14 27 5.805520e-01
14 28 4.680320e-01
14 29 3.365720e-01
14 30 2.097090e-01
14 31 1.091990e-01
14 32 4.541420e-02
14 33 1.426820e-02
14 34 3.159570e-03
14 35 4.525050e-04
14 36 3.803300e-05
14 37 2.921280e-06
14 38 1.022740e-06
14 39 0.000000e+00
14 40 0.000000e+00
15 1 3.995400e-03
15 2 1.619520e-03
15 3 2.389810e-03
15 4 3.262970e-03
15 5 4.673340e-03
15 6 6.635730e-03
15 7 9.398500e-03
15 8 1.343600e-02
15 9 1.919020e-02
15 10 2.771010e-02
15 11 3.976430e-02
15 12 5.704460e-02
15 13 8.176710e-02
15 14 1.177070e-01
15 15 1.641760e-01
15 16 2.062910e-01
15 17 2.507000e-01
15 18 3.019280e-01
15 19 3.592230e-01
15 20 4.217960e-01
15 21 4.859450e-01
15 22 5.473970e-01
15 23 5.989860e-01
15 24 6.322140e-01
15 25 6.377890e-01
15 26 6.075130e-01
15 27 5.385570e-01
15 28 4.362280e-01
15 29 3.155280e-01
15 30 1.980070e-01
15 31 1.040060e-01
15 32 4.371320e-02
15 33 1.390870e-02
15 34 3.126750e-03
15 35 4.558540e-04
15 36 3.899710e-05
15 37 3.033290e-06
15 38 1.063380e-06
15 39 0.000000e+00
15 40 0.000000e+00
16 1 3.036890e-03
16 2 1.231120e-03
16 3 1.816900e-03
16 4 2.481130e-03
16 5 3.553760e-03
16 6 5.045990e-03
16 7 7.139140e-03
16 8 1.017980e-02
16 9 1.450410e-02
16 10 2.095510e-02
16 11 3.024730e-02
16 12 4.371850e-02
16 13 6.300500e-02
16 14 9.100400e-02
16 15 1.312660e-01
16 16 1.840940e-01
16 17 2.299130e-01
16 18 2.770650e-01
16 19 3.298720e-01
16 20 3.877320e-01
16 21 4.472670e-01
16 22 5.046080e-01
16 23 5.532120e-01
16 24 5.852510e-01
16 25 5.921830e-01
16 26 5.661550e-01
16 27 5.041850e-01
16 28 4.107120e-01
16 29 2.991240e-01
16 30 1.893160e-01
16 31 1.004720e-01
16 32 4.275690e-02
16 33 1.380880e-02
16 34 3.159650e-03
16 35 4.703580e-04
16 36 4.114080e-05
16 37 3.238090e-06
16 38 1.136920e-06
16 39 0.000000e+00
16 40 0.000000e+00
17 1 2.425550e-03
17 2 9.833960e-04
17 3 1.451130e-03
17 4 1.981370e-03
17 5 2.837810e-03
17 6 4.028550e-03
17 7 5.698950e-03
17 8 8.114600e-03
17 9 1.150930e-02
17 10 1.651670e-02
17 11 2.366520e-02
17 12 3.399950e-02
17 13 4.882390e-02
17 14 7.038730e-02
17 15 1.013830e-01
17 16 1.468570e-01
17 17 2.061100e-01
17 18 2.557340e-01
17 19 3.047930e-01
17 20 3.586360e-01
17 21 4.142870e-01
17 22 4.683420e-01
17 23 5.146710e-01
17 24 5.460150e-01
17 25 5.544820e-01
17 26 5.324920e-01
17 27 4.768420e-01
17 28 3.910850e-01
17 29 2.872040e-01
17 30 1.836150e-01
17 31 9.864090e-02
17 32 4.259680e-02
17 33 1.399740e-02
17 34 3.268650e-03
17 35 4.982700e-04
17 36 4.475790e-05
17 37 3.290700e-06
17 38 6.996230e-07
17 39 0.000000e+00
17 40 0.000000e+00
18 1 1.832630e-03
18 2 7.433070e-04
18 3 1.096980e-03
18 4 1.498000e-03
18 5 2.145830e-03
18 6 3.046950e-03
18 7 4.310460e-03
18 8 6.133760e-03
18 9 8.688090e-03
18 10 1.244830e-02
18 11 1.782760e-02
18 12 2.567300e-02
18 13 3.703680e-02
18 14 5.360100e-02
18 15 7.743630e-02
18 16 1.124060e-01
18 17 1.636920e-01
18 18 2.306420e-01
18 19 2.837910e-01
18 20 3.344220e-01
18 21 3.869240e-01
18 22 4.384110e-01
18 23 4.831210e-01
18 24 5.142850e-01
18 25 5.244450e-01
18 26 5.063190e-01
18 27 4.563530e-01
18 28 3.772670e-01
18 29 2.797630e-01
18 30 1.809650e-01
18 31 9.860510e-02
18 32 4.330990e-02
18 33 1.451980e-02
18 34 3.471330e-03
18 35 5.438670e-04
18 36 5.040360e-05
18 37 3.447860e-06
18 38 1.435890e-07
18 39 0.000000e+00
18 40 0.000000e+00
19 1 1.318050e-03
19 2 5.350270e-04
19 3 7.897250e-04
19 4 1.078640e-03
19 5 1.545490e-03
19 6 2.195200e-03
19 7 3.106980e-03
19 8 4.423430e-03
19 9 6.263930e-03
19 10 8.965330e-03
19 11 1.283050e-02
19 12 1.850530e-02
19 13 2.687280e-02
19 14 3.940770e-02
19 15 5.767350e-02
19 16 8.446410e-02
19 17 1.237880e-01
19 18 1.820970e-01
19 19 2.580050e-01
19 20 3.150760e-01
19 21 3.653220e-01
19 22 4.149380e-01
19 23 4.587190e-01
19 24 4.902420e-01
19 25 5.023270e-01
19 26 4.879200e-01
19 27 4.430540e-01
19 28 3.696310e-01
19 29 2.771720e-01
19 30 1.817180e-01
19 31 1.006370e-01
19 32 4.507090e-02
19 33 1.546250e-02
19 34 3.798410e-03
19 35 6.143160e-04
19 36 5.905060e-05
19 37 4.125940e-06
19 38 1.849770e-07
19 39 0.000000e+00
19 40 0.000000e+00
20 1 1.039530e-03
20 2 4.218230e-04
20 3 6.225440e-04
20 4 8.502080e-04
20 5 1.217950e-03
20 6 1.729540e-03
20 7 2.447590e-03
20 8 3.483480e-03
20 9 4.930640e-03
20 10 7.046510e-03
20 11 1.003860e-02
20 12 1.436050e-02
20 13 2.060880e-02
20 14 2.976270e-02
20 15 4.323530e-02
20 16 6.342340e-02
20 17 9.308650e-02
20 18 1.370670e-01
20 19 2.027310e-01
20 20 2.884750e-01
20 21 3.479360e-01
20 22 3.963450e-01
20 23 4.399010e-01
20 24 4.724000e-01
20 25 4.868710e-01
20 26 4.763800e-01
20 27 4.364540e-01
20 28 3.681110e-01
20 29 2.796900e-01
20 30 1.862940e-01
20 31 1.051260e-01
20 32 4.814090e-02
20 33 1.695070e-02
20 34 4.291020e-03
20 35 7.183160e-04
20 36 7.177680e-05
20 37 5.109770e-06
20 38 2.483260e-07
20 39 0.000000e+00
20 40 0.000000e+00
21 1 7.842080e-04
21 2 3.182090e-04
21 3 4.696280e-04
21 4 6.413500e-04
21 5 9.188430e-04
21 6 1.304980e-03
21 7 1.846690e-03
21 8 2.628770e-03
21 9 3.721680e-03
21 10 5.318860e-03
21 11 7.578400e-03
21 12 1.083900e-02
21 13 1.555120e-02
21 14 2.250040e-02
21 15 3.261450e-02
21 16 4.753140e-02
21 17 6.950100e-02
21 18 1.021790e-01
21 19 1.510970e-01
21 20 2.253770e-01
21 21 3.218910e-01
21 22 3.833520e-01
21 23 4.273240e-01
21 24 4.614660e-01
21 25 4.788470e-01
21 26 4.724400e-01
21 27 4.373060e-01
21 28 3.734470e-01
21 29 2.880340e-01
21 30 1.953400e-01
21 31 1.126020e-01
21 32 5.287890e-02
21 33 1.917450e-02
21 34 5.021610e-03
21 35 8.740270e-04
21 36 9.123300e-05
21 37 6.201550e-06
21 38 2.827730e-07
21 39 0.000000e+00
21 40 0.000000e+00
22 1 5.658630e-04
22 2 2.298530e-04
22 3 3.393090e-04
22 4 4.634880e-04
22 5 6.641300e-04
22 6 9.433660e-04
22 7 1.335340e-03
22 8 1.901360e-03
22 9 2.692670e-03
22 10 3.850170e-03
22 11 5.488720e-03
22 12 7.852170e-03
22 13 1.126540e-02
22 14 1.629640e-02
22 15 2.364710e-02
22 16 3.455090e-02
22 17 5.064910e-02
22 18 7.466440e-02
22 19 1.107290e-01
22 20 1.657170e-01
22 21 2.498600e-01
22 22 3.593180e-01
22 23 4.213210e-01
22 24 4.578190e-01
22 25 4.787180e-01
22 26 4.767360e-01
22 27 4.463960e-01
22 28 3.865660e-01
22 29 3.032210e-01
22 30 2.098320e-01
22 31 1.238940e-01
22 32 5.984700e-02
22 33 2.243240e-02
22 34 6.104600e-03
22 35 1.110530e-03
22 36 1.218870e-04
22 37 7.728770e-06
22 38 2.925010e-07
22 39 2.914250e-09
22 40 0.000000e+00
23 1 3.876980e-04
23 2 1.575770e-04
23 3 2.326330e-04
23 4 3.178340e-04
23 5 4.555510e-04
23 6 6.473650e-04
23 7 9.167920e-04
23 8 1.306170e-03
23 9 1.851220e-03
23 10 2.649370e-03
23 11 3.780890e-03
23 12 5.415880e-03
23 13 7.777240e-03
23 14 1.125090e-02
23 15 1.633500e-02
23 16 2.396070e-02
23 17 3.541210e-02
23 18 5.272130e-02
23 19 7.886510e-02
23 20 1.188870e-01
23 21 1.804850e-01
23 22 2.764350e-01
23 23 4.008380e-01
23 24 4.617420e-01
23 25 4.869350e-01
23 26 4.899580e-01
23 27 4.646220e-01
23 28 4.086160e-01
23 29 3.265630e-01
23 30 2.311060e-01
23 31 1.401570e-01
23 32 6.986990e-02
23 33 2.718150e-02
23 34 7.724450e-03
23 35 1.477540e-03
23 36 1.717820e-04
23 37 1.122140e-05
23 38 4.617270e-07
23 39 1.077610e-08
23 40 2.892400e-10
24 1 2.669770e-04
24 2 1.088130e-04
24 3 1.606630e-04
24 4 2.195290e-04
24 5 3.147100e-04
24 6 4.473020e-04
24 7 6.336210e-04
24 8 9.030530e-04
24 9 1.280420e-03
24 10 1.833530e-03
24 11 2.618690e-03
24 12 3.754800e-03
24 13 5.397820e-03
24 14 7.814340e-03
24 15 1.134370e-02
24 16 1.662680e-02
24 17 2.456420e-02
24 18 3.662980e-02
24 19 5.504590e-02
24 20 8.342110e-02
24 21 1.273770e-01
24 22 1.963630e-01
24 23 3.054290e-01
24 24 4.462430e-01
24 25 5.035330e-01
24 26 5.127130e-01
24 27 4.931780e-01
24 28 4.413700e-01
24 29 3.602320e-01
24 30 2.614310e-01
24 31 1.633650e-01
24 32 8.436360e-02
24 33 3.420170e-02
24 34 1.019690e-02
24 35 2.061120e-03
24 36 2.552380e-04
24 37 1.739320e-05
24 38 7.700980e-07
24 39 1.883990e-08
24 40 9.143700e-10
25 1 1.764580e-04
25 2 7.192070e-05
25 3 1.062070e-04
25 4 1.451580e-04
25 5 2.081450e-04
25 6 2.959390e-04
25 7 4.194100e-04
25 8 5.980670e-04
25 9 8.485570e-04
25 10 1.216170e-03
25 11 1.738670e-03
25 12 2.496080e-03
25 13 3.594180e-03
25 14 5.213470e-03
25 15 7.581880e-03
25 16 1.112990e-02
25 17 1.647780e-02
25 18 2.464260e-02
25 19 3.719170e-02
25 20 5.671320e-02
25 21 8.720550e-02
25 22 1.354910e-01
25 23 2.125910e-01
25 24 3.367430e-01
25 25 4.964740e-01
25 26 5.466420e-01
25 27 5.342580e-01
25 28 4.873570e-01
25 29 4.071940e-01
25 30 3.038550e-01
25 31 1.962460e-01
25 32 1.053790e-01
25 33 4.472410e-02
25 34 1.406680e-02
25 35 3.024280e-03
25 36 4.019680e-04
25 37 2.939410e-05
25 38 1.369910e-06
25 39 3.727900e-08
25 40 1.958580e-09
26 1 1.017820e-04
26 2 4.180330e-05
26 3 6.175420e-05
26 4 8.443450e-05
26 5 1.211360e-04
26 6 1.723450e-04
26 7 2.444380e-04
26 8 3.489170e-04
26 9 4.956900e-04
26 10 7.115480e-04
26 11 1.019280e-03
26 12 1.466940e-03
26 13 2.118700e-03
26 14 3.084660e-03
26 15 4.506410e-03
26 16 6.647390e-03
26 17 9.886470e-03
26 18 1.488810e-02
26 19 2.272810e-02
26 20 3.525910e-02
26 21 5.542400e-02
26 22 8.809940e-02
26 23 1.410900e-01
26 24 2.277570e-01
26 25 3.704970e-01
26 26 5.536370e-01
26 27 5.925670e-01
26 28 5.513720e-01
26 29 4.718710e-01
26 30 3.626610e-01
26 31 2.426790e-01
26 32 1.359660e-01
26 33 6.071300e-02
26 34 2.028320e-02
26 35 4.683890e-03
26 36 6.773480e-04
26 37 5.435740e-05
26 38 2.671830e-06
26 39 8.591330e-08
26 40 4.682650e-09
27 1 6.275610e-05
27 2 2.590310e-05
27 3 3.827390e-05
27 4 5.234400e-05
27 5 7.511070e-05
27 6 1.069050e-04
27 7 1.517020e-04
27 8 2.166540e-04
27 9 3.080130e-04
27 10 4.425370e-04
27 11 6.345870e-04
27 12 9.145360e-04
27 13 1.323100e-03
27 14 1.930330e-03
27 15 2.827310e-03
27 16 4.183860e-03
27 17 6.244610e-03
27 18 9.424660e-03
27 19 1.439810e-02
27 20 2.234040e-02
27 21 3.515260e-02
27 22 5.614910e-02
27 23 9.081250e-02
27 24 1.483820e-01
27 25 2.447900e-01
27 26 4.066630e-01
27 27 6.130680e-01
27 28 6.351220e-01
27 29 5.588510e-01
27 30 4.442080e-01
27 31 3.094870e-01
27 32 1.818980e-01
27 33 8.589830e-02
27 34 3.062370e-02
27 35 7.622600e-03
27 36 1.201000e-03
27 37 1.060230e-04
27 38 5.317900e-06
27 39 2.075020e-07
27 40 1.129300e-08
28 1 3.384920e-05
28 2 1.413790e-05
28 3 2.089510e-05
28 4 2.858630e-05
28 5 4.104390e-05
28 6 5.844690e-05
28 7 8.298780e-05
28 8 1.186370e-04
28 9 1.688530e-04
28 10 2.429300e-04
28 11 3.490030e-04
28 12 5.040780e-04
28 13 7.312500e-04
28 14 1.070560e-03
28 15 1.574740e-03
28 16 2.342460e-03
28 17 3.518560e-03
28 18 5.350200e-03
28 19 8.241340e-03
28 20 1.290550e-02
28 21 2.052400e-02
28 22 3.323490e-02
28 23 5.469880e-02
28 24 9.114740e-02
28 25 1.535460e-01
28 26 2.609110e-01
28 27 4.455710e-01
28 28 6.795240e-01
28 29 6.773980e-01
28 30 5.576570e-01
28 31 4.056060e-01
28 32 2.509930e-01
28 33 1.260170e-01
28 34 4.829920e-02
28 35 1.308620e-02
28 36 2.274740e-03
28 37 2.248030e-04
28 38 1.164740e-05
28 39 5.215460e-07
28 40 3.017290e-08
29 1 1.527770e-05
29 2 6.726280e-06
29 3 9.946730e-06
29 4 1.361580e-05
29 5 1.955820e-05
29 6 2.786980e-05
29 7 3.960610e-05
29 8 5.666850e-05
29 9 8.074980e-05
29 10 1.163550e-04
29 11 1.674730e-04
29 12 2.424790e-04
29 13 3.528490e-04
29 14 5.185500e-04
29 15 7.664480e-04
29 16 1.147050e-03
29 17 1.735980e-03
29 18 2.664250e-03
29 19 4.150230e-03
29 20 6.586270e-03
29 21 1.063950e-02
29 22 1.754740e-02
29 23 2.955300e-02
29 24 5.068870e-02
29 25 8.825920e-02
29 26 1.552750e-01
29 27 2.748450e-01
29 28 4.869340e-01
29 29 7.543910e-01
29 30 7.182020e-01
29 31 5.458360e-01
29 32 3.565450e-01
29 33 1.911410e-01
29 34 7.927720e-02
29 35 2.360310e-02
29 36 4.588920e-03
29 37 5.171250e-04
29 38 2.965370e-05
29 39 1.084940e-06
29 40 8.751160e-08
30 1 6.239340e-06
30 2 3.063220e-06
30 3 4.596670e-06
30 4 6.318820e-06
30 5 9.086760e-06
30 6 1.295990e-05
30 7 1.843650e-05
30 8 2.641610e-05
30 9 3.770330e-05
30 10 5.443980e-05
30 11 7.855160e-05
30 12 1.140890e-04
30 13 1.666660e-04
30 14 2.461250e-04
30 15 3.659620e-04
30 16 5.517020e-04
30 17 8.424610e-04
30 18 1.307230e-03
30 19 2.063500e-03
30 20 3.326620e-03
30 21 5.471620e-03
30 22 9.190000e-03
30 23 1.573370e-02
30 24 2.742070e-02
30 25 4.858410e-02
30 26 8.738420e-02
30 27 1.589210e-01
30 28 2.905440e-01
30 29 5.300560e-01
30 30 8.298240e-01
30 31 7.508700e-01
30 32 5.209080e-01
30 33 3.001910e-01
30 34 1.356310e-01
30 35 4.463410e-02
30 36 9.748280e-03
30 37 1.256650e-03
30 38 8.282610e-05
30 39 2.856050e-06
30 40 2.557560e-07
31 1 1.969400e-06
31 2 1.083120e-06
31 3 1.686470e-06
31 4 2.402990e-06
31 5 3.519520e-06
31 6 5.041200e-06
31 7 7.184710e-06
31 8 1.031400e-05
31 9 1.475420e-05
31 10 2.136550e-05
31 11 3.094170e-05
31 12 4.513560e-05
31 13 6.628670e-05
31 14 9.851750e-05
31 15 1.476070e-04
31 16 2.245790e-04
31 17 3.466360e-04
31 18 5.446170e-04
31 19 8.722610e-04
31 20 1.430050e-03
31 21 2.399510e-03
31 22 4.127950e-03
31 23 7.261900e-03
31 24 1.302770e-02
31 25 2.379660e-02
31 26 4.423440e-02
31 27 8.352240e-02
31 28 1.592900e-01
31 29 3.043090e-01
31 30 5.766460e-01
31 31 9.128450e-01
31 32 7.767330e-01
31 33 4.833490e-01
31 34 2.396170e-01
31 35 8.805430e-02
31 36 2.188350e-02
31 37 3.275360e-03
31 38 2.551960e-04
31 39 9.317640e-06
31 40 7.718310e-07
32 1 4.839220e-07
32 2 2.769740e-07
32 3 4.550730e-07
32 4 6.797820e-07
32 5 1.043020e-06
32 6 1.566760e-06
32 7 2.291360e-06
32 8 3.312210e-06
32 9 4.751820e-06
32 10 6.901930e-06
32 11 1.003180e-05
32 12 1.469910e-05
32 13 2.170700e-05
32 14 3.248200e-05
32 15 4.907830e-05
32 16 7.543330e-05
32 17 1.178860e-04
32 18 1.880080e-04
32 19 3.065710e-04
32 20 5.135290e-04
32 21 8.837940e-04
32 22 1.566880e-03
32 23 2.859610e-03
32 24 5.351830e-03
32 25 1.021080e-02
32 26 1.976030e-02
32 27 3.889140e-02
32 28 7.781630e-02
32 29 1.570420e-01
32 30 3.158960e-01
32 31 6.250710e-01
32 32 1.001750e+00
32 33 7.935320e-01
32 34 4.337440e-01
32 35 1.794440e-01
32 36 5.136130e-02
32 37 9.074740e-03
32 38 8.568310e-04
32 39 3.654620e-05
32 40 2.186080e-06
33 1 8.925600e-08
33 2 5.109340e-08
33 3 8.453350e-08
33 4 1.293130e-07
33 5 2.072020e-07
33 6 3.290320e-07
33 7 5.175550e-07
33 8 8.041540e-07
33 9 1.202190e-06
33 10 1.778710e-06
33 11 2.608950e-06
33 12 3.845890e-06
33 13 5.717260e-06
33 14 8.624150e-06
33 15 1.315840e-05
33 16 2.046770e-05
33 17 3.245750e-05
33 18 5.269010e-05
33 19 8.776140e-05
33 20 1.507470e-04
33 21 2.672480e-04
33 22 4.906780e-04
33 23 9.334640e-04
33 24 1.837280e-03
33 25 3.712290e-03
33 26 7.573200e-03
33 27 1.563990e-02
33 28 3.295010e-02
33 29 7.065250e-02
33 30 1.523420e-01
33 31 3.252100e-01
33 32 6.752520e-01
33 33 1.095580e+00
33 34 7.984690e-01
33 35 3.741190e-01
33 36 1.245680e-01
33 37 2.635500e-02
33 38 3.075370e-03
33 39 1.655740e-04
33 40 4.320080e-06
34 1 1.283560e-08
34 2 7.347580e-09
34 3 1.215650e-08
34 4 1.859610e-08
34 5 2.979700e-08
34 6 4.733560e-08
34 7 7.486400e-08
34 8 1.189780e-07
34 9 1.877930e-07
34 10 2.987780e-07
34 11 4.723710e-07
34 12 7.404840e-07
34 13 1.139340e-06
34 14 1.750230e-06
34 15 2.709010e-06
34 16 4.278590e-06
34 17 6.911710e-06
34 18 1.146420e-05
34 19 1.957410e-05
34 20 3.459120e-05
34 21 6.332480e-05
34 22 1.205220e-04
34 23 2.386740e-04
34 24 4.919830e-04
34 25 1.053430e-03
34 26 2.320830e-03
34 27 5.153810e-03
34 28 1.158620e-02
34 29 2.663350e-02
34 30 6.221350e-02
34 31 1.452100e-01
34 32 3.320440e-01
34 33 7.274450e-01
34 34 1.193260e+00
34 35 7.889430e-01
34 36 3.079490e-01
34 37 7.904470e-02
34 38 1.160060e-02
34 39 8.151530e-04
34 40 2.309230e-05
35 1 1.868480e-09
35 2 1.069590e-09
35 3 1.769620e-09
35 4 2.707030e-09
35 5 4.337540e-09
35 6 6.890630e-09
35 7 1.089790e-08
35 8 1.731960e-08
35 9 2.733690e-08
35 10 4.349470e-08
35 11 6.885930e-08
35 12 1.091170e-07
35 13 1.727490e-07
35 14 2.742770e-07
35 15 4.347710e-07
35 16 6.948930e-07
35 17 1.127760e-06
35 18 1.881410e-06
35 19 3.269370e-06
35 20 5.957320e-06
35 21 1.132690e-05
35 22 2.245240e-05
35 23 4.641350e-05
35 24 1.001590e-04
35 25 2.254690e-04
35 26 5.239450e-04
35 27 1.249020e-03
35 28 3.079050e-03
35 29 7.825520e-03
35 30 2.028030e-02
35 31 5.282690e-02
35 32 1.356930e-01
35 33 3.359740e-01
35 34 7.809290e-01
35 35 1.293610e+00
35 36 7.639970e-01
35 37 2.399440e-01
35 38 4.503330e-02
35 39 4.240620e-03
35 40 1.642260e-04
36 1 3.134400e-10
36 2 1.794300e-10
36 3 2.968600e-10
36 4 4.541100e-10
36 5 7.276300e-10
36 6 1.155920e-09
36 7 1.828150e-09
36 8 2.905400e-09
36 9 4.585830e-09
36 10 7.296340e-09
36 11 1.155130e-08
36 12 1.830470e-08
36 13 2.897890e-08
36 14 4.600380e-08
36 15 7.281460e-08
36 16 1.155000e-07
36 17 1.830540e-07
36 18 2.903410e-07
36 19 4.640970e-07
36 20 7.636530e-07
36 21 1.366100e-06
36 22 2.700480e-06
36 23 5.837950e-06
36 24 1.354890e-05
36 25 3.343010e-05
36 26 8.723210e-05
36 27 2.347370e-04
36 28 6.356330e-04
36 29 1.749970e-03
36 30 4.973250e-03
36 31 1.452350e-02
36 32 4.265770e-02
36 33 1.226830e-01
36 34 3.345030e-01
36 35 8.348990e-01
36 36 1.397790e+00
36 37 7.229910e-01
36 38 1.749430e-01
36 39 2.254500e-02
36 40 1.271320e-03
37 1 6.814300e-11
37 2 3.900800e-11
37 3 6.453800e-11
37 4 9.872500e-11
37 5 1.581900e-10
37 6 2.513000e-10
37 7 3.974500e-10
37 8 6.316400e-10
37 9 9.969700e-10
37 10 1.586250e-09
37 11 2.511290e-09
37 12 3.979500e-09
37 13 6.300120e-09
37 14 1.000140e-08
37 15 1.583010e-08
37 16 2.511000e-08
37 17 3.979650e-08
37 18 6.307820e-08
37 19 9.990200e-08
37 20 1.584200e-07
37 21 2.510210e-07
37 22 3.984980e-07
37 23 6.720690e-07
37 24 1.323330e-06
37 25 3.131180e-06
37 26 8.782920e-06
37 27 2.763110e-05
37 28 8.947890e-05
37 29 2.863900e-04
37 30 9.088410e-04
37 31 2.927380e-03
37 32 9.748080e-03
37 33 3.284980e-02
37 34 1.077570e-01
37 35 3.287720e-01
37 36 8.895070e-01
37 37 1.502250e+00
37 38 6.659370e-01
37 39 1.182470e-01
37 40 1.000830e-02
38 1 1.942600e-11
38 2 1.112000e-11
38 3 1.839800e-11
38 4 2.814400e-11
38 5 4.509600e-11
38 6 7.163900e-11
38 7 1.133000e-10
38 8 1.800700e-10
38 9 2.842100e-10
38 10 4.522000e-10
38 11 7.159100e-10
38 12 1.134460e-09
38 13 1.796000e-09
38 14 2.851140e-09
38 15 4.512770e-09
38 16 7.158220e-09
38 17 1.134500e-08
38 18 1.798200e-08
38 19 2.847950e-08
38 20 4.516160e-08
38 21 7.155990e-08
38 22 1.134380e-07
38 23 1.798600e-07
38 24 2.882750e-07
38 25 4.841730e-07
38 26 9.328330e-07
38 27 2.484810e-06
38 28 9.152440e-06
38 29 3.468480e-05
38 30 1.233340e-04
38 31 4.343660e-04
38 32 1.585440e-03
38 33 6.088690e-03
38 34 2.398920e-02
38 35 9.169450e-02
38 36 3.187940e-01
38 37 9.442720e-01
38 38 1.604410e+00
38 39 5.954750e-01
38 40 7.680220e-02
39 1 8.680400e-12
39 2 4.969000e-12
39 3 8.221100e-12
39 4 1.257600e-11
39 5 2.015100e-11
39 6 3.201200e-11
39 7 5.062800e-11
39 8 8.046100e-11
39 9 1.270000e-10
39 10 2.020600e-10
39 11 3.199000e-10
39 12 5.069300e-10
39 13 8.025300e-10
39 14 1.274020e-09
39 15 2.016510e-09
39 16 3.198610e-09
39 17 5.069440e-09
39 18 8.035160e-09
39 19 1.272590e-08
39 20 2.018020e-08
39 21 3.197610e-08
39 22 5.068900e-08
39 23 8.033620e-08
39 24 1.273090e-07
39 25 2.017820e-07
39 26 3.198700e-07
39 27 5.178900e-07
39 28 9.927600e-07
39 29 3.046270e-06
39 30 1.203600e-05
39 31 4.664710e-05
39 32 1.833990e-04
39 33 7.668770e-04
39 34 3.474240e-03
39 35 1.645350e-02
39 36 7.534340e-02
39 37 3.049020e-01
39 38 9.989340e-01
39 39 1.701210e+00
39 40 5.578190e-01
40 1 4.806600e-12
40 2 2.751500e-12
40 3 4.552300e-12
40 4 6.963800e-12
40 5 1.115800e-11
40 6 1.772600e-11
40 7 2.803500e-11
40 8 4.455400e-11
40 9 7.032400e-11
40 10 1.118900e-10
40 11 1.771400e-10
40 12 2.807000e-10
40 13 4.443900e-10
40 14 7.054700e-10
40 15 1.116620e-09
40 16 1.771190e-09
40 17 2.807140e-09
40 18 4.449380e-09
40 19 7.046830e-09
40 20 1.117460e-08
40 21 1.770640e-08
40 22 2.806840e-08
40 23 4.448520e-08
40 24 7.049570e-08
40 25 1.117340e-07
40 26 1.770860e-07
40 27 2.806600e-07
40 28 4.448150e-07
40 29 7.125960e-07
40 30 1.326780e-06
40 31 3.490920e-06
40 32 1.208890e-05
40 33 5.337840e-05
40 34 2.803530e-04
40 35 1.656580e-03
40 36 1.021220e-02
40 37 5.920170e-02
40 38 2.878380e-01
40 39 1.054290e+00
40 40 2.242000e+00
