1 1 2.492100e-01
1 2 9.235740e-02
1 3 1.203740e-01
1 4 1.448180e-01
1 5 1.824480e-01
1 6 2.268160e-01
1 7 2.796940e-01
1 8 3.449010e-01
1 9 4.200000e-01
1 10 5.116170e-01
1 11 6.140770e-01
1 12 7.291240e-01
1 13 8.520950e-01
1 14 9.795690e-01
1 15 1.096390e+00
1 16 1.193630e+00
1 17 1.250410e+00
1 18 1.249080e+00
1 19 1.174850e+00
1 20 1.026660e+00
1 21 8.160790e-01
1 22 5.770140e-01
1 23 3.519710e-01
1 24 1.785150e-01
1 25 7.191940e-02
1 26 2.173590e-02
1 27 4.592710e-03
1 28 6.218720e-04
1 29 4.859780e-05
1 30 3.067430e-06
1 31 3.439450e-07
1 32 0.000000e+00
1 33 0.000000e+00
1 34 0.000000e+00
1 35 0.000000e+00
1 36 0.000000e+00
1 37 0.000000e+00
1 38 0.000000e+00
1 39 0.000000e+00
1 40 0.000000e+00
2 1 1.968700e-01
2 2 8.095690e-02
2 3 1.079910e-01
2 4 1.299580e-01
2 5 1.637330e-01
2 6 2.035580e-01
2 7 2.510270e-01
2 8 3.095730e-01
2 9 3.770160e-01
2 10 4.592990e-01
2 11 5.513700e-01
2 12 6.547780e-01
2 13 7.653860e-01
2 14 8.801620e-01
2 15 9.854520e-01
2 16 1.073310e+00
2 17 1.124950e+00
2 18 1.124590e+00
2 19 1.058700e+00
2 20 9.261790e-01
2 21 7.371990e-01
2 22 5.221150e-01
2 23 3.191640e-01
2 24 1.623020e-01
2 25 6.560040e-02
2 26 1.990520e-02
2 27 4.226580e-03
2 28 5.757500e-04
2 29 4.532110e-05
2 30 3.157130e-06
2 31 8.460770e-07
2 32 0.000000e+00
2 33 0.000000e+00
2 34 0.000000e+00
2 35 0.000000e+00
2 36 0.000000e+00
2 37 0.000000e+00
2 38 0.000000e+00
2 39 0.000000e+00
2 40 0.000000e+00
3 1 1.544140e-01
3 2 6.536260e-02
3 3 9.460260e-02
3 4 1.165960e-01
3 5 1.469290e-01
3 6 1.826770e-01
3 7 2.252920e-01
3 8 2.778610e-01
3 9 3.384320e-01
3 10 4.123520e-01
3 11 4.951070e-01
3 12 5.880840e-01
3 13 6.876330e-01
3 14 7.910420e-01
3 15 8.860440e-01
3 16 9.655650e-01
3 17 1.012700e+00
3 18 1.013300e+00
3 19 9.549660e-01
3 20 8.365860e-01
3 21 6.670250e-01
3 22 4.734040e-01
3 23 2.901570e-01
3 24 1.480370e-01
3 25 6.007670e-02
3 26 1.831950e-02
3 27 3.913630e-03
3 28 5.370820e-04
3 29 4.265830e-05
3 30 3.150320e-06
3 31 1.103930e-06
3 32 0.000000e+00
3 33 0.000000e+00
3 34 0.000000e+00
3 35 0.000000e+00
3 36 0.000000e+00
3 37 0.000000e+00
3 38 0.000000e+00
3 39 0.000000e+00
3 40 0.000000e+00
4 1 1.195000e-01
4 2 5.101640e-02
4 3 7.628020e-02
4 4 1.024310e-01
4 5 1.320840e-01
4 6 1.642500e-01
4 7 2.025850e-01
4 8 2.498830e-01
4 9 3.043950e-01
4 10 3.709530e-01
4 11 4.454950e-01
4 12 5.293100e-01
4 13 6.191310e-01
4 14 7.125410e-01
4 15 7.985600e-01
4 16 8.708230e-01
4 17 9.141170e-01
4 18 9.156600e-01
4 19 8.641200e-01
4 20 7.582820e-01
4 21 6.059000e-01
4 22 4.311410e-01
4 23 2.651180e-01
4 24 1.358110e-01
4 25 5.538990e-02
4 26 1.699320e-02
4 27 3.657360e-03
4 28 5.064250e-04
4 29 4.066320e-05
4 30 3.021800e-06
4 31 1.060410e-06
4 32 0.000000e+00
4 33 0.000000e+00
4 34 0.000000e+00
4 35 0.000000e+00
4 36 0.000000e+00
4 37 0.000000e+00
4 38 0.000000e+00
4 39 0.000000e+00
4 40 0.000000e+00
5 1 9.539600e-02
5 2 4.027630e-02
5 3 6.004150e-02
5 4 8.276110e-02
5 5 1.163760e-01
5 6 1.481460e-01
5 7 1.827550e-01
5 8 2.254540e-01
5 9 2.746840e-01
5 10 3.348170e-01
5 11 4.022100e-01
5 12 4.780570e-01
5 13 5.594080e-01
5 14 6.441690e-01
5 15 7.224260e-01
5 16 7.884500e-01
5 17 8.285410e-01
5 18 8.310340e-01
5 19 7.855580e-01
5 20 6.907750e-01
5 21 5.534020e-01
5 22 3.950470e-01
5 23 2.438840e-01
5 24 1.255490e-01
5 25 5.151230e-02
5 26 1.591940e-02
5 27 3.456720e-03
5 28 4.837520e-04
5 29 3.935810e-05
5 30 2.944370e-06
5 31 1.034060e-06
5 32 0.000000e+00
5 33 0.000000e+00
5 34 0.000000e+00
5 35 0.000000e+00
5 36 0.000000e+00
5 37 0.000000e+00
5 38 0.000000e+00
5 39 0.000000e+00
5 40 0.000000e+00
6 1 7.487850e-02
6 2 3.146220e-02
6 3 4.698180e-02
6 4 6.481800e-02
6 5 9.378600e-02
6 6 1.307940e-01
6 7 1.652420e-01
6 8 2.038930e-01
6 9 2.484680e-01
6 10 3.029410e-01
6 11 3.640470e-01
6 12 4.328790e-01
6 13 5.068170e-01
6 14 5.840220e-01
6 15 6.555200e-01
6 16 7.161520e-01
6 17 7.535720e-01
6 18 7.570740e-01
6 19 7.171180e-01
6 20 6.322100e-01
6 21 5.080960e-01
6 22 3.641540e-01
6 23 2.259000e-01
6 24 1.169930e-01
6 25 4.835400e-02
6 26 1.507660e-02
6 27 3.308980e-03
6 28 4.690380e-04
6 29 3.877710e-05
6 30 2.922880e-06
6 31 1.027340e-06
6 32 0.000000e+00
6 33 0.000000e+00
6 34 0.000000e+00
6 35 0.000000e+00
6 36 0.000000e+00
6 37 0.000000e+00
6 38 0.000000e+00
6 39 0.000000e+00
6 40 0.000000e+00
7 1 5.675050e-02
7 2 2.378510e-02
7 3 3.594650e-02
7 4 5.008550e-02
7 5 7.289320e-02
7 6 1.050260e-01
7 7 1.463140e-01
7 8 1.850390e-01
7 9 2.255580e-01
7 10 2.751010e-01
7 11 3.307250e-01
7 12 3.934640e-01
7 13 4.609880e-01
7 14 5.316450e-01
7 15 5.973510e-01
7 16 6.534020e-01
7 17 6.886100e-01
7 18 6.932390e-01
7 19 6.582980e-01
7 20 5.821650e-01
7 21 4.696820e-01
7 22 3.382420e-01
7 23 2.110610e-01
7 24 1.101000e-01
7 25 4.590750e-02
7 26 1.446690e-02
7 27 3.215980e-03
7 28 4.628460e-04
7 29 3.896190e-05
7 30 2.963710e-06
7 31 1.042850e-06
7 32 0.000000e+00
7 33 0.000000e+00
7 34 0.000000e+00
7 35 0.000000e+00
7 36 0.000000e+00
7 37 0.000000e+00
7 38 0.000000e+00
7 39 0.000000e+00
7 40 0.000000e+00
8 1 4.361080e-02
8 2 1.829110e-02
8 3 2.767160e-02
8 4 3.866960e-02
8 5 5.642580e-02
8 6 8.145090e-02
8 7 1.171170e-01
8 8 1.643060e-01
8 9 2.055860e-01
8 10 2.508490e-01
8 11 3.017200e-01
8 12 3.591900e-01
8 13 4.211690e-01
8 14 4.862080e-01
8 15 5.470030e-01
8 16 5.992470e-01
8 17 6.327350e-01
8 18 6.385660e-01
8 19 6.082290e-01
8 20 5.399340e-01
8 21 4.376480e-01
8 22 3.169920e-01
8 23 1.992090e-01
8 24 1.048210e-01
8 25 4.416740e-02
8 26 1.409560e-02
8 27 3.181080e-03
8 28 4.660930e-04
8 29 4.005140e-05
8 30 3.078460e-06
8 31 1.084550e-06
8 32 0.000000e+00
8 33 0.000000e+00
8 34 0.000000e+00
8 35 0.000000e+00
8 36 0.000000e+00
8 37 0.000000e+00
8 38 0.000000e+00
8 39 0.000000e+00
8 40 0.000000e+00
9 1 3.491690e-02
9 2 1.434410e-02
9 3 2.133840e-02
9 4 2.961260e-02
9 5 4.339690e-02
9 6 6.292930e-02
9 7 9.068420e-02
9 8 1.314310e-01
9 9 1.834670e-01
9 10 2.300070e-01
9 11 2.768250e-01
9 12 3.298100e-01
9 13 3.871020e-01
9 14 4.474260e-01
9 15 5.041480e-01
9 16 5.533720e-01
9 17 5.856570e-01
9 18 5.928360e-01
9 19 5.667710e-01
9 20 5.054350e-01
9 21 4.120280e-01
9 22 3.005000e-01
9 23 1.904580e-01
9 24 1.012540e-01
9 25 4.319820e-02
9 26 1.399220e-02
9 27 3.213600e-03
9 28 4.806500e-04
9 29 4.226550e-05
9 30 3.270800e-06
9 31 1.131150e-06
9 32 0.000000e+00
9 33 0.000000e+00
9 34 0.000000e+00
9 35 0.000000e+00
9 36 0.000000e+00
9 37 0.000000e+00
9 38 0.000000e+00
9 39 0.000000e+00
9 40 0.000000e+00
10 1 2.657480e-02
10 2 1.090790e-02
10 3 1.630140e-02
10 4 2.267830e-02
10 5 3.322240e-02
10 6 4.825870e-02
10 7 6.969000e-02
10 8 1.011450e-01
10 9 1.461440e-01
10 10 2.061730e-01
10 11 2.555270e-01
10 12 3.047240e-01
10 13 3.580770e-01
10 14 4.144290e-01
10 15 4.678930e-01
10 16 5.147860e-01
10 17 5.463340e-01
10 18 5.550000e-01
10 19 5.329500e-01
10 20 4.778790e-01
10 21 3.921830e-01
10 22 2.883880e-01
10 23 1.846180e-01
10 24 9.934400e-02
10 25 4.300500e-02
10 26 1.417260e-02
10 27 3.322080e-03
10 28 5.088830e-04
10 29 4.598510e-05
10 30 3.291840e-06
10 31 5.907390e-07
10 32 0.000000e+00
10 33 0.000000e+00
10 34 0.000000e+00
10 35 0.000000e+00
10 36 0.000000e+00
10 37 0.000000e+00
10 38 0.000000e+00
10 39 0.000000e+00
10 40 0.000000e+00
11 1 1.976080e-02
11 2 8.115030e-03
11 3 1.210410e-02
11 4 1.680760e-02
11 5 2.465310e-02
11 6 3.607580e-02
11 7 5.255110e-02
11 8 7.675100e-02
11 9 1.113940e-01
11 10 1.633830e-01
11 11 2.304380e-01
11 12 2.838510e-01
11 13 3.340140e-01
11 14 3.872280e-01
11 15 4.381480e-01
11 16 4.833850e-01
11 17 5.147180e-01
11 18 5.250270e-01
11 19 5.068020e-01
11 20 4.573410e-01
11 21 3.782810e-01
11 22 2.808500e-01
11 23 1.818910e-01
11 24 9.926350e-02
11 25 4.370280e-02
11 26 1.469420e-02
11 27 3.526790e-03
11 28 5.554300e-04
11 29 5.182150e-05
11 30 3.531910e-06
11 31 1.547090e-07
11 32 0.000000e+00
11 33 0.000000e+00
11 34 0.000000e+00
11 35 0.000000e+00
11 36 0.000000e+00
11 37 0.000000e+00
11 38 0.000000e+00
11 39 0.000000e+00
11 40 0.000000e+00
12 1 1.548300e-02
12 2 6.346690e-03
12 3 9.424860e-03
12 4 1.298620e-02
12 5 1.882340e-02
12 6 2.710670e-02
12 7 3.927170e-02
12 8 5.768610e-02
12 9 8.419200e-02
12 10 1.239090e-01
12 11 1.820260e-01
12 12 2.578470e-01
12 13 3.142910e-01
12 14 3.651860e-01
12 15 4.142080e-01
12 16 4.584860e-01
12 17 4.901920e-01
12 18 5.024660e-01
12 19 4.880540e-01
12 20 4.437830e-01
12 21 3.704950e-01
12 22 2.781990e-01
12 23 1.826440e-01
12 24 1.013170e-01
12 25 4.548310e-02
12 26 1.564630e-02
12 27 3.856620e-03
12 28 6.263490e-04
12 29 6.051280e-05
12 30 4.202210e-06
12 31 1.957710e-07
12 32 6.844600e-10
12 33 0.000000e+00
12 34 0.000000e+00
12 35 0.000000e+00
12 36 0.000000e+00
12 37 0.000000e+00
12 38 0.000000e+00
12 39 0.000000e+00
12 40 0.000000e+00
13 1 1.079030e-02
13 2 4.432180e-03
13 3 6.588390e-03
13 4 9.077170e-03
13 5 1.317690e-02
13 6 1.913660e-02
13 7 2.797320e-02
13 8 4.150730e-02
13 9 6.152250e-02
13 10 9.167590e-02
13 11 1.358560e-01
13 12 2.021180e-01
13 13 2.882330e-01
13 14 3.485960e-01
13 15 3.965290e-01
13 16 4.405080e-01
13 17 4.731040e-01
13 18 4.876270e-01
13 19 4.769210e-01
13 20 4.373540e-01
13 21 3.689450e-01
13 22 2.805640e-01
13 23 1.870470e-01
13 24 1.056860e-01
13 25 4.850410e-02
13 26 1.712870e-02
13 27 4.354420e-03
13 28 7.332800e-04
13 29 7.386010e-05
13 30 5.255680e-06
13 31 2.658510e-07
13 32 3.293550e-09
13 33 0.000000e+00
13 34 0.000000e+00
13 35 0.000000e+00
13 36 0.000000e+00
13 37 0.000000e+00
13 38 0.000000e+00
13 39 0.000000e+00
13 40 0.000000e+00
14 1 8.603990e-03
14 2 3.530820e-03
14 3 5.245350e-03
14 4 7.222810e-03
14 5 1.045430e-02
14 6 1.505440e-02
14 7 2.170920e-02
14 8 3.160790e-02
14 9 4.597360e-02
14 10 6.820680e-02
14 11 1.010730e-01
14 12 1.503810e-01
14 13 2.247670e-01
14 14 3.221860e-01
14 15 3.832220e-01
14 16 4.276360e-01
14 17 4.618660e-01
14 18 4.793300e-01
14 19 4.727580e-01
14 20 4.380460e-01
14 21 3.741950e-01
14 22 2.888920e-01
14 23 1.961160e-01
14 24 1.132010e-01
14 25 5.327430e-02
14 26 1.937090e-02
14 27 5.092250e-03
14 28 8.908670e-04
14 29 9.361880e-05
14 30 6.695890e-06
14 31 3.579900e-07
14 32 4.506680e-09
14 33 0.000000e+00
14 34 0.000000e+00
14 35 0.000000e+00
14 36 0.000000e+00
14 37 0.000000e+00
14 38 0.000000e+00
14 39 0.000000e+00
14 40 0.000000e+00
15 1 6.218410e-03
15 2 2.554240e-03
15 3 3.796780e-03
15 4 5.230950e-03
15 5 7.574880e-03
15 6 1.090290e-02
15 7 1.570000e-02
15 8 2.290040e-02
15 9 3.349830e-02
15 10 4.975150e-02
15 11 7.380510e-02
15 12 1.100450e-01
15 13 1.649380e-01
15 14 2.497120e-01
15 15 3.589940e-01
15 16 4.213940e-01
15 17 4.579880e-01
15 18 4.789300e-01
15 19 4.767930e-01
15 20 4.468850e-01
15 21 3.871030e-01
15 22 3.039260e-01
15 23 2.105190e-01
15 24 1.244580e-01
15 25 6.024470e-02
15 26 2.264090e-02
15 27 6.183730e-03
15 28 1.130460e-03
15 29 1.248750e-04
15 30 8.216900e-06
15 31 3.543520e-07
15 32 6.618410e-09
15 33 0.000000e+00
15 34 0.000000e+00
15 35 0.000000e+00
15 36 0.000000e+00
15 37 0.000000e+00
15 38 0.000000e+00
15 39 0.000000e+00
15 40 0.000000e+00
16 1 4.282070e-03
16 2 1.761910e-03
16 3 2.621190e-03
16 4 3.615010e-03
16 5 5.241310e-03
16 6 7.554720e-03
16 7 1.088660e-02
16 8 1.587180e-02
16 9 2.322000e-02
16 10 3.460440e-02
16 11 5.178610e-02
16 12 7.804460e-02
16 13 1.180170e-01
16 14 1.800650e-01
16 15 2.759840e-01
16 16 4.009260e-01
16 17 4.619450e-01
16 18 4.872140e-01
16 19 4.900220e-01
16 20 4.651200e-01
16 21 4.091270e-01
16 22 3.272430e-01
16 23 2.317830e-01
16 24 1.407290e-01
16 25 7.029410e-02
16 26 2.741540e-02
16 27 7.818520e-03
16 28 1.502780e-03
16 29 1.758420e-04
16 30 1.150070e-05
16 31 4.777200e-07
16 32 1.074320e-08
16 33 3.474500e-10
16 34 0.000000e+00
16 35 0.000000e+00
16 36 0.000000e+00
16 37 0.000000e+00
16 38 0.000000e+00
16 39 0.000000e+00
16 40 0.000000e+00
17 1 3.060150e-03
17 2 1.259750e-03
17 3 1.874610e-03
17 4 2.586460e-03
17 5 3.752040e-03
17 6 5.411290e-03
17 7 7.803630e-03
17 8 1.137310e-02
17 9 1.658850e-02
17 10 2.460470e-02
17 11 3.664260e-02
17 12 5.507340e-02
17 13 8.330840e-02
17 14 1.274150e-01
17 15 1.960810e-01
17 16 3.051870e-01
17 17 4.458680e-01
17 18 5.031660e-01
17 19 5.122360e-01
17 20 4.932760e-01
17 21 4.416350e-01
17 22 3.608210e-01
17 23 2.621340e-01
17 24 1.640110e-01
17 25 8.486200e-02
17 26 3.448250e-02
17 27 1.031160e-02
17 28 2.092400e-03
17 29 2.603820e-04
17 30 1.783980e-05
17 31 7.898620e-07
17 32 1.896670e-08
17 33 9.326700e-10
17 34 0.000000e+00
17 35 0.000000e+00
17 36 0.000000e+00
17 37 0.000000e+00
17 38 0.000000e+00
17 39 0.000000e+00
17 40 0.000000e+00
18 1 1.988190e-03
18 2 8.199900e-04
18 3 1.221530e-03
18 4 1.687430e-03
18 5 2.451460e-03
18 6 3.542530e-03
18 7 5.120710e-03
18 8 7.479830e-03
18 9 1.093210e-02
18 10 1.625700e-02
18 11 2.431290e-02
18 12 3.679940e-02
18 13 5.620850e-02
18 14 8.682960e-02
18 15 1.349480e-01
18 16 2.122010e-01
18 17 3.364330e-01
18 18 4.963210e-01
18 19 5.462740e-01
18 20 5.343620e-01
18 21 4.875340e-01
18 22 4.076270e-01
18 23 3.044230e-01
18 24 1.968220e-01
18 25 1.058750e-01
18 26 4.503320e-02
18 27 1.420810e-02
18 28 3.067640e-03
18 29 4.100370e-04
18 30 3.021140e-05
18 31 1.408050e-06
18 32 3.831990e-08
18 33 1.976460e-09
18 34 0.000000e+00
18 35 0.000000e+00
18 36 0.000000e+00
18 37 0.000000e+00
18 38 0.000000e+00
18 39 0.000000e+00
18 40 0.000000e+00
19 1 1.182320e-03
19 2 4.890530e-04
19 3 7.294310e-04
19 4 1.009290e-03
19 5 1.469280e-03
19 6 2.128460e-03
19 7 3.086240e-03
19 8 4.525330e-03
19 9 6.640600e-03
19 10 9.916990e-03
19 11 1.491570e-02
19 12 2.277330e-02
19 13 3.525740e-02
19 14 5.552390e-02
19 15 8.804680e-02
19 16 1.410210e-01
19 17 2.275940e-01
19 18 3.701010e-01
19 19 5.528060e-01
19 20 5.923770e-01
19 21 5.512960e-01
19 22 4.721990e-01
19 23 3.631870e-01
19 24 2.432680e-01
19 25 1.365070e-01
19 26 6.107300e-02
19 27 2.046190e-02
19 28 4.743310e-03
19 29 6.896480e-04
19 30 5.578190e-05
19 31 2.745090e-06
19 32 8.979150e-08
19 33 4.739790e-09
19 34 0.000000e+00
19 35 0.000000e+00
19 36 0.000000e+00
19 37 0.000000e+00
19 38 0.000000e+00
19 39 0.000000e+00
19 40 0.000000e+00
20 1 7.378020e-04
20 2 3.058560e-04
20 3 4.566490e-04
20 4 6.325700e-04
20 5 9.221910e-04
20 6 1.338330e-03
20 7 1.944690e-03
20 8 2.858750e-03
20 9 4.207520e-03
20 10 6.300340e-03
20 11 9.487100e-03
20 12 1.447300e-02
20 13 2.235020e-02
20 14 3.507860e-02
20 15 5.587240e-02
20 16 9.060600e-02
20 17 1.482640e-01
20 18 2.447610e-01
20 19 4.064650e-01
20 20 6.127350e-01
20 21 6.343740e-01
20 22 5.586570e-01
20 23 4.444520e-01
20 24 3.099990e-01
20 25 1.825160e-01
20 26 8.636970e-02
20 27 3.087520e-02
20 28 7.707720e-03
20 29 1.218310e-03
20 30 1.079140e-04
20 31 5.440460e-06
20 32 2.121290e-07
20 33 1.108000e-08
20 34 0.000000e+00
20 35 0.000000e+00
20 36 0.000000e+00
20 37 0.000000e+00
20 38 0.000000e+00
20 39 0.000000e+00
20 40 0.000000e+00
21 1 4.170080e-04
21 2 1.735060e-04
21 3 2.594500e-04
21 4 3.601350e-04
21 5 5.262620e-04
21 6 7.659410e-04
21 7 1.116990e-03
21 8 1.649200e-03
21 9 2.440070e-03
21 10 3.676640e-03
21 11 5.576940e-03
21 12 8.580330e-03
21 13 1.338090e-02
21 14 2.125140e-02
21 15 3.416080e-02
21 16 5.581140e-02
21 17 9.235580e-02
21 18 1.547160e-01
21 19 2.614790e-01
21 20 4.450710e-01
21 21 6.772020e-01
21 22 6.755740e-01
21 23 5.571330e-01
21 24 4.059850e-01
21 25 2.518190e-01
21 26 1.267260e-01
21 27 4.868150e-02
21 28 1.321440e-02
21 29 2.298590e-03
21 30 2.268840e-04
21 31 1.166380e-05
21 32 5.537530e-07
21 33 2.866760e-08
21 34 0.000000e+00
21 35 0.000000e+00
21 36 0.000000e+00
21 37 0.000000e+00
21 38 0.000000e+00
21 39 0.000000e+00
21 40 0.000000e+00
22 1 2.076200e-04
22 2 8.689100e-05
22 3 1.302000e-04
22 4 1.811870e-04
22 5 2.656230e-04
22 6 3.881500e-04
22 7 5.687840e-04
22 8 8.447090e-04
22 9 1.258610e-03
22 10 1.912550e-03
22 11 2.930240e-03
22 12 4.560570e-03
22 13 7.206530e-03
22 14 1.161310e-02
22 15 1.897520e-02
22 16 3.158330e-02
22 17 5.335900e-02
22 18 9.146440e-02
22 19 1.585340e-01
22 20 2.773600e-01
22 21 4.862470e-01
22 22 7.490390e-01
22 23 7.145410e-01
22 24 5.451050e-01
22 25 3.575290e-01
22 26 1.923660e-01
22 27 7.999540e-02
22 28 2.383240e-02
22 29 4.621400e-03
22 30 5.169600e-04
22 31 2.941970e-05
22 32 1.346960e-06
22 33 8.026010e-08
22 34 0.000000e+00
22 35 0.000000e+00
22 36 0.000000e+00
22 37 0.000000e+00
22 38 0.000000e+00
22 39 0.000000e+00
22 40 0.000000e+00
23 1 8.901820e-05
23 2 3.778320e-05
23 3 5.673590e-05
23 4 7.915820e-05
23 5 1.164120e-04
23 6 1.707880e-04
23 7 2.515240e-04
23 8 3.759030e-04
23 9 5.644770e-04
23 10 8.660340e-04
23 11 1.342800e-03
23 12 2.120590e-03
23 13 3.410090e-03
23 14 5.609630e-03
23 15 9.383200e-03
23 16 1.602780e-02
23 17 2.784820e-02
23 18 4.919960e-02
23 19 8.813860e-02
23 20 1.598370e-01
23 21 2.912110e-01
23 22 5.298770e-01
23 23 8.278630e-01
23 24 7.494330e-01
23 25 5.210350e-01
23 26 3.009860e-01
23 27 1.363530e-01
23 28 4.499030e-02
23 29 9.845520e-03
23 30 1.269670e-03
23 31 8.351190e-05
23 32 2.823370e-06
23 33 2.433760e-07
23 34 0.000000e+00
23 35 0.000000e+00
23 36 0.000000e+00
23 37 0.000000e+00
23 38 0.000000e+00
23 39 0.000000e+00
23 40 0.000000e+00
24 1 3.406750e-05
24 2 1.471320e-05
24 3 2.215670e-05
24 4 3.102380e-05
24 5 4.582560e-05
24 6 6.759370e-05
24 7 1.001990e-04
24 8 1.509260e-04
24 9 2.287940e-04
24 10 3.550060e-04
24 11 5.577900e-04
24 12 8.946870e-04
24 13 1.465000e-03
24 14 2.461890e-03
24 15 4.221570e-03
24 16 7.411010e-03
24 17 1.325590e-02
24 18 2.414900e-02
24 19 4.473140e-02
24 20 8.425300e-02
24 21 1.600960e-01
24 22 3.048790e-01
24 23 5.760510e-01
24 24 9.108300e-01
24 25 7.759570e-01
24 26 4.838070e-01
24 27 2.404100e-01
24 28 8.857920e-02
24 29 2.207250e-02
24 30 3.311260e-03
24 31 2.582800e-04
24 32 9.452450e-06
24 33 7.440790e-07
24 34 0.000000e+00
24 35 0.000000e+00
24 36 0.000000e+00
24 37 0.000000e+00
24 38 0.000000e+00
24 39 0.000000e+00
24 40 0.000000e+00
25 1 1.028130e-05
25 2 4.740880e-06
25 3 7.165510e-06
25 4 1.007520e-05
25 5 1.495900e-05
25 6 2.220600e-05
25 7 3.317510e-05
25 8 5.044700e-05
25 9 7.734600e-05
25 10 1.216520e-04
25 11 1.942610e-04
25 12 3.176200e-04
25 13 5.319930e-04
25 14 9.180360e-04
25 15 1.624670e-03
25 16 2.956740e-03
25 17 5.484410e-03
25 18 1.037240e-02
25 19 1.998880e-02
25 20 3.932690e-02
25 21 7.852350e-02
25 22 1.579840e-01
25 23 3.166310e-01
25 24 6.243400e-01
25 25 9.996130e-01
25 26 7.930360e-01
25 27 4.344670e-01
25 28 1.802120e-01
25 29 5.172090e-02
25 30 9.162000e-03
25 31 8.669900e-04
25 32 3.708530e-05
25 33 1.393660e-06
25 34 0.000000e+00
25 35 0.000000e+00
25 36 0.000000e+00
25 37 0.000000e+00
25 38 0.000000e+00
25 39 0.000000e+00
25 40 0.000000e+00
26 1 2.331190e-06
26 2 1.224400e-06
26 3 1.886990e-06
26 4 2.664830e-06
26 5 3.947960e-06
26 6 5.840310e-06
26 7 8.687610e-06
26 8 1.315320e-05
26 9 2.010070e-05
26 10 3.158280e-05
26 11 5.056540e-05
26 12 8.335480e-05
26 13 1.418670e-04
26 14 2.513540e-04
26 15 4.625720e-04
26 16 8.903720e-04
26 17 1.779570e-03
26 18 3.625960e-03
26 19 7.456890e-03
26 20 1.550480e-02
26 21 3.259330e-02
26 22 6.957920e-02
26 23 1.502260e-01
26 24 3.222720e-01
26 25 6.734500e-01
26 26 1.098560e+00
26 27 8.003770e-01
26 28 3.742450e-01
26 29 1.245940e-01
26 30 2.648320e-02
26 31 3.132920e-03
26 32 1.734890e-04
26 33 4.244570e-06
26 34 6.196260e-08
26 35 0.000000e+00
26 36 0.000000e+00
26 37 0.000000e+00
26 38 0.000000e+00
26 39 0.000000e+00
26 40 0.000000e+00
27 1 3.353390e-07
27 2 1.919600e-07
27 3 3.175960e-07
27 4 4.850150e-07
27 5 7.630360e-07
27 6 1.176180e-06
27 7 1.809450e-06
27 8 2.819860e-06
27 9 4.417410e-06
27 10 7.101530e-06
27 11 1.164300e-05
27 12 1.969270e-05
27 13 3.443540e-05
27 14 6.276400e-05
27 15 1.189840e-04
27 16 2.365380e-04
27 17 4.922480e-04
27 18 1.063670e-03
27 19 2.342210e-03
27 20 5.221830e-03
27 21 1.174650e-02
27 22 2.678190e-02
27 23 6.198550e-02
27 24 1.442450e-01
27 25 3.302620e-01
27 26 7.257070e-01
27 27 1.194200e+00
27 28 7.903680e-01
27 29 3.083050e-01
27 30 7.921910e-02
27 31 1.169540e-02
27 32 8.354690e-04
27 33 2.373420e-05
27 34 4.863870e-07
27 35 0.000000e+00
27 36 0.000000e+00
27 37 0.000000e+00
27 38 0.000000e+00
27 39 0.000000e+00
27 40 0.000000e+00
28 1 4.518380e-08
28 2 2.586490e-08
28 3 4.279310e-08
28 4 6.546190e-08
28 5 1.048910e-07
28 6 1.666300e-07
28 7 2.635350e-07
28 8 4.193480e-07
28 9 6.709360e-07
28 10 1.103490e-06
28 11 1.834240e-06
28 12 3.133240e-06
28 13 5.566610e-06
28 14 1.039370e-05
28 15 2.036800e-05
28 16 4.232250e-05
28 17 9.337610e-05
28 18 2.192190e-04
28 19 5.399480e-04
28 20 1.351460e-03
28 21 3.370620e-03
28 22 8.307800e-03
28 23 2.061980e-02
28 24 5.240480e-02
28 25 1.338460e-01
28 26 3.327570e-01
28 27 7.791200e-01
28 28 1.296360e+00
28 29 7.653450e-01
28 30 2.399960e-01
28 31 4.513650e-02
28 32 4.299390e-03
28 33 1.683210e-04
28 34 2.930400e-06
28 35 3.655430e-07
28 36 0.000000e+00
28 37 0.000000e+00
28 38 0.000000e+00
28 39 0.000000e+00
28 40 0.000000e+00
29 1 7.504220e-09
29 2 4.295690e-09
29 3 7.107170e-09
29 4 1.087210e-08
29 5 1.742050e-08
29 6 2.767430e-08
29 7 4.376850e-08
29 8 6.955920e-08
29 9 1.097910e-07
29 10 1.746840e-07
29 11 2.765540e-07
29 12 4.384670e-07
29 13 7.055160e-07
29 14 1.202280e-06
29 15 2.228700e-06
29 16 4.622990e-06
29 17 1.057660e-05
29 18 2.669160e-05
29 19 7.366470e-05
29 20 2.194660e-04
29 21 6.881940e-04
29 22 2.072140e-03
29 23 5.732830e-03
29 24 1.554440e-02
29 25 4.279610e-02
29 26 1.198360e-01
29 27 3.278860e-01
29 28 8.311030e-01
29 29 1.405310e+00
29 30 7.238950e-01
29 31 1.744630e-01
29 32 2.262730e-02
29 33 1.286230e-03
29 34 2.542080e-05
29 35 1.629180e-06
29 36 4.424170e-08
29 37 0.000000e+00
29 38 0.000000e+00
29 39 0.000000e+00
29 40 0.000000e+00
30 1 1.723940e-09
30 2 9.868500e-10
30 3 1.632730e-09
30 4 2.497630e-09
30 5 4.002010e-09
30 6 6.357610e-09
30 7 1.005490e-08
30 8 1.597980e-08
30 9 2.522230e-08
30 10 4.013020e-08
30 11 6.353270e-08
30 12 1.006770e-07
30 13 1.593850e-07
30 14 2.530320e-07
30 15 4.019530e-07
30 16 6.675370e-07
30 17 1.319920e-06
30 18 3.199020e-06
30 19 9.543350e-06
30 20 3.274310e-05
30 21 1.115640e-04
30 22 3.549580e-04
30 23 1.088460e-03
30 24 3.332600e-03
30 25 1.041510e-02
30 26 3.347090e-02
30 27 1.074230e-01
30 28 3.262630e-01
30 29 8.860860e-01
30 30 1.504420e+00
30 31 6.673490e-01
30 32 1.182690e-01
30 33 9.785310e-03
30 34 2.932910e-04
30 35 4.399330e-06
30 36 1.237570e-07
30 37 0.000000e+00
30 38 0.000000e+00
30 39 0.000000e+00
30 40 0.000000e+00
31 1 6.035600e-10
31 2 3.455000e-10
31 3 5.716300e-10
31 4 8.744400e-10
31 5 1.401130e-09
31 6 2.225840e-09
31 7 3.520290e-09
31 8 5.594630e-09
31 9 8.830480e-09
31 10 1.404980e-08
31 11 2.224320e-08
31 12 3.524750e-08
31 13 5.580180e-08
31 14 8.858490e-08
31 15 1.402120e-07
31 16 2.224060e-07
31 17 3.525120e-07
31 18 5.613830e-07
31 19 9.271190e-07
31 20 2.000120e-06
31 21 6.764480e-06
31 22 2.772060e-05
31 23 1.114770e-04
31 24 4.409430e-04
31 25 1.727090e-03
31 26 6.459730e-03
31 27 2.445570e-02
31 28 9.169210e-02
31 29 3.175500e-01
31 30 9.428940e-01
31 31 1.604320e+00
31 32 5.964810e-01
31 33 7.350630e-02
31 34 3.552960e-03
31 35 4.954920e-05
31 36 2.743300e-07
31 37 1.376770e-09
31 38 0.000000e+00
31 39 0.000000e+00
31 40 0.000000e+00
32 1 1.555800e-10
32 2 8.906000e-11
32 3 1.473500e-10
32 4 2.254000e-10
32 5 3.611700e-10
32 6 5.737500e-10
32 7 9.074300e-10
32 8 1.442130e-09
32 9 2.276230e-09
32 10 3.621630e-09
32 11 5.733640e-09
32 12 9.085760e-09
32 13 1.438400e-08
32 14 2.283450e-08
32 15 3.614240e-08
32 16 5.732960e-08
32 17 9.086100e-08
32 18 1.440160e-07
32 19 2.283060e-07
32 20 3.663840e-07
32 21 6.456210e-07
32 22 1.673170e-06
32 23 7.260520e-06
32 24 3.802640e-05
32 25 1.929510e-04
32 26 8.420530e-04
32 27 3.678510e-03
32 28 1.678230e-02
32 29 7.544200e-02
32 30 3.041540e-01
32 31 9.982160e-01
32 32 1.700540e+00
32 33 5.166700e-01
32 34 4.127010e-02
32 35 1.045390e-03
32 36 6.080280e-06
32 37 1.850870e-08
32 38 0.000000e+00
32 39 0.000000e+00
32 40 0.000000e+00
33 1 3.111800e-11
33 2 1.781300e-11
33 3 2.947200e-11
33 4 4.508300e-11
33 5 7.223800e-11
33 6 1.147600e-10
33 7 1.815000e-10
33 8 2.884400e-10
33 9 4.552700e-10
33 10 7.243700e-10
33 11 1.146800e-09
33 12 1.817260e-09
33 13 2.876980e-09
33 14 4.567180e-09
33 15 7.228910e-09
33 16 1.146660e-08
33 17 1.817330e-08
33 18 2.880500e-08
33 19 4.562080e-08
33 20 7.234350e-08
33 21 1.149540e-07
33 22 2.076870e-07
33 23 4.905020e-07
33 24 1.950390e-06
33 25 1.206540e-05
33 26 6.520080e-05
33 27 3.342350e-04
33 28 1.832830e-03
33 29 1.062370e-02
33 30 5.962420e-02
33 31 2.871930e-01
33 32 1.052650e+00
33 33 1.789100e+00
33 34 4.330290e-01
33 35 2.062460e-02
33 36 2.397190e-04
33 37 8.163840e-07
33 38 1.830820e-09
33 39 0.000000e+00
33 40 0.000000e+00
34 1 7.969300e-11
34 2 4.561900e-11
34 3 7.547700e-11
34 4 1.154600e-10
34 5 1.850000e-10
34 6 2.938900e-10
34 7 4.648100e-10
34 8 7.387000e-10
34 9 1.165960e-09
34 10 1.855110e-09
34 11 2.936950e-09
34 12 4.654010e-09
34 13 7.367950e-09
34 14 1.169660e-08
34 15 1.851330e-08
34 16 2.936600e-08
34 17 4.654180e-08
34 18 7.376970e-08
34 19 1.168350e-07
34 20 1.852720e-07
34 21 2.935680e-07
34 22 4.653680e-07
34 23 7.375560e-07
34 24 1.168810e-06
34 25 1.866560e-06
34 26 3.962490e-06
34 27 1.569990e-05
34 28 9.763710e-05
34 29 7.448350e-04
34 30 5.976530e-03
34 31 4.460100e-02
34 32 2.667030e-01
34 33 1.107310e+00
34 34 1.867310e+00
34 35 3.506190e-01
34 36 9.029410e-03
34 37 4.155740e-05
34 38 1.228520e-07
34 39 0.000000e+00
34 40 0.000000e+00
35 1 2.431700e-11
35 2 1.392000e-11
35 3 2.303000e-11
35 4 3.523000e-11
35 5 5.645000e-11
35 6 8.967600e-11
35 7 1.418300e-10
35 8 2.254000e-10
35 9 3.557700e-10
35 10 5.660500e-10
35 11 8.961500e-10
35 12 1.420080e-09
35 13 2.248180e-09
35 14 3.568970e-09
35 15 5.648950e-09
35 16 8.960440e-09
35 17 1.420130e-08
35 18 2.250930e-08
35 19 3.564980e-08
35 20 5.653200e-08
35 21 8.957640e-08
35 22 1.419980e-07
35 23 2.250500e-07
35 24 3.566370e-07
35 25 5.656210e-07
35 26 9.003390e-07
35 27 1.439190e-06
35 28 2.485770e-06
35 29 1.278050e-05
35 30 1.896240e-04
35 31 2.727180e-03
35 32 3.107690e-02
35 33 2.439790e-01
35 34 1.160980e+00
35 35 1.933250e+00
35 36 2.746140e-01
35 37 3.371700e-03
35 38 5.390910e-06
35 39 2.226370e-09
35 40 0.000000e+00
36 1 9.024300e-12
36 2 5.165800e-12
36 3 8.546800e-12
36 4 1.307400e-11
36 5 2.094900e-11
36 6 3.328000e-11
36 7 5.263400e-11
36 8 8.364900e-11
36 9 1.320300e-10
36 10 2.100700e-10
36 11 3.325700e-10
36 12 5.270100e-10
36 13 8.343300e-10
36 14 1.324490e-09
36 15 2.096400e-09
36 16 3.325340e-09
36 17 5.270290e-09
36 18 8.353510e-09
36 19 1.323010e-08
36 20 2.097980e-08
36 21 3.324300e-08
36 22 5.269720e-08
36 23 8.351910e-08
36 24 1.323530e-07
36 25 2.097760e-07
36 26 3.326500e-07
36 27 5.283980e-07
36 28 8.422410e-07
36 29 1.435530e-06
36 30 3.959700e-06
36 31 5.799140e-05
36 32 1.260120e-03
36 33 2.098250e-02
36 34 2.184050e-01
36 35 1.209610e+00
36 36 1.988870e+00
36 37 2.081490e-01
36 38 1.041030e-03
36 39 1.180700e-06
36 40 0.000000e+00
37 1 1.386700e-11
37 2 7.937800e-12
37 3 1.313300e-11
37 4 2.009000e-11
37 5 3.219100e-11
37 6 5.113800e-11
37 7 8.087800e-11
37 8 1.285400e-10
37 9 2.028800e-10
37 10 3.227900e-10
37 11 5.110300e-10
37 12 8.098100e-10
37 13 1.282040e-09
37 14 2.035220e-09
37 15 3.221340e-09
37 16 5.109730e-09
37 17 8.098360e-09
37 18 1.283610e-08
37 19 2.032950e-08
37 20 3.223760e-08
37 21 5.108140e-08
37 22 8.097490e-08
37 23 1.283360e-07
37 24 2.033740e-07
37 25 3.223430e-07
37 26 5.108770e-07
37 27 8.097680e-07
37 28 1.284970e-06
37 29 2.044350e-06
37 30 3.257310e-06
37 31 5.275020e-06
37 32 2.105730e-05
37 33 5.470510e-04
37 34 1.352950e-02
37 35 1.921780e-01
37 36 1.255410e+00
37 37 2.032090e+00
37 38 1.529050e-01
37 39 2.585690e-04
37 40 6.297170e-08
38 1 6.890600e-12
38 2 3.944400e-12
38 3 6.526000e-12
38 4 9.983000e-12
38 5 1.599600e-11
38 6 2.541100e-11
38 7 4.018900e-11
38 8 6.387100e-11
38 9 1.008100e-10
38 10 1.604000e-10
38 11 2.539400e-10
38 12 4.024000e-10
38 13 6.370600e-10
38 14 1.011330e-09
38 15 1.600730e-09
38 16 2.539100e-09
38 17 4.024190e-09
38 18 6.378420e-09
38 19 1.010200e-08
38 20 1.601930e-08
38 21 2.538310e-08
38 22 4.023760e-08
38 23 6.377200e-08
38 24 1.010590e-07
38 25 1.601770e-07
38 26 2.538620e-07
38 27 4.023410e-07
38 28 6.378780e-07
38 29 1.013630e-06
38 30 1.618680e-06
38 31 2.600990e-06
38 32 4.240770e-06
38 33 1.098150e-05
38 34 2.339280e-04
38 35 8.352050e-03
38 36 1.665600e-01
38 37 1.298330e+00
38 38 2.063070e+00
38 39 1.092380e-01
38 40 4.878430e-05
39 1 4.163100e-12
39 2 2.383100e-12
39 3 3.942800e-12
39 4 6.031400e-12
39 5 9.664300e-12
39 6 1.535300e-11
39 7 2.428100e-11
39 8 3.858900e-11
39 9 6.090800e-11
39 10 9.690900e-11
39 11 1.534200e-10
39 12 2.431200e-10
39 13 3.848900e-10
39 14 6.110200e-10
39 15 9.671100e-10
39 16 1.534050e-09
39 17 2.431300e-09
39 18 3.853650e-09
39 19 6.103330e-09
39 20 9.678400e-09
39 21 1.533570e-08
39 22 2.431030e-08
39 23 3.852910e-08
39 24 6.105700e-08
39 25 9.677420e-08
39 26 1.533760e-07
39 27 2.430820e-07
39 28 3.852590e-07
39 29 6.106570e-07
39 30 9.687790e-07
39 31 1.539980e-06
39 32 2.453830e-06
39 33 3.918370e-06
39 34 7.128430e-06
39 35 9.196710e-05
39 36 4.842090e-03
39 37 1.421560e-01
39 38 1.339420e+00
39 39 2.082430e+00
39 40 7.600790e-02
40 1 3.562600e-12
40 2 2.039300e-12
40 3 3.374100e-12
40 4 5.161400e-12
40 5 8.270200e-12
40 6 1.313800e-11
40 7 2.077900e-11
40 8 3.302300e-11
40 9 5.212200e-11
40 10 8.293000e-11
40 11 1.312900e-10
40 12 2.080500e-10
40 13 3.293700e-10
40 14 5.228800e-10
40 15 8.276100e-10
40 16 1.312760e-09
40 17 2.080580e-09
40 18 3.297760e-09
40 19 5.222920e-09
40 20 8.282290e-09
40 21 1.312350e-08
40 22 2.080360e-08
40 23 3.297130e-08
40 24 5.224950e-08
40 25 8.281450e-08
40 26 1.312510e-07
40 27 2.080180e-07
40 28 3.296850e-07
40 29 5.225120e-07
40 30 8.281270e-07
40 31 1.313020e-06
40 32 2.083750e-06
40 33 3.309210e-06
40 34 5.255040e-06
40 35 8.352030e-06
40 36 2.974580e-05
40 37 2.386340e-03
40 38 1.184410e-01
40 39 1.380710e+00
40 40 2.142710e+00
