1 2.512880e+01
2 2.247160e+01
3 2.007520e+01
4 1.794880e+01
5 1.607900e+01
6 1.441230e+01
7 1.293560e+01
8 1.162660e+01
9 1.047880e+01
10 9.463690e+00
11 8.573090e+00
12 7.798350e+00
13 7.121180e+00
14 6.536930e+00
15 6.032980e+00
16 5.604470e+00
17 5.241400e+00
18 4.936240e+00
19 4.684760e+00
20 4.477060e+00
21 4.308410e+00
22 4.173070e+00
23 4.063980e+00
24 3.977140e+00
25 3.908240e+00
26 3.853410e+00
27 3.809680e+00
28 3.775080e+00
29 3.747550e+00
30 3.725610e+00
31 3.708320e+00
32 3.694480e+00
33 3.683560e+00
34 3.674860e+00
35 3.668000e+00
36 3.662500e+00
37 3.658190e+00
38 3.654820e+00
39 3.652060e+00
40 3.649910e+00
