1 1.1876E-3
2 1.17728E-3
3 1.16673E-3
4 1.15593E-3
5 1.14487E-3
6 1.13357E-3
7 1.12199E-3
8 1.11015E-3
9 1.09803E-3
10 1.08563E-3
11 1.07294E-3
12 1.05996E-3
13 1.04667E-3
14 1.03307E-3
15 1.01916E-3
16 1.00492E-3
17 9.90353E-4
18 9.75908E-4
19 9.65682E-4
20 9.56369E-4
21 9.46841E-4
22 9.37091E-4
23 9.27113E-4
24 9.16902E-4
25 9.06455E-4
26 8.95763E-4
27 8.84822E-4
28 8.73628E-4
29 8.62172E-4
30 8.50448E-4
31 8.40435E-4
32 8.33135E-4
33 8.25691E-4
34 8.18075E-4
35 8.1028E-4
36 8.02303E-4
37 7.94143E-4
38 7.85791E-4
39 7.77243E-4
40 7.68498E-4
41 7.59549E-4
42 7.50391E-4
43 7.4102E-4
44 7.31432E-4
45 7.21618E-4
46 7.11577E-4
47 7.01303E-4
48 6.90965E-4
49 6.83457E-4
50 6.76885E-4
51 6.7016E-4
52 6.6328E-4
53 6.56239E-4
54 6.49033E-4
55 6.4166E-4
56 6.34116E-4
57 6.26395E-4
58 6.18495E-4
59 6.10411E-4
60 6.02138E-4
61 5.94531E-4
62 5.88573E-4
63 5.82534E-4
64 5.76355E-4
65 5.70033E-4
66 5.63563E-4
67 5.56942E-4
68 5.50167E-4
69 5.43235E-4
70 5.36153E-4
71 5.30544E-4
72 5.25923E-4
73 5.21196E-4
74 5.16357E-4
75 5.11406E-4
76 5.0634E-4
77 5.01156E-4
78 4.95851E-4
79 4.90423E-4
80 4.84868E-4
81 4.79183E-4
82 4.73367E-4
83 4.67414E-4
84 4.61323E-4
85 4.55091E-4
86 4.48713E-4
87 4.42186E-4
88 4.3584E-4
89 4.31415E-4
90 4.27244E-4
91 4.22976E-4
92 4.18607E-4
93 4.14138E-4
94 4.09564E-4
95 4.04884E-4
96 4.00094E-4
97 3.95193E-4
98 3.90178E-4
99 3.85046E-4
100 3.79795E-4
101 3.75525E-4
102 3.72269E-4
103 3.68939E-4
104 3.65531E-4
105 3.62043E-4
106 3.58474E-4
107 3.54822E-4
108 3.51085E-4
109 3.47261E-4
110 3.43348E-4
111 3.39343E-4
112 3.35245E-4
113 3.31053E-4
114 3.26762E-4
115 3.2237E-4
116 3.17878E-4
117 3.1328E-4
118 3.08722E-4
119 3.05495E-4
120 3.02556E-4
121 2.99549E-4
122 2.96473E-4
123 2.93324E-4
124 2.90102E-4
125 2.86805E-4
126 2.83431E-4
127 2.79979E-4
128 2.76446E-4
129 2.72831E-4
130 2.69131E-4
131 2.65971E-4
132 2.63665E-4
133 2.61313E-4
134 2.58908E-4
135 2.56446E-4
136 2.53926E-4
137 2.51349E-4
138 2.4871E-4
139 2.46011E-4
140 2.43249E-4
141 2.40422E-4
142 2.37529E-4
143 2.34569E-4
144 2.31541E-4
145 2.28441E-4
146 2.25269E-4
147 2.22024E-4
148 2.18759E-4
149 2.16388E-4
150 2.14313E-4
151 2.1219E-4
152 2.10018E-4
153 2.07795E-4
154 2.05519E-4
155 2.03192E-4
156 2.0081E-4
157 1.98372E-4
158 1.95878E-4
159 1.93326E-4
160 1.90714E-4
161 1.88311E-4
162 1.86426E-4
163 1.84516E-4
164 1.82562E-4
165 1.80562E-4
166 1.78515E-4
167 1.76421E-4
168 1.74278E-4
169 1.72085E-4
170 1.69844E-4
171 1.67909E-4
172 1.66175E-4
173 1.644E-4
174 1.62584E-4
175 1.60726E-4
176 1.58824E-4
177 1.56878E-4
178 1.54897E-4
179 1.53267E-4
180 1.51803E-4
181 1.50305E-4
182 1.48772E-4
183 1.47204E-4
184 1.45599E-4
185 1.43956E-4
186 1.42276E-4
187 1.40556E-4
188 1.38796E-4
189 1.36995E-4
190 1.35152E-4
191 1.33411E-4
192 1.32065E-4
193 1.30717E-4
194 1.29337E-4
195 1.27926E-4
196 1.26482E-4
197 1.25003E-4
198 1.23491E-4
199 1.21943E-4
200 1.2036E-4
201 1.19047E-4
202 1.18016E-4
203 1.1696E-4
204 1.1588E-4
205 1.14774E-4
206 1.13643E-4
207 1.12485E-4
208 1.11301E-4
209 1.10089E-4
210 1.08849E-4
211 1.07579E-4
212 1.0628E-4
213 1.04951E-4
214 1.03591E-4
215 1.022E-4
216 1.00776E-4
217 9.93183E-5
218 9.78734E-5
219 9.68506E-5
220 9.59192E-5
221 9.49662E-5
222 9.39911E-5
223 9.2993E-5
224 9.19719E-5
225 9.0927E-5
226 8.98576E-5
227 8.87633E-5
228 8.76437E-5
229 8.64979E-5
230 8.53253E-5
231 8.43235E-5
232 8.35925E-5
233 8.28471E-5
234 8.20845E-5
235 8.1304E-5
236 8.05052E-5
237 7.96881E-5
238 7.88518E-5
239 7.79959E-5
240 7.71203E-5
241 7.62242E-5
242 7.53071E-5
243 7.43688E-5
244 7.34087E-5
245 7.2426E-5
246 7.14206E-5
247 7.03918E-5
248 6.93567E-5
249 6.86052E-5
250 6.79476E-5
251 6.72747E-5
252 6.65862E-5
253 6.58816E-5
254 6.51606E-5
255 6.44228E-5
256 6.3668E-5
257 6.28953E-5
258 6.21048E-5
259 6.12959E-5
260 6.04681E-5
261 5.97065E-5
262 5.91092E-5
263 5.85036E-5
264 5.78841E-5
265 5.72502E-5
266 5.66014E-5
267 5.59375E-5
268 5.52582E-5
269 5.45631E-5
270 5.38526E-5
271 5.32391E-5
272 5.2689E-5
273 5.21261E-5
274 5.15499E-5
275 5.09605E-5
276 5.03574E-5
277 4.98059E-5
278 4.92999E-5
279 4.87823E-5
280 4.82525E-5
281 4.77103E-5
282 4.7173E-5
283 4.66729E-5
284 4.61642E-5
285 4.56435E-5
286 4.51108E-5
287 4.45656E-5
288 4.40077E-5
289 4.34369E-5
290 4.28528E-5
291 4.23007E-5
292 4.18739E-5
293 4.14465E-5
294 4.1009E-5
295 4.05615E-5
296 4.01035E-5
297 3.96348E-5
298 3.91552E-5
299 3.86645E-5
300 3.81622E-5
301 3.7716E-5
302 3.73277E-5
303 3.69305E-5
304 3.65239E-5
305 3.61078E-5
306 3.56821E-5
307 3.52465E-5
308 3.4801E-5
309 3.4404E-5
310 3.40411E-5
311 3.36699E-5
312 3.32899E-5
313 3.29011E-5
314 3.25032E-5
315 3.21021E-5
316 3.17512E-5
317 3.14075E-5
318 3.10558E-5
319 3.06959E-5
320 3.03276E-5
321 2.9962E-5
322 2.9637E-5
323 2.93101E-5
324 2.89755E-5
325 2.86331E-5
326 2.82876E-5
327 2.79664E-5
328 2.7644E-5
329 2.73294E-5
330 2.70173E-5
331 2.67222E-5
332 2.64561E-5
333 2.61842E-5
334 2.5906E-5
335 2.56213E-5
336 2.533E-5
337 2.50319E-5
338 2.47268E-5
339 2.44146E-5
340 2.41046E-5
341 2.40874E-5
342 2.42136E-5
343 2.43427E-5
344 2.44749E-5
345 2.46101E-5
346 2.47485E-5
347 2.48901E-5
348 2.5035E-5
349 2.51832E-5
350 2.5335E-5
351 2.54902E-5
352 2.56491E-5
353 2.58117E-5
354 2.5978E-5
355 2.61483E-5
356 2.63225E-5
357 2.65007E-5
358 2.66831E-5
359 2.68698E-5
360 2.70608E-5
361 2.72563E-5
362 2.74563E-5
363 2.7661E-5
364 2.78705E-5
365 2.80848E-5
366 2.8304E-5
367 2.85284E-5
368 2.87582E-5
369 2.89932E-5
370 2.92336E-5
371 2.94797E-5
372 2.97314E-5
373 2.9989E-5
374 3.02527E-5
375 3.05225E-5
376 3.07986E-5
377 3.10811E-5
378 3.13703E-5
379 3.16662E-5
380 3.19689E-5
381 3.22787E-5
382 3.25957E-5
383 3.29199E-5
384 3.32519E-5
385 3.35916E-5
386 3.39392E-5
387 3.42948E-5
388 3.46588E-5
389 3.50312E-5
390 3.54123E-5
391 3.58023E-5
392 3.62014E-5
393 3.66098E-5
394 3.70276E-5
395 3.74553E-5
396 3.78928E-5
397 3.83406E-5
398 3.87988E-5
399 3.92678E-5
400 3.97476E-5
401 4.03466E-5
402 4.10681E-5
403 4.18068E-5
404 4.25625E-5
405 4.37608E-5
406 4.57035E-5
407 4.77029E-5
408 4.97443E-5
409 5.10057E-5
410 5.16857E-5
411 5.23816E-5
412 5.30937E-5
413 5.38223E-5
414 5.4568E-5
415 5.52728E-5
416 5.54181E-5
417 5.54188E-5
418 5.53878E-5
419 5.50469E-5
420 5.46196E-5
421 5.39962E-5
422 5.25525E-5
423 5.09821E-5
424 4.93752E-5
425 4.77309E-5
426 4.60483E-5
427 4.43265E-5
428 4.25645E-5
429 4.07618E-5
430 3.89168E-5
431 3.72228E-5
432 3.57774E-5
433 3.4301E-5
434 3.27901E-5
435 3.12439E-5
436 2.96619E-5
437 2.8043E-5
438 2.63864E-5
439 2.46916E-5
440 2.29817E-5
441 2.20278E-5
442 2.14326E-5
443 2.08233E-5
444 2.01999E-5
445 1.96262E-5
446 2.01661E-5
447 2.16415E-5
448 2.43965E-5
449 2.78778E-5
450 3.16615E-5
451 3.51934E-5
452 3.6625E-5
453 3.7701E-5
454 3.82602E-5
455 3.78305E-5
456 3.71204E-5
457 3.63653E-5
458 3.55928E-5
459 3.45522E-5
460 3.32565E-5
461 3.1896E-5
462 3.04306E-5
463 2.87462E-5
464 2.64418E-5
465 2.41546E-5
466 2.27638E-5
467 2.31224E-5
468 2.36161E-5
469 2.41213E-5
470 2.57223E-5
471 2.98776E-5
472 3.60879E-5
473 4.2844E-5
474 4.86857E-5
475 4.95897E-5
476 4.5747E-5
477 4.14491E-5
478 3.79132E-5
479 3.33236E-5
480 3.1018E-5
481 3.56126E-5
482 4.01714E-5
483 4.35946E-5
484 4.69777E-5
485 4.61839E-5
486 4.16234E-5
487 3.31207E-5
488 2.37914E-5
489 2.3035E-5
490 2.70081E-5
491 3.16624E-5
492 3.59012E-5
493 4.01626E-5
494 4.23827E-5
495 4.13523E-5
496 3.87125E-5
497 3.58275E-5
498 3.29258E-5
499 3.18878E-5
500 3.1685E-5
