1 1.18793E-3
2 1.17761E-3
3 1.16705E-3
4 1.15625E-3
5 1.14519E-3
6 1.13388E-3
7 1.1223E-3
8 1.11045E-3
9 1.09833E-3
10 1.08592E-3
11 1.07323E-3
12 1.06024E-3
13 1.04695E-3
14 1.03334E-3
15 1.01942E-3
16 1.00518E-3
17 9.90605E-4
18 9.76154E-4
19 9.65922E-4
20 9.56605E-4
21 9.47071E-4
22 9.37316E-4
23 9.27332E-4
24 9.17116E-4
25 9.06663E-4
26 8.95965E-4
27 8.85018E-4
28 8.73818E-4
29 8.62355E-4
30 8.50625E-4
31 8.40607E-4
32 8.33304E-4
33 8.25858E-4
34 8.18239E-4
35 8.10443E-4
36 8.02463E-4
37 7.943E-4
38 7.85946E-4
39 7.77396E-4
40 7.68648E-4
41 7.59697E-4
42 7.50535E-4
43 7.41162E-4
44 7.3157E-4
45 7.21754E-4
46 7.1171E-4
47 7.01432E-4
48 6.91091E-4
49 6.83579E-4
50 6.77004E-4
51 6.70274E-4
52 6.6339E-4
53 6.56344E-4
54 6.49133E-4
55 6.41756E-4
56 6.34207E-4
57 6.26481E-4
58 6.18576E-4
59 6.10487E-4
60 6.02209E-4
61 5.94598E-4
62 5.8864E-4
63 5.82601E-4
64 5.76421E-4
65 5.70099E-4
66 5.63628E-4
67 5.57006E-4
68 5.50231E-4
69 5.43298E-4
70 5.36216E-4
71 5.30606E-4
72 5.25985E-4
73 5.21257E-4
74 5.16418E-4
75 5.11466E-4
76 5.064E-4
77 5.01215E-4
78 4.95909E-4
79 4.9048E-4
80 4.84924E-4
81 4.79239E-4
82 4.73422E-4
83 4.67469E-4
84 4.61377E-4
85 4.55144E-4
86 4.48766E-4
87 4.42237E-4
88 4.35891E-4
89 4.31465E-4
90 4.27293E-4
91 4.23024E-4
92 4.18654E-4
93 4.14183E-4
94 4.09609E-4
95 4.04927E-4
96 4.00136E-4
97 3.95234E-4
98 3.90218E-4
99 3.85084E-4
100 3.79831E-4
101 3.7556E-4
102 3.72305E-4
103 3.68974E-4
104 3.65565E-4
105 3.62076E-4
106 3.58507E-4
107 3.54855E-4
108 3.51117E-4
109 3.47292E-4
110 3.43379E-4
111 3.39373E-4
112 3.35275E-4
113 3.31082E-4
114 3.2679E-4
115 3.22398E-4
116 3.17905E-4
117 3.13307E-4
118 3.08748E-4
119 3.0552E-4
120 3.02581E-4
121 2.99574E-4
122 2.96496E-4
123 2.93347E-4
124 2.90124E-4
125 2.86827E-4
126 2.83452E-4
127 2.79999E-4
128 2.76466E-4
129 2.7285E-4
130 2.6915E-4
131 2.65989E-4
132 2.63682E-4
133 2.61331E-4
134 2.58925E-4
135 2.56463E-4
136 2.53943E-4
137 2.51365E-4
138 2.48727E-4
139 2.46027E-4
140 2.43264E-4
141 2.40437E-4
142 2.37544E-4
143 2.34584E-4
144 2.31555E-4
145 2.28455E-4
146 2.25283E-4
147 2.22037E-4
148 2.18772E-4
149 2.164E-4
150 2.14325E-4
151 2.12202E-4
152 2.10029E-4
153 2.07806E-4
154 2.0553E-4
155 2.03202E-4
156 2.00819E-4
157 1.98381E-4
158 1.95886E-4
159 1.93334E-4
160 1.90721E-4
161 1.88318E-4
162 1.86433E-4
163 1.84523E-4
164 1.82568E-4
165 1.80568E-4
166 1.78521E-4
167 1.76426E-4
168 1.74283E-4
169 1.7209E-4
170 1.69848E-4
171 1.67914E-4
172 1.66179E-4
173 1.64405E-4
174 1.62588E-4
175 1.6073E-4
176 1.58829E-4
177 1.56882E-4
178 1.54901E-4
179 1.53271E-4
180 1.51807E-4
181 1.50309E-4
182 1.48776E-4
183 1.47208E-4
184 1.45603E-4
185 1.4396E-4
186 1.42279E-4
187 1.4056E-4
188 1.38799E-4
189 1.36999E-4
190 1.35156E-4
191 1.33414E-4
192 1.32068E-4
193 1.3072E-4
194 1.29341E-4
195 1.27929E-4
196 1.26485E-4
197 1.25007E-4
198 1.23494E-4
199 1.21947E-4
200 1.20363E-4
201 1.1905E-4
202 1.18019E-4
203 1.16963E-4
204 1.15883E-4
205 1.14777E-4
206 1.13646E-4
207 1.12488E-4
208 1.11304E-4
209 1.10092E-4
210 1.08851E-4
211 1.07582E-4
212 1.06283E-4
213 1.04954E-4
214 1.03594E-4
215 1.02202E-4
216 1.00778E-4
217 9.9321E-5
218 9.78761E-5
219 9.68532E-5
220 9.59218E-5
221 9.49687E-5
222 9.39935E-5
223 9.29954E-5
224 9.19741E-5
225 9.09292E-5
226 8.98597E-5
227 8.87654E-5
228 8.76457E-5
229 8.64998E-5
230 8.53272E-5
231 8.43253E-5
232 8.35943E-5
233 8.28489E-5
234 8.20862E-5
235 8.13057E-5
236 8.05069E-5
237 7.96897E-5
238 7.88534E-5
239 7.79975E-5
240 7.71219E-5
241 7.62257E-5
242 7.53086E-5
243 7.43703E-5
244 7.34101E-5
245 7.24274E-5
246 7.1422E-5
247 7.03932E-5
248 6.9358E-5
249 6.86064E-5
250 6.79488E-5
251 6.72759E-5
252 6.65874E-5
253 6.58828E-5
254 6.51616E-5
255 6.44239E-5
256 6.36689E-5
257 6.28962E-5
258 6.21057E-5
259 6.12967E-5
260 6.04688E-5
261 5.97072E-5
262 5.91098E-5
263 5.85043E-5
264 5.78847E-5
265 5.72508E-5
266 5.66019E-5
267 5.5938E-5
268 5.52587E-5
269 5.45636E-5
270 5.3853E-5
271 5.32395E-5
272 5.26893E-5
273 5.21263E-5
274 5.15501E-5
275 5.09606E-5
276 5.03574E-5
277 4.98059E-5
278 4.92999E-5
279 4.87823E-5
280 4.82525E-5
281 4.77103E-5
282 4.7173E-5
283 4.6673E-5
284 4.61642E-5
285 4.56436E-5
286 4.51109E-5
287 4.45658E-5
288 4.40079E-5
289 4.34371E-5
290 4.28531E-5
291 4.2301E-5
292 4.18742E-5
293 4.14468E-5
294 4.10093E-5
295 4.05618E-5
296 4.01038E-5
297 3.9635E-5
298 3.91554E-5
299 3.86647E-5
300 3.81624E-5
301 3.77162E-5
302 3.73279E-5
303 3.69307E-5
304 3.65241E-5
305 3.6108E-5
306 3.56823E-5
307 3.52467E-5
308 3.48012E-5
309 3.44041E-5
310 3.40413E-5
311 3.367E-5
312 3.329E-5
313 3.29012E-5
314 3.25033E-5
315 3.21022E-5
316 3.17513E-5
317 3.14076E-5
318 3.10559E-5
319 3.0696E-5
320 3.03276E-5
321 2.9962E-5
322 2.9637E-5
323 2.93101E-5
324 2.89755E-5
325 2.86331E-5
326 2.82876E-5
327 2.79664E-5
328 2.7644E-5
329 2.73294E-5
330 2.70173E-5
331 2.67222E-5
332 2.64561E-5
333 2.61842E-5
334 2.5906E-5
335 2.56213E-5
336 2.533E-5
337 2.50319E-5
338 2.47268E-5
339 2.44146E-5
340 2.41046E-5
341 2.40874E-5
342 2.42136E-5
343 2.43427E-5
344 2.44749E-5
345 2.46101E-5
346 2.47485E-5
347 2.48901E-5
348 2.5035E-5
349 2.51832E-5
350 2.5335E-5
351 2.54902E-5
352 2.56491E-5
353 2.58117E-5
354 2.5978E-5
355 2.61483E-5
356 2.63225E-5
357 2.65007E-5
358 2.66831E-5
359 2.68698E-5
360 2.70608E-5
361 2.72563E-5
362 2.74563E-5
363 2.7661E-5
364 2.78705E-5
365 2.80848E-5
366 2.8304E-5
367 2.85284E-5
368 2.87582E-5
369 2.89932E-5
370 2.92336E-5
371 2.94797E-5
372 2.97314E-5
373 2.9989E-5
374 3.02527E-5
375 3.05225E-5
376 3.07986E-5
377 3.10811E-5
378 3.13703E-5
379 3.16662E-5
380 3.19689E-5
381 3.22787E-5
382 3.25957E-5
383 3.29199E-5
384 3.32519E-5
385 3.35916E-5
386 3.39392E-5
387 3.42948E-5
388 3.46588E-5
389 3.50312E-5
390 3.54123E-5
391 3.58023E-5
392 3.62014E-5
393 3.66098E-5
394 3.70276E-5
395 3.74553E-5
396 3.78928E-5
397 3.83406E-5
398 3.87988E-5
399 3.92678E-5
400 3.97476E-5
401 4.03466E-5
402 4.10681E-5
403 4.18068E-5
404 4.25625E-5
405 4.37608E-5
406 4.57035E-5
407 4.77029E-5
408 4.97443E-5
409 5.10057E-5
410 5.16857E-5
411 5.23816E-5
412 5.30937E-5
413 5.38223E-5
414 5.4568E-5
415 5.52728E-5
416 5.54181E-5
417 5.54188E-5
418 5.53878E-5
419 5.50469E-5
420 5.46196E-5
421 5.39962E-5
422 5.25525E-5
423 5.09821E-5
424 4.93752E-5
425 4.77309E-5
426 4.60483E-5
427 4.43265E-5
428 4.25645E-5
429 4.07618E-5
430 3.89168E-5
431 3.72228E-5
432 3.57774E-5
433 3.4301E-5
434 3.27901E-5
435 3.12439E-5
436 2.96619E-5
437 2.8043E-5
438 2.63864E-5
439 2.46916E-5
440 2.29817E-5
441 2.20278E-5
442 2.14326E-5
443 2.08233E-5
444 2.01999E-5
445 1.96262E-5
446 2.01661E-5
447 2.16415E-5
448 2.43965E-5
449 2.78778E-5
450 3.16615E-5
451 3.51934E-5
452 3.6625E-5
453 3.7701E-5
454 3.82602E-5
455 3.78305E-5
456 3.71204E-5
457 3.63653E-5
458 3.55928E-5
459 3.45522E-5
460 3.32565E-5
461 3.1896E-5
462 3.04306E-5
463 2.87462E-5
464 2.64418E-5
465 2.41546E-5
466 2.27638E-5
467 2.31224E-5
468 2.36161E-5
469 2.41213E-5
470 2.57223E-5
471 2.98776E-5
472 3.60879E-5
473 4.2844E-5
474 4.86857E-5
475 4.95897E-5
476 4.5747E-5
477 4.14491E-5
478 3.79132E-5
479 3.33236E-5
480 3.1018E-5
481 3.56126E-5
482 4.01714E-5
483 4.35946E-5
484 4.69777E-5
485 4.61839E-5
486 4.16234E-5
487 3.31207E-5
488 2.37914E-5
489 2.3035E-5
490 2.70081E-5
491 3.16624E-5
492 3.59012E-5
493 4.01626E-5
494 4.23827E-5
495 4.13523E-5
496 3.87125E-5
497 3.58275E-5
498 3.29258E-5
499 3.18878E-5
500 3.1685E-5
