1 4.80551E-2
2 4.80581E-2
3 4.8061E-2
4 4.80639E-2
5 4.80669E-2
6 4.80698E-2
7 4.80728E-2
8 4.80757E-2
9 4.80787E-2
10 4.80817E-2
11 4.80846E-2
12 4.80876E-2
13 4.80905E-2
14 4.80935E-2
15 4.80964E-2
16 4.80994E-2
17 4.81023E-2
18 4.81053E-2
19 4.81082E-2
20 4.81112E-2
21 4.81141E-2
22 4.81171E-2
23 4.812E-2
24 4.8123E-2
25 4.81259E-2
26 4.81289E-2
27 4.81318E-2
28 4.81348E-2
29 4.81377E-2
30 4.81407E-2
31 4.81436E-2
32 4.81466E-2
33 4.81496E-2
34 4.81525E-2
35 4.81555E-2
36 4.81584E-2
37 4.81614E-2
38 4.81643E-2
39 4.81673E-2
40 4.81702E-2
41 4.81732E-2
42 4.81761E-2
43 4.81791E-2
44 4.8182E-2
45 4.8185E-2
46 4.81879E-2
47 4.81909E-2
48 4.81938E-2
49 4.81968E-2
50 4.81997E-2
51 4.82027E-2
52 4.82057E-2
53 4.82086E-2
54 4.82116E-2
55 4.82145E-2
56 4.82175E-2
57 4.82204E-2
58 4.82234E-2
59 4.82263E-2
60 4.82293E-2
61 4.82322E-2
62 4.82352E-2
63 4.82381E-2
64 4.82411E-2
65 4.8244E-2
66 4.8247E-2
67 4.82499E-2
68 4.82529E-2
69 4.82558E-2
70 4.82588E-2
71 4.82617E-2
72 4.82647E-2
73 4.82676E-2
74 4.82706E-2
75 4.82735E-2
76 4.82765E-2
77 4.82794E-2
78 4.82824E-2
79 4.82853E-2
80 4.82883E-2
81 4.82913E-2
82 4.82942E-2
83 4.82972E-2
84 4.83001E-2
85 4.83031E-2
86 4.8306E-2
87 4.8309E-2
88 4.83119E-2
89 4.83149E-2
90 4.83178E-2
91 4.83208E-2
92 4.83237E-2
93 4.83267E-2
94 4.83296E-2
95 4.83326E-2
96 4.83355E-2
97 4.83385E-2
98 4.83414E-2
99 4.83444E-2
100 4.83473E-2
101 4.83544E-2
102 4.83654E-2
103 4.83765E-2
104 4.83876E-2
105 4.83987E-2
106 4.84098E-2
107 4.84209E-2
108 4.8432E-2
109 4.8443E-2
110 4.84541E-2
111 4.84652E-2
112 4.84763E-2
113 4.84874E-2
114 4.84984E-2
115 4.85095E-2
116 4.85206E-2
117 4.85317E-2
118 4.85428E-2
119 4.85539E-2
120 4.8565E-2
121 4.8576E-2
122 4.85871E-2
123 4.85982E-2
124 4.86093E-2
125 4.86204E-2
126 4.86315E-2
127 4.86425E-2
128 4.86537E-2
129 4.86647E-2
130 4.86758E-2
131 4.86916E-2
132 4.87142E-2
133 4.87369E-2
134 4.87596E-2
135 4.87823E-2
136 4.8805E-2
137 4.88277E-2
138 4.88504E-2
139 4.88731E-2
140 4.88958E-2
141 4.89185E-2
142 4.89412E-2
143 4.89639E-2
144 4.89865E-2
145 4.90093E-2
146 4.90319E-2
147 4.90547E-2
148 4.90773E-2
149 4.91E-2
150 4.91227E-2
151 4.91454E-2
152 4.91681E-2
153 4.91908E-2
154 4.92135E-2
155 4.92362E-2
156 4.92589E-2
157 4.92816E-2
158 4.93043E-2
159 4.9327E-2
160 4.93497E-2
161 4.93778E-2
162 4.94172E-2
163 4.94571E-2
164 4.94969E-2
165 4.95367E-2
166 4.95765E-2
167 4.96163E-2
168 4.96562E-2
169 4.9696E-2
170 4.97358E-2
171 4.97757E-2
172 4.98155E-2
173 4.98553E-2
174 4.98952E-2
175 4.9935E-2
176 4.99748E-2
177 5.00146E-2
178 5.00547E-2
179 5.01062E-2
180 5.01635E-2
181 5.02208E-2
182 5.02781E-2
183 5.03354E-2
184 5.03927E-2
185 5.045E-2
186 5.05073E-2
187 5.05646E-2
188 5.06219E-2
189 5.06792E-2
190 5.07365E-2
191 5.0798E-2
192 5.08722E-2
193 5.09473E-2
194 5.10224E-2
195 5.10974E-2
196 5.11725E-2
197 5.12476E-2
198 5.13226E-2
199 5.13977E-2
200 5.14728E-2
201 5.15535E-2
202 5.16415E-2
203 5.17314E-2
204 5.18234E-2
205 5.19176E-2
206 5.2014E-2
207 5.21126E-2
208 5.22136E-2
209 5.23168E-2
210 5.24225E-2
211 5.25306E-2
212 5.26413E-2
213 5.27545E-2
214 5.28704E-2
215 5.29889E-2
216 5.31103E-2
217 5.32344E-2
218 5.33615E-2
219 5.34915E-2
220 5.36245E-2
221 5.37607E-2
222 5.39E-2
223 5.40425E-2
224 5.41883E-2
225 5.43376E-2
226 5.44904E-2
227 5.46467E-2
228 5.48066E-2
229 5.49703E-2
230 5.51377E-2
231 5.53083E-2
232 5.54814E-2
233 5.56586E-2
234 5.58398E-2
235 5.60254E-2
236 5.62152E-2
237 5.64094E-2
238 5.66082E-2
239 5.68116E-2
240 5.70197E-2
241 5.72327E-2
242 5.74506E-2
243 5.76737E-2
244 5.79019E-2
245 5.81354E-2
246 5.83744E-2
247 5.86189E-2
248 5.88692E-2
249 5.91252E-2
250 5.93872E-2
251 5.96554E-2
252 5.99297E-2
253 6.02106E-2
254 6.04978E-2
255 6.07918E-2
256 6.10926E-2
257 6.14005E-2
258 6.17155E-2
259 6.20379E-2
260 6.23678E-2
261 6.26961E-2
262 6.30119E-2
263 6.33346E-2
264 6.36647E-2
265 6.40026E-2
266 6.43483E-2
267 6.4702E-2
268 6.5064E-2
269 6.54344E-2
270 6.58135E-2
271 6.62014E-2
272 6.65983E-2
273 6.70044E-2
274 6.742E-2
275 6.78454E-2
276 6.82805E-2
277 6.87259E-2
278 6.91807E-2
279 6.96105E-2
280 7.0032E-2
281 7.04633E-2
282 7.09046E-2
283 7.13563E-2
284 7.18184E-2
285 7.22913E-2
286 7.27752E-2
287 7.32704E-2
288 7.37771E-2
289 7.42956E-2
290 7.48261E-2
291 7.53529E-2
292 7.58426E-2
293 7.63402E-2
294 7.68495E-2
295 7.73706E-2
296 7.7904E-2
297 7.84497E-2
298 7.90081E-2
299 7.95795E-2
300 8.01642E-2
301 8.07251E-2
302 8.12611E-2
303 8.18096E-2
304 8.23708E-2
305 8.29451E-2
306 8.35328E-2
307 8.41342E-2
308 8.47493E-2
309 8.53347E-2
310 8.59009E-2
311 8.64803E-2
312 8.70732E-2
313 8.768E-2
314 8.83008E-2
315 8.89305E-2
316 8.95184E-2
317 9.01055E-2
318 9.07062E-2
319 9.1321E-2
320 9.195E-2
321 9.25812E-2
322 9.31722E-2
323 9.37707E-2
324 9.4383E-2
325 9.50097E-2
326 9.56431E-2
327 9.62382E-2
328 9.68371E-2
329 9.745E-2
330 9.80771E-2
331 9.86751E-2
332 9.92218E-2
333 9.97806E-2
334 1.00352E-1
335 1.00938E-1
336 1.01536E-1
337 1.02149E-1
338 1.02776E-1
339 1.03418E-1
340 1.04071E-1
341 1.04642E-1
342 1.05179E-1
343 1.05729E-1
344 1.06292E-1
345 1.06867E-1
346 1.07457E-1
347 1.08059E-1
348 1.08671E-1
349 1.09208E-1
350 1.09724E-1
351 1.10252E-1
352 1.10793E-1
353 1.11346E-1
354 1.11912E-1
355 1.12474E-1
356 1.12977E-1
357 1.13484E-1
358 1.14002E-1
359 1.14532E-1
360 1.15075E-1
361 1.15619E-1
362 1.16054E-1
363 1.15554E-1
364 7.27316E-2
365 9.9044E-2
366 1.09643E-1
367 1.10337E-1
368 1.08035E-1
369 1.08303E-1
370 1.61772E-1
371 1.41057E-1
372 1.32967E-1
373 1.30726E-1
374 1.30121E-1
375 1.30249E-1
376 1.30771E-1
377 1.3132E-1
378 1.30647E-1
379 1.21896E-1
380 8.61252E-2
381 6.22252E-2
382 8.18326E-2
383 9.5589E-2
384 1.04069E-1
385 1.08756E-1
386 1.11749E-1
387 1.13824E-1
388 1.15351E-1
389 1.16526E-1
390 1.17458E-1
391 1.18227E-1
392 1.18894E-1
393 1.19517E-1
394 1.20176E-1
395 1.21005E-1
396 1.2223E-1
397 1.24449E-1
398 1.28919E-1
399 1.35373E-1
400 1.09901E-1
401 7.71621E-2
402 6.76019E-2
403 5.68967E-2
404 3.8818E-2
405 1.08929E-1
406 1.89466E-1
407 1.06966E-1
408 7.51715E-2
409 2.21597E-1
410 8.8948E-2
411 4.88229E-2
412 2.87205E-2
413 2.11373E-2
414 8.88358E-2
415 1.8164E-1
416 2.02101E-1
417 1.36512E-1
418 1.13454E-1
419 1.12237E-1
420 1.62279E-1
421 2.74989E-1
422 7.9639E-2
423 6.5766E-2
424 5.94807E-2
425 5.0731E-2
426 7.02173E-2
427 8.1598E-2
428 7.82636E-2
429 7.57662E-2
430 7.42356E-2
431 7.35667E-2
432 7.41339E-2
433 7.79702E-2
434 9.84493E-2
435 1.84015E-1
436 1.61877E-1
437 1.18902E-1
438 1.092E-1
439 7.47479E-2
440 6.1112E-3
441 1.85942E-2
442 1.99794E-2
443 1.98232E-2
444 1.48019E-2
445 4.4518E-2
446 6.27523E-2
447 9.78123E-2
448 2.49742E-2
449 3.14638E-2
450 3.07333E-2
451 2.58374E-2
452 6.78343E-2
453 3.56272E-2
454 1.49638E-3
455 6.40975E-2
456 8.04559E-2
457 5.07854E-2
458 3.07795E-2
459 6.40057E-2
460 1.46834E-1
461 2.27159E-1
462 2.7583E-1
463 3.0754E-1
464 3.241E-1
465 3.15896E-1
466 2.86813E-1
467 2.44222E-1
468 1.97502E-1
469 1.60643E-1
470 1.50642E-1
471 1.74403E-1
472 1.98479E-1
473 1.97783E-1
474 1.90381E-1
475 1.99909E-1
476 1.93269E-1
477 1.83677E-1
478 2.25587E-1
479 2.56391E-1
480 2.88367E-1
481 3.33227E-1
482 3.75114E-1
483 3.29328E-1
484 2.92017E-1
485 2.88559E-1
486 2.83128E-1
487 2.71779E-1
488 3.11236E-1
489 2.70033E-1
490 3.21582E-1
491 3.2954E-1
492 3.43854E-1
493 4.03945E-1
494 4.28583E-1
495 4.06979E-1
496 3.85712E-1
497 3.79283E-1
498 3.7488E-1
499 3.72177E-1
500 3.72444E-1
