1 1.18738E-3
2 1.17707E-3
3 1.16652E-3
4 1.15572E-3
5 1.14467E-3
6 1.13337E-3
7 1.1218E-3
8 1.10996E-3
9 1.09784E-3
10 1.08545E-3
11 1.07276E-3
12 1.05978E-3
13 1.04649E-3
14 1.0329E-3
15 1.01899E-3
16 1.00476E-3
17 9.90192E-4
18 9.7575E-4
19 9.65528E-4
20 9.56219E-4
21 9.46694E-4
22 9.36947E-4
23 9.26972E-4
24 9.16765E-4
25 9.06322E-4
26 8.95634E-4
27 8.84697E-4
28 8.73507E-4
29 8.62055E-4
30 8.50336E-4
31 8.40326E-4
32 8.33027E-4
33 8.25584E-4
34 8.17969E-4
35 8.10176E-4
36 8.02201E-4
37 7.94042E-4
38 7.85691E-4
39 7.77146E-4
40 7.68403E-4
41 7.59456E-4
42 7.50299E-4
43 7.4093E-4
44 7.31343E-4
45 7.21532E-4
46 7.11493E-4
47 7.0122E-4
48 6.90885E-4
49 6.83379E-4
50 6.7681E-4
51 6.70088E-4
52 6.6321E-4
53 6.56172E-4
54 6.48969E-4
55 6.41599E-4
56 6.34058E-4
57 6.2634E-4
58 6.18443E-4
59 6.10362E-4
60 6.02092E-4
61 5.94488E-4
62 5.8853E-4
63 5.82492E-4
64 5.76313E-4
65 5.69992E-4
66 5.63521E-4
67 5.56901E-4
68 5.50127E-4
69 5.43194E-4
70 5.36114E-4
71 5.30504E-4
72 5.25884E-4
73 5.21157E-4
74 5.16319E-4
75 5.11368E-4
76 5.06303E-4
77 5.01118E-4
78 4.95814E-4
79 4.90386E-4
80 4.84831E-4
81 4.79147E-4
82 4.73331E-4
83 4.67379E-4
84 4.61288E-4
85 4.55057E-4
86 4.48679E-4
87 4.42152E-4
88 4.35807E-4
89 4.31383E-4
90 4.27213E-4
91 4.22945E-4
92 4.18578E-4
93 4.14109E-4
94 4.09536E-4
95 4.04856E-4
96 4.00067E-4
97 3.95168E-4
98 3.90153E-4
99 3.85022E-4
100 3.79772E-4
101 3.75502E-4
102 3.72247E-4
103 3.68917E-4
104 3.65509E-4
105 3.62021E-4
106 3.58453E-4
107 3.54801E-4
108 3.51064E-4
109 3.47241E-4
110 3.43328E-4
111 3.39324E-4
112 3.35226E-4
113 3.31034E-4
114 3.26743E-4
115 3.22353E-4
116 3.17861E-4
117 3.13263E-4
118 3.08705E-4
119 3.05479E-4
120 3.0254E-4
121 2.99534E-4
122 2.96458E-4
123 2.93309E-4
124 2.90088E-4
125 2.86791E-4
126 2.83418E-4
127 2.79966E-4
128 2.76434E-4
129 2.72819E-4
130 2.6912E-4
131 2.65959E-4
132 2.63654E-4
133 2.61302E-4
134 2.58897E-4
135 2.56435E-4
136 2.53916E-4
137 2.51338E-4
138 2.487E-4
139 2.46001E-4
140 2.43239E-4
141 2.40412E-4
142 2.3752E-4
143 2.3456E-4
144 2.31531E-4
145 2.28432E-4
146 2.25261E-4
147 2.22016E-4
148 2.1875E-4
149 2.1638E-4
150 2.14305E-4
151 2.12182E-4
152 2.1001E-4
153 2.07788E-4
154 2.05513E-4
155 2.03185E-4
156 2.00804E-4
157 1.98366E-4
158 1.95873E-4
159 1.93321E-4
160 1.90709E-4
161 1.88307E-4
162 1.86422E-4
163 1.84512E-4
164 1.82558E-4
165 1.80558E-4
166 1.78512E-4
167 1.76418E-4
168 1.74275E-4
169 1.72082E-4
170 1.69841E-4
171 1.67906E-4
172 1.66172E-4
173 1.64398E-4
174 1.62581E-4
175 1.60723E-4
176 1.58822E-4
177 1.56876E-4
178 1.54894E-4
179 1.53264E-4
180 1.51801E-4
181 1.50303E-4
182 1.4877E-4
183 1.47201E-4
184 1.45596E-4
185 1.43954E-4
186 1.42273E-4
187 1.40554E-4
188 1.38793E-4
189 1.36993E-4
190 1.3515E-4
191 1.33408E-4
192 1.32062E-4
193 1.30715E-4
194 1.29335E-4
195 1.27924E-4
196 1.26479E-4
197 1.25001E-4
198 1.23489E-4
199 1.21941E-4
200 1.20358E-4
201 1.19045E-4
202 1.18013E-4
203 1.16958E-4
204 1.15878E-4
205 1.14772E-4
206 1.13641E-4
207 1.12483E-4
208 1.11299E-4
209 1.10087E-4
210 1.08847E-4
211 1.07577E-4
212 1.06279E-4
213 1.0495E-4
214 1.0359E-4
215 1.02198E-4
216 1.00774E-4
217 9.93166E-5
218 9.78718E-5
219 9.6849E-5
220 9.59176E-5
221 9.49647E-5
222 9.39896E-5
223 9.29915E-5
224 9.19704E-5
225 9.09256E-5
226 8.98562E-5
227 8.8762E-5
228 8.76424E-5
229 8.64967E-5
230 8.53242E-5
231 8.43224E-5
232 8.35914E-5
233 8.2846E-5
234 8.20834E-5
235 8.13029E-5
236 8.05042E-5
237 7.9687E-5
238 7.88507E-5
239 7.79949E-5
240 7.71193E-5
241 7.62232E-5
242 7.53062E-5
243 7.43679E-5
244 7.34078E-5
245 7.24251E-5
246 7.14197E-5
247 7.03909E-5
248 6.93558E-5
249 6.86043E-5
250 6.79468E-5
251 6.72739E-5
252 6.65855E-5
253 6.58809E-5
254 6.51599E-5
255 6.44222E-5
256 6.36673E-5
257 6.28947E-5
258 6.21042E-5
259 6.12954E-5
260 6.04676E-5
261 5.97061E-5
262 5.91087E-5
263 5.85032E-5
264 5.78837E-5
265 5.72498E-5
266 5.6601E-5
267 5.59371E-5
268 5.52579E-5
269 5.45628E-5
270 5.38523E-5
271 5.32388E-5
272 5.26888E-5
273 5.21259E-5
274 5.15498E-5
275 5.09604E-5
276 5.03574E-5
277 4.98059E-5
278 4.92999E-5
279 4.87823E-5
280 4.82525E-5
281 4.77103E-5
282 4.7173E-5
283 4.66729E-5
284 4.61641E-5
285 4.56434E-5
286 4.51107E-5
287 4.45655E-5
288 4.40076E-5
289 4.34367E-5
290 4.28526E-5
291 4.23004E-5
292 4.18737E-5
293 4.14462E-5
294 4.10088E-5
295 4.05613E-5
296 4.01033E-5
297 3.96346E-5
298 3.9155E-5
299 3.86643E-5
300 3.81621E-5
301 3.77159E-5
302 3.73276E-5
303 3.69303E-5
304 3.65238E-5
305 3.61077E-5
306 3.5682E-5
307 3.52464E-5
308 3.48009E-5
309 3.44039E-5
310 3.4041E-5
311 3.36698E-5
312 3.32898E-5
313 3.2901E-5
314 3.25032E-5
315 3.2102E-5
316 3.17512E-5
317 3.14074E-5
318 3.10557E-5
319 3.06959E-5
320 3.03275E-5
321 2.99619E-5
322 2.96369E-5
323 2.931E-5
324 2.89755E-5
325 2.86331E-5
326 2.82876E-5
327 2.79664E-5
328 2.7644E-5
329 2.73294E-5
330 2.70173E-5
331 2.67222E-5
332 2.64561E-5
333 2.61842E-5
334 2.5906E-5
335 2.56213E-5
336 2.533E-5
337 2.50319E-5
338 2.47268E-5
339 2.44146E-5
340 2.41046E-5
341 2.40874E-5
342 2.42136E-5
343 2.43427E-5
344 2.44749E-5
345 2.46101E-5
346 2.47485E-5
347 2.48901E-5
348 2.5035E-5
349 2.51832E-5
350 2.5335E-5
351 2.54902E-5
352 2.56491E-5
353 2.58117E-5
354 2.5978E-5
355 2.61483E-5
356 2.63225E-5
357 2.65007E-5
358 2.66831E-5
359 2.68698E-5
360 2.70608E-5
361 2.72563E-5
362 2.74563E-5
363 2.7661E-5
364 2.78705E-5
365 2.80848E-5
366 2.8304E-5
367 2.85284E-5
368 2.87582E-5
369 2.89932E-5
370 2.92336E-5
371 2.94797E-5
372 2.97314E-5
373 2.9989E-5
374 3.02527E-5
375 3.05225E-5
376 3.07986E-5
377 3.10811E-5
378 3.13703E-5
379 3.16662E-5
380 3.19689E-5
381 3.22787E-5
382 3.25957E-5
383 3.29199E-5
384 3.32519E-5
385 3.35916E-5
386 3.39392E-5
387 3.42948E-5
388 3.46588E-5
389 3.50312E-5
390 3.54123E-5
391 3.58023E-5
392 3.62014E-5
393 3.66098E-5
394 3.70276E-5
395 3.74553E-5
396 3.78928E-5
397 3.83406E-5
398 3.87988E-5
399 3.92678E-5
400 3.97476E-5
401 4.03466E-5
402 4.10681E-5
403 4.18068E-5
404 4.25625E-5
405 4.37608E-5
406 4.57035E-5
407 4.77029E-5
408 4.97443E-5
409 5.10057E-5
410 5.16857E-5
411 5.23816E-5
412 5.30937E-5
413 5.38223E-5
414 5.4568E-5
415 5.52728E-5
416 5.54181E-5
417 5.54188E-5
418 5.53878E-5
419 5.50469E-5
420 5.46196E-5
421 5.39962E-5
422 5.25525E-5
423 5.09821E-5
424 4.93752E-5
425 4.77309E-5
426 4.60483E-5
427 4.43265E-5
428 4.25645E-5
429 4.07618E-5
430 3.89168E-5
431 3.72228E-5
432 3.57774E-5
433 3.4301E-5
434 3.27901E-5
435 3.12439E-5
436 2.96619E-5
437 2.8043E-5
438 2.63864E-5
439 2.46916E-5
440 2.29817E-5
441 2.20278E-5
442 2.14326E-5
443 2.08233E-5
444 2.01999E-5
445 1.96262E-5
446 2.01661E-5
447 2.16415E-5
448 2.43965E-5
449 2.78778E-5
450 3.16615E-5
451 3.51934E-5
452 3.6625E-5
453 3.7701E-5
454 3.82602E-5
455 3.78305E-5
456 3.71204E-5
457 3.63653E-5
458 3.55928E-5
459 3.45522E-5
460 3.32565E-5
461 3.1896E-5
462 3.04306E-5
463 2.87462E-5
464 2.64418E-5
465 2.41546E-5
466 2.27638E-5
467 2.31224E-5
468 2.36161E-5
469 2.41213E-5
470 2.57223E-5
471 2.98776E-5
472 3.60879E-5
473 4.2844E-5
474 4.86857E-5
475 4.95897E-5
476 4.5747E-5
477 4.14491E-5
478 3.79132E-5
479 3.33236E-5
480 3.1018E-5
481 3.56126E-5
482 4.01714E-5
483 4.35946E-5
484 4.69777E-5
485 4.61839E-5
486 4.16234E-5
487 3.31207E-5
488 2.37914E-5
489 2.3035E-5
490 2.70081E-5
491 3.16624E-5
492 3.59012E-5
493 4.01626E-5
494 4.23827E-5
495 4.13523E-5
496 3.87125E-5
497 3.58275E-5
498 3.29258E-5
499 3.18878E-5
500 3.1685E-5
