1 2.76668E-2
2 2.76668E-2
3 2.76668E-2
4 2.76668E-2
5 2.76668E-2
6 2.76668E-2
7 2.76668E-2
8 2.76668E-2
9 2.76668E-2
10 2.76668E-2
11 2.76668E-2
12 2.76668E-2
13 2.76668E-2
14 2.76668E-2
15 2.76668E-2
16 2.76668E-2
17 2.76668E-2
18 2.76668E-2
19 2.76668E-2
20 2.76668E-2
21 2.76668E-2
22 2.76668E-2
23 2.76668E-2
24 2.76668E-2
25 2.76668E-2
26 2.76668E-2
27 2.76668E-2
28 2.76668E-2
29 2.76668E-2
30 2.76668E-2
31 2.76668E-2
32 2.76668E-2
33 2.76668E-2
34 2.76668E-2
35 2.76668E-2
36 2.76668E-2
37 2.76668E-2
38 2.76668E-2
39 2.76668E-2
40 2.76668E-2
41 2.76668E-2
42 2.76668E-2
43 2.76668E-2
44 2.76668E-2
45 2.76668E-2
46 2.76668E-2
47 2.76668E-2
48 2.76668E-2
49 2.76668E-2
50 2.76668E-2
51 2.76668E-2
52 2.76668E-2
53 2.76668E-2
54 2.76668E-2
55 2.76668E-2
56 2.76668E-2
57 2.76668E-2
58 2.76668E-2
59 2.76668E-2
60 2.76668E-2
61 2.76668E-2
62 2.76668E-2
63 2.76668E-2
64 2.76668E-2
65 2.76668E-2
66 2.76668E-2
67 2.76668E-2
68 2.76668E-2
69 2.76668E-2
70 2.76668E-2
71 2.76668E-2
72 2.76668E-2
73 2.76668E-2
74 2.76668E-2
75 2.76668E-2
76 2.76668E-2
77 2.76668E-2
78 2.76668E-2
79 2.76668E-2
80 2.76668E-2
81 2.76668E-2
82 2.76668E-2
83 2.76668E-2
84 2.76668E-2
85 2.76668E-2
86 2.76668E-2
87 2.76668E-2
88 2.76668E-2
89 2.76668E-2
90 2.76668E-2
91 2.76668E-2
92 2.76668E-2
93 2.76668E-2
94 2.76668E-2
95 2.76668E-2
96 2.76668E-2
97 2.76668E-2
98 2.76668E-2
99 2.76668E-2
100 2.76668E-2
101 2.76668E-2
102 2.76668E-2
103 2.76668E-2
104 2.76668E-2
105 2.76668E-2
106 2.76668E-2
107 2.76668E-2
108 2.76668E-2
109 2.76668E-2
110 2.76668E-2
111 2.76668E-2
112 2.76668E-2
113 2.76668E-2
114 2.76668E-2
115 2.76668E-2
116 2.76668E-2
117 2.76668E-2
118 2.76668E-2
119 2.76668E-2
120 2.76668E-2
121 2.76668E-2
122 2.76668E-2
123 2.76668E-2
124 2.76668E-2
125 2.76668E-2
126 2.76668E-2
127 2.76668E-2
128 2.76668E-2
129 2.76668E-2
130 2.76668E-2
131 2.76668E-2
132 2.76668E-2
133 2.76668E-2
134 2.76668E-2
135 2.76668E-2
136 2.76668E-2
137 2.76668E-2
138 2.76668E-2
139 2.76668E-2
140 2.76668E-2
141 2.76668E-2
142 2.76668E-2
143 2.76668E-2
144 2.76668E-2
145 2.76668E-2
146 2.76668E-2
147 2.76668E-2
148 2.76668E-2
149 2.76668E-2
150 2.76668E-2
151 2.76668E-2
152 2.76668E-2
153 2.76668E-2
154 2.76668E-2
155 2.76668E-2
156 2.76668E-2
157 2.76668E-2
158 2.76668E-2
159 2.76668E-2
160 2.76668E-2
161 2.76668E-2
162 2.76668E-2
163 2.76668E-2
164 2.76668E-2
165 2.76668E-2
166 2.76668E-2
167 2.76668E-2
168 2.76668E-2
169 2.76668E-2
170 2.76668E-2
171 2.76668E-2
172 2.76668E-2
173 2.76668E-2
174 2.76668E-2
175 2.76668E-2
176 2.76668E-2
177 2.76668E-2
178 2.76668E-2
179 2.76668E-2
180 2.76668E-2
181 2.76668E-2
182 2.76668E-2
183 2.76668E-2
184 2.76668E-2
185 2.76668E-2
186 2.76668E-2
187 2.76668E-2
188 2.76668E-2
189 2.76668E-2
190 2.76668E-2
191 2.76668E-2
192 2.76668E-2
193 2.76668E-2
194 2.76668E-2
195 2.76668E-2
196 2.76668E-2
197 2.76668E-2
198 2.76668E-2
199 2.76668E-2
200 2.76668E-2
201 2.76668E-2
202 2.76668E-2
203 2.76668E-2
204 2.76668E-2
205 2.76668E-2
206 2.76668E-2
207 2.76668E-2
208 2.76668E-2
209 2.76668E-2
210 2.76668E-2
211 2.76668E-2
212 2.76668E-2
213 2.76668E-2
214 2.76668E-2
215 2.76668E-2
216 2.76668E-2
217 2.76668E-2
218 2.76668E-2
219 2.76668E-2
220 2.76668E-2
221 2.76668E-2
222 2.76668E-2
223 2.76668E-2
224 2.76668E-2
225 2.76668E-2
226 2.76668E-2
227 2.76668E-2
228 2.76668E-2
229 2.76668E-2
230 2.76668E-2
231 2.76668E-2
232 2.76668E-2
233 2.76668E-2
234 2.76668E-2
235 2.76668E-2
236 2.76668E-2
237 2.76668E-2
238 2.76668E-2
239 2.76668E-2
240 2.74129E-2
241 1.91535E-2
242 7.07481E-3
243 5.00241E-3
244 1.70776E-2
245 2.91518E-2
246 4.1227E-2
247 5.33022E-2
248 6.47846E-2
249 6.6143E-2
250 6.38498E-2
251 6.15567E-2
252 5.92635E-2
253 5.69704E-2
254 5.46759E-2
255 5.23825E-2
256 5.00893E-2
257 4.77962E-2
258 4.5503E-2
259 4.32098E-2
260 4.09166E-2
261 3.86234E-2
262 3.63302E-2
263 3.40369E-2
264 3.17437E-2
265 2.94489E-2
266 2.71551E-2
267 2.48571E-2
268 2.25708E-2
269 2.02789E-2
270 1.79864E-2
271 1.569E-2
272 1.33967E-2
273 1.11032E-2
274 8.80882E-3
275 6.51558E-3
276 4.22427E-3
277 1.92917E-3
278 3.3974E-4
279 1.62641E-3
280 2.41696E-3
281 3.2077E-3
282 3.99894E-3
283 4.79117E-3
284 5.58433E-3
285 6.37752E-3
286 7.16889E-3
287 7.95785E-3
288 8.74772E-3
289 9.54601E-3
290 1.03442E-2
291 1.11388E-2
292 1.19104E-2
293 1.26784E-2
294 1.34526E-2
295 1.42374E-2
296 1.50321E-2
297 1.58269E-2
298 1.66209E-2
299 1.74168E-2
300 1.82151E-2
301 1.89993E-2
302 1.97861E-2
303 2.05806E-2
304 2.13703E-2
305 2.21616E-2
306 2.29529E-2
307 2.37432E-2
308 2.45331E-2
309 2.53248E-2
310 2.61147E-2
311 2.69047E-2
312 2.78391E-2
313 2.93567E-2
314 3.09368E-2
315 3.25161E-2
316 3.40956E-2
317 3.56753E-2
318 3.72575E-2
319 3.88455E-2
320 4.04075E-2
321 4.19825E-2
322 4.35687E-2
323 4.51504E-2
324 4.673E-2
325 4.83114E-2
326 4.98908E-2
327 5.14683E-2
328 5.30586E-2
329 5.46575E-2
330 5.61983E-2
331 5.77836E-2
332 5.93771E-2
333 6.09484E-2
334 6.25248E-2
335 6.75049E-2
336 8.05555E-2
337 9.38831E-2
338 1.07231E-1
339 1.2057E-1
340 1.33872E-1
341 1.47215E-1
342 1.60512E-1
343 1.73736E-1
344 1.87087E-1
345 2.00411E-1
346 2.13719E-1
347 2.27037E-1
348 2.39123E-1
349 2.29808E-1
350 2.12612E-1
351 1.95345E-1
352 1.78414E-1
353 1.78639E-1
354 1.89057E-1
355 1.99467E-1
356 2.09966E-1
357 2.20267E-1
358 2.30726E-1
359 2.41162E-1
360 2.51255E-1
361 2.61628E-1
362 2.72015E-1
363 2.82351E-1
364 2.92181E-1
365 3.02125E-1
366 3.12384E-1
367 3.22683E-1
368 3.32103E-1
369 3.39606E-1
370 3.4745E-1
371 3.55528E-1
372 3.6484E-1
373 3.74189E-1
374 3.83344E-1
375 3.92614E-1
376 4.01819E-1
377 4.1103E-1
378 4.29139E-1
379 4.63956E-1
380 5.04853E-1
381 4.9401E-1
382 3.17303E-1
383 1.8087E-1
384 3.32601E-1
385 4.01843E-1
386 4.15997E-1
387 4.19274E-1
388 4.27782E-1
389 4.27191E-1
390 4.02649E-1
391 3.74476E-1
392 3.46886E-1
393 2.65029E-1
394 4.13923E-1
395 4.6366E-1
396 4.12365E-1
397 4.04123E-1
398 4.26121E-1
399 4.24633E-1
400 4.23173E-1
401 4.21601E-1
402 4.20115E-1
403 4.18796E-1
404 4.1712E-1
405 4.15738E-1
406 4.14244E-1
407 4.12773E-1
408 4.11275E-1
409 4.09789E-1
410 4.083E-1
411 4.06775E-1
412 4.05392E-1
413 4.03865E-1
414 4.02369E-1
415 4.00887E-1
416 3.99374E-1
417 3.97902E-1
418 3.96422E-1
419 3.94949E-1
420 3.93442E-1
421 3.91869E-1
422 3.90487E-1
423 3.88986E-1
424 3.8759E-1
425 3.86005E-1
426 3.84454E-1
427 3.83051E-1
428 3.81646E-1
429 3.81966E-1
430 3.82719E-1
431 3.81185E-1
432 3.75952E-1
433 3.71141E-1
434 3.66086E-1
435 3.60564E-1
436 3.56071E-1
437 3.5109E-1
438 3.45834E-1
439 3.40827E-1
440 3.35739E-1
441 3.30586E-1
442 3.2551E-1
443 3.20723E-1
444 3.15671E-1
445 3.10268E-1
446 3.05951E-1
447 3.01551E-1
448 2.97877E-1
449 3.0192E-1
450 3.08971E-1
451 3.16287E-1
452 3.23448E-1
453 3.30334E-1
454 3.37789E-1
455 3.44187E-1
456 3.51159E-1
457 3.58299E-1
458 3.65555E-1
459 3.68896E-1
460 3.70099E-1
461 3.72351E-1
462 3.77176E-1
463 3.82099E-1
464 3.87307E-1
465 3.91493E-1
466 3.96641E-1
467 4.01803E-1
468 4.06521E-1
469 4.11707E-1
470 4.16588E-1
471 4.36439E-1
472 4.62526E-1
473 4.93237E-1
474 5.18509E-1
475 5.3027E-1
476 5.38018E-1
477 5.458E-1
478 5.53713E-1
479 5.61771E-1
480 5.70873E-1
481 5.79002E-1
482 5.86204E-1
483 5.95221E-1
484 6.0265E-1
485 6.10621E-1
486 6.19089E-1
487 6.27021E-1
488 6.35377E-1
489 6.39039E-1
490 6.41542E-1
491 6.43902E-1
492 6.46357E-1
493 6.48582E-1
494 6.53274E-1
495 6.62848E-1
496 6.72862E-1
497 6.82805E-1
498 6.93208E-1
499 7.0282E-1
500 7.13271E-1
