1 9.95867E-4
2 9.8663E-4
3 9.7718E-4
4 9.67509E-4
5 9.57612E-4
6 9.47485E-4
7 9.37123E-4
8 9.26518E-4
9 9.15667E-4
10 9.04618E-4
11 8.94162E-4
12 8.83747E-4
13 8.73089E-4
14 8.62185E-4
15 8.51025E-4
16 8.39604E-4
17 8.27919E-4
18 8.16284E-4
19 8.07529E-4
20 7.99369E-4
21 7.9102E-4
22 7.82477E-4
23 7.73734E-4
24 7.64787E-4
25 7.55634E-4
26 7.46265E-4
27 7.36678E-4
28 7.2687E-4
29 7.16832E-4
30 7.06559E-4
31 6.97856E-4
32 6.91637E-4
33 6.85296E-4
34 6.78809E-4
35 6.7217E-4
36 6.65376E-4
37 6.58426E-4
38 6.51312E-4
39 6.44032E-4
40 6.36584E-4
41 6.28962E-4
42 6.21161E-4
43 6.1318E-4
44 6.05013E-4
45 5.96654E-4
46 5.88102E-4
47 5.79351E-4
48 5.70547E-4
49 5.64172E-4
50 5.58603E-4
51 5.52903E-4
52 5.47071E-4
53 5.41104E-4
54 5.34996E-4
55 5.28747E-4
56 5.22353E-4
57 5.15809E-4
58 5.09113E-4
59 5.02262E-4
60 4.9525E-4
61 4.89019E-4
62 4.84649E-4
63 4.80242E-4
64 4.75733E-4
65 4.71119E-4
66 4.66396E-4
67 4.61564E-4
68 4.5662E-4
69 4.5156E-4
70 4.46389E-4
71 4.41901E-4
72 4.3786E-4
73 4.33724E-4
74 4.29492E-4
75 4.25161E-4
76 4.2073E-4
77 4.16194E-4
78 4.11575E-4
79 4.07685E-4
80 4.04136E-4
81 4.00504E-4
82 3.96788E-4
83 3.92985E-4
84 3.89093E-4
85 3.8511E-4
86 3.81035E-4
87 3.76866E-4
88 3.72598E-4
89 3.68231E-4
90 3.63763E-4
91 3.59631E-4
92 3.56731E-4
93 3.53853E-4
94 3.50908E-4
95 3.47895E-4
96 3.44812E-4
97 3.41657E-4
98 3.38428E-4
99 3.35124E-4
100 3.31743E-4
101 3.28652E-4
102 3.25861E-4
103 3.23005E-4
104 3.20083E-4
105 3.17092E-4
106 3.14031E-4
107 3.109E-4
108 3.07695E-4
109 3.04416E-4
110 3.01061E-4
111 2.97627E-4
112 2.94113E-4
113 2.90518E-4
114 2.86839E-4
115 2.83314E-4
116 2.80848E-4
117 2.7847E-4
118 2.76036E-4
119 2.73546E-4
120 2.70997E-4
121 2.6839E-4
122 2.65721E-4
123 2.62991E-4
124 2.60197E-4
125 2.57338E-4
126 2.54412E-4
127 2.51418E-4
128 2.48354E-4
129 2.45219E-4
130 2.42011E-4
131 2.39314E-4
132 2.37425E-4
133 2.35499E-4
134 2.33529E-4
135 2.31513E-4
136 2.29449E-4
137 2.27338E-4
138 2.25178E-4
139 2.22967E-4
140 2.20705E-4
141 2.1839E-4
142 2.16021E-4
143 2.13597E-4
144 2.11117E-4
145 2.08579E-4
146 2.05981E-4
147 2.03324E-4
148 2.00661E-4
149 1.98921E-4
150 1.97497E-4
151 1.96041E-4
152 1.9455E-4
153 1.93025E-4
154 1.91464E-4
155 1.89867E-4
156 1.88233E-4
157 1.8656E-4
158 1.84849E-4
159 1.83098E-4
160 1.81306E-4
161 1.79725E-4
162 1.78648E-4
163 1.77562E-4
164 1.76451E-4
165 1.75314E-4
166 1.74151E-4
167 1.7296E-4
168 1.71742E-4
169 1.70496E-4
170 1.69222E-4
171 1.68098E-4
172 1.67072E-4
173 1.66022E-4
174 1.64947E-4
175 1.63847E-4
176 1.62722E-4
177 1.6157E-4
178 1.60405E-4
179 1.59749E-4
180 1.59353E-4
181 1.58947E-4
182 1.58533E-4
183 1.58116E-4
184 1.57741E-4
185 1.57366E-4
186 1.56984E-4
187 1.56592E-4
188 1.56191E-4
189 1.55781E-4
190 1.55361E-4
191 1.55147E-4
192 1.5558E-4
193 1.56066E-4
194 1.56564E-4
195 1.57074E-4
196 1.57595E-4
197 1.58129E-4
198 1.58675E-4
199 1.59214E-4
200 1.59741E-4
201 1.60589E-4
202 1.61768E-4
203 1.62974E-4
204 1.64209E-4
205 1.65473E-4
206 1.66766E-4
207 1.68089E-4
208 1.69447E-4
209 1.7163E-4
210 1.74463E-4
211 1.77394E-4
212 1.81486E-4
213 1.90109E-4
214 1.99404E-4
215 2.08922E-4
216 2.18706E-4
217 2.28731E-4
218 2.3978E-4
219 2.58821E-4
220 2.80273E-4
221 3.0222E-4
222 3.2564E-4
223 3.70631E-4
224 4.36028E-4
225 5.16232E-4
226 6.17526E-4
227 8.48618E-4
228 1.17333E-3
229 1.68643E-3
230 2.45178E-3
231 3.93299E-3
232 6.54731E-3
233 6.74633E-3
234 4.31133E-3
235 2.60156E-3
236 1.38483E-3
237 9.00379E-4
238 6.16037E-4
239 4.47692E-4
240 3.6712E-4
241 3.09083E-4
242 2.5463E-4
243 2.25926E-4
244 2.01077E-4
245 1.82864E-4
246 1.69862E-4
247 1.58498E-4
248 1.51716E-4
249 1.48664E-4
250 1.4688E-4
251 1.45054E-4
252 1.43185E-4
253 1.41274E-4
254 1.39882E-4
255 1.39466E-4
256 1.3906E-4
257 1.38644E-4
258 1.3822E-4
259 1.38699E-4
260 1.40037E-4
261 1.41409E-4
262 1.4282E-4
263 1.44539E-4
264 1.47172E-4
265 1.49935E-4
266 1.52771E-4
267 1.56291E-4
268 1.6158E-4
269 1.68171E-4
270 1.76623E-4
271 1.87005E-4
272 1.99312E-4
273 2.16329E-4
274 2.33062E-4
275 2.46173E-4
276 2.6775E-4
277 2.94217E-4
278 3.21356E-4
279 3.49163E-4
280 3.83791E-4
281 4.33409E-4
282 4.79706E-4
283 5.6277E-4
284 6.79443E-4
285 8.03817E-4
286 9.71061E-4
287 1.32129E-3
288 1.74803E-3
289 2.37066E-3
290 3.54552E-3
291 5.37799E-3
292 8.22162E-3
293 9.36483E-3
294 6.80105E-3
295 4.05113E-3
296 2.79317E-3
297 1.9382E-3
298 1.3296E-3
299 9.11983E-4
300 6.59233E-4
301 5.53648E-4
302 4.59471E-4
303 3.79134E-4
304 3.22021E-4
305 2.6616E-4
306 2.12905E-4
307 1.70247E-4
308 1.42054E-4
309 1.20958E-4
310 1.05333E-4
311 9.30834E-5
312 8.25785E-5
313 7.49632E-5
314 6.86755E-5
315 6.37557E-5
316 6.04024E-5
317 5.74026E-5
318 5.44188E-5
319 5.21346E-5
320 5.06666E-5
321 4.9935E-5
322 4.92137E-5
323 4.90011E-5
324 4.93609E-5
325 5.016E-5
326 5.11675E-5
327 5.34488E-5
328 5.60285E-5
329 5.92053E-5
330 6.27967E-5
331 6.72185E-5
332 7.28499E-5
333 7.93106E-5
334 8.74559E-5
335 9.58568E-5
336 1.05781E-4
337 1.18865E-4
338 1.33866E-4
339 1.48857E-4
340 1.61192E-4
341 1.7045E-4
342 1.74099E-4
343 1.7023E-4
344 1.59253E-4
345 1.43463E-4
346 1.2725E-4
347 1.12768E-4
348 9.74896E-5
349 8.12489E-5
350 7.45402E-5
351 6.54889E-5
352 5.84176E-5
353 5.30233E-5
354 4.89498E-5
355 4.68539E-5
356 4.65374E-5
357 4.91278E-5
358 5.52604E-5
359 6.59921E-5
360 8.73636E-5
361 1.30938E-4
362 2.18992E-4
363 3.76055E-4
364 4.65435E-4
365 3.05371E-4
366 1.60407E-4
367 1.83122E-3
368 2.17561E-3
369 2.13006E-3
370 2.08343E-3
371 2.03573E-3
372 1.98692E-3
373 1.93718E-3
374 1.89601E-3
375 1.85924E-3
376 1.82161E-3
377 1.78312E-3
378 1.74372E-3
379 1.7034E-3
380 1.66214E-3
381 1.61993E-3
382 1.57673E-3
383 1.53927E-3
384 1.51035E-3
385 1.4808E-3
386 1.45057E-3
387 1.41963E-3
388 1.38799E-3
389 1.35559E-3
390 1.32244E-3
391 1.28852E-3
392 1.25594E-3
393 1.23088E-3
394 1.20605E-3
395 1.18065E-3
396 1.15466E-3
397 1.12807E-3
398 1.10084E-3
399 1.07298E-3
400 1.04448E-3
401 1.02059E-3
402 1.00145E-3
403 9.81867E-4
404 9.61833E-4
405 9.41335E-4
406 9.20356E-4
407 8.98892E-4
408 8.76921E-4
409 8.54438E-4
410 8.31805E-4
411 8.14192E-4
412 7.98038E-4
413 7.81514E-4
414 7.64604E-4
415 7.47295E-4
416 7.29586E-4
417 7.11467E-4
418 6.92923E-4
419 6.76029E-4
420 6.62846E-4
421 6.49464E-4
422 6.35772E-4
423 6.21759E-4
424 6.0742E-4
425 5.92747E-4
426 5.77733E-4
427 5.64655E-4
428 5.53644E-4
429 5.42375E-4
430 5.30844E-4
431 5.19045E-4
432 5.06971E-4
433 4.94615E-4
434 4.81976E-4
435 4.69034E-4
436 4.5665E-4
437 4.47666E-4
438 4.38894E-4
439 4.29918E-4
440 4.20732E-4
441 4.11333E-4
442 4.01715E-4
443 3.92477E-4
444 3.86509E-4
445 3.80959E-4
446 3.75281E-4
447 3.6947E-4
448 3.641E-4
449 3.61188E-4
450 3.5852E-4
451 3.55789E-4
452 3.52995E-4
453 3.50135E-4
454 3.47209E-4
455 3.44215E-4
456 3.41152E-4
457 3.37436E-4
458 3.25678E-4
459 3.24173E-4
460 3.22831E-4
461 3.21458E-4
462 3.20053E-4
463 3.18616E-4
464 3.17145E-4
465 3.15639E-4
466 3.14099E-4
467 3.12522E-4
468 3.10909E-4
469 3.09258E-4
470 3.07569E-4
471 3.05841E-4
472 3.04072E-4
473 3.02262E-4
474 3.00485E-4
475 3E-4
476 3E-4
477 3E-4
478 3E-4
479 3E-4
480 3E-4
481 3E-4
482 3E-4
483 3E-4
484 3E-4
485 3E-4
486 3E-4
487 3E-4
488 3E-4
489 3E-4
490 3E-4
491 3E-4
492 3E-4
493 3E-4
494 3E-4
495 3E-4
496 3E-4
497 3E-4
498 3E-4
499 3E-4
500 3E-4
