1 9.95708E-4
2 9.86488E-4
3 9.77055E-4
4 9.67402E-4
5 9.57523E-4
6 9.47415E-4
7 9.37072E-4
8 9.26486E-4
9 9.15656E-4
10 9.04626E-4
11 8.94175E-4
12 8.83759E-4
13 8.731E-4
14 8.62195E-4
15 8.51034E-4
16 8.39613E-4
17 8.27927E-4
18 8.1629E-4
19 8.07529E-4
20 7.99361E-4
21 7.91004E-4
22 7.82453E-4
23 7.73701E-4
24 7.64745E-4
25 7.55583E-4
26 7.46205E-4
27 7.36609E-4
28 7.26791E-4
29 7.16742E-4
30 7.0646E-4
31 6.9775E-4
32 6.9153E-4
33 6.85188E-4
34 6.78701E-4
35 6.72061E-4
36 6.65266E-4
37 6.58315E-4
38 6.512E-4
39 6.43919E-4
40 6.3647E-4
41 6.28847E-4
42 6.21045E-4
43 6.13063E-4
44 6.04895E-4
45 5.96536E-4
46 5.87982E-4
47 5.7923E-4
48 5.70425E-4
49 5.64052E-4
50 5.58485E-4
51 5.52788E-4
52 5.46959E-4
53 5.40994E-4
54 5.34889E-4
55 5.28644E-4
56 5.22252E-4
57 5.15711E-4
58 5.09019E-4
59 5.02171E-4
60 4.95162E-4
61 4.88934E-4
62 4.8457E-4
63 4.80168E-4
64 4.75663E-4
65 4.71054E-4
66 4.66337E-4
67 4.61511E-4
68 4.56572E-4
69 4.51518E-4
70 4.46353E-4
71 4.41868E-4
72 4.37827E-4
73 4.33692E-4
74 4.2946E-4
75 4.25129E-4
76 4.20699E-4
77 4.16164E-4
78 4.11545E-4
79 4.07656E-4
80 4.04107E-4
81 4.00474E-4
82 3.96758E-4
83 3.92955E-4
84 3.89063E-4
85 3.8508E-4
86 3.81005E-4
87 3.76835E-4
88 3.72567E-4
89 3.68201E-4
90 3.63732E-4
91 3.596E-4
92 3.56702E-4
93 3.53827E-4
94 3.50884E-4
95 3.47873E-4
96 3.44792E-4
97 3.41638E-4
98 3.38412E-4
99 3.3511E-4
100 3.31732E-4
101 3.28641E-4
102 3.25849E-4
103 3.22993E-4
104 3.2007E-4
105 3.17078E-4
106 3.14017E-4
107 3.10884E-4
108 3.07679E-4
109 3.04399E-4
110 3.01043E-4
111 2.97608E-4
112 2.94093E-4
113 2.90497E-4
114 2.86816E-4
115 2.83291E-4
116 2.80824E-4
117 2.78447E-4
118 2.76014E-4
119 2.73523E-4
120 2.70976E-4
121 2.68368E-4
122 2.657E-4
123 2.6297E-4
124 2.60177E-4
125 2.57318E-4
126 2.54392E-4
127 2.51399E-4
128 2.48336E-4
129 2.45201E-4
130 2.41993E-4
131 2.39297E-4
132 2.37408E-4
133 2.35482E-4
134 2.33513E-4
135 2.31497E-4
136 2.29434E-4
137 2.27324E-4
138 2.25164E-4
139 2.22953E-4
140 2.20692E-4
141 2.18378E-4
142 2.16009E-4
143 2.13586E-4
144 2.11106E-4
145 2.08568E-4
146 2.05972E-4
147 2.03315E-4
148 2.00652E-4
149 1.98913E-4
150 1.97489E-4
151 1.96033E-4
152 1.94542E-4
153 1.93017E-4
154 1.91456E-4
155 1.89859E-4
156 1.88225E-4
157 1.86553E-4
158 1.84842E-4
159 1.83091E-4
160 1.81299E-4
161 1.79719E-4
162 1.78641E-4
163 1.77556E-4
164 1.76446E-4
165 1.7531E-4
166 1.74147E-4
167 1.72957E-4
168 1.71739E-4
169 1.70493E-4
170 1.6922E-4
171 1.68096E-4
172 1.67069E-4
173 1.66019E-4
174 1.64943E-4
175 1.63843E-4
176 1.62717E-4
177 1.61564E-4
178 1.60399E-4
179 1.59743E-4
180 1.59348E-4
181 1.58944E-4
182 1.58531E-4
183 1.58115E-4
184 1.57739E-4
185 1.57365E-4
186 1.56981E-4
187 1.56589E-4
188 1.56187E-4
189 1.55776E-4
190 1.55356E-4
191 1.55141E-4
192 1.55575E-4
193 1.56062E-4
194 1.56561E-4
195 1.57071E-4
196 1.57593E-4
197 1.58128E-4
198 1.58675E-4
199 1.59213E-4
200 1.59738E-4
201 1.60585E-4
202 1.61764E-4
203 1.6297E-4
204 1.64204E-4
205 1.65467E-4
206 1.6676E-4
207 1.68082E-4
208 1.6944E-4
209 1.71626E-4
210 1.74459E-4
211 1.77376E-4
212 1.81457E-4
213 1.90089E-4
214 1.99393E-4
215 2.08919E-4
216 2.18691E-4
217 2.287E-4
218 2.39732E-4
219 2.58753E-4
220 2.80183E-4
221 3.02108E-4
222 3.25507E-4
223 3.7051E-4
224 4.3596E-4
225 5.16085E-4
226 6.17016E-4
227 8.48448E-4
228 1.17252E-3
229 1.68611E-3
230 2.45058E-3
231 3.93117E-3
232 6.55323E-3
233 6.74976E-3
234 4.30599E-3
235 2.60051E-3
236 1.38193E-3
237 8.99659E-4
238 6.1562E-4
239 4.47385E-4
240 3.67003E-4
241 3.09049E-4
242 2.54517E-4
243 2.25831E-4
244 2.01017E-4
245 1.82824E-4
246 1.69832E-4
247 1.58476E-4
248 1.51698E-4
249 1.48648E-4
250 1.46866E-4
251 1.45042E-4
252 1.43176E-4
253 1.41267E-4
254 1.3988E-4
255 1.39464E-4
256 1.39057E-4
257 1.38641E-4
258 1.38215E-4
259 1.38695E-4
260 1.40036E-4
261 1.41409E-4
262 1.42818E-4
263 1.44536E-4
264 1.47171E-4
265 1.49934E-4
266 1.52767E-4
267 1.56289E-4
268 1.6158E-4
269 1.68163E-4
270 1.76616E-4
271 1.87001E-4
272 1.993E-4
273 2.16331E-4
274 2.33069E-4
275 2.46152E-4
276 2.67737E-4
277 2.94217E-4
278 3.21347E-4
279 3.4913E-4
280 3.83755E-4
281 4.33408E-4
282 4.7961E-4
283 5.62712E-4
284 6.79442E-4
285 8.03781E-4
286 9.70765E-4
287 1.32109E-3
288 1.74783E-3
289 2.37043E-3
290 3.5451E-3
291 5.37665E-3
292 8.22266E-3
293 9.36677E-3
294 6.80136E-3
295 4.04972E-3
296 2.79288E-3
297 1.938E-3
298 1.3294E-3
299 9.11915E-4
300 6.59089E-4
301 5.53643E-4
302 4.59441E-4
303 3.79073E-4
304 3.2199E-4
305 2.66153E-4
306 2.12886E-4
307 1.70206E-4
308 1.42026E-4
309 1.20941E-4
310 1.05323E-4
311 9.30757E-5
312 8.25719E-5
313 7.49583E-5
314 6.86717E-5
315 6.37523E-5
316 6.04008E-5
317 5.74025E-5
318 5.44178E-5
319 5.21342E-5
320 5.06661E-5
321 4.9935E-5
322 4.92129E-5
323 4.90006E-5
324 4.93602E-5
325 5.01595E-5
326 5.11657E-5
327 5.34483E-5
328 5.60282E-5
329 5.92053E-5
330 6.27966E-5
331 6.72182E-5
332 7.28499E-5
333 7.931E-5
334 8.74559E-5
335 9.58564E-5
336 1.05776E-4
337 1.1886E-4
338 1.33867E-4
339 1.48859E-4
340 1.61194E-4
341 1.70454E-4
342 1.741E-4
343 1.70233E-4
344 1.59254E-4
345 1.43462E-4
346 1.27246E-4
347 1.12766E-4
348 9.74894E-5
349 8.12395E-5
350 7.45411E-5
351 6.54876E-5
352 5.84164E-5
353 5.30213E-5
354 4.89482E-5
355 4.68518E-5
356 4.65365E-5
357 4.91271E-5
358 5.52598E-5
359 6.59901E-5
360 8.73596E-5
361 1.3093E-4
362 2.18972E-4
363 3.76056E-4
364 4.6549E-4
365 3.05351E-4
366 1.60121E-4
367 1.83251E-3
368 2.17561E-3
369 2.13006E-3
370 2.08343E-3
371 2.03573E-3
372 1.98692E-3
373 1.93718E-3
374 1.89601E-3
375 1.85924E-3
376 1.82161E-3
377 1.78312E-3
378 1.74372E-3
379 1.7034E-3
380 1.66214E-3
381 1.61993E-3
382 1.57673E-3
383 1.53927E-3
384 1.51035E-3
385 1.4808E-3
386 1.45057E-3
387 1.41963E-3
388 1.38799E-3
389 1.35559E-3
390 1.32244E-3
391 1.28852E-3
392 1.25594E-3
393 1.23088E-3
394 1.20605E-3
395 1.18065E-3
396 1.15466E-3
397 1.12807E-3
398 1.10084E-3
399 1.07298E-3
400 1.04448E-3
401 1.02059E-3
402 1.00145E-3
403 9.81867E-4
404 9.61833E-4
405 9.41335E-4
406 9.20356E-4
407 8.98892E-4
408 8.76921E-4
409 8.54438E-4
410 8.31805E-4
411 8.14192E-4
412 7.98038E-4
413 7.81514E-4
414 7.64604E-4
415 7.47295E-4
416 7.29586E-4
417 7.11467E-4
418 6.92923E-4
419 6.76029E-4
420 6.62846E-4
421 6.49464E-4
422 6.35772E-4
423 6.21759E-4
424 6.0742E-4
425 5.92747E-4
426 5.77733E-4
427 5.64655E-4
428 5.53644E-4
429 5.42375E-4
430 5.30844E-4
431 5.19045E-4
432 5.06971E-4
433 4.94615E-4
434 4.81976E-4
435 4.69034E-4
436 4.5665E-4
437 4.47666E-4
438 4.38894E-4
439 4.29918E-4
440 4.20732E-4
441 4.11333E-4
442 4.01715E-4
443 3.92477E-4
444 3.86509E-4
445 3.80959E-4
446 3.75281E-4
447 3.6947E-4
448 3.641E-4
449 3.61188E-4
450 3.5852E-4
451 3.55789E-4
452 3.52995E-4
453 3.50135E-4
454 3.47209E-4
455 3.44215E-4
456 3.41152E-4
457 3.37436E-4
458 3.25678E-4
459 3.24173E-4
460 3.22831E-4
461 3.21458E-4
462 3.20053E-4
463 3.18616E-4
464 3.17145E-4
465 3.15639E-4
466 3.14099E-4
467 3.12522E-4
468 3.10909E-4
469 3.09258E-4
470 3.07569E-4
471 3.05841E-4
472 3.04072E-4
473 3.02262E-4
474 3.00485E-4
475 3E-4
476 3E-4
477 3E-4
478 3E-4
479 3E-4
480 3E-4
481 3E-4
482 3E-4
483 3E-4
484 3E-4
485 3E-4
486 3E-4
487 3E-4
488 3E-4
489 3E-4
490 3E-4
491 3E-4
492 3E-4
493 3E-4
494 3E-4
495 3E-4
496 3E-4
497 3E-4
498 3E-4
499 3E-4
500 3E-4
