1 9.95973E-4
2 9.86724E-4
3 9.77262E-4
4 9.67579E-4
5 9.57668E-4
6 9.47529E-4
7 9.37154E-4
8 9.26535E-4
9 9.1567E-4
10 9.04608E-4
11 8.94149E-4
12 8.83735E-4
13 8.73077E-4
14 8.62174E-4
15 8.51015E-4
16 8.39595E-4
17 8.27911E-4
18 8.16237E-4
19 8.07057E-4
20 7.98364E-4
21 7.89469E-4
22 7.80367E-4
23 7.71052E-4
24 7.61521E-4
25 7.52064E-4
26 7.43266E-4
27 7.3432E-4
28 7.25164E-4
29 7.15797E-4
30 7.06211E-4
31 6.97924E-4
32 6.91709E-4
33 6.85369E-4
34 6.78883E-4
35 6.72244E-4
36 6.65451E-4
37 6.58501E-4
38 6.51388E-4
39 6.44108E-4
40 6.36661E-4
41 6.29039E-4
42 6.21239E-4
43 6.13259E-4
44 6.05093E-4
45 5.96735E-4
46 5.88183E-4
47 5.79433E-4
48 5.7063E-4
49 5.64254E-4
50 5.58682E-4
51 5.52981E-4
52 5.47147E-4
53 5.41178E-4
54 5.35068E-4
55 5.28818E-4
56 5.22422E-4
57 5.15875E-4
58 5.09177E-4
59 5.02324E-4
60 4.9531E-4
61 4.89076E-4
62 4.84703E-4
63 4.80293E-4
64 4.7578E-4
65 4.71162E-4
66 4.66436E-4
67 4.616E-4
68 4.56652E-4
69 4.51589E-4
70 4.46413E-4
71 4.41924E-4
72 4.37882E-4
73 4.33746E-4
74 4.29513E-4
75 4.25182E-4
76 4.20751E-4
77 4.16215E-4
78 4.11595E-4
79 4.07705E-4
80 4.04157E-4
81 4.00525E-4
82 3.96808E-4
83 3.93005E-4
84 3.89114E-4
85 3.85131E-4
86 3.81056E-4
87 3.76886E-4
88 3.72619E-4
89 3.68252E-4
90 3.63784E-4
91 3.59651E-4
92 3.56751E-4
93 3.53872E-4
94 3.50925E-4
95 3.47911E-4
96 3.44826E-4
97 3.41669E-4
98 3.38439E-4
99 3.35134E-4
100 3.31751E-4
101 3.28659E-4
102 3.25868E-4
103 3.23013E-4
104 3.20091E-4
105 3.17101E-4
106 3.14042E-4
107 3.10911E-4
108 3.07707E-4
109 3.04428E-4
110 3.01074E-4
111 2.9764E-4
112 2.94127E-4
113 2.90533E-4
114 2.86854E-4
115 2.8333E-4
116 2.80863E-4
117 2.78485E-4
118 2.76052E-4
119 2.73561E-4
120 2.71012E-4
121 2.68405E-4
122 2.65736E-4
123 2.63005E-4
124 2.60211E-4
125 2.57351E-4
126 2.54425E-4
127 2.51431E-4
128 2.48367E-4
129 2.45232E-4
130 2.42024E-4
131 2.39326E-4
132 2.37436E-4
133 2.3551E-4
134 2.3354E-4
135 2.31524E-4
136 2.2946E-4
137 2.27349E-4
138 2.25188E-4
139 2.22977E-4
140 2.20714E-4
141 2.18399E-4
142 2.1603E-4
143 2.13605E-4
144 2.11125E-4
145 2.08586E-4
146 2.05988E-4
147 2.0333E-4
148 2.00667E-4
149 1.98927E-4
150 1.97503E-4
151 1.96046E-4
152 1.94556E-4
153 1.9303E-4
154 1.91469E-4
155 1.89872E-4
156 1.88238E-4
157 1.86565E-4
158 1.84854E-4
159 1.83103E-4
160 1.8131E-4
161 1.7973E-4
162 1.78652E-4
163 1.77566E-4
164 1.76455E-4
165 1.75317E-4
166 1.74154E-4
167 1.72963E-4
168 1.71745E-4
169 1.70498E-4
170 1.69223E-4
171 1.681E-4
172 1.67074E-4
173 1.66024E-4
174 1.64949E-4
175 1.6385E-4
176 1.62725E-4
177 1.61574E-4
178 1.60409E-4
179 1.59752E-4
180 1.59356E-4
181 1.58949E-4
182 1.58534E-4
183 1.58116E-4
184 1.57741E-4
185 1.57368E-4
186 1.56985E-4
187 1.56594E-4
188 1.56194E-4
189 1.55784E-4
190 1.55365E-4
191 1.55151E-4
192 1.55584E-4
193 1.5607E-4
194 1.56567E-4
195 1.57076E-4
196 1.57597E-4
197 1.5813E-4
198 1.58675E-4
199 1.59214E-4
200 1.59743E-4
201 1.60591E-4
202 1.61771E-4
203 1.62978E-4
204 1.64213E-4
205 1.65477E-4
206 1.6677E-4
207 1.68093E-4
208 1.69453E-4
209 1.71633E-4
210 1.74466E-4
211 1.77406E-4
212 1.81505E-4
213 1.90124E-4
214 1.99412E-4
215 2.08924E-4
216 2.18716E-4
217 2.28753E-4
218 2.39814E-4
219 2.58869E-4
220 2.80335E-4
221 3.02297E-4
222 3.25731E-4
223 3.70714E-4
224 4.36076E-4
225 5.16334E-4
226 6.17878E-4
227 8.48736E-4
228 1.17389E-3
229 1.68666E-3
230 2.45261E-3
231 3.93432E-3
232 6.54324E-3
233 6.74396E-3
234 4.31499E-3
235 2.60228E-3
236 1.38682E-3
237 9.00874E-4
238 6.16323E-4
239 4.47904E-4
240 3.67201E-4
241 3.09107E-4
242 2.54708E-4
243 2.25992E-4
244 2.01119E-4
245 1.82891E-4
246 1.69883E-4
247 1.58514E-4
248 1.51729E-4
249 1.48675E-4
250 1.46889E-4
251 1.45061E-4
252 1.43192E-4
253 1.41278E-4
254 1.39883E-4
255 1.39467E-4
256 1.39062E-4
257 1.38647E-4
258 1.38223E-4
259 1.38702E-4
260 1.40038E-4
261 1.4141E-4
262 1.42822E-4
263 1.44541E-4
264 1.47173E-4
265 1.49936E-4
266 1.52773E-4
267 1.56293E-4
268 1.61581E-4
269 1.68176E-4
270 1.76629E-4
271 1.87008E-4
272 1.9932E-4
273 2.16328E-4
274 2.33058E-4
275 2.46188E-4
276 2.6776E-4
277 2.94217E-4
278 3.21363E-4
279 3.49186E-4
280 3.83816E-4
281 4.33411E-4
282 4.79773E-4
283 5.6281E-4
284 6.79443E-4
285 8.03841E-4
286 9.71265E-4
287 1.32143E-3
288 1.74816E-3
289 2.37081E-3
290 3.54582E-3
291 5.37891E-3
292 8.2209E-3
293 9.36342E-3
294 6.80083E-3
295 4.0521E-3
296 2.79337E-3
297 1.93833E-3
298 1.32973E-3
299 9.1203E-4
300 6.59332E-4
301 5.53652E-4
302 4.59492E-4
303 3.79177E-4
304 3.22043E-4
305 2.66164E-4
306 2.12918E-4
307 1.70275E-4
308 1.42073E-4
309 1.2097E-4
310 1.0534E-4
311 9.30888E-5
312 8.2583E-5
313 7.49666E-5
314 6.86782E-5
315 6.37581E-5
316 6.04035E-5
317 5.74026E-5
318 5.44194E-5
319 5.21349E-5
320 5.06669E-5
321 4.99351E-5
322 4.92143E-5
323 4.90014E-5
324 4.93614E-5
325 5.01604E-5
326 5.11688E-5
327 5.34491E-5
328 5.60286E-5
329 5.92054E-5
330 6.27967E-5
331 6.72187E-5
332 7.28499E-5
333 7.9311E-5
334 8.74559E-5
335 9.58571E-5
336 1.05785E-4
337 1.18868E-4
338 1.33866E-4
339 1.48856E-4
340 1.6119E-4
341 1.70447E-4
342 1.74098E-4
343 1.70228E-4
344 1.59253E-4
345 1.43463E-4
346 1.27253E-4
347 1.12769E-4
348 9.74898E-5
349 8.12553E-5
350 7.45396E-5
351 6.54899E-5
352 5.84184E-5
353 5.30246E-5
354 4.89509E-5
355 4.68553E-5
356 4.65379E-5
357 4.91283E-5
358 5.52608E-5
359 6.59936E-5
360 8.73664E-5
361 1.30943E-4
362 2.19005E-4
363 3.76053E-4
364 4.65397E-4
365 3.05384E-4
366 1.59765E-4
367 1.82847E-3
368 2.17561E-3
369 2.13006E-3
370 2.08343E-3
371 2.03573E-3
372 1.98692E-3
373 1.93718E-3
374 1.89601E-3
375 1.85924E-3
376 1.82161E-3
377 1.78312E-3
378 1.74372E-3
379 1.7034E-3
380 1.66214E-3
381 1.61993E-3
382 1.57673E-3
383 1.53927E-3
384 1.51035E-3
385 1.4808E-3
386 1.45057E-3
387 1.41963E-3
388 1.38799E-3
389 1.35559E-3
390 1.32244E-3
391 1.28852E-3
392 1.25594E-3
393 1.23088E-3
394 1.20605E-3
395 1.18065E-3
396 1.15466E-3
397 1.12807E-3
398 1.10084E-3
399 1.07298E-3
400 1.04448E-3
401 1.02059E-3
402 1.00145E-3
403 9.81867E-4
404 9.61833E-4
405 9.41335E-4
406 9.20356E-4
407 8.98892E-4
408 8.76921E-4
409 8.54438E-4
410 8.31805E-4
411 8.14192E-4
412 7.98038E-4
413 7.81514E-4
414 7.64604E-4
415 7.47295E-4
416 7.29586E-4
417 7.11467E-4
418 6.92923E-4
419 6.76029E-4
420 6.62846E-4
421 6.49464E-4
422 6.35772E-4
423 6.21759E-4
424 6.0742E-4
425 5.92747E-4
426 5.77733E-4
427 5.64655E-4
428 5.53644E-4
429 5.42375E-4
430 5.30844E-4
431 5.19045E-4
432 5.06971E-4
433 4.94615E-4
434 4.81976E-4
435 4.69034E-4
436 4.5665E-4
437 4.47666E-4
438 4.38894E-4
439 4.29918E-4
440 4.20732E-4
441 4.11333E-4
442 4.01715E-4
443 3.92477E-4
444 3.86509E-4
445 3.80959E-4
446 3.75281E-4
447 3.6947E-4
448 3.641E-4
449 3.61188E-4
450 3.5852E-4
451 3.55789E-4
452 3.52995E-4
453 3.50135E-4
454 3.47209E-4
455 3.44215E-4
456 3.41152E-4
457 3.37436E-4
458 3.25678E-4
459 3.24173E-4
460 3.22831E-4
461 3.21458E-4
462 3.20053E-4
463 3.18616E-4
464 3.17145E-4
465 3.15639E-4
466 3.14099E-4
467 3.12522E-4
468 3.10909E-4
469 3.09258E-4
470 3.07569E-4
471 3.05841E-4
472 3.04072E-4
473 3.02262E-4
474 3.00485E-4
475 3E-4
476 3E-4
477 3E-4
478 3E-4
479 3E-4
480 3E-4
481 3E-4
482 3E-4
483 3E-4
484 3E-4
485 3E-4
486 3E-4
487 3E-4
488 3E-4
489 3E-4
490 3E-4
491 3E-4
492 3E-4
493 3E-4
494 3E-4
495 3E-4
496 3E-4
497 3E-4
498 3E-4
499 3E-4
500 3E-4
