1 9.95924E-4
2 9.86681E-4
3 9.77225E-4
4 9.67547E-4
5 9.57643E-4
6 9.47509E-4
7 9.3714E-4
8 9.26528E-4
9 9.15669E-4
10 9.04613E-4
11 8.94156E-4
12 8.83741E-4
13 8.73083E-4
14 8.62179E-4
15 8.5102E-4
16 8.39599E-4
17 8.27915E-4
18 8.1628E-4
19 8.07528E-4
20 7.99371E-4
21 7.91025E-4
22 7.82486E-4
23 7.73745E-4
24 7.64802E-4
25 7.55652E-4
26 7.46286E-4
27 7.36703E-4
28 7.26898E-4
29 7.16864E-4
30 7.06595E-4
31 6.97894E-4
32 6.91675E-4
33 6.85335E-4
34 6.78848E-4
35 6.7221E-4
36 6.65416E-4
37 6.58466E-4
38 6.51352E-4
39 6.44073E-4
40 6.36625E-4
41 6.29003E-4
42 6.21203E-4
43 6.13222E-4
44 6.05055E-4
45 5.96697E-4
46 5.88145E-4
47 5.79395E-4
48 5.70591E-4
49 5.64216E-4
50 5.58645E-4
51 5.52944E-4
52 5.47112E-4
53 5.41143E-4
54 5.35035E-4
55 5.28785E-4
56 5.2239E-4
57 5.15844E-4
58 5.09147E-4
59 5.02295E-4
60 4.95282E-4
61 4.89049E-4
62 4.84678E-4
63 4.80269E-4
64 4.75758E-4
65 4.71142E-4
66 4.66417E-4
67 4.61583E-4
68 4.56637E-4
69 4.51575E-4
70 4.46402E-4
71 4.41914E-4
72 4.37872E-4
73 4.33736E-4
74 4.29503E-4
75 4.25172E-4
76 4.20741E-4
77 4.16205E-4
78 4.11586E-4
79 4.07696E-4
80 4.04147E-4
81 4.00515E-4
82 3.96798E-4
83 3.92996E-4
84 3.89104E-4
85 3.85121E-4
86 3.81046E-4
87 3.76877E-4
88 3.72609E-4
89 3.68242E-4
90 3.63775E-4
91 3.59642E-4
92 3.56741E-4
93 3.53863E-4
94 3.50917E-4
95 3.47903E-4
96 3.4482E-4
97 3.41663E-4
98 3.38434E-4
99 3.35129E-4
100 3.31747E-4
101 3.28656E-4
102 3.25865E-4
103 3.23009E-4
104 3.20087E-4
105 3.17097E-4
106 3.14037E-4
107 3.10906E-4
108 3.07701E-4
109 3.04423E-4
110 3.01068E-4
111 2.97634E-4
112 2.94121E-4
113 2.90526E-4
114 2.86847E-4
115 2.83323E-4
116 2.80856E-4
117 2.78478E-4
118 2.76044E-4
119 2.73554E-4
120 2.71005E-4
121 2.68398E-4
122 2.65729E-4
123 2.62998E-4
124 2.60204E-4
125 2.57345E-4
126 2.54419E-4
127 2.51425E-4
128 2.48361E-4
129 2.45226E-4
130 2.42018E-4
131 2.3932E-4
132 2.37431E-4
133 2.35505E-4
134 2.33535E-4
135 2.31519E-4
136 2.29455E-4
137 2.27344E-4
138 2.25183E-4
139 2.22972E-4
140 2.2071E-4
141 2.18395E-4
142 2.16026E-4
143 2.13602E-4
144 2.11121E-4
145 2.08582E-4
146 2.05985E-4
147 2.03327E-4
148 2.00664E-4
149 1.98924E-4
150 1.975E-4
151 1.96044E-4
152 1.94553E-4
153 1.93028E-4
154 1.91467E-4
155 1.8987E-4
156 1.88236E-4
157 1.86563E-4
158 1.84852E-4
159 1.831E-4
160 1.81308E-4
161 1.79728E-4
162 1.7865E-4
163 1.77564E-4
164 1.76453E-4
165 1.75316E-4
166 1.74152E-4
167 1.72962E-4
168 1.71744E-4
169 1.70497E-4
170 1.69222E-4
171 1.68099E-4
172 1.67073E-4
173 1.66023E-4
174 1.64948E-4
175 1.63848E-4
176 1.62723E-4
177 1.61572E-4
178 1.60407E-4
179 1.59751E-4
180 1.59354E-4
181 1.58949E-4
182 1.58533E-4
183 1.58116E-4
184 1.57741E-4
185 1.57367E-4
186 1.56985E-4
187 1.56593E-4
188 1.56193E-4
189 1.55783E-4
190 1.55363E-4
191 1.5515E-4
192 1.55582E-4
193 1.56068E-4
194 1.56566E-4
195 1.57075E-4
196 1.57596E-4
197 1.58129E-4
198 1.58675E-4
199 1.59214E-4
200 1.59742E-4
201 1.6059E-4
202 1.6177E-4
203 1.62976E-4
204 1.64211E-4
205 1.65475E-4
206 1.66768E-4
207 1.68091E-4
208 1.6945E-4
209 1.71631E-4
210 1.74465E-4
211 1.77401E-4
212 1.81496E-4
213 1.90117E-4
214 1.99408E-4
215 2.08923E-4
216 2.18711E-4
217 2.28743E-4
218 2.39798E-4
219 2.58846E-4
220 2.80306E-4
221 3.02261E-4
222 3.25688E-4
223 3.70675E-4
224 4.36054E-4
225 5.16286E-4
226 6.17713E-4
227 8.48681E-4
228 1.17363E-3
229 1.68655E-3
230 2.45222E-3
231 3.93369E-3
232 6.54514E-3
233 6.74507E-3
234 4.31327E-3
235 2.60194E-3
236 1.38589E-3
237 9.00643E-4
238 6.16189E-4
239 4.47805E-4
240 3.67163E-4
241 3.09096E-4
242 2.54671E-4
243 2.25961E-4
244 2.011E-4
245 1.82878E-4
246 1.69873E-4
247 1.58507E-4
248 1.51723E-4
249 1.4867E-4
250 1.46885E-4
251 1.45058E-4
252 1.43189E-4
253 1.41276E-4
254 1.39882E-4
255 1.39467E-4
256 1.39061E-4
257 1.38646E-4
258 1.38221E-4
259 1.387E-4
260 1.40038E-4
261 1.4141E-4
262 1.42821E-4
263 1.4454E-4
264 1.47173E-4
265 1.49936E-4
266 1.52772E-4
267 1.56292E-4
268 1.61581E-4
269 1.68173E-4
270 1.76626E-4
271 1.87007E-4
272 1.99316E-4
273 2.16329E-4
274 2.3306E-4
275 2.46181E-4
276 2.67755E-4
277 2.94217E-4
278 3.2136E-4
279 3.49176E-4
280 3.83804E-4
281 4.3341E-4
282 4.79742E-4
283 5.62791E-4
284 6.79443E-4
285 8.0383E-4
286 9.71169E-4
287 1.32136E-3
288 1.7481E-3
289 2.37074E-3
290 3.54568E-3
291 5.37848E-3
292 8.22124E-3
293 9.36409E-3
294 6.80094E-3
295 4.05164E-3
296 2.79328E-3
297 1.93827E-3
298 1.32967E-3
299 9.12008E-4
300 6.59286E-4
301 5.5365E-4
302 4.59482E-4
303 3.79157E-4
304 3.22033E-4
305 2.66162E-4
306 2.12912E-4
307 1.70262E-4
308 1.42064E-4
309 1.20964E-4
310 1.05337E-4
311 9.30863E-5
312 8.25809E-5
313 7.4965E-5
314 6.86769E-5
315 6.3757E-5
316 6.04029E-5
317 5.74026E-5
318 5.44191E-5
319 5.21348E-5
320 5.06667E-5
321 4.99351E-5
322 4.9214E-5
323 4.90012E-5
324 4.93612E-5
325 5.01602E-5
326 5.11682E-5
327 5.3449E-5
328 5.60285E-5
329 5.92054E-5
330 6.27967E-5
331 6.72186E-5
332 7.28499E-5
333 7.93108E-5
334 8.74559E-5
335 9.58569E-5
336 1.05783E-4
337 1.18866E-4
338 1.33866E-4
339 1.48857E-4
340 1.61191E-4
341 1.70448E-4
342 1.74099E-4
343 1.70229E-4
344 1.59253E-4
345 1.43463E-4
346 1.27252E-4
347 1.12768E-4
348 9.74897E-5
349 8.12523E-5
350 7.45399E-5
351 6.54895E-5
352 5.8418E-5
353 5.3024E-5
354 4.89504E-5
355 4.68546E-5
356 4.65377E-5
357 4.91281E-5
358 5.52606E-5
359 6.59929E-5
360 8.73651E-5
361 1.3094E-4
362 2.18999E-4
363 3.76054E-4
364 4.65414E-4
365 3.05378E-4
366 1.59762E-4
367 1.8291E-3
368 2.17561E-3
369 2.13006E-3
370 2.08343E-3
371 2.03573E-3
372 1.98692E-3
373 1.93718E-3
374 1.89601E-3
375 1.85924E-3
376 1.82161E-3
377 1.78312E-3
378 1.74372E-3
379 1.7034E-3
380 1.66214E-3
381 1.61993E-3
382 1.57673E-3
383 1.53927E-3
384 1.51035E-3
385 1.4808E-3
386 1.45057E-3
387 1.41963E-3
388 1.38799E-3
389 1.35559E-3
390 1.32244E-3
391 1.28852E-3
392 1.25594E-3
393 1.23088E-3
394 1.20605E-3
395 1.18065E-3
396 1.15466E-3
397 1.12807E-3
398 1.10084E-3
399 1.07298E-3
400 1.04448E-3
401 1.02059E-3
402 1.00145E-3
403 9.81867E-4
404 9.61833E-4
405 9.41335E-4
406 9.20356E-4
407 8.98892E-4
408 8.76921E-4
409 8.54438E-4
410 8.31805E-4
411 8.14192E-4
412 7.98038E-4
413 7.81514E-4
414 7.64604E-4
415 7.47295E-4
416 7.29586E-4
417 7.11467E-4
418 6.92923E-4
419 6.76029E-4
420 6.62846E-4
421 6.49464E-4
422 6.35772E-4
423 6.21759E-4
424 6.0742E-4
425 5.92747E-4
426 5.77733E-4
427 5.64655E-4
428 5.53644E-4
429 5.42375E-4
430 5.30844E-4
431 5.19045E-4
432 5.06971E-4
433 4.94615E-4
434 4.81976E-4
435 4.69034E-4
436 4.5665E-4
437 4.47666E-4
438 4.38894E-4
439 4.29918E-4
440 4.20732E-4
441 4.11333E-4
442 4.01715E-4
443 3.92477E-4
444 3.86509E-4
445 3.80959E-4
446 3.75281E-4
447 3.6947E-4
448 3.641E-4
449 3.61188E-4
450 3.5852E-4
451 3.55789E-4
452 3.52995E-4
453 3.50135E-4
454 3.47209E-4
455 3.44215E-4
456 3.41152E-4
457 3.37436E-4
458 3.25678E-4
459 3.24173E-4
460 3.22831E-4
461 3.21458E-4
462 3.20053E-4
463 3.18616E-4
464 3.17145E-4
465 3.15639E-4
466 3.14099E-4
467 3.12522E-4
468 3.10909E-4
469 3.09258E-4
470 3.07569E-4
471 3.05841E-4
472 3.04072E-4
473 3.02262E-4
474 3.00485E-4
475 3E-4
476 3E-4
477 3E-4
478 3E-4
479 3E-4
480 3E-4
481 3E-4
482 3E-4
483 3E-4
484 3E-4
485 3E-4
486 3E-4
487 3E-4
488 3E-4
489 3E-4
490 3E-4
491 3E-4
492 3E-4
493 3E-4
494 3E-4
495 3E-4
496 3E-4
497 3E-4
498 3E-4
499 3E-4
500 3E-4
