1 9.95799E-4
2 9.86569E-4
3 9.77127E-4
4 9.67464E-4
5 9.57574E-4
6 9.47456E-4
7 9.37102E-4
8 9.26505E-4
9 9.15663E-4
10 9.04622E-4
11 8.94168E-4
12 8.83753E-4
13 8.73094E-4
14 8.6219E-4
15 8.5103E-4
16 8.39608E-4
17 8.27923E-4
18 8.16287E-4
19 8.0753E-4
20 7.99366E-4
21 7.91014E-4
22 7.82467E-4
23 7.7372E-4
24 7.64769E-4
25 7.55612E-4
26 7.46239E-4
27 7.36648E-4
28 7.26836E-4
29 7.16793E-4
30 7.06516E-4
31 6.9781E-4
32 6.91591E-4
33 6.8525E-4
34 6.78762E-4
35 6.72123E-4
36 6.65329E-4
37 6.58378E-4
38 6.51264E-4
39 6.43983E-4
40 6.36535E-4
41 6.28912E-4
42 6.21111E-4
43 6.13129E-4
44 6.04962E-4
45 5.96603E-4
46 5.8805E-4
47 5.79299E-4
48 5.70495E-4
49 5.6412E-4
50 5.58552E-4
51 5.52853E-4
52 5.47023E-4
53 5.41056E-4
54 5.3495E-4
55 5.28703E-4
56 5.2231E-4
57 5.15767E-4
58 5.09072E-4
59 5.02222E-4
60 4.95212E-4
61 4.88982E-4
62 4.84615E-4
63 4.8021E-4
64 4.75703E-4
65 4.71091E-4
66 4.66371E-4
67 4.61541E-4
68 4.56599E-4
69 4.51542E-4
70 4.46373E-4
71 4.41887E-4
72 4.37846E-4
73 4.3371E-4
74 4.29478E-4
75 4.25147E-4
76 4.20716E-4
77 4.16181E-4
78 4.11562E-4
79 4.07672E-4
80 4.04123E-4
81 4.00491E-4
82 3.96775E-4
83 3.92972E-4
84 3.8908E-4
85 3.85097E-4
86 3.81022E-4
87 3.76852E-4
88 3.72584E-4
89 3.68218E-4
90 3.6375E-4
91 3.59617E-4
92 3.56719E-4
93 3.53842E-4
94 3.50898E-4
95 3.47886E-4
96 3.44803E-4
97 3.41649E-4
98 3.38421E-4
99 3.35118E-4
100 3.31738E-4
101 3.28647E-4
102 3.25856E-4
103 3.23E-4
104 3.20077E-4
105 3.17086E-4
106 3.14025E-4
107 3.10893E-4
108 3.07688E-4
109 3.04409E-4
110 3.01053E-4
111 2.97619E-4
112 2.94105E-4
113 2.90509E-4
114 2.86829E-4
115 2.83304E-4
116 2.80838E-4
117 2.7846E-4
118 2.76026E-4
119 2.73536E-4
120 2.70988E-4
121 2.68381E-4
122 2.65712E-4
123 2.62982E-4
124 2.60188E-4
125 2.57329E-4
126 2.54403E-4
127 2.5141E-4
128 2.48346E-4
129 2.45211E-4
130 2.42004E-4
131 2.39306E-4
132 2.37417E-4
133 2.35492E-4
134 2.33522E-4
135 2.31506E-4
136 2.29443E-4
137 2.27332E-4
138 2.25172E-4
139 2.22961E-4
140 2.20699E-4
141 2.18385E-4
142 2.16016E-4
143 2.13592E-4
144 2.11112E-4
145 2.08574E-4
146 2.05977E-4
147 2.0332E-4
148 2.00657E-4
149 1.98917E-4
150 1.97494E-4
151 1.96037E-4
152 1.94547E-4
153 1.93022E-4
154 1.91461E-4
155 1.89864E-4
156 1.8823E-4
157 1.86557E-4
158 1.84846E-4
159 1.83095E-4
160 1.81303E-4
161 1.79723E-4
162 1.78645E-4
163 1.77559E-4
164 1.76449E-4
165 1.75312E-4
166 1.74149E-4
167 1.72959E-4
168 1.71741E-4
169 1.70495E-4
170 1.69221E-4
171 1.68097E-4
172 1.67071E-4
173 1.6602E-4
174 1.64945E-4
175 1.63845E-4
176 1.62719E-4
177 1.61567E-4
178 1.60402E-4
179 1.59746E-4
180 1.59351E-4
181 1.58946E-4
182 1.58532E-4
183 1.58115E-4
184 1.5774E-4
185 1.57366E-4
186 1.56983E-4
187 1.56591E-4
188 1.56189E-4
189 1.55779E-4
190 1.55359E-4
191 1.55145E-4
192 1.55578E-4
193 1.56064E-4
194 1.56563E-4
195 1.57073E-4
196 1.57594E-4
197 1.58128E-4
198 1.58675E-4
199 1.59214E-4
200 1.5974E-4
201 1.60587E-4
202 1.61766E-4
203 1.62972E-4
204 1.64207E-4
205 1.6547E-4
206 1.66763E-4
207 1.68086E-4
208 1.69444E-4
209 1.71628E-4
210 1.74461E-4
211 1.77386E-4
212 1.81473E-4
213 1.901E-4
214 1.99399E-4
215 2.08921E-4
216 2.18699E-4
217 2.28718E-4
218 2.39759E-4
219 2.58792E-4
220 2.80234E-4
221 3.02171E-4
222 3.25582E-4
223 3.70578E-4
224 4.35998E-4
225 5.16168E-4
226 6.17304E-4
227 8.48544E-4
228 1.17298E-3
229 1.68629E-3
230 2.45126E-3
231 3.93218E-3
232 6.54988E-3
233 6.74782E-3
234 4.30901E-3
235 2.6011E-3
236 1.38357E-3
237 9.00067E-4
238 6.15856E-4
239 4.47559E-4
240 3.67069E-4
241 3.09069E-4
242 2.54581E-4
243 2.25885E-4
244 2.01051E-4
245 1.82847E-4
246 1.69849E-4
247 1.58489E-4
248 1.51708E-4
249 1.48657E-4
250 1.46874E-4
251 1.45049E-4
252 1.43182E-4
253 1.41271E-4
254 1.39881E-4
255 1.39465E-4
256 1.39059E-4
257 1.38643E-4
258 1.38218E-4
259 1.38697E-4
260 1.40036E-4
261 1.41409E-4
262 1.42819E-4
263 1.44537E-4
264 1.47172E-4
265 1.49935E-4
266 1.52769E-4
267 1.5629E-4
268 1.6158E-4
269 1.68167E-4
270 1.7662E-4
271 1.87003E-4
272 1.99307E-4
273 2.1633E-4
274 2.33065E-4
275 2.46164E-4
276 2.67745E-4
277 2.94217E-4
278 3.21352E-4
279 3.49149E-4
280 3.83776E-4
281 4.33409E-4
282 4.79664E-4
283 5.62744E-4
284 6.79442E-4
285 8.03801E-4
286 9.70932E-4
287 1.3212E-3
288 1.74794E-3
289 2.37056E-3
290 3.54534E-3
291 5.37741E-3
292 8.22207E-3
293 9.36568E-3
294 6.80119E-3
295 4.05052E-3
296 2.79305E-3
297 1.93811E-3
298 1.32951E-3
299 9.11954E-4
300 6.59171E-4
301 5.53646E-4
302 4.59458E-4
303 3.79108E-4
304 3.22008E-4
305 2.66157E-4
306 2.12897E-4
307 1.70229E-4
308 1.42042E-4
309 1.2095E-4
310 1.05329E-4
311 9.30801E-5
312 8.25756E-5
313 7.49611E-5
314 6.86739E-5
315 6.37543E-5
316 6.04017E-5
317 5.74026E-5
318 5.44183E-5
319 5.21344E-5
320 5.06664E-5
321 4.9935E-5
322 4.92134E-5
323 4.90009E-5
324 4.93606E-5
325 5.01598E-5
326 5.11667E-5
327 5.34486E-5
328 5.60284E-5
329 5.92053E-5
330 6.27966E-5
331 6.72184E-5
332 7.28499E-5
333 7.93104E-5
334 8.74559E-5
335 9.58566E-5
336 1.05779E-4
337 1.18863E-4
338 1.33867E-4
339 1.48858E-4
340 1.61193E-4
341 1.70452E-4
342 1.741E-4
343 1.70231E-4
344 1.59254E-4
345 1.43463E-4
346 1.27248E-4
347 1.12767E-4
348 9.74896E-5
349 8.12448E-5
350 7.45406E-5
351 6.54884E-5
352 5.8417E-5
353 5.30224E-5
354 4.89491E-5
355 4.6853E-5
356 4.6537E-5
357 4.91275E-5
358 5.52601E-5
359 6.59913E-5
360 8.73619E-5
361 1.30935E-4
362 2.18983E-4
363 3.76055E-4
364 4.65459E-4
365 3.05362E-4
366 1.60283E-4
367 1.83181E-3
368 2.17561E-3
369 2.13006E-3
370 2.08343E-3
371 2.03573E-3
372 1.98692E-3
373 1.93718E-3
374 1.89601E-3
375 1.85924E-3
376 1.82161E-3
377 1.78312E-3
378 1.74372E-3
379 1.7034E-3
380 1.66214E-3
381 1.61993E-3
382 1.57673E-3
383 1.53927E-3
384 1.51035E-3
385 1.4808E-3
386 1.45057E-3
387 1.41963E-3
388 1.38799E-3
389 1.35559E-3
390 1.32244E-3
391 1.28852E-3
392 1.25594E-3
393 1.23088E-3
394 1.20605E-3
395 1.18065E-3
396 1.15466E-3
397 1.12807E-3
398 1.10084E-3
399 1.07298E-3
400 1.04448E-3
401 1.02059E-3
402 1.00145E-3
403 9.81867E-4
404 9.61833E-4
405 9.41335E-4
406 9.20356E-4
407 8.98892E-4
408 8.76921E-4
409 8.54438E-4
410 8.31805E-4
411 8.14192E-4
412 7.98038E-4
413 7.81514E-4
414 7.64604E-4
415 7.47295E-4
416 7.29586E-4
417 7.11467E-4
418 6.92923E-4
419 6.76029E-4
420 6.62846E-4
421 6.49464E-4
422 6.35772E-4
423 6.21759E-4
424 6.0742E-4
425 5.92747E-4
426 5.77733E-4
427 5.64655E-4
428 5.53644E-4
429 5.42375E-4
430 5.30844E-4
431 5.19045E-4
432 5.06971E-4
433 4.94615E-4
434 4.81976E-4
435 4.69034E-4
436 4.5665E-4
437 4.47666E-4
438 4.38894E-4
439 4.29918E-4
440 4.20732E-4
441 4.11333E-4
442 4.01715E-4
443 3.92477E-4
444 3.86509E-4
445 3.80959E-4
446 3.75281E-4
447 3.6947E-4
448 3.641E-4
449 3.61188E-4
450 3.5852E-4
451 3.55789E-4
452 3.52995E-4
453 3.50135E-4
454 3.47209E-4
455 3.44215E-4
456 3.41152E-4
457 3.37436E-4
458 3.25678E-4
459 3.24173E-4
460 3.22831E-4
461 3.21458E-4
462 3.20053E-4
463 3.18616E-4
464 3.17145E-4
465 3.15639E-4
466 3.14099E-4
467 3.12522E-4
468 3.10909E-4
469 3.09258E-4
470 3.07569E-4
471 3.05841E-4
472 3.04072E-4
473 3.02262E-4
474 3.00485E-4
475 3E-4
476 3E-4
477 3E-4
478 3E-4
479 3E-4
480 3E-4
481 3E-4
482 3E-4
483 3E-4
484 3E-4
485 3E-4
486 3E-4
487 3E-4
488 3E-4
489 3E-4
490 3E-4
491 3E-4
492 3E-4
493 3E-4
494 3E-4
495 3E-4
496 3E-4
497 3E-4
498 3E-4
499 3E-4
500 3E-4
