 moder
 20 -21/
 reconr
 -21 -22/
 'pendf file'/
 1200 1/
 .05/
 '<pendf>-file'/
 0/
 broadr
 -21 -22 -23/
 1200 5/
 .005/
 300 600 900 1200 1500/
 0/
 unresr
 -21 -23 -24/
 1200 5 7 1/
 300 600 900 1200 1500/
 1.e10 1.e05 1.e03 1.e02 10. 1. .1/
 0/
 thermr
 0 -24 -25/
 0 1200 16 5 1 0 1 221 1/
 300 600 900 1200 1500/
 .001 10./
 groupr
 20 -25 0 -26/
 1200 1 0 3 0 5 7/
 'Group constants'/
 300 600 900 1200 1500/
 1.e10 1.e05 1.e03 1.e02 1.e01 1. .1/
 500/
 100.000000 102.329299 104.712855 107.151931 109.647820 112.201845 114.815362 117.489755 120.226443 123.026877 125.892541 128.824955 131.825674 134.896288 138.038426 141.253754 144.543977 147.910839 151.356125 154.881662 158.489319 162.181010 165.958691 169.824365 173.780083 177.827941 181.970086 186.208714 190.546072 194.984460 199.526231 204.173794 208.929613 213.796209 218.776162 223.872114 229.086765 234.422882 239.883292 245.470892 251.188643 257.039578 263.026799 269.153480 275.422870 281.838293 288.403150 295.120923 301.995172 309.029543 316.227766 323.593657 331.131121 338.844156 346.736850 354.813389 363.078055 371.535229 380.189396 389.045145 398.107171 407.380278 416.869383 426.579519 436.515832 446.683592 457.088190 467.735141 478.630092 489.778819 501.187234 512.861384 524.807460 537.031796 549.540874 562.341325 575.439937 588.843655 602.559586 616.595002 630.957344 645.654229 660.693448 676.082975 691.830971 707.945784 724.435960 741.310241 758.577575 776.247117 794.328235 812.830516 831.763771 851.138038 870.963590 891.250938 912.010839 933.254301 954.992586 977.237221 1000.000000 1023.292992 1047.128548 1071.519305 1096.478196 1122.018454 1148.153621 1174.897555 1202.264435 1230.268771 1258.925412 1288.249552 1318.256739 1348.962883 1380.384265 1412.537545 1445.439771 1479.108388 1513.561248 1548.816619 1584.893192 1621.810097 1659.586907 1698.243652 1737.800829 1778.279410 1819.700859 1862.087137 1905.460718 1949.844600 1995.262315 2041.737945 2089.296131 2137.962090 2187.761624 2238.721139 2290.867653 2344.228815 2398.832919 2454.708916 2511.886432 2570.395783 2630.267992 2691.534804 2754.228703 2818.382931 2884.031503 2951.209227 3019.951720 3090.295433 3162.277660 3235.936569 3311.311215 3388.441561 3467.368505 3548.133892 3630.780548 3715.352291 3801.893963 3890.451450 3981.071706 4073.802778 4168.693835 4265.795188 4365.158322 4466.835922 4570.881896 4677.351413 4786.300923 4897.788194 5011.872336 5128.613840 5248.074602 5370.317964 5495.408739 5623.413252 5754.399373 5888.436554 6025.595861 6165.950019 6309.573445 6456.542290 6606.934480 6760.829754 6918.309709 7079.457844 7244.359601 7413.102413 7585.775750 7762.471166 7943.282347 8128.305162 8317.637711 8511.380382 8709.635900 8912.509381 9120.108394 9332.543008 9549.925860 9772.372210 10000.000000 10232.929923 10471.285481 10715.193052 10964.781961 11220.184543 11481.536215 11748.975549 12022.644346 12302.687708 12589.254118 12882.495517 13182.567386 13489.628826 13803.842646 14125.375446 14454.397707 14791.083882 15135.612484 15488.166189 15848.931925 16218.100974 16595.869074 16982.436525 17378.008287 17782.794100 18197.008586 18620.871367 19054.607180 19498.445998 19952.623150 20417.379447 20892.961309 21379.620895 21877.616239 22387.211386 22908.676528 23442.288153 23988.329190 24547.089157 25118.864315 25703.957828 26302.679919 26915.348039 27542.287033 28183.829313 28840.315031 29512.092267 30199.517204 30902.954325 31622.776602 32359.365693 33113.112148 33884.415614 34673.685045 35481.338923 36307.805477 37153.522910 38018.939632 38904.514499 39810.717055 40738.027780 41686.938347 42657.951880 43651.583224 44668.359215 45708.818961 46773.514129 47863.009232 48977.881937 50118.723363 51286.138399 52480.746025 53703.179637 54954.087386 56234.132519 57543.993734 58884.365536 60255.958607 61659.500186 63095.734448 64565.422903 66069.344801 67608.297539 69183.097092 70794.578438 72443.596008 74131.024130 75857.757503 77624.711663 79432.823472 81283.051616 83176.377110 85113.803820 87096.358996 89125.093813 91201.083936 93325.430080 95499.258602 97723.722096 100000.000000 102329.299228 104712.854805 107151.930524 109647.819614 112201.845430 114815.362150 117489.755494 120226.443462 123026.877081 125892.541179 128824.955169 131825.673856 134896.288259 138038.426460 141253.754462 144543.977075 147910.838817 151356.124844 154881.661891 158489.319246 162181.009736 165958.690744 169824.365246 173780.082875 177827.941004 181970.085861 186208.713666 190546.071796 194984.459976 199526.231497 204173.794467 208929.613085 213796.208950 218776.162395 223872.113857 229086.765277 234422.881532 239883.291902 245470.891569 251188.643151 257039.578277 263026.799190 269153.480393 275422.870334 281838.293126 288403.150313 295120.922667 301995.172040 309029.543251 316227.766017 323593.656930 331131.121483 338844.156139 346736.850453 354813.389234 363078.054770 371535.229097 380189.396321 389045.144994 398107.170554 407380.277804 416869.383470 426579.518802 436515.832240 446683.592151 457088.189615 467735.141287 478630.092323 489778.819368 501187.233627 512861.383991 524807.460250 537031.796370 549540.873858 562341.325190 575439.937337 588843.655356 602559.586074 616595.001861 630957.344480 645654.229035 660693.448008 676082.975392 691830.970919 707945.784384 724435.960075 741310.241301 758577.575029 776247.116629 794328.234724 812830.516164 831763.771103 851138.038202 870963.589956 891250.938134 912010.839356 933254.300797 954992.586021 977237.220956 1000000.000000 1023292.992281 1047128.548051 1071519.305238 1096478.196143 1122018.454302 1148153.621497 1174897.554940 1202264.434617 1230268.770812 1258925.411794 1288249.551693 1318256.738556 1348962.882592 1380384.264603 1412537.544623 1445439.770746 1479108.388168 1513561.248436 1548816.618912 1584893.192461 1621810.097359 1659586.907438 1698243.652462 1737800.828749 1778279.410039 1819700.858610 1862087.136663 1905460.717963 1949844.599758 1995262.314969 2041737.944670 2089296.130854 2137962.089502 2187761.623950 2238721.138568 2290867.652768 2344228.815320 2398832.919019 2454708.915685 2511886.431510 2570395.782769 2630267.991895 2691534.803927 2754228.703338 2818382.931264 2884031.503127 2951209.226666 3019951.720402 3090295.432514 3162277.660168 3235936.569296 3311311.214826 3388441.561392 3467368.504525 3548133.892336 3630780.547701 3715352.290972 3801893.963206 3890451.449943 3981071.705535 4073802.778041 4168693.834703 4265795.188016 4365158.322402 4466835.921510 4570881.896149 4677351.412872 4786300.923226 4897788.193684 5011872.336273 5128613.839914 5248074.602498 5370317.963703 5495408.738576 5623413.251903 5754399.373372 5888436.553556 6025595.860744 6165950.018615 6309573.444802 6456542.290347 6606934.480076 6760829.753920 6918309.709189 7079457.843841 7244359.600750 7413102.413009 7585775.750292 7762471.166287 7943282.347243 8128305.161641 8317637.711027 8511380.382024 8709635.899561 8912509.381337 9120108.393559 9332543.007970 9549925.860214 9772372.209558 10000000.000000/
 3 1/
 3 2/
 3 102/
 3 251/
 0/
 3 1/
 3 2/
 3 102/
 3 251/
 0/
 3 1/
 3 2/
 3 102/
 3 251/
 0/
 3 1/
 3 2/
 3 102/
 3 251/
 0/
 3 1/
 3 2/
 3 102/
 3 251/
 0/
 0/
 moder
 -26 27/
 stop
EOF
