1 4.205260e-02
2 4.205260e-02
3 4.205260e-02
4 4.205260e-02
5 4.205260e-02
6 4.205260e-02
7 4.205260e-02
8 4.205260e-02
9 4.205260e-02
10 4.205260e-02
11 4.205260e-02
12 4.205260e-02
13 4.205260e-02
14 4.205260e-02
15 4.205260e-02
16 4.205260e-02
17 4.205260e-02
18 4.205260e-02
19 4.205260e-02
20 4.205260e-02
21 4.205260e-02
22 4.205260e-02
23 4.205260e-02
24 4.205260e-02
25 4.205260e-02
26 4.205260e-02
27 4.205260e-02
28 4.205260e-02
29 4.205260e-02
30 4.205260e-02
31 4.205260e-02
32 4.205250e-02
33 4.205250e-02
34 4.205250e-02
35 4.205250e-02
36 4.205240e-02
37 4.205240e-02
38 4.205240e-02
39 4.205230e-02
40 4.205230e-02
