1 1 2.491770e-01
1 2 9.229570e-02
1 3 1.204070e-01
1 4 1.450470e-01
1 5 1.830340e-01
1 6 2.280130e-01
1 7 2.818970e-01
1 8 3.487560e-01
1 9 4.264420e-01
1 10 5.221570e-01
1 11 6.308330e-01
1 12 7.551990e-01
1 13 8.916770e-01
1 14 1.038490e+00
1 15 1.181380e+00
1 16 1.312670e+00
1 17 1.410810e+00
1 18 1.455810e+00
1 19 1.426130e+00
1 20 1.311520e+00
1 21 1.111500e+00
1 22 8.515500e-01
1 23 5.744140e-01
1 24 3.304340e-01
1 25 1.557940e-01
1 26 5.728160e-02
1 27 1.545090e-02
1 28 2.834090e-03
1 29 3.219030e-04
1 30 2.070290e-05
1 31 9.641770e-07
1 32 3.289430e-08
1 33 0.000000e+00
1 34 0.000000e+00
1 35 0.000000e+00
1 36 0.000000e+00
1 37 0.000000e+00
1 38 0.000000e+00
1 39 0.000000e+00
1 40 0.000000e+00
2 1 1.969510e-01
2 2 8.089780e-02
2 3 1.079390e-01
2 4 1.300550e-01
2 5 1.641200e-01
2 6 2.044570e-01
2 7 2.527850e-01
2 8 3.127550e-01
2 9 3.824480e-01
2 10 4.683250e-01
2 11 5.658540e-01
2 12 6.774710e-01
2 13 8.000850e-01
2 14 9.319930e-01
2 15 1.060480e+00
2 16 1.178700e+00
2 17 1.267300e+00
2 18 1.308390e+00
2 19 1.282520e+00
2 20 1.180400e+00
2 21 1.001360e+00
2 22 7.680600e-01
2 23 5.188990e-01
2 24 2.990680e-01
2 25 1.413380e-01
2 26 5.211830e-02
2 27 1.410840e-02
2 28 2.599260e-03
2 29 2.968380e-04
2 30 1.923720e-05
2 31 9.003630e-07
2 32 3.090800e-08
2 33 0.000000e+00
2 34 0.000000e+00
2 35 0.000000e+00
2 36 0.000000e+00
2 37 0.000000e+00
2 38 0.000000e+00
2 39 0.000000e+00
2 40 0.000000e+00
3 1 1.546350e-01
3 2 6.532330e-02
3 3 9.452760e-02
3 4 1.165650e-01
3 5 1.471200e-01
3 6 1.832860e-01
3 7 2.266220e-01
3 8 2.804030e-01
3 9 3.429130e-01
3 10 4.199560e-01
3 11 5.074740e-01
3 12 6.076670e-01
3 13 7.178110e-01
3 14 8.363730e-01
3 15 9.519740e-01
3 16 1.058500e+00
3 17 1.138620e+00
3 18 1.176280e+00
3 19 1.153930e+00
3 20 1.063100e+00
3 21 9.029700e-01
3 22 6.936360e-01
3 23 4.695090e-01
3 24 2.712500e-01
3 25 1.285690e-01
3 26 4.758250e-02
3 27 1.293790e-02
3 28 2.396720e-03
3 29 2.755470e-04
3 30 1.801150e-05
3 31 8.488780e-07
3 32 2.935320e-08
3 33 0.000000e+00
3 34 0.000000e+00
3 35 0.000000e+00
3 36 0.000000e+00
3 37 0.000000e+00
3 38 0.000000e+00
3 39 0.000000e+00
3 40 0.000000e+00
4 1 1.198460e-01
4 2 5.105340e-02
4 3 7.625400e-02
4 4 1.023510e-01
4 5 1.320870e-01
4 6 1.645790e-01
4 7 2.035050e-01
4 8 2.518200e-01
4 9 3.079890e-01
4 10 3.772290e-01
4 11 4.559130e-01
4 12 5.460490e-01
4 13 6.451730e-01
4 14 7.519960e-01
4 15 8.562800e-01
4 16 9.525300e-01
4 17 1.025270e+00
4 18 1.060010e+00
4 19 1.040900e+00
4 20 9.601330e-01
4 21 8.167630e-01
4 22 6.286370e-01
4 23 4.264940e-01
4 24 2.471310e-01
4 25 1.175640e-01
4 26 4.370520e-02
4 27 1.194890e-02
4 28 2.228460e-03
4 29 2.582880e-04
4 30 1.704250e-05
4 31 8.108070e-07
4 32 2.826800e-08
4 33 0.000000e+00
4 34 0.000000e+00
4 35 0.000000e+00
4 36 0.000000e+00
4 37 0.000000e+00
4 38 0.000000e+00
4 39 0.000000e+00
4 40 0.000000e+00
5 1 9.581800e-02
5 2 4.036970e-02
5 3 6.011470e-02
5 4 8.275540e-02
5 5 1.162890e-01
5 6 1.482080e-01
5 7 1.832850e-01
5 8 2.268210e-01
5 9 2.774480e-01
5 10 3.398750e-01
5 11 4.108470e-01
5 12 4.922010e-01
5 13 5.817220e-01
5 14 6.783250e-01
5 15 7.727620e-01
5 16 8.601280e-01
5 17 9.265260e-01
5 18 9.588330e-01
5 19 9.426790e-01
5 20 8.708380e-01
5 21 7.421880e-01
5 22 5.725920e-01
5 23 3.895800e-01
5 24 2.265540e-01
5 25 1.082530e-01
5 26 4.046270e-02
5 27 1.113580e-02
5 28 2.093590e-03
5 29 2.450160e-04
5 30 1.634730e-05
5 31 7.863650e-07
5 32 2.765640e-08
5 33 0.000000e+00
5 34 0.000000e+00
5 35 0.000000e+00
5 36 0.000000e+00
5 37 0.000000e+00
5 38 0.000000e+00
5 39 0.000000e+00
5 40 0.000000e+00
6 1 7.536870e-02
6 2 3.160030e-02
6 3 4.713530e-02
6 4 6.494100e-02
6 5 9.381230e-02
6 6 1.307040e-01
6 7 1.653890e-01
6 8 2.047040e-01
6 9 2.504330e-01
6 10 3.068430e-01
6 11 3.710120e-01
6 12 4.446130e-01
6 13 5.256840e-01
6 14 6.132710e-01
6 15 6.990840e-01
6 16 7.787080e-01
6 17 8.395900e-01
6 18 8.699140e-01
6 19 8.565310e-01
6 20 7.927240e-01
6 21 6.771790e-01
6 22 5.239590e-01
6 23 3.577670e-01
6 24 2.089710e-01
6 25 1.003980e-01
6 26 3.777650e-02
6 27 1.048090e-02
6 28 1.989790e-03
6 29 2.356150e-04
6 30 1.593200e-05
6 31 7.765310e-07
6 32 2.756520e-08
6 33 0.000000e+00
6 34 0.000000e+00
6 35 0.000000e+00
6 36 0.000000e+00
6 37 0.000000e+00
6 38 0.000000e+00
6 39 0.000000e+00
6 40 0.000000e+00
7 1 5.729340e-02
7 2 2.395650e-02
7 3 3.616120e-02
7 4 5.031130e-02
7 5 7.309520e-02
7 6 1.050990e-01
7 7 1.462240e-01
7 8 1.853050e-01
7 9 2.267440e-01
7 10 2.778810e-01
7 11 3.361020e-01
7 12 4.029280e-01
7 13 4.766290e-01
7 14 5.563550e-01
7 15 6.347040e-01
7 16 7.076520e-01
7 17 7.638140e-01
7 18 7.925900e-01
7 19 7.818080e-01
7 20 7.252130e-01
7 21 6.212680e-01
7 22 4.823840e-01
7 23 3.308240e-01
7 24 1.942650e-01
7 25 9.395140e-02
7 26 3.563550e-02
7 27 9.983660e-03
7 28 1.917700e-03
7 29 2.302770e-04
7 30 1.582250e-05
7 31 7.831330e-07
7 32 2.806900e-08
7 33 0.000000e+00
7 34 0.000000e+00
7 35 0.000000e+00
7 36 0.000000e+00
7 37 0.000000e+00
7 38 0.000000e+00
7 39 0.000000e+00
7 40 0.000000e+00
8 1 4.418240e-02
8 2 1.848620e-02
8 3 2.793160e-02
8 4 3.897510e-02
8 5 5.677110e-02
8 6 8.177310e-02
8 7 1.172780e-01
8 8 1.642510e-01
8 9 2.060550e-01
8 10 2.526000e-01
8 11 3.056360e-01
8 12 3.665750e-01
8 13 4.338790e-01
8 14 5.068240e-01
8 15 5.787360e-01
8 16 6.459950e-01
8 17 6.982210e-01
8 18 7.258170e-01
8 19 7.175430e-01
8 20 6.674580e-01
8 21 5.737660e-01
8 22 4.474000e-01
8 23 3.084630e-01
8 24 1.823080e-01
8 25 8.887200e-02
8 26 3.403500e-02
8 27 9.646750e-03
8 28 1.878930e-03
8 29 2.293790e-04
8 30 1.606000e-05
8 31 8.091830e-07
8 32 2.930960e-08
8 33 0.000000e+00
8 34 0.000000e+00
8 35 0.000000e+00
8 36 0.000000e+00
8 37 0.000000e+00
8 38 0.000000e+00
8 39 0.000000e+00
8 40 0.000000e+00
9 1 3.551580e-02
9 2 1.455620e-02
9 3 2.162690e-02
9 4 2.996620e-02
9 5 4.383230e-02
9 6 6.341750e-02
9 7 9.114120e-02
9 8 1.316710e-01
9 9 1.834010e-01
9 10 2.306790e-01
9 11 2.792360e-01
9 12 3.351060e-01
9 13 3.969080e-01
9 14 4.640590e-01
9 15 5.304930e-01
9 16 5.929990e-01
9 17 6.420490e-01
9 18 6.688420e-01
9 19 6.630540e-01
9 20 6.188610e-01
9 21 5.342410e-01
9 22 4.187450e-01
9 23 2.905510e-01
9 24 1.730660e-01
9 25 8.517310e-02
9 26 3.299400e-02
9 27 9.480690e-03
9 28 1.876800e-03
9 29 2.335440e-04
9 30 1.670550e-05
9 31 8.586690e-07
9 32 3.142640e-08
9 33 5.805100e-10
9 34 0.000000e+00
9 35 0.000000e+00
9 36 0.000000e+00
9 37 0.000000e+00
9 38 0.000000e+00
9 39 0.000000e+00
9 40 0.000000e+00
10 1 2.717530e-02
10 2 1.112640e-02
10 3 1.660570e-02
10 4 2.306390e-02
10 5 3.372160e-02
10 6 4.886960e-02
10 7 7.037740e-02
10 8 1.018030e-01
10 9 1.465170e-01
10 10 2.061470e-01
10 11 2.565180e-01
10 12 3.080540e-01
10 13 3.651470e-01
10 14 4.274230e-01
10 15 4.892780e-01
10 16 5.478680e-01
10 17 5.944320e-01
10 18 6.208270e-01
10 19 6.174890e-01
10 20 5.786860e-01
10 21 5.020700e-01
10 22 3.959810e-01
10 23 2.768410e-01
10 24 1.664360e-01
10 25 8.283470e-02
10 26 3.252420e-02
10 27 9.497100e-03
10 28 1.916080e-03
10 29 2.438000e-04
10 30 1.787750e-05
10 31 9.403580e-07
10 32 3.477300e-08
10 33 9.317500e-10
10 34 0.000000e+00
10 35 0.000000e+00
10 36 0.000000e+00
10 37 0.000000e+00
10 38 0.000000e+00
10 39 0.000000e+00
10 40 0.000000e+00
11 1 2.035380e-02
11 2 8.336050e-03
11 3 1.241590e-02
11 4 1.721070e-02
11 5 2.519250e-02
11 6 3.677440e-02
11 7 5.341100e-02
11 8 7.773530e-02
11 9 1.123590e-01
11 10 1.640000e-01
11 11 2.305490e-01
11 12 2.853580e-01
11 13 3.386150e-01
11 14 3.968120e-01
11 15 4.550110e-01
11 16 5.105170e-01
11 17 5.553130e-01
11 18 5.817390e-01
11 19 5.808620e-01
11 20 5.469780e-01
11 21 4.773830e-01
11 22 3.792710e-01
11 23 2.675270e-01
11 24 1.625930e-01
11 25 8.199130e-02
11 26 3.270500e-02
11 27 9.730640e-03
11 28 2.007140e-03
11 29 2.621050e-04
11 30 1.978140e-05
11 31 1.069130e-06
11 32 3.994580e-08
11 33 1.144900e-09
11 34 0.000000e+00
11 35 0.000000e+00
11 36 0.000000e+00
11 37 0.000000e+00
11 38 0.000000e+00
11 39 0.000000e+00
11 40 0.000000e+00
12 1 1.607330e-02
12 2 6.571160e-03
12 3 9.744650e-03
12 4 1.340360e-02
12 5 1.938620e-02
12 6 2.784450e-02
12 7 4.021300e-02
12 8 5.884590e-02
12 9 8.550480e-02
12 10 1.251930e-01
12 11 1.828230e-01
12 12 2.579490e-01
12 13 3.162340e-01
12 14 3.711790e-01
12 15 4.264210e-01
12 16 4.796090e-01
12 17 5.232890e-01
12 18 5.502280e-01
12 19 5.519650e-01
12 20 5.227720e-01
12 21 4.595140e-01
12 22 3.682570e-01
12 23 2.625230e-01
12 24 1.615950e-01
12 25 8.274640e-02
12 26 3.361420e-02
12 27 1.021800e-02
12 28 2.161090e-03
12 29 2.904980e-04
12 30 2.261960e-05
12 31 1.258700e-06
12 32 4.733440e-08
12 33 1.466310e-09
12 34 0.000000e+00
12 35 0.000000e+00
12 36 0.000000e+00
12 37 0.000000e+00
12 38 0.000000e+00
12 39 0.000000e+00
12 40 0.000000e+00
13 1 1.132980e-02
13 2 4.639660e-03
13 3 6.885720e-03
13 4 9.468080e-03
13 5 1.371300e-02
13 6 1.985780e-02
13 7 2.892600e-02
13 8 4.274480e-02
13 9 6.304810e-02
13 10 9.342810e-02
13 11 1.375720e-01
13 12 2.031920e-01
13 13 2.883640e-01
13 14 3.511470e-01
13 15 4.042850e-01
13 16 4.559600e-01
13 17 4.991990e-01
13 18 5.271360e-01
13 19 5.315600e-01
13 20 5.067380e-01
13 21 4.490090e-01
13 22 3.633870e-01
13 23 2.621750e-01
13 24 1.637330e-01
13 25 8.531620e-02
13 26 3.539020e-02
13 27 1.102740e-02
13 28 2.401300e-03
13 29 3.340090e-04
13 30 2.699020e-05
13 31 1.556920e-06
13 32 5.910060e-08
13 33 2.011420e-09
13 34 0.000000e+00
13 35 0.000000e+00
13 36 0.000000e+00
13 37 0.000000e+00
13 38 0.000000e+00
13 39 0.000000e+00
13 40 0.000000e+00
14 1 9.142400e-03
14 2 3.740460e-03
14 3 5.547750e-03
14 4 7.624390e-03
14 5 1.100900e-02
14 6 1.580580e-02
14 7 2.271550e-02
14 8 3.293810e-02
14 9 4.767380e-02
14 10 7.030180e-02
14 11 1.034630e-01
14 12 1.527340e-01
14 13 2.263110e-01
14 14 3.225550e-01
14 15 3.867590e-01
14 16 4.376830e-01
14 17 4.812570e-01
14 18 5.108830e-01
14 19 5.184920e-01
14 20 4.982550e-01
14 21 4.458270e-01
14 22 3.651180e-01
14 23 2.672100e-01
14 24 1.697500e-01
14 25 9.025690e-02
14 26 3.834120e-02
14 27 1.228110e-02
14 28 2.760440e-03
14 29 3.980690e-04
14 30 3.339250e-05
14 31 1.993660e-06
14 32 7.557540e-08
14 33 2.865080e-09
14 34 0.000000e+00
14 35 0.000000e+00
14 36 0.000000e+00
14 37 0.000000e+00
14 38 0.000000e+00
14 39 0.000000e+00
14 40 0.000000e+00
15 1 6.716540e-03
15 2 2.749830e-03
15 3 4.080360e-03
15 4 5.609540e-03
15 5 8.101940e-03
15 6 1.162460e-02
15 7 1.667470e-02
15 8 2.421100e-02
15 9 3.522510e-02
15 10 5.199080e-02
15 11 7.655840e-02
15 12 1.131900e-01
15 13 1.680770e-01
15 14 2.518470e-01
15 15 3.596470e-01
15 16 4.261240e-01
15 17 4.707800e-01
15 18 5.027420e-01
15 19 5.139170e-01
15 20 4.983110e-01
15 21 4.508860e-01
15 22 3.742130e-01
15 23 2.782440e-01
15 24 1.801730e-01
15 25 9.799840e-02
15 26 4.276300e-02
15 27 1.413350e-02
15 28 3.294100e-03
15 29 4.952420e-04
15 30 4.334850e-05
15 31 2.689500e-06
15 32 1.021890e-07
15 33 4.381070e-09
15 34 0.000000e+00
15 35 0.000000e+00
15 36 0.000000e+00
15 37 0.000000e+00
15 38 0.000000e+00
15 39 0.000000e+00
15 40 0.000000e+00
16 1 4.724240e-03
16 2 1.936720e-03
16 3 2.875480e-03
16 4 3.956230e-03
16 5 5.719420e-03
16 6 8.214390e-03
16 7 1.178590e-02
16 8 1.709420e-02
16 9 2.485680e-02
16 10 3.678750e-02
16 11 5.461200e-02
16 12 8.155140e-02
16 13 1.220250e-01
16 14 1.841020e-01
16 15 2.787470e-01
16 16 4.017640e-01
16 17 4.679000e-01
16 18 5.029720e-01
16 19 5.183780e-01
16 20 5.076060e-01
16 21 4.649500e-01
16 22 3.916540e-01
16 23 2.964920e-01
16 24 1.961500e-01
16 25 1.094420e-01
16 26 4.921440e-02
16 27 1.684900e-02
16 28 4.091350e-03
16 29 6.450820e-04
16 30 5.937800e-05
16 31 3.620470e-06
16 32 1.488660e-07
16 33 7.216230e-09
16 34 0.000000e+00
16 35 0.000000e+00
16 36 0.000000e+00
16 37 0.000000e+00
16 38 0.000000e+00
16 39 0.000000e+00
16 40 0.000000e+00
17 1 3.461360e-03
17 2 1.419540e-03
17 3 2.108030e-03
17 4 2.900850e-03
17 5 4.194870e-03
17 6 6.026890e-03
17 7 8.651020e-03
17 8 1.253750e-02
17 9 1.816670e-02
17 10 2.673990e-02
17 11 3.947340e-02
17 12 5.873350e-02
17 13 8.783500e-02
17 14 1.326150e-01
17 15 2.013230e-01
17 16 3.088640e-01
17 17 4.470890e-01
17 18 5.108300e-01
17 19 5.315430e-01
17 20 5.265370e-01
17 21 4.890470e-01
17 22 4.190930e-01
17 23 3.238560e-01
17 24 2.195550e-01
17 25 1.260840e-01
17 26 5.863620e-02
17 27 2.087840e-02
17 28 5.303520e-03
17 29 8.802870e-04
17 30 8.567450e-05
17 31 5.198580e-06
17 32 2.325480e-07
17 33 1.255350e-08
17 34 0.000000e+00
17 35 0.000000e+00
17 36 0.000000e+00
17 37 0.000000e+00
17 38 0.000000e+00
17 39 0.000000e+00
17 40 0.000000e+00
18 1 2.323520e-03
18 2 9.541490e-04
18 3 1.418030e-03
18 4 1.953290e-03
18 5 2.827760e-03
18 6 4.068650e-03
18 7 5.850340e-03
18 8 8.491600e-03
18 9 1.231780e-02
18 10 1.815770e-02
18 11 2.688570e-02
18 12 4.023840e-02
18 13 6.069170e-02
18 14 9.244130e-02
18 15 1.414690e-01
18 16 2.188270e-01
18 17 3.410400e-01
18 18 4.978190e-01
18 19 5.557160e-01
18 20 5.574480e-01
18 21 5.255830e-01
18 22 4.588110e-01
18 23 3.625540e-01
18 24 2.524410e-01
18 25 1.496460e-01
18 26 7.225030e-02
18 27 2.688400e-02
18 28 7.188450e-03
18 29 1.265790e-03
18 30 1.317140e-04
18 31 8.318010e-06
18 32 4.025150e-07
18 33 2.370830e-08
18 34 0.000000e+00
18 35 0.000000e+00
18 36 0.000000e+00
18 37 0.000000e+00
18 38 0.000000e+00
18 39 0.000000e+00
18 40 0.000000e+00
19 1 1.438370e-03
19 2 5.921720e-04
19 3 8.809710e-04
19 4 1.215110e-03
19 5 1.762070e-03
19 6 2.540390e-03
19 7 3.662070e-03
19 8 5.331730e-03
19 9 7.757680e-03
19 10 1.146950e-02
19 11 1.705230e-02
19 12 2.569940e-02
19 13 3.922400e-02
19 14 6.082030e-02
19 15 9.481600e-02
19 16 1.490660e-01
19 17 2.359040e-01
19 18 3.760290e-01
19 19 5.548970e-01
19 20 6.041130e-01
19 21 5.787760e-01
19 22 5.150980e-01
19 23 4.168660e-01
19 24 2.986990e-01
19 25 1.832700e-01
19 26 9.220390e-02
19 27 3.602630e-02
19 28 1.020820e-02
19 29 1.924860e-03
19 30 2.170370e-04
19 31 1.389780e-05
19 32 7.238610e-07
19 33 4.928960e-08
19 34 0.000000e+00
19 35 0.000000e+00
19 36 0.000000e+00
19 37 0.000000e+00
19 38 0.000000e+00
19 39 0.000000e+00
19 40 0.000000e+00
20 1 9.452330e-04
20 2 3.896990e-04
20 3 5.801080e-04
20 4 8.006570e-04
20 5 1.162050e-03
20 6 1.677190e-03
20 7 2.420850e-03
20 8 3.530260e-03
20 9 5.146450e-03
20 10 7.619580e-03
20 11 1.132330e-02
20 12 1.701750e-02
20 13 2.584450e-02
20 14 3.982080e-02
20 15 6.218220e-02
20 16 9.874750e-02
20 17 1.580340e-01
20 18 2.549550e-01
20 19 4.137930e-01
20 20 6.154710e-01
20 21 6.485880e-01
20 22 5.904340e-01
20 23 4.911280e-01
20 24 3.637390e-01
20 25 2.321080e-01
20 26 1.222940e-01
20 27 5.042210e-02
20 28 1.520090e-02
20 29 3.075690e-03
20 30 3.753720e-04
20 31 2.455890e-05
20 32 1.230840e-06
20 33 1.032040e-07
20 34 0.000000e+00
20 35 0.000000e+00
20 36 0.000000e+00
20 37 0.000000e+00
20 38 0.000000e+00
20 39 0.000000e+00
20 40 0.000000e+00
21 1 5.696110e-04
21 2 2.354170e-04
21 3 3.508150e-04
21 4 4.848830e-04
21 5 7.048950e-04
21 6 1.019440e-03
21 7 1.475270e-03
21 8 2.158050e-03
21 9 3.157830e-03
21 10 4.696650e-03
21 11 7.017100e-03
21 12 1.061090e-02
21 13 1.623240e-02
21 14 2.524770e-02
21 15 3.968190e-02
21 16 6.327880e-02
21 17 1.020630e-01
21 18 1.665140e-01
21 19 2.740170e-01
21 20 4.543620e-01
21 21 6.808970e-01
21 22 6.927990e-01
21 23 5.934800e-01
21 24 4.555610e-01
21 25 3.033950e-01
21 26 1.681600e-01
21 27 7.357820e-02
21 28 2.376780e-02
21 29 5.208600e-03
21 30 6.964100e-04
21 31 4.997210e-05
21 32 2.453770e-06
21 33 2.344720e-07
21 34 0.000000e+00
21 35 0.000000e+00
21 36 0.000000e+00
21 37 0.000000e+00
21 38 0.000000e+00
21 39 0.000000e+00
21 40 0.000000e+00
22 1 3.075430e-04
22 2 1.275850e-04
22 3 1.904210e-04
22 4 2.636890e-04
22 5 3.842580e-04
22 6 5.573660e-04
22 7 8.094410e-04
22 8 1.189240e-03
22 9 1.749450e-03
22 10 2.618630e-03
22 11 3.942400e-03
22 12 6.014200e-03
22 13 9.293150e-03
22 14 1.461600e-02
22 15 2.326880e-02
22 16 3.766490e-02
22 17 6.177720e-02
22 18 1.026840e-01
22 19 1.724850e-01
22 20 2.925150e-01
22 21 4.976180e-01
22 22 7.533620e-01
22 23 7.347240e-01
22 24 5.856330e-01
22 25 4.082980e-01
22 26 2.390750e-01
22 27 1.116600e-01
22 28 3.894850e-02
22 29 9.336330e-03
22 30 1.384770e-03
22 31 1.115870e-04
22 32 5.465020e-06
22 33 5.708600e-07
22 34 0.000000e+00
22 35 0.000000e+00
22 36 0.000000e+00
22 37 0.000000e+00
22 38 0.000000e+00
22 39 0.000000e+00
22 40 0.000000e+00
23 1 1.463460e-04
23 2 6.112580e-05
23 3 9.138080e-05
23 4 1.268040e-04
23 5 1.852530e-04
23 6 2.695920e-04
23 7 3.931280e-04
23 8 5.805160e-04
23 9 8.593130e-04
23 10 1.296120e-03
23 11 1.969770e-03
23 12 3.039410e-03
23 13 4.760090e-03
23 14 7.603590e-03
23 15 1.232610e-02
23 16 2.038080e-02
23 17 3.423650e-02
23 18 5.840160e-02
23 19 1.008770e-01
23 20 1.762860e-01
23 21 3.096640e-01
23 22 5.441620e-01
23 23 8.334290e-01
23 24 7.735090e-01
23 25 5.657320e-01
23 26 3.511530e-01
23 27 1.759560e-01
23 28 6.675160e-02
23 29 1.767360e-02
23 30 2.947080e-03
23 31 2.720500e-04
23 32 1.322560e-05
23 33 8.300270e-07
23 34 0.000000e+00
23 35 0.000000e+00
23 36 0.000000e+00
23 37 0.000000e+00
23 38 0.000000e+00
23 39 0.000000e+00
23 40 0.000000e+00
24 1 6.332640e-05
24 2 2.692440e-05
24 3 4.033650e-05
24 4 5.612240e-05
24 5 8.225560e-05
24 6 1.201760e-04
24 7 1.760960e-04
24 8 2.615840e-04
24 9 3.900130e-04
24 10 5.933820e-04
24 11 9.110730e-04
24 12 1.422900e-03
24 13 2.260360e-03
24 14 3.671520e-03
24 15 6.066180e-03
24 16 1.024200e-02
24 17 1.759980e-02
24 18 3.077880e-02
24 19 5.466050e-02
24 20 9.854320e-02
24 21 1.791670e-01
24 22 3.268690e-01
24 23 5.932450e-01
24 24 9.171800e-01
24 25 8.035110e-01
24 26 5.311210e-01
24 27 2.872070e-01
24 28 1.193540e-01
24 29 3.518940e-02
24 30 6.653280e-03
24 31 7.100510e-04
24 32 3.722260e-05
24 33 1.046560e-06
24 34 0.000000e+00
24 35 0.000000e+00
24 36 0.000000e+00
24 37 0.000000e+00
24 38 0.000000e+00
24 39 0.000000e+00
24 40 0.000000e+00
25 1 2.316190e-05
25 2 1.012680e-05
25 3 1.521060e-05
25 4 2.122880e-05
25 5 3.123660e-05
25 6 4.586040e-05
25 7 6.760180e-05
25 8 1.011500e-04
25 9 1.521320e-04
25 10 2.339100e-04
25 11 3.637340e-04
25 12 5.767270e-04
25 13 9.326020e-04
25 14 1.546630e-03
25 15 2.618890e-03
25 16 4.547480e-03
25 17 8.046440e-03
25 18 1.450810e-02
25 19 2.661930e-02
25 20 4.976280e-02
25 21 9.427220e-02
25 22 1.799370e-01
25 23 3.428230e-01
25 24 6.452760e-01
25 25 1.007050e+00
25 26 8.241860e-01
25 27 4.830560e-01
25 28 2.213610e-01
25 29 7.335570e-02
25 30 1.591810e-02
25 31 1.995170e-03
25 32 1.235880e-04
25 33 3.522470e-06
25 34 0.000000e+00
25 35 0.000000e+00
25 36 0.000000e+00
25 37 0.000000e+00
25 38 0.000000e+00
25 39 0.000000e+00
25 40 0.000000e+00
26 1 5.958110e-06
26 2 3.079850e-06
26 3 4.698540e-06
26 4 6.576350e-06
26 5 9.664160e-06
26 6 1.416400e-05
26 7 2.084410e-05
26 8 3.115260e-05
26 9 4.684840e-05
26 10 7.214730e-05
26 11 1.126740e-04
26 12 1.801350e-04
26 13 2.953400e-04
26 14 5.002500e-04
26 15 8.729720e-04
26 16 1.580420e-03
26 17 2.953750e-03
26 18 5.642200e-03
26 19 1.093090e-02
26 20 2.147470e-02
26 21 4.267460e-02
26 22 8.596400e-02
26 23 1.747210e-01
26 24 3.532180e-01
26 25 6.990480e-01
26 26 1.107260e+00
26 27 8.354060e-01
26 28 4.224740e-01
26 29 1.581620e-01
26 30 3.985560e-02
26 31 5.995990e-03
26 32 4.627980e-04
26 33 1.587240e-05
26 34 4.305790e-07
26 35 0.000000e+00
26 36 0.000000e+00
26 37 0.000000e+00
26 38 0.000000e+00
26 39 0.000000e+00
26 40 0.000000e+00
27 1 1.223970e-06
27 2 6.963120e-07
27 3 1.116910e-06
27 4 1.639070e-06
27 5 2.483080e-06
27 6 3.711310e-06
27 7 5.536080e-06
27 8 8.382080e-06
27 9 1.279410e-05
27 10 2.003980e-05
27 11 3.189520e-05
27 12 5.207440e-05
27 13 8.734310e-05
27 14 1.515910e-04
27 15 2.715680e-04
27 16 5.060330e-04
27 17 9.790700e-04
27 18 1.958260e-03
27 19 3.998210e-03
27 20 8.290760e-03
27 21 1.737610e-02
27 22 3.690910e-02
27 23 7.946290e-02
27 24 1.718580e-01
27 25 3.667520e-01
27 26 7.566330e-01
27 27 1.204350e+00
27 28 8.282860e-01
27 29 3.536330e-01
27 30 1.043480e-01
27 31 1.889270e-02
27 32 1.806390e-03
27 33 7.610000e-05
27 34 2.347510e-06
27 35 7.325030e-07
27 36 0.000000e+00
27 37 0.000000e+00
27 38 0.000000e+00
27 39 0.000000e+00
27 40 0.000000e+00
28 1 1.798380e-07
28 2 1.029460e-07
28 3 1.703230e-07
28 4 2.605470e-07
28 5 4.174810e-07
28 6 6.632110e-07
28 7 1.047100e-06
28 8 1.638440e-06
28 9 2.538070e-06
28 10 4.019950e-06
28 11 6.474770e-06
28 12 1.072120e-05
28 13 1.830510e-05
28 14 3.250710e-05
28 15 5.997680e-05
28 16 1.160350e-04
28 17 2.354460e-04
28 18 5.021810e-04
28 19 1.116120e-03
28 20 2.532820e-03
28 21 5.769600e-03
28 22 1.310420e-02
28 23 3.003140e-02
28 24 7.009840e-02
28 25 1.640640e-01
28 26 3.752500e-01
28 27 8.162700e-01
28 28 1.307570e+00
28 29 8.051960e-01
28 30 2.801990e-01
28 31 6.200860e-02
28 32 7.532690e-03
28 33 4.176150e-04
28 34 9.903860e-06
28 35 1.302040e-06
28 36 0.000000e+00
28 37 0.000000e+00
28 38 0.000000e+00
28 39 0.000000e+00
28 40 0.000000e+00
29 1 2.793180e-08
29 2 1.598920e-08
29 3 2.645390e-08
29 4 4.046730e-08
29 5 6.484160e-08
29 6 1.030080e-07
29 7 1.629120e-07
29 8 2.589090e-07
29 9 4.086580e-07
29 10 6.502180e-07
29 11 1.033250e-06
29 12 1.668020e-06
29 13 2.768560e-06
29 14 4.833130e-06
29 15 8.901370e-06
29 16 1.746980e-05
29 17 3.673990e-05
29 18 8.312600e-05
29 19 2.016800e-04
29 20 5.214370e-04
29 21 1.411490e-03
29 22 3.763600e-03
29 23 9.515000e-03
29 24 2.370890e-02
29 25 5.963670e-02
29 26 1.515200e-01
29 27 3.764850e-01
29 28 8.758990e-01
29 29 1.417770e+00
29 30 7.647190e-01
29 31 2.076890e-01
29 32 3.255890e-02
29 33 2.464110e-03
29 34 7.209980e-05
29 35 1.604320e-06
29 36 3.319690e-09
29 37 0.000000e+00
29 38 0.000000e+00
29 39 0.000000e+00
29 40 0.000000e+00
30 1 4.935790e-09
30 2 2.825430e-09
30 3 4.674640e-09
30 4 7.150930e-09
30 5 1.145810e-08
30 6 1.820240e-08
30 7 2.878810e-08
30 8 4.575150e-08
30 9 7.221350e-08
30 10 1.148960e-07
30 11 1.819000e-07
30 12 2.882470e-07
30 13 4.567070e-07
30 14 7.324210e-07
30 15 1.262250e-06
30 16 2.417490e-06
30 17 5.205130e-06
30 18 1.259890e-05
30 19 3.372670e-05
30 20 9.814390e-05
30 21 2.886710e-04
30 22 8.200120e-04
30 23 2.273130e-03
30 24 6.270840e-03
30 25 1.749300e-02
30 26 4.980370e-02
30 27 1.412980e-01
30 28 3.820160e-01
30 29 9.392480e-01
30 30 1.517450e+00
30 31 7.068340e-01
30 32 1.437060e-01
30 33 1.486990e-02
30 34 6.270210e-04
30 35 8.621760e-06
30 36 8.053510e-08
30 37 6.215800e-10
30 38 0.000000e+00
30 39 0.000000e+00
30 40 0.000000e+00
31 1 1.275650e-09
31 2 7.302300e-10
31 3 1.208150e-09
31 4 1.848140e-09
31 5 2.961320e-09
31 6 4.704360e-09
31 7 7.440220e-09
31 8 1.182440e-08
31 9 1.866340e-08
31 10 2.969470e-08
31 11 4.701160e-08
31 12 7.449650e-08
31 13 1.179390e-07
31 14 1.872260e-07
31 15 2.963410e-07
31 16 4.700600e-07
31 17 7.465200e-07
31 18 1.291340e-06
31 19 2.843700e-06
31 20 7.978480e-06
31 21 2.657890e-05
31 22 9.425630e-05
31 23 3.258970e-04
31 24 1.104310e-03
31 25 3.694630e-03
31 26 1.196710e-02
31 27 3.911760e-02
31 28 1.264000e-01
31 29 3.807330e-01
31 30 1.005820e+00
31 31 1.617080e+00
31 32 6.327530e-01
31 33 9.116070e-02
31 34 5.737870e-03
31 35 1.191000e-04
31 36 9.274610e-07
31 37 1.087560e-08
31 38 0.000000e+00
31 39 0.000000e+00
31 40 0.000000e+00
32 1 5.102700e-10
32 2 2.921000e-10
32 3 4.832800e-10
32 4 7.392800e-10
32 5 1.184570e-09
32 6 1.881810e-09
32 7 2.976180e-09
32 8 4.729910e-09
32 9 7.465610e-09
32 10 1.187830e-08
32 11 1.880520e-08
32 12 2.979960e-08
32 13 4.717690e-08
32 14 7.489300e-08
32 15 1.185400e-07
32 16 1.880300e-07
32 17 2.980070e-07
32 18 4.723470e-07
32 19 7.487070e-07
32 20 1.210030e-06
32 21 2.366640e-06
32 22 7.134380e-06
32 23 2.979060e-05
32 24 1.315530e-04
32 25 5.502450e-04
32 26 2.047360e-03
32 27 7.605980e-03
32 28 2.917080e-02
32 29 1.097650e-01
32 30 3.746640e-01
32 31 1.072360e+00
32 32 1.712160e+00
32 33 5.480960e-01
32 34 5.226780e-02
32 35 1.808020e-03
32 36 1.665310e-05
32 37 9.920190e-08
32 38 0.000000e+00
32 39 0.000000e+00
32 40 0.000000e+00
33 1 1.266500e-10
33 2 7.249800e-11
33 3 1.199500e-10
33 4 1.834900e-10
33 5 2.940000e-10
33 6 4.670500e-10
33 7 7.386700e-10
33 8 1.173940e-09
33 9 1.852930e-09
33 10 2.948120e-09
33 11 4.667360e-09
33 12 7.396100e-09
33 13 1.170910e-08
33 14 1.858800e-08
33 15 2.942110e-08
33 16 4.666810e-08
33 17 7.396370e-08
33 18 1.172340e-07
33 19 1.856730e-07
33 20 2.944320e-07
33 21 4.674190e-07
33 22 8.151210e-07
33 23 2.061540e-06
33 24 9.139610e-06
33 25 4.938250e-05
33 26 2.250480e-04
33 27 9.658920e-04
33 28 4.352250e-03
33 29 2.042530e-02
33 30 9.242210e-02
33 31 3.648040e-01
33 32 1.139450e+00
33 33 1.798260e+00
33 34 4.583180e-01
33 35 2.667550e-02
33 36 4.478880e-04
33 37 1.815640e-06
33 38 8.284370e-09
33 39 0.000000e+00
33 40 0.000000e+00
34 1 1.022700e-10
34 2 5.854500e-11
34 3 9.686200e-11
34 4 1.481700e-10
34 5 2.374200e-10
34 6 3.771700e-10
34 7 5.965100e-10
34 8 9.480000e-10
34 9 1.496310e-09
34 10 2.380730e-09
34 11 3.769080e-09
34 12 5.972650e-09
34 13 9.455540e-09
34 14 1.501060e-08
34 15 2.375870e-08
34 16 3.768640e-08
34 17 5.972870e-08
34 18 9.467110e-08
34 19 1.499380e-07
34 20 2.377660e-07
34 21 3.767460e-07
34 22 5.972230e-07
34 23 9.465300e-07
34 24 1.506460e-06
34 25 2.988290e-06
34 26 1.209210e-05
34 27 6.310030e-05
34 28 3.513430e-04
34 29 2.110770e-03
34 30 1.302240e-02
34 31 7.461370e-02
34 32 3.510020e-01
34 33 1.208230e+00
34 34 1.872250e+00
34 35 3.690860e-01
34 36 1.191970e-02
34 37 8.347240e-05
34 38 4.373750e-07
34 39 0.000000e+00
34 40 0.000000e+00
35 1 6.045400e-11
35 2 3.460600e-11
35 3 5.725500e-11
35 4 8.758400e-11
35 5 1.403400e-10
35 6 2.229400e-10
35 7 3.526000e-10
35 8 5.603600e-10
35 9 8.844700e-10
35 10 1.407250e-09
35 11 2.227900e-09
35 12 3.530430e-09
35 13 5.589170e-09
35 14 8.872750e-09
35 15 1.404380e-08
35 16 2.227640e-08
35 17 3.530560e-08
35 18 5.596010e-08
35 19 8.862840e-08
35 20 1.405430e-07
35 21 2.226940e-07
35 22 3.530180e-07
35 23 5.594930e-07
35 24 8.866280e-07
35 25 1.405410e-06
35 26 2.229040e-06
35 27 3.600620e-06
35 28 8.901170e-06
35 29 6.838480e-05
35 30 7.284120e-04
35 31 7.143650e-03
35 32 5.727330e-02
35 33 3.343050e-01
35 34 1.277240e+00
35 35 1.931880e+00
35 36 2.865000e-01
35 37 4.541900e-03
35 38 1.250890e-05
35 39 8.946910e-09
35 40 0.000000e+00
36 1 1.964900e-11
36 2 1.124800e-11
36 3 1.861000e-11
36 4 2.846800e-11
36 5 4.561400e-11
36 6 7.246300e-11
36 7 1.146000e-10
36 8 1.821300e-10
36 9 2.874800e-10
36 10 4.574000e-10
36 11 7.241300e-10
36 12 1.147490e-09
36 13 1.816650e-09
36 14 2.883910e-09
36 15 4.564640e-09
36 16 7.240490e-09
36 17 1.147540e-08
36 18 1.818870e-08
36 19 2.880690e-08
36 20 4.568070e-08
36 21 7.238230e-08
36 22 1.147410e-07
36 23 1.818520e-07
36 24 2.881810e-07
36 25 4.567610e-07
36 26 7.242890e-07
36 27 1.152640e-06
36 28 1.854280e-06
36 29 3.484830e-06
36 30 1.985720e-05
36 31 2.816040e-04
36 32 3.909430e-03
36 33 4.265980e-02
36 34 3.124280e-01
36 35 1.342310e+00
36 36 1.979760e+00
36 37 2.145650e-01
36 38 1.430570e-03
36 39 1.344840e-06
36 40 0.000000e+00
37 1 1.158500e-11
37 2 6.631700e-12
37 3 1.097200e-11
37 4 1.678400e-11
37 5 2.689400e-11
37 6 4.272400e-11
37 7 6.757000e-11
37 8 1.073900e-10
37 9 1.695000e-10
37 10 2.696800e-10
37 11 4.269500e-10
37 12 6.765600e-10
37 13 1.071090e-09
37 14 1.700350e-09
37 15 2.691300e-09
37 16 4.268980e-09
37 17 6.765860e-09
37 18 1.072400e-08
37 19 1.698450e-08
37 20 2.693330e-08
37 21 4.267650e-08
37 22 6.765130e-08
37 23 1.072200e-07
37 24 1.699110e-07
37 25 2.693050e-07
37 26 4.268180e-07
37 27 6.764230e-07
37 28 1.071520e-06
37 29 1.695580e-06
37 30 2.729900e-06
37 31 7.822360e-06
37 32 1.056860e-04
37 33 2.024830e-03
37 34 3.061830e-02
37 35 2.881130e-01
37 36 1.405690e+00
37 37 2.013510e+00
37 38 1.551710e-01
37 39 3.602900e-04
37 40 1.754250e-07
38 1 8.039800e-12
38 2 4.602300e-12
38 3 7.614400e-12
38 4 1.164800e-11
38 5 1.866400e-11
38 6 2.964900e-11
38 7 4.689200e-11
38 8 7.452400e-11
38 9 1.176300e-10
38 10 1.871500e-10
38 11 2.962900e-10
38 12 4.695200e-10
38 13 7.433100e-10
38 14 1.180000e-09
38 15 1.867700e-09
38 16 2.962570e-09
38 17 4.695350e-09
38 18 7.442220e-09
38 19 1.178680e-08
38 20 1.869110e-08
38 21 2.961650e-08
38 22 4.694840e-08
38 23 7.440790e-08
38 24 1.179140e-07
38 25 1.868920e-07
38 26 2.962020e-07
38 27 4.694440e-07
38 28 7.442740e-07
38 29 1.182890e-06
38 30 1.889750e-06
38 31 3.060510e-06
38 32 6.243460e-06
38 33 4.565810e-05
38 34 1.016000e-03
38 35 2.121010e-02
38 36 2.625540e-01
38 37 1.466800e+00
38 38 2.033630e+00
38 39 1.087870e-01
38 40 6.982120e-05
39 1 2.688300e-12
39 2 1.538900e-12
39 3 2.546000e-12
39 4 3.894800e-12
39 5 6.240700e-12
39 6 9.913900e-12
39 7 1.567900e-11
39 8 2.491900e-11
39 9 3.933100e-11
39 10 6.257800e-11
39 11 9.907200e-11
39 12 1.569900e-10
39 13 2.485400e-10
39 14 3.945600e-10
39 15 6.245100e-10
39 16 9.906000e-10
39 17 1.569990e-09
39 18 2.488470e-09
39 19 3.941190e-09
39 20 6.249770e-09
39 21 9.902930e-09
39 22 1.569830e-08
39 23 2.487990e-08
39 24 3.942720e-08
39 25 6.249130e-08
39 26 9.904150e-08
39 27 1.569690e-07
39 28 2.487790e-07
39 29 3.945070e-07
39 30 6.284400e-07
39 31 1.011140e-06
39 32 1.648570e-06
39 33 3.020400e-06
39 34 1.693320e-05
39 35 4.647310e-04
39 36 1.399710e-02
39 37 2.366940e-01
39 38 1.526550e+00
39 39 2.040890e+00
39 40 7.429190e-02
40 1 2.470500e-12
40 2 1.414200e-12
40 3 2.339800e-12
40 4 3.579200e-12
40 5 5.735100e-12
40 6 9.110800e-12
40 7 1.440900e-11
40 8 2.290000e-11
40 9 3.614500e-11
40 10 5.750900e-11
40 11 9.104600e-11
40 12 1.442700e-10
40 13 2.284100e-10
40 14 3.625900e-10
40 15 5.739100e-10
40 16 9.103500e-10
40 17 1.442800e-09
40 18 2.286860e-09
40 19 3.621890e-09
40 20 5.743440e-09
40 21 9.100630e-09
40 22 1.442640e-08
40 23 2.286430e-08
40 24 3.623300e-08
40 25 5.742850e-08
40 26 9.101760e-08
40 27 1.442520e-07
40 28 2.286240e-07
40 29 3.623420e-07
40 30 5.742170e-07
40 31 9.087200e-07
40 32 1.433090e-06
40 33 2.251750e-06
40 34 3.530080e-06
40 35 6.856880e-06
40 36 1.493350e-04
40 37 8.199130e-03
40 38 2.100770e-01
40 39 1.587620e+00
40 40 2.085880e+00
