1 1 1.764360e-01
1 2 6.539760e-02
1 3 8.562870e-02
1 4 1.035610e-01
1 5 1.313320e-01
1 6 1.646340e-01
1 7 2.051540e-01
1 8 2.563470e-01
1 9 3.173860e-01
1 10 3.947850e-01
1 11 4.865070e-01
1 12 5.971280e-01
1 13 7.275570e-01
1 14 8.815540e-01
1 15 1.053920e+00
1 16 1.246480e+00
1 17 1.448940e+00
1 18 1.650100e+00
1 19 1.830120e+00
1 20 1.967600e+00
1 21 2.028780e+00
1 22 1.987790e+00
1 23 1.825420e+00
1 24 1.545740e+00
1 25 1.182620e+00
1 26 7.964970e-01
1 27 4.573410e-01
1 28 2.151080e-01
1 29 7.885800e-02
1 30 2.119340e-02
1 31 3.870710e-03
1 32 4.372780e-04
1 33 2.776190e-05
1 34 1.290100e-06
1 35 4.242170e-08
1 36 0.000000e+00
1 37 0.000000e+00
1 38 0.000000e+00
1 39 0.000000e+00
1 40 0.000000e+00
2 1 1.398950e-01
2 2 5.705750e-02
2 3 7.654380e-02
2 4 9.262820e-02
2 5 1.174670e-01
2 6 1.472550e-01
2 7 1.835000e-01
2 8 2.292920e-01
2 9 2.838950e-01
2 10 3.531330e-01
2 11 4.351920e-01
2 12 5.341560e-01
2 13 6.508560e-01
2 14 7.886420e-01
2 15 9.429520e-01
2 16 1.115310e+00
2 17 1.296570e+00
2 18 1.476790e+00
2 19 1.638160e+00
2 20 1.761590e+00
2 21 1.816790e+00
2 22 1.780650e+00
2 23 1.635810e+00
2 24 1.385860e+00
2 25 1.060980e+00
2 26 7.151430e-01
2 27 4.110360e-01
2 28 1.935600e-01
2 29 7.106480e-02
2 30 1.913560e-02
2 31 3.502840e-03
2 32 3.968200e-04
2 33 2.535520e-05
2 34 1.178800e-06
2 35 3.888530e-08
2 36 0.000000e+00
2 37 0.000000e+00
2 38 0.000000e+00
2 39 0.000000e+00
2 40 0.000000e+00
3 1 1.101320e-01
3 2 4.628520e-02
3 3 6.673500e-02
3 4 8.273680e-02
3 5 1.049670e-01
3 6 1.315870e-01
3 7 1.639770e-01
3 8 2.049000e-01
3 9 2.537000e-01
3 10 3.155830e-01
3 11 3.889310e-01
3 12 4.773920e-01
3 13 5.817200e-01
3 14 7.048980e-01
3 15 8.429190e-01
3 16 9.971060e-01
3 17 1.159290e+00
3 18 1.320630e+00
3 19 1.465230e+00
3 20 1.576060e+00
3 21 1.625940e+00
3 22 1.594240e+00
3 23 1.465290e+00
3 24 1.242150e+00
3 25 9.517080e-01
3 26 6.421380e-01
3 27 3.695360e-01
3 28 1.742810e-01
3 29 6.410800e-02
3 30 1.730330e-02
3 31 3.176520e-03
3 32 3.611310e-04
3 33 2.322940e-05
3 34 1.082020e-06
3 35 3.583970e-08
3 36 0.000000e+00
3 37 0.000000e+00
3 38 0.000000e+00
3 39 0.000000e+00
3 40 0.000000e+00
4 1 8.565700e-02
4 2 3.630300e-02
4 3 5.406690e-02
4 4 7.230430e-02
4 5 9.385090e-02
4 6 1.176880e-01
4 7 1.466590e-01
4 8 1.832640e-01
4 9 2.269170e-01
4 10 2.822760e-01
4 11 3.478970e-01
4 12 4.270490e-01
4 13 5.204070e-01
4 14 6.306470e-01
4 15 7.541970e-01
4 16 8.922990e-01
4 17 1.037640e+00
4 18 1.182240e+00
4 19 1.312020e+00
4 20 1.411690e+00
4 21 1.456960e+00
4 22 1.429300e+00
4 23 1.314530e+00
4 24 1.115210e+00
4 25 8.552650e-01
4 26 5.777950e-01
4 27 3.330220e-01
4 28 1.573600e-01
4 29 5.802180e-02
4 30 1.570610e-02
4 31 2.893590e-03
4 32 3.304390e-04
4 33 2.139500e-05
4 34 1.000560e-06
4 35 3.331410e-08
4 36 0.000000e+00
4 37 0.000000e+00
4 38 0.000000e+00
4 39 0.000000e+00
4 40 0.000000e+00
5 1 6.873040e-02
5 2 2.881470e-02
5 3 4.279650e-02
5 4 5.871690e-02
5 5 8.221370e-02
5 6 1.054510e-01
5 7 1.314390e-01
5 8 1.642490e-01
5 9 2.033790e-01
5 10 2.530060e-01
5 11 3.118380e-01
5 12 3.828120e-01
5 13 4.665340e-01
5 14 5.654210e-01
5 15 6.762590e-01
5 16 8.002490e-01
5 17 9.307920e-01
5 18 1.060760e+00
5 19 1.177560e+00
5 20 1.267450e+00
5 21 1.308810e+00
5 22 1.284760e+00
5 23 1.182530e+00
5 24 1.004210e+00
5 25 7.710400e-01
5 26 5.216980e-01
5 27 3.012630e-01
5 28 1.426860e-01
5 29 5.276490e-02
5 30 1.433380e-02
5 31 2.652360e-03
5 32 3.045330e-04
5 33 1.985800e-05
5 34 9.338700e-07
5 35 3.128290e-08
5 36 0.000000e+00
5 37 0.000000e+00
5 38 0.000000e+00
5 39 0.000000e+00
5 40 0.000000e+00
6 1 5.433000e-02
6 2 2.266550e-02
6 3 3.371970e-02
6 4 4.630900e-02
6 5 6.662540e-02
6 6 9.247350e-02
6 7 1.178670e-01
6 8 1.473130e-01
6 9 1.824150e-01
6 10 2.269400e-01
6 11 2.797260e-01
6 12 3.434200e-01
6 13 4.185710e-01
6 14 5.073520e-01
6 15 6.069050e-01
6 16 7.183290e-01
6 17 8.357210e-01
6 18 9.527390e-01
6 19 1.058020e+00
6 20 1.139260e+00
6 21 1.177270e+00
6 22 1.156530e+00
6 23 1.065550e+00
6 24 9.059990e-01
6 25 6.966700e-01
6 26 4.722700e-01
6 27 2.733700e-01
6 28 1.298540e-01
6 29 4.819360e-02
6 30 1.314990e-02
6 31 2.446610e-03
6 32 2.827790e-04
6 33 1.858260e-05
6 34 8.806820e-07
6 35 2.971810e-08
6 36 0.000000e+00
6 37 0.000000e+00
6 38 0.000000e+00
6 39 0.000000e+00
6 40 0.000000e+00
7 1 4.160130e-02
7 2 1.729960e-02
7 3 2.603680e-02
7 4 3.610100e-02
7 5 5.223620e-02
7 6 7.472680e-02
7 7 1.035290e-01
7 8 1.323130e-01
7 9 1.638630e-01
7 10 2.038710e-01
7 11 2.513120e-01
7 12 3.085680e-01
7 13 3.761350e-01
7 14 4.559820e-01
7 15 5.455800e-01
7 16 6.458900e-01
7 17 7.516950e-01
7 18 8.572870e-01
7 19 9.524640e-01
7 20 1.026260e+00
7 21 1.061290e+00
7 22 1.043610e+00
7 23 9.626810e-01
7 24 8.197660e-01
7 25 6.315740e-01
7 26 4.291200e-01
7 27 2.491240e-01
7 28 1.187640e-01
7 29 4.427400e-02
7 30 1.214630e-02
7 31 2.274990e-03
7 32 2.650690e-04
7 33 1.758340e-05
7 34 8.411620e-07
7 35 2.864850e-08
7 36 0.000000e+00
7 37 0.000000e+00
7 38 0.000000e+00
7 39 0.000000e+00
7 40 0.000000e+00
8 1 3.233880e-02
8 2 1.345420e-02
8 3 2.026790e-02
8 4 2.818120e-02
8 5 4.087760e-02
8 6 5.858210e-02
8 7 8.349910e-02
8 8 1.163870e-01
8 9 1.474680e-01
8 10 1.834970e-01
8 11 2.262200e-01
8 12 2.777910e-01
8 13 3.386720e-01
8 14 4.106470e-01
8 15 4.914610e-01
8 16 5.819980e-01
8 17 6.776140e-01
8 18 7.731680e-01
8 19 8.595180e-01
8 20 9.268300e-01
8 21 9.593640e-01
8 22 9.445130e-01
8 23 8.725790e-01
8 24 7.444270e-01
8 25 5.748890e-01
8 26 3.917210e-01
8 27 2.282310e-01
8 28 1.092870e-01
8 29 4.096330e-02
8 30 1.131290e-02
8 31 2.136100e-03
8 32 2.513240e-04
8 33 1.686090e-05
8 34 8.156530e-07
8 35 2.806440e-08
8 36 0.000000e+00
8 37 0.000000e+00
8 38 0.000000e+00
8 39 0.000000e+00
8 40 0.000000e+00
9 1 2.624930e-02
9 2 1.070120e-02
9 3 1.585280e-02
9 4 2.188550e-02
9 5 3.187000e-02
9 6 4.586530e-02
9 7 6.549820e-02
9 8 9.390290e-02
9 9 1.300840e-01
9 10 1.655810e-01
9 11 2.041630e-01
9 12 2.507430e-01
9 13 3.057560e-01
9 14 3.708340e-01
9 15 4.439420e-01
9 16 5.259370e-01
9 17 6.126260e-01
9 18 6.994560e-01
9 19 7.781540e-01
9 20 8.398560e-01
9 21 8.703880e-01
9 22 8.581830e-01
9 23 7.942920e-01
9 24 6.792010e-01
9 25 5.260390e-01
9 26 3.597140e-01
9 27 2.105020e-01
9 28 1.013470e-01
9 29 3.823880e-02
9 30 1.064570e-02
9 31 2.029730e-03
9 32 2.416030e-04
9 33 1.642610e-05
9 34 8.050080e-07
9 35 2.799380e-08
9 36 0.000000e+00
9 37 0.000000e+00
9 38 0.000000e+00
9 39 0.000000e+00
9 40 0.000000e+00
10 1 2.034030e-02
10 2 8.281220e-03
10 3 1.232130e-02
10 4 1.704820e-02
10 5 2.481220e-02
10 6 3.576120e-02
10 7 5.116370e-02
10 8 7.343030e-02
10 9 1.046930e-01
10 10 1.463680e-01
10 11 1.847690e-01
10 12 2.269700e-01
10 13 2.768290e-01
10 14 3.358560e-01
10 15 4.022230e-01
10 16 4.767380e-01
10 17 5.556330e-01
10 18 6.348820e-01
10 19 7.069730e-01
10 20 7.638690e-01
10 21 7.928210e-01
10 22 7.831210e-01
10 23 7.264660e-01
10 24 6.229610e-01
10 25 4.841740e-01
10 26 3.325340e-01
10 27 1.956330e-01
10 28 9.481060e-02
10 29 3.605930e-02
10 30 1.013660e-02
10 31 1.955290e-03
10 32 2.359940e-04
10 33 1.630200e-05
10 34 8.112970e-07
10 35 2.857420e-08
10 36 0.000000e+00
10 37 0.000000e+00
10 38 0.000000e+00
10 39 0.000000e+00
10 40 0.000000e+00
11 1 1.548350e-02
11 2 6.303110e-03
11 3 9.356980e-03
11 4 1.291810e-02
11 5 1.881760e-02
11 6 2.730910e-02
11 7 3.939360e-02
11 8 5.686470e-02
11 9 8.138140e-02
11 10 1.174110e-01
11 11 1.638060e-01
11 12 2.062870e-01
11 13 2.516770e-01
11 14 3.054510e-01
11 15 3.659790e-01
11 16 4.340270e-01
11 17 5.062230e-01
11 18 5.789550e-01
11 19 6.454360e-01
11 20 6.983330e-01
11 21 7.260790e-01
11 22 7.187900e-01
11 23 6.686370e-01
11 24 5.753410e-01
11 25 4.490550e-01
11 26 3.100450e-01
11 27 1.835780e-01
11 28 8.967520e-02
11 29 3.443500e-02
11 30 9.792880e-03
11 31 1.915370e-03
11 32 2.350280e-04
11 33 1.654470e-05
11 34 8.384560e-07
11 35 2.990130e-08
11 36 2.074200e-10
11 37 0.000000e+00
11 38 0.000000e+00
11 39 0.000000e+00
11 40 0.000000e+00
12 1 1.246850e-02
12 2 5.067220e-03
12 3 7.490240e-03
12 4 1.026210e-02
12 5 1.477170e-02
12 6 2.109130e-02
12 7 3.023570e-02
12 8 4.385580e-02
12 9 6.307190e-02
12 10 9.121330e-02
12 11 1.312880e-01
12 12 1.835890e-01
12 13 2.298260e-01
12 14 2.790540e-01
12 15 3.345450e-01
12 16 3.970260e-01
12 17 4.634830e-01
12 18 5.306610e-01
12 19 5.924460e-01
12 20 6.421030e-01
12 21 6.690230e-01
12 22 6.641390e-01
12 23 6.198800e-01
12 24 5.356330e-01
12 25 4.202280e-01
12 26 2.919860e-01
12 27 1.742330e-01
12 28 8.592100e-02
12 29 3.337190e-02
12 30 9.621090e-03
12 31 1.912500e-03
12 32 2.391990e-04
12 33 1.720300e-05
12 34 8.895780e-07
12 35 3.203880e-08
12 36 8.918200e-10
12 37 0.000000e+00
12 38 0.000000e+00
12 39 0.000000e+00
12 40 0.000000e+00
13 1 9.039920e-03
13 2 3.676730e-03
13 3 5.436230e-03
13 4 7.440680e-03
13 5 1.071630e-02
13 6 1.541210e-02
13 7 2.226700e-02
13 8 3.258980e-02
13 9 4.753510e-02
13 10 6.952820e-02
13 11 1.008190e-01
13 12 1.462880e-01
13 13 2.053830e-01
13 14 2.564760e-01
13 15 3.076810e-01
13 16 3.654510e-01
13 17 4.270740e-01
13 18 4.896190e-01
13 19 5.475380e-01
13 20 5.946500e-01
13 21 6.211290e-01
13 22 6.185830e-01
13 23 5.796680e-01
13 24 5.033520e-01
13 25 3.973160e-01
13 26 2.781280e-01
13 27 1.674890e-01
13 28 8.351850e-02
13 29 3.287770e-02
13 30 9.632380e-03
13 31 1.951740e-03
13 32 2.496970e-04
13 33 1.841900e-05
13 34 9.756320e-07
13 35 3.555130e-08
13 36 1.047220e-09
13 37 0.000000e+00
13 38 0.000000e+00
13 39 0.000000e+00
13 40 0.000000e+00
14 1 7.492890e-03
14 2 3.045850e-03
14 3 4.501420e-03
14 4 6.158950e-03
14 5 8.845080e-03
14 6 1.261520e-02
14 7 1.798590e-02
14 8 2.583320e-02
14 9 3.696240e-02
14 10 5.376120e-02
14 11 7.785900e-02
14 12 1.128080e-01
14 13 1.636300e-01
14 14 2.303440e-01
14 15 2.846650e-01
14 16 3.384720e-01
14 17 3.960680e-01
14 18 4.548300e-01
14 19 5.096790e-01
14 20 5.549800e-01
14 21 5.815050e-01
14 22 5.814330e-01
14 23 5.475370e-01
14 24 4.783410e-01
14 25 3.803930e-01
14 26 2.686940e-01
14 27 1.635920e-01
14 28 8.265810e-02
14 29 3.305480e-02
14 30 9.865280e-03
14 31 2.042620e-03
14 32 2.679460e-04
14 33 2.030760e-05
14 34 1.102990e-06
14 35 4.049770e-08
14 36 1.274510e-09
14 37 0.000000e+00
14 38 0.000000e+00
14 39 0.000000e+00
14 40 0.000000e+00
15 1 5.720450e-03
15 2 2.325900e-03
15 3 3.438140e-03
15 4 4.704480e-03
15 5 6.755580e-03
15 6 9.623760e-03
15 7 1.368530e-02
15 8 1.966220e-02
15 9 2.825510e-02
15 10 4.110060e-02
15 11 5.949800e-02
15 12 8.623720e-02
15 13 1.251600e-01
15 14 1.828380e-01
15 15 2.573620e-01
15 16 3.160930e-01
15 17 3.704580e-01
15 18 4.262440e-01
15 19 4.788110e-01
15 20 5.229510e-01
15 21 5.499750e-01
15 22 5.524620e-01
15 23 5.232490e-01
15 24 4.603680e-01
15 25 3.692760e-01
15 26 2.636050e-01
15 27 1.625410e-01
15 28 8.338990e-02
15 29 3.395950e-02
15 30 1.035450e-02
15 31 2.198190e-03
15 32 2.968290e-04
15 33 2.321870e-05
15 34 1.298300e-06
15 35 4.799970e-08
15 36 1.626650e-09
15 37 0.000000e+00
15 38 0.000000e+00
15 39 0.000000e+00
15 40 0.000000e+00
16 1 4.232910e-03
16 2 1.721670e-03
16 3 2.545600e-03
16 4 3.484140e-03
16 5 5.004660e-03
16 6 7.131540e-03
16 7 1.013430e-02
16 8 1.452930e-02
16 9 2.083890e-02
16 10 3.034830e-02
16 11 4.422220e-02
16 12 6.463200e-02
16 13 9.436320e-02
16 14 1.384270e-01
16 15 2.032950e-01
16 16 2.882000e-01
16 17 3.502010e-01
16 18 4.038480e-01
16 19 4.549320e-01
16 20 4.986130e-01
16 21 5.266720e-01
16 22 5.318700e-01
16 23 5.071090e-01
16 24 4.498240e-01
16 25 3.644330e-01
16 26 2.633240e-01
16 27 1.647510e-01
16 28 8.601610e-02
16 29 3.576700e-02
16 30 1.117620e-02
16 31 2.441560e-03
16 32 3.408310e-04
16 33 2.762320e-05
16 34 1.598070e-06
16 35 5.942720e-08
16 36 2.200370e-09
16 37 0.000000e+00
16 38 0.000000e+00
16 39 0.000000e+00
16 40 0.000000e+00
17 1 3.283760e-03
17 2 1.335570e-03
17 3 1.974410e-03
17 4 2.702230e-03
17 5 3.881570e-03
17 6 5.530190e-03
17 7 7.858010e-03
17 8 1.125000e-02
17 9 1.606280e-02
17 10 2.323750e-02
17 11 3.361890e-02
17 12 4.886650e-02
17 13 7.114710e-02
17 14 1.042190e-01
17 15 1.529850e-01
17 16 2.264470e-01
17 17 3.217930e-01
17 18 3.863790e-01
17 19 4.367440e-01
17 20 4.807080e-01
17 21 5.103830e-01
17 22 5.187000e-01
17 23 4.984660e-01
17 24 4.464360e-01
17 25 3.659490e-01
17 26 2.681850e-01
17 27 1.706570e-01
17 28 9.090620e-02
17 29 3.870810e-02
17 30 1.243390e-02
17 31 2.804460e-03
17 32 4.060790e-04
17 33 3.415050e-05
17 34 2.049970e-06
17 35 7.620160e-08
17 36 3.125710e-09
17 37 0.000000e+00
17 38 0.000000e+00
17 39 0.000000e+00
17 40 0.000000e+00
18 1 2.382630e-03
18 2 9.696600e-04
18 3 1.433840e-03
18 4 1.962960e-03
18 5 2.820490e-03
18 6 4.020360e-03
18 7 5.715630e-03
18 8 8.182270e-03
18 9 1.167430e-02
18 10 1.687560e-02
18 11 2.442550e-02
18 12 3.561440e-02
18 13 5.214850e-02
18 14 7.680660e-02
18 15 1.132290e-01
18 16 1.682290e-01
18 17 2.514270e-01
18 18 3.594120e-01
18 19 4.252920e-01
18 20 4.703460e-01
18 21 5.023170e-01
18 22 5.141540e-01
18 23 4.984950e-01
18 24 4.514120e-01
18 25 3.749370e-01
18 26 2.791560e-01
18 27 1.810410e-01
18 28 9.864070e-02
18 29 4.313860e-02
18 30 1.429830e-02
18 31 3.344370e-03
18 32 5.049930e-04
18 33 4.436490e-05
18 34 2.773310e-06
18 35 1.037430e-07
18 36 4.755860e-09
18 37 0.000000e+00
18 38 0.000000e+00
18 39 0.000000e+00
18 40 0.000000e+00
19 1 1.624090e-03
19 2 6.619940e-04
19 3 9.793580e-04
19 4 1.341410e-03
19 5 1.928750e-03
19 6 2.751710e-03
19 7 3.915890e-03
19 8 5.612520e-03
19 9 8.013660e-03
19 10 1.158550e-02
19 11 1.678010e-02
19 12 2.454700e-02
19 13 3.623490e-02
19 14 5.414850e-02
19 15 8.100700e-02
19 16 1.216920e-01
19 17 1.835080e-01
19 18 2.784920e-01
19 19 4.012660e-01
19 20 4.678590e-01
19 21 5.029310e-01
19 22 5.188720e-01
19 23 5.079360e-01
19 24 4.655230e-01
19 25 3.923390e-01
19 26 2.972860e-01
19 27 1.968950e-01
19 28 1.100260e-01
19 29 4.957770e-02
19 30 1.702620e-02
19 31 4.151430e-03
19 32 6.580070e-04
19 33 6.099140e-05
19 34 3.834640e-06
19 35 1.539170e-07
19 36 7.863480e-09
19 37 0.000000e+00
19 38 0.000000e+00
19 39 0.000000e+00
19 40 0.000000e+00
20 1 1.205420e-03
20 2 4.912830e-04
20 3 7.268010e-04
20 4 9.955900e-04
20 5 1.431430e-03
20 6 2.041940e-03
20 7 2.905800e-03
20 8 4.164820e-03
20 9 5.945830e-03
20 10 8.585590e-03
20 11 1.238780e-02
20 12 1.799270e-02
20 13 2.628690e-02
20 14 3.877500e-02
20 15 5.772300e-02
20 16 8.706500e-02
20 17 1.318740e-01
20 18 2.010100e-01
20 19 3.084550e-01
20 20 4.470730e-01
20 21 5.106170e-01
20 22 5.318740e-01
20 23 5.266870e-01
20 24 4.894360e-01
20 25 4.196180e-01
20 26 3.245370e-01
20 27 2.202790e-01
20 28 1.266830e-01
20 29 5.903470e-02
20 30 2.108150e-02
20 31 5.375300e-03
20 32 8.962820e-04
20 33 8.778290e-05
20 34 5.410400e-06
20 35 2.406090e-07
20 36 1.346890e-08
20 37 0.000000e+00
20 38 0.000000e+00
20 39 0.000000e+00
20 40 0.000000e+00
21 1 8.427670e-04
21 2 3.435880e-04
21 3 5.084170e-04
21 4 6.965650e-04
21 5 1.001910e-03
21 6 1.430030e-03
21 7 2.036190e-03
21 8 2.920440e-03
21 9 4.173120e-03
21 10 6.032650e-03
21 11 8.715110e-03
21 12 1.267330e-02
21 13 1.854520e-02
21 14 2.745730e-02
21 15 4.087660e-02
21 16 6.142750e-02
21 17 9.298540e-02
21 18 1.420330e-01
21 19 2.188770e-01
21 20 3.407330e-01
21 21 4.966520e-01
21 22 5.549870e-01
21 23 5.567110e-01
21 24 5.253520e-01
21 25 4.589790e-01
21 26 3.631360e-01
21 27 2.532330e-01
21 28 1.503590e-01
21 29 7.274270e-02
21 30 2.713270e-02
21 31 7.275600e-03
21 32 1.285400e-03
21 33 1.342670e-04
21 34 8.471330e-06
21 35 4.131430e-07
21 36 2.492470e-08
21 37 0.000000e+00
21 38 0.000000e+00
21 39 0.000000e+00
21 40 0.000000e+00
22 1 5.507450e-04
22 2 2.248800e-04
22 3 3.328920e-04
22 4 4.563450e-04
22 5 6.568100e-04
22 6 9.381660e-04
22 7 1.337170e-03
22 8 1.920280e-03
22 9 2.748170e-03
22 10 3.980410e-03
22 11 5.763750e-03
22 12 8.402350e-03
22 13 1.232710e-02
22 14 1.830280e-02
22 15 2.736590e-02
22 16 4.137860e-02
22 17 6.307060e-02
22 18 9.709210e-02
22 19 1.508870e-01
22 20 2.371360e-01
22 21 3.756540e-01
22 22 5.524900e-01
22 23 6.011020e-01
22 24 5.768850e-01
22 25 5.142730e-01
22 26 4.170730e-01
22 27 2.995610e-01
22 28 1.842270e-01
22 29 9.290720e-02
22 30 3.637730e-02
22 31 1.032280e-02
22 32 1.946810e-03
22 33 2.191330e-04
22 34 1.363720e-05
22 35 6.624190e-07
22 36 4.984020e-08
22 37 0.000000e+00
22 38 0.000000e+00
22 39 0.000000e+00
22 40 0.000000e+00
23 1 3.319940e-04
23 2 1.359540e-04
23 3 2.013880e-04
23 4 2.762640e-04
23 5 3.979810e-04
23 6 5.691680e-04
23 7 8.123910e-04
23 8 1.168740e-03
23 9 1.676420e-03
23 10 2.434700e-03
23 11 3.537340e-03
23 12 5.177950e-03
23 13 7.630250e-03
23 14 1.137910e-02
23 15 1.710960e-02
23 16 2.610710e-02
23 17 4.031310e-02
23 18 6.299060e-02
23 19 9.934800e-02
23 20 1.584500e-01
23 21 2.548790e-01
23 22 4.132410e-01
23 23 6.141500e-01
23 24 6.478460e-01
23 25 5.901570e-01
23 26 4.913790e-01
23 27 3.643950e-01
23 28 2.328400e-01
23 29 1.228970e-01
23 30 5.078140e-02
23 31 1.535210e-02
23 32 3.117310e-03
23 33 3.822840e-04
23 34 2.522860e-05
23 35 1.232020e-06
23 36 1.078270e-07
23 37 0.000000e+00
23 38 0.000000e+00
23 39 0.000000e+00
23 40 0.000000e+00
24 1 1.957910e-04
24 2 8.042480e-05
24 3 1.191880e-04
24 4 1.636310e-04
24 5 2.359410e-04
24 6 3.377760e-04
24 7 4.828070e-04
24 8 6.957880e-04
24 9 1.000060e-03
24 10 1.456250e-03
24 11 2.122590e-03
24 12 3.119050e-03
24 13 4.617770e-03
24 14 6.921910e-03
24 15 1.046280e-02
24 16 1.605600e-02
24 17 2.496160e-02
24 18 3.935730e-02
24 19 6.282910e-02
24 20 1.015970e-01
24 21 1.659450e-01
24 22 2.736500e-01
24 23 4.539200e-01
24 24 6.807720e-01
24 25 6.928610e-01
24 26 5.937890e-01
24 27 4.561260e-01
24 28 3.040270e-01
24 29 1.687440e-01
24 30 7.398600e-02
24 31 2.397150e-02
24 32 5.275420e-03
24 33 7.096210e-04
24 34 5.133420e-05
24 35 2.512800e-06
24 36 2.449630e-07
24 37 0.000000e+00
24 38 0.000000e+00
24 39 0.000000e+00
24 40 0.000000e+00
25 1 1.060320e-04
25 2 4.373970e-05
25 3 6.487400e-05
25 4 8.913750e-05
25 5 1.286660e-04
25 6 1.844710e-04
25 7 2.641330e-04
25 8 3.814900e-04
25 9 5.498460e-04
25 10 8.033090e-04
25 11 1.175660e-03
25 12 1.736290e-03
25 13 2.586230e-03
25 14 3.904960e-03
25 15 5.951640e-03
25 16 9.218130e-03
25 17 1.448470e-02
25 18 2.311700e-02
25 19 3.742230e-02
25 20 6.150930e-02
25 21 1.023260e-01
25 22 1.721990e-01
25 23 2.920910e-01
25 24 4.972290e-01
25 25 7.530730e-01
25 26 7.347580e-01
25 27 5.860030e-01
25 28 4.088650e-01
25 29 2.397050e-01
25 30 1.121600e-01
25 31 3.922700e-02
25 32 9.438190e-03
25 33 1.407430e-03
25 34 1.142570e-04
25 35 5.594510e-06
25 36 5.816610e-07
25 37 0.000000e+00
25 38 0.000000e+00
25 39 0.000000e+00
25 40 0.000000e+00
26 1 4.793960e-05
26 2 2.011420e-05
26 3 2.984970e-05
26 4 4.104390e-05
26 5 5.929930e-05
26 6 8.511480e-05
26 7 1.220480e-04
26 8 1.766060e-04
26 9 2.551630e-04
26 10 3.739850e-04
26 11 5.496380e-04
26 12 8.161340e-04
26 13 1.224130e-03
26 14 1.865020e-03
26 15 2.875320e-03
26 16 4.516920e-03
26 17 7.219450e-03
26 18 1.176590e-02
26 19 1.953340e-02
26 20 3.306070e-02
26 21 5.681840e-02
26 22 9.899470e-02
26 23 1.740990e-01
26 24 3.077080e-01
26 25 5.433810e-01
26 26 8.350030e-01
26 27 7.749910e-01
26 28 5.662950e-01
26 29 3.513530e-01
26 30 1.761400e-01
26 31 6.695970e-02
26 32 1.781070e-02
26 33 2.995710e-03
26 34 2.805130e-04
26 35 1.382270e-05
26 36 7.863710e-07
26 37 0.000000e+00
26 38 0.000000e+00
26 39 0.000000e+00
26 40 0.000000e+00
27 1 2.108750e-05
27 2 9.210140e-06
27 3 1.368260e-05
27 4 1.884030e-05
27 5 2.726630e-05
27 6 3.921630e-05
27 7 5.638000e-05
27 8 8.184050e-05
27 9 1.186940e-04
27 10 1.747740e-04
27 11 2.582850e-04
27 12 3.860850e-04
27 13 5.836880e-04
27 14 8.974980e-04
27 15 1.398610e-03
27 16 2.224650e-03
27 17 3.607750e-03
27 18 5.974050e-03
27 19 1.008520e-02
27 20 1.736820e-02
27 21 3.040220e-02
27 22 5.412730e-02
27 23 9.776510e-02
27 24 1.782200e-01
27 25 3.258810e-01
27 26 5.926890e-01
27 27 9.177150e-01
27 28 8.044170e-01
27 29 5.318180e-01
27 30 2.877660e-01
27 31 1.197650e-01
27 32 3.541320e-02
27 33 6.731850e-03
27 34 7.250980e-04
27 35 3.865910e-05
27 36 1.219030e-06
27 37 0.000000e+00
27 38 0.000000e+00
27 39 0.000000e+00
27 40 0.000000e+00
28 1 7.461910e-06
28 2 3.449770e-06
28 3 5.140850e-06
28 4 7.091710e-06
28 5 1.027880e-05
28 6 1.481200e-05
28 7 2.134610e-05
28 8 3.107940e-05
28 9 4.524470e-05
28 10 6.693490e-05
28 11 9.949210e-05
28 12 1.497690e-04
28 13 2.283940e-04
28 14 3.549820e-04
28 15 5.605000e-04
28 16 9.058620e-04
28 17 1.497530e-03
28 18 2.539240e-03
28 19 4.413360e-03
28 20 7.855800e-03
28 21 1.423300e-02
28 22 2.621190e-02
28 23 4.906620e-02
28 24 9.319840e-02
28 25 1.784860e-01
28 26 3.413320e-01
28 27 6.447270e-01
28 28 1.007990e+00
28 29 8.252500e-01
28 30 4.836310e-01
28 31 2.217530e-01
28 32 7.362560e-02
28 33 1.604860e-02
28 34 2.029340e-03
28 35 1.276760e-04
28 36 3.774860e-06
28 37 0.000000e+00
28 38 0.000000e+00
28 39 0.000000e+00
28 40 0.000000e+00
29 1 1.856460e-06
29 2 1.027890e-06
29 3 1.599520e-06
29 4 2.255640e-06
29 5 3.289860e-06
29 6 4.747360e-06
29 7 6.842120e-06
29 8 9.951270e-06
29 9 1.446820e-05
29 10 2.137730e-05
29 11 3.174640e-05
29 12 4.778670e-05
29 13 7.296310e-05
29 14 1.137660e-04
29 15 1.807240e-04
29 16 2.950590e-04
29 17 4.953940e-04
29 18 8.586930e-04
29 19 1.538430e-03
29 20 2.855910e-03
29 21 5.472490e-03
29 22 1.072000e-02
29 23 2.118430e-02
29 24 4.226850e-02
29 25 8.531190e-02
29 26 1.736970e-01
29 27 3.521510e-01
29 28 6.988030e-01
29 29 1.107820e+00
29 30 8.355470e-01
29 31 4.229160e-01
29 32 1.586510e-01
29 33 4.012690e-02
29 34 6.069040e-03
29 35 4.715130e-04
29 36 1.620260e-05
29 37 4.700150e-07
29 38 0.000000e+00
29 39 0.000000e+00
29 40 0.000000e+00
30 1 3.023790e-07
30 2 1.730930e-07
30 3 2.863800e-07
30 4 4.380750e-07
30 5 6.985140e-07
30 6 1.079000e-06
30 7 1.638290e-06
30 8 2.477000e-06
30 9 3.698910e-06
30 10 5.564580e-06
30 11 8.382520e-06
30 12 1.282170e-05
30 13 1.994310e-05
30 14 3.176800e-05
30 15 5.172510e-05
30 16 8.684750e-05
30 17 1.505170e-04
30 18 2.704810e-04
30 19 5.049200e-04
30 20 9.820460e-04
30 21 1.970470e-03
30 22 4.031500e-03
30 23 8.347290e-03
30 24 1.745490e-02
30 25 3.693090e-02
30 26 7.936130e-02
30 27 1.715270e-01
30 28 3.660000e-01
30 29 7.554200e-01
30 30 1.204230e+00
30 31 8.290070e-01
30 32 3.542530e-01
30 33 1.047410e-01
30 34 1.903900e-02
30 35 1.834060e-03
30 36 7.815160e-05
30 37 2.341070e-06
30 38 7.865820e-07
30 39 0.000000e+00
30 40 0.000000e+00
31 1 4.667110e-08
31 2 2.671620e-08
31 3 4.420170e-08
31 4 6.761670e-08
31 5 1.083440e-07
31 6 1.721150e-07
31 7 2.722100e-07
31 8 4.325800e-07
31 9 6.810110e-07
31 10 1.075470e-06
31 11 1.679590e-06
31 12 2.610870e-06
31 13 4.111870e-06
31 14 6.640890e-06
31 15 1.099070e-05
31 16 1.881780e-05
31 17 3.337560e-05
31 18 6.162790e-05
31 19 1.187640e-04
31 20 2.399300e-04
31 21 5.074980e-04
31 22 1.117120e-03
31 23 2.512440e-03
31 24 5.714600e-03
31 25 1.309860e-02
31 26 3.015990e-02
31 27 7.037410e-02
31 28 1.644650e-01
31 29 3.755700e-01
31 30 8.158390e-01
31 31 1.306030e+00
31 32 8.052310e-01
31 33 2.810100e-01
31 34 6.242730e-02
31 35 7.616290e-03
31 36 4.235130e-04
31 37 9.871580e-06
31 38 1.147150e-06
31 39 0.000000e+00
31 40 0.000000e+00
32 1 6.963450e-09
32 2 3.986130e-09
32 3 6.595010e-09
32 4 1.008860e-08
32 5 1.616510e-08
32 6 2.568000e-08
32 7 4.061440e-08
32 8 6.454650e-08
32 9 1.018790e-07
32 10 1.620960e-07
32 11 2.566250e-07
32 12 4.066590e-07
32 13 6.438960e-07
32 14 1.029610e-06
32 15 1.679400e-06
32 16 2.872520e-06
32 17 5.170190e-06
32 18 9.840080e-06
32 19 1.978780e-05
32 20 4.215910e-05
32 21 9.507710e-05
32 22 2.269570e-04
32 23 5.675020e-04
32 24 1.451510e-03
32 25 3.705620e-03
32 26 9.266300e-03
32 27 2.338900e-02
32 28 6.018940e-02
32 29 1.543410e-01
32 30 3.814470e-01
32 31 8.777900e-01
32 32 1.410310e+00
32 33 7.643080e-01
32 34 2.092670e-01
32 35 3.294690e-02
32 36 2.481480e-03
32 37 7.135460e-05
32 38 1.092260e-06
32 39 2.828150e-09
32 40 0.000000e+00
33 1 1.400010e-09
33 2 8.014200e-10
33 3 1.325940e-09
33 4 2.028320e-09
33 5 3.250020e-09
33 6 5.163000e-09
33 7 8.165580e-09
33 8 1.297720e-08
33 9 2.048290e-08
33 10 3.258960e-08
33 11 5.159480e-08
33 12 8.175930e-08
33 13 1.294370e-07
33 14 2.054790e-07
33 15 3.252310e-07
33 16 5.158870e-07
33 17 8.198120e-07
33 18 1.352490e-06
33 19 2.463790e-06
33 20 5.199380e-06
33 21 1.231480e-05
33 22 3.190730e-05
33 23 8.891230e-05
33 24 2.609100e-04
33 25 7.745210e-04
33 26 2.180160e-03
33 27 6.026470e-03
33 28 1.708260e-02
33 29 4.952550e-02
33 30 1.417880e-01
33 31 3.839360e-01
33 32 9.413530e-01
33 33 1.514020e+00
33 34 7.063960e-01
33 35 1.447280e-01
33 36 1.506390e-02
33 37 6.322820e-04
33 38 8.561970e-06
33 39 7.531130e-08
33 40 4.793700e-10
34 1 3.140200e-10
34 2 1.797600e-10
34 3 2.974000e-10
34 4 4.549500e-10
34 5 7.289700e-10
34 6 1.158050e-09
34 7 1.831520e-09
34 8 2.910750e-09
34 9 4.594280e-09
34 10 7.309790e-09
34 11 1.157260e-08
34 12 1.833850e-08
34 13 2.903240e-08
34 14 4.608860e-08
34 15 7.294880e-08
34 16 1.157120e-07
34 17 1.833910e-07
34 18 2.906790e-07
34 19 4.604900e-07
34 20 7.513080e-07
34 21 1.366440e-06
34 22 3.036920e-06
34 23 8.349170e-06
34 24 2.673660e-05
34 25 9.226690e-05
34 26 3.236810e-04
34 27 1.061160e-03
34 28 3.427600e-03
34 29 1.142970e-02
34 30 3.869310e-02
34 31 1.269620e-01
34 32 3.829600e-01
34 33 1.007170e+00
34 34 1.613920e+00
34 35 6.330800e-01
34 36 9.189460e-02
34 37 5.816620e-03
34 38 1.199250e-04
34 39 9.245570e-07
34 40 1.007580e-08
35 1 1.329800e-10
35 2 7.612300e-11
35 3 1.259400e-10
35 4 1.926600e-10
35 5 3.087100e-10
35 6 4.904100e-10
35 7 7.756100e-10
35 8 1.232640e-09
35 9 1.945580e-09
35 10 3.095540e-09
35 11 4.900760e-09
35 12 7.765950e-09
35 13 1.229460e-08
35 14 1.951760e-08
35 15 3.089230e-08
35 16 4.900180e-08
35 17 7.766240e-08
35 18 1.230960e-07
35 19 1.949580e-07
35 20 3.091550e-07
35 21 4.898650e-07
35 22 7.766860e-07
35 23 1.254500e-06
35 24 2.366590e-06
35 25 6.406900e-06
35 26 2.262520e-05
35 27 8.749990e-05
35 28 3.599640e-04
35 29 1.545390e-03
35 30 6.706980e-03
35 31 2.828760e-02
35 32 1.104930e-01
35 33 3.785170e-01
35 34 1.074030e+00
35 35 1.707410e+00
35 36 5.490020e-01
35 37 5.277310e-02
35 38 1.831720e-03
35 39 1.670690e-05
35 40 9.395270e-08
36 1 4.574700e-11
36 2 2.618800e-11
36 3 4.332700e-11
36 4 6.627900e-11
36 5 1.062000e-10
36 6 1.687100e-10
36 7 2.668200e-10
36 8 4.240500e-10
36 9 6.693100e-10
36 10 1.064920e-09
36 11 1.685940e-09
36 12 2.671610e-09
36 13 4.229540e-09
36 14 6.714350e-09
36 15 1.062740e-08
36 16 1.685740e-08
36 17 2.671710e-08
36 18 4.234710e-08
36 19 6.706850e-08
36 20 1.063540e-07
36 21 1.685210e-07
36 22 2.671420e-07
36 23 4.233900e-07
36 24 6.719280e-07
36 25 1.103490e-06
36 26 2.205330e-06
36 27 6.920110e-06
36 28 2.935280e-05
36 29 1.402690e-04
36 30 7.202090e-04
36 31 3.818660e-03
36 32 1.972430e-02
36 33 9.268790e-02
36 34 3.674470e-01
36 35 1.140110e+00
36 36 1.794950e+00
36 37 4.594230e-01
36 38 2.691700e-02
36 39 4.544000e-04
36 40 1.823600e-06
37 1 2.800300e-11
37 2 1.603000e-11
37 3 2.652100e-11
37 4 4.057000e-11
37 5 6.500600e-11
37 6 1.032700e-10
37 7 1.633300e-10
37 8 2.595700e-10
37 9 4.097000e-10
37 10 6.518500e-10
37 11 1.031990e-09
37 12 1.635340e-09
37 13 2.588970e-09
37 14 4.109970e-09
37 15 6.505230e-09
37 16 1.031870e-08
37 17 1.635400e-08
37 18 2.592140e-08
37 19 4.105370e-08
37 20 6.510130e-08
37 21 1.031550e-07
37 22 1.635220e-07
37 23 2.591640e-07
37 24 4.106970e-07
37 25 6.509470e-07
37 26 1.033150e-06
37 27 1.715190e-06
37 28 3.424320e-06
37 29 1.075280e-05
37 30 5.277860e-05
37 31 3.135820e-04
37 32 2.023160e-03
37 33 1.298640e-02
37 34 7.514660e-02
37 35 3.520760e-01
37 36 1.206400e+00
37 37 1.871640e+00
37 38 3.701330e-01
37 39 1.200670e-02
37 40 8.556420e-05
38 1 8.482200e-12
38 2 4.855500e-12
38 3 8.033400e-12
38 4 1.228900e-11
38 5 1.969100e-11
38 6 3.128100e-11
38 7 4.947200e-11
38 8 7.862400e-11
38 9 1.241000e-10
38 10 1.974500e-10
38 11 3.125900e-10
38 12 4.953500e-10
38 13 7.842100e-10
38 14 1.244930e-09
38 15 1.970460e-09
38 16 3.125570e-09
38 17 4.953690e-09
38 18 7.851690e-09
38 19 1.243530e-08
38 20 1.971940e-08
38 21 3.124600e-08
38 22 4.953150e-08
38 23 7.850180e-08
38 24 1.244020e-07
38 25 1.971740e-07
38 26 3.124990e-07
38 27 4.970690e-07
38 28 8.442800e-07
38 29 1.769710e-06
38 30 5.101270e-06
38 31 2.172140e-05
38 32 1.338040e-04
38 33 1.007040e-03
38 34 8.056670e-03
38 35 5.877420e-02
38 36 3.329890e-01
38 37 1.272220e+00
38 38 1.934910e+00
38 39 2.871990e-01
38 40 4.590810e-03
39 1 1.781600e-12
39 2 1.019800e-12
39 3 1.687300e-12
39 4 2.581100e-12
39 5 4.135800e-12
39 6 6.570200e-12
39 7 1.039100e-11
39 8 1.651400e-11
39 9 2.606500e-11
39 10 4.147200e-11
39 11 6.565700e-11
39 12 1.040400e-10
39 13 1.647100e-10
39 14 2.614800e-10
39 15 4.138700e-10
39 16 6.564900e-10
39 17 1.040460e-09
39 18 1.649150e-09
39 19 2.611900e-09
39 20 4.141830e-09
39 21 6.562850e-09
39 22 1.040350e-08
39 23 1.648840e-08
39 24 2.612910e-08
39 25 4.141410e-08
39 26 6.563660e-08
39 27 1.040260e-07
39 28 1.648940e-07
39 29 2.697920e-07
39 30 5.210410e-07
39 31 1.453400e-06
39 32 6.729930e-06
39 33 4.820950e-05
39 34 4.466880e-04
39 35 4.619740e-03
39 36 4.413050e-02
39 37 3.112100e-01
39 38 1.337940e+00
39 39 1.982650e+00
39 40 2.164230e-01
40 1 2.411300e-12
40 2 1.380300e-12
40 3 2.283800e-12
40 4 3.493500e-12
40 5 5.597700e-12
40 6 8.892600e-12
40 7 1.406400e-11
40 8 2.235100e-11
40 9 3.527900e-11
40 10 5.613100e-11
40 11 8.886500e-11
40 12 1.408200e-10
40 13 2.229400e-10
40 14 3.539100e-10
40 15 5.601700e-10
40 16 8.885500e-10
40 17 1.408250e-09
40 18 2.232100e-09
40 19 3.535160e-09
40 20 5.605900e-09
40 21 8.882710e-09
40 22 1.408100e-08
40 23 2.231680e-08
40 24 3.536530e-08
40 25 5.605330e-08
40 26 8.883810e-08
40 27 1.407980e-07
40 28 2.231490e-07
40 29 3.536650e-07
40 30 5.604450e-07
40 31 8.865310e-07
40 32 1.401790e-06
40 33 2.578250e-06
40 34 1.131700e-05
40 35 1.385400e-04
40 36 2.206420e-03
40 37 3.094350e-02
40 38 2.872410e-01
40 39 1.405360e+00
40 40 2.169640e+00
