1 1 1.245980e-01
1 2 4.621980e-02
1 3 6.072110e-02
1 4 7.358500e-02
1 5 9.355010e-02
1 6 1.176430e-01
1 7 1.471810e-01
1 8 1.848300e-01
1 9 2.302850e-01
1 10 2.887270e-01
1 11 3.593780e-01
1 12 4.466620e-01
1 13 5.529000e-01
1 14 6.833800e-01
1 15 8.378150e-01
1 16 1.022720e+00
1 17 1.236960e+00
1 18 1.480840e+00
1 19 1.748810e+00
1 20 2.034270e+00
1 21 2.316100e+00
1 22 2.570860e+00
1 23 2.762270e+00
1 24 2.848490e+00
1 25 2.790490e+00
1 26 2.562560e+00
1 27 2.170080e+00
1 28 1.660040e+00
1 29 1.117930e+00
1 30 6.418260e-01
1 31 3.018500e-01
1 32 1.106510e-01
1 33 2.973700e-02
1 34 5.429510e-03
1 35 6.133030e-04
1 36 3.877660e-05
1 37 1.805560e-06
1 38 5.755570e-08
1 39 0.000000e+00
1 40 0.000000e+00
2 1 9.909700e-02
2 2 4.010850e-02
2 3 5.415390e-02
2 4 6.573550e-02
2 5 8.357060e-02
2 6 1.050940e-01
2 7 1.314810e-01
2 8 1.651140e-01
2 9 2.057230e-01
2 10 2.579320e-01
2 11 3.210500e-01
2 12 3.990320e-01
2 13 4.939390e-01
2 14 6.105090e-01
2 15 7.484880e-01
2 16 9.136950e-01
2 17 1.105180e+00
2 18 1.323080e+00
2 19 1.562550e+00
2 20 1.817680e+00
2 21 2.069610e+00
2 22 2.297520e+00
2 23 2.468800e+00
2 24 2.546120e+00
2 25 2.494680e+00
2 26 2.291380e+00
2 27 1.940930e+00
2 28 1.485230e+00
2 29 1.000610e+00
2 30 5.747640e-01
2 31 2.704820e-01
2 32 9.922660e-02
2 33 2.669030e-02
2 34 4.879340e-03
2 35 5.519750e-04
2 36 3.499050e-05
2 37 1.631080e-06
2 38 5.206160e-08
2 39 0.000000e+00
2 40 0.000000e+00
3 1 7.815750e-02
3 2 3.272720e-02
3 3 4.697350e-02
3 4 5.858460e-02
3 5 7.456060e-02
3 6 9.376300e-02
3 7 1.173060e-01
3 8 1.473140e-01
3 9 1.835450e-01
3 10 2.301270e-01
3 11 2.864450e-01
3 12 3.560260e-01
3 13 4.407090e-01
3 14 5.447220e-01
3 15 6.678450e-01
3 16 8.152660e-01
3 17 9.861920e-01
3 18 1.180680e+00
3 19 1.394420e+00
3 20 1.622180e+00
3 21 1.847150e+00
3 22 2.050810e+00
3 23 2.203950e+00
3 24 2.273320e+00
3 25 2.227840e+00
3 26 2.046790e+00
3 27 1.734320e+00
3 28 1.327670e+00
3 29 8.949220e-01
3 30 5.143860e-01
3 31 2.422590e-01
3 32 8.895690e-02
3 33 2.395610e-02
3 34 4.386260e-03
3 35 4.971100e-04
3 36 3.163700e-05
3 37 1.475830e-06
3 38 4.720520e-08
3 39 0.000000e+00
3 40 0.000000e+00
4 1 6.089670e-02
4 2 2.574910e-02
4 3 3.826090e-02
4 4 5.094410e-02
4 5 6.650190e-02
4 6 8.369410e-02
4 7 1.047090e-01
4 8 1.314960e-01
4 9 1.638370e-01
4 10 2.054180e-01
4 11 2.556930e-01
4 12 3.178070e-01
4 13 3.934090e-01
4 14 4.862670e-01
4 15 5.961920e-01
4 16 7.278080e-01
4 17 8.804440e-01
4 18 1.054150e+00
4 19 1.245040e+00
4 20 1.448500e+00
4 21 1.649580e+00
4 22 1.831670e+00
4 23 1.968710e+00
4 24 2.031150e+00
4 25 1.991000e+00
4 26 1.829760e+00
4 27 1.551050e+00
4 28 1.187990e+00
4 29 8.012850e-01
4 30 4.609370e-01
4 31 2.172970e-01
4 32 7.988480e-02
4 33 2.154660e-02
4 34 3.952510e-03
4 35 4.489640e-04
4 36 2.873770e-05
4 37 1.340630e-06
4 38 4.301760e-08
4 39 0.000000e+00
4 40 0.000000e+00
5 1 4.894950e-02
5 2 2.047240e-02
5 3 3.037510e-02
5 4 4.157680e-02
5 5 5.798590e-02
5 6 7.478060e-02
5 7 9.361160e-02
5 8 1.175600e-01
5 9 1.464750e-01
5 10 1.836510e-01
5 11 2.286020e-01
5 12 2.841390e-01
5 13 3.517390e-01
5 14 4.347750e-01
5 15 5.330720e-01
5 16 6.507800e-01
5 17 7.872860e-01
5 18 9.427170e-01
5 19 1.113500e+00
5 20 1.295580e+00
5 21 1.475620e+00
5 22 1.638750e+00
5 23 1.761690e+00
5 24 1.818050e+00
5 25 1.782680e+00
5 26 1.638940e+00
5 27 1.389970e+00
5 28 1.065290e+00
5 29 7.191000e-01
5 30 4.140700e-01
5 31 1.954370e-01
5 32 7.195470e-02
5 33 1.944460e-02
5 34 3.575080e-03
5 35 4.072250e-04
5 36 2.620610e-05
5 37 1.224530e-06
5 38 3.943290e-08
5 39 0.000000e+00
5 40 0.000000e+00
6 1 3.879440e-02
6 2 1.614500e-02
6 3 2.398560e-02
6 4 3.289460e-02
6 5 4.720720e-02
6 6 6.527300e-02
6 7 8.366020e-02
6 8 1.051080e-01
6 9 1.309620e-01
6 10 1.642030e-01
6 11 2.043970e-01
6 12 2.540590e-01
6 13 3.145100e-01
6 14 3.887720e-01
6 15 4.766860e-01
6 16 5.819780e-01
6 17 7.040710e-01
6 18 8.431740e-01
6 19 9.960340e-01
6 20 1.159040e+00
6 21 1.320320e+00
6 22 1.466560e+00
6 23 1.577000e+00
6 24 1.627960e+00
6 25 1.596940e+00
6 26 1.468900e+00
6 27 1.246490e+00
6 28 9.560850e-01
6 29 6.460330e-01
6 30 3.724580e-01
6 31 1.760600e-01
6 32 6.494370e-02
6 33 1.759130e-02
6 34 3.243470e-03
6 35 3.707560e-04
6 36 2.397140e-05
6 37 1.124350e-06
6 38 3.635920e-08
6 39 0.000000e+00
6 40 0.000000e+00
7 1 2.981600e-02
7 2 1.236600e-02
7 3 1.858380e-02
7 4 2.572110e-02
7 5 3.714170e-02
7 6 5.298240e-02
7 7 7.313630e-02
7 8 9.401610e-02
7 9 1.171780e-01
7 10 1.469230e-01
7 11 1.828910e-01
7 12 2.273340e-01
7 13 2.814350e-01
7 14 3.479010e-01
7 15 4.265960e-01
7 16 5.208520e-01
7 17 6.301720e-01
7 18 7.547400e-01
7 19 8.917160e-01
7 20 1.037830e+00
7 21 1.182450e+00
7 22 1.313740e+00
7 23 1.413140e+00
7 24 1.459340e+00
7 25 1.432270e+00
7 26 1.318280e+00
7 27 1.119530e+00
7 28 8.595140e-01
7 29 5.815070e-01
7 30 3.357700e-01
7 31 1.590180e-01
7 32 5.879580e-02
7 33 1.597190e-02
7 34 2.955300e-03
7 35 3.393150e-04
7 36 2.207730e-05
7 37 1.039710e-06
7 38 3.379850e-08
7 39 0.000000e+00
7 40 0.000000e+00
8 1 2.326740e-02
8 2 9.653060e-03
8 3 1.452150e-02
8 4 2.015510e-02
8 5 2.917230e-02
8 6 4.169770e-02
8 7 5.923360e-02
8 8 8.226450e-02
8 9 1.048980e-01
8 10 1.315540e-01
8 11 1.637640e-01
8 12 2.035660e-01
8 13 2.520200e-01
8 14 3.115560e-01
8 15 3.820540e-01
8 16 4.665020e-01
8 17 5.644780e-01
8 18 6.761300e-01
8 19 7.989990e-01
8 20 9.301110e-01
8 21 1.059970e+00
8 22 1.178020e+00
8 23 1.267630e+00
8 24 1.309730e+00
8 25 1.286240e+00
8 26 1.184820e+00
8 27 1.007180e+00
8 28 7.741620e-01
8 29 5.245680e-01
8 30 3.034720e-01
8 31 1.440590e-01
8 32 5.342060e-02
8 33 1.456350e-02
8 34 2.706570e-03
8 35 3.124510e-04
8 36 2.047670e-05
8 37 9.697110e-07
8 38 3.171970e-08
8 39 0.000000e+00
8 40 0.000000e+00
9 1 1.898190e-02
9 2 7.718630e-03
9 3 1.141830e-02
9 4 1.573490e-02
9 5 2.286240e-02
9 6 3.281440e-02
9 7 4.670850e-02
9 8 6.668990e-02
9 9 9.203310e-02
9 10 1.180020e-01
9 11 1.469170e-01
9 12 1.826310e-01
9 13 2.261140e-01
9 14 2.795470e-01
9 15 3.428290e-01
9 16 4.186490e-01
9 17 5.066340e-01
9 18 6.069530e-01
9 19 7.174010e-01
9 20 8.353120e-01
9 21 9.522580e-01
9 22 1.058700e+00
9 23 1.139750e+00
9 24 1.178390e+00
9 25 1.158140e+00
9 26 1.067880e+00
9 27 9.088990e-01
9 28 6.996490e-01
9 29 4.749730e-01
9 30 2.754320e-01
9 31 1.311280e-01
9 32 4.880100e-02
9 33 1.336270e-02
9 34 2.496920e-03
9 35 2.901560e-04
9 36 1.916850e-05
9 37 9.145770e-07
9 38 3.013490e-08
9 39 0.000000e+00
9 40 0.000000e+00
10 1 1.480580e-02
10 2 6.011890e-03
10 3 8.930650e-03
10 4 1.233320e-02
10 5 1.790900e-02
10 6 2.574100e-02
10 7 3.670660e-02
10 8 5.247070e-02
10 9 7.443700e-02
10 10 1.036350e-01
10 11 1.319330e-01
10 12 1.640260e-01
10 13 2.030920e-01
10 14 2.511030e-01
10 15 3.079790e-01
10 16 3.761350e-01
10 17 4.552530e-01
10 18 5.455140e-01
10 19 6.449320e-01
10 20 7.511930e-01
10 21 8.566950e-01
10 22 9.528960e-01
10 23 1.026470e+00
10 24 1.062090e+00
10 25 1.044860e+00
10 26 9.645810e-01
10 27 8.222240e-01
10 28 6.341360e-01
10 29 4.314800e-01
10 30 2.509440e-01
10 31 1.199000e-01
10 32 4.482010e-02
10 33 1.233910e-02
10 34 2.320990e-03
10 35 2.718790e-04
10 36 1.813170e-05
10 37 8.731400e-07
10 38 2.901600e-08
10 39 0.000000e+00
10 40 0.000000e+00
11 1 1.136900e-02
11 2 4.614740e-03
11 3 6.839770e-03
11 4 9.423970e-03
11 5 1.369420e-02
11 6 1.981500e-02
11 7 2.848280e-02
11 8 4.094300e-02
11 9 5.829990e-02
11 10 8.359280e-02
11 11 1.160700e-01
11 12 1.476320e-01
11 13 1.828170e-01
11 14 2.260570e-01
11 15 2.772920e-01
11 16 3.387120e-01
11 17 4.100380e-01
11 18 4.914530e-01
11 19 5.811900e-01
11 20 6.772400e-01
11 21 7.727230e-01
11 22 8.599940e-01
11 23 9.270930e-01
11 24 9.601790e-01
11 25 9.457290e-01
11 26 8.743590e-01
11 27 7.467040e-01
11 28 5.772560e-01
11 29 3.938900e-01
11 30 2.299020e-01
11 31 1.103340e-01
11 32 4.146770e-02
11 33 1.149190e-02
11 34 2.179150e-03
11 35 2.577590e-04
11 36 1.738590e-05
11 37 8.466700e-07
11 38 2.842170e-08
11 39 0.000000e+00
11 40 0.000000e+00
12 1 9.242870e-03
12 2 3.746270e-03
12 3 5.529640e-03
12 4 7.561790e-03
12 5 1.085910e-02
12 6 1.545970e-02
12 7 2.208170e-02
12 8 3.188540e-02
12 9 4.561350e-02
12 10 6.554800e-02
12 11 9.362760e-02
12 12 1.302150e-01
12 13 1.649610e-01
12 14 2.040080e-01
12 15 2.502830e-01
12 16 3.057790e-01
12 17 3.702680e-01
12 18 4.439160e-01
12 19 5.251840e-01
12 20 6.122580e-01
12 21 6.990170e-01
12 22 7.785430e-01
12 23 8.400440e-01
12 24 8.710710e-01
12 25 8.592280e-01
12 26 7.958500e-01
12 27 6.812160e-01
12 28 5.281510e-01
12 29 3.616640e-01
12 30 2.120150e-01
12 31 1.023010e-01
12 32 3.870260e-02
12 33 1.081200e-02
12 34 2.070150e-03
12 35 2.477230e-04
12 36 1.693430e-05
12 37 8.354580e-07
12 38 2.836150e-08
12 39 0.000000e+00
12 40 0.000000e+00
13 1 6.804000e-03
13 2 2.759020e-03
13 3 4.072270e-03
13 4 5.562170e-03
13 5 7.989490e-03
13 6 1.145220e-02
13 7 1.647740e-02
13 8 2.399640e-02
13 9 3.479730e-02
13 10 5.055160e-02
13 11 7.271390e-02
13 12 1.045060e-01
13 13 1.457780e-01
13 14 1.846600e-01
13 15 2.265920e-01
13 16 2.768940e-01
13 17 3.353860e-01
13 18 4.022560e-01
13 19 4.761210e-01
13 20 5.553710e-01
13 21 6.345610e-01
13 22 7.073980e-01
13 23 7.641060e-01
13 24 7.934870e-01
13 25 7.841030e-01
13 26 7.278940e-01
13 27 6.247850e-01
13 28 4.860770e-01
13 29 3.342920e-01
13 30 1.970030e-01
13 31 9.568090e-02
13 32 3.648690e-02
13 33 1.029200e-02
13 34 1.993690e-03
13 35 2.419300e-04
13 36 1.680750e-05
13 37 8.422010e-07
13 38 2.897150e-08
13 39 0.000000e+00
13 40 0.000000e+00
14 1 5.711300e-03
14 2 2.315360e-03
14 3 3.416580e-03
14 4 4.665020e-03
14 5 6.683400e-03
14 6 9.503430e-03
14 7 1.349910e-02
14 8 1.930120e-02
14 9 2.746110e-02
14 10 3.966440e-02
14 11 5.697210e-02
14 12 8.173690e-02
14 13 1.171950e-01
14 14 1.637540e-01
14 15 2.058910e-01
14 16 2.516780e-01
14 17 3.049430e-01
14 18 3.659020e-01
14 19 4.333640e-01
14 20 5.058730e-01
14 21 5.785440e-01
14 22 6.457000e-01
14 23 6.984320e-01
14 24 7.265850e-01
14 25 7.196040e-01
14 26 6.698860e-01
14 27 5.769950e-01
14 28 4.508060e-01
14 29 3.116880e-01
14 30 1.848680e-01
14 31 9.050160e-02
14 32 3.484320e-02
14 33 9.941980e-03
14 34 1.952410e-03
14 35 2.407780e-04
14 36 1.703610e-05
14 37 8.685190e-07
14 38 3.026470e-08
14 39 7.050800e-10
14 40 0.000000e+00
15 1 4.447150e-03
15 2 1.802800e-03
15 3 2.660400e-03
15 4 3.632630e-03
15 5 5.203130e-03
15 6 7.388660e-03
15 7 1.046610e-02
15 8 1.496420e-02
15 9 2.137670e-02
15 10 3.087380e-02
15 11 4.431530e-02
15 12 6.359180e-02
15 13 9.118250e-02
15 14 1.313150e-01
15 15 1.832120e-01
15 16 2.297640e-01
15 17 2.785260e-01
15 18 3.343990e-01
15 19 3.963120e-01
15 20 4.630360e-01
15 21 5.301320e-01
15 22 5.925180e-01
15 23 6.420010e-01
15 24 6.692830e-01
15 25 6.646740e-01
15 26 6.208280e-01
15 27 5.369760e-01
15 28 4.217060e-01
15 29 2.934110e-01
15 30 1.753800e-01
15 31 8.667010e-02
15 32 3.374950e-02
15 33 9.761940e-03
15 34 1.948280e-03
15 35 2.448930e-04
15 36 1.770210e-05
15 37 9.207780e-07
15 38 3.256800e-08
15 39 9.953200e-10
15 40 0.000000e+00
16 1 3.378330e-03
16 2 1.369820e-03
16 3 2.021540e-03
16 4 2.760690e-03
16 5 3.954490e-03
16 6 5.615530e-03
16 7 7.945920e-03
16 8 1.133180e-02
16 9 1.614870e-02
16 10 2.333660e-02
16 11 3.369370e-02
16 12 4.871520e-02
16 13 7.023290e-02
16 14 1.014880e-01
16 15 1.464590e-01
16 16 2.054480e-01
16 17 2.560020e-01
16 18 3.075670e-01
16 19 3.647820e-01
16 20 4.266870e-01
16 21 4.891720e-01
16 22 5.476660e-01
16 23 5.946350e-01
16 24 6.214740e-01
16 25 6.192070e-01
16 26 5.806960e-01
16 27 5.047590e-01
16 28 3.988470e-01
16 29 2.795900e-01
16 30 1.686620e-01
16 31 8.428240e-02
16 32 3.326260e-02
16 33 9.776080e-03
16 34 1.988340e-03
16 35 2.555470e-04
16 36 1.893730e-05
16 37 1.008280e-06
16 38 3.623160e-08
16 39 1.166250e-09
16 40 0.000000e+00
17 1 2.695110e-03
17 2 1.092940e-03
17 3 1.612950e-03
17 4 2.202430e-03
17 5 3.154670e-03
17 6 4.478750e-03
17 7 6.336520e-03
17 8 9.023720e-03
17 9 1.280110e-02
17 10 1.837460e-02
17 11 2.633510e-02
17 12 3.784880e-02
17 13 5.437080e-02
17 14 7.841630e-02
17 15 1.130080e-01
17 16 1.637910e-01
17 17 2.299090e-01
17 18 2.844990e-01
17 19 3.377920e-01
17 20 3.955980e-01
17 21 4.543020e-01
17 22 5.096600e-01
17 23 5.548000e-01
17 24 5.816350e-01
17 25 5.818030e-01
17 26 5.482760e-01
17 27 4.794470e-01
17 28 3.816490e-01
17 29 2.699400e-01
17 30 1.646240e-01
17 31 8.335010e-02
17 32 3.341440e-02
17 33 1.000410e-02
17 34 2.079280e-03
17 35 2.740510e-04
17 36 2.087310e-05
17 37 1.140040e-06
17 38 4.132130e-08
17 39 1.411810e-09
17 40 0.000000e+00
18 1 2.035200e-03
18 2 8.254710e-04
18 3 1.218300e-03
18 4 1.663790e-03
18 5 2.383520e-03
18 6 3.384850e-03
18 7 4.789140e-03
18 8 6.816130e-03
18 9 9.656850e-03
18 10 1.384030e-02
18 11 1.982760e-02
18 12 2.856380e-02
18 13 4.122530e-02
18 14 5.968950e-02
18 15 8.627530e-02
18 16 1.253150e-01
18 17 1.826140e-01
18 18 2.573160e-01
18 19 3.155990e-01
18 20 3.701540e-01
18 21 4.259090e-01
18 22 4.789580e-01
18 23 5.229470e-01
18 24 5.502520e-01
18 25 5.529480e-01
18 26 5.240590e-01
18 27 4.614990e-01
18 28 3.705260e-01
18 29 2.648300e-01
18 30 1.635550e-01
18 31 8.407730e-02
18 32 3.432250e-02
18 33 1.049780e-02
18 34 2.237140e-03
18 35 3.035450e-04
18 36 2.386340e-05
18 37 1.341740e-06
18 38 4.880620e-08
18 39 1.791600e-09
18 40 0.000000e+00
19 1 1.461440e-03
19 2 5.930050e-04
19 3 8.753630e-04
19 4 1.195710e-03
19 5 1.713400e-03
19 6 2.433990e-03
19 7 3.445480e-03
19 8 4.906270e-03
19 9 6.949360e-03
19 10 9.949220e-03
19 11 1.424340e-02
19 12 2.055160e-02
19 13 2.985890e-02
19 14 4.381460e-02
19 15 6.416340e-02
19 16 9.403160e-02
19 17 1.379120e-01
19 18 2.030330e-01
19 19 2.876720e-01
19 20 3.499350e-01
19 21 4.034980e-01
19 22 4.550270e-01
19 23 4.985340e-01
19 24 5.268080e-01
19 25 5.321560e-01
19 26 5.076610e-01
19 27 4.506630e-01
19 28 3.653970e-01
19 29 2.643110e-01
19 30 1.656060e-01
19 31 8.662390e-02
19 32 3.610450e-02
19 33 1.131720e-02
19 34 2.482320e-03
19 35 3.483510e-04
19 36 2.841180e-05
19 37 1.653430e-06
19 38 6.057480e-08
19 39 2.419800e-09
19 40 0.000000e+00
20 1 1.150650e-03
20 2 4.668850e-04
20 3 6.890870e-04
20 4 9.411640e-04
20 5 1.348400e-03
20 6 1.915030e-03
20 7 2.710500e-03
20 8 3.858460e-03
20 9 5.462740e-03
20 10 7.809140e-03
20 11 1.112930e-02
20 12 1.592810e-02
20 13 2.287020e-02
20 14 3.304790e-02
20 15 4.804120e-02
20 16 7.052690e-02
20 17 1.036070e-01
20 18 1.526970e-01
20 19 2.260540e-01
20 20 3.216200e-01
20 21 3.861040e-01
20 22 4.368610e-01
20 23 4.806610e-01
20 24 5.105600e-01
20 25 5.190100e-01
20 26 4.990270e-01
20 27 4.472740e-01
20 28 3.669130e-01
20 29 2.691770e-01
20 30 1.715280e-01
20 31 9.153610e-02
20 32 3.906510e-02
20 33 1.258680e-02
20 34 2.849860e-03
20 35 4.147080e-04
20 36 3.512560e-05
20 37 2.116100e-06
20 38 7.767650e-08
20 39 3.415100e-09
20 40 0.000000e+00
21 1 8.656510e-04
21 2 3.514500e-04
21 3 5.187440e-04
21 4 7.085020e-04
21 5 1.015160e-03
21 6 1.441950e-03
21 7 2.040940e-03
21 8 2.905860e-03
21 9 4.114730e-03
21 10 5.882880e-03
21 11 8.385370e-03
21 12 1.199810e-02
21 13 1.722510e-02
21 14 2.494030e-02
21 15 3.617990e-02
21 16 5.277320e-02
21 17 7.722840e-02
21 18 1.136660e-01
21 19 1.682800e-01
21 20 2.512590e-01
21 21 3.587200e-01
21 22 4.248580e-01
21 23 4.697140e-01
21 24 5.018730e-01
21 25 5.139240e-01
21 26 4.986010e-01
21 27 4.518990e-01
21 28 3.756790e-01
21 29 2.800510e-01
21 30 1.818920e-01
21 31 9.928600e-02
21 32 4.351910e-02
21 33 1.446460e-02
21 34 3.394530e-03
21 35 5.146720e-04
21 36 4.542780e-05
21 37 2.845380e-06
21 38 1.057170e-07
21 39 5.131590e-09
21 40 0.000000e+00
22 1 6.229720e-04
22 2 2.530790e-04
22 3 3.736090e-04
22 4 5.103880e-04
22 5 7.314270e-04
22 6 1.039140e-03
22 7 1.471210e-03
22 8 2.095410e-03
22 9 2.968520e-03
22 10 4.246220e-03
22 11 6.056030e-03
22 12 8.668720e-03
22 13 1.244490e-02
22 14 1.801640e-02
22 15 2.616690e-02
22 16 3.827100e-02
22 17 5.616650e-02
22 18 8.290740e-02
22 19 1.231030e-01
22 20 1.844550e-01
22 21 2.784250e-01
22 22 4.000420e-01
22 23 4.660760e-01
22 24 5.013590e-01
22 25 5.176580e-01
22 26 5.072620e-01
22 27 4.655090e-01
22 28 3.928480e-01
22 29 2.981670e-01
22 30 1.978720e-01
22 31 1.107860e-01
22 32 5.002950e-02
22 33 1.721920e-02
22 34 4.207820e-03
22 35 6.684070e-04
22 36 6.200810e-05
22 37 3.712220e-06
22 38 1.552380e-07
22 39 8.284810e-09
22 40 0.000000e+00
23 1 4.248730e-04
23 2 1.729500e-04
23 3 2.553530e-04
23 4 3.489300e-04
23 5 5.002090e-04
23 6 7.109210e-04
23 7 1.007000e-03
23 8 1.435100e-03
23 9 2.034550e-03
23 10 2.913090e-03
23 11 4.159620e-03
23 12 5.962520e-03
23 13 8.569060e-03
23 14 1.240790e-02
23 15 1.803410e-02
23 16 2.648520e-02
23 17 3.919550e-02
23 18 5.843860e-02
23 19 8.754780e-02
23 20 1.321460e-01
23 21 2.009250e-01
23 22 3.081500e-01
23 23 4.462000e-01
23 24 5.099800e-01
23 25 5.313870e-01
23 26 5.265080e-01
23 27 4.896680e-01
23 28 4.201430e-01
23 29 3.252920e-01
23 30 2.210920e-01
23 31 1.273620e-01
23 32 5.947380e-02
23 33 2.129110e-02
23 34 5.445970e-03
23 35 9.121000e-04
23 36 8.978800e-05
23 37 5.471350e-06
23 38 2.485250e-07
23 39 1.438290e-08
23 40 0.000000e+00
24 1 2.920340e-04
24 2 1.188710e-04
24 3 1.755420e-04
24 4 2.398900e-04
24 5 3.439520e-04
24 6 4.890020e-04
24 7 6.928640e-04
24 8 9.878100e-04
24 9 1.401260e-03
24 10 2.007540e-03
24 11 2.868880e-03
24 12 4.116700e-03
24 13 5.923740e-03
24 14 8.585100e-03
24 15 1.247790e-02
24 16 1.831530e-02
24 17 2.710200e-02
24 18 4.048480e-02
24 19 6.095200e-02
24 20 9.254750e-02
24 21 1.415700e-01
24 22 2.185800e-01
24 23 3.403210e-01
24 24 4.964100e-01
24 25 5.548240e-01
24 26 5.567340e-01
24 27 5.256500e-01
24 28 4.594670e-01
24 29 3.637870e-01
24 30 2.539500e-01
24 31 1.510010e-01
24 32 7.319100e-02
24 33 2.737220e-02
24 34 7.365640e-03
24 35 1.307440e-03
24 36 1.374190e-04
24 37 8.694410e-06
24 38 4.305710e-07
24 39 2.654390e-08
24 40 0.000000e+00
25 1 1.914190e-04
25 2 7.813250e-05
25 3 1.153930e-04
25 4 1.577350e-04
25 5 2.262360e-04
25 6 3.217450e-04
25 7 4.561200e-04
25 8 6.507010e-04
25 9 9.236770e-04
25 10 1.324600e-03
25 11 1.895130e-03
25 12 2.723110e-03
25 13 3.925220e-03
25 14 5.700910e-03
25 15 8.303360e-03
25 16 1.220990e-02
25 17 1.811140e-02
25 18 2.714260e-02
25 19 4.105670e-02
25 20 6.275280e-02
25 21 9.671580e-02
25 22 1.505880e-01
25 23 2.366940e-01
25 24 3.751860e-01
25 25 5.519360e-01
25 26 6.006710e-01
25 27 5.767540e-01
25 28 5.143730e-01
25 29 4.174560e-01
25 30 3.001290e-01
25 31 1.848240e-01
25 32 9.337250e-02
25 33 3.665010e-02
25 34 1.043450e-02
25 35 1.976650e-03
25 36 2.238000e-04
25 37 1.422220e-05
25 38 7.080610e-07
25 39 5.259570e-08
25 40 0.000000e+00
26 1 1.095350e-04
26 2 4.510810e-05
26 3 6.664870e-05
26 4 9.114400e-05
26 5 1.307940e-04
26 6 1.861430e-04
26 7 2.641070e-04
26 8 3.771740e-04
26 9 5.361390e-04
26 10 7.701650e-04
26 11 1.104240e-03
26 12 1.590900e-03
26 13 2.300700e-03
26 14 3.354870e-03
26 15 4.909990e-03
26 16 7.257840e-03
26 17 1.081990e-02
26 18 1.633550e-02
26 19 2.500520e-02
26 20 3.889940e-02
26 21 6.131480e-02
26 22 9.772360e-02
26 23 1.568780e-01
26 24 2.537050e-01
26 25 4.129540e-01
26 26 6.152830e-01
26 27 6.492550e-01
26 28 5.912030e-01
26 29 4.921470e-01
26 30 3.649830e-01
26 31 2.333340e-01
26 32 1.233010e-01
26 33 5.106790e-02
26 34 1.549890e-02
26 35 3.166890e-03
26 36 3.920170e-04
26 37 2.623860e-05
26 38 1.285590e-06
26 39 1.155640e-07
26 40 0.000000e+00
27 1 6.696020e-05
27 2 2.771120e-05
27 3 4.095060e-05
27 4 5.601850e-05
27 5 8.040880e-05
27 6 1.144790e-04
27 7 1.625230e-04
27 8 2.322460e-04
27 9 3.303890e-04
27 10 4.750800e-04
27 11 6.819740e-04
27 12 9.840230e-04
27 13 1.425770e-03
27 14 2.083950e-03
27 15 3.058830e-03
27 16 4.537740e-03
27 17 6.792150e-03
27 18 1.028350e-02
27 19 1.576370e-02
27 20 2.454510e-02
27 21 3.875590e-02
27 22 6.211260e-02
27 23 1.007770e-01
27 24 1.650930e-01
27 25 2.727940e-01
27 26 4.532810e-01
27 27 6.806550e-01
27 28 6.930130e-01
27 29 5.940200e-01
27 30 4.564800e-01
27 31 3.044750e-01
27 32 1.691870e-01
27 33 7.432700e-02
27 34 2.415520e-02
27 35 5.340990e-03
27 36 7.234770e-04
27 37 5.290980e-05
27 38 2.590720e-06
27 39 2.577940e-07
27 40 0.000000e+00
28 1 3.571260e-05
28 2 1.496580e-05
28 3 2.212320e-05
28 4 3.027390e-05
28 5 4.348200e-05
28 6 6.194440e-05
28 7 8.799900e-05
28 8 1.258790e-04
28 9 1.792990e-04
28 10 2.582160e-04
28 11 3.714040e-04
28 12 5.372190e-04
28 13 7.807130e-04
28 14 1.145390e-03
28 15 1.689100e-03
28 16 2.520110e-03
28 17 3.798330e-03
28 18 5.798260e-03
28 19 8.969550e-03
28 20 1.410770e-02
28 21 2.253560e-02
28 22 3.664800e-02
28 23 6.055230e-02
28 24 1.012630e-01
28 25 1.710690e-01
28 26 2.911190e-01
28 27 4.969560e-01
28 28 7.536600e-01
28 29 7.355150e-01
28 30 5.866610e-01
28 31 4.094220e-01
28 32 2.401900e-01
28 33 1.125560e-01
28 34 3.947110e-02
28 35 9.540720e-03
28 36 1.433260e-03
28 37 1.177280e-04
28 38 5.717050e-06
28 39 5.446030e-07
28 40 0.000000e+00
29 1 1.585790e-05
29 2 7.029710e-06
29 3 1.039810e-05
29 4 1.423830e-05
29 5 2.046020e-05
29 6 2.916780e-05
29 7 4.147450e-05
29 8 5.938410e-05
29 9 8.469160e-05
29 10 1.221680e-04
29 11 1.760700e-04
29 12 2.553400e-04
29 13 3.722980e-04
29 14 5.484500e-04
29 15 8.129490e-04
29 16 1.220760e-03
29 17 1.854860e-03
29 18 2.859810e-03
29 19 4.478100e-03
29 20 7.146190e-03
29 21 1.161120e-02
29 22 1.925910e-02
29 23 3.260300e-02
29 24 5.617350e-02
29 25 9.817980e-02
29 26 1.732180e-01
29 27 3.069870e-01
29 28 5.432400e-01
29 29 8.352930e-01
29 30 7.750740e-01
29 31 5.666260e-01
29 32 3.518600e-01
29 33 1.766770e-01
29 34 6.732950e-02
29 35 1.797440e-02
29 36 3.037980e-03
29 37 2.862370e-04
29 38 1.395710e-05
29 39 6.342800e-07
29 40 0.000000e+00
30 1 6.345250e-06
30 2 3.139490e-06
30 3 4.721670e-06
30 4 6.500920e-06
30 5 9.350860e-06
30 6 1.334260e-05
30 7 1.899370e-05
30 8 2.723720e-05
30 9 3.891640e-05
30 10 5.626450e-05
30 11 8.131630e-05
30 12 1.183360e-04
30 13 1.732850e-04
30 14 2.566390e-04
30 15 3.829320e-04
30 16 5.796940e-04
30 17 8.895110e-04
30 18 1.387800e-03
30 19 2.204350e-03
30 20 3.578370e-03
30 21 5.928160e-03
30 22 1.002790e-02
30 23 1.728310e-02
30 24 3.030190e-02
30 25 5.397040e-02
30 26 9.749290e-02
30 27 1.778130e-01
30 28 3.252760e-01
30 29 5.919240e-01
30 30 9.174550e-01
30 31 8.047380e-01
30 32 5.323340e-01
30 33 2.883580e-01
30 34 1.202200e-01
30 35 3.565110e-02
30 36 6.808240e-03
30 37 7.386580e-04
30 38 3.963160e-05
30 39 1.204920e-06
30 40 0.000000e+00
31 1 1.939950e-06
31 2 1.076220e-06
31 3 1.684460e-06
31 4 2.408710e-06
31 5 3.542800e-06
31 6 5.082380e-06
31 7 7.247880e-06
31 8 1.041530e-05
31 9 1.491800e-05
31 10 2.163600e-05
31 11 3.139390e-05
31 12 4.590290e-05
31 13 6.760700e-05
31 14 1.008300e-04
31 15 1.516910e-04
31 16 2.319020e-04
31 17 3.600110e-04
31 18 5.693450e-04
31 19 9.186120e-04
31 20 1.518370e-03
31 21 2.570130e-03
31 22 4.461560e-03
31 23 7.918070e-03
31 24 1.432080e-02
31 25 2.634570e-02
31 26 4.926500e-02
31 27 9.346020e-02
31 28 1.787430e-01
31 29 3.414110e-01
31 30 6.442270e-01
31 31 1.006680e+00
31 32 8.247620e-01
31 33 4.841620e-01
31 34 2.224870e-01
31 35 7.407830e-02
31 36 1.620020e-02
31 37 2.055620e-03
31 38 1.296400e-04
31 39 3.813690e-06
31 40 0.000000e+00
32 1 4.161680e-07
32 2 2.382290e-07
32 3 3.941480e-07
32 4 6.027150e-07
32 5 9.583040e-07
32 6 1.484550e-06
32 7 2.215000e-06
32 8 3.245550e-06
32 9 4.684450e-06
32 10 6.818700e-06
32 11 9.932820e-06
32 12 1.459340e-05
32 13 2.162190e-05
32 14 3.248390e-05
32 15 4.931580e-05
32 16 7.622800e-05
32 17 1.199220e-04
32 18 1.927270e-04
32 19 3.170140e-04
32 20 5.361950e-04
32 21 9.326190e-04
32 22 1.672280e-03
32 23 3.087210e-03
32 24 5.841330e-03
32 25 1.125290e-02
32 26 2.195020e-02
32 27 4.348900e-02
32 28 8.746070e-02
32 29 1.769630e-01
32 30 3.555390e-01
32 31 6.990290e-01
32 32 1.101750e+00
32 33 8.333860e-01
32 34 4.240900e-01
32 35 1.598660e-01
32 36 4.054200e-02
32 37 6.122390e-03
32 38 4.718430e-04
32 39 1.605570e-05
32 40 8.624350e-07
33 1 7.249800e-08
33 2 4.150050e-08
33 3 6.866220e-08
33 4 1.050350e-07
33 5 1.682990e-07
33 6 2.673600e-07
33 7 4.228460e-07
33 8 6.715960e-07
33 9 1.054220e-06
33 10 1.640090e-06
33 11 2.473830e-06
33 12 3.694760e-06
33 13 5.528660e-06
33 14 8.379620e-06
33 15 1.285630e-05
33 16 2.012970e-05
33 17 3.216870e-05
33 18 5.269250e-05
33 19 8.867280e-05
33 20 1.540870e-04
33 21 2.766680e-04
33 22 5.149760e-04
33 23 9.938480e-04
33 24 1.984520e-03
33 25 4.063410e-03
33 26 8.378940e-03
33 27 1.745700e-02
33 28 3.705490e-02
33 29 7.989910e-02
33 30 1.726640e-01
33 31 3.676120e-01
33 32 7.562940e-01
33 33 1.201280e+00
33 34 8.276400e-01
33 35 3.552090e-01
33 36 1.055200e-01
33 37 1.924650e-02
33 38 1.852240e-03
33 39 7.800360e-05
33 40 3.724720e-06
34 1 1.107770e-08
34 2 6.341270e-09
34 3 1.049160e-08
34 4 1.604930e-08
34 5 2.571610e-08
34 6 4.085260e-08
34 7 6.461080e-08
34 8 1.026830e-07
34 9 1.620730e-07
34 10 2.578680e-07
34 11 4.082480e-07
34 12 6.469560e-07
34 13 1.024840e-06
34 14 1.621850e-06
34 15 2.550970e-06
34 16 4.066750e-06
34 17 6.629330e-06
34 18 1.111020e-05
34 19 1.919440e-05
34 20 3.437250e-05
34 21 6.385420e-05
34 22 1.234740e-04
34 23 2.486690e-04
34 24 5.215610e-04
34 25 1.136150e-03
34 26 2.543270e-03
34 27 5.721670e-03
34 28 1.300210e-02
34 29 3.016020e-02
34 30 7.089860e-02
34 31 1.657860e-01
34 32 3.773520e-01
34 33 8.162020e-01
34 34 1.303150e+00
34 35 8.047610e-01
34 36 2.821370e-01
34 37 6.296030e-02
34 38 7.703700e-03
34 39 4.271820e-04
34 40 1.119160e-05
35 1 1.733530e-09
35 2 9.923400e-10
35 3 1.641810e-09
35 4 2.511530e-09
35 5 4.024270e-09
35 6 6.392980e-09
35 7 1.011090e-08
35 8 1.606870e-08
35 9 2.536260e-08
35 10 4.035350e-08
35 11 6.388620e-08
35 12 1.012370e-07
35 13 1.602720e-07
35 14 2.544330e-07
35 15 4.031960e-07
35 16 6.447150e-07
35 17 1.049420e-06
35 18 1.762850e-06
35 19 3.096590e-06
35 20 5.723740e-06
35 21 1.106030e-05
35 22 2.230450e-05
35 23 4.696920e-05
35 24 1.033540e-04
35 25 2.373590e-04
35 26 5.622480e-04
35 27 1.364340e-03
35 28 3.420450e-03
35 29 8.827060e-03
35 30 2.315920e-02
35 31 6.079410e-02
35 32 1.563640e-01
35 33 3.844050e-01
35 34 8.779700e-01
35 35 1.405820e+00
35 36 7.644340e-01
35 37 2.104430e-01
35 38 3.327550e-02
35 39 2.507210e-03
35 40 7.279370e-05
36 1 2.826600e-10
36 2 1.618000e-10
36 3 2.677000e-10
36 4 4.095100e-10
36 5 6.561700e-10
36 6 1.042400e-09
36 7 1.648610e-09
36 8 2.620050e-09
36 9 4.135450e-09
36 10 6.579760e-09
36 11 1.041690e-08
36 12 1.650700e-08
36 13 2.613290e-08
36 14 4.148570e-08
36 15 6.566340e-08
36 16 1.041560e-07
36 17 1.650760e-07
36 18 2.619880e-07
36 19 4.213600e-07
36 20 7.054910e-07
36 21 1.295610e-06
36 22 2.608250e-06
36 23 5.719330e-06
36 24 1.357970e-05
36 25 3.438410e-05
36 26 9.213330e-05
36 27 2.539890e-04
36 28 7.018490e-04
36 29 1.966900e-03
36 30 5.679720e-03
36 31 1.680370e-02
36 32 4.973950e-02
36 33 1.430410e-01
36 34 3.859200e-01
36 35 9.410120e-01
36 36 1.510660e+00
36 37 7.071350e-01
36 38 1.455410e-01
36 39 1.520910e-02
36 40 6.486860e-04
37 1 4.573200e-11
37 2 2.617900e-11
37 3 4.331200e-11
37 4 6.625600e-11
37 5 1.061600e-10
37 6 1.686500e-10
37 7 2.667300e-10
37 8 4.239100e-10
37 9 6.690900e-10
37 10 1.064560e-09
37 11 1.685370e-09
37 12 2.670710e-09
37 13 4.228110e-09
37 14 6.712090e-09
37 15 1.062390e-08
37 16 1.685170e-08
37 17 2.670810e-08
37 18 4.233290e-08
37 19 6.704590e-08
37 20 1.063190e-07
37 21 1.733000e-07
37 22 3.199530e-07
37 23 6.207350e-07
37 24 1.273420e-06
37 25 3.129450e-06
37 26 9.086470e-06
37 27 2.950720e-05
37 28 9.829440e-05
37 29 3.217960e-04
37 30 1.040260e-03
37 31 3.404160e-03
37 32 1.148100e-02
37 33 3.896090e-02
37 34 1.275170e-01
37 35 3.832690e-01
37 36 1.005650e+00
37 37 1.613010e+00
37 38 6.342160e-01
37 39 9.230750e-02
37 40 5.996890e-03
38 1 1.934300e-11
38 2 1.107300e-11
38 3 1.832000e-11
38 4 2.802400e-11
38 5 4.490400e-11
38 6 7.133400e-11
38 7 1.128200e-10
38 8 1.793000e-10
38 9 2.830000e-10
38 10 4.502700e-10
38 11 7.128600e-10
38 12 1.129620e-09
38 13 1.788350e-09
38 14 2.838990e-09
38 15 4.493540e-09
38 16 7.127720e-09
38 17 1.129660e-08
38 18 1.790540e-08
38 19 2.835820e-08
38 20 4.496920e-08
38 21 7.125490e-08
38 22 1.129540e-07
38 23 1.790920e-07
38 24 2.872080e-07
38 25 4.843470e-07
38 26 9.487310e-07
38 27 2.628300e-06
38 28 1.014350e-05
38 29 3.957750e-05
38 30 1.431950e-04
38 31 5.113850e-04
38 32 1.890790e-03
38 33 7.340340e-03
38 34 2.906990e-02
38 35 1.105190e-01
38 36 3.762980e-01
38 37 1.071150e+00
38 38 1.709650e+00
38 39 5.499460e-01
38 40 5.484970e-02
39 1 9.421100e-12
39 2 5.393000e-12
39 3 8.922600e-12
39 4 1.364900e-11
39 5 2.187000e-11
39 6 3.474300e-11
39 7 5.494900e-11
39 8 8.732700e-11
39 9 1.378400e-10
39 10 2.193100e-10
39 11 3.472000e-10
39 12 5.501800e-10
39 13 8.710200e-10
39 14 1.382730e-09
39 15 2.188580e-09
39 16 3.471560e-09
39 17 5.502040e-09
39 18 8.720830e-09
39 19 1.381190e-08
39 20 2.190230e-08
39 21 3.470480e-08
39 22 5.501440e-08
39 23 8.719160e-08
39 24 1.381720e-07
39 25 2.190010e-07
39 26 3.471360e-07
39 27 5.626930e-07
39 28 1.093590e-06
39 29 3.502650e-06
39 30 1.427880e-05
39 31 5.624070e-05
39 32 2.236020e-04
39 33 9.445930e-04
39 34 4.315510e-03
39 35 2.048900e-02
39 36 9.291700e-02
39 37 3.654790e-01
39 38 1.137740e+00
39 39 1.796860e+00
39 40 4.875900e-01
40 1 5.742200e-12
40 2 3.287100e-12
40 3 5.438400e-12
40 4 8.319300e-12
40 5 1.333000e-11
40 6 2.117600e-11
40 7 3.349200e-11
40 8 5.322700e-11
40 9 8.401200e-11
40 10 1.336700e-10
40 11 2.116200e-10
40 12 3.353400e-10
40 13 5.308900e-10
40 14 8.427900e-10
40 15 1.333960e-09
40 16 2.115950e-09
40 17 3.353550e-09
40 18 5.315430e-09
40 19 8.418470e-09
40 20 1.334970e-08
40 21 2.115290e-08
40 22 3.353190e-08
40 23 5.314420e-08
40 24 8.421750e-08
40 25 1.334830e-07
40 26 2.115550e-07
40 27 3.352900e-07
40 28 5.313970e-07
40 29 8.511460e-07
40 30 1.590130e-06
40 31 4.246370e-06
40 32 1.495780e-05
40 33 6.684850e-05
40 34 3.561040e-04
40 35 2.126180e-03
40 36 1.313480e-02
40 37 7.509080e-02
40 38 3.515700e-01
40 39 1.206260e+00
40 40 2.254160e+00
