1 2.864950e-03
2 2.556140e-03
3 2.276910e-03
4 2.028320e-03
5 1.808830e-03
6 1.612180e-03
7 1.436800e-03
8 1.280390e-03
9 1.141260e-03
10 1.016950e-03
11 9.063600e-04
12 8.078540e-04
13 7.198810e-04
14 6.416880e-04
15 5.717970e-04
16 5.098510e-04
17 4.542780e-04
18 4.049900e-04
19 3.608630e-04
20 3.217050e-04
21 2.867160e-04
22 2.555130e-04
23 2.278770e-04
24 2.029960e-04
25 1.812720e-04
26 1.614020e-04
27 1.437740e-04
28 1.283670e-04
29 1.143240e-04
30 1.022590e-04
31 9.087930e-05
32 8.095890e-05
33 7.248130e-05
34 6.468970e-05
35 5.749760e-05
36 5.132590e-05
37 4.599970e-05
38 4.108350e-05
39 3.650490e-05
40 3.243600e-05
