1 1 1.113340e-01
1 2 4.131550e-02
1 3 5.434090e-02
1 4 6.588060e-02
1 5 8.379700e-02
1 6 1.054450e-01
1 7 1.320260e-01
1 8 1.659650e-01
1 9 2.070420e-01
1 10 2.599950e-01
1 11 3.242700e-01
1 12 4.040430e-01
1 13 5.017300e-01
1 14 6.226170e-01
1 15 7.671590e-01
1 16 9.424090e-01
1 17 1.149010e+00
1 18 1.389420e+00
1 19 1.661610e+00
1 20 1.963770e+00
1 21 2.281130e+00
1 22 2.596250e+00
1 23 2.878460e+00
1 24 3.088790e+00
1 25 3.180940e+00
1 26 3.110000e+00
1 27 2.849170e+00
1 28 2.405530e+00
1 29 1.833200e+00
1 30 1.228730e+00
1 31 7.012920e-01
1 32 3.273630e-01
1 33 1.189130e-01
1 34 3.159220e-02
1 35 5.686780e-03
1 36 6.310450e-04
1 37 3.877790e-05
1 38 1.716250e-06
1 39 6.119660e-08
1 40 0.000000e+00
2 1 8.864640e-02
2 2 3.577700e-02
2 3 4.841900e-02
2 4 5.883840e-02
2 5 7.483940e-02
2 6 9.417320e-02
2 7 1.179130e-01
2 8 1.482250e-01
2 9 1.849110e-01
2 10 2.322060e-01
2 11 2.896100e-01
2 12 3.608610e-01
2 13 4.481070e-01
2 14 5.560750e-01
2 15 6.851830e-01
2 16 8.417040e-01
2 17 1.026290e+00
2 18 1.241050e+00
2 19 1.484190e+00
2 20 1.754140e+00
2 21 2.037660e+00
2 22 2.319290e+00
2 23 2.571510e+00
2 24 2.759630e+00
2 25 2.842260e+00
2 26 2.779230e+00
2 27 2.546560e+00
2 28 2.150490e+00
2 29 1.639270e+00
2 30 1.099100e+00
2 31 6.275660e-01
2 32 2.930970e-01
2 33 1.065330e-01
2 34 2.832320e-02
2 35 5.103170e-03
2 36 5.669950e-04
2 37 3.510020e-05
2 38 1.588390e-06
2 39 5.520340e-08
2 40 0.000000e+00
3 1 6.995630e-02
3 2 2.925500e-02
3 3 4.191880e-02
3 4 5.239590e-02
3 5 6.674970e-02
3 6 8.399330e-02
3 7 1.051670e-01
3 8 1.322030e-01
3 9 1.649240e-01
3 10 2.071080e-01
3 11 2.583090e-01
3 12 3.218620e-01
3 13 3.996830e-01
3 14 4.959850e-01
3 15 6.111490e-01
3 16 7.507660e-01
3 17 9.154440e-01
3 18 1.107060e+00
3 19 1.323970e+00
3 20 1.564830e+00
3 21 1.817820e+00
3 22 2.069200e+00
3 23 2.294410e+00
3 24 2.462490e+00
3 25 2.536540e+00
3 26 2.480700e+00
3 27 2.273500e+00
3 28 1.920400e+00
3 29 1.464360e+00
3 30 9.822400e-01
3 31 5.611320e-01
3 32 2.622390e-01
3 33 9.539060e-02
3 34 2.538460e-02
3 35 4.579280e-03
3 36 5.095740e-04
3 37 3.173530e-05
3 38 1.457310e-06
3 39 4.987050e-08
3 40 0.000000e+00
4 1 5.452660e-02
4 2 2.304380e-02
4 3 3.421020e-02
4 4 4.547790e-02
4 5 5.949180e-02
4 6 7.494380e-02
4 7 9.383640e-02
4 8 1.179590e-01
4 9 1.471560e-01
4 10 1.847960e-01
4 11 2.304830e-01
4 12 2.871930e-01
4 13 3.566370e-01
4 14 4.425720e-01
4 15 5.453360e-01
4 16 6.699380e-01
4 17 8.168860e-01
4 18 9.879600e-01
4 19 1.181570e+00
4 20 1.396560e+00
4 21 1.622430e+00
4 22 1.846940e+00
4 23 2.048190e+00
4 24 2.198490e+00
4 25 2.264960e+00
4 26 2.215550e+00
4 27 2.031020e+00
4 28 1.716160e+00
4 29 1.309170e+00
4 30 8.786010e-01
4 31 5.022530e-01
4 32 2.349110e-01
4 33 8.553000e-02
4 34 2.278860e-02
4 35 4.117420e-03
4 36 4.590400e-04
4 37 2.868030e-05
4 38 1.319080e-06
4 39 4.522700e-08
4 40 0.000000e+00
5 1 4.384500e-02
5 2 1.832850e-02
5 3 2.718710e-02
5 4 3.718200e-02
5 5 5.178870e-02
5 6 6.691490e-02
5 7 8.384960e-02
5 8 1.054050e-01
5 9 1.314960e-01
5 10 1.651310e-01
5 11 2.059580e-01
5 12 2.566360e-01
5 13 3.186960e-01
5 14 3.954980e-01
5 15 4.873370e-01
5 16 5.987030e-01
5 17 7.300360e-01
5 18 8.829830e-01
5 19 1.056080e+00
5 20 1.248300e+00
5 21 1.450290e+00
5 22 1.651150e+00
5 23 1.831320e+00
5 24 1.966030e+00
5 25 2.025860e+00
5 26 1.982150e+00
5 27 1.817620e+00
5 28 1.536480e+00
5 29 1.172700e+00
5 30 7.875240e-01
5 31 4.505530e-01
5 32 2.109360e-01
5 33 7.689160e-02
5 34 2.051850e-02
5 35 3.714290e-03
5 36 4.150370e-04
5 37 2.606660e-05
5 38 1.199700e-06
5 39 4.122920e-08
5 40 0.000000e+00
6 1 3.476580e-02
6 2 1.446150e-02
6 3 2.147910e-02
6 4 2.944860e-02
6 5 4.222810e-02
6 6 5.832240e-02
6 7 7.487800e-02
6 8 9.418220e-02
6 9 1.174950e-01
6 10 1.475510e-01
6 11 1.840340e-01
6 12 2.293200e-01
6 13 2.847780e-01
6 14 3.534140e-01
6 15 4.354950e-01
6 16 5.350260e-01
6 17 6.524160e-01
6 18 7.891300e-01
6 19 9.439340e-01
6 20 1.115810e+00
6 21 1.296490e+00
6 22 1.476260e+00
6 23 1.637590e+00
6 24 1.758460e+00
6 25 1.812400e+00
6 26 1.773860e+00
6 27 1.627230e+00
6 28 1.376230e+00
6 29 1.051080e+00
6 30 7.064210e-01
6 31 4.045620e-01
6 32 1.896350e-01
6 33 6.923180e-02
6 34 1.851050e-02
6 35 3.358580e-03
6 36 3.763490e-04
6 37 2.381010e-05
6 38 1.095840e-06
6 39 3.777450e-08
6 40 0.000000e+00
7 1 2.673980e-02
7 2 1.108460e-02
7 3 1.665300e-02
7 4 2.304170e-02
7 5 3.326370e-02
7 6 4.740740e-02
7 7 6.535920e-02
7 8 8.416710e-02
7 9 1.050470e-01
7 10 1.319190e-01
7 11 1.645390e-01
7 12 2.050320e-01
7 13 2.546200e-01
7 14 3.159960e-01
7 15 3.894000e-01
7 16 4.784160e-01
7 17 5.834160e-01
7 18 7.056920e-01
7 19 8.442420e-01
7 20 9.980520e-01
7 21 1.159820e+00
7 22 1.320840e+00
7 23 1.465500e+00
7 24 1.573990e+00
7 25 1.622860e+00
7 26 1.589010e+00
7 27 1.458400e+00
7 28 1.234170e+00
7 29 9.433350e-01
7 30 6.346550e-01
7 31 3.639170e-01
7 32 1.708430e-01
7 33 6.249160e-02
7 34 1.674790e-02
7 35 3.047500e-03
7 36 3.427220e-04
7 37 2.179200e-05
7 38 1.006350e-06
7 39 3.485450e-08
7 40 0.000000e+00
8 1 2.088550e-02
8 2 8.660240e-03
8 3 1.302340e-02
8 4 1.806940e-02
8 5 2.614240e-02
8 6 3.735390e-02
8 7 5.301360e-02
8 8 7.353350e-02
8 9 9.393650e-02
8 10 1.180030e-01
8 11 1.471840e-01
8 12 1.834090e-01
8 13 2.277750e-01
8 14 2.826880e-01
8 15 3.483680e-01
8 16 4.280300e-01
8 17 5.220030e-01
8 18 6.314500e-01
8 19 7.555040e-01
8 20 8.932850e-01
8 21 1.038230e+00
8 22 1.182610e+00
8 23 1.312460e+00
8 24 1.410010e+00
8 25 1.454430e+00
8 26 1.424830e+00
8 27 1.308550e+00
8 28 1.108220e+00
8 29 8.478830e-01
8 30 5.711590e-01
8 31 3.280160e-01
8 32 1.542840e-01
8 33 5.656960e-02
8 34 1.520520e-02
8 35 2.776710e-03
8 36 3.136680e-04
8 37 2.006620e-05
8 38 9.306640e-07
8 39 3.240530e-08
8 40 0.000000e+00
9 1 1.705490e-02
9 2 6.931660e-03
9 3 1.025210e-02
9 4 1.412310e-02
9 5 2.051060e-02
9 6 2.942030e-02
9 7 4.185120e-02
9 8 5.969880e-02
9 9 8.228960e-02
9 10 1.057090e-01
9 11 1.318780e-01
9 12 1.643400e-01
9 13 2.041010e-01
9 14 2.533170e-01
9 15 3.121890e-01
9 16 3.836010e-01
9 17 4.678580e-01
9 18 5.660170e-01
9 19 6.772660e-01
9 20 8.009680e-01
9 21 9.311120e-01
9 22 1.060860e+00
9 23 1.177700e+00
9 24 1.265690e+00
9 25 1.306270e+00
9 26 1.280490e+00
9 27 1.176950e+00
9 28 9.977670e-01
9 29 7.642730e-01
9 30 5.156460e-01
9 31 2.967070e-01
9 32 1.398910e-01
9 33 5.144370e-02
9 34 1.387740e-02
9 35 2.545510e-03
9 36 2.891340e-04
9 37 1.864400e-05
9 38 8.688850e-07
9 39 3.042820e-08
9 40 0.000000e+00
10 1 1.332030e-02
10 2 5.405840e-03
10 3 8.027930e-03
10 4 1.108230e-02
10 5 1.608580e-02
10 6 2.310880e-02
10 7 3.292970e-02
10 8 4.703250e-02
10 9 6.665000e-02
10 10 9.268970e-02
10 11 1.182380e-01
10 12 1.473660e-01
10 13 1.830270e-01
10 14 2.271730e-01
10 15 2.799870e-01
10 16 3.440610e-01
10 17 4.196760e-01
10 18 5.077880e-01
10 19 6.076880e-01
10 20 7.188400e-01
10 21 8.358510e-01
10 22 9.526330e-01
10 23 1.057950e+00
10 24 1.137570e+00
10 25 1.174770e+00
10 26 1.152500e+00
10 27 1.060360e+00
10 28 9.000550e-01
10 29 6.904660e-01
10 30 4.667340e-01
10 31 2.692070e-01
10 32 1.273000e-01
10 33 4.698420e-02
10 34 1.273090e-02
10 35 2.348090e-03
10 36 2.684980e-04
10 37 1.745790e-05
10 38 8.195610e-07
10 39 2.891700e-08
10 40 0.000000e+00
11 1 1.024650e-02
11 2 4.156630e-03
11 3 6.159070e-03
11 4 8.482730e-03
11 5 1.232040e-02
11 6 1.781670e-02
11 7 2.559220e-02
11 8 3.675690e-02
11 9 5.228560e-02
11 10 7.487100e-02
11 11 1.038360e-01
11 12 1.323730e-01
11 13 1.644260e-01
11 14 2.041000e-01
11 15 2.515690e-01
11 16 3.091710e-01
11 17 3.771650e-01
11 18 4.564200e-01
11 19 5.463410e-01
11 20 6.464170e-01
11 21 7.518920e-01
11 22 8.572890e-01
11 23 9.525110e-01
11 24 1.024860e+00
11 25 1.059170e+00
11 26 1.040110e+00
11 27 9.581210e-01
11 28 8.145150e-01
11 29 6.260520e-01
11 30 4.241720e-01
11 31 2.453840e-01
11 32 1.164580e-01
11 33 4.317540e-02
11 34 1.176320e-02
11 35 2.184260e-03
11 36 2.518080e-04
11 37 1.652910e-05
11 38 7.834460e-07
11 39 2.788820e-08
11 40 0.000000e+00
12 1 8.346320e-03
12 2 3.381040e-03
12 3 4.988660e-03
12 4 6.819280e-03
12 5 9.789040e-03
12 6 1.392910e-02
12 7 1.988140e-02
12 8 2.868230e-02
12 9 4.098750e-02
12 10 5.882460e-02
12 11 8.389010e-02
12 12 1.165180e-01
12 13 1.480040e-01
12 14 1.837370e-01
12 15 2.264940e-01
12 16 2.783880e-01
12 17 3.396640e-01
12 18 4.111280e-01
12 19 4.922510e-01
12 20 5.825920e-01
12 21 6.779370e-01
12 22 7.733530e-01
12 23 8.597510e-01
12 24 9.257610e-01
12 25 9.576830e-01
12 26 9.415990e-01
12 27 8.686880e-01
12 28 7.398680e-01
12 29 5.700590e-01
12 30 3.873400e-01
12 31 2.248940e-01
12 32 1.072120e-01
12 33 3.996630e-02
12 34 1.096180e-02
12 35 2.052080e-03
12 36 2.388990e-04
12 37 1.585950e-05
12 38 7.603560e-07
12 39 2.732570e-08
12 40 0.000000e+00
13 1 6.163850e-03
13 2 2.497920e-03
13 3 3.685650e-03
13 4 5.031980e-03
13 5 7.224140e-03
13 6 1.034780e-02
13 7 1.487600e-02
13 8 2.164290e-02
13 9 3.134780e-02
13 10 4.547790e-02
13 11 6.530830e-02
13 12 9.367570e-02
13 13 1.304670e-01
13 14 1.657930e-01
13 15 2.044050e-01
13 16 2.512760e-01
13 17 3.066380e-01
13 18 3.712490e-01
13 19 4.446410e-01
13 20 5.264530e-01
13 21 6.128990e-01
13 22 6.995920e-01
13 23 7.783310e-01
13 24 8.388370e-01
13 25 8.688100e-01
13 26 8.554870e-01
13 27 7.907020e-01
13 28 6.750040e-01
13 29 5.215830e-01
13 30 3.556690e-01
13 31 2.074140e-01
13 32 9.941920e-02
13 33 3.730890e-02
13 34 1.031650e-02
13 35 1.950360e-03
13 36 2.297610e-04
13 37 1.546150e-05
13 38 7.512130e-07
13 39 2.731570e-08
13 40 0.000000e+00
14 1 5.186540e-03
14 2 2.101470e-03
14 3 3.100030e-03
14 4 4.231210e-03
14 5 6.059050e-03
14 6 8.610590e-03
14 7 1.222210e-02
14 8 1.745970e-02
14 9 2.481340e-02
14 10 3.579020e-02
14 11 5.132220e-02
14 12 7.348390e-02
14 13 1.051070e-01
14 14 1.466040e-01
14 15 1.850350e-01
14 16 2.275120e-01
14 17 2.777070e-01
14 18 3.363160e-01
14 19 4.029670e-01
14 20 4.773460e-01
14 21 5.560530e-01
14 22 6.352070e-01
14 23 7.073690e-01
14 24 7.632130e-01
14 25 7.916540e-01
14 26 7.809810e-01
14 27 7.235030e-01
14 28 6.194190e-01
14 29 4.803330e-01
14 30 3.289960e-01
14 31 1.928930e-01
14 32 9.307680e-02
14 33 3.521110e-02
14 34 9.831770e-03
14 35 1.880530e-03
14 36 2.246230e-04
14 37 1.535370e-05
14 38 7.571680e-07
14 39 2.786680e-08
14 40 0.000000e+00
15 1 4.053980e-03
15 2 1.642760e-03
15 3 2.423520e-03
15 4 3.308010e-03
15 5 4.735650e-03
15 6 6.720670e-03
15 7 9.512410e-03
15 8 1.358800e-02
15 9 1.938810e-02
15 10 2.796220e-02
15 11 4.006790e-02
15 12 5.737960e-02
15 13 8.207240e-02
15 14 1.178450e-01
15 15 1.640930e-01
15 16 2.067220e-01
15 17 2.524100e-01
15 18 3.057910e-01
15 19 3.665550e-01
15 20 4.344750e-01
15 21 5.064930e-01
15 22 5.791320e-01
15 23 6.456730e-01
15 24 6.976240e-01
15 25 7.249350e-01
15 26 7.167610e-01
15 27 6.658750e-01
15 28 5.720720e-01
15 29 4.455250e-01
15 30 3.067900e-01
15 31 1.810450e-01
15 32 8.806160e-02
15 33 3.363710e-02
15 34 9.502240e-03
15 35 1.842910e-03
15 36 2.237840e-04
15 37 1.558260e-05
15 38 7.820830e-07
15 39 2.918070e-08
15 40 0.000000e+00
16 1 3.095210e-03
16 2 1.254560e-03
16 3 1.850880e-03
16 4 2.526650e-03
16 5 3.617470e-03
16 6 5.133280e-03
16 7 7.257900e-03
16 8 1.034030e-02
16 9 1.471720e-02
16 10 2.123540e-02
16 11 3.060390e-02
16 12 4.415180e-02
16 13 6.348820e-02
16 14 9.145590e-02
16 15 1.314970e-01
16 16 1.840260e-01
16 17 2.305730e-01
16 18 2.794660e-01
16 19 3.351820e-01
16 20 3.975550e-01
16 21 4.638960e-01
16 22 5.310060e-01
16 23 5.928750e-01
16 24 6.416790e-01
16 25 6.682420e-01
16 26 6.625010e-01
16 27 6.175460e-01
16 28 5.327900e-01
16 29 4.170820e-01
16 30 2.890380e-01
16 31 1.719060e-01
16 32 8.441540e-02
16 33 3.261700e-02
16 34 9.341880e-03
16 35 1.841720e-03
16 36 2.280110e-04
16 37 1.622530e-05
16 38 8.311880e-07
16 39 3.146000e-08
16 40 4.263700e-10
17 1 2.484560e-03
17 2 1.006820e-03
17 3 1.485350e-03
17 4 2.027330e-03
17 5 2.902460e-03
17 6 4.118370e-03
17 7 5.821960e-03
17 8 8.282680e-03
17 9 1.173540e-02
17 10 1.681980e-02
17 11 2.406280e-02
17 12 3.450710e-02
17 13 4.944040e-02
17 14 7.107740e-02
17 15 1.020370e-01
17 16 1.472350e-01
17 17 2.060920e-01
17 18 2.567310e-01
17 19 3.081390e-01
17 20 3.657490e-01
17 21 4.272920e-01
17 22 4.897820e-01
17 23 5.478040e-01
17 24 5.941650e-01
17 25 6.203630e-01
17 26 6.171030e-01
17 27 5.776090e-01
17 28 5.008680e-01
17 29 3.945650e-01
17 30 2.755270e-01
17 31 1.654100e-01
17 32 8.214890e-02
17 33 3.217430e-02
17 34 9.364620e-03
17 35 1.881520e-03
17 36 2.381560e-04
17 37 1.736780e-05
17 38 9.101740e-07
17 39 3.493310e-08
17 40 9.087100e-10
18 1 1.891010e-03
18 2 7.666210e-04
18 3 1.131090e-03
18 4 1.544060e-03
18 5 2.210650e-03
18 6 3.137050e-03
18 7 4.434740e-03
18 8 6.305220e-03
18 9 8.921540e-03
18 10 1.276570e-02
18 11 1.825210e-02
18 12 2.623180e-02
18 13 3.775240e-02
18 14 5.448240e-02
18 15 7.844340e-02
18 16 1.133910e-01
18 17 1.643250e-01
18 18 2.307770e-01
18 19 2.853230e-01
18 20 3.390690e-01
18 21 3.965690e-01
18 22 4.553380e-01
18 23 5.103160e-01
18 24 5.549300e-01
18 25 5.811840e-01
18 26 5.804260e-01
18 27 5.459340e-01
18 28 4.762570e-01
18 29 3.779630e-01
18 30 2.663180e-01
18 31 1.616420e-01
18 32 8.134490e-02
18 33 3.236760e-02
18 34 9.598970e-03
18 35 1.971520e-03
18 36 2.560370e-04
18 37 1.920580e-05
18 38 1.033350e-06
18 39 4.002030e-08
18 40 1.147550e-09
19 1 1.372030e-03
19 2 5.566150e-04
19 3 8.213290e-04
19 4 1.121360e-03
19 5 1.605980e-03
19 6 2.279720e-03
19 7 3.224050e-03
19 8 4.585470e-03
19 9 6.485380e-03
19 10 9.268290e-03
19 11 1.323940e-02
19 12 1.905280e-02
19 13 2.759570e-02
19 14 4.034140e-02
19 15 5.882300e-02
19 16 8.578370e-02
19 17 1.250780e-01
19 18 1.828810e-01
19 19 2.580760e-01
19 20 3.169830e-01
19 21 3.713210e-01
19 22 4.271340e-01
19 23 4.798470e-01
19 24 5.233550e-01
19 25 5.501080e-01
19 26 5.519030e-01
19 27 5.220500e-01
19 28 4.586130e-01
19 29 3.670830e-01
19 30 2.613700e-01
19 31 1.606540e-01
19 32 8.209130e-02
19 33 3.326770e-02
19 34 1.008200e-02
19 35 2.124250e-03
19 36 2.842350e-04
19 37 2.202170e-05
19 38 1.222320e-06
19 39 4.765010e-08
19 40 1.516920e-09
20 1 1.092880e-03
20 2 4.432350e-04
20 3 6.539280e-04
20 4 8.927050e-04
20 5 1.278200e-03
20 6 1.813970e-03
20 7 2.565090e-03
20 8 3.647290e-03
20 9 5.156400e-03
20 10 7.357960e-03
20 11 1.046300e-02
20 12 1.493430e-02
20 13 2.137480e-02
20 14 3.076980e-02
20 15 4.452160e-02
20 16 6.500410e-02
20 17 9.487920e-02
20 18 1.388280e-01
20 19 2.038550e-01
20 20 2.886940e-01
20 21 3.505970e-01
20 22 4.042370e-01
20 23 4.554470e-01
20 24 4.985550e-01
20 25 5.264040e-01
20 26 5.310330e-01
20 27 5.057600e-01
20 28 4.480470e-01
20 29 3.623100e-01
20 30 2.611930e-01
20 31 1.629420e-01
20 32 8.475040e-02
20 33 3.507380e-02
20 34 1.089270e-02
20 35 2.361080e-03
20 36 3.263640e-04
20 37 2.616270e-05
20 38 1.499200e-06
20 39 5.858910e-08
20 40 2.056510e-09
21 1 8.351360e-04
21 2 3.386670e-04
21 3 4.997050e-04
21 4 6.821780e-04
21 5 9.767910e-04
21 6 1.386320e-03
21 7 1.960200e-03
21 8 2.787500e-03
21 9 3.941370e-03
21 10 5.624100e-03
21 11 7.997940e-03
21 12 1.141190e-02
21 13 1.632600e-02
21 14 2.354030e-02
21 15 3.398450e-02
21 16 4.928530e-02
21 17 7.165000e-02
21 18 1.046250e-01
21 19 1.535250e-01
21 20 2.270370e-01
21 21 3.224260e-01
21 22 3.870670e-01
21 23 4.376060e-01
21 24 4.810340e-01
21 25 5.105880e-01
21 26 5.183670e-01
21 27 4.976320e-01
21 28 4.451350e-01
21 29 3.642230e-01
21 30 2.663280e-01
21 31 1.689990e-01
21 32 8.969270e-02
21 33 3.801540e-02
21 34 1.213890e-02
21 35 2.717130e-03
21 36 3.896810e-04
21 37 3.249270e-05
21 38 1.929060e-06
21 39 7.559460e-08
21 40 2.961290e-09
22 1 6.125000e-04
22 2 2.486220e-04
22 3 3.668480e-04
22 4 5.008330e-04
22 5 7.172540e-04
22 6 1.018130e-03
22 7 1.439840e-03
22 8 2.047900e-03
22 9 2.896290e-03
22 10 4.134470e-03
22 11 5.881880e-03
22 12 8.393200e-03
22 13 1.200410e-02
22 14 1.730050e-02
22 15 2.499250e-02
22 16 3.632170e-02
22 17 5.291550e-02
22 18 7.744730e-02
22 19 1.138960e-01
22 20 1.688400e-01
22 21 2.519670e-01
22 22 3.599440e-01
22 23 4.260300e-01
22 24 4.705720e-01
22 25 5.024500e-01
22 26 5.137970e-01
22 27 4.976960e-01
22 28 4.501910e-01
22 29 3.732550e-01
22 30 2.773540e-01
22 31 1.794120e-01
22 32 9.740780e-02
22 33 4.241130e-02
22 34 1.397530e-02
22 35 3.244110e-03
22 36 4.851450e-04
22 37 4.219270e-05
22 38 2.612540e-06
22 39 1.016760e-07
22 40 4.535690e-09
23 1 4.287800e-04
23 2 1.741640e-04
23 3 2.570230e-04
23 4 3.509720e-04
23 5 5.026950e-04
23 6 7.138040e-04
23 7 1.009840e-03
23 8 1.436920e-03
23 9 2.033400e-03
23 10 2.904610e-03
23 11 4.135530e-03
23 12 5.906820e-03
23 13 8.452520e-03
23 14 1.217560e-02
23 15 1.758840e-02
23 16 2.564770e-02
23 17 3.764570e-02
23 18 5.560700e-02
23 19 8.242530e-02
23 20 1.229510e-01
23 21 1.845190e-01
23 22 2.792390e-01
23 23 4.017330e-01
23 24 4.676950e-01
23 25 5.027460e-01
23 26 5.183610e-01
23 27 5.071250e-01
23 28 4.644370e-01
23 29 3.909270e-01
23 30 2.957490e-01
23 31 1.954580e-01
23 32 1.088640e-01
23 33 4.884820e-02
23 34 1.667620e-02
23 35 4.033400e-03
23 36 6.326170e-04
23 37 5.785170e-05
23 38 3.575260e-06
23 39 1.465390e-07
23 40 7.498570e-09
24 1 3.030980e-04
24 2 1.234350e-04
24 3 1.821750e-04
24 4 2.487930e-04
24 5 3.563970e-04
24 6 5.061090e-04
24 7 7.161670e-04
24 8 1.019310e-03
24 9 1.442830e-03
24 10 2.061840e-03
24 11 2.937200e-03
24 12 4.198220e-03
24 13 6.012270e-03
24 14 8.663290e-03
24 15 1.250550e-02
24 16 1.820910e-02
24 17 2.669570e-02
24 18 3.945900e-02
24 19 5.870340e-02
24 20 8.795130e-02
24 21 1.325720e-01
24 22 2.015970e-01
24 23 3.090800e-01
24 24 4.474160e-01
24 25 5.111210e-01
24 26 5.319850e-01
24 27 5.264070e-01
24 28 4.887540e-01
24 29 4.184370e-01
24 30 3.230540e-01
24 31 2.187700e-01
24 32 1.254150e-01
24 33 5.820740e-02
24 34 2.067130e-02
24 35 5.232790e-03
24 36 8.648420e-04
24 37 8.372550e-05
24 38 5.080090e-06
24 39 2.280320e-07
24 40 1.316140e-08
25 1 2.069990e-04
25 2 8.429560e-05
25 3 1.244220e-04
25 4 1.699440e-04
25 5 2.435020e-04
25 6 3.458720e-04
25 7 4.895800e-04
25 8 6.970690e-04
25 9 9.871600e-04
25 10 1.411540e-03
25 11 2.012210e-03
25 12 2.878640e-03
25 13 4.127270e-03
25 14 5.955560e-03
25 15 8.606760e-03
25 16 1.254030e-02
25 17 1.840620e-02
25 18 2.725560e-02
25 19 4.067530e-02
25 20 6.124050e-02
25 21 9.283690e-02
25 22 1.420290e-01
25 23 2.192360e-01
25 24 3.413390e-01
25 25 4.979510e-01
25 26 5.560630e-01
25 27 5.572960e-01
25 28 5.253690e-01
25 29 4.582800e-01
25 30 3.618870e-01
25 31 2.517550e-01
25 32 1.490110e-01
25 33 7.180760e-02
25 34 2.664940e-02
25 35 7.100320e-03
25 36 1.244450e-03
25 37 1.286910e-04
25 38 8.097770e-06
25 39 3.892160e-07
25 40 2.466660e-08
26 1 1.245860e-04
26 2 5.110580e-05
26 3 7.545410e-05
26 4 1.030950e-04
26 5 1.477890e-04
26 6 2.100380e-04
26 7 2.974930e-04
26 8 4.239320e-04
26 9 6.009860e-04
26 10 8.604270e-04
26 11 1.228560e-03
26 12 1.761100e-03
26 13 2.531160e-03
26 14 3.663330e-03
26 15 5.313450e-03
26 16 7.770610e-03
26 17 1.143980e-02
26 18 1.702690e-02
26 19 2.565490e-02
26 20 3.923080e-02
26 21 6.071010e-02
26 22 9.486860e-02
26 23 1.491290e-01
26 24 2.360780e-01
26 25 3.763990e-01
26 26 5.557170e-01
26 27 6.043300e-01
26 28 5.788470e-01
26 29 5.147630e-01
26 30 4.162960e-01
26 31 2.980360e-01
26 32 1.826000e-01
26 33 9.170840e-02
26 34 3.574740e-02
26 35 1.009620e-02
26 36 1.895350e-03
26 37 2.124190e-04
26 38 1.349320e-05
26 39 6.875890e-07
26 40 5.128720e-08
27 1 8.076820e-05
27 2 3.329620e-05
27 3 4.916430e-05
27 4 6.718550e-05
27 5 9.631530e-05
27 6 1.369200e-04
27 7 1.939950e-04
27 8 2.765260e-04
27 9 3.922100e-04
27 10 5.618760e-04
27 11 8.028020e-04
27 12 1.151830e-03
27 13 1.657360e-03
27 14 2.401960e-03
27 15 3.490010e-03
27 16 5.115140e-03
27 17 7.548040e-03
27 18 1.124150e-02
27 19 1.691720e-02
27 20 2.581610e-02
27 21 3.989490e-02
27 22 6.249490e-02
27 23 9.897700e-02
27 24 1.581600e-01
27 25 2.549920e-01
27 26 4.140050e-01
27 27 6.158420e-01
27 28 6.493570e-01
27 29 5.906210e-01
27 30 4.909110e-01
27 31 3.632130e-01
27 32 2.314070e-01
27 33 1.217020e-01
27 34 5.006010e-02
27 35 1.504820e-02
27 36 3.034700e-03
27 37 3.690220e-04
27 38 2.427040e-05
27 39 1.205830e-06
27 40 1.090700e-07
28 1 4.649440e-05
28 2 1.938000e-05
28 3 2.862250e-05
28 4 3.912370e-05
28 5 5.611120e-05
28 6 7.979450e-05
28 7 1.131120e-04
28 8 1.613650e-04
28 9 2.290560e-04
28 10 3.284640e-04
28 11 4.699760e-04
28 12 6.754110e-04
28 13 9.738000e-04
28 14 1.415040e-03
28 15 2.062620e-03
28 16 3.034930e-03
28 17 4.500120e-03
28 18 6.739470e-03
28 19 1.020050e-02
28 20 1.566240e-02
28 21 2.438380e-02
28 22 3.860660e-02
28 23 6.203880e-02
28 24 1.007810e-01
28 25 1.653320e-01
28 26 2.734890e-01
28 27 4.548860e-01
28 28 6.831910e-01
28 29 6.945850e-01
28 30 5.941660e-01
28 31 4.553400e-01
28 32 3.025930e-01
28 33 1.673460e-01
28 34 7.305240e-02
28 35 2.354500e-02
28 36 5.150650e-03
28 37 6.881450e-04
28 38 4.951570e-05
28 39 2.453450e-06
28 40 2.516830e-07
29 1 2.288290e-05
29 2 9.945440e-06
29 3 1.469570e-05
29 4 2.009710e-05
29 5 2.883570e-05
29 6 4.103100e-05
29 7 5.820630e-05
29 8 8.309770e-05
29 9 1.180860e-04
29 10 1.695800e-04
29 11 2.430400e-04
29 12 3.500410e-04
29 13 5.060810e-04
29 14 7.378250e-04
29 15 1.079990e-03
29 16 1.597360e-03
29 17 2.383540e-03
29 18 3.597230e-03
29 19 5.494680e-03
29 20 8.524470e-03
29 21 1.342060e-02
29 22 2.152570e-02
29 23 3.523040e-02
29 24 5.869410e-02
29 25 9.918780e-02
29 26 1.691470e-01
29 27 2.900990e-01
29 28 4.984230e-01
29 29 7.586460e-01
29 30 7.386470e-01
29 31 5.868270e-01
29 32 4.076060e-01
29 33 2.378380e-01
29 34 1.107510e-01
29 35 3.856110e-02
29 36 9.246070e-03
29 37 1.376220e-03
29 38 1.117970e-04
29 39 5.413350e-06
29 40 6.248540e-07
30 1 1.098970e-05
30 2 5.089330e-06
30 3 7.536160e-06
30 4 1.031050e-05
30 5 1.480210e-05
30 6 2.107360e-05
30 7 2.991630e-05
30 8 4.275280e-05
30 9 6.082000e-05
30 10 8.746230e-05
30 11 1.255770e-04
30 12 1.812520e-04
30 13 2.627650e-04
30 14 3.844190e-04
30 15 5.650760e-04
30 16 8.401660e-04
30 17 1.261840e-03
30 18 1.919750e-03
30 19 2.961250e-03
30 20 4.648460e-03
30 21 7.421180e-03
30 22 1.207250e-02
30 23 1.999680e-02
30 24 3.369130e-02
30 25 5.766530e-02
30 26 1.000480e-01
30 27 1.753480e-01
30 28 3.090490e-01
30 29 5.444380e-01
30 30 8.354260e-01
30 31 7.750930e-01
30 32 5.657550e-01
30 33 3.504080e-01
30 34 1.751450e-01
30 35 6.626730e-02
30 36 1.750260e-02
30 37 2.913650e-03
30 38 2.689610e-04
30 39 1.281930e-05
30 40 1.025770e-06
31 1 4.279270e-06
31 2 2.158910e-06
31 3 3.283250e-06
31 4 4.531200e-06
31 5 6.513220e-06
31 6 9.284080e-06
31 7 1.319530e-05
31 8 1.888300e-05
31 9 2.691090e-05
31 10 3.878100e-05
31 11 5.582790e-05
31 12 8.084270e-05
31 13 1.176600e-04
31 14 1.729580e-04
31 15 2.557200e-04
31 16 3.829020e-04
31 17 5.799140e-04
31 18 8.909490e-04
31 19 1.390230e-03
31 20 2.211990e-03
31 21 3.587850e-03
31 22 5.944510e-03
31 23 1.004650e-02
31 24 1.729680e-02
31 25 3.031140e-02
31 26 5.404370e-02
31 27 9.772550e-02
31 28 1.783400e-01
31 29 3.263380e-01
31 30 5.938940e-01
31 31 9.191890e-01
31 32 8.043750e-01
31 33 5.307330e-01
31 34 2.863700e-01
31 35 1.187060e-01
31 36 3.490430e-02
31 37 6.581700e-03
31 38 7.008280e-04
31 39 3.639990e-05
31 40 1.245770e-06
32 1 1.387490e-06
32 2 7.374500e-07
32 3 1.146560e-06
32 4 1.637260e-06
32 5 2.405990e-06
32 6 3.455750e-06
32 7 4.923950e-06
32 8 7.060010e-06
32 9 1.008090e-05
32 10 1.456190e-05
32 11 2.102410e-05
32 12 3.055510e-05
32 13 4.467200e-05
32 14 6.603460e-05
32 15 9.829620e-05
32 16 1.483940e-04
32 17 2.269960e-04
32 18 3.529900e-04
32 19 5.588420e-04
32 20 9.045890e-04
32 21 1.497040e-03
32 22 2.540180e-03
32 23 4.418240e-03
32 24 7.860330e-03
32 25 1.425270e-02
32 26 2.626040e-02
32 27 4.918380e-02
32 28 9.345850e-02
32 29 1.789620e-01
32 30 3.421480e-01
32 31 6.460650e-01
32 32 1.009200e+00
32 33 8.248490e-01
32 34 4.824000e-01
32 35 2.205130e-01
32 36 7.287900e-02
32 37 1.577110e-02
32 38 1.971430e-03
32 39 1.217290e-04
32 40 3.987260e-06
33 1 2.834670e-07
33 2 1.622670e-07
33 3 2.684690e-07
33 4 4.106740e-07
33 5 6.515100e-07
33 6 9.944730e-07
33 7 1.474240e-06
33 8 2.162340e-06
33 9 3.131770e-06
33 10 4.555970e-06
33 11 6.602560e-06
33 12 9.636330e-06
33 13 1.416130e-05
33 14 2.106650e-05
33 15 3.160740e-05
33 16 4.818160e-05
33 17 7.457630e-05
33 18 1.176220e-04
33 19 1.893920e-04
33 20 3.128070e-04
33 21 5.302270e-04
33 22 9.253100e-04
33 23 1.663460e-03
33 24 3.078780e-03
33 25 5.838850e-03
33 26 1.122380e-02
33 27 2.188470e-02
33 28 4.343730e-02
33 29 8.751930e-02
33 30 1.772760e-01
33 31 3.563890e-01
33 32 7.008730e-01
33 33 1.104540e+00
33 34 8.334630e-01
33 35 4.221950e-01
33 36 1.581240e-01
33 37 3.972870e-02
33 38 5.921080e-03
33 39 4.480130e-04
33 40 1.631970e-05
34 1 4.786760e-08
34 2 2.740110e-08
34 3 4.533490e-08
34 4 6.935010e-08
34 5 1.111210e-07
34 6 1.765270e-07
34 7 2.791510e-07
34 8 4.417060e-07
34 9 6.870850e-07
34 10 1.063780e-06
34 11 1.613570e-06
34 12 2.410550e-06
34 13 3.582890e-06
34 14 5.379920e-06
34 15 8.159250e-06
34 16 1.259680e-05
34 17 1.979210e-05
34 18 3.176930e-05
34 19 5.220570e-05
34 20 8.826220e-05
34 21 1.536030e-04
34 22 2.761010e-04
34 23 5.131080e-04
34 24 9.865550e-04
34 25 1.960130e-03
34 26 3.998400e-03
34 27 8.259900e-03
34 28 1.730440e-02
34 29 3.695600e-02
34 30 7.999060e-02
34 31 1.731530e-01
34 32 3.687380e-01
34 33 7.583920e-01
34 34 1.203450e+00
34 35 8.267640e-01
34 36 3.531350e-01
34 37 1.041310e-01
34 38 1.877590e-02
34 39 1.775180e-03
34 40 7.660480e-05
35 1 7.017770e-09
35 2 4.017220e-09
35 3 6.646460e-09
35 4 1.016730e-08
35 5 1.629120e-08
35 6 2.588030e-08
35 7 4.093120e-08
35 8 6.505000e-08
35 9 1.026740e-07
35 10 1.633610e-07
35 11 2.586260e-07
35 12 4.096680e-07
35 13 6.469480e-07
35 14 1.018210e-06
35 15 1.591450e-06
35 16 2.511510e-06
35 17 4.032810e-06
35 18 6.635950e-06
35 19 1.121200e-05
35 20 1.953610e-05
35 21 3.511640e-05
35 22 6.533770e-05
35 23 1.259630e-04
35 24 2.518790e-04
35 25 5.224000e-04
35 26 1.116150e-03
35 27 2.443880e-03
35 28 5.508350e-03
35 29 1.274670e-02
35 30 3.001730e-02
35 31 7.106970e-02
35 32 1.664970e-01
35 33 3.787660e-01
35 34 8.179760e-01
35 35 1.304640e+00
35 36 8.035650e-01
35 37 2.800450e-01
35 38 6.189990e-02
35 39 7.461860e-03
35 40 4.142660e-04
36 1 1.063270e-09
36 2 6.086500e-10
36 3 1.007010e-09
36 4 1.540450e-09
36 5 2.468300e-09
36 6 3.921140e-09
36 7 6.201510e-09
36 8 9.855770e-09
36 9 1.555620e-08
36 10 2.475090e-08
36 11 3.918470e-08
36 12 6.209370e-08
36 13 9.830320e-08
36 14 1.560550e-07
36 15 2.470040e-07
36 16 3.918060e-07
36 17 6.219880e-07
36 18 1.003220e-06
36 19 1.671670e-06
36 20 2.929200e-06
36 21 5.398420e-06
36 22 1.045060e-05
36 23 2.122680e-05
36 24 4.521780e-05
36 25 1.010960e-04
36 26 2.367560e-04
36 27 5.716820e-04
36 28 1.397040e-03
36 29 3.469180e-03
36 30 8.842250e-03
36 31 2.305530e-02
36 32 6.043490e-02
36 33 1.556960e-01
36 34 3.838890e-01
36 35 8.793890e-01
36 36 1.409820e+00
36 37 7.632350e-01
36 38 2.081880e-01
36 39 3.252390e-02
36 40 2.482910e-03
37 1 1.851600e-10
37 2 1.059900e-10
37 3 1.753700e-10
37 4 2.682600e-10
37 5 4.298400e-10
37 6 6.828500e-10
37 7 1.079960e-09
37 8 1.716330e-09
37 9 2.709030e-09
37 10 4.310240e-09
37 11 6.823820e-09
37 12 1.081330e-08
37 13 1.711900e-08
37 14 2.717620e-08
37 15 4.301440e-08
37 16 6.823010e-08
37 17 1.081370e-07
37 18 1.713990e-07
37 19 2.714590e-07
37 20 4.309390e-07
37 21 6.988060e-07
37 22 1.237800e-06
37 23 2.427890e-06
37 24 5.323010e-06
37 25 1.274680e-05
37 26 3.283350e-05
37 27 8.999100e-05
37 28 2.538610e-04
37 29 7.166210e-04
37 30 2.017210e-03
37 31 5.745010e-03
37 32 1.677880e-02
37 33 4.943220e-02
37 34 1.422730e-01
37 35 3.851840e-01
37 36 9.427160e-01
37 37 1.515030e+00
37 38 7.051220e-01
37 39 1.436150e-01
37 40 1.542450e-02
38 1 4.530200e-11
38 2 2.593200e-11
38 3 4.290500e-11
38 4 6.563300e-11
38 5 1.051700e-10
38 6 1.670700e-10
38 7 2.642200e-10
38 8 4.199200e-10
38 9 6.627900e-10
38 10 1.054540e-09
38 11 1.669520e-09
38 12 2.645590e-09
38 13 4.188340e-09
38 14 6.648950e-09
38 15 1.052390e-08
38 16 1.669320e-08
38 17 2.645690e-08
38 18 4.193470e-08
38 19 6.641520e-08
38 20 1.053190e-07
38 21 1.668800e-07
38 22 2.645630e-07
38 23 4.217070e-07
38 24 6.974400e-07
38 25 1.334630e-06
38 26 3.197190e-06
38 27 9.550740e-06
38 28 3.250230e-05
38 29 1.088260e-04
38 30 3.455680e-04
38 31 1.083260e-03
38 32 3.468060e-03
38 33 1.149260e-02
38 34 3.871260e-02
38 35 1.267370e-01
38 36 3.823550e-01
38 37 1.007290e+00
38 38 1.617110e+00
38 39 6.316910e-01
38 40 9.664410e-02
39 1 1.171600e-11
39 2 6.706500e-12
39 3 1.109600e-11
39 4 1.697400e-11
39 5 2.719700e-11
39 6 4.320500e-11
39 7 6.833200e-11
39 8 1.086000e-10
39 9 1.714100e-10
39 10 2.727200e-10
39 11 4.317600e-10
39 12 6.841800e-10
39 13 1.083160e-09
39 14 1.719500e-09
39 15 2.721620e-09
39 16 4.317070e-09
39 17 6.842080e-09
39 18 1.084480e-08
39 19 1.717580e-08
39 20 2.723670e-08
39 21 4.315730e-08
39 22 6.841350e-08
39 23 1.084280e-07
39 24 1.719040e-07
39 25 2.764130e-07
39 26 4.709410e-07
39 27 9.487790e-07
39 28 2.665820e-06
39 29 1.052890e-05
39 30 4.164450e-05
39 31 1.494040e-04
39 32 5.245080e-04
39 33 1.905750e-03
39 34 7.309850e-03
39 35 2.883820e-02
39 36 1.098680e-01
39 37 3.756720e-01
39 38 1.073180e+00
39 39 1.712770e+00
39 40 6.008820e-01
40 1 3.118700e-12
40 2 1.785300e-12
40 3 2.953700e-12
40 4 4.518400e-12
40 5 7.239900e-12
40 6 1.150100e-11
40 7 1.819000e-11
40 8 2.890900e-11
40 9 4.562900e-11
40 10 7.259800e-11
40 11 1.149300e-10
40 12 1.821300e-10
40 13 2.883400e-10
40 14 4.577400e-10
40 15 7.245000e-10
40 16 1.149210e-09
40 17 1.821380e-09
40 18 2.886910e-09
40 19 4.572230e-09
40 20 7.250460e-09
40 21 1.148860e-08
40 22 1.821180e-08
40 23 2.886360e-08
40 24 4.574010e-08
40 25 7.249720e-08
40 26 1.149000e-07
40 27 1.828380e-07
40 28 3.097140e-07
40 29 6.745230e-07
40 30 2.450500e-06
40 31 1.091900e-05
40 32 4.525810e-05
40 33 1.885350e-04
40 34 8.400600e-04
40 35 4.040260e-03
40 36 1.989570e-02
40 37 9.214180e-02
40 38 3.658360e-01
40 39 1.141140e+00
40 40 2.282250e+00
