1 1 1.439920e-01
1 2 5.340500e-02
1 3 7.004830e-02
1 4 8.483090e-02
1 5 1.077580e-01
1 6 1.353660e-01
1 7 1.691300e-01
1 8 2.120390e-01
1 9 2.636310e-01
1 10 3.296590e-01
1 11 4.089630e-01
1 12 5.061610e-01
1 13 6.232570e-01
1 14 7.652370e-01
1 15 9.303700e-01
1 16 1.123720e+00
1 17 1.341180e+00
1 18 1.579140e+00
1 19 1.826110e+00
1 20 2.068700e+00
1 21 2.278760e+00
1 22 2.426430e+00
1 23 2.473500e+00
1 24 2.387700e+00
1 25 2.153230e+00
1 26 1.782160e+00
1 27 1.324710e+00
1 28 8.606040e-01
1 29 4.723610e-01
1 30 2.100050e-01
1 31 7.177200e-02
1 32 1.767240e-02
1 33 2.895140e-03
1 34 2.857840e-04
1 35 1.579300e-05
1 36 7.866200e-07
1 37 3.383030e-08
1 38 0.000000e+00
1 39 0.000000e+00
1 40 0.000000e+00
2 1 1.143780e-01
2 2 4.644690e-02
2 3 6.253970e-02
2 4 7.581370e-02
2 5 9.630340e-02
2 6 1.209780e-01
2 7 1.511540e-01
2 8 1.895030e-01
2 9 2.356140e-01
2 10 2.946270e-01
2 11 3.655090e-01
2 12 4.523880e-01
2 13 5.570440e-01
2 14 6.839620e-01
2 15 8.315570e-01
2 16 1.004470e+00
2 17 1.198880e+00
2 18 1.411650e+00
2 19 1.632490e+00
2 20 1.849580e+00
2 21 2.037530e+00
2 22 2.169930e+00
2 23 2.212420e+00
2 24 2.136140e+00
2 25 1.926930e+00
2 26 1.595440e+00
2 27 1.186450e+00
2 28 7.712230e-01
2 29 4.236040e-01
2 30 1.884900e-01
2 31 6.448460e-02
2 32 1.589990e-02
2 33 2.609130e-03
2 34 2.580760e-04
2 35 1.440050e-05
2 36 7.132000e-07
2 37 3.075580e-08
2 38 0.000000e+00
2 39 0.000000e+00
2 40 0.000000e+00
3 1 9.014110e-02
3 2 3.780370e-02
3 3 5.436790e-02
3 4 6.762710e-02
3 5 8.596580e-02
3 6 1.079920e-01
3 7 1.349300e-01
3 8 1.691640e-01
3 9 2.103280e-01
3 10 2.630100e-01
3 11 3.262920e-01
3 12 4.038580e-01
3 13 4.972930e-01
3 14 6.106160e-01
3 15 7.423980e-01
3 16 8.968390e-01
3 17 1.070490e+00
3 18 1.260530e+00
3 19 1.457850e+00
3 20 1.651920e+00
3 21 1.820030e+00
3 22 1.938640e+00
3 23 1.977050e+00
3 24 1.909420e+00
3 25 1.723020e+00
3 26 1.427250e+00
3 27 1.061980e+00
3 28 6.908150e-01
3 29 3.797780e-01
3 30 1.691710e-01
3 31 5.795190e-02
3 32 1.431370e-02
3 33 2.353710e-03
3 34 2.334080e-04
3 35 1.312350e-05
3 36 6.483270e-07
3 37 2.805140e-08
3 38 0.000000e+00
3 39 0.000000e+00
3 40 0.000000e+00
4 1 7.019130e-02
4 2 2.970360e-02
4 3 4.417600e-02
4 4 5.893290e-02
4 5 7.674060e-02
4 6 9.645790e-02
4 7 1.205190e-01
4 8 1.510980e-01
4 9 1.878670e-01
4 10 2.349290e-01
4 11 2.914580e-01
4 12 3.607510e-01
4 13 4.442320e-01
4 14 5.454740e-01
4 15 6.632350e-01
4 16 8.012260e-01
4 17 9.564830e-01
4 18 1.126360e+00
4 19 1.302840e+00
4 20 1.476480e+00
4 21 1.627090e+00
4 22 1.733440e+00
4 23 1.768330e+00
4 24 1.708430e+00
4 25 1.542300e+00
4 26 1.278250e+00
4 27 9.518070e-01
4 28 6.197050e-01
4 29 3.410630e-01
4 30 1.521290e-01
4 31 5.220330e-02
4 32 1.292110e-02
4 33 2.130120e-03
4 34 2.119090e-04
4 35 1.195810e-05
4 36 5.923630e-07
4 37 2.573470e-08
4 38 0.000000e+00
4 39 0.000000e+00
4 40 0.000000e+00
5 1 5.638690e-02
5 2 2.360150e-02
5 3 3.502930e-02
5 4 4.799120e-02
5 5 6.704650e-02
5 6 8.627030e-02
5 7 1.078340e-01
5 8 1.351960e-01
5 9 1.680980e-01
5 10 2.102100e-01
5 11 2.607980e-01
5 12 3.228110e-01
5 13 3.975270e-01
5 14 4.881440e-01
5 15 5.935680e-01
5 16 7.170870e-01
5 17 8.561620e-01
5 18 1.008320e+00
5 19 1.166490e+00
5 20 1.322170e+00
5 21 1.457370e+00
5 22 1.553040e+00
5 23 1.584870e+00
5 24 1.531870e+00
5 25 1.383670e+00
5 26 1.147540e+00
5 27 8.552330e-01
5 28 5.574490e-01
5 29 3.072170e-01
5 30 1.372610e-01
5 31 4.720050e-02
5 32 1.171290e-02
5 33 1.936990e-03
5 34 1.934560e-04
5 35 1.097810e-05
5 36 5.449390e-07
5 37 2.379160e-08
5 38 0.000000e+00
5 39 0.000000e+00
5 40 0.000000e+00
6 1 4.464990e-02
6 2 1.859760e-02
6 3 2.764120e-02
6 4 3.792040e-02
6 5 5.447550e-02
6 6 7.545160e-02
6 7 9.648550e-02
6 8 1.210030e-01
6 9 1.504540e-01
6 10 1.881510e-01
6 11 2.334360e-01
6 12 2.889530e-01
6 13 3.558470e-01
6 14 4.369950e-01
6 15 5.314060e-01
6 16 6.420360e-01
6 17 7.666540e-01
6 18 9.030420e-01
6 19 1.044910e+00
6 20 1.184590e+00
6 21 1.306040e+00
6 22 1.392310e+00
6 23 1.421460e+00
6 24 1.374720e+00
6 25 1.242620e+00
6 26 1.031430e+00
6 27 7.695260e-01
6 28 5.022840e-01
6 29 2.772860e-01
6 30 1.241490e-01
6 31 4.280410e-02
6 32 1.065580e-02
6 33 1.769120e-03
6 34 1.775630e-04
6 35 1.015620e-05
6 36 5.048990e-07
6 37 2.217760e-08
6 38 0.000000e+00
6 39 0.000000e+00
6 40 0.000000e+00
7 1 3.427250e-02
7 2 1.422630e-02
7 3 2.139160e-02
7 4 2.962540e-02
7 5 4.280620e-02
7 6 6.112450e-02
7 7 8.450720e-02
7 8 1.083880e-01
7 9 1.347970e-01
7 10 1.685750e-01
7 11 2.091560e-01
7 12 2.589100e-01
7 13 3.188680e-01
7 14 3.916110e-01
7 15 4.762530e-01
7 16 5.754790e-01
7 17 6.872460e-01
7 18 8.097040e-01
7 19 9.371110e-01
7 20 1.062660e+00
7 21 1.172000e+00
7 22 1.249970e+00
7 23 1.276850e+00
7 24 1.235750e+00
7 25 1.117970e+00
7 26 9.289910e-01
7 27 6.940020e-01
7 28 4.537700e-01
7 29 2.510360e-01
7 30 1.126900e-01
7 31 3.897900e-02
7 32 9.741970e-03
7 33 1.625370e-03
7 34 1.641190e-04
7 35 9.453750e-06
7 36 4.721140e-07
7 37 2.088700e-08
7 38 0.000000e+00
7 39 0.000000e+00
7 40 0.000000e+00
8 1 2.671550e-02
8 2 1.109370e-02
8 3 1.669530e-02
8 4 2.318630e-02
8 5 3.358530e-02
8 6 4.804880e-02
8 7 6.833330e-02
8 8 9.504320e-02
8 9 1.209050e-01
8 10 1.512260e-01
8 11 1.876390e-01
8 12 2.322880e-01
8 13 2.861010e-01
8 14 3.513990e-01
8 15 4.273980e-01
8 16 5.165160e-01
8 17 6.169340e-01
8 18 7.270580e-01
8 19 8.416780e-01
8 20 9.547790e-01
8 21 1.053460e+00
8 22 1.124140e+00
8 23 1.149130e+00
8 24 1.113120e+00
8 25 1.008110e+00
8 26 8.388620e-01
8 27 6.277060e-01
8 28 4.112870e-01
8 29 2.281320e-01
8 30 1.027400e-01
8 31 3.567920e-02
8 32 8.960890e-03
8 33 1.504070e-03
8 34 1.529840e-04
8 35 8.885560e-06
8 36 4.462720e-07
8 37 1.991970e-08
8 38 0.000000e+00
8 39 0.000000e+00
8 40 0.000000e+00
9 1 2.175490e-02
9 2 8.853590e-03
9 3 1.310340e-02
9 4 1.806800e-02
9 5 2.627160e-02
9 6 3.774110e-02
9 7 5.378060e-02
9 8 7.689620e-02
9 9 1.062740e-01
9 10 1.359010e-01
9 11 1.686470e-01
9 12 2.087910e-01
9 13 2.571830e-01
9 14 3.159170e-01
9 15 3.842910e-01
9 16 4.644980e-01
9 17 5.549480e-01
9 18 6.541730e-01
9 19 7.575820e-01
9 20 8.597660e-01
9 21 9.491080e-01
9 22 1.013460e+00
9 23 1.036920e+00
9 24 1.005520e+00
9 25 9.118710e-01
9 26 7.600730e-01
9 27 5.699540e-01
9 28 3.744000e-01
9 29 2.083460e-01
9 30 9.420440e-02
9 31 3.287540e-02
9 32 8.306260e-03
9 33 1.404390e-03
9 34 1.441050e-04
9 35 8.453610e-06
9 36 4.273450e-07
9 37 1.928040e-08
9 38 0.000000e+00
9 39 0.000000e+00
9 40 0.000000e+00
10 1 1.693130e-02
10 2 6.881190e-03
10 3 1.022710e-02
10 4 1.413240e-02
10 5 2.053730e-02
10 6 2.954580e-02
10 7 4.217870e-02
10 8 6.037360e-02
10 9 8.579580e-02
10 10 1.196370e-01
10 11 1.518440e-01
10 12 1.880130e-01
10 13 2.316140e-01
10 14 2.845450e-01
10 15 3.461870e-01
10 16 4.185340e-01
10 17 5.001800e-01
10 18 5.898030e-01
10 19 6.833540e-01
10 20 7.759530e-01
10 21 8.571350e-01
10 22 9.160370e-01
10 23 9.382290e-01
10 24 9.110180e-01
10 25 8.275600e-01
10 26 6.912220e-01
10 27 5.196900e-01
10 28 3.424550e-01
10 29 1.913310e-01
10 30 8.693500e-02
10 31 3.052010e-02
10 32 7.767640e-03
10 33 1.324960e-03
10 34 1.374080e-04
10 35 8.156560e-06
10 36 4.155090e-07
10 37 1.898380e-08
10 38 0.000000e+00
10 39 0.000000e+00
10 40 0.000000e+00
11 1 1.296260e-02
11 2 5.266560e-03
11 3 7.810370e-03
11 4 1.076850e-02
11 5 1.566060e-02
11 6 2.268270e-02
11 7 3.264300e-02
11 8 4.698900e-02
11 9 6.702240e-02
11 10 9.630210e-02
11 11 1.339530e-01
11 12 1.697790e-01
11 13 2.091840e-01
11 14 2.570320e-01
11 15 3.127800e-01
11 16 3.782300e-01
11 17 4.521900e-01
11 18 5.334450e-01
11 19 6.183800e-01
11 20 7.026530e-01
11 21 7.768010e-01
11 22 8.310460e-01
11 23 8.522900e-01
11 24 8.289100e-01
11 25 7.545270e-01
11 26 6.318150e-01
11 27 4.765440e-01
11 28 3.152480e-01
11 29 1.769850e-01
11 30 8.089730e-02
11 31 2.860740e-02
11 32 7.345480e-03
11 33 1.266360e-03
11 34 1.330240e-04
11 35 8.008780e-06
11 36 4.116980e-07
11 37 1.909060e-08
11 38 0.000000e+00
11 39 0.000000e+00
11 40 0.000000e+00
12 1 1.050530e-02
12 2 4.261700e-03
12 3 6.293040e-03
12 4 8.610750e-03
12 5 1.237560e-02
12 6 1.763630e-02
12 7 2.522170e-02
12 8 3.647400e-02
12 9 5.227050e-02
12 10 7.527460e-02
12 11 1.078000e-01
12 12 1.502210e-01
12 13 1.895160e-01
12 14 2.329170e-01
12 15 2.835130e-01
12 16 3.429200e-01
12 17 4.101890e-01
12 18 4.841500e-01
12 19 5.615940e-01
12 20 6.386790e-01
12 21 7.067960e-01
12 22 7.571020e-01
12 23 7.777250e-01
12 24 7.579240e-01
12 25 6.916430e-01
12 26 5.809740e-01
12 27 4.398980e-01
12 28 2.924130e-01
12 29 1.651310e-01
12 30 7.602570e-02
12 31 2.712080e-02
12 32 7.037730e-03
12 33 1.228730e-03
12 34 1.310220e-04
12 35 8.019080e-06
12 36 4.163710e-07
12 37 1.962770e-08
12 38 0.000000e+00
12 39 0.000000e+00
12 40 0.000000e+00
13 1 7.692690e-03
13 2 3.122580e-03
13 3 4.611600e-03
13 4 6.303280e-03
13 5 9.062010e-03
13 6 1.300350e-02
13 7 1.873520e-02
13 8 2.733010e-02
13 9 3.970970e-02
13 10 5.782100e-02
13 11 8.339650e-02
13 12 1.202490e-01
13 13 1.681220e-01
13 14 2.119140e-01
13 15 2.580330e-01
13 16 3.122530e-01
13 17 3.736460e-01
13 18 4.413140e-01
13 19 5.123120e-01
13 20 5.832210e-01
13 21 6.462350e-01
13 22 6.932610e-01
13 23 7.135400e-01
13 24 6.970670e-01
13 25 6.380280e-01
13 26 5.379630e-01
13 27 4.092190e-01
13 28 2.735890e-01
13 29 1.555890e-01
13 30 7.225450e-02
13 31 2.604630e-02
13 32 6.844770e-03
13 33 1.213220e-03
13 34 1.317160e-04
13 35 8.221480e-06
13 36 4.319940e-07
13 37 2.077030e-08
13 38 0.000000e+00
13 39 0.000000e+00
13 40 0.000000e+00
14 1 6.431550e-03
14 2 2.609280e-03
14 3 3.852070e-03
14 4 5.263440e-03
14 5 7.546750e-03
14 6 1.074180e-02
14 7 1.527730e-02
14 8 2.187640e-02
14 9 3.118260e-02
14 10 4.514380e-02
14 11 6.502230e-02
14 12 9.359510e-02
14 13 1.347280e-01
14 14 1.887450e-01
14 15 2.359020e-01
14 16 2.856370e-01
14 17 3.419970e-01
14 18 4.042390e-01
14 19 4.697500e-01
14 20 5.354290e-01
14 21 5.942290e-01
14 22 6.386700e-01
14 23 6.589440e-01
14 24 6.456890e-01
14 25 5.932220e-01
14 26 5.025120e-01
14 27 3.844330e-01
14 28 2.588250e-01
14 29 1.484520e-01
14 30 6.965810e-02
14 31 2.542370e-02
14 32 6.780470e-03
14 33 1.222890e-03
14 34 1.354960e-04
14 35 8.641920e-06
14 36 4.594350e-07
14 37 2.252300e-08
14 38 0.000000e+00
14 39 0.000000e+00
14 40 0.000000e+00
15 1 4.975010e-03
15 2 2.018630e-03
15 3 2.980490e-03
15 4 4.072400e-03
15 5 5.837850e-03
15 6 8.298490e-03
15 7 1.176940e-02
15 8 1.685450e-02
15 9 2.412460e-02
15 10 3.492540e-02
15 11 5.027300e-02
15 12 7.238410e-02
15 13 1.042100e-01
15 14 1.508120e-01
15 15 2.110760e-01
15 16 2.627920e-01
15 17 3.148900e-01
15 18 3.724960e-01
15 19 4.334350e-01
15 20 4.947780e-01
15 21 5.501540e-01
15 22 5.926630e-01
15 23 6.132110e-01
15 24 6.030620e-01
15 25 5.565390e-01
15 26 4.740400e-01
15 27 3.651220e-01
15 28 2.478610e-01
15 29 1.436040e-01
15 30 6.820960e-02
15 31 2.526030e-02
15 32 6.854350e-03
15 33 1.261600e-03
15 34 1.431420e-04
15 35 9.363340e-06
15 36 5.039940e-07
15 37 2.513810e-08
15 38 0.000000e+00
15 39 0.000000e+00
15 40 0.000000e+00
16 1 3.745070e-03
16 2 1.520210e-03
16 3 2.244990e-03
16 4 3.068100e-03
16 5 4.398640e-03
16 6 6.253130e-03
16 7 8.860330e-03
16 8 1.265760e-02
16 9 1.807590e-02
16 10 2.618860e-02
16 11 3.792740e-02
16 12 5.503180e-02
16 13 7.967130e-02
16 14 1.157190e-01
16 15 1.680160e-01
16 16 2.365730e-01
16 17 2.922170e-01
16 18 3.461020e-01
16 19 4.032350e-01
16 20 4.610820e-01
16 21 5.138940e-01
16 22 5.551370e-01
16 23 5.763190e-01
16 24 5.692050e-01
16 25 5.280730e-01
16 26 4.527230e-01
16 27 3.514980e-01
16 28 2.409340e-01
16 29 1.412450e-01
16 30 6.804900e-02
16 31 2.563190e-02
16 32 7.096110e-03
16 33 1.337230e-03
16 34 1.559370e-04
16 35 1.050380e-05
16 36 5.728320e-07
16 37 2.912940e-08
16 38 0.000000e+00
16 39 0.000000e+00
16 40 0.000000e+00
17 1 2.960600e-03
17 2 1.201660e-03
17 3 1.774280e-03
17 4 2.424630e-03
17 5 3.476200e-03
17 6 4.940820e-03
17 7 6.999850e-03
17 8 9.985290e-03
17 9 1.419490e-02
17 10 2.042730e-02
17 11 2.936740e-02
17 12 4.236390e-02
17 13 6.112770e-02
17 14 8.860430e-02
17 15 1.284990e-01
17 16 1.876290e-01
17 17 2.645270e-01
17 18 3.239050e-01
17 19 3.780270e-01
17 20 4.331480e-01
17 21 4.840810e-01
17 22 5.246970e-01
17 23 5.469430e-01
17 24 5.429650e-01
17 25 5.069250e-01
17 26 4.379830e-01
17 27 3.432870e-01
17 28 2.380230e-01
17 29 1.414770e-01
17 30 6.929540e-02
17 31 2.661710e-02
17 32 7.539440e-03
17 33 1.459040e-03
17 34 1.754200e-04
17 35 1.220250e-05
17 36 6.736640e-07
17 37 3.501260e-08
17 38 0.000000e+00
17 39 0.000000e+00
17 40 0.000000e+00
18 1 2.206390e-03
18 2 8.956700e-04
18 3 1.322700e-03
18 4 1.807670e-03
18 5 2.592030e-03
18 6 3.685330e-03
18 7 5.222160e-03
18 8 7.446430e-03
18 9 1.057370e-02
18 10 1.519580e-02
18 11 2.184180e-02
18 12 3.159040e-02
18 13 4.580950e-02
18 14 6.670600e-02
18 15 9.705110e-02
18 16 1.420650e-01
18 17 2.088700e-01
18 18 2.958470e-01
18 19 3.582880e-01
18 20 4.116160e-01
18 21 4.613320e-01
18 22 5.020290e-01
18 23 5.258120e-01
18 24 5.250720e-01
18 25 4.938020e-01
18 26 4.304720e-01
18 27 3.410870e-01
18 28 2.396410e-01
18 29 1.447030e-01
18 30 7.222740e-02
18 31 2.837130e-02
18 32 8.249590e-03
18 33 1.645860e-03
18 34 2.049540e-04
18 35 1.477520e-05
18 36 8.274400e-07
18 37 4.401640e-08
18 38 0.000000e+00
18 39 0.000000e+00
18 40 0.000000e+00
19 1 1.556420e-03
19 2 6.323220e-04
19 3 9.340570e-04
19 4 1.276990e-03
19 5 1.831750e-03
19 6 2.605630e-03
19 7 3.694640e-03
19 8 5.271680e-03
19 9 7.486170e-03
19 10 1.075190e-02
19 11 1.545080e-02
19 12 2.239350e-02
19 13 3.270720e-02
19 14 4.828100e-02
19 15 7.120860e-02
19 16 1.052400e-01
19 17 1.558370e-01
19 18 2.318900e-01
19 19 3.305840e-01
19 20 3.961280e-01
19 21 4.455350e-01
19 22 4.868550e-01
19 23 5.127500e-01
19 24 5.154120e-01
19 25 4.887420e-01
19 26 4.303780e-01
19 27 3.452220e-01
19 28 2.461560e-01
19 29 1.513100e-01
19 30 7.715370e-02
19 31 3.108700e-02
19 32 9.313710e-03
19 33 1.924440e-03
19 34 2.496260e-04
19 35 1.872530e-05
19 36 1.068650e-06
19 37 5.837970e-08
19 38 0.000000e+00
19 39 0.000000e+00
19 40 0.000000e+00
20 1 1.201500e-03
20 2 4.881890e-04
20 3 7.210010e-04
20 4 9.855650e-04
20 5 1.413620e-03
20 6 2.010370e-03
20 7 2.849950e-03
20 8 4.065830e-03
20 9 5.771170e-03
20 10 8.275330e-03
20 11 1.183990e-02
20 12 1.702560e-02
20 13 2.458170e-02
20 14 3.576030e-02
20 15 5.239600e-02
20 16 7.762240e-02
20 17 1.152250e-01
20 18 1.718200e-01
20 19 2.576190e-01
20 20 3.690910e-01
20 21 4.352700e-01
20 22 4.781500e-01
20 23 5.068220e-01
20 24 5.135330e-01
20 25 4.917700e-01
20 26 4.383280e-01
20 27 3.567210e-01
20 28 2.587830e-01
20 29 1.623820e-01
20 30 8.483540e-02
20 31 3.517320e-02
20 32 1.089230e-02
20 33 2.337690e-03
20 34 3.165930e-04
20 35 2.467330e-05
20 36 1.436820e-06
20 37 7.986320e-08
20 38 0.000000e+00
20 39 0.000000e+00
20 40 0.000000e+00
21 1 8.824680e-04
21 2 3.586220e-04
21 3 5.297400e-04
21 4 7.242400e-04
21 5 1.038920e-03
21 6 1.477830e-03
21 7 2.095600e-03
21 8 2.990420e-03
21 9 4.246390e-03
21 10 6.091630e-03
21 11 8.718690e-03
21 12 1.253810e-02
21 13 1.810890e-02
21 14 2.640670e-02
21 15 3.863040e-02
21 16 5.690270e-02
21 17 8.422700e-02
21 18 1.255520e-01
21 19 1.884880e-01
21 20 2.856730e-01
21 21 4.109730e-01
21 22 4.767660e-01
21 23 5.090610e-01
21 24 5.205010e-01
21 25 5.039070e-01
21 26 4.552980e-01
21 27 3.766140e-01
21 28 2.786400e-01
21 29 1.789750e-01
21 30 9.608620e-02
21 31 4.113140e-02
21 32 1.321910e-02
21 33 2.960640e-03
21 34 4.210340e-04
21 35 3.412550e-05
21 36 2.039910e-06
21 37 1.152280e-07
21 38 5.117500e-10
21 39 0.000000e+00
21 40 0.000000e+00
22 1 6.147970e-04
22 2 2.500790e-04
22 3 3.694720e-04
22 4 5.052400e-04
22 5 7.249470e-04
22 6 1.031620e-03
22 7 1.463460e-03
22 8 2.089440e-03
22 9 2.969320e-03
22 10 4.263730e-03
22 11 6.109550e-03
22 12 8.794860e-03
22 13 1.271170e-02
22 14 1.855050e-02
22 15 2.719500e-02
22 16 4.020770e-02
22 17 5.975400e-02
22 18 8.945980e-02
22 19 1.349490e-01
22 20 2.056340e-01
22 21 3.158880e-01
22 22 4.578840e-01
22 23 5.205230e-01
22 24 5.375330e-01
22 25 5.267820e-01
22 26 4.829830e-01
22 27 4.068070e-01
22 28 3.075560e-01
22 29 2.027040e-01
22 30 1.122170e-01
22 31 4.978700e-02
22 32 1.668600e-02
22 33 3.922010e-03
22 34 5.894570e-04
22 35 5.072050e-05
22 36 3.099190e-06
22 37 1.765120e-07
22 38 1.301380e-09
22 39 0.000000e+00
22 40 0.000000e+00
23 1 4.025970e-04
23 2 1.640140e-04
23 3 2.423830e-04
23 4 3.315730e-04
23 5 4.760260e-04
23 6 6.777780e-04
23 7 9.622350e-04
23 8 1.375230e-03
23 9 1.956490e-03
23 10 2.813300e-03
23 11 4.038470e-03
23 12 5.826230e-03
23 13 8.438310e-03
23 14 1.233180e-02
23 15 1.811760e-02
23 16 2.693850e-02
23 17 4.042750e-02
23 18 6.123130e-02
23 19 9.335910e-02
23 20 1.436740e-01
23 21 2.228750e-01
23 22 3.487900e-01
23 23 5.101330e-01
23 24 5.665250e-01
23 25 5.625740e-01
23 26 5.240950e-01
23 27 4.502050e-01
23 28 3.485090e-01
23 29 2.362900e-01
23 30 1.352950e-01
23 31 6.246220e-02
23 32 2.193690e-02
23 33 5.446010e-03
23 34 8.720660e-04
23 35 8.044420e-05
23 36 4.621660e-06
23 37 2.882410e-07
23 38 3.228850e-09
23 39 0.000000e+00
23 40 0.000000e+00
24 1 2.625260e-04
24 2 1.071810e-04
24 3 1.584400e-04
24 4 2.168230e-04
24 5 3.113810e-04
24 6 4.435910e-04
24 7 6.301910e-04
24 8 9.012860e-04
24 9 1.283490e-03
24 10 1.847870e-03
24 11 2.656300e-03
24 12 3.839070e-03
24 13 5.572630e-03
24 14 8.161020e-03
24 15 1.200830e-02
24 16 1.787780e-02
24 17 2.688240e-02
24 18 4.088150e-02
24 19 6.278010e-02
24 20 9.741770e-02
24 21 1.525040e-01
24 22 2.411050e-01
24 23 3.843090e-01
24 24 5.667670e-01
24 25 6.124350e-01
24 26 5.808600e-01
24 27 5.099040e-01
24 28 4.053030e-01
24 29 2.836050e-01
24 30 1.685840e-01
24 31 8.134800e-02
24 32 3.008120e-02
24 33 7.929500e-03
24 34 1.360440e-03
24 35 1.357040e-04
24 36 7.414620e-06
24 37 4.913660e-07
24 38 8.996990e-09
24 39 0.000000e+00
24 40 0.000000e+00
25 1 1.614720e-04
25 2 6.614480e-05
25 3 9.781060e-05
25 4 1.338980e-04
25 5 1.924030e-04
25 6 2.742780e-04
25 7 3.899530e-04
25 8 5.583180e-04
25 9 7.961050e-04
25 10 1.147930e-03
25 11 1.653510e-03
25 12 2.395600e-03
25 13 3.487570e-03
25 14 5.125920e-03
25 15 7.571940e-03
25 16 1.131860e-02
25 17 1.710380e-02
25 18 2.616770e-02
25 19 4.049210e-02
25 20 6.344670e-02
25 21 1.004240e-01
25 22 1.607440e-01
25 23 2.597450e-01
25 24 4.228060e-01
25 25 6.292920e-01
25 26 6.584950e-01
25 27 5.917980e-01
25 28 4.840900e-01
25 29 3.506330e-01
25 30 2.171940e-01
25 31 1.100390e-01
25 32 4.308430e-02
25 33 1.214010e-02
25 34 2.249490e-03
25 35 2.450310e-04
25 36 1.414500e-05
25 37 8.869450e-07
25 38 2.674620e-08
25 39 0.000000e+00
25 40 0.000000e+00
26 1 8.519360e-05
26 2 3.527900e-05
26 3 5.219320e-05
26 4 7.149330e-05
26 5 1.028040e-04
26 6 1.466870e-04
26 7 2.088000e-04
26 8 2.993960e-04
26 9 4.277050e-04
26 10 6.181830e-04
26 11 8.930750e-04
26 12 1.298650e-03
26 13 1.899340e-03
26 14 2.807580e-03
26 15 4.176250e-03
26 16 6.292440e-03
26 17 9.591230e-03
26 18 1.484360e-02
26 19 2.334020e-02
26 20 3.736040e-02
26 21 6.067640e-02
26 22 9.978810e-02
26 23 1.655110e-01
26 24 2.764870e-01
26 25 4.639420e-01
26 26 6.999540e-01
26 27 7.053420e-01
26 28 5.939880e-01
26 29 4.459070e-01
26 30 2.884460e-01
26 31 1.539940e-01
26 32 6.420820e-02
26 33 1.950350e-02
26 34 3.952320e-03
26 35 4.786570e-04
26 36 3.059320e-05
26 37 1.816040e-06
26 38 8.524730e-08
26 39 0.000000e+00
26 40 0.000000e+00
27 1 4.720410e-05
27 2 1.965030e-05
27 3 2.908200e-05
27 4 3.985970e-05
27 5 5.735510e-05
27 6 8.189620e-05
27 7 1.166920e-04
27 8 1.675310e-04
27 9 2.396960e-04
27 10 3.471230e-04
27 11 5.026680e-04
27 12 7.330570e-04
27 13 1.075950e-03
27 14 1.597320e-03
27 15 2.388530e-03
27 16 3.621550e-03
27 17 5.559940e-03
27 18 8.665140e-03
27 19 1.371140e-02
27 20 2.208600e-02
27 21 3.612910e-02
27 22 6.006700e-02
27 23 1.012300e-01
27 24 1.723220e-01
27 25 2.954850e-01
27 26 5.078910e-01
27 27 7.723260e-01
27 28 7.452480e-01
27 29 5.826980e-01
27 30 3.959040e-01
27 31 2.240900e-01
27 32 1.000960e-01
27 33 3.294420e-02
27 34 7.324530e-03
27 35 9.862670e-04
27 36 7.047090e-05
27 37 3.589310e-06
27 38 1.903430e-07
27 39 0.000000e+00
27 40 0.000000e+00
28 1 2.219640e-05
28 2 9.382100e-06
28 3 1.389470e-05
28 4 1.905560e-05
28 5 2.744220e-05
28 6 3.922900e-05
28 7 5.596740e-05
28 8 8.047350e-05
28 9 1.153650e-04
28 10 1.674820e-04
28 11 2.432840e-04
28 12 3.561850e-04
28 13 5.253170e-04
28 14 7.844950e-04
28 15 1.181700e-03
28 16 1.808030e-03
28 17 2.806200e-03
28 18 4.430000e-03
28 19 7.116280e-03
28 20 1.166050e-02
28 21 1.944050e-02
28 22 3.301670e-02
28 23 5.701890e-02
28 24 9.977430e-02
28 25 1.763200e-01
28 26 3.131090e-01
28 27 5.551850e-01
28 28 8.527800e-01
28 29 7.816230e-01
28 30 5.590380e-01
28 31 3.367650e-01
28 32 1.620910e-01
28 33 5.828830e-02
28 34 1.438020e-02
28 35 2.186380e-03
28 36 1.791890e-04
28 37 7.735590e-06
28 38 2.139740e-07
28 39 0.000000e+00
28 40 0.000000e+00
29 1 8.353920e-06
29 2 3.833600e-06
29 3 5.689260e-06
29 4 7.811880e-06
29 5 1.125540e-05
29 6 1.609770e-05
29 7 2.298320e-05
29 8 3.307820e-05
29 9 4.747980e-05
29 10 6.903720e-05
29 11 1.004860e-04
29 12 1.475040e-04
29 13 2.183000e-04
29 14 3.275170e-04
29 15 4.963910e-04
29 16 7.656160e-04
29 17 1.200930e-03
29 18 1.922090e-03
29 19 3.142480e-03
29 20 5.266240e-03
29 21 9.031130e-03
29 22 1.584100e-02
29 23 2.830740e-02
29 24 5.140660e-02
29 25 9.465190e-02
29 26 1.758810e-01
29 27 3.274260e-01
29 28 6.048920e-01
29 29 9.423730e-01
29 30 8.119550e-01
29 31 5.213600e-01
29 32 2.713880e-01
29 33 1.073460e-01
29 34 2.970240e-02
29 35 5.178900e-03
29 36 4.986700e-04
29 37 2.307860e-05
29 38 5.869120e-07
29 39 0.000000e+00
29 40 0.000000e+00
30 1 2.390260e-06
30 2 1.302410e-06
30 3 2.027840e-06
30 4 2.871410e-06
30 5 4.207090e-06
30 6 6.054350e-06
30 7 8.665520e-06
30 8 1.250730e-05
30 9 1.801440e-05
30 10 2.630630e-05
30 11 3.849380e-05
30 12 5.687680e-05
30 13 8.484910e-05
30 14 1.285330e-04
30 15 1.970630e-04
30 16 3.081910e-04
30 17 4.914610e-04
30 18 8.020210e-04
30 19 1.341440e-03
30 20 2.308050e-03
30 21 4.072570e-03
30 22 7.350380e-03
30 23 1.350900e-02
30 24 2.521320e-02
30 25 4.775190e-02
30 26 9.180040e-02
30 27 1.779740e-01
30 28 3.443460e-01
30 29 6.569720e-01
30 30 1.031080e+00
30 31 8.294360e-01
30 32 4.703770e-01
30 33 2.062030e-01
30 34 6.441740e-02
30 35 1.294070e-02
30 36 1.468960e-03
30 37 8.029910e-05
30 38 2.192490e-06
30 39 0.000000e+00
30 40 0.000000e+00
31 1 5.072560e-07
31 2 2.903710e-07
31 3 4.803460e-07
31 4 7.328040e-07
31 5 1.148730e-06
31 6 1.743480e-06
31 7 2.579340e-06
31 8 3.779220e-06
31 9 5.482860e-06
31 10 8.046860e-06
31 11 1.184510e-05
31 12 1.762600e-05
31 13 2.652090e-05
31 14 4.059030e-05
31 15 6.299380e-05
31 16 9.991940e-05
31 17 1.619820e-04
31 18 2.694160e-04
31 19 4.606020e-04
31 20 8.129880e-04
31 21 1.480500e-03
31 22 2.780270e-03
31 23 5.346390e-03
31 24 1.046790e-02
31 25 2.080140e-02
31 26 4.188720e-02
31 27 8.554820e-02
31 28 1.758070e-01
31 29 3.583160e-01
31 30 7.127700e-01
31 31 1.126650e+00
31 32 8.338450e-01
31 33 4.075750e-01
31 34 1.452950e-01
31 35 3.412990e-02
31 36 4.647780e-03
31 37 3.121930e-04
31 38 9.288280e-06
31 39 4.931530e-07
31 40 2.427120e-07
32 1 9.183640e-08
32 2 5.257050e-08
32 3 8.697740e-08
32 4 1.330520e-07
32 5 2.131880e-07
32 6 3.376160e-07
32 7 5.268820e-07
32 8 8.162770e-07
32 9 1.248350e-06
32 10 1.896320e-06
32 11 2.827510e-06
32 12 4.236760e-06
32 13 6.426350e-06
32 14 9.932880e-06
32 15 1.560460e-05
32 16 2.512940e-05
32 17 4.150430e-05
32 18 7.062480e-05
32 19 1.241180e-04
32 20 2.263740e-04
32 21 4.285520e-04
32 22 8.439040e-04
32 23 1.722490e-03
32 24 3.608040e-03
32 25 7.660930e-03
32 26 1.632950e-02
32 27 3.528910e-02
32 28 7.749330e-02
32 29 1.706370e-01
32 30 3.695660e-01
32 31 7.707720e-01
32 32 1.227050e+00
32 33 8.236840e-01
32 34 3.369920e-01
32 35 9.363690e-02
32 36 1.557570e-02
32 37 1.322240e-03
32 38 4.728830e-05
32 39 1.739100e-06
32 40 2.858570e-07
33 1 1.315800e-08
33 2 7.532130e-09
33 3 1.246180e-08
33 4 1.906320e-08
33 5 3.054540e-08
33 6 4.852450e-08
33 7 7.674430e-08
33 8 1.219660e-07
33 9 1.925130e-07
33 10 3.064240e-07
33 11 4.837190e-07
33 12 7.531260e-07
33 13 1.165000e-06
33 14 1.824120e-06
33 15 2.904230e-06
33 16 4.753810e-06
33 17 8.016650e-06
33 18 1.400510e-05
33 19 2.541260e-05
33 20 4.816880e-05
33 21 9.546220e-05
33 22 1.983610e-04
33 23 4.317770e-04
33 24 9.793930e-04
33 25 2.274640e-03
33 26 5.237980e-03
33 27 1.208450e-02
33 28 2.844900e-02
33 29 6.816450e-02
33 30 1.628230e-01
33 31 3.781500e-01
33 32 8.309460e-01
33 33 1.330220e+00
33 34 7.967740e-01
33 35 2.636590e-01
33 36 5.427790e-02
33 37 5.944950e-03
33 38 2.839730e-04
33 39 5.968560e-06
33 40 1.264610e-07
34 1 1.683780e-09
34 2 9.638600e-10
34 3 1.594690e-09
34 4 2.439440e-09
34 5 3.908770e-09
34 6 6.209490e-09
34 7 9.820660e-09
34 8 1.560750e-08
34 9 2.463460e-08
34 10 3.919530e-08
34 11 6.205260e-08
34 12 9.833110e-08
34 13 1.556920e-07
34 14 2.491610e-07
34 15 4.066270e-07
34 16 6.825350e-07
34 17 1.163090e-06
34 18 2.034680e-06
34 19 3.753830e-06
34 20 7.359720e-06
34 21 1.522650e-05
34 22 3.329170e-05
34 23 7.679250e-05
34 24 1.864800e-04
34 25 4.737040e-04
34 26 1.234950e-03
34 27 3.176620e-03
34 28 8.189630e-03
34 29 2.161020e-02
34 30 5.779130e-02
34 31 1.523970e-01
34 32 3.838910e-01
34 33 8.935680e-01
34 34 1.433750e+00
34 35 7.517190e-01
34 36 1.932460e-01
34 37 2.776090e-02
34 38 1.830670e-03
34 39 4.385350e-05
34 40 4.080670e-07
35 1 3.633300e-10
35 2 2.079800e-10
35 3 3.441000e-10
35 4 5.263800e-10
35 5 8.434400e-10
35 6 1.339890e-09
35 7 2.119110e-09
35 8 3.367800e-09
35 9 5.315690e-09
35 10 8.457590e-09
35 11 1.338980e-08
35 12 2.121800e-08
35 13 3.359110e-08
35 14 5.332550e-08
35 15 8.440330e-08
35 16 1.338820e-07
35 17 2.121920e-07
35 18 3.376050e-07
35 19 5.495250e-07
35 20 9.561070e-07
35 21 1.840660e-06
35 22 3.980870e-06
35 23 9.499090e-06
35 24 2.439270e-05
35 25 6.624600e-05
35 26 1.854730e-04
35 27 5.307650e-04
35 28 1.578530e-03
35 29 4.854100e-03
35 30 1.515090e-02
35 31 4.687230e-02
35 32 1.395980e-01
35 33 3.865180e-01
35 34 9.578180e-01
35 35 1.535490e+00
35 36 6.899610e-01
35 37 1.311690e-01
35 38 1.221430e-02
35 39 4.347100e-04
35 40 4.782870e-06
36 1 1.017900e-10
36 2 5.827100e-11
36 3 9.640900e-11
36 4 1.474800e-10
36 5 2.363100e-10
36 6 3.754000e-10
36 7 5.937200e-10
36 8 9.435700e-10
36 9 1.489310e-09
36 10 2.369590e-09
36 11 3.751460e-09
36 12 5.944720e-09
36 13 9.411320e-09
36 14 1.494040e-08
36 15 2.364760e-08
36 16 3.751010e-08
36 17 5.944940e-08
36 18 9.422840e-08
36 19 1.492370e-07
36 20 2.366540e-07
36 21 3.753610e-07
36 22 6.052420e-07
36 23 1.043780e-06
36 24 2.242900e-06
36 25 6.252030e-06
36 26 2.045230e-05
36 27 6.951490e-05
36 28 2.327150e-04
36 29 7.896800e-04
36 30 2.782700e-03
36 31 1.007370e-02
36 32 3.618160e-02
36 33 1.236300e-01
36 34 3.829690e-01
36 35 1.022540e+00
36 36 1.636250e+00
36 37 6.141160e-01
36 38 8.124260e-02
36 39 4.495980e-03
36 40 7.755060e-05
37 1 3.773600e-11
37 2 2.160100e-11
37 3 3.573900e-11
37 4 5.467100e-11
37 5 8.760100e-11
37 6 1.391600e-10
37 7 2.200900e-10
37 8 3.497900e-10
37 9 5.521000e-10
37 10 8.784200e-10
37 11 1.390690e-09
37 12 2.203740e-09
37 13 3.488830e-09
37 14 5.538480e-09
37 15 8.766280e-09
37 16 1.390520e-08
37 17 2.203820e-08
37 18 3.493100e-08
37 19 5.532290e-08
37 20 8.772880e-08
37 21 1.390090e-07
37 22 2.203580e-07
37 23 3.492430e-07
37 24 5.542230e-07
37 25 9.047560e-07
37 26 1.808600e-06
37 27 5.714480e-06
37 28 2.269030e-05
37 29 9.139830e-05
37 30 3.639200e-04
37 31 1.479690e-03
37 32 6.262640e-03
37 33 2.656770e-02
37 34 1.063170e-01
37 35 3.749440e-01
37 36 1.088320e+00
37 37 1.731120e+00
37 38 5.279280e-01
37 39 4.535430e-02
37 40 1.354270e-03
38 1 1.964600e-11
38 2 1.124600e-11
38 3 1.860700e-11
38 4 2.846300e-11
38 5 4.560700e-11
38 6 7.245200e-11
38 7 1.145900e-10
38 8 1.821100e-10
38 9 2.874400e-10
38 10 4.573300e-10
38 11 7.240300e-10
38 12 1.147320e-09
38 13 1.816380e-09
38 14 2.883480e-09
38 15 4.563960e-09
38 16 7.239410e-09
38 17 1.147370e-08
38 18 1.818600e-08
38 19 2.880260e-08
38 20 4.567390e-08
38 21 7.237160e-08
38 22 1.147240e-07
38 23 1.818250e-07
38 24 2.881380e-07
38 25 4.566930e-07
38 26 7.269060e-07
38 27 1.247110e-06
38 28 2.953990e-06
38 29 9.947820e-06
38 30 3.840150e-05
38 31 1.607340e-04
38 32 7.334530e-04
38 33 3.627950e-03
38 34 1.847100e-02
38 35 8.857790e-02
38 36 3.626460e-01
38 37 1.154490e+00
38 38 1.816570e+00
38 39 4.375830e-01
38 40 2.277740e-02
39 1 6.772900e-12
39 2 3.877100e-12
39 3 6.414600e-12
39 4 9.812500e-12
39 5 1.572300e-11
39 6 2.497700e-11
39 7 3.950300e-11
39 8 6.278000e-11
39 9 9.909200e-11
39 10 1.576600e-10
39 11 2.496000e-10
39 12 3.955300e-10
39 13 6.261800e-10
39 14 9.940600e-10
39 15 1.573390e-09
39 16 2.495740e-09
39 17 3.955460e-09
39 18 6.269490e-09
39 19 9.929480e-09
39 20 1.574580e-08
39 21 2.494960e-08
39 22 3.955040e-08
39 23 6.268290e-08
39 24 9.933340e-08
39 25 1.574420e-07
39 26 2.495270e-07
39 27 3.957320e-07
39 28 6.467350e-07
39 29 1.317010e-06
39 30 3.883120e-06
39 31 1.417290e-05
39 32 6.204500e-05
39 33 3.217620e-04
39 34 1.907850e-03
39 35 1.201950e-02
39 36 7.127720e-02
39 37 3.467530e-01
39 38 1.221290e+00
39 39 1.889320e+00
39 40 3.591100e-01
40 1 4.575700e-12
40 2 2.619300e-12
40 3 4.333600e-12
40 4 6.629300e-12
40 5 1.062200e-11
40 6 1.687400e-11
40 7 2.668800e-11
40 8 4.241400e-11
40 9 6.694500e-11
40 10 1.065100e-10
40 11 1.686300e-10
40 12 2.672200e-10
40 13 4.230400e-10
40 14 6.715800e-10
40 15 1.062970e-09
40 16 1.686100e-09
40 17 2.672280e-09
40 18 4.235610e-09
40 19 6.708270e-09
40 20 1.063770e-08
40 21 1.685570e-08
40 22 2.671990e-08
40 23 4.234800e-08
40 24 6.710870e-08
40 25 1.063660e-07
40 26 1.685780e-07
40 27 2.671760e-07
40 28 4.234440e-07
40 29 6.711100e-07
40 30 1.068570e-06
40 31 1.828160e-06
40 32 4.055360e-06
40 33 1.526900e-05
40 34 9.647040e-05
40 35 7.909240e-04
40 36 6.907060e-03
40 37 5.457090e-02
40 38 3.280050e-01
40 39 1.289890e+00
40 40 2.218890e+00
