1 2.864940e-03
2 2.556120e-03
3 2.276900e-03
4 2.028310e-03
5 1.808820e-03
6 1.612170e-03
7 1.436790e-03
8 1.280090e-03
9 1.141260e-03
10 1.016940e-03
11 9.063570e-04
12 8.078520e-04
13 7.198790e-04
14 6.416870e-04
15 5.717960e-04
16 5.098500e-04
17 4.542770e-04
18 4.049880e-04
19 3.608610e-04
20 3.217030e-04
21 2.867140e-04
22 2.555120e-04
23 2.278770e-04
24 2.029980e-04
25 1.808930e-04
26 1.614040e-04
27 1.437760e-04
28 1.283670e-04
29 1.143220e-04
30 1.022600e-04
31 9.088800e-05
32 8.096920e-05
33 7.247990e-05
34 6.468570e-05
35 5.750400e-05
36 5.133380e-05
37 4.600950e-05
38 4.109400e-05
39 3.651450e-05
40 3.244770e-05
