1 2.864930e-03
2 2.556110e-03
3 2.276890e-03
4 2.028300e-03
5 1.808820e-03
6 1.612160e-03
7 1.436790e-03
8 1.280090e-03
9 1.141250e-03
10 1.016940e-03
11 9.063540e-04
12 8.078490e-04
13 7.198760e-04
14 6.416840e-04
15 5.717910e-04
16 5.096950e-04
17 4.542750e-04
18 4.049870e-04
19 3.608590e-04
20 3.215500e-04
21 2.867140e-04
22 2.554690e-04
23 2.277430e-04
24 2.029990e-04
25 1.808940e-04
26 1.614060e-04
27 1.437780e-04
28 1.283670e-04
29 1.143210e-04
30 1.022630e-04
31 9.089560e-05
32 8.097630e-05
33 7.247870e-05
34 6.468330e-05
35 5.750950e-05
36 5.133920e-05
37 4.601410e-05
38 4.109820e-05
39 3.651920e-05
40 3.245530e-05
