1 2.865070e-03
2 2.556230e-03
3 2.277000e-03
4 2.028390e-03
5 1.808890e-03
6 1.612230e-03
7 1.436840e-03
8 1.280430e-03
9 1.141290e-03
10 1.016970e-03
11 9.063720e-04
12 8.078610e-04
13 7.198830e-04
14 6.416860e-04
15 5.717940e-04
16 5.098470e-04
17 4.542740e-04
18 4.049880e-04
19 3.609290e-04
20 3.218940e-04
21 2.867220e-04
22 2.558350e-04
23 2.278790e-04
24 2.035260e-04
25 1.812710e-04
26 1.614460e-04
27 1.443970e-04
28 1.283630e-04
29 1.143270e-04
30 1.022620e-04
31 9.086970e-05
32 8.094340e-05
33 7.248220e-05
34 6.469510e-05
35 5.748990e-05
36 5.131140e-05
37 4.597840e-05
38 4.105990e-05
39 3.648490e-05
40 3.241600e-05
