1 2.865630e-03
2 2.556730e-03
3 2.277430e-03
4 2.028770e-03
5 1.809220e-03
6 1.612510e-03
7 1.437080e-03
8 1.280620e-03
9 1.141450e-03
10 1.017090e-03
11 9.067750e-04
12 8.079240e-04
13 7.199170e-04
14 6.416960e-04
15 5.720210e-04
16 5.098220e-04
17 4.546320e-04
18 4.049610e-04
19 3.613590e-04
20 3.218910e-04
21 2.873810e-04
22 2.559280e-04
23 2.289280e-04
24 2.035200e-04
25 1.812550e-04
26 1.614460e-04
27 1.444010e-04
28 1.283500e-04
29 1.143220e-04
30 1.022750e-04
31 9.085930e-05
32 8.091850e-05
33 7.247540e-05
34 6.469190e-05
35 5.747460e-05
36 5.127670e-05
37 4.592780e-05
38 4.100540e-05
39 3.644050e-05
40 3.237730e-05
