1 3.759350e+01
2 3.358040e+01
3 2.995660e+01
4 2.673580e+01
5 2.389800e+01
6 2.136210e+01
7 1.910800e+01
8 1.710230e+01
9 1.533460e+01
10 1.376190e+01
11 1.237430e+01
12 1.115090e+01
13 1.007190e+01
14 9.128070e+00
15 8.300610e+00
16 7.583150e+00
17 6.961490e+00
18 6.428370e+00
19 5.971220e+00
20 5.584810e+00
21 5.263270e+00
22 4.994580e+00
23 4.775210e+00
24 4.596580e+00
25 4.452130e+00
26 4.338010e+00
27 4.245160e+00
28 4.173100e+00
29 4.114050e+00
30 4.069390e+00
31 4.031040e+00
32 4.001430e+00
33 3.979070e+00
34 3.960540e+00
35 3.945300e+00
36 3.933650e+00
37 3.924740e+00
38 3.917320e+00
39 3.911260e+00
40 3.906410e+00
