1 3.366290e+01
2 3.007810e+01
3 2.684210e+01
4 2.396710e+01
5 2.143540e+01
6 1.917440e+01
7 1.716640e+01
8 1.538130e+01
9 1.381020e+01
10 1.241460e+01
11 1.118560e+01
12 1.010470e+01
13 9.154230e+00
14 8.325840e+00
15 7.602830e+00
16 6.980890e+00
17 6.442290e+00
18 5.985210e+00
19 5.596490e+00
20 5.272400e+00
21 5.002760e+00
22 4.781180e+00
23 4.602450e+00
24 4.456370e+00
25 4.339870e+00
26 4.248220e+00
27 4.173830e+00
28 4.116150e+00
29 4.068900e+00
30 4.033170e+00
31 4.002490e+00
32 3.978800e+00
33 3.960910e+00
34 3.946090e+00
35 3.933900e+00
36 3.924580e+00
37 3.917460e+00
38 3.911510e+00
39 3.906670e+00
40 3.902790e+00
