1 1.711700e+01
2 1.535840e+01
3 1.377860e+01
4 1.238350e+01
5 1.116410e+01
6 1.008540e+01
7 9.138450e+00
8 8.310210e+00
9 7.591060e+00
10 6.967070e+00
11 6.433500e+00
12 5.975460e+00
13 5.588490e+00
14 5.265350e+00
15 4.997530e+00
16 4.777210e+00
17 4.599010e+00
18 4.453520e+00
19 4.339190e+00
20 4.246060e+00
21 4.173770e+00
22 4.114560e+00
23 4.069840e+00
24 4.031550e+00
25 4.001890e+00
26 3.978360e+00
27 3.960520e+00
28 3.945260e+00
29 3.933450e+00
30 3.924520e+00
31 3.916850e+00
32 3.910930e+00
33 3.906450e+00
34 3.902750e+00
35 3.899700e+00
36 3.897370e+00
37 3.895590e+00
38 3.894100e+00
39 3.892890e+00
40 3.891920e+00
