1 5.272130e-03
2 5.226070e-03
3 5.178950e-03
4 5.130720e-03
5 5.081360e-03
6 5.030870e-03
7 4.979200e-03
8 4.926310e-03
9 4.872200e-03
10 4.816830e-03
11 4.760170e-03
12 4.702180e-03
13 4.642860e-03
14 4.582140e-03
15 4.520010e-03
16 4.456440e-03
17 4.391390e-03
18 4.326880e-03
19 4.281140e-03
20 4.239450e-03
21 4.196810e-03
22 4.153170e-03
23 4.108510e-03
24 4.062800e-03
25 4.016050e-03
26 3.968190e-03
27 3.919220e-03
28 3.869120e-03
29 3.817840e-03
30 3.765370e-03
31 3.719710e-03
32 3.684910e-03
33 3.649410e-03
34 3.613100e-03
35 3.575930e-03
36 3.537890e-03
37 3.498970e-03
38 3.459150e-03
39 3.418390e-03
40 3.376690e-03
41 3.334010e-03
42 3.290340e-03
43 3.245660e-03
44 3.199970e-03
45 3.162290e-03
46 3.130850e-03
47 3.098670e-03
48 3.065750e-03
49 3.032050e-03
50 2.997580e-03
51 2.962300e-03
52 2.926190e-03
53 2.889250e-03
54 2.851450e-03
55 2.815270e-03
56 2.788950e-03
57 2.763220e-03
58 2.736890e-03
59 2.709940e-03
60 2.682370e-03
61 2.654160e-03
62 2.625280e-03
63 2.595740e-03
64 2.565510e-03
65 2.534570e-03
66 2.502920e-03
67 2.470520e-03
68 2.437370e-03
69 2.403450e-03
70 2.368820e-03
71 2.342580e-03
72 2.322040e-03
73 2.301030e-03
74 2.279510e-03
75 2.257500e-03
76 2.234980e-03
77 2.211930e-03
78 2.188350e-03
79 2.164210e-03
80 2.139520e-03
81 2.114240e-03
82 2.088390e-03
83 2.061920e-03
84 2.034840e-03
85 2.007130e-03
86 1.978780e-03
87 1.949760e-03
88 1.921550e-03
89 1.901920e-03
90 1.883420e-03
91 1.864490e-03
92 1.845120e-03
93 1.825290e-03
94 1.805010e-03
95 1.784250e-03
96 1.763010e-03
97 1.741280e-03
98 1.719030e-03
99 1.696270e-03
100 1.672980e-03
101 1.654370e-03
102 1.640610e-03
103 1.626520e-03
104 1.612110e-03
105 1.597360e-03
106 1.582270e-03
107 1.566830e-03
108 1.551020e-03
109 1.534850e-03
110 1.518300e-03
111 1.501370e-03
112 1.484040e-03
113 1.466310e-03
114 1.448160e-03
115 1.429590e-03
116 1.410590e-03
117 1.391150e-03
118 1.371860e-03
119 1.358140e-03
120 1.345610e-03
121 1.332800e-03
122 1.319680e-03
123 1.306260e-03
124 1.292530e-03
125 1.278480e-03
126 1.264090e-03
127 1.249380e-03
128 1.234320e-03
129 1.218910e-03
130 1.203140e-03
131 1.189400e-03
132 1.178900e-03
133 1.168190e-03
134 1.157230e-03
135 1.146010e-03
136 1.134530e-03
137 1.122790e-03
138 1.110770e-03
139 1.098470e-03
140 1.085880e-03
141 1.073000e-03
142 1.059820e-03
143 1.046330e-03
144 1.032540e-03
145 1.018410e-03
146 1.003960e-03
147 9.891740e-04
148 9.742830e-04
149 9.632380e-04
150 9.534540e-04
151 9.434410e-04
152 9.331980e-04
153 9.227140e-04
154 9.119850e-04
155 9.010080e-04
156 8.897760e-04
157 8.782800e-04
158 8.665170e-04
159 8.544820e-04
160 8.421640e-04
161 8.307820e-04
162 8.217360e-04
163 8.125610e-04
164 8.031730e-04
165 7.935680e-04
166 7.837360e-04
167 7.736770e-04
168 7.633850e-04
169 7.528510e-04
170 7.420850e-04
171 7.327400e-04
172 7.243220e-04
173 7.157070e-04
174 7.068900e-04
175 6.978690e-04
176 6.886380e-04
177 6.791910e-04
178 6.695720e-04
179 6.616140e-04
180 6.544420e-04
181 6.471020e-04
182 6.395910e-04
183 6.319060e-04
184 6.240410e-04
185 6.159920e-04
186 6.077580e-04
187 5.993310e-04
188 5.907060e-04
189 5.818820e-04
190 5.728530e-04
191 5.643100e-04
192 5.576770e-04
193 5.510320e-04
194 5.442310e-04
195 5.372720e-04
196 5.301520e-04
197 5.228650e-04
198 5.154090e-04
199 5.077790e-04
200 4.999710e-04
201 4.934990e-04
202 4.884080e-04
203 4.832000e-04
204 4.778700e-04
205 4.724150e-04
206 4.668340e-04
207 4.611230e-04
208 4.552780e-04
209 4.492970e-04
210 4.431780e-04
211 4.369150e-04
212 4.305060e-04
213 4.239500e-04
214 4.172390e-04
215 4.103720e-04
216 4.033460e-04
217 3.961560e-04
218 3.890290e-04
219 3.840040e-04
220 3.794360e-04
221 3.747620e-04
222 3.699800e-04
223 3.650850e-04
224 3.600770e-04
225 3.549530e-04
226 3.497080e-04
227 3.443410e-04
228 3.388500e-04
229 3.332310e-04
230 3.274800e-04
231 3.223710e-04
232 3.182930e-04
233 3.141310e-04
234 3.098730e-04
235 3.055150e-04
236 3.010550e-04
237 2.964920e-04
238 2.918230e-04
239 2.870440e-04
240 2.821820e-04
241 2.781080e-04
242 2.743700e-04
243 2.705440e-04
244 2.666290e-04
245 2.626240e-04
246 2.585250e-04
247 2.543300e-04
248 2.500660e-04
249 2.461950e-04
250 2.424130e-04
251 2.385410e-04
252 2.345800e-04
253 2.305270e-04
254 2.263790e-04
255 2.224070e-04
256 2.195020e-04
257 2.166590e-04
258 2.137510e-04
259 2.107740e-04
260 2.077290e-04
261 2.046800e-04
262 2.017080e-04
263 1.986710e-04
264 1.955630e-04
265 1.923830e-04
266 1.892520e-04
267 1.864360e-04
268 1.835840e-04
269 1.806640e-04
270 1.776790e-04
271 1.748950e-04
272 1.722300e-04
273 1.695040e-04
274 1.667130e-04
275 1.640400e-04
276 1.615170e-04
277 1.589350e-04
278 1.562990e-04
279 1.538250e-04
280 1.514080e-04
281 1.489350e-04
282 1.464790e-04
283 1.441810e-04
284 1.418430e-04
285 1.394810e-04
286 1.372660e-04
287 1.350330e-04
288 1.327780e-04
289 1.306510e-04
290 1.285060e-04
291 1.263630e-04
292 1.243270e-04
293 1.222550e-04
294 1.202420e-04
295 1.182680e-04
296 1.162780e-04
297 1.143760e-04
298 1.124500e-04
299 1.105930e-04
300 1.087430e-04
301 1.069210e-04
302 1.051290e-04
303 1.032950e-04
304 1.014180e-04
305 9.960410e-05
306 9.792870e-05
307 9.621680e-05
308 9.446610e-05
309 9.281680e-05
310 9.123420e-05
311 8.961470e-05
312 8.799650e-05
313 8.649990e-05
314 8.498560e-05
315 8.344980e-05
316 8.201740e-05
317 8.058730e-05
318 7.913660e-05
319 7.777540e-05
320 7.641340e-05
321 7.504540e-05
322 7.375680e-05
323 7.245110e-05
324 7.117530e-05
325 6.994240e-05
326 6.869440e-05
327 6.750800e-05
328 6.631140e-05
329 6.515450e-05
330 6.401340e-05
331 6.292240e-05
332 6.192020e-05
333 6.089570e-05
334 5.984750e-05
335 5.883290e-05
336 5.793510e-05
337 5.702230e-05
338 5.608820e-05
339 5.521250e-05
340 5.440390e-05
341 5.357670e-05
342 5.274760e-05
343 5.200340e-05
344 5.125930e-05
345 5.050240e-05
346 4.981080e-05
347 4.913340e-05
348 4.844410e-05
349 4.780990e-05
350 4.718640e-05
351 4.655840e-05
352 4.598080e-05
353 4.540130e-05
354 4.483590e-05
355 4.430520e-05
356 4.376750e-05
357 4.326630e-05
358 4.276660e-05
359 4.228630e-05
360 4.182370e-05
361 4.137200e-05
362 4.095640e-05
363 4.054390e-05
364 4.015870e-05
365 3.977680e-05
366 3.941930e-05
367 3.906680e-05
368 3.873520e-05
369 3.841220e-05
370 3.810620e-05
371 3.789980e-05
372 3.776150e-05
373 3.762000e-05
374 3.747510e-05
375 3.733390e-05
376 3.719750e-05
377 3.705800e-05
378 3.691430e-05
379 3.673470e-05
380 3.653420e-05
381 3.632890e-05
382 3.612370e-05
383 3.592740e-05
384 3.572740e-05
385 3.553390e-05
386 3.540650e-05
387 3.528850e-05
388 3.516890e-05
389 3.505370e-05
390 3.493700e-05
391 3.483770e-05
392 3.479680e-05
393 3.475900e-05
394 3.472180e-05
395 3.468490e-05
396 3.464670e-05
397 3.460570e-05
398 3.456370e-05
399 3.452260e-05
400 3.448130e-05
401 3.445790e-05
402 3.445310e-05
403 3.444830e-05
404 3.444330e-05
405 3.443720e-05
406 3.442950e-05
407 3.442160e-05
408 3.441360e-05
409 3.442300e-05
410 3.444560e-05
411 3.446880e-05
412 3.448100e-05
413 3.444640e-05
414 3.440600e-05
415 3.436740e-05
416 3.435420e-05
417 3.434760e-05
418 3.434050e-05
419 3.433070e-05
420 3.432000e-05
421 3.430970e-05
422 3.430190e-05
423 3.429420e-05
424 3.428640e-05
425 3.427840e-05
426 3.427020e-05
427 3.426180e-05
428 3.425330e-05
429 3.424450e-05
430 3.423550e-05
431 3.425760e-05
432 3.432690e-05
433 3.439720e-05
434 3.446710e-05
435 3.453950e-05
436 3.461560e-05
437 3.469260e-05
438 3.476930e-05
439 3.484930e-05
440 3.493270e-05
441 3.501600e-05
442 3.510060e-05
443 3.518960e-05
444 3.527980e-05
445 3.537040e-05
446 3.546510e-05
447 3.556200e-05
448 3.565680e-05
449 3.571300e-05
450 3.575570e-05
451 3.579890e-05
452 3.584040e-05
453 3.588230e-05
454 3.592670e-05
455 3.597450e-05
456 3.602330e-05
457 3.607010e-05
458 3.611710e-05
459 3.616760e-05
460 3.622130e-05
461 3.626320e-05
462 3.627820e-05
463 3.629260e-05
464 3.630730e-05
465 3.632350e-05
466 3.634370e-05
467 3.636340e-05
468 3.637970e-05
469 3.639630e-05
470 3.641270e-05
471 3.637450e-05
472 3.629780e-05
473 3.621920e-05
474 3.614040e-05
475 3.606420e-05
476 3.598240e-05
477 3.589630e-05
478 3.580840e-05
479 3.572750e-05
480 3.564940e-05
481 3.556950e-05
482 3.548750e-05
483 3.540410e-05
484 3.531850e-05
485 3.521670e-05
486 3.502330e-05
487 3.480980e-05
488 3.459090e-05
489 3.436420e-05
490 3.413180e-05
491 3.392490e-05
492 3.380650e-05
493 3.369160e-05
494 3.357180e-05
495 3.344750e-05
496 3.331610e-05
497 3.316290e-05
498 3.300390e-05
499 3.284120e-05
500 3.267470e-05
