1 6.673460e-01
2 6.673440e-01
3 6.673390e-01
4 6.673340e-01
5 6.673290e-01
6 6.673240e-01
7 6.673200e-01
8 6.673160e-01
9 6.673110e-01
10 6.673070e-01
11 6.673040e-01
12 6.673000e-01
13 6.672960e-01
14 6.672930e-01
15 6.672900e-01
16 6.672860e-01
17 6.672830e-01
18 6.672800e-01
19 6.672780e-01
20 6.672750e-01
21 6.672720e-01
22 6.672700e-01
23 6.672670e-01
24 6.672650e-01
25 6.672630e-01
26 6.672600e-01
27 6.672580e-01
28 6.672560e-01
29 6.672540e-01
30 6.672530e-01
31 6.672510e-01
32 6.672490e-01
33 6.672470e-01
34 6.672460e-01
35 6.672440e-01
36 6.672430e-01
37 6.672410e-01
38 6.672400e-01
39 6.672390e-01
40 6.672370e-01
41 6.672360e-01
42 6.672350e-01
43 6.672340e-01
44 6.673180e-01
45 6.674300e-01
46 6.674210e-01
47 6.674130e-01
48 6.674060e-01
49 6.673980e-01
50 6.673910e-01
51 6.673840e-01
52 6.673780e-01
53 6.673710e-01
54 6.673650e-01
55 6.673590e-01
56 6.673540e-01
57 6.673480e-01
58 6.673430e-01
59 6.673380e-01
60 6.673330e-01
61 6.673280e-01
62 6.673230e-01
63 6.673190e-01
64 6.673150e-01
65 6.673110e-01
66 6.673070e-01
67 6.673030e-01
68 6.672990e-01
69 6.672960e-01
70 6.672920e-01
71 6.672890e-01
72 6.672860e-01
73 6.672830e-01
74 6.672800e-01
75 6.672770e-01
76 6.672740e-01
77 6.672710e-01
78 6.672690e-01
79 6.672670e-01
80 6.672640e-01
81 6.672620e-01
82 6.672600e-01
83 6.672580e-01
84 6.672560e-01
85 6.672540e-01
86 6.672520e-01
87 6.672500e-01
88 6.672480e-01
89 6.672470e-01
90 6.672450e-01
91 6.672440e-01
92 6.672420e-01
93 6.672410e-01
94 6.672390e-01
95 6.672380e-01
96 6.672370e-01
97 6.672360e-01
98 6.672340e-01
99 6.672330e-01
100 6.672320e-01
101 6.672310e-01
102 6.672300e-01
103 6.672290e-01
104 6.672280e-01
105 6.672270e-01
106 6.672270e-01
107 6.672260e-01
108 6.672250e-01
109 6.672240e-01
110 6.672240e-01
111 6.672230e-01
112 6.672220e-01
113 6.672220e-01
114 6.672210e-01
115 6.672200e-01
116 6.672200e-01
117 6.672190e-01
118 6.672190e-01
119 6.672180e-01
120 6.672180e-01
121 6.672170e-01
122 6.672170e-01
123 6.672170e-01
124 6.672160e-01
125 6.672160e-01
126 6.672150e-01
127 6.672150e-01
128 6.672150e-01
129 6.672140e-01
130 6.672140e-01
131 6.672140e-01
132 6.672130e-01
133 6.672130e-01
134 6.672130e-01
135 6.672130e-01
136 6.672120e-01
137 6.672120e-01
138 6.672120e-01
139 6.672120e-01
140 6.672120e-01
141 6.672110e-01
142 6.672110e-01
143 6.672110e-01
144 6.672110e-01
145 6.672110e-01
146 6.672110e-01
147 6.672110e-01
148 6.672100e-01
149 6.672100e-01
150 6.672100e-01
151 6.672100e-01
152 6.672100e-01
153 6.672100e-01
154 6.672100e-01
155 6.672100e-01
156 6.672090e-01
157 6.672090e-01
158 6.672090e-01
159 6.672090e-01
160 6.672090e-01
161 6.672090e-01
162 6.672090e-01
163 6.672090e-01
164 6.672090e-01
165 6.672090e-01
166 6.672090e-01
167 6.672090e-01
168 6.672080e-01
169 6.672080e-01
170 6.672080e-01
171 6.672080e-01
172 6.672080e-01
173 6.672080e-01
174 6.672080e-01
175 6.672080e-01
176 6.672080e-01
177 6.672080e-01
178 6.672080e-01
179 6.672080e-01
180 6.672080e-01
181 6.672070e-01
182 6.672070e-01
183 6.672070e-01
184 6.672070e-01
185 6.672070e-01
186 6.672070e-01
187 6.672070e-01
188 6.672070e-01
189 6.672070e-01
190 6.672070e-01
191 6.672070e-01
192 6.672070e-01
193 6.672060e-01
194 6.672060e-01
195 6.672060e-01
196 6.672060e-01
197 6.672060e-01
198 6.672060e-01
199 6.672060e-01
200 6.672060e-01
201 6.672060e-01
202 6.672050e-01
203 6.672050e-01
204 6.672050e-01
205 6.672050e-01
206 6.672050e-01
207 6.672050e-01
208 6.672050e-01
209 6.672040e-01
210 6.672040e-01
211 6.672040e-01
212 6.672040e-01
213 6.672040e-01
214 6.672040e-01
215 6.672030e-01
216 6.672030e-01
217 6.672030e-01
218 6.672030e-01
219 6.672030e-01
220 6.672020e-01
221 6.672020e-01
222 6.672020e-01
223 6.672020e-01
224 6.672020e-01
225 6.672010e-01
226 6.672010e-01
227 6.672010e-01
228 6.672000e-01
229 6.672000e-01
230 6.672000e-01
231 6.672000e-01
232 6.671990e-01
233 6.671990e-01
234 6.671990e-01
235 6.671980e-01
236 6.671980e-01
237 6.671980e-01
238 6.671970e-01
239 6.671970e-01
240 6.671970e-01
241 6.671960e-01
242 6.671960e-01
243 6.671950e-01
244 6.671950e-01
245 6.671950e-01
246 6.671940e-01
247 6.671940e-01
248 6.671930e-01
249 6.671930e-01
250 6.671920e-01
251 6.671920e-01
252 6.671910e-01
253 6.671910e-01
254 6.671900e-01
255 6.671900e-01
256 6.671890e-01
257 6.671890e-01
258 6.671880e-01
259 6.671880e-01
260 6.671870e-01
261 6.671860e-01
262 6.671860e-01
263 6.671850e-01
264 6.671840e-01
265 6.671840e-01
266 6.671830e-01
267 6.671820e-01
268 6.671820e-01
269 6.671810e-01
270 6.671800e-01
271 6.671790e-01
272 6.671780e-01
273 6.671780e-01
274 6.671770e-01
275 6.671760e-01
276 6.671750e-01
277 6.671740e-01
278 6.671730e-01
279 6.671720e-01
280 6.671710e-01
281 6.671700e-01
282 6.671690e-01
283 6.671680e-01
284 6.671670e-01
285 6.671660e-01
286 6.671650e-01
287 6.671640e-01
288 6.671630e-01
289 6.671620e-01
290 6.671610e-01
291 6.671590e-01
292 6.671580e-01
293 6.671570e-01
294 6.671560e-01
295 6.671540e-01
296 6.671530e-01
297 6.671510e-01
298 6.671500e-01
299 6.671490e-01
300 6.671470e-01
301 6.671460e-01
302 6.671440e-01
303 6.671430e-01
304 6.671410e-01
305 6.671390e-01
306 6.671380e-01
307 6.671360e-01
308 6.671340e-01
309 6.671320e-01
310 6.671300e-01
311 6.671290e-01
312 6.671270e-01
313 6.671250e-01
314 6.671230e-01
315 6.671210e-01
316 6.671190e-01
317 6.671170e-01
318 6.671150e-01
319 6.671130e-01
320 6.671100e-01
321 6.671080e-01
322 6.671060e-01
323 6.671030e-01
324 6.671010e-01
325 6.670980e-01
326 6.670960e-01
327 6.670940e-01
328 6.670910e-01
329 6.670880e-01
330 6.670860e-01
331 6.670830e-01
332 6.670800e-01
333 6.670770e-01
334 6.670740e-01
335 6.670710e-01
336 6.670690e-01
337 6.670660e-01
338 6.670620e-01
339 6.670590e-01
340 6.670560e-01
341 6.670530e-01
342 6.670490e-01
343 6.670460e-01
344 6.670420e-01
345 6.670390e-01
346 6.670350e-01
347 6.670310e-01
348 6.670280e-01
349 6.670240e-01
350 6.670200e-01
351 6.670160e-01
352 6.670120e-01
353 6.670080e-01
354 6.670040e-01
355 6.670000e-01
356 6.669950e-01
357 6.669900e-01
358 6.669860e-01
359 6.669820e-01
360 6.669770e-01
361 6.669720e-01
362 6.669670e-01
363 6.669620e-01
364 6.669570e-01
365 6.669520e-01
366 6.669470e-01
367 6.669410e-01
368 6.669360e-01
369 6.669310e-01
370 6.669250e-01
371 6.669190e-01
372 6.669130e-01
373 6.669070e-01
374 6.669010e-01
375 6.668950e-01
376 6.668890e-01
377 6.668820e-01
378 6.668750e-01
379 6.668690e-01
380 6.668620e-01
381 6.668550e-01
382 6.668480e-01
383 6.668400e-01
384 6.668330e-01
385 6.668260e-01
386 6.668180e-01
387 6.668100e-01
388 6.668010e-01
389 6.667940e-01
390 6.667850e-01
391 6.667760e-01
392 6.667680e-01
393 6.667580e-01
394 6.667490e-01
395 6.667400e-01
396 6.667300e-01
397 6.667200e-01
398 6.667100e-01
399 6.667000e-01
400 6.666890e-01
401 6.666780e-01
402 6.666670e-01
403 6.666560e-01
404 6.666440e-01
405 6.666320e-01
406 6.666200e-01
407 6.666070e-01
408 6.665940e-01
409 6.665810e-01
410 6.665680e-01
411 6.665540e-01
412 6.665390e-01
413 6.665250e-01
414 6.665100e-01
415 6.664940e-01
416 6.664780e-01
417 6.664620e-01
418 6.664460e-01
419 6.664280e-01
420 6.664110e-01
421 6.663930e-01
422 6.663740e-01
423 6.663550e-01
424 6.663350e-01
425 6.663150e-01
426 6.662940e-01
427 6.662730e-01
428 6.662500e-01
429 6.662280e-01
430 6.662040e-01
431 6.661800e-01
432 6.661560e-01
433 6.661300e-01
434 6.661040e-01
435 6.660770e-01
436 6.660490e-01
437 6.660210e-01
438 6.659920e-01
439 6.659610e-01
440 6.659300e-01
441 6.658980e-01
442 6.658650e-01
443 6.658310e-01
444 6.657960e-01
445 6.657600e-01
446 6.657230e-01
447 6.656850e-01
448 6.656460e-01
449 6.656050e-01
450 6.655640e-01
451 6.655210e-01
452 6.654770e-01
453 6.654320e-01
454 6.653860e-01
455 6.653380e-01
456 6.652890e-01
457 6.652380e-01
458 6.651860e-01
459 6.651330e-01
460 6.650780e-01
461 6.650220e-01
462 6.649640e-01
463 6.649050e-01
464 6.648440e-01
465 6.647810e-01
466 6.647170e-01
467 6.646520e-01
468 6.645840e-01
469 6.645160e-01
470 6.644450e-01
471 6.643730e-01
472 6.642990e-01
473 6.642230e-01
474 6.641450e-01
475 6.640660e-01
476 6.639860e-01
477 6.639030e-01
478 6.638190e-01
479 6.637330e-01
480 6.636460e-01
481 6.635570e-01
482 6.634660e-01
483 6.633740e-01
484 6.632810e-01
485 6.631850e-01
486 6.630890e-01
487 6.629910e-01
488 6.628910e-01
489 6.627910e-01
490 6.626890e-01
491 6.625860e-01
492 6.624830e-01
493 6.623780e-01
494 6.622730e-01
495 6.621680e-01
496 6.620610e-01
497 6.619550e-01
498 6.618480e-01
499 6.617410e-01
500 6.616350e-01
