1 5.269330e-03
2 5.223290e-03
3 5.176200e-03
4 5.128010e-03
5 5.078690e-03
6 5.028230e-03
7 4.976590e-03
8 4.923740e-03
9 4.869670e-03
10 4.814340e-03
11 4.757710e-03
12 4.699770e-03
13 4.640480e-03
14 4.579810e-03
15 4.517720e-03
16 4.454190e-03
17 4.389180e-03
18 4.324720e-03
19 4.279030e-03
20 4.237410e-03
21 4.194820e-03
22 4.151240e-03
23 4.106630e-03
24 4.061000e-03
25 4.014300e-03
26 3.966510e-03
27 3.917600e-03
28 3.867570e-03
29 3.816360e-03
30 3.763960e-03
31 3.718350e-03
32 3.683580e-03
33 3.648110e-03
34 3.611820e-03
35 3.574680e-03
36 3.536670e-03
37 3.497780e-03
38 3.457980e-03
39 3.417250e-03
40 3.375590e-03
41 3.332940e-03
42 3.289300e-03
43 3.244650e-03
44 3.199000e-03
45 3.161340e-03
46 3.129910e-03
47 3.097750e-03
48 3.064840e-03
49 3.031160e-03
50 2.996700e-03
51 2.961440e-03
52 2.925340e-03
53 2.888420e-03
54 2.850640e-03
55 2.814470e-03
56 2.788150e-03
57 2.762430e-03
58 2.736090e-03
59 2.709150e-03
60 2.681580e-03
61 2.653370e-03
62 2.624500e-03
63 2.594960e-03
64 2.564730e-03
65 2.533790e-03
66 2.502140e-03
67 2.469750e-03
68 2.436600e-03
69 2.402680e-03
70 2.368050e-03
71 2.341820e-03
72 2.321290e-03
73 2.300290e-03
74 2.278790e-03
75 2.256790e-03
76 2.234290e-03
77 2.211250e-03
78 2.187680e-03
79 2.163560e-03
80 2.138880e-03
81 2.113620e-03
82 2.087780e-03
83 2.061340e-03
84 2.034270e-03
85 2.006580e-03
86 1.978240e-03
87 1.949240e-03
88 1.921050e-03
89 1.901430e-03
90 1.882940e-03
91 1.864020e-03
92 1.844650e-03
93 1.824840e-03
94 1.804570e-03
95 1.783820e-03
96 1.762580e-03
97 1.740860e-03
98 1.718630e-03
99 1.695880e-03
100 1.672600e-03
101 1.654000e-03
102 1.640240e-03
103 1.626160e-03
104 1.611760e-03
105 1.597010e-03
106 1.581930e-03
107 1.566490e-03
108 1.550690e-03
109 1.534530e-03
110 1.517990e-03
111 1.501060e-03
112 1.483740e-03
113 1.466020e-03
114 1.447880e-03
115 1.429320e-03
116 1.410330e-03
117 1.390900e-03
118 1.371620e-03
119 1.357900e-03
120 1.345380e-03
121 1.332570e-03
122 1.319470e-03
123 1.306050e-03
124 1.292320e-03
125 1.278280e-03
126 1.263910e-03
127 1.249200e-03
128 1.234150e-03
129 1.218750e-03
130 1.202980e-03
131 1.189250e-03
132 1.178750e-03
133 1.168040e-03
134 1.157080e-03
135 1.145860e-03
136 1.134380e-03
137 1.122640e-03
138 1.110620e-03
139 1.098320e-03
140 1.085740e-03
141 1.072860e-03
142 1.059680e-03
143 1.046200e-03
144 1.032400e-03
145 1.018280e-03
146 1.003830e-03
147 9.890450e-04
148 9.741560e-04
149 9.631140e-04
150 9.533340e-04
151 9.433250e-04
152 9.330860e-04
153 9.226070e-04
154 9.118820e-04
155 9.009090e-04
156 8.896820e-04
157 8.781900e-04
158 8.664320e-04
159 8.544020e-04
160 8.420890e-04
161 8.307110e-04
162 8.216680e-04
163 8.124950e-04
164 8.031100e-04
165 7.935070e-04
166 7.836780e-04
167 7.736220e-04
168 7.633320e-04
169 7.528010e-04
170 7.420380e-04
171 7.326950e-04
172 7.242760e-04
173 7.156620e-04
174 7.068450e-04
175 6.978240e-04
176 6.885930e-04
177 6.791460e-04
178 6.695280e-04
179 6.615710e-04
180 6.543990e-04
181 6.470590e-04
182 6.395480e-04
183 6.318640e-04
184 6.240000e-04
185 6.159510e-04
186 6.077170e-04
187 5.992900e-04
188 5.906660e-04
189 5.818420e-04
190 5.728140e-04
191 5.642710e-04
192 5.576380e-04
193 5.509930e-04
194 5.441920e-04
195 5.372340e-04
196 5.301140e-04
197 5.228270e-04
198 5.153710e-04
199 5.077420e-04
200 4.999340e-04
201 4.934630e-04
202 4.883720e-04
203 4.831640e-04
204 4.778340e-04
205 4.723800e-04
206 4.667990e-04
207 4.610880e-04
208 4.552430e-04
209 4.492630e-04
210 4.431440e-04
211 4.368820e-04
212 4.304740e-04
213 4.239170e-04
214 4.172070e-04
215 4.103400e-04
216 4.033150e-04
217 3.961250e-04
218 3.889980e-04
219 3.839750e-04
220 3.794080e-04
221 3.747350e-04
222 3.699530e-04
223 3.650600e-04
224 3.600530e-04
225 3.549290e-04
226 3.496860e-04
227 3.443200e-04
228 3.388310e-04
229 3.332120e-04
230 3.274630e-04
231 3.223550e-04
232 3.182780e-04
233 3.141160e-04
234 3.098590e-04
235 3.055010e-04
236 3.010420e-04
237 2.964800e-04
238 2.918110e-04
239 2.870320e-04
240 2.821710e-04
241 2.780980e-04
242 2.743600e-04
243 2.705350e-04
244 2.666210e-04
245 2.626170e-04
246 2.585180e-04
247 2.543240e-04
248 2.500610e-04
249 2.461900e-04
250 2.424060e-04
251 2.385340e-04
252 2.345730e-04
253 2.305190e-04
254 2.263700e-04
255 2.223970e-04
256 2.194930e-04
257 2.166520e-04
258 2.137450e-04
259 2.107700e-04
260 2.077260e-04
261 2.046790e-04
262 2.017070e-04
263 1.986690e-04
264 1.955610e-04
265 1.923800e-04
266 1.892490e-04
267 1.864340e-04
268 1.835810e-04
269 1.806620e-04
270 1.776770e-04
271 1.748920e-04
272 1.722280e-04
273 1.695010e-04
274 1.667110e-04
275 1.640380e-04
276 1.615150e-04
277 1.589330e-04
278 1.562970e-04
279 1.538230e-04
280 1.514070e-04
281 1.489330e-04
282 1.464780e-04
283 1.441800e-04
284 1.418410e-04
285 1.394800e-04
286 1.372640e-04
287 1.350320e-04
288 1.327770e-04
289 1.306500e-04
290 1.285050e-04
291 1.263620e-04
292 1.243270e-04
293 1.222540e-04
294 1.202410e-04
295 1.182670e-04
296 1.162770e-04
297 1.143750e-04
298 1.124500e-04
299 1.105930e-04
300 1.087430e-04
301 1.069210e-04
302 1.051280e-04
303 1.032940e-04
304 1.014170e-04
305 9.960310e-05
306 9.792770e-05
307 9.621590e-05
308 9.446520e-05
309 9.281600e-05
310 9.123340e-05
311 8.961400e-05
312 8.799580e-05
313 8.649930e-05
314 8.498500e-05
315 8.344920e-05
316 8.201690e-05
317 8.058670e-05
318 7.913610e-05
319 7.777490e-05
320 7.641300e-05
321 7.504490e-05
322 7.375640e-05
323 7.245070e-05
324 7.117490e-05
325 6.994200e-05
326 6.869400e-05
327 6.750760e-05
328 6.631110e-05
329 6.515420e-05
330 6.401300e-05
331 6.292190e-05
332 6.191970e-05
333 6.089520e-05
334 5.984690e-05
335 5.883240e-05
336 5.793460e-05
337 5.702180e-05
338 5.608780e-05
339 5.521210e-05
340 5.440350e-05
341 5.357640e-05
342 5.274730e-05
343 5.200310e-05
344 5.125900e-05
345 5.050220e-05
346 4.981060e-05
347 4.913310e-05
348 4.844390e-05
349 4.780970e-05
350 4.718620e-05
351 4.655830e-05
352 4.598070e-05
353 4.540110e-05
354 4.483570e-05
355 4.430510e-05
356 4.376740e-05
357 4.326610e-05
358 4.276640e-05
359 4.228620e-05
360 4.182350e-05
361 4.137190e-05
362 4.095630e-05
363 4.054380e-05
364 4.015860e-05
365 3.977670e-05
366 3.941920e-05
367 3.906670e-05
368 3.873510e-05
369 3.841200e-05
370 3.810600e-05
371 3.789950e-05
372 3.776130e-05
373 3.761980e-05
374 3.747510e-05
375 3.733390e-05
376 3.719750e-05
377 3.705800e-05
378 3.691440e-05
379 3.673480e-05
380 3.653420e-05
381 3.632890e-05
382 3.612360e-05
383 3.592730e-05
384 3.572730e-05
385 3.553380e-05
386 3.540640e-05
387 3.528850e-05
388 3.516890e-05
389 3.505360e-05
390 3.493690e-05
391 3.483760e-05
392 3.479670e-05
393 3.475900e-05
394 3.472180e-05
395 3.468490e-05
396 3.464670e-05
397 3.460580e-05
398 3.456370e-05
399 3.452250e-05
400 3.448120e-05
401 3.445790e-05
402 3.445310e-05
403 3.444820e-05
404 3.444330e-05
405 3.443720e-05
406 3.442950e-05
407 3.442160e-05
408 3.441360e-05
409 3.442300e-05
410 3.444560e-05
411 3.446880e-05
412 3.448100e-05
413 3.444640e-05
414 3.440600e-05
415 3.436740e-05
416 3.435420e-05
417 3.434760e-05
418 3.434050e-05
419 3.433070e-05
420 3.432000e-05
421 3.430970e-05
422 3.430190e-05
423 3.429420e-05
424 3.428640e-05
425 3.427840e-05
426 3.427020e-05
427 3.426180e-05
428 3.425330e-05
429 3.424450e-05
430 3.423550e-05
431 3.425760e-05
432 3.432690e-05
433 3.439720e-05
434 3.446710e-05
435 3.453950e-05
436 3.461560e-05
437 3.469260e-05
438 3.476930e-05
439 3.484930e-05
440 3.493270e-05
441 3.501600e-05
442 3.510060e-05
443 3.518960e-05
444 3.527980e-05
445 3.537040e-05
446 3.546510e-05
447 3.556200e-05
448 3.565680e-05
449 3.571300e-05
450 3.575570e-05
451 3.579890e-05
452 3.584040e-05
453 3.588230e-05
454 3.592670e-05
455 3.597450e-05
456 3.602330e-05
457 3.607010e-05
458 3.611710e-05
459 3.616760e-05
460 3.622130e-05
461 3.626320e-05
462 3.627820e-05
463 3.629260e-05
464 3.630730e-05
465 3.632350e-05
466 3.634370e-05
467 3.636340e-05
468 3.637970e-05
469 3.639630e-05
470 3.641270e-05
471 3.637450e-05
472 3.629780e-05
473 3.621920e-05
474 3.614040e-05
475 3.606420e-05
476 3.598240e-05
477 3.589630e-05
478 3.580840e-05
479 3.572750e-05
480 3.564940e-05
481 3.556950e-05
482 3.548750e-05
483 3.540410e-05
484 3.531850e-05
485 3.521670e-05
486 3.502330e-05
487 3.480980e-05
488 3.459090e-05
489 3.436420e-05
490 3.413180e-05
491 3.392490e-05
492 3.380650e-05
493 3.369160e-05
494 3.357180e-05
495 3.344750e-05
496 3.331610e-05
497 3.316290e-05
498 3.300390e-05
499 3.284120e-05
500 3.267470e-05
