1 5.265380e-03
2 5.219390e-03
3 5.172350e-03
4 5.124200e-03
5 5.074930e-03
6 5.024520e-03
7 4.972930e-03
8 4.920140e-03
9 4.866120e-03
10 4.810840e-03
11 4.754270e-03
12 4.696390e-03
13 4.637160e-03
14 4.576550e-03
15 4.514520e-03
16 4.451060e-03
17 4.386110e-03
18 4.321720e-03
19 4.276110e-03
20 4.234560e-03
21 4.192050e-03
22 4.148550e-03
23 4.104040e-03
24 4.058480e-03
25 4.011880e-03
26 3.964180e-03
27 3.915360e-03
28 3.865430e-03
29 3.814310e-03
30 3.762010e-03
31 3.716480e-03
32 3.681750e-03
33 3.646310e-03
34 3.610050e-03
35 3.572950e-03
36 3.534980e-03
37 3.496130e-03
38 3.456380e-03
39 3.415690e-03
40 3.374060e-03
41 3.331460e-03
42 3.287860e-03
43 3.243260e-03
44 3.197650e-03
45 3.160030e-03
46 3.128620e-03
47 3.096480e-03
48 3.063590e-03
49 3.029930e-03
50 2.995500e-03
51 2.960250e-03
52 2.924190e-03
53 2.887290e-03
54 2.849530e-03
55 2.813390e-03
56 2.787070e-03
57 2.761350e-03
58 2.735020e-03
59 2.708080e-03
60 2.680510e-03
61 2.652300e-03
62 2.623430e-03
63 2.593900e-03
64 2.563670e-03
65 2.532740e-03
66 2.501090e-03
67 2.468700e-03
68 2.435550e-03
69 2.401640e-03
70 2.367010e-03
71 2.340800e-03
72 2.320290e-03
73 2.299300e-03
74 2.277820e-03
75 2.255840e-03
76 2.233350e-03
77 2.210340e-03
78 2.186790e-03
79 2.162690e-03
80 2.138030e-03
81 2.112790e-03
82 2.086970e-03
83 2.060550e-03
84 2.033510e-03
85 2.005840e-03
86 1.977530e-03
87 1.948550e-03
88 1.920390e-03
89 1.900780e-03
90 1.882300e-03
91 1.863390e-03
92 1.844040e-03
93 1.824230e-03
94 1.803970e-03
95 1.783240e-03
96 1.762020e-03
97 1.740310e-03
98 1.718090e-03
99 1.695350e-03
100 1.672090e-03
101 1.653500e-03
102 1.639750e-03
103 1.625680e-03
104 1.611280e-03
105 1.596550e-03
106 1.581470e-03
107 1.566050e-03
108 1.550260e-03
109 1.534100e-03
110 1.517580e-03
111 1.500660e-03
112 1.483350e-03
113 1.465640e-03
114 1.447510e-03
115 1.428960e-03
116 1.409990e-03
117 1.390560e-03
118 1.371300e-03
119 1.357590e-03
120 1.345080e-03
121 1.332280e-03
122 1.319180e-03
123 1.305770e-03
124 1.292060e-03
125 1.278020e-03
126 1.263650e-03
127 1.248960e-03
128 1.233920e-03
129 1.218520e-03
130 1.202770e-03
131 1.189050e-03
132 1.178550e-03
133 1.167840e-03
134 1.156880e-03
135 1.145670e-03
136 1.134190e-03
137 1.122450e-03
138 1.110430e-03
139 1.098130e-03
140 1.085550e-03
141 1.072680e-03
142 1.059500e-03
143 1.046020e-03
144 1.032220e-03
145 1.018100e-03
146 1.003660e-03
147 9.888740e-04
148 9.739870e-04
149 9.629500e-04
150 9.531750e-04
151 9.431720e-04
152 9.329380e-04
153 9.224640e-04
154 9.117450e-04
155 9.007790e-04
156 8.895570e-04
157 8.780710e-04
158 8.663200e-04
159 8.542960e-04
160 8.419900e-04
161 8.306180e-04
162 8.215770e-04
163 8.124080e-04
164 8.030260e-04
165 7.934260e-04
166 7.836010e-04
167 7.735480e-04
168 7.632620e-04
169 7.527350e-04
170 7.419760e-04
171 7.326340e-04
172 7.242160e-04
173 7.156020e-04
174 7.067850e-04
175 6.977650e-04
176 6.885350e-04
177 6.790880e-04
178 6.694690e-04
179 6.615130e-04
180 6.543420e-04
181 6.470020e-04
182 6.394920e-04
183 6.318080e-04
184 6.239440e-04
185 6.158960e-04
186 6.076630e-04
187 5.992370e-04
188 5.906130e-04
189 5.817900e-04
190 5.727620e-04
191 5.642190e-04
192 5.575870e-04
193 5.509430e-04
194 5.441420e-04
195 5.371840e-04
196 5.300650e-04
197 5.227780e-04
198 5.153220e-04
199 5.076940e-04
200 4.998860e-04
201 4.934150e-04
202 4.883250e-04
203 4.831170e-04
204 4.777880e-04
205 4.723330e-04
206 4.667530e-04
207 4.610430e-04
208 4.551980e-04
209 4.492190e-04
210 4.431000e-04
211 4.368380e-04
212 4.304310e-04
213 4.238750e-04
214 4.171650e-04
215 4.102990e-04
216 4.032740e-04
217 3.960840e-04
218 3.889590e-04
219 3.839360e-04
220 3.793700e-04
221 3.746990e-04
222 3.699190e-04
223 3.650270e-04
224 3.600210e-04
225 3.548990e-04
226 3.496570e-04
227 3.442930e-04
228 3.388050e-04
229 3.331880e-04
230 3.274400e-04
231 3.223330e-04
232 3.182570e-04
233 3.140970e-04
234 3.098400e-04
235 3.054830e-04
236 3.010250e-04
237 2.964630e-04
238 2.917950e-04
239 2.870180e-04
240 2.821580e-04
241 2.780850e-04
242 2.743480e-04
243 2.705240e-04
244 2.666110e-04
245 2.626070e-04
246 2.585100e-04
247 2.543170e-04
248 2.500540e-04
249 2.461830e-04
250 2.423990e-04
251 2.385250e-04
252 2.345630e-04
253 2.305080e-04
254 2.263570e-04
255 2.223840e-04
256 2.194820e-04
257 2.166430e-04
258 2.137380e-04
259 2.107650e-04
260 2.077230e-04
261 2.046770e-04
262 2.017040e-04
263 1.986660e-04
264 1.955570e-04
265 1.923770e-04
266 1.892450e-04
267 1.864300e-04
268 1.835770e-04
269 1.806580e-04
270 1.776740e-04
271 1.748890e-04
272 1.722250e-04
273 1.694990e-04
274 1.667080e-04
275 1.640360e-04
276 1.615120e-04
277 1.589310e-04
278 1.562950e-04
279 1.538210e-04
280 1.514050e-04
281 1.489310e-04
282 1.464760e-04
283 1.441780e-04
284 1.418400e-04
285 1.394780e-04
286 1.372630e-04
287 1.350310e-04
288 1.327760e-04
289 1.306490e-04
290 1.285040e-04
291 1.263610e-04
292 1.243250e-04
293 1.222530e-04
294 1.202400e-04
295 1.182660e-04
296 1.162760e-04
297 1.143740e-04
298 1.124490e-04
299 1.105920e-04
300 1.087420e-04
301 1.069200e-04
302 1.051270e-04
303 1.032930e-04
304 1.014160e-04
305 9.960180e-05
306 9.792640e-05
307 9.621470e-05
308 9.446400e-05
309 9.281490e-05
310 9.123230e-05
311 8.961300e-05
312 8.799480e-05
313 8.649840e-05
314 8.498410e-05
315 8.344840e-05
316 8.201610e-05
317 8.058600e-05
318 7.913540e-05
319 7.777420e-05
320 7.641240e-05
321 7.504430e-05
322 7.375580e-05
323 7.245020e-05
324 7.117440e-05
325 6.994160e-05
326 6.869360e-05
327 6.750720e-05
328 6.631070e-05
329 6.515370e-05
330 6.401240e-05
331 6.292120e-05
332 6.191900e-05
333 6.089450e-05
334 5.984620e-05
335 5.883170e-05
336 5.793390e-05
337 5.702120e-05
338 5.608720e-05
339 5.521160e-05
340 5.440300e-05
341 5.357590e-05
342 5.274690e-05
343 5.200270e-05
344 5.125860e-05
345 5.050180e-05
346 4.981020e-05
347 4.913280e-05
348 4.844360e-05
349 4.780940e-05
350 4.718600e-05
351 4.655800e-05
352 4.598040e-05
353 4.540090e-05
354 4.483550e-05
355 4.430490e-05
356 4.376720e-05
357 4.326600e-05
358 4.276630e-05
359 4.228610e-05
360 4.182340e-05
361 4.137170e-05
362 4.095610e-05
363 4.054370e-05
364 4.015850e-05
365 3.977660e-05
366 3.941910e-05
367 3.906670e-05
368 3.873500e-05
369 3.841190e-05
370 3.810560e-05
371 3.789920e-05
372 3.776100e-05
373 3.761970e-05
374 3.747500e-05
375 3.733390e-05
376 3.719760e-05
377 3.705810e-05
378 3.691450e-05
379 3.673490e-05
380 3.653420e-05
381 3.632890e-05
382 3.612360e-05
383 3.592730e-05
384 3.572720e-05
385 3.553360e-05
386 3.540630e-05
387 3.528840e-05
388 3.516890e-05
389 3.505360e-05
390 3.493680e-05
391 3.483740e-05
392 3.479660e-05
393 3.475890e-05
394 3.472180e-05
395 3.468490e-05
396 3.464670e-05
397 3.460580e-05
398 3.456370e-05
399 3.452250e-05
400 3.448120e-05
401 3.445780e-05
402 3.445310e-05
403 3.444820e-05
404 3.444320e-05
405 3.443720e-05
406 3.442950e-05
407 3.442160e-05
408 3.441360e-05
409 3.442300e-05
410 3.444560e-05
411 3.446880e-05
412 3.448100e-05
413 3.444640e-05
414 3.440600e-05
415 3.436740e-05
416 3.435420e-05
417 3.434760e-05
418 3.434050e-05
419 3.433070e-05
420 3.432000e-05
421 3.430970e-05
422 3.430190e-05
423 3.429420e-05
424 3.428640e-05
425 3.427840e-05
426 3.427020e-05
427 3.426180e-05
428 3.425330e-05
429 3.424450e-05
430 3.423550e-05
431 3.425760e-05
432 3.432690e-05
433 3.439720e-05
434 3.446710e-05
435 3.453950e-05
436 3.461560e-05
437 3.469260e-05
438 3.476930e-05
439 3.484930e-05
440 3.493270e-05
441 3.501600e-05
442 3.510060e-05
443 3.518960e-05
444 3.527980e-05
445 3.537040e-05
446 3.546510e-05
447 3.556200e-05
448 3.565680e-05
449 3.571300e-05
450 3.575570e-05
451 3.579890e-05
452 3.584040e-05
453 3.588230e-05
454 3.592670e-05
455 3.597450e-05
456 3.602330e-05
457 3.607010e-05
458 3.611710e-05
459 3.616760e-05
460 3.622130e-05
461 3.626320e-05
462 3.627820e-05
463 3.629260e-05
464 3.630730e-05
465 3.632350e-05
466 3.634370e-05
467 3.636340e-05
468 3.637970e-05
469 3.639630e-05
470 3.641270e-05
471 3.637450e-05
472 3.629780e-05
473 3.621920e-05
474 3.614040e-05
475 3.606420e-05
476 3.598240e-05
477 3.589630e-05
478 3.580840e-05
479 3.572750e-05
480 3.564940e-05
481 3.556950e-05
482 3.548750e-05
483 3.540410e-05
484 3.531850e-05
485 3.521670e-05
486 3.502330e-05
487 3.480980e-05
488 3.459090e-05
489 3.436420e-05
490 3.413180e-05
491 3.392490e-05
492 3.380650e-05
493 3.369160e-05
494 3.357180e-05
495 3.344750e-05
496 3.331610e-05
497 3.316290e-05
498 3.300390e-05
499 3.284120e-05
500 3.267470e-05
