1 5.274340e-03
2 5.228260e-03
3 5.181110e-03
4 5.132860e-03
5 5.083480e-03
6 5.032960e-03
7 4.981260e-03
8 4.928340e-03
9 4.874210e-03
10 4.818810e-03
11 4.762120e-03
12 4.704100e-03
13 4.644750e-03
14 4.584000e-03
15 4.521830e-03
16 4.458230e-03
17 4.393140e-03
18 4.328600e-03
19 4.282820e-03
20 4.241090e-03
21 4.198400e-03
22 4.154710e-03
23 4.110000e-03
24 4.064250e-03
25 4.017440e-03
26 3.969530e-03
27 3.920510e-03
28 3.870350e-03
29 3.819020e-03
30 3.766490e-03
31 3.720790e-03
32 3.685970e-03
33 3.650460e-03
34 3.614120e-03
35 3.576930e-03
36 3.538870e-03
37 3.499930e-03
38 3.460080e-03
39 3.419300e-03
40 3.377570e-03
41 3.334880e-03
42 3.291180e-03
43 3.246470e-03
44 3.200750e-03
45 3.163060e-03
46 3.131600e-03
47 3.099420e-03
48 3.066480e-03
49 3.032770e-03
50 2.998290e-03
51 2.962990e-03
52 2.926870e-03
53 2.889920e-03
54 2.852110e-03
55 2.815920e-03
56 2.789590e-03
57 2.763860e-03
58 2.737530e-03
59 2.710580e-03
60 2.683020e-03
61 2.654800e-03
62 2.625930e-03
63 2.596380e-03
64 2.566150e-03
65 2.535210e-03
66 2.503560e-03
67 2.471160e-03
68 2.438010e-03
69 2.404090e-03
70 2.369460e-03
71 2.343210e-03
72 2.322660e-03
73 2.301630e-03
74 2.280110e-03
75 2.258090e-03
76 2.235560e-03
77 2.212490e-03
78 2.188900e-03
79 2.164750e-03
80 2.140040e-03
81 2.114750e-03
82 2.088880e-03
83 2.062410e-03
84 2.035310e-03
85 2.007590e-03
86 1.979220e-03
87 1.950190e-03
88 1.921960e-03
89 1.902330e-03
90 1.883820e-03
91 1.864880e-03
92 1.845500e-03
93 1.825670e-03
94 1.805380e-03
95 1.784610e-03
96 1.763360e-03
97 1.741620e-03
98 1.719370e-03
99 1.696600e-03
100 1.673300e-03
101 1.654690e-03
102 1.640920e-03
103 1.626830e-03
104 1.612410e-03
105 1.597650e-03
106 1.582550e-03
107 1.567100e-03
108 1.551290e-03
109 1.535110e-03
110 1.518560e-03
111 1.501620e-03
112 1.484280e-03
113 1.466540e-03
114 1.448390e-03
115 1.429810e-03
116 1.410810e-03
117 1.391360e-03
118 1.372070e-03
119 1.358340e-03
120 1.345800e-03
121 1.332980e-03
122 1.319860e-03
123 1.306440e-03
124 1.292700e-03
125 1.278640e-03
126 1.264250e-03
127 1.249530e-03
128 1.234470e-03
129 1.219050e-03
130 1.203280e-03
131 1.189530e-03
132 1.179030e-03
133 1.168320e-03
134 1.157350e-03
135 1.146130e-03
136 1.134650e-03
137 1.122910e-03
138 1.110890e-03
139 1.098580e-03
140 1.086000e-03
141 1.073120e-03
142 1.059940e-03
143 1.046450e-03
144 1.032650e-03
145 1.018520e-03
146 1.004070e-03
147 9.892820e-04
148 9.743900e-04
149 9.633420e-04
150 9.535550e-04
151 9.435380e-04
152 9.332910e-04
153 9.228040e-04
154 9.120710e-04
155 9.010910e-04
156 8.898550e-04
157 8.783540e-04
158 8.665880e-04
159 8.545480e-04
160 8.422260e-04
161 8.308410e-04
162 8.217930e-04
163 8.126150e-04
164 8.032260e-04
165 7.936180e-04
166 7.837850e-04
167 7.737230e-04
168 7.634280e-04
169 7.528930e-04
170 7.421240e-04
171 7.327780e-04
172 7.243590e-04
173 7.157450e-04
174 7.069270e-04
175 6.979060e-04
176 6.886750e-04
177 6.792280e-04
178 6.696080e-04
179 6.616510e-04
180 6.544780e-04
181 6.471380e-04
182 6.396270e-04
183 6.319420e-04
184 6.240760e-04
185 6.160270e-04
186 6.077920e-04
187 5.993650e-04
188 5.907400e-04
189 5.819150e-04
190 5.728860e-04
191 5.643420e-04
192 5.577090e-04
193 5.510640e-04
194 5.442630e-04
195 5.373040e-04
196 5.301840e-04
197 5.228960e-04
198 5.154400e-04
199 5.078100e-04
200 5.000020e-04
201 4.935300e-04
202 4.884390e-04
203 4.832300e-04
204 4.779000e-04
205 4.724440e-04
206 4.668630e-04
207 4.611510e-04
208 4.553060e-04
209 4.493260e-04
210 4.432060e-04
211 4.369430e-04
212 4.305340e-04
213 4.239770e-04
214 4.172660e-04
215 4.103980e-04
216 4.033720e-04
217 3.961810e-04
218 3.890540e-04
219 3.840290e-04
220 3.794600e-04
221 3.747850e-04
222 3.700020e-04
223 3.651060e-04
224 3.600970e-04
225 3.549720e-04
226 3.497260e-04
227 3.443590e-04
228 3.388670e-04
229 3.332460e-04
230 3.274950e-04
231 3.223840e-04
232 3.183060e-04
233 3.141440e-04
234 3.098850e-04
235 3.055270e-04
236 3.010660e-04
237 2.965030e-04
238 2.918330e-04
239 2.870530e-04
240 2.821910e-04
241 2.781160e-04
242 2.743770e-04
243 2.705510e-04
244 2.666360e-04
245 2.626300e-04
246 2.585300e-04
247 2.543340e-04
248 2.500700e-04
249 2.462000e-04
250 2.424180e-04
251 2.385470e-04
252 2.345870e-04
253 2.305340e-04
254 2.263870e-04
255 2.224150e-04
256 2.195090e-04
257 2.166650e-04
258 2.137550e-04
259 2.107770e-04
260 2.077300e-04
261 2.046810e-04
262 2.017090e-04
263 1.986720e-04
264 1.955650e-04
265 1.923850e-04
266 1.892540e-04
267 1.864390e-04
268 1.835860e-04
269 1.806670e-04
270 1.776810e-04
271 1.748970e-04
272 1.722320e-04
273 1.695050e-04
274 1.667150e-04
275 1.640420e-04
276 1.615180e-04
277 1.589370e-04
278 1.563000e-04
279 1.538260e-04
280 1.514090e-04
281 1.489360e-04
282 1.464800e-04
283 1.441830e-04
284 1.418440e-04
285 1.394820e-04
286 1.372660e-04
287 1.350340e-04
288 1.327790e-04
289 1.306520e-04
290 1.285070e-04
291 1.263640e-04
292 1.243280e-04
293 1.222560e-04
294 1.202420e-04
295 1.182690e-04
296 1.162790e-04
297 1.143770e-04
298 1.124510e-04
299 1.105940e-04
300 1.087440e-04
301 1.069220e-04
302 1.051290e-04
303 1.032960e-04
304 1.014190e-04
305 9.960500e-05
306 9.792950e-05
307 9.621760e-05
308 9.446680e-05
309 9.281750e-05
310 9.123480e-05
311 8.961540e-05
312 8.799710e-05
313 8.650050e-05
314 8.498620e-05
315 8.345030e-05
316 8.201790e-05
317 8.058770e-05
318 7.913700e-05
319 7.777580e-05
320 7.641380e-05
321 7.504570e-05
322 7.375720e-05
323 7.245140e-05
324 7.117560e-05
325 6.994270e-05
326 6.869470e-05
327 6.750820e-05
328 6.631170e-05
329 6.515480e-05
330 6.401380e-05
331 6.292290e-05
332 6.192070e-05
333 6.089610e-05
334 5.984790e-05
335 5.883330e-05
336 5.793550e-05
337 5.702270e-05
338 5.608860e-05
339 5.521280e-05
340 5.440420e-05
341 5.357700e-05
342 5.274790e-05
343 5.200370e-05
344 5.125950e-05
345 5.050270e-05
346 4.981110e-05
347 4.913360e-05
348 4.844430e-05
349 4.781010e-05
350 4.718660e-05
351 4.655860e-05
352 4.598100e-05
353 4.540140e-05
354 4.483600e-05
355 4.430540e-05
356 4.376760e-05
357 4.326640e-05
358 4.276670e-05
359 4.228640e-05
360 4.182380e-05
361 4.137210e-05
362 4.095650e-05
363 4.054400e-05
364 4.015870e-05
365 3.977690e-05
366 3.941930e-05
367 3.906690e-05
368 3.873530e-05
369 3.841230e-05
370 3.810650e-05
371 3.790000e-05
372 3.776170e-05
373 3.762010e-05
374 3.747520e-05
375 3.733390e-05
376 3.719750e-05
377 3.705800e-05
378 3.691430e-05
379 3.673470e-05
380 3.653410e-05
381 3.632890e-05
382 3.612370e-05
383 3.592750e-05
384 3.572750e-05
385 3.553400e-05
386 3.540660e-05
387 3.528860e-05
388 3.516890e-05
389 3.505370e-05
390 3.493710e-05
391 3.483780e-05
392 3.479680e-05
393 3.475900e-05
394 3.472180e-05
395 3.468490e-05
396 3.464670e-05
397 3.460570e-05
398 3.456370e-05
399 3.452260e-05
400 3.448130e-05
401 3.445790e-05
402 3.445320e-05
403 3.444830e-05
404 3.444330e-05
405 3.443720e-05
406 3.442950e-05
407 3.442160e-05
408 3.441360e-05
409 3.442300e-05
410 3.444560e-05
411 3.446880e-05
412 3.448100e-05
413 3.444640e-05
414 3.440600e-05
415 3.436740e-05
416 3.435420e-05
417 3.434760e-05
418 3.434050e-05
419 3.433070e-05
420 3.432000e-05
421 3.430970e-05
422 3.430190e-05
423 3.429420e-05
424 3.428640e-05
425 3.427840e-05
426 3.427020e-05
427 3.426180e-05
428 3.425330e-05
429 3.424450e-05
430 3.423550e-05
431 3.425760e-05
432 3.432690e-05
433 3.439720e-05
434 3.446710e-05
435 3.453950e-05
436 3.461560e-05
437 3.469260e-05
438 3.476930e-05
439 3.484930e-05
440 3.493270e-05
441 3.501600e-05
442 3.510060e-05
443 3.518960e-05
444 3.527980e-05
445 3.537040e-05
446 3.546510e-05
447 3.556200e-05
448 3.565680e-05
449 3.571300e-05
450 3.575570e-05
451 3.579890e-05
452 3.584040e-05
453 3.588230e-05
454 3.592670e-05
455 3.597450e-05
456 3.602330e-05
457 3.607010e-05
458 3.611710e-05
459 3.616760e-05
460 3.622130e-05
461 3.626320e-05
462 3.627820e-05
463 3.629260e-05
464 3.630730e-05
465 3.632350e-05
466 3.634370e-05
467 3.636340e-05
468 3.637970e-05
469 3.639630e-05
470 3.641270e-05
471 3.637450e-05
472 3.629780e-05
473 3.621920e-05
474 3.614040e-05
475 3.606420e-05
476 3.598240e-05
477 3.589630e-05
478 3.580840e-05
479 3.572750e-05
480 3.564940e-05
481 3.556950e-05
482 3.548750e-05
483 3.540410e-05
484 3.531850e-05
485 3.521670e-05
486 3.502330e-05
487 3.480980e-05
488 3.459090e-05
489 3.436420e-05
490 3.413180e-05
491 3.392490e-05
492 3.380650e-05
493 3.369160e-05
494 3.357180e-05
495 3.344750e-05
496 3.331610e-05
497 3.316290e-05
498 3.300390e-05
499 3.284120e-05
500 3.267470e-05
