1 5.276180e-03
2 5.230070e-03
3 5.182910e-03
4 5.134640e-03
5 5.085230e-03
6 5.034690e-03
7 4.982970e-03
8 4.930040e-03
9 4.875880e-03
10 4.820460e-03
11 4.763740e-03
12 4.705700e-03
13 4.646320e-03
14 4.585550e-03
15 4.523360e-03
16 4.459730e-03
17 4.394610e-03
18 4.330040e-03
19 4.284220e-03
20 4.242460e-03
21 4.199730e-03
22 4.156000e-03
23 4.111250e-03
24 4.065460e-03
25 4.018610e-03
26 3.970660e-03
27 3.921600e-03
28 3.871390e-03
29 3.820020e-03
30 3.767440e-03
31 3.721700e-03
32 3.686870e-03
33 3.651330e-03
34 3.614980e-03
35 3.577770e-03
36 3.539690e-03
37 3.500740e-03
38 3.460870e-03
39 3.420060e-03
40 3.378320e-03
41 3.335600e-03
42 3.291880e-03
43 3.247150e-03
44 3.201410e-03
45 3.163700e-03
46 3.132240e-03
47 3.100050e-03
48 3.067100e-03
49 3.033380e-03
50 2.998890e-03
51 2.963590e-03
52 2.927460e-03
53 2.890500e-03
54 2.852670e-03
55 2.816470e-03
56 2.790150e-03
57 2.764420e-03
58 2.738080e-03
59 2.711140e-03
60 2.683570e-03
61 2.655350e-03
62 2.626480e-03
63 2.596930e-03
64 2.566700e-03
65 2.535760e-03
66 2.504110e-03
67 2.471710e-03
68 2.438560e-03
69 2.404640e-03
70 2.370010e-03
71 2.343760e-03
72 2.323200e-03
73 2.302160e-03
74 2.280630e-03
75 2.258600e-03
76 2.236050e-03
77 2.212980e-03
78 2.189370e-03
79 2.165220e-03
80 2.140490e-03
81 2.115200e-03
82 2.089310e-03
83 2.062830e-03
84 2.035720e-03
85 2.007980e-03
86 1.979600e-03
87 1.950550e-03
88 1.922320e-03
89 1.902670e-03
90 1.884160e-03
91 1.865220e-03
92 1.845830e-03
93 1.825990e-03
94 1.805700e-03
95 1.784930e-03
96 1.763670e-03
97 1.741920e-03
98 1.719660e-03
99 1.696880e-03
100 1.673580e-03
101 1.654960e-03
102 1.641180e-03
103 1.627090e-03
104 1.612670e-03
105 1.597900e-03
106 1.582800e-03
107 1.567350e-03
108 1.551530e-03
109 1.535350e-03
110 1.518790e-03
111 1.501840e-03
112 1.484500e-03
113 1.466750e-03
114 1.448590e-03
115 1.430010e-03
116 1.411000e-03
117 1.391540e-03
118 1.372240e-03
119 1.358510e-03
120 1.345970e-03
121 1.333140e-03
122 1.320020e-03
123 1.306590e-03
124 1.292840e-03
125 1.278780e-03
126 1.264390e-03
127 1.249660e-03
128 1.234590e-03
129 1.219170e-03
130 1.203390e-03
131 1.189640e-03
132 1.179140e-03
133 1.168420e-03
134 1.157460e-03
135 1.146240e-03
136 1.134760e-03
137 1.123010e-03
138 1.110990e-03
139 1.098690e-03
140 1.086100e-03
141 1.073220e-03
142 1.060040e-03
143 1.046550e-03
144 1.032750e-03
145 1.018620e-03
146 1.004170e-03
147 9.893770e-04
148 9.744830e-04
149 9.634330e-04
150 9.536420e-04
151 9.436230e-04
152 9.333730e-04
153 9.228830e-04
154 9.121470e-04
155 9.011630e-04
156 8.899230e-04
157 8.784200e-04
158 8.666500e-04
159 8.546060e-04
160 8.422810e-04
161 8.308920e-04
162 8.218420e-04
163 8.126630e-04
164 8.032720e-04
165 7.936620e-04
166 7.838270e-04
167 7.737630e-04
168 7.634660e-04
169 7.529290e-04
170 7.421580e-04
171 7.328110e-04
172 7.243920e-04
173 7.157770e-04
174 7.069600e-04
175 6.979380e-04
176 6.887070e-04
177 6.792600e-04
178 6.696400e-04
179 6.616830e-04
180 6.545100e-04
181 6.471690e-04
182 6.396580e-04
183 6.319720e-04
184 6.241070e-04
185 6.160570e-04
186 6.078220e-04
187 5.993940e-04
188 5.907690e-04
189 5.819440e-04
190 5.729140e-04
191 5.643700e-04
192 5.577380e-04
193 5.510920e-04
194 5.442900e-04
195 5.373320e-04
196 5.302110e-04
197 5.229240e-04
198 5.154670e-04
199 5.078370e-04
200 5.000290e-04
201 4.935560e-04
202 4.884650e-04
203 4.832560e-04
204 4.779260e-04
205 4.724700e-04
206 4.668890e-04
207 4.611770e-04
208 4.553310e-04
209 4.493500e-04
210 4.432310e-04
211 4.369670e-04
212 4.305580e-04
213 4.240000e-04
214 4.172890e-04
215 4.104210e-04
216 4.033950e-04
217 3.962040e-04
218 3.890760e-04
219 3.840510e-04
220 3.794810e-04
221 3.748060e-04
222 3.700220e-04
223 3.651250e-04
224 3.601150e-04
225 3.549890e-04
226 3.497420e-04
227 3.443740e-04
228 3.388810e-04
229 3.332600e-04
230 3.275070e-04
231 3.223960e-04
232 3.183180e-04
233 3.141550e-04
234 3.098960e-04
235 3.055370e-04
236 3.010760e-04
237 2.965120e-04
238 2.918410e-04
239 2.870610e-04
240 2.821980e-04
241 2.781230e-04
242 2.743840e-04
243 2.705570e-04
244 2.666410e-04
245 2.626350e-04
246 2.585340e-04
247 2.543380e-04
248 2.500730e-04
249 2.462040e-04
250 2.424220e-04
251 2.385520e-04
252 2.345930e-04
253 2.305410e-04
254 2.263940e-04
255 2.224220e-04
256 2.195150e-04
257 2.166710e-04
258 2.137590e-04
259 2.107800e-04
260 2.077320e-04
261 2.046820e-04
262 2.017110e-04
263 1.986740e-04
264 1.955670e-04
265 1.923870e-04
266 1.892560e-04
267 1.864410e-04
268 1.835880e-04
269 1.806690e-04
270 1.776830e-04
271 1.748990e-04
272 1.722340e-04
273 1.695070e-04
274 1.667160e-04
275 1.640430e-04
276 1.615200e-04
277 1.589380e-04
278 1.563020e-04
279 1.538270e-04
280 1.514100e-04
281 1.489370e-04
282 1.464810e-04
283 1.441830e-04
284 1.418450e-04
285 1.394830e-04
286 1.372670e-04
287 1.350350e-04
288 1.327800e-04
289 1.306530e-04
290 1.285080e-04
291 1.263640e-04
292 1.243290e-04
293 1.222560e-04
294 1.202430e-04
295 1.182690e-04
296 1.162790e-04
297 1.143770e-04
298 1.124510e-04
299 1.105940e-04
300 1.087440e-04
301 1.069220e-04
302 1.051300e-04
303 1.032960e-04
304 1.014190e-04
305 9.960580e-05
306 9.793020e-05
307 9.621830e-05
308 9.446750e-05
309 9.281810e-05
310 9.123540e-05
311 8.961590e-05
312 8.799760e-05
313 8.650100e-05
314 8.498660e-05
315 8.345070e-05
316 8.201840e-05
317 8.058810e-05
318 7.913740e-05
319 7.777610e-05
320 7.641420e-05
321 7.504610e-05
322 7.375750e-05
323 7.245170e-05
324 7.117590e-05
325 6.994300e-05
326 6.869490e-05
327 6.750850e-05
328 6.631190e-05
329 6.515510e-05
330 6.401420e-05
331 6.292330e-05
332 6.192110e-05
333 6.089650e-05
334 5.984830e-05
335 5.883370e-05
336 5.793580e-05
337 5.702300e-05
338 5.608890e-05
339 5.521310e-05
340 5.440450e-05
341 5.357730e-05
342 5.274820e-05
343 5.200390e-05
344 5.125970e-05
345 5.050290e-05
346 4.981120e-05
347 4.913370e-05
348 4.844450e-05
349 4.781020e-05
350 4.718680e-05
351 4.655870e-05
352 4.598110e-05
353 4.540160e-05
354 4.483610e-05
355 4.430550e-05
356 4.376770e-05
357 4.326650e-05
358 4.276670e-05
359 4.228650e-05
360 4.182390e-05
361 4.137220e-05
362 4.095660e-05
363 4.054410e-05
364 4.015880e-05
365 3.977690e-05
366 3.941940e-05
367 3.906690e-05
368 3.873530e-05
369 3.841230e-05
370 3.810660e-05
371 3.790020e-05
372 3.776180e-05
373 3.762020e-05
374 3.747520e-05
375 3.733390e-05
376 3.719750e-05
377 3.705790e-05
378 3.691420e-05
379 3.673470e-05
380 3.653410e-05
381 3.632890e-05
382 3.612370e-05
383 3.592750e-05
384 3.572760e-05
385 3.553410e-05
386 3.540670e-05
387 3.528860e-05
388 3.516900e-05
389 3.505380e-05
390 3.493710e-05
391 3.483780e-05
392 3.479690e-05
393 3.475900e-05
394 3.472180e-05
395 3.468490e-05
396 3.464670e-05
397 3.460580e-05
398 3.456370e-05
399 3.452260e-05
400 3.448130e-05
401 3.445800e-05
402 3.445320e-05
403 3.444830e-05
404 3.444330e-05
405 3.443720e-05
406 3.442950e-05
407 3.442160e-05
408 3.441360e-05
409 3.442300e-05
410 3.444560e-05
411 3.446880e-05
412 3.448100e-05
413 3.444640e-05
414 3.440600e-05
415 3.436740e-05
416 3.435420e-05
417 3.434760e-05
418 3.434050e-05
419 3.433070e-05
420 3.432000e-05
421 3.430970e-05
422 3.430190e-05
423 3.429420e-05
424 3.428640e-05
425 3.427840e-05
426 3.427020e-05
427 3.426180e-05
428 3.425330e-05
429 3.424450e-05
430 3.423550e-05
431 3.425760e-05
432 3.432690e-05
433 3.439720e-05
434 3.446710e-05
435 3.453950e-05
436 3.461560e-05
437 3.469260e-05
438 3.476930e-05
439 3.484930e-05
440 3.493270e-05
441 3.501600e-05
442 3.510060e-05
443 3.518960e-05
444 3.527980e-05
445 3.537040e-05
446 3.546510e-05
447 3.556200e-05
448 3.565680e-05
449 3.571300e-05
450 3.575570e-05
451 3.579890e-05
452 3.584040e-05
453 3.588230e-05
454 3.592670e-05
455 3.597450e-05
456 3.602330e-05
457 3.607010e-05
458 3.611710e-05
459 3.616760e-05
460 3.622130e-05
461 3.626320e-05
462 3.627820e-05
463 3.629260e-05
464 3.630730e-05
465 3.632350e-05
466 3.634370e-05
467 3.636340e-05
468 3.637970e-05
469 3.639630e-05
470 3.641270e-05
471 3.637450e-05
472 3.629780e-05
473 3.621920e-05
474 3.614040e-05
475 3.606420e-05
476 3.598240e-05
477 3.589630e-05
478 3.580840e-05
479 3.572750e-05
480 3.564940e-05
481 3.556950e-05
482 3.548750e-05
483 3.540410e-05
484 3.531850e-05
485 3.521670e-05
486 3.502330e-05
487 3.480980e-05
488 3.459090e-05
489 3.436420e-05
490 3.413180e-05
491 3.392490e-05
492 3.380650e-05
493 3.369160e-05
494 3.357180e-05
495 3.344750e-05
496 3.331610e-05
497 3.316290e-05
498 3.300390e-05
499 3.284120e-05
500 3.267470e-05
