mcnpxI 20120804T153428 
C cell cards
C --- universe 1 --- 
10 100 -10.4465 -1 u=1 imp:n=1 vol=5.0265e-01 tmp=2.5334e-08
20 200 -0.9993 1 u=1 imp:n=1 vol=9.3735e-01 tmp=2.5334e-08
C --- universe 2 --- 
30 300 -5.6880 -1 u=2 imp:n=1 vol=5.0265e-01 tmp=2.5334e-08
40 400 -0.9993 1 u=2 imp:n=1 vol=9.3735e-01 tmp=2.5334e-08
C --- real world ---
50 0 -2 imp:n=1 lat=1 u=3
          fill=0:1 0:1 0:0
          1 2
          1 1
60 200 -0.9993 3 imp:n=1 u=3
70 0 -3 imp:n=1 fill=3 lat=1

C surface cards
1 cz 0.4000
2 rpp -0.6000 0.6000 -0.6000 0.6000 0. 0.
3 rpp -0.6000 1.8000 -0.6000 1.8000 0. 0.

C data cards
kcode 1000 1.0 50 100
ksrc 0.0 0.0 0.0
m100
     92235.70c 7.0803e-04
     92238.70c 2.2604e-02
     8016.70c 4.6624e-02
m101  92235.70c 1
m102  92238.70c 1
m103  8016.70c 1
m200
     1001.70c 6.6988e-02
     8016.70c 3.3414e-02
mt200 lwtr.10t
m201  1001.70c 1
mt201 lwtr.10t
m202  8016.70c 1
m300
     94239.70c 1.4704e-03
     94240.70c 4.3797e-04
     94241.70c 3.0654e-04
     94242.70c 8.6546e-05
     40090.70c 1.8900e-02
     40094.70c 6.3844e-03
     39089.70c 6.4825e-03
m301  94239.70c 1
m302  94240.70c 1
m303  94241.70c 1
m304  94242.70c 1
m305  40090.70c 1
m306  40094.70c 1
m307  39089.70c 1
m400
     1001.70c 6.6988e-02
     8016.70c 3.3414e-02
mt400 lwtr.10t
m401  1001.70c 1
mt401 lwtr.10t
m402  8016.70c 1
print 40 128 140
E0
     1.9953e-09  2.5119e-09  3.1623e-09  3.9811e-09  5.0119e-09
     6.3096e-09  7.9433e-09  1.0000e-08  1.2589e-08  1.5849e-08
     1.9953e-08  2.5119e-08  3.1623e-08  3.9811e-08  5.0119e-08
     6.3096e-08  7.9433e-08  1.0000e-07  1.2589e-07  1.5849e-07
     1.9953e-07  2.5119e-07  3.1623e-07  3.9811e-07  5.0119e-07
     6.3096e-07  7.9433e-07  1.0000e-06  1.2589e-06  1.5849e-06
     1.9953e-06  2.5119e-06  3.1623e-06  3.9811e-06  5.0119e-06
     6.3096e-06  7.9433e-06  1.0000e-05  1.2589e-05  1.5849e-05
     1.9953e-05  2.5119e-05  3.1623e-05  3.9811e-05  5.0119e-05
     6.3096e-05  7.9433e-05  1.0000e-04  1.2589e-04  1.5849e-04
     1.9953e-04  2.5119e-04  3.1623e-04  3.9811e-04  5.0119e-04
     6.3096e-04  7.9433e-04  1.0000e-03  1.2589e-03  1.5849e-03
     1.9953e-03  2.5119e-03  3.1623e-03  3.9811e-03  5.0119e-03
     6.3096e-03  7.9433e-03  1.0000e-02  1.2589e-02  1.5849e-02
     1.9953e-02  2.5119e-02  3.1623e-02  3.9811e-02  5.0119e-02
     6.3096e-02  7.9433e-02  1.0000e-01  1.2589e-01  1.5849e-01
     1.9953e-01  2.5119e-01  3.1623e-01  3.9811e-01  5.0119e-01
     6.3096e-01  7.9433e-01  1.0000e+00  1.2589e+00  1.5849e+00
     1.9953e+00  2.5119e+00  3.1623e+00  3.9811e+00  5.0119e+00
     6.3096e+00  7.9433e+00  1.0000e+01  
F14:n 10
FM14 (1)
     (-1 100 (1) (2) (4) (18) (101) (102) (251) (-7) (-8) (-6 -7) (-6 -8))
     (1 101 (1) (2) (4) (18) (101) (102) (251) (-7) (-8) (-6 -7) (-6 -8))
     (1 102 (1) (2) (4) (18) (101) (102) (251) (-7) (-8) (-6 -7) (-6 -8))
     (1 103 (1) (2) (4) (18) (101) (102) (251) (-7) (-8) (-6 -7) (-6 -8))
F24:n 20
FM24 (1)
     (-1 200 (1) (2) (4) (18) (101) (102) (251) (-7) (-8) (-6 -7) (-6 -8))
     (1 201 (1) (2) (4) (18) (101) (102) (251) (-7) (-8) (-6 -7) (-6 -8))
     (1 202 (1) (2) (4) (18) (101) (102) (251) (-7) (-8) (-6 -7) (-6 -8))
F34:n 30
FM34 (1)
     (-1 300 (1) (2) (4) (18) (101) (102) (251) (-7) (-8) (-6 -7) (-6 -8))
     (1 301 (1) (2) (4) (18) (101) (102) (251) (-7) (-8) (-6 -7) (-6 -8))
     (1 302 (1) (2) (4) (18) (101) (102) (251) (-7) (-8) (-6 -7) (-6 -8))
     (1 303 (1) (2) (4) (18) (101) (102) (251) (-7) (-8) (-6 -7) (-6 -8))
     (1 304 (1) (2) (4) (18) (101) (102) (251) (-7) (-8) (-6 -7) (-6 -8))
     (1 305 (1) (2) (4) (18) (101) (102) (251) (-7) (-8) (-6 -7) (-6 -8))
     (1 306 (1) (2) (4) (18) (101) (102) (251) (-7) (-8) (-6 -7) (-6 -8))
     (1 307 (1) (2) (4) (18) (101) (102) (251) (-7) (-8) (-6 -7) (-6 -8))
F44:n 40
FM44 (1)
     (-1 400 (1) (2) (4) (18) (101) (102) (251) (-7) (-8) (-6 -7) (-6 -8))
     (1 401 (1) (2) (4) (18) (101) (102) (251) (-7) (-8) (-6 -7) (-6 -8))
     (1 402 (1) (2) (4) (18) (101) (102) (251) (-7) (-8) (-6 -7) (-6 -8))
