1 1.372460e-04
2 1.368820e-04
3 1.365090e-04
4 1.361280e-04
5 1.357370e-04
6 1.353380e-04
7 1.349290e-04
8 1.345110e-04
9 1.340830e-04
10 1.336450e-04
11 1.331970e-04
12 1.327380e-04
13 1.322690e-04
14 1.317890e-04
15 1.312980e-04
16 1.307950e-04
17 1.302800e-04
18 1.297690e-04
19 1.293940e-04
20 1.290470e-04
21 1.286920e-04
22 1.283290e-04
23 1.279580e-04
24 1.275780e-04
25 1.271890e-04
26 1.267910e-04
27 1.263830e-04
28 1.259670e-04
29 1.255400e-04
30 1.251040e-04
31 1.247190e-04
32 1.244170e-04
33 1.241090e-04
34 1.237940e-04
35 1.234720e-04
36 1.231420e-04
37 1.228040e-04
38 1.224580e-04
39 1.221050e-04
40 1.217430e-04
41 1.213730e-04
42 1.209940e-04
43 1.206060e-04
44 1.202100e-04
45 1.198320e-04
46 1.194670e-04
47 1.190940e-04
48 1.187120e-04
49 1.183220e-04
50 1.179220e-04
51 1.175130e-04
52 1.170940e-04
53 1.166660e-04
54 1.162280e-04
55 1.158080e-04
56 1.155000e-04
57 1.151990e-04
58 1.148900e-04
59 1.145750e-04
60 1.142520e-04
61 1.139220e-04
62 1.135840e-04
63 1.132380e-04
64 1.128840e-04
65 1.125220e-04
66 1.121510e-04
67 1.117720e-04
68 1.113830e-04
69 1.109860e-04
70 1.105810e-04
71 1.102500e-04
72 1.099690e-04
73 1.096820e-04
74 1.093880e-04
75 1.090870e-04
76 1.087790e-04
77 1.084640e-04
78 1.081420e-04
79 1.078120e-04
80 1.074750e-04
81 1.071300e-04
82 1.067760e-04
83 1.064150e-04
84 1.060450e-04
85 1.056660e-04
86 1.052780e-04
87 1.048820e-04
88 1.044890e-04
89 1.041660e-04
90 1.038490e-04
91 1.035240e-04
92 1.031920e-04
93 1.028520e-04
94 1.025050e-04
95 1.021490e-04
96 1.017850e-04
97 1.014120e-04
98 1.010310e-04
99 1.006410e-04
100 1.002420e-04
101 1.000380e-04
102 1.000360e-04
103 1.000340e-04
104 1.000320e-04
105 1.000300e-04
106 1.000280e-04
107 1.000260e-04
108 1.000240e-04
109 1.000220e-04
110 1.000200e-04
111 1.000180e-04
112 1.000160e-04
113 1.000130e-04
114 1.000110e-04
115 1.000080e-04
116 1.000060e-04
117 1.000030e-04
118 1.000010e-04
119 1.000010e-04
120 1.000010e-04
121 1.000010e-04
122 1.000010e-04
123 1.000010e-04
124 1.000010e-04
125 1.000010e-04
126 1.000000e-04
127 1.000010e-04
128 1.000000e-04
129 1.000000e-04
130 1.000000e-04
131 1.000000e-04
132 1.000000e-04
133 1.000000e-04
134 1.000000e-04
135 1.000000e-04
136 1.000000e-04
137 1.000000e-04
138 1.000000e-04
139 1.000000e-04
140 1.000000e-04
141 1.000000e-04
142 1.000000e-04
143 1.000000e-04
144 1.000000e-04
145 1.000000e-04
146 1.000000e-04
147 1.000000e-04
148 1.000000e-04
149 1.000000e-04
150 1.000000e-04
151 1.000000e-04
152 1.000000e-04
153 1.000000e-04
154 1.000000e-04
155 1.000000e-04
156 1.000000e-04
157 1.000000e-04
158 1.000000e-04
159 1.000000e-04
160 1.000000e-04
161 1.000000e-04
162 1.000000e-04
163 1.000000e-04
164 1.000000e-04
165 1.000000e-04
166 1.000000e-04
167 1.000000e-04
168 1.000000e-04
169 1.000000e-04
170 1.000000e-04
171 1.000000e-04
172 1.000000e-04
173 1.000000e-04
174 1.000000e-04
175 1.000000e-04
176 1.000000e-04
177 1.000000e-04
178 1.000000e-04
179 1.000000e-04
180 1.000000e-04
181 1.000000e-04
182 1.000000e-04
183 1.000000e-04
184 1.000000e-04
185 1.000000e-04
186 1.000000e-04
187 1.000000e-04
188 1.000000e-04
189 1.000000e-04
190 1.000000e-04
191 1.000000e-04
192 1.000000e-04
193 1.000000e-04
194 1.000000e-04
195 1.000000e-04
196 1.000000e-04
197 1.000000e-04
198 1.000000e-04
199 1.000000e-04
200 1.000000e-04
201 1.000000e-04
202 1.000000e-04
203 1.000000e-04
204 1.000000e-04
205 1.000000e-04
206 1.000000e-04
207 1.000000e-04
208 1.000000e-04
209 1.000000e-04
210 1.000000e-04
211 1.000000e-04
212 1.000000e-04
213 1.000000e-04
214 1.000000e-04
215 1.000000e-04
216 1.000000e-04
217 1.000000e-04
218 1.000000e-04
219 1.000000e-04
220 1.000000e-04
221 1.000000e-04
222 1.000000e-04
223 1.000000e-04
224 1.000000e-04
225 1.000000e-04
226 1.000000e-04
227 1.000000e-04
228 1.000000e-04
229 1.000000e-04
230 1.000000e-04
231 1.000000e-04
232 1.000000e-04
233 1.000000e-04
234 1.000000e-04
235 1.000000e-04
236 1.000000e-04
237 1.000000e-04
238 1.000000e-04
239 1.000000e-04
240 1.000000e-04
241 1.000000e-04
242 1.000000e-04
243 1.000000e-04
244 1.000000e-04
245 1.000000e-04
246 1.000000e-04
247 1.000000e-04
248 1.000000e-04
249 1.000000e-04
250 1.000000e-04
251 1.000000e-04
252 1.000000e-04
253 1.000000e-04
254 1.000000e-04
255 1.000000e-04
256 1.000000e-04
257 1.000000e-04
258 1.000000e-04
259 1.000000e-04
260 1.000000e-04
261 1.000000e-04
262 1.000000e-04
263 1.000000e-04
264 1.000000e-04
265 1.000000e-04
266 1.000000e-04
267 1.000000e-04
268 1.000000e-04
269 1.000000e-04
270 1.000000e-04
271 1.000000e-04
272 1.000000e-04
273 1.000000e-04
274 1.000000e-04
275 1.000000e-04
276 1.000000e-04
277 1.000000e-04
278 1.000000e-04
279 1.000000e-04
280 1.000000e-04
281 1.000000e-04
282 1.000000e-04
283 1.000000e-04
284 1.000000e-04
285 1.000000e-04
286 1.000000e-04
287 1.000000e-04
288 1.000000e-04
289 1.000000e-04
290 1.000000e-04
291 1.000000e-04
292 1.000000e-04
293 1.000000e-04
294 1.000000e-04
295 1.000000e-04
296 1.000000e-04
297 1.000000e-04
298 1.000000e-04
299 1.000000e-04
300 1.000000e-04
301 1.000000e-04
302 1.000000e-04
303 1.000000e-04
304 1.000000e-04
305 1.000000e-04
306 1.000000e-04
307 1.000000e-04
308 1.000000e-04
309 1.000000e-04
310 1.000000e-04
311 1.000000e-04
312 1.000000e-04
313 1.000000e-04
314 1.000000e-04
315 1.000000e-04
316 1.000000e-04
317 1.000000e-04
318 1.000000e-04
319 1.000000e-04
320 1.000000e-04
321 1.000000e-04
322 1.000000e-04
323 1.000000e-04
324 1.000000e-04
325 1.000000e-04
326 1.000000e-04
327 1.000000e-04
328 1.000000e-04
329 1.000000e-04
330 1.000000e-04
331 1.000000e-04
332 1.000000e-04
333 1.000000e-04
334 1.000000e-04
335 1.000000e-04
336 1.000000e-04
337 1.000000e-04
338 1.000000e-04
339 1.000000e-04
340 1.000000e-04
341 1.000000e-04
342 1.000000e-04
343 1.000000e-04
344 1.000000e-04
345 1.000000e-04
346 1.000000e-04
347 1.000000e-04
348 1.000000e-04
349 1.000000e-04
350 1.000000e-04
351 1.000000e-04
352 1.000000e-04
353 1.000000e-04
354 1.000000e-04
355 1.000000e-04
356 1.000000e-04
357 1.000000e-04
358 1.000000e-04
359 1.000000e-04
360 1.000000e-04
361 1.000000e-04
362 1.000000e-04
363 1.000000e-04
364 1.000000e-04
365 1.000000e-04
366 1.000000e-04
367 1.000000e-04
368 1.000000e-04
369 1.000000e-04
370 1.000000e-04
371 1.000000e-04
372 1.000000e-04
373 1.000000e-04
374 1.000000e-04
375 1.000000e-04
376 1.000000e-04
377 1.000000e-04
378 1.000000e-04
379 1.000000e-04
380 1.000000e-04
381 1.000000e-04
382 1.000000e-04
383 1.000000e-04
384 1.000000e-04
385 1.000000e-04
386 1.000000e-04
387 1.000000e-04
388 1.000000e-04
389 1.000000e-04
390 1.000000e-04
391 1.000000e-04
392 1.000000e-04
393 1.000000e-04
394 1.000000e-04
395 1.000000e-04
396 1.000000e-04
397 1.000000e-04
398 1.000000e-04
399 1.000000e-04
400 1.000000e-04
401 1.000000e-04
402 1.000000e-04
403 1.000000e-04
404 1.000000e-04
405 1.000000e-04
406 1.000000e-04
407 1.000000e-04
408 1.000000e-04
409 1.000000e-04
410 1.000000e-04
411 1.000000e-04
412 1.000000e-04
413 1.000000e-04
414 1.000000e-04
415 1.000000e-04
416 1.000000e-04
417 1.000000e-04
418 1.000000e-04
419 1.000000e-04
420 1.000000e-04
421 1.000000e-04
422 1.000000e-04
423 1.000000e-04
424 1.000000e-04
425 1.000000e-04
426 1.000000e-04
427 1.000000e-04
428 1.000000e-04
429 1.000000e-04
430 1.000000e-04
431 1.000000e-04
432 1.000000e-04
433 1.000000e-04
434 1.000000e-04
435 1.000000e-04
436 1.000000e-04
437 1.000000e-04
438 1.000000e-04
439 1.000000e-04
440 1.000000e-04
441 1.000000e-04
442 1.000000e-04
443 1.000000e-04
444 1.000000e-04
445 1.000000e-04
446 1.000000e-04
447 1.000000e-04
448 1.000000e-04
449 1.000000e-04
450 1.000000e-04
451 1.000000e-04
452 1.000000e-04
453 1.000000e-04
454 1.000000e-04
455 1.000000e-04
456 1.000000e-04
457 1.000000e-04
458 1.000000e-04
459 1.000000e-04
460 1.000000e-04
461 1.000000e-04
462 1.000000e-04
463 1.000000e-04
464 1.000000e-04
465 1.000000e-04
466 1.000000e-04
467 1.000000e-04
468 1.000000e-04
469 1.000000e-04
470 1.000000e-04
471 1.000000e-04
472 1.000000e-04
473 1.000000e-04
474 1.000000e-04
475 1.000000e-04
476 1.000000e-04
477 1.000000e-04
478 1.000000e-04
479 1.000000e-04
480 1.000000e-04
481 1.000000e-04
482 1.000000e-04
483 1.000000e-04
484 1.000000e-04
485 1.000000e-04
486 1.000000e-04
487 1.000000e-04
488 1.000000e-04
489 1.000000e-04
490 1.000000e-04
491 1.000000e-04
492 1.000000e-04
493 1.000000e-04
494 1.000000e-04
495 1.000000e-04
496 1.000000e-04
497 1.000000e-04
498 1.000000e-04
499 1.000000e-04
500 1.000000e-04
