1 7.461480e-02
2 7.461480e-02
3 7.461480e-02
4 7.461480e-02
5 7.461480e-02
6 7.461480e-02
7 7.461480e-02
8 7.461480e-02
9 7.461480e-02
10 7.461480e-02
11 7.461480e-02
12 7.461480e-02
13 7.461480e-02
14 7.461480e-02
15 7.461480e-02
16 7.461480e-02
17 7.461480e-02
18 7.461480e-02
19 7.461480e-02
20 7.461480e-02
21 7.461480e-02
22 7.461480e-02
23 7.461480e-02
24 7.461480e-02
25 7.461480e-02
26 7.461480e-02
27 7.461480e-02
28 7.461480e-02
29 7.461480e-02
30 7.461480e-02
31 7.461480e-02
32 7.461480e-02
33 7.461480e-02
34 7.461480e-02
35 7.461480e-02
36 7.461480e-02
37 7.461480e-02
38 7.461480e-02
39 7.461480e-02
40 7.461480e-02
41 7.461480e-02
42 7.461480e-02
43 7.461480e-02
44 7.461480e-02
45 7.461480e-02
46 7.461480e-02
47 7.461480e-02
48 7.461480e-02
49 7.461480e-02
50 7.461480e-02
51 7.461480e-02
52 7.461480e-02
53 7.461480e-02
54 7.461480e-02
55 7.461480e-02
56 7.461480e-02
57 7.461480e-02
58 7.461480e-02
59 7.461480e-02
60 7.461480e-02
61 7.461480e-02
62 7.461480e-02
63 7.461480e-02
64 7.461480e-02
65 7.461480e-02
66 7.461480e-02
67 7.461480e-02
68 7.461480e-02
69 7.461480e-02
70 7.461480e-02
71 7.461480e-02
72 7.461480e-02
73 7.461480e-02
74 7.461480e-02
75 7.461480e-02
76 7.461480e-02
77 7.461480e-02
78 7.461480e-02
79 7.461480e-02
80 7.461480e-02
81 7.461480e-02
82 7.461480e-02
83 7.461480e-02
84 7.461480e-02
85 7.461480e-02
86 7.461480e-02
87 7.461480e-02
88 7.461480e-02
89 7.461480e-02
90 7.461480e-02
91 7.461480e-02
92 7.461480e-02
93 7.461480e-02
94 7.461480e-02
95 7.461480e-02
96 7.461480e-02
97 7.461480e-02
98 7.461480e-02
99 7.461480e-02
100 7.461480e-02
101 7.461480e-02
102 7.461480e-02
103 7.461480e-02
104 7.461480e-02
105 7.461480e-02
106 7.461480e-02
107 7.461480e-02
108 7.461480e-02
109 7.461480e-02
110 7.461480e-02
111 7.461480e-02
112 7.461480e-02
113 7.461480e-02
114 7.461480e-02
115 7.461480e-02
116 7.461480e-02
117 7.461480e-02
118 7.461480e-02
119 7.461480e-02
120 7.461480e-02
121 7.461480e-02
122 7.461480e-02
123 7.461480e-02
124 7.461480e-02
125 7.461480e-02
126 7.461480e-02
127 7.461480e-02
128 7.461480e-02
129 7.461480e-02
130 7.461480e-02
131 7.461480e-02
132 7.461480e-02
133 7.461480e-02
134 7.461480e-02
135 7.461480e-02
136 7.461480e-02
137 7.461480e-02
138 7.461480e-02
139 7.461480e-02
140 7.461480e-02
141 7.461480e-02
142 7.461480e-02
143 7.461480e-02
144 7.461480e-02
145 7.461480e-02
146 7.461480e-02
147 7.461480e-02
148 7.461480e-02
149 7.461480e-02
150 7.461480e-02
151 7.461480e-02
152 7.461480e-02
153 7.461480e-02
154 7.461480e-02
155 7.461480e-02
156 7.461480e-02
157 7.461480e-02
158 7.461480e-02
159 7.461480e-02
160 7.461480e-02
161 7.461480e-02
162 7.461480e-02
163 7.461480e-02
164 7.461480e-02
165 7.461480e-02
166 7.461480e-02
167 7.461480e-02
168 7.461480e-02
169 7.461480e-02
170 7.461480e-02
171 7.461480e-02
172 7.461480e-02
173 7.461480e-02
174 7.461480e-02
175 7.461480e-02
176 7.461480e-02
177 7.461480e-02
178 7.461480e-02
179 7.461480e-02
180 7.461480e-02
181 7.461480e-02
182 7.461480e-02
183 7.461480e-02
184 7.461480e-02
185 7.461480e-02
186 7.461480e-02
187 7.461480e-02
188 7.461480e-02
189 7.461480e-02
190 7.461480e-02
191 7.461480e-02
192 7.461480e-02
193 7.461480e-02
194 7.461480e-02
195 7.461480e-02
196 7.461480e-02
197 7.461480e-02
198 7.461480e-02
199 7.461480e-02
200 7.461480e-02
201 7.461480e-02
202 7.461480e-02
203 7.461480e-02
204 7.461480e-02
205 7.461480e-02
206 7.461480e-02
207 7.461480e-02
208 7.461480e-02
209 7.461480e-02
210 7.461480e-02
211 7.461480e-02
212 7.461480e-02
213 7.461480e-02
214 7.461480e-02
215 7.461480e-02
216 7.461480e-02
217 7.461480e-02
218 7.461480e-02
219 7.461480e-02
220 7.461480e-02
221 7.461480e-02
222 7.461480e-02
223 7.461480e-02
224 7.461480e-02
225 7.461480e-02
226 7.461480e-02
227 7.461480e-02
228 7.461480e-02
229 7.461480e-02
230 7.461480e-02
231 7.461480e-02
232 7.461480e-02
233 7.461480e-02
234 7.461480e-02
235 7.461480e-02
236 7.461480e-02
237 7.461480e-02
238 7.461480e-02
239 7.461480e-02
240 7.461480e-02
241 7.461480e-02
242 7.461480e-02
243 7.461480e-02
244 7.461480e-02
245 7.461480e-02
246 7.461480e-02
247 7.461480e-02
248 7.461480e-02
249 7.461480e-02
250 7.461480e-02
251 7.461480e-02
252 7.461480e-02
253 7.461480e-02
254 7.461480e-02
255 7.461480e-02
256 7.461480e-02
257 7.461480e-02
258 7.461480e-02
259 7.461480e-02
260 7.461480e-02
261 7.461480e-02
262 7.461480e-02
263 7.461480e-02
264 7.461480e-02
265 7.461480e-02
266 7.461480e-02
267 7.461480e-02
268 7.461480e-02
269 7.461480e-02
270 7.461480e-02
271 7.461800e-02
272 7.462350e-02
273 7.462920e-02
274 7.463500e-02
275 7.464090e-02
276 7.464690e-02
277 7.465310e-02
278 7.465950e-02
279 7.466600e-02
280 7.467260e-02
281 7.467940e-02
282 7.468630e-02
283 7.469340e-02
284 7.470070e-02
285 7.470810e-02
286 7.471570e-02
287 7.472350e-02
288 7.473150e-02
289 7.473960e-02
290 7.474800e-02
291 7.475660e-02
292 7.476530e-02
293 7.477420e-02
294 7.478340e-02
295 7.479280e-02
296 7.480240e-02
297 7.481210e-02
298 7.482220e-02
299 7.483250e-02
300 7.484300e-02
301 7.485370e-02
302 7.486470e-02
303 7.487600e-02
304 7.488750e-02
305 7.489930e-02
306 7.491130e-02
307 7.492380e-02
308 7.493630e-02
309 7.494930e-02
310 7.496250e-02
311 7.497600e-02
312 7.498990e-02
313 7.500410e-02
314 7.501860e-02
315 7.503350e-02
316 7.504860e-02
317 7.506420e-02
318 7.508010e-02
319 7.509630e-02
320 7.511300e-02
321 7.513010e-02
322 7.514750e-02
323 7.516540e-02
324 7.518360e-02
325 7.520230e-02
326 7.522140e-02
327 7.524100e-02
328 7.526100e-02
329 7.528150e-02
330 7.530250e-02
331 7.532390e-02
332 7.534590e-02
333 7.536840e-02
334 7.539130e-02
335 7.541490e-02
336 7.543890e-02
337 7.631650e-02
338 7.883380e-02
339 8.144780e-02
340 8.412280e-02
341 8.686080e-02
342 8.966180e-02
343 9.252800e-02
344 9.546100e-02
345 9.846230e-02
346 1.015340e-01
347 1.046760e-01
348 1.077560e-01
349 1.085630e-01
350 1.085380e-01
351 1.085120e-01
352 1.084860e-01
353 1.084590e-01
354 1.084310e-01
355 1.084030e-01
356 1.083740e-01
357 1.083440e-01
358 1.083140e-01
359 1.082830e-01
360 1.082510e-01
361 1.082190e-01
362 1.081860e-01
363 1.081520e-01
364 1.081170e-01
365 1.080810e-01
366 1.080450e-01
367 1.080080e-01
368 1.079700e-01
369 1.079310e-01
370 1.078910e-01
371 1.078500e-01
372 1.078080e-01
373 1.077650e-01
374 1.077210e-01
375 1.059640e-01
376 1.008360e-01
377 9.554910e-02
378 9.009740e-02
379 8.449990e-02
380 9.474800e-02
381 1.169340e-01
382 1.194040e-01
383 1.218770e-01
384 1.243990e-01
385 1.269750e-01
386 1.296110e-01
387 1.338000e-01
388 1.429920e-01
389 1.527670e-01
390 1.627650e-01
391 1.734260e-01
392 1.830600e-01
393 1.948730e-01
394 2.070490e-01
395 2.195090e-01
396 2.322540e-01
397 2.451510e-01
398 2.502670e-01
399 2.508240e-01
400 2.513940e-01
401 2.519770e-01
402 2.525740e-01
403 2.531850e-01
404 2.538100e-01
405 2.544480e-01
406 2.550780e-01
407 2.553550e-01
408 2.555130e-01
409 2.556740e-01
410 2.558400e-01
411 2.560090e-01
412 2.561820e-01
413 2.563590e-01
414 2.565400e-01
415 2.567260e-01
416 2.569160e-01
417 2.571100e-01
418 2.573090e-01
419 2.575120e-01
420 2.577210e-01
421 2.579340e-01
422 2.578370e-01
423 2.507690e-01
424 2.406500e-01
425 2.302960e-01
426 2.196880e-01
427 2.088280e-01
428 1.977310e-01
429 1.863760e-01
430 1.759550e-01
431 1.664950e-01
432 1.568390e-01
433 1.469600e-01
434 1.368500e-01
435 1.265040e-01
436 1.161330e-01
437 1.060490e-01
438 9.575060e-02
439 8.530600e-02
440 9.122620e-02
441 1.091470e-01
442 1.470170e-01
443 2.992190e-01
444 4.547090e-01
445 4.841540e-01
446 4.799800e-01
447 4.757340e-01
448 4.713870e-01
449 4.669300e-01
450 4.623600e-01
451 4.576990e-01
452 4.529310e-01
453 4.480450e-01
454 4.430470e-01
455 4.379340e-01
456 4.327020e-01
457 4.273480e-01
458 4.218720e-01
459 4.162620e-01
460 4.105270e-01
461 4.046640e-01
462 4.084030e-01
463 4.393140e-01
464 4.721340e-01
465 5.056440e-01
466 5.322750e-01
467 5.349230e-01
468 5.358390e-01
469 5.367770e-01
470 5.377510e-01
471 5.404350e-01
472 5.443430e-01
473 5.483420e-01
474 5.524340e-01
475 5.581250e-01
476 5.656830e-01
477 5.734210e-01
478 5.797690e-01
479 5.840800e-01
480 5.884780e-01
481 5.929770e-01
482 5.981390e-01
483 6.050020e-01
484 6.121200e-01
485 6.194030e-01
486 6.269210e-01
487 6.347100e-01
488 6.417940e-01
489 6.435180e-01
490 6.443310e-01
491 6.460400e-01
492 6.504250e-01
493 6.550720e-01
494 6.597730e-01
495 6.645780e-01
496 6.694910e-01
497 6.740010e-01
498 6.781890e-01
499 6.809750e-01
500 6.831600e-01
