1 3.99699E1
2 3.56617E1
3 3.17663E1
4 2.82983E1
5 2.52363E1
6 2.24928E1
7 2.00461E1
8 1.78599E1
9 1.59229E1
10 1.41884E1
11 1.26423E1
12 1.12704E1
13 1.00424E1
14 8.95076E0
15 7.9749E0
16 7.10805E0
17 6.33472E0
18 5.64416E0
19 5.03238E0
20 4.48462E0
21 3.9969E0
22 3.56385E0
23 3.1757E0
24 2.82934E0
25 2.52071E0
26 2.24793E0
27 2.0039E0
28 1.78474E0
29 1.59137E0
30 1.41935E0
31 1.26714E0
32 1.12782E0
33 1.00553E0
34 8.97438E-1
35 8.00026E-1
36 7.13132E-1
37 6.37233E-1
38 5.69547E-1
39 5.06473E-1
40 4.51066E-1
