1 1.32634E1
2 1.20206E1
3 1.09174E1
4 9.95762E0
5 9.13371E0
6 8.42067E0
7 7.81078E0
8 7.29236E0
9 6.86003E0
10 6.49861E0
11 6.20135E0
12 5.96053E0
13 5.76496E0
14 5.6087E0
15 5.48352E0
16 5.38429E0
17 5.3053E0
18 5.24232E0
19 5.19265E0
20 5.15295E0
21 5.12145E0
22 5.09656E0
23 5.07665E0
24 5.06087E0
25 5.04835E0
26 5.03844E0
27 5.03052E0
28 5.02423E0
29 5.01935E0
30 5.01552E0
31 5.01224E0
32 5.0097E0
33 5.00778E0
34 5.00619E0
35 5.00489E0
36 5.00389E0
37 5.00313E0
38 5.00249E0
39 5.00197E0
40 5.00155E0
