1 3.99594E1
2 3.5652E1
3 3.17574E1
4 2.82901E1
5 2.5229E1
6 2.24865E1
7 2.0041E1
8 1.78564E1
9 1.59213E1
10 1.41889E1
11 1.2645E1
12 1.12749E1
13 1.00477E1
14 8.95522E0
15 7.97689E0
16 7.10705E0
17 6.33201E0
18 5.6421E0
19 5.03252E0
20 4.4856E0
21 3.99618E0
22 3.56336E0
23 3.17702E0
24 2.82973E0
25 2.51998E0
26 2.24718E0
27 2.00506E0
28 1.78971E0
29 1.59345E0
30 1.42595E0
31 1.26671E0
32 1.1276E0
33 1.00932E0
34 9.00582E-1
35 8.0015E-1
36 7.13548E-1
37 6.38703E-1
38 5.70083E-1
39 5.068E-1
40 4.50427E-1
