1 3.99649E1
2 3.56575E1
3 3.17629E1
4 2.82956E1
5 2.52343E1
6 2.24915E1
7 2.00455E1
8 1.78599E1
9 1.59236E1
10 1.41896E1
11 1.26439E1
12 1.12722E1
13 1.00441E1
14 8.9519E0
15 7.97528E0
16 7.10767E0
17 6.33396E0
18 5.64361E0
19 5.03232E0
20 4.48469E0
21 3.99671E0
22 3.56384E0
23 3.17613E0
24 2.82952E0
25 2.52034E0
26 2.24772E0
27 2.00432E0
28 1.78465E0
29 1.59393E0
30 1.42646E0
31 1.26706E0
32 1.12804E0
33 1.01006E0
34 9.01384E-1
35 8.00803E-1
36 7.14169E-1
37 6.39357E-1
38 5.70699E-1
39 5.07283E-1
40 4.50803E-1
