1 3.99695E1
2 3.5661E1
3 3.17654E1
4 2.82972E1
5 2.52349E1
6 2.24912E1
7 2.00443E1
8 1.7858E1
9 1.59209E1
10 1.41863E1
11 1.26403E1
12 1.12687E1
13 1.00412E1
14 8.95004E0
15 7.97478E0
16 7.1084E0
17 6.33531E0
18 5.64469E0
19 5.0327E0
20 4.48478E0
21 3.99694E0
22 3.56363E0
23 3.17525E0
24 2.82924E0
25 2.52116E0
26 2.24806E0
27 2.00346E0
28 1.78492E0
29 1.59164E0
30 1.41895E0
31 1.26351E0
32 1.12652E0
33 1.00544E0
34 8.97262E-1
35 8.00261E-1
36 7.13386E-1
37 6.37158E-1
38 5.69681E-1
39 5.06495E-1
40 4.49914E-1
