1 7.009E-3
2 7.009E-3
3 7.009E-3
4 7.009E-3
5 7.009E-3
6 7.009E-3
7 7.009E-3
8 7.009E-3
9 7.009E-3
10 7.009E-3
11 7.009E-3
12 7.009E-3
13 7.009E-3
14 7.009E-3
15 7.009E-3
16 7.009E-3
17 7.009E-3
18 7.009E-3
19 7.009E-3
20 7.009E-3
21 7.009E-3
22 7.009E-3
23 7.009E-3
24 7.009E-3
25 7.009E-3
26 7.009E-3
27 7.009E-3
28 7.009E-3
29 7.009E-3
30 7.009E-3
31 7.009E-3
32 7.009E-3
33 7.009E-3
34 7.009E-3
35 7.009E-3
36 7.009E-3
37 7.009E-3
38 7.009E-3
39 7.009E-3
40 7.009E-3
