1 1 3.44915E-1
1 2 1.28001E-1
1 3 1.70333E-1
1 4 2.05161E-1
1 5 2.58006E-1
1 6 3.20007E-1
1 7 3.93467E-1
1 8 4.83431E-1
1 9 5.85998E-1
1 10 7.09683E-1
1 11 8.45644E-1
1 12 9.94875E-1
1 13 1.14933E0
1 14 1.30231E0
1 15 1.43145E0
1 16 1.52329E0
1 17 1.55038E0
1 18 1.4937E0
1 19 1.34249E0
1 20 1.10807E0
1 21 8.20048E-1
1 22 5.30096E-1
1 23 2.88992E-1
1 24 1.27372E-1
1 25 4.30702E-2
1 26 1.04637E-2
1 27 1.68513E-3
1 28 1.62843E-4
1 29 9.78579E-6
1 30 1.14009E-6
1 31 0E0
1 32 0E0
1 33 0E0
1 34 0E0
1 35 0E0
1 36 0E0
1 37 0E0
1 38 0E0
1 39 0E0
1 40 0E0
2 1 2.76149E-1
2 2 1.09873E-1
2 3 1.50626E-1
2 4 1.84067E-1
2 5 2.3176E-1
2 6 2.87476E-1
2 7 3.535E-1
2 8 4.34371E-1
2 9 5.266E-1
2 10 6.37879E-1
2 11 7.60235E-1
2 12 8.94676E-1
2 13 1.03394E0
2 14 1.17207E0
2 15 1.28899E0
2 16 1.37267E0
2 17 1.3983E0
2 18 1.34865E0
2 19 1.2138E0
2 20 1.0036E0
2 21 7.4427E-1
2 22 4.82402E-1
2 23 2.63855E-1
2 24 1.16767E-1
2 25 3.96808E-2
2 26 9.69944E-3
2 27 1.57365E-3
2 28 1.53447E-4
2 29 9.30418E-6
2 30 1.08784E-6
2 31 0E0
2 32 0E0
2 33 0E0
2 34 0E0
2 35 0E0
2 36 0E0
2 37 0E0
2 38 0E0
2 39 0E0
2 40 0E0
3 1 2.1793E-1
3 2 9.08969E-2
3 3 1.29351E-1
3 4 1.63378E-1
3 5 2.08118E-1
3 6 2.58306E-1
3 7 3.17665E-1
3 8 3.90393E-1
3 9 4.73369E-1
3 10 5.7353E-1
3 11 6.83737E-1
3 12 8.04947E-1
3 13 9.30646E-1
3 14 1.05556E0
3 15 1.16165E0
3 16 1.23814E0
3 17 1.26268E0
3 18 1.21948E0
3 19 1.09942E0
3 20 9.11005E-1
3 21 6.77376E-1
3 22 4.40497E-1
3 23 2.4192E-1
3 24 1.07599E-1
3 25 3.67908E-2
3 26 9.06091E-3
3 27 1.48346E-3
3 28 1.46248E-4
3 29 8.96616E-6
3 30 1.05278E-6
3 31 0E0
3 32 0E0
3 33 0E0
3 34 0E0
3 35 0E0
3 36 0E0
3 37 0E0
3 38 0E0
3 39 0E0
3 40 0E0
4 1 1.6828E-1
4 2 7.20866E-2
4 3 1.06595E-1
4 4 1.40826E-1
4 5 1.85713E-1
4 6 2.32546E-1
4 7 2.86095E-1
4 8 3.51654E-1
4 9 4.2649E-1
4 10 5.16878E-1
4 11 6.16433E-1
4 12 7.26005E-1
4 13 8.39864E-1
4 14 9.53254E-1
4 15 1.04994E0
4 16 1.12025E0
4 17 1.14406E0
4 18 1.10679E0
4 19 9.99929E-1
4 20 8.30747E-1
4 21 6.19752E-1
4 22 4.0465E-1
4 23 2.23352E-1
4 24 9.99517E-2
4 25 3.4433E-2
4 26 8.55767E-3
4 27 1.41645E-3
4 28 1.41479E-4
4 29 8.7889E-6
4 30 1.03703E-6
4 31 0E0
4 32 0E0
4 33 0E0
4 34 0E0
4 35 0E0
4 36 0E0
4 37 0E0
4 38 0E0
4 39 0E0
4 40 0E0
5 1 1.33887E-1
5 2 5.67809E-2
5 3 8.48094E-2
5 4 1.16035E-1
5 5 1.60877E-1
5 6 2.08831E-1
5 7 2.58553E-1
5 8 3.1789E-1
5 9 3.85643E-1
5 10 4.67537E-1
5 11 5.5783E-1
5 12 6.57334E-1
5 13 7.60959E-1
5 14 8.64428E-1
5 15 9.53079E-1
5 16 1.01822E0
5 17 1.04163E0
5 18 1.00978E0
5 19 9.14649E-1
5 20 7.62327E-1
5 21 5.70992E-1
5 22 3.74633E-1
5 23 2.08039E-1
5 24 9.37861E-2
5 25 3.25987E-2
5 26 8.18941E-3
5 27 1.37301E-3
5 28 1.3925E-4
5 29 8.78131E-6
5 30 1.04196E-6
5 31 0E0
5 32 0E0
5 33 0E0
5 34 0E0
5 35 0E0
5 36 0E0
5 37 0E0
5 38 0E0
5 39 0E0
5 40 0E0
6 1 1.04612E-1
6 2 4.41572E-2
6 3 6.60974E-2
6 4 9.14557E-2
6 5 1.31818E-1
6 6 1.81667E-1
6 7 2.33326E-1
6 8 2.88159E-1
6 9 3.49701E-1
6 10 4.24138E-1
6 11 5.06313E-1
6 12 5.97044E-1
6 13 6.91734E-1
6 14 7.86618E-1
6 15 8.684E-1
6 16 9.2924E-1
6 17 9.52571E-1
6 18 9.25799E-1
6 19 8.41252E-1
6 20 7.03906E-1
6 21 5.29806E-1
6 22 3.49682E-1
6 23 1.95617E-1
6 24 8.89756E-2
6 25 3.12614E-2
6 26 7.95554E-3
6 27 1.35442E-3
6 28 1.39885E-4
6 29 8.97703E-6
6 30 1.07218E-6
6 31 0E0
6 32 0E0
6 33 0E0
6 34 0E0
6 35 0E0
6 36 0E0
6 37 0E0
6 38 0E0
6 39 0E0
6 40 0E0
7 1 7.87862E-2
7 2 3.31849E-2
7 3 5.02827E-2
7 4 7.02773E-2
7 5 1.02658E-1
7 6 1.47835E-1
7 7 2.0406E-1
7 8 2.61561E-1
7 9 3.18402E-1
7 10 3.86376E-1
7 11 4.61531E-1
7 12 5.44669E-1
7 13 6.31696E-1
7 14 7.19279E-1
7 15 7.95304E-1
7 16 8.52667E-1
7 17 8.76228E-1
7 18 8.5424E-1
7 19 7.79194E-1
7 20 6.55082E-1
7 21 4.9593E-1
7 22 3.29676E-1
7 23 1.86047E-1
7 24 8.55273E-2
7 25 3.04367E-2
7 26 7.86494E-3
7 27 1.36349E-3
7 28 1.43857E-4
7 29 9.42178E-6
7 30 1.13371E-6
7 31 0E0
7 32 0E0
7 33 0E0
7 34 0E0
7 35 0E0
7 36 0E0
7 37 0E0
7 38 0E0
7 39 0E0
7 40 0E0
8 1 6.01149E-2
8 2 2.53433E-2
8 3 3.8441E-2
8 4 5.38842E-2
8 5 7.89222E-2
8 6 1.14461E-1
8 7 1.64957E-1
8 8 2.29966E-1
8 9 2.90738E-1
8 10 3.53617E-1
8 11 4.22732E-1
8 12 4.99366E-1
8 13 5.79882E-1
8 14 6.61296E-1
8 15 7.326E-1
8 16 7.87283E-1
8 17 8.11438E-1
8 18 7.94032E-1
8 19 7.27612E-1
8 20 6.15203E-1
8 21 4.68998E-1
8 22 3.14455E-1
8 23 1.79309E-1
8 24 8.34725E-2
8 25 3.01563E-2
8 26 7.93296E-3
8 27 1.40462E-3
8 28 1.51897E-4
8 29 1.01826E-5
8 30 1.23564E-6
8 31 0E0
8 32 0E0
8 33 0E0
8 34 0E0
8 35 0E0
8 36 0E0
8 37 0E0
8 38 0E0
8 39 0E0
8 40 0E0
9 1 4.76977E-2
9 2 1.96914E-2
9 3 2.93716E-2
9 4 4.08979E-2
9 5 6.01725E-2
9 6 8.76604E-2
9 7 1.27071E-1
9 8 1.85088E-1
9 9 2.57486E-1
9 10 3.25246E-1
9 11 3.89582E-1
9 12 4.60769E-1
9 13 5.35861E-1
9 14 6.12234E-1
9 15 6.79849E-1
9 16 7.32695E-1
9 17 7.57845E-1
9 18 7.44978E-1
9 19 6.86461E-1
9 20 5.84391E-1
9 21 4.49226E-1
9 22 3.0427E-1
9 23 1.75646E-1
9 24 8.29813E-2
9 25 3.05068E-2
9 26 8.1918E-3
9 27 1.48564E-3
9 28 1.65159E-4
9 29 1.13549E-5
9 30 1.39014E-6
9 31 0E0
9 32 0E0
9 33 0E0
9 34 0E0
9 35 0E0
9 36 0E0
9 37 0E0
9 38 0E0
9 39 0E0
9 40 0E0
10 1 3.58883E-2
10 2 1.48097E-2
10 3 2.2196E-2
10 4 3.09849E-2
10 5 4.55774E-2
10 6 6.65299E-2
10 7 9.6633E-2
10 8 1.41266E-1
10 9 2.05632E-1
10 10 2.90016E-1
10 11 3.61238E-1
10 12 4.28096E-1
10 13 4.98751E-1
10 14 5.71119E-1
10 15 6.35948E-1
10 16 6.87717E-1
10 17 7.14285E-1
10 18 7.05934E-1
10 19 6.54746E-1
10 20 5.61863E-1
10 21 4.36164E-1
10 22 2.98932E-1
10 23 1.75045E-1
10 24 8.41235E-2
10 25 3.1558E-2
10 26 8.67735E-3
10 27 1.61777E-3
10 28 1.85651E-4
10 29 1.3137E-5
10 30 1.62423E-6
10 31 0E0
10 32 0E0
10 33 0E0
10 34 0E0
10 35 0E0
10 36 0E0
10 37 0E0
10 38 0E0
10 39 0E0
10 40 0E0
11 1 2.63015E-2
11 2 1.08628E-2
11 3 1.62525E-2
11 4 2.26512E-2
11 5 3.337E-2
11 6 4.90845E-2
11 7 7.19436E-2
11 8 1.05845E-1
11 9 1.54994E-1
11 10 2.29592E-1
11 11 3.24778E-1
11 12 4.01161E-1
11 13 4.68475E-1
11 14 5.37841E-1
11 15 6.00829E-1
11 16 6.52326E-1
11 17 6.80799E-1
11 18 6.77016E-1
11 19 6.32679E-1
11 20 5.47966E-1
11 21 4.30201E-1
11 22 2.98884E-1
11 23 1.77914E-1
11 24 8.71998E-2
11 25 3.34813E-2
11 26 9.46139E-3
11 27 1.82121E-3
11 28 2.1687E-4
11 29 1.55888E-5
11 30 1.56299E-6
11 31 0E0
11 32 0E0
11 33 0E0
11 34 0E0
11 35 0E0
11 36 0E0
11 37 0E0
11 38 0E0
11 39 0E0
11 40 0E0
12 1 2.02417E-2
12 2 8.34434E-3
12 3 1.24297E-2
12 4 1.71907E-2
12 5 2.50263E-2
12 6 3.62381E-2
12 7 5.28569E-2
12 8 7.82712E-2
12 9 1.15319E-1
12 10 1.7161E-1
12 11 2.55301E-1
12 12 3.63887E-1
12 13 4.43901E-1
12 14 5.11279E-1
12 15 5.73366E-1
12 16 6.25505E-1
12 17 6.56632E-1
12 18 6.57689E-1
12 19 6.20146E-1
12 20 5.42984E-1
12 21 4.31943E-1
12 22 3.04892E-1
12 23 1.84948E-1
12 24 9.27029E-2
12 25 3.65416E-2
12 26 1.06457E-2
12 27 2.12234E-3
12 28 2.63029E-4
12 29 1.90065E-5
12 30 1.06571E-6
12 31 0E0
12 32 0E0
12 33 0E0
12 34 0E0
12 35 0E0
12 36 0E0
12 37 0E0
12 38 0E0
12 39 0E0
12 40 0E0
13 1 1.37725E-2
13 2 5.69352E-3
13 3 8.49259E-3
13 4 1.1751E-2
13 5 1.71491E-2
13 6 2.50626E-2
13 7 3.69039E-2
13 8 5.52185E-2
13 9 8.26433E-2
13 10 1.24594E-1
13 11 1.87192E-1
13 12 2.82889E-1
13 13 4.07323E-1
13 14 4.92324E-1
13 15 5.54466E-1
13 16 6.08069E-1
13 17 6.42459E-1
13 18 6.4856E-1
13 19 6.17588E-1
13 20 5.47256E-1
13 21 4.41723E-1
13 22 3.17338E-1
13 23 1.96604E-1
13 24 1.01066E-1
13 25 4.10511E-2
13 26 1.23895E-2
13 27 2.57448E-3
13 28 3.34895E-4
13 29 2.49307E-5
13 30 1.13131E-6
13 31 0E0
13 32 0E0
13 33 0E0
13 34 0E0
13 35 0E0
13 36 0E0
13 37 0E0
13 38 0E0
13 39 0E0
13 40 0E0
14 1 1.07011E-2
14 2 4.41869E-3
14 3 6.5869E-3
14 4 9.10748E-3
14 5 1.32486E-2
14 6 1.91962E-2
14 7 2.78881E-2
14 8 4.09692E-2
14 9 6.02304E-2
14 10 9.0469E-2
14 11 1.36031E-1
14 12 2.05826E-1
14 13 3.13553E-1
14 14 4.55412E-1
14 15 5.40825E-1
14 16 5.96971E-1
14 17 6.35798E-1
14 18 6.48068E-1
14 19 6.24513E-1
14 20 5.61432E-1
14 21 4.6109E-1
14 22 3.38171E-1
14 23 2.14683E-1
14 24 1.13553E-1
14 25 4.76777E-2
14 26 1.49456E-2
14 27 3.24218E-3
14 28 4.42647E-4
14 29 3.42447E-5
14 30 1.55033E-6
14 31 0E0
14 32 0E0
14 33 0E0
14 34 0E0
14 35 0E0
14 36 0E0
14 37 0E0
14 38 0E0
14 39 0E0
14 40 0E0
15 1 7.46328E-3
15 2 3.08651E-3
15 3 4.6048E-3
15 4 6.37311E-3
15 5 9.27992E-3
15 6 1.34478E-2
15 7 1.95226E-2
15 8 2.87513E-2
15 9 4.25379E-2
15 10 6.40239E-2
15 11 9.646E-2
15 12 1.46438E-1
15 13 2.24055E-1
15 14 3.47154E-1
15 15 5.07633E-1
15 16 5.94621E-1
15 17 6.3882E-1
15 18 6.58182E-1
15 19 6.42523E-1
15 20 5.86847E-1
15 21 4.91246E-1
15 22 3.68602E-1
15 23 2.40439E-1
15 24 1.31287E-1
15 25 5.72226E-2
15 26 1.87306E-2
15 27 4.27064E-3
15 28 6.17244E-4
15 29 5.07482E-5
15 30 2.40386E-6
15 31 0E0
15 32 0E0
15 33 0E0
15 34 0E0
15 35 0E0
15 36 0E0
15 37 0E0
15 38 0E0
15 39 0E0
15 40 0E0
16 1 4.91202E-3
16 2 2.03607E-3
16 3 3.0413E-3
16 4 4.21547E-3
16 5 6.14914E-3
16 6 8.92927E-3
16 7 1.29843E-2
16 8 1.91366E-2
16 9 2.83537E-2
16 10 4.2878E-2
16 11 6.52499E-2
16 12 1.00246E-1
16 13 1.54983E-1
16 14 2.42474E-1
16 15 3.82194E-1
16 16 5.67225E-1
16 17 6.52212E-1
16 18 6.79752E-1
16 19 6.72989E-1
16 20 6.2537E-1
16 21 5.34517E-1
16 22 4.11254E-1
16 23 2.76408E-1
16 24 1.56374E-1
16 25 7.10612E-2
16 26 2.44256E-2
16 27 5.89414E-3
16 28 9.09647E-4
16 29 8.02246E-5
16 30 4.04952E-6
16 31 0E0
16 32 0E0
16 33 0E0
16 34 0E0
16 35 0E0
16 36 0E0
16 37 0E0
16 38 0E0
16 39 0E0
16 40 0E0
17 1 3.32748E-3
17 2 1.38083E-3
17 3 2.06357E-3
17 4 2.8622E-3
17 5 4.17898E-3
17 6 6.07535E-3
17 7 8.84637E-3
17 8 1.30437E-2
17 9 1.92872E-2
17 10 2.90651E-2
17 11 4.4083E-2
17 12 6.76599E-2
17 13 1.0484E-1
17 14 1.64776E-1
17 15 2.61367E-1
17 16 4.20554E-1
17 17 6.30817E-1
17 18 7.11052E-1
17 19 7.15483E-1
17 20 6.78037E-1
17 21 5.93478E-1
17 22 4.69779E-1
17 23 3.2656E-1
17 24 1.92219E-1
17 25 9.14696E-2
17 26 3.31664E-2
17 27 8.50799E-3
17 28 1.40761E-3
17 29 1.33888E-4
17 30 7.18536E-6
17 31 4.28081E-8
17 32 2.89518E-8
17 33 0E0
17 34 0E0
17 35 0E0
17 36 0E0
17 37 0E0
17 38 0E0
17 39 0E0
17 40 0E0
18 1 2.01522E-3
18 2 8.38657E-4
18 3 1.25531E-3
18 4 1.74432E-3
18 5 2.55248E-3
18 6 3.72126E-3
18 7 5.43719E-3
18 8 8.04616E-3
18 9 1.19431E-2
18 10 1.80828E-2
18 11 2.76062E-2
18 12 4.27669E-2
18 13 6.70566E-2
18 14 1.06704E-1
18 15 1.7143E-1
18 16 2.79596E-1
18 17 4.61145E-1
18 18 7.02362E-1
18 19 7.73392E-1
18 20 7.48371E-1
18 21 6.71869E-1
18 22 5.48342E-1
18 23 3.95379E-1
18 24 2.43084E-1
18 25 1.21767E-1
18 26 4.68912E-2
18 27 1.29006E-2
18 28 2.31395E-3
18 29 2.41323E-4
18 30 1.38128E-5
18 31 1.75832E-6
18 32 6.30038E-7
18 33 0E0
18 34 0E0
18 35 0E0
18 36 0E0
18 37 0E0
18 38 0E0
18 39 0E0
18 40 0E0
19 1 1.10089E-3
19 2 4.59998E-4
19 3 6.89496E-4
19 4 9.59879E-4
19 5 1.40792E-3
19 6 2.05878E-3
19 7 3.01976E-3
19 8 4.49061E-3
19 9 6.70295E-3
19 10 1.02162E-2
19 11 1.57341E-2
19 12 2.46742E-2
19 13 3.93459E-2
19 14 6.39934E-2
19 15 1.05184E-1
19 16 1.75357E-1
19 17 2.95734E-1
19 18 5.04213E-1
19 19 7.82594E-1
19 20 8.41008E-1
19 21 7.75233E-1
19 22 6.53433E-1
19 23 4.8987E-1
19 24 3.15638E-1
19 25 1.67253E-1
19 26 6.88628E-2
19 27 2.05204E-2
19 28 4.04634E-3
19 29 4.72148E-4
19 30 2.93118E-5
19 31 2.36868E-6
19 32 1.8595E-7
19 33 4.8567E-10
19 34 0E0
19 35 0E0
19 36 0E0
19 37 0E0
19 38 0E0
19 39 0E0
19 40 0E0
20 1 6.14201E-4
20 2 2.57711E-4
20 3 3.87029E-4
20 4 5.40073E-4
20 5 7.94289E-4
20 6 1.16526E-3
20 7 1.71573E-3
20 8 2.56263E-3
20 9 3.84391E-3
20 10 5.88595E-3
20 11 9.09728E-3
20 12 1.42995E-2
20 13 2.28393E-2
20 14 3.72284E-2
20 15 6.17851E-2
20 16 1.04731E-1
20 17 1.79891E-1
20 18 3.13006E-1
20 19 5.49892E-1
20 20 8.67596E-1
20 21 9.04057E-1
20 22 7.90656E-1
20 23 6.19886E-1
20 24 4.21196E-1
20 25 2.37597E-1
20 26 1.05182E-1
20 27 3.40674E-2
20 28 7.38067E-3
20 29 9.56188E-4
20 30 6.47826E-5
20 31 3.4363E-6
20 32 9.0946E-8
20 33 1.62283E-9
20 34 0E0
20 35 0E0
20 36 0E0
20 37 0E0
20 38 0E0
20 39 0E0
20 40 0E0
21 1 3.02751E-4
21 2 1.27648E-4
21 3 1.92209E-4
21 4 2.69067E-4
21 5 3.97288E-4
21 6 5.85636E-4
21 7 8.67211E-4
21 8 1.30414E-3
21 9 1.97214E-3
21 10 3.04878E-3
21 11 4.76468E-3
21 12 7.58434E-3
21 13 1.22852E-2
21 14 2.03381E-2
21 15 3.42116E-2
21 16 5.87654E-2
21 17 1.02681E-1
21 18 1.82384E-1
21 19 3.2814E-1
21 20 5.97033E-1
21 21 9.59241E-1
21 22 9.68247E-1
21 23 7.96027E-1
21 24 5.72868E-1
21 25 3.45949E-1
21 26 1.65987E-1
21 27 5.9017E-2
21 28 1.42372E-2
21 29 2.08604E-3
21 30 1.61713E-4
21 31 6.24747E-6
21 32 1.61141E-7
21 33 4.84929E-9
21 34 0E0
21 35 0E0
21 36 0E0
21 37 0E0
21 38 0E0
21 39 0E0
21 40 0E0
22 1 1.26274E-4
22 2 5.39472E-5
22 3 8.14839E-5
22 4 1.14506E-4
22 5 1.69868E-4
22 6 2.51847E-4
22 7 3.75565E-4
22 8 5.69593E-4
22 9 8.70049E-4
22 10 1.36126E-3
22 11 2.15771E-3
22 12 3.49211E-3
22 13 5.76546E-3
22 14 9.7435E-3
22 15 1.67548E-2
22 16 2.94848E-2
22 17 5.29549E-2
22 18 9.69698E-2
22 19 1.80384E-1
22 20 3.4021E-1
22 21 6.45737E-1
22 22 1.06195E0
22 23 1.03195E0
22 24 7.88926E-1
22 25 5.12683E-1
22 26 2.68524E-1
22 27 1.05913E-1
22 28 2.88508E-2
22 29 4.86338E-3
22 30 4.42512E-4
22 31 1.88994E-5
22 32 5.09864E-7
22 33 1.61989E-8
22 34 0E0
22 35 0E0
22 36 0E0
22 37 0E0
22 38 0E0
22 39 0E0
22 40 0E0
23 1 4.34787E-5
23 2 1.91341E-5
23 3 2.89697E-5
23 4 4.08312E-5
23 5 6.0798E-5
23 6 9.05716E-5
23 7 1.3589E-4
23 8 2.07702E-4
23 9 3.20411E-4
23 10 5.07622E-4
23 11 8.17402E-4
23 12 1.34912E-3
23 13 2.28279E-3
23 14 3.97547E-3
23 15 7.0706E-3
23 16 1.28836E-2
23 17 2.39571E-2
23 18 4.5514E-2
23 19 8.82304E-2
23 20 1.7422E-1
23 21 3.47478E-1
23 22 6.95382E-1
23 23 1.17517E0
23 24 1.09332E0
23 25 7.67186E-1
23 26 4.41177E-1
23 27 1.94716E-1
23 28 6.06405E-2
23 29 1.19793E-2
23 30 1.31252E-3
23 31 6.78864E-5
23 32 1.92018E-6
23 33 6.19176E-8
23 34 0E0
23 35 0E0
23 36 0E0
23 37 0E0
23 38 0E0
23 39 0E0
23 40 0E0
24 1 1.21968E-5
24 2 5.72332E-6
24 3 8.70433E-6
24 4 1.23334E-5
24 5 1.84818E-5
24 6 2.77456E-5
24 7 4.20179E-5
24 8 6.49402E-5
24 9 1.01508E-4
24 10 1.6333E-4
24 11 2.67817E-4
24 12 4.51392E-4
24 13 7.8261E-4
24 14 1.40355E-3
24 15 2.58492E-3
24 16 4.89344E-3
24 17 9.4699E-3
24 18 1.87439E-2
24 19 3.79386E-2
24 20 7.8667E-2
24 21 1.65729E-1
24 22 3.52033E-1
24 23 7.45498E-1
24 24 1.29537E0
24 25 1.14745E0
24 26 7.29333E-1
24 27 3.63297E-1
24 28 1.30632E-1
24 29 3.05385E-2
24 30 4.06621E-3
24 31 2.61204E-4
24 32 7.94928E-6
24 33 2.33602E-7
24 34 0E0
24 35 0E0
24 36 0E0
24 37 0E0
24 38 0E0
24 39 0E0
24 40 0E0
25 1 2.22485E-6
25 2 1.24048E-6
25 3 1.97076E-6
25 4 2.86536E-6
25 5 4.35783E-6
25 6 6.61048E-6
25 7 1.01198E-5
25 8 1.58443E-5
25 9 2.5152E-5
25 10 4.12216E-5
25 11 6.90806E-5
25 12 1.19478E-4
25 13 2.13507E-4
25 14 3.96819E-4
25 15 7.63793E-4
25 16 1.52162E-3
25 17 3.09253E-3
25 18 6.4241E-3
25 19 1.36766E-2
25 20 2.99869E-2
25 21 6.73503E-2
25 22 1.53626E-1
25 23 3.51397E-1
25 24 7.94875E-1
25 25 1.42533E0
25 26 1.1934E0
25 27 6.75679E-1
25 28 2.83665E-1
25 29 7.96969E-2
25 30 1.31595E-2
25 31 1.08407E-3
25 32 3.74198E-5
25 33 9.51921E-7
25 34 4.73012E-9
25 35 0E0
25 36 0E0
25 37 0E0
25 38 0E0
25 39 0E0
25 40 0E0
26 1 3.49582E-7
26 2 2.00114E-7
26 3 3.31086E-7
26 4 5.05589E-7
26 5 7.99126E-7
26 6 1.23768E-6
26 7 1.89891E-6
26 8 2.93906E-6
26 9 4.58939E-6
26 10 7.4312E-6
26 11 1.23742E-5
26 12 2.14401E-5
26 13 3.88685E-5
26 14 7.45607E-5
26 15 1.51415E-4
26 16 3.28347E-4
26 17 7.50645E-4
26 18 1.73589E-3
26 19 4.01322E-3
26 20 9.3639E-3
26 21 2.22158E-2
26 22 5.41844E-2
26 23 1.35601E-1
26 24 3.40876E-1
26 25 8.40555E-1
26 26 1.57141E0
26 27 1.23106E0
26 28 6.05576E-1
26 29 2.06995E-1
26 30 4.34945E-2
26 31 4.81607E-3
26 32 2.31397E-4
26 33 4.76696E-6
26 34 6.37379E-8
26 35 0E0
26 36 0E0
26 37 0E0
26 38 0E0
26 39 0E0
26 40 0E0
27 1 5.08904E-8
27 2 2.91315E-8
27 3 4.81977E-8
27 4 7.37295E-8
27 5 1.18138E-7
27 6 1.87675E-7
27 7 2.96819E-7
27 8 4.7172E-7
27 9 7.41916E-7
27 10 1.17713E-6
27 11 1.94414E-6
27 12 3.37765E-6
27 13 6.20441E-6
27 14 1.21746E-5
27 15 2.53928E-5
27 16 5.66865E-5
27 17 1.35298E-4
27 18 3.3924E-4
27 19 8.64656E-4
27 20 2.22892E-3
27 21 5.82512E-3
27 22 1.55413E-2
27 23 4.25502E-2
27 24 1.18852E-1
27 25 3.3009E-1
27 26 8.85565E-1
27 27 1.71625E0
27 28 1.25171E0
27 29 5.26353E-1
27 30 1.41308E-1
27 31 2.07728E-2
27 32 1.38025E-3
27 33 3.37171E-5
27 34 3.66531E-7
27 35 0E0
27 36 0E0
27 37 0E0
27 38 0E0
27 39 0E0
27 40 0E0
28 1 9.47905E-9
28 2 5.42615E-9
28 3 8.97751E-9
28 4 1.37332E-8
28 5 2.20049E-8
28 6 3.49571E-8
28 7 5.52867E-8
28 8 8.78645E-8
28 9 1.38684E-7
28 10 2.20655E-7
28 11 3.49333E-7
28 12 5.53568E-7
28 13 8.77276E-7
28 14 1.4553E-6
28 15 2.72058E-6
28 16 5.95298E-6
28 17 1.48397E-5
28 18 4.14295E-5
28 19 1.24682E-4
28 20 3.79068E-4
28 21 1.1423E-3
28 22 3.3631E-3
28 23 9.98212E-3
28 24 3.09966E-2
28 25 9.87707E-2
28 26 3.10513E-1
28 27 9.25504E-1
28 28 1.87407E0
28 29 1.25704E0
28 30 4.38684E-1
28 31 8.83458E-2
28 32 8.50493E-3
28 33 3.11119E-4
28 34 3.855E-6
28 35 2.33196E-7
28 36 0E0
28 37 0E0
28 38 0E0
28 39 0E0
28 40 0E0
29 1 2.45106E-9
29 2 1.40308E-9
29 3 2.32137E-9
29 4 3.55107E-9
29 5 5.68996E-9
29 6 9.03909E-9
29 7 1.42958E-8
29 8 2.27197E-8
29 9 3.58604E-8
29 10 5.70561E-8
29 11 9.03293E-8
29 12 1.4314E-7
29 13 2.2661E-7
29 14 3.59742E-7
29 15 5.69397E-7
29 16 9.06707E-7
29 17 1.54389E-6
29 18 3.21431E-6
29 19 9.2481E-6
29 20 3.49571E-5
29 21 1.48509E-4
29 22 5.73892E-4
29 23 1.91192E-3
29 24 6.27051E-3
29 25 2.15434E-2
29 26 7.79088E-2
29 27 2.82105E-1
29 28 9.56501E-1
29 29 2.04629E0
29 30 1.24325E0
29 31 3.47918E-1
29 32 5.01771E-2
29 33 2.96348E-3
29 34 5.36249E-5
29 35 1.52737E-6
29 36 8.79756E-8
29 37 0E0
29 38 0E0
29 39 0E0
29 40 0E0
30 1 9.0715E-10
30 2 5.1929E-10
30 3 8.5916E-10
30 4 1.31427E-9
30 5 2.10589E-9
30 6 3.34543E-9
30 7 5.29098E-9
30 8 8.40871E-9
30 9 1.32722E-8
30 10 2.11168E-8
30 11 3.34315E-8
30 12 5.29769E-8
30 13 8.38699E-8
30 14 1.33143E-7
30 15 2.10738E-7
30 16 3.34275E-7
30 17 5.30077E-7
30 18 8.5539E-7
30 19 1.53562E-6
30 20 3.97576E-6
30 21 1.43685E-5
30 22 5.3017E-5
30 23 1.95147E-4
30 24 7.4749E-4
30 25 3.05885E-3
30 26 1.33106E-2
30 27 5.93787E-2
30 28 2.54932E-1
30 29 9.83975E-1
30 30 2.21237E0
30 31 1.21304E0
30 32 2.63309E-1
30 33 2.52773E-2
30 34 8.13461E-4
30 35 8.12946E-6
30 36 2.1992E-7
30 37 0E0
30 38 0E0
30 39 0E0
30 40 0E0
31 1 3.9127E-10
31 2 2.2398E-10
31 3 3.7057E-10
31 4 5.6687E-10
31 5 9.0831E-10
31 6 1.44294E-9
31 7 2.28209E-9
31 8 3.62682E-9
31 9 5.72451E-9
31 10 9.10805E-9
31 11 1.44196E-8
31 12 2.28498E-8
31 13 3.61745E-8
31 14 5.74267E-8
31 15 9.08946E-8
31 16 1.44178E-7
31 17 2.28507E-7
31 18 3.62188E-7
31 19 5.73625E-7
31 20 9.10328E-7
31 21 1.48843E-6
31 22 2.92343E-6
31 23 9.50298E-6
31 24 4.67949E-5
31 25 2.59406E-4
31 26 1.36428E-3
31 27 7.4605E-3
31 28 4.17496E-2
31 29 2.20577E-1
31 30 1.00381E0
31 31 2.3878E0
31 32 1.16182E0
31 33 1.88043E-1
31 34 1.11345E-2
31 35 1.69993E-4
31 36 7.15803E-7
31 37 2.67084E-9
31 38 0E0
31 39 0E0
31 40 0E0
32 1 1.9611E-10
32 2 1.1226E-10
32 3 1.8574E-10
32 4 2.8413E-10
32 5 4.5527E-10
32 6 7.2324E-10
32 7 1.14384E-9
32 8 1.81785E-9
32 9 2.86927E-9
32 10 4.56518E-9
32 11 7.22744E-9
32 12 1.14529E-8
32 13 1.81316E-8
32 14 2.87837E-8
32 15 4.55587E-8
32 16 7.22659E-8
32 17 1.14533E-7
32 18 1.81538E-7
32 19 2.87515E-7
32 20 4.5593E-7
32 21 7.22433E-7
32 22 1.14565E-6
32 23 1.83639E-6
32 24 3.6854E-6
32 25 1.52352E-5
32 26 8.35779E-5
32 27 5.29824E-4
32 28 3.74367E-3
32 29 2.7317E-2
32 30 1.84075E-1
32 31 1.0125E0
32 32 2.56792E0
32 33 1.09337E0
32 34 1.25603E-1
32 35 4.19233E-3
32 36 2.67026E-5
32 37 6.32964E-8
32 38 0E0
32 39 0E0
32 40 0E0
33 1 6.4122E-11
33 2 3.6706E-11
33 3 6.073E-11
33 4 9.29E-11
33 5 1.4886E-10
33 6 2.3647E-10
33 7 3.7399E-10
33 8 5.9437E-10
33 9 9.3815E-10
33 10 1.49265E-9
33 11 2.36311E-9
33 12 3.74468E-9
33 13 5.92836E-9
33 14 9.41121E-9
33 15 1.4896E-8
33 16 2.36283E-8
33 17 3.74482E-8
33 18 5.93561E-8
33 19 9.4007E-8
33 20 1.49072E-7
33 21 2.36209E-7
33 22 3.74442E-7
33 23 5.93447E-7
33 24 9.40404E-7
33 25 1.60021E-6
33 26 4.07762E-6
33 27 2.01293E-5
33 28 1.62895E-4
33 29 1.61053E-3
33 30 1.63906E-2
33 31 1.47854E-1
33 32 1.01088E0
33 33 2.74854E0
33 34 1.01065E0
33 35 7.79033E-2
33 36 1.31372E-3
33 37 4.06878E-6
33 38 1.50438E-8
33 39 0E0
33 40 0E0
34 1 5.3169E-11
34 2 3.0436E-11
34 3 5.0356E-11
34 4 7.7031E-11
34 5 1.2343E-10
34 6 1.9608E-10
34 7 3.1011E-10
34 8 4.9284E-10
34 9 7.779E-10
34 10 1.23769E-9
34 11 1.95946E-9
34 12 3.10504E-9
34 13 4.91572E-9
34 14 7.80366E-9
34 15 1.23516E-8
34 16 1.95923E-8
34 17 3.10516E-8
34 18 4.92174E-8
34 19 7.79494E-8
34 20 1.23609E-7
34 21 1.95862E-7
34 22 3.10483E-7
34 23 4.92079E-7
34 24 7.79796E-7
34 25 1.23576E-6
34 26 1.95718E-6
34 27 3.10536E-6
34 28 6.28001E-6
34 29 3.91659E-5
34 30 5.66712E-4
34 31 8.8082E-3
34 32 1.13445E-1
34 33 9.99736E-1
34 34 2.92715E0
34 35 9.17564E-1
34 36 4.45429E-2
34 37 3.25072E-4
34 38 8.32336E-7
34 39 0E0
34 40 0E0
35 1 3.528E-11
35 2 2.0195E-11
35 3 3.3413E-11
35 4 5.1113E-11
35 5 8.19E-11
35 6 1.3011E-10
35 7 2.0577E-10
35 8 3.2702E-10
35 9 5.1616E-10
35 10 8.2125E-10
35 11 1.30017E-9
35 12 2.06031E-9
35 13 3.26176E-9
35 14 5.17802E-9
35 15 8.19574E-9
35 16 1.30002E-8
35 17 2.06039E-8
35 18 3.26575E-8
35 19 5.17223E-8
35 20 8.20191E-8
35 21 1.29962E-7
35 22 2.06017E-7
35 23 3.26513E-7
35 24 5.17424E-7
35 25 8.20284E-7
35 26 1.30266E-6
35 27 2.07459E-6
35 28 3.30646E-6
35 29 5.26455E-6
35 30 9.46782E-6
35 31 1.35175E-4
35 32 4.03201E-3
35 33 8.28917E-2
35 34 9.79382E-1
35 35 3.10108E0
35 36 8.18963E-1
35 37 2.31752E-2
35 38 6.36866E-5
35 39 2.37663E-8
35 40 0E0
36 1 1.8878E-11
36 2 1.0807E-11
36 3 1.7879E-11
36 4 2.735E-11
36 5 4.3824E-11
36 6 6.9619E-11
36 7 1.1011E-10
36 8 1.7499E-10
36 9 2.762E-10
36 10 4.3945E-10
36 11 6.9572E-10
36 12 1.10247E-9
36 13 1.74536E-9
36 14 2.77074E-9
36 15 4.38551E-9
36 16 6.95636E-9
36 17 1.10251E-8
36 18 1.74749E-8
36 19 2.76764E-8
36 20 4.38881E-8
36 21 6.95419E-8
36 22 1.10239E-7
36 23 1.74716E-7
36 24 2.76872E-7
36 25 4.38837E-7
36 26 6.95655E-7
36 27 1.10459E-6
36 28 1.75986E-6
36 29 2.8114E-6
36 30 4.49142E-6
36 31 7.17779E-6
36 32 3.5336E-5
36 33 1.69667E-3
36 34 5.74653E-2
36 35 9.48634E-1
36 36 3.2704E0
36 37 7.18583E-1
36 38 1.08979E-2
36 39 9.74972E-6
36 40 0E0
37 1 9.8603E-12
37 2 5.6444E-12
37 3 9.3386E-12
37 4 1.4285E-11
37 5 2.289E-11
37 6 3.6363E-11
37 7 5.751E-11
37 8 9.1398E-11
37 9 1.4426E-10
37 10 2.2953E-10
37 11 3.6338E-10
37 12 5.7583E-10
37 13 9.1162E-10
37 14 1.44719E-9
37 15 2.29061E-9
37 16 3.63339E-9
37 17 5.75853E-9
37 18 9.12737E-9
37 19 1.44557E-8
37 20 2.29233E-8
37 21 3.63226E-8
37 22 5.75791E-8
37 23 9.12563E-8
37 24 1.44614E-7
37 25 2.2921E-7
37 26 3.63271E-7
37 27 5.75813E-7
37 28 9.13876E-7
37 29 1.45496E-6
37 30 2.32731E-6
37 31 3.73595E-6
37 32 5.99588E-6
37 33 1.28972E-5
37 34 6.30831E-4
37 35 3.77117E-2
37 36 9.10841E-1
37 37 3.43083E0
37 38 6.21554E-1
37 39 4.55022E-3
37 40 2.37116E-6
38 1 4.3144E-12
38 2 2.4697E-12
38 3 4.0861E-12
38 4 6.2507E-12
38 5 1.0016E-11
38 6 1.5911E-11
38 7 2.5164E-11
38 8 3.9992E-11
38 9 6.3122E-11
38 10 1.0043E-10
38 11 1.59E-10
38 12 2.5196E-10
38 13 3.9889E-10
38 14 6.3323E-10
38 15 1.00227E-9
38 16 1.58981E-9
38 17 2.51967E-9
38 18 3.99373E-9
38 19 6.32519E-9
38 20 1.00302E-8
38 21 1.58932E-8
38 22 2.5194E-8
38 23 3.99297E-8
38 24 6.32765E-8
38 25 1.00292E-7
38 26 1.58951E-7
38 27 2.51918E-7
38 28 3.99415E-7
38 29 6.3492E-7
38 30 1.01495E-6
38 31 1.634E-6
38 32 2.64541E-6
38 33 4.28699E-6
38 34 7.34325E-6
38 35 2.05987E-4
38 36 2.3344E-2
38 37 8.68259E-1
38 38 3.57993E0
38 39 5.3151E-1
38 40 1.64201E-3
39 1 3.1474E-12
39 2 1.8017E-12
39 3 2.9808E-12
39 4 4.5599E-12
39 5 7.3064E-12
39 6 1.1607E-11
39 7 1.8357E-11
39 8 2.9174E-11
39 9 4.6048E-11
39 10 7.3265E-11
39 11 1.1599E-10
39 12 1.838E-10
39 13 2.9099E-10
39 14 4.6194E-10
39 15 7.3115E-10
39 16 1.15976E-9
39 17 1.83809E-9
39 18 2.91341E-9
39 19 4.6142E-9
39 20 7.31701E-9
39 21 1.1594E-8
39 22 1.8379E-8
39 23 2.91285E-8
39 24 4.616E-8
39 25 7.31626E-8
39 26 1.15954E-7
39 27 1.83774E-7
39 28 2.91261E-7
39 29 4.61605E-7
39 30 7.31525E-7
39 31 1.15902E-6
39 32 1.83537E-6
39 33 2.90535E-6
39 34 4.59838E-6
39 35 7.29621E-6
39 36 6.22225E-5
39 37 1.34906E-2
39 38 8.23692E-1
39 39 3.71595E0
39 40 4.50679E-1
40 1 2.579E-12
40 2 1.4763E-12
40 3 2.4426E-12
40 4 3.7365E-12
40 5 5.987E-12
40 6 9.511E-12
40 7 1.5042E-11
40 8 2.3906E-11
40 9 3.7733E-11
40 10 6.0035E-11
40 11 9.5045E-11
40 12 1.5061E-10
40 13 2.3844E-10
40 14 3.7852E-10
40 15 5.9913E-10
40 16 9.5034E-10
40 17 1.50619E-9
40 18 2.38733E-9
40 19 3.78101E-9
40 20 5.99576E-9
40 21 9.50045E-9
40 22 1.50602E-8
40 23 2.38688E-8
40 24 3.78248E-8
40 25 5.99515E-8
40 26 9.50163E-8
40 27 1.50589E-7
40 28 2.38668E-7
40 29 3.7826E-7
40 30 5.99538E-7
40 31 9.5101E-7
40 32 1.51084E-6
40 33 2.40578E-6
40 34 3.83765E-6
40 35 6.12121E-6
40 36 9.75234E-6
40 37 2.33436E-5
40 38 7.10072E-3
40 39 7.78951E-1
40 40 4.21704E0
