1 1 3.07295E-1
1 2 1.13771E-1
1 3 1.52469E-1
1 4 1.84434E-1
1 5 2.32572E-1
1 6 2.8943E-1
1 7 3.57373E-1
1 8 4.41423E-1
1 9 5.38649E-1
1 10 6.57874E-1
1 11 7.92236E-1
1 12 9.44574E-1
1 13 1.10962E0
1 14 1.28406E0
1 15 1.4491E0
1 16 1.59409E0
1 17 1.69174E0
1 18 1.71822E0
1 19 1.64976E0
1 20 1.47943E0
1 21 1.21476E0
1 22 8.94523E-1
1 23 5.74156E-1
1 24 3.1034E-1
1 25 1.35369E-1
1 26 4.51724E-2
1 27 1.07969E-2
1 28 1.70403E-3
1 29 1.60624E-4
1 30 9.61142E-6
1 31 1.09826E-6
1 32 0E0
1 33 0E0
1 34 0E0
1 35 0E0
1 36 0E0
1 37 0E0
1 38 0E0
1 39 0E0
1 40 0E0
2 1 2.46932E-1
2 2 9.74845E-2
2 3 1.34137E-1
2 4 1.65057E-1
2 5 2.08628E-1
2 6 2.59646E-1
2 7 3.20616E-1
2 8 3.9605E-1
2 9 4.8333E-1
2 10 5.90363E-1
2 11 7.11056E-1
2 12 8.47932E-1
2 13 9.96337E-1
2 14 1.15331E0
2 15 1.302E0
2 16 1.43292E0
2 17 1.52155E0
2 18 1.54647E0
2 19 1.48619E0
2 20 1.33428E0
2 21 1.09709E0
2 22 8.09258E-1
2 23 5.20567E-1
2 24 2.82135E-1
2 25 1.23477E-1
2 26 4.13731E-2
2 27 9.93886E-3
2 28 1.57832E-3
2 29 1.49901E-4
2 30 9.03551E-6
2 31 1.03584E-6
2 32 0E0
2 33 0E0
2 34 0E0
2 35 0E0
2 36 0E0
2 37 0E0
2 38 0E0
2 39 0E0
2 40 0E0
3 1 1.95658E-1
3 2 8.09088E-2
3 3 1.149E-1
3 4 1.45748E-1
3 5 1.86899E-1
3 6 2.3289E-1
3 7 2.87602E-1
3 8 3.55299E-1
3 9 4.33648E-1
3 10 5.29756E-1
3 11 6.38182E-1
3 12 7.61189E-1
3 13 8.94698E-1
3 14 1.03604E0
3 15 1.17011E0
3 16 1.28849E0
3 17 1.36917E0
3 18 1.39284E0
3 19 1.34006E0
3 20 1.20479E0
3 21 9.92358E-1
3 22 7.33578E-1
3 23 4.73169E-1
3 24 2.57313E-1
3 25 1.13082E-1
3 26 3.8083E-2
3 27 9.20583E-3
3 28 1.47306E-3
3 29 1.41199E-4
3 30 8.58836E-6
3 31 9.88365E-7
3 32 0E0
3 33 0E0
3 34 0E0
3 35 0E0
3 36 0E0
3 37 0E0
3 38 0E0
3 39 0E0
3 40 0E0
4 1 1.51563E-1
4 2 6.46138E-2
4 3 9.50255E-2
4 4 1.25226E-1
4 5 1.65921E-1
4 6 2.09149E-1
4 7 2.5845E-1
4 8 3.1932E-1
4 9 3.89788E-1
4 10 4.76273E-1
4 11 5.73875E-1
4 12 6.84687E-1
4 13 8.0508E-1
4 14 9.32672E-1
4 15 1.05396E0
4 16 1.16137E0
4 17 1.23522E0
4 18 1.25798E0
4 19 1.212E0
4 20 1.09153E0
4 21 9.01077E-1
4 22 6.67877E-1
4 23 4.32233E-1
4 24 2.36032E-1
4 25 1.04261E-1
4 26 3.53315E-2
4 27 8.60603E-3
4 28 1.38978E-3
4 29 1.34694E-4
4 30 8.28256E-6
4 31 9.5737E-7
4 32 0E0
4 33 0E0
4 34 0E0
4 35 0E0
4 36 0E0
4 37 0E0
4 38 0E0
4 39 0E0
4 40 0E0
5 1 1.20879E-1
5 2 5.10962E-2
5 3 7.61266E-2
5 4 1.03594E-1
5 5 1.43207E-1
5 6 1.86867E-1
5 7 2.32911E-1
5 8 2.87874E-1
5 9 3.51466E-1
5 10 4.29543E-1
5 11 5.17709E-1
5 12 6.17911E-1
5 13 7.26868E-1
5 14 8.42551E-1
5 15 9.52785E-1
5 16 1.05076E0
5 17 1.11879E0
5 18 1.141E0
5 19 1.10115E0
5 20 9.93793E-1
5 21 8.22594E-1
5 22 6.11721E-1
5 23 3.97494E-1
5 24 2.18157E-1
5 25 9.69598E-2
5 26 3.31039E-2
5 27 8.13702E-3
5 28 1.32841E-3
5 29 1.30432E-4
5 30 8.12207E-6
5 31 9.43656E-7
5 32 0E0
5 33 0E0
5 34 0E0
5 35 0E0
5 36 0E0
5 37 0E0
5 38 0E0
5 39 0E0
5 40 0E0
6 1 9.47587E-2
6 2 3.98645E-2
6 3 5.95677E-2
6 4 8.22159E-2
6 5 1.17871E-1
6 6 1.61833E-1
6 7 2.09093E-1
6 8 2.60062E-1
6 9 3.17603E-1
6 10 3.88267E-1
6 11 4.68108E-1
6 12 5.58973E-1
6 13 6.57892E-1
6 14 7.63151E-1
6 15 8.63739E-1
6 16 9.53559E-1
6 17 1.01663E0
6 18 1.0386E0
6 19 1.00443E0
6 20 9.08898E-1
6 21 7.54757E-1
6 22 5.63585E-1
6 23 3.68034E-1
6 24 2.03236E-1
6 25 9.10076E-2
6 26 3.13558E-2
6 27 7.79241E-3
6 28 1.28892E-3
6 29 1.28545E-4
6 30 8.12434E-6
6 31 9.4972E-7
6 32 0E0
6 33 0E0
6 34 0E0
6 35 0E0
6 36 0E0
6 37 0E0
6 38 0E0
6 39 0E0
6 40 0E0
7 1 7.16994E-2
7 2 3.0089E-2
7 3 4.55045E-2
7 4 6.3455E-2
7 5 9.24294E-2
7 6 1.3238E-1
7 7 1.81914E-1
7 8 2.34735E-1
7 9 2.8795E-1
7 10 3.52138E-1
7 11 4.24724E-1
7 12 5.07442E-1
7 13 5.97662E-1
7 14 6.93854E-1
7 15 7.86146E-1
7 16 8.69016E-1
7 17 9.27972E-1
7 18 9.50024E-1
7 19 9.21123E-1
7 20 8.36189E-1
7 21 6.97119E-1
7 22 5.23105E-1
7 23 3.43665E-1
7 24 1.91189E-1
7 25 8.63869E-2
7 26 3.00904E-2
7 27 7.57638E-3
7 28 1.27286E-3
7 29 1.29314E-4
7 30 8.31653E-6
7 31 9.79155E-7
7 32 0E0
7 33 0E0
7 34 0E0
7 35 0E0
7 36 0E0
7 37 0E0
7 38 0E0
7 39 0E0
7 40 0E0
8 1 5.49904E-2
8 2 2.30945E-2
8 3 3.49617E-2
8 4 4.8897E-2
8 5 7.14218E-2
8 6 1.03222E-1
8 7 1.47916E-1
8 8 2.0519E-1
8 9 2.61327E-1
8 10 3.20578E-1
8 11 3.86858E-1
8 12 4.62512E-1
8 13 5.45187E-1
8 14 6.33573E-1
8 15 7.18794E-1
8 16 7.95825E-1
8 17 8.51483E-1
8 18 8.73877E-1
8 19 8.49976E-1
8 20 7.74598E-1
8 21 6.48883E-1
8 22 4.89779E-1
8 23 3.24112E-1
8 24 1.8192E-1
8 25 8.30863E-2
8 26 2.93177E-2
8 27 7.49659E-3
8 28 1.28274E-3
8 29 1.33157E-4
8 30 8.73544E-6
8 31 1.03708E-6
8 32 0E0
8 33 0E0
8 34 0E0
8 35 0E0
8 36 0E0
8 37 0E0
8 38 0E0
8 39 0E0
8 40 0E0
9 1 4.39145E-2
9 2 1.80637E-2
9 3 2.68908E-2
9 4 3.73505E-2
9 5 5.47938E-2
9 6 7.95585E-2
9 7 1.14835E-1
9 8 1.66221E-1
9 9 2.30005E-1
9 10 2.9286E-1
9 11 3.54243E-1
9 12 4.23827E-1
9 13 5.00092E-1
9 14 5.81911E-1
9 15 6.61223E-1
9 16 7.33526E-1
9 17 7.86717E-1
9 18 8.09814E-1
9 19 7.9072E-1
9 20 7.23981E-1
9 21 6.1002E-1
9 22 4.63719E-1
9 23 3.09545E-1
9 24 1.75585E-1
9 25 8.12198E-2
9 26 2.90964E-2
9 27 7.57453E-3
9 28 1.32361E-3
9 29 1.40793E-4
9 30 9.43943E-6
9 31 1.13089E-6
9 32 0E0
9 33 0E0
9 34 0E0
9 35 0E0
9 36 0E0
9 37 0E0
9 38 0E0
9 39 0E0
9 40 0E0
10 1 3.33158E-2
10 2 1.36935E-2
10 3 2.04796E-2
10 4 2.8516E-2
10 5 4.18183E-2
10 6 6.08205E-2
10 7 8.7964E-2
10 8 1.27937E-1
10 9 1.8493E-1
10 10 2.59323E-1
10 11 3.2583E-1
10 12 3.90595E-1
10 13 4.6143E-1
10 14 5.37746E-1
10 15 6.12195E-1
10 16 6.80737E-1
10 17 7.32204E-1
10 18 7.56419E-1
10 19 7.41944E-1
10 20 6.83128E-1
10 21 5.79563E-1
10 22 4.44279E-1
10 23 2.9962E-1
10 24 1.72071E-1
10 25 8.07865E-2
10 26 2.94574E-2
10 27 7.82988E-3
10 28 1.40199E-3
10 29 1.53383E-4
10 30 1.05466E-5
10 31 1.27648E-6
10 32 0E0
10 33 0E0
10 34 0E0
10 35 0E0
10 36 0E0
10 37 0E0
10 38 0E0
10 39 0E0
10 40 0E0
11 1 2.46738E-2
11 2 1.01467E-2
11 3 1.51467E-2
11 4 2.10524E-2
11 5 3.09134E-2
11 6 4.52954E-2
11 7 6.60884E-2
11 8 9.67043E-2
11 9 1.40712E-1
11 10 2.06773E-1
11 11 2.90628E-1
11 12 3.62466E-1
11 13 4.29045E-1
11 14 5.0089E-1
11 15 5.71512E-1
11 16 6.37264E-1
11 17 6.87775E-1
11 18 7.13523E-1
11 19 7.03583E-1
11 20 6.52052E-1
11 21 5.57648E-1
11 22 4.31699E-1
11 23 2.9461E-1
11 24 1.71644E-1
11 25 8.19904E-2
11 26 3.05148E-2
11 27 8.30927E-3
11 28 1.53055E-3
11 29 1.73032E-4
11 30 1.20605E-5
11 31 1.17915E-6
11 32 0E0
11 33 0E0
11 34 0E0
11 35 0E0
11 36 0E0
11 37 0E0
11 38 0E0
11 39 0E0
11 40 0E0
12 1 1.92362E-2
12 2 7.89553E-3
12 3 1.17332E-2
12 4 1.61818E-2
12 5 2.34821E-2
12 6 3.3865E-2
12 7 4.91493E-2
12 8 7.23456E-2
12 9 1.05856E-1
12 10 1.56287E-1
12 11 2.30344E-1
12 12 3.25961E-1
12 13 4.01955E-1
12 14 4.70407E-1
12 15 5.38146E-1
12 16 6.02096E-1
12 17 6.52499E-1
12 18 6.803E-1
12 19 6.75137E-1
12 20 6.30571E-1
12 21 5.44423E-1
12 22 4.26358E-1
12 23 2.95038E-1
12 24 1.74786E-1
12 25 8.51658E-2
12 26 3.24441E-2
12 27 9.07776E-3
12 28 1.72537E-3
12 29 2.0217E-4
12 30 1.41413E-5
12 31 7.32449E-7
12 32 0E0
12 33 0E0
12 34 0E0
12 35 0E0
12 36 0E0
12 37 0E0
12 38 0E0
12 39 0E0
12 40 0E0
13 1 1.3315E-2
13 2 5.47739E-3
13 3 8.14863E-3
13 4 1.12382E-2
13 5 1.63346E-2
13 6 2.37598E-2
13 7 3.47967E-2
13 8 5.17469E-2
13 9 7.6902E-2
13 10 1.14954E-1
13 11 1.71034E-1
13 12 2.55624E-1
13 13 3.65075E-1
13 14 4.46637E-1
13 15 5.12568E-1
13 16 5.75592E-1
13 17 6.26682E-1
13 18 6.57075E-1
13 19 6.56652E-1
13 20 6.18674E-1
13 21 5.39854E-1
13 22 4.28286E-1
13 23 3.01052E-1
13 24 1.81733E-1
13 25 9.05711E-2
13 26 3.5439E-2
13 27 1.02334E-2
13 28 2.01827E-3
13 29 2.46898E-4
13 30 1.7742E-5
13 31 7.48917E-7
13 32 0E0
13 33 0E0
13 34 0E0
13 35 0E0
13 36 0E0
13 37 0E0
13 38 0E0
13 39 0E0
13 40 0E0
14 1 1.05409E-2
14 2 4.33154E-3
14 3 6.4396E-3
14 4 8.87551E-3
14 5 1.28607E-2
14 6 1.85459E-2
14 7 2.67915E-2
14 8 3.90944E-2
14 9 5.70165E-2
14 10 8.48783E-2
14 11 1.26299E-1
14 12 1.88857E-1
14 13 2.8398E-1
14 14 4.08771E-1
14 15 4.92067E-1
14 16 5.55188E-1
14 17 6.0794E-1
14 18 6.41934E-1
14 19 6.47012E-1
14 20 6.1608E-1
14 21 5.44522E-1
14 22 4.38705E-1
14 23 3.14122E-1
14 24 1.93792E-1
14 25 9.90863E-2
14 26 3.99416E-2
14 27 1.19339E-2
14 28 2.44679E-3
14 29 3.12672E-4
14 30 2.31503E-5
14 31 1.04172E-6
14 32 0E0
14 33 0E0
14 34 0E0
14 35 0E0
14 36 0E0
14 37 0E0
14 38 0E0
14 39 0E0
14 40 0E0
15 1 7.54433E-3
15 2 3.10321E-3
15 3 4.61612E-3
15 4 6.36558E-3
15 5 9.22862E-3
15 6 1.3303E-2
15 7 1.91906E-2
15 8 2.80535E-2
15 9 4.11498E-2
15 10 6.13177E-2
15 11 9.13258E-2
15 12 1.3687E-1
15 13 2.06504E-1
15 14 3.15096E-1
15 15 4.56151E-1
15 16 5.42576E-1
15 17 5.97839E-1
15 18 6.36317E-1
15 19 6.47474E-1
15 20 6.23798E-1
15 21 5.59249E-1
15 22 4.5837E-1
15 23 3.35015E-1
15 24 2.11787E-1
15 25 1.11442E-1
15 26 4.64597E-2
15 27 1.44327E-2
15 28 3.09476E-3
15 29 4.16268E-4
15 30 3.17764E-5
15 31 1.44121E-6
15 32 0E0
15 33 0E0
15 34 0E0
15 35 0E0
15 36 0E0
15 37 0E0
15 38 0E0
15 39 0E0
15 40 0E0
16 1 5.1303E-3
16 2 2.11365E-3
16 3 3.14676E-3
16 4 4.34416E-3
16 5 6.30623E-3
16 6 9.10338E-3
16 7 1.31431E-2
16 8 1.92073E-2
16 9 2.81819E-2
16 10 4.21475E-2
16 11 6.33425E-2
16 12 9.59523E-2
16 13 1.46008E-1
16 14 2.246E-1
16 15 3.47675E-1
16 16 5.10167E-1
16 17 5.96789E-1
16 18 6.40563E-1
16 19 6.58758E-1
16 20 6.42848E-1
16 21 5.85444E-1
16 22 4.89028E-1
16 23 3.65648E-1
16 24 2.37519E-1
16 25 1.2905E-1
16 26 5.58744E-2
16 27 1.81398E-2
16 28 4.09361E-3
16 29 5.8408E-4
16 30 4.71182E-5
16 31 2.2318E-6
16 32 0E0
16 33 0E0
16 34 0E0
16 35 0E0
16 36 0E0
16 37 0E0
16 38 0E0
16 39 0E0
16 40 0E0
17 1 3.61209E-3
17 2 1.48912E-3
17 3 2.2176E-3
17 4 3.06241E-3
17 5 4.44767E-3
17 6 6.42422E-3
17 7 9.28167E-3
17 8 1.35589E-2
17 9 1.98339E-2
17 10 2.95222E-2
17 11 4.41546E-2
17 12 6.67129E-2
17 13 1.01575E-1
17 14 1.56616E-1
17 15 2.43448E-1
17 16 3.83621E-1
17 17 5.68087E-1
17 18 6.52878E-1
17 19 6.79614E-1
17 20 6.73079E-1
17 21 6.24133E-1
17 22 5.3276E-1
17 23 4.08791E-1
17 24 2.73804E-1
17 25 1.54202E-1
17 26 6.96161E-2
17 27 2.37195E-2
17 28 5.65671E-3
17 29 8.5941E-4
17 30 7.41272E-5
17 31 3.71439E-6
17 32 0E0
17 33 0E0
17 34 0E0
17 35 0E0
17 36 0E0
17 37 0E0
17 38 0E0
17 39 0E0
17 40 0E0
18 1 2.30129E-3
18 2 9.5065E-4
18 3 1.41723E-3
18 4 1.95959E-3
18 5 2.85033E-3
18 6 4.12511E-3
18 7 5.97412E-3
18 8 8.74735E-3
18 9 1.28234E-2
18 10 1.91403E-2
18 11 2.87544E-2
18 12 4.37596E-2
18 13 6.72832E-2
18 14 1.04789E-1
18 15 1.64521E-1
18 16 2.61947E-1
18 17 4.21728E-1
18 18 6.33175E-1
18 19 7.1276E-1
18 20 7.1712E-1
18 21 6.77961E-1
18 22 5.92414E-1
18 23 4.67531E-1
18 24 3.2383E-1
18 25 1.89781E-1
18 26 8.97712E-2
18 27 3.23058E-2
18 28 8.20778E-3
18 29 1.34136E-3
18 30 1.25634E-4
18 31 6.7055E-6
18 32 0E0
18 33 0E0
18 34 0E0
18 35 0E0
18 36 0E0
18 37 0E0
18 38 0E0
18 39 0E0
18 40 0E0
19 1 1.33713E-3
19 2 5.53659E-4
19 3 8.26343E-4
19 4 1.14433E-3
19 5 1.66765E-3
19 6 2.41918E-3
19 7 3.51408E-3
19 8 5.16474E-3
19 9 7.60166E-3
19 10 1.13965E-2
19 11 1.72252E-2
19 12 2.64554E-2
19 13 4.1248E-2
19 14 6.55022E-2
19 15 1.04927E-1
19 16 1.70186E-1
19 17 2.78969E-1
19 18 4.62392E-1
19 19 7.06207E-1
19 20 7.78158E-1
19 21 7.50643E-1
19 22 6.72347E-1
19 23 5.46786E-1
19 24 3.9264E-1
19 25 2.40262E-1
19 26 1.1967E-1
19 27 4.57947E-2
19 28 1.25133E-2
19 29 2.22864E-3
19 30 2.30865E-4
19 31 1.30048E-5
19 32 1.90486E-6
19 33 8.1245E-7
19 34 0E0
19 35 0E0
19 36 0E0
19 37 0E0
19 38 0E0
19 39 0E0
19 40 0E0
20 1 8.08672E-4
20 2 3.35837E-4
20 3 5.0176E-4
20 4 6.95775E-4
20 5 1.01548E-3
20 6 1.47587E-3
20 7 2.14868E-3
20 8 3.16609E-3
20 9 4.67382E-3
20 10 7.02473E-3
20 11 1.06274E-2
20 12 1.63091E-2
20 13 2.53697E-2
20 14 4.01736E-2
20 15 6.46808E-2
20 16 1.06251E-1
20 17 1.76633E-1
20 18 2.97338E-1
20 19 5.05777E-1
20 20 7.83996E-1
20 21 8.4055E-1
20 22 7.74642E-1
20 23 6.52171E-1
20 24 4.88105E-1
20 25 3.13576E-1
20 26 1.65359E-1
20 27 6.76006E-2
20 28 1.99233E-2
20 29 3.86361E-3
20 30 4.39822E-4
20 31 2.60651E-5
20 32 2.74061E-6
20 33 3.70118E-7
20 34 2.801E-10
20 35 0E0
20 36 0E0
20 37 0E0
20 38 0E0
20 39 0E0
20 40 0E0
21 1 4.40089E-4
21 2 1.83475E-4
21 3 2.74583E-4
21 4 3.81502E-4
21 5 5.58239E-4
21 6 8.13807E-4
21 7 1.18911E-3
21 8 1.76011E-3
21 9 2.6124E-3
21 10 3.95185E-3
21 11 6.02392E-3
21 12 9.32361E-3
21 13 1.46471E-2
21 14 2.3472E-2
21 15 3.81426E-2
21 16 6.31478E-2
21 17 1.06194E-1
21 18 1.81442E-1
21 19 3.14207E-1
21 20 5.51094E-1
21 21 8.68054E-1
21 22 9.04853E-1
21 23 7.90415E-1
21 24 6.18687E-1
21 25 4.19322E-1
21 26 2.35476E-1
21 27 1.03586E-1
21 28 3.32369E-2
21 29 7.10685E-3
21 30 9.04361E-4
21 31 5.97501E-5
21 32 3.3962E-6
21 33 6.92513E-8
21 34 1.49023E-9
21 35 0E0
21 36 0E0
21 37 0E0
21 38 0E0
21 39 0E0
21 40 0E0
22 1 2.08785E-4
22 2 8.76327E-5
22 3 1.3142E-4
22 4 1.83069E-4
22 5 2.68718E-4
22 6 3.93308E-4
22 7 5.77531E-4
22 8 8.59927E-4
22 9 1.28541E-3
22 10 1.96113E-3
22 11 3.01996E-3
22 12 4.73011E-3
22 13 7.53258E-3
22 14 1.22513E-2
22 15 2.02395E-2
22 16 3.41449E-2
22 17 5.86579E-2
22 18 1.02608E-1
22 19 1.82304E-1
22 20 3.28783E-1
22 21 5.98405E-1
22 22 9.62376E-1
22 23 9.70203E-1
22 24 7.95938E-1
22 25 5.71267E-1
22 26 3.43577E-1
22 27 1.63943E-1
22 28 5.78574E-2
22 29 1.38166E-2
22 30 1.99737E-3
22 31 1.5211E-4
22 32 6.18915E-6
22 33 1.5124E-7
22 34 4.5886E-9
22 35 0E0
22 36 0E0
22 37 0E0
22 38 0E0
22 39 0E0
22 40 0E0
23 1 8.45392E-5
23 2 3.59898E-5
23 3 5.40779E-5
23 4 7.55123E-5
23 5 1.11168E-4
23 6 1.63319E-4
23 7 2.40943E-4
23 8 3.60892E-4
23 9 5.43484E-4
23 10 8.36923E-4
23 11 1.30383E-3
23 12 2.07188E-3
23 13 3.35846E-3
23 14 5.58041E-3
23 15 9.44873E-3
23 16 1.63756E-2
23 17 2.89441E-2
23 18 5.22006E-2
23 19 9.59E-2
23 20 1.79383E-1
23 21 3.39482E-1
23 22 6.47123E-1
23 23 1.06678E0
23 24 1.03502E0
23 25 7.88741E-1
23 26 5.10314E-1
23 27 2.6586E-1
23 28 1.04191E-1
23 29 2.81674E-2
23 30 4.70868E-3
23 31 4.24462E-4
23 32 1.79607E-5
23 33 5.03929E-7
23 34 1.63568E-8
23 35 0E0
23 36 0E0
23 37 0E0
23 38 0E0
23 39 0E0
23 40 0E0
24 1 2.94498E-5
24 2 1.30227E-5
24 3 1.96242E-5
24 4 2.75014E-5
24 5 4.06663E-5
24 6 6.00661E-5
24 7 8.91969E-5
24 8 1.3466E-4
24 9 2.04721E-4
24 10 3.18823E-4
24 11 5.03324E-4
24 12 8.12274E-4
24 13 1.34063E-3
24 14 2.27602E-3
24 15 3.9526E-3
24 16 7.04511E-3
24 17 1.28308E-2
24 18 2.38821E-2
24 19 4.53929E-2
24 20 8.82359E-2
24 21 1.74298E-1
24 22 3.48121E-1
24 23 6.97064E-1
24 24 1.17806E0
24 25 1.09471E0
24 26 7.66227E-1
24 27 4.38995E-1
24 28 1.92667E-1
24 29 5.9502E-2
24 30 1.16117E-2
24 31 1.25016E-3
24 32 6.31283E-5
24 33 1.7765E-6
24 34 5.87623E-8
24 35 0E0
24 36 0E0
24 37 0E0
24 38 0E0
24 39 0E0
24 40 0E0
25 1 7.78638E-6
25 2 3.81292E-6
25 3 5.78648E-6
25 4 8.14612E-6
25 5 1.21084E-5
25 6 1.79991E-5
25 7 2.69357E-5
25 8 4.10492E-5
25 9 6.31171E-5
25 10 9.96409E-5
25 11 1.59872E-4
25 12 2.62998E-4
25 13 4.43955E-4
25 14 7.73959E-4
25 15 1.38796E-3
25 16 2.5678E-3
25 17 4.8551E-3
25 18 9.38827E-3
25 19 1.8579E-2
25 20 3.77563E-2
25 21 7.84371E-2
25 22 1.65661E-1
25 23 3.52402E-1
25 24 7.4711E-1
25 25 1.29892E0
25 26 1.14868E0
25 27 7.27939E-1
25 28 3.60938E-1
25 29 1.28881E-1
25 30 2.9821E-2
25 31 3.91277E-3
25 32 2.46287E-4
25 33 7.39495E-6
25 34 2.27714E-7
25 35 0E0
25 36 0E0
25 37 0E0
25 38 0E0
25 39 0E0
25 40 0E0
26 1 1.24807E-6
26 2 7.14439E-7
26 3 1.18165E-6
26 4 1.78965E-6
26 5 2.78908E-6
26 6 4.25259E-6
26 7 6.41309E-6
26 8 9.73641E-6
26 9 1.48726E-5
26 10 2.33589E-5
26 11 3.74026E-5
26 12 6.17254E-5
26 13 1.0536E-4
26 14 1.87775E-4
26 15 3.49146E-4
26 16 6.8327E-4
26 17 1.39843E-3
26 18 2.92948E-3
26 19 6.21271E-3
26 20 1.33739E-2
26 21 2.92748E-2
26 22 6.56391E-2
26 23 1.50521E-1
26 24 3.47688E-1
26 25 7.95133E-1
26 26 1.43547E0
26 27 1.1974E0
26 28 6.72479E-1
26 29 2.80017E-1
26 30 7.82097E-2
26 31 1.29144E-2
26 32 1.07502E-3
26 33 3.81352E-5
26 34 1.09174E-6
26 35 3.36087E-9
26 36 0E0
26 37 0E0
26 38 0E0
26 39 0E0
26 40 0E0
27 1 1.93958E-7
27 2 1.11029E-7
27 3 1.83696E-7
27 4 2.81005E-7
27 5 4.5026E-7
27 6 7.15303E-7
27 7 1.1316E-6
27 8 1.79906E-6
27 9 2.83695E-6
27 10 4.57944E-6
27 11 7.52792E-6
27 12 1.27559E-5
27 13 2.23748E-5
27 14 4.09987E-5
27 15 7.8388E-5
27 16 1.57891E-4
27 17 3.35084E-4
27 18 7.43369E-4
27 19 1.68932E-3
27 20 3.90908E-3
27 21 9.19212E-3
27 22 2.20764E-2
27 23 5.4351E-2
27 24 1.3645E-1
27 25 3.42757E-1
27 26 8.42918E-1
27 27 1.57175E0
27 28 1.23098E0
27 29 6.04355E-1
27 30 2.05288E-1
27 31 4.2548E-2
27 32 4.59613E-3
27 33 2.12829E-4
27 34 4.70214E-6
27 35 7.27354E-8
27 36 0E0
27 37 0E0
27 38 0E0
27 39 0E0
27 40 0E0
28 1 2.76212E-8
28 2 1.58114E-8
28 3 2.61598E-8
28 4 4.00174E-8
28 5 6.41207E-8
28 6 1.01862E-7
28 7 1.61101E-7
28 8 2.5603E-7
28 9 4.04114E-7
28 10 6.44124E-7
28 11 1.04611E-6
28 12 1.76976E-6
28 13 3.10707E-6
28 14 5.7442E-6
28 15 1.12557E-5
28 16 2.35458E-5
28 17 5.26517E-5
28 18 1.26545E-4
28 19 3.22815E-4
28 20 8.44478E-4
28 21 2.21972E-3
28 22 5.7921E-3
28 23 1.53119E-2
28 24 4.20238E-2
28 25 1.17992E-1
28 26 3.29351E-1
28 27 8.87299E-1
28 28 1.72128E0
28 29 1.25192E0
28 30 5.23699E-1
28 31 1.39475E-1
28 32 2.02558E-2
28 33 1.32462E-3
28 34 3.2304E-5
28 35 3.82565E-7
28 36 0E0
28 37 0E0
28 38 0E0
28 39 0E0
28 40 0E0
29 1 4.35784E-9
29 2 2.49458E-9
29 3 4.12726E-9
29 4 6.31359E-9
29 5 1.01164E-8
29 6 1.6071E-8
29 7 2.54172E-8
29 8 4.03943E-8
29 9 6.37577E-8
29 10 1.01442E-7
29 11 1.606E-7
29 12 2.54494E-7
29 13 4.04346E-7
29 14 6.62881E-7
29 15 1.13963E-6
29 16 2.19868E-6
29 17 4.86029E-6
29 18 1.2141E-5
29 19 3.43236E-5
29 20 1.07521E-4
29 21 3.62991E-4
29 22 1.17764E-3
29 23 3.48296E-3
29 24 1.01872E-2
29 25 3.08156E-2
29 26 9.70297E-2
29 27 3.06541E-1
29 28 9.24577E-1
29 29 1.8857E0
29 30 1.25638E0
29 31 4.34385E-1
29 32 8.69601E-2
29 33 8.36393E-3
29 34 3.03937E-4
29 35 3.87832E-6
29 36 0E0
29 37 0E0
29 38 0E0
29 39 0E0
29 40 0E0
30 1 8.5679E-10
30 2 4.9046E-10
30 3 8.1146E-10
30 4 1.24131E-9
30 5 1.98898E-9
30 6 3.15969E-9
30 7 4.99724E-9
30 8 7.94187E-9
30 9 1.25353E-8
30 10 1.99445E-8
30 11 3.15754E-8
30 12 5.00357E-8
30 13 7.92136E-8
30 14 1.25751E-7
30 15 1.99088E-7
30 16 3.18516E-7
30 17 5.73493E-7
30 18 1.28293E-6
30 19 3.59594E-6
30 20 1.26297E-5
30 21 4.53651E-5
30 22 1.52788E-4
30 23 5.00299E-4
30 24 1.66336E-3
30 25 5.76441E-3
30 26 2.09701E-2
30 27 7.81555E-2
30 28 2.84369E-1
30 29 9.58602E-1
30 30 2.04555E0
30 31 1.24433E0
30 32 3.45928E-1
30 33 4.90486E-2
30 34 2.82382E-3
30 35 5.06518E-5
30 36 1.6172E-6
30 37 2.53154E-7
30 38 0E0
30 39 0E0
30 40 0E0
31 1 3.4655E-10
31 2 1.9838E-10
31 3 3.2821E-10
31 4 5.0208E-10
31 5 8.0449E-10
31 6 1.27801E-9
31 7 2.02125E-9
31 8 3.21227E-9
31 9 5.0702E-9
31 10 8.067E-9
31 11 1.27714E-8
31 12 2.02381E-8
31 13 3.20398E-8
31 14 5.08628E-8
31 15 8.05054E-8
31 16 1.27699E-7
31 17 2.02388E-7
31 18 3.2079E-7
31 19 5.09482E-7
31 20 8.64413E-7
31 21 2.18491E-6
31 22 8.38911E-6
31 23 3.56228E-5
31 24 1.55814E-4
31 25 6.92014E-4
31 26 2.94278E-3
31 27 1.29685E-2
31 28 5.85367E-2
31 29 2.5395E-1
31 30 9.86666E-1
31 31 2.21613E0
31 32 1.21129E0
31 33 2.61462E-1
31 34 2.46451E-2
31 35 7.58389E-4
31 36 8.24209E-6
31 37 4.07817E-7
31 38 0E0
31 39 0E0
31 40 0E0
32 1 1.7574E-10
32 2 1.006E-10
32 3 1.6644E-10
32 4 2.5461E-10
32 5 4.0796E-10
32 6 6.4809E-10
32 7 1.02499E-9
32 8 1.62897E-9
32 9 2.57114E-9
32 10 4.09085E-9
32 11 6.47649E-9
32 12 1.02629E-8
32 13 1.62477E-8
32 14 2.5793E-8
32 15 4.0825E-8
32 16 6.47573E-8
32 17 1.02633E-7
32 18 1.62675E-7
32 19 2.57642E-7
32 20 4.08558E-7
32 21 6.4739E-7
32 22 1.04876E-6
32 23 2.33105E-6
32 24 9.71303E-6
32 25 5.30792E-5
32 26 2.60609E-4
32 27 1.32193E-3
32 28 7.26749E-3
32 29 4.11324E-2
32 30 2.19437E-1
32 31 1.00472E0
32 32 2.39315E0
32 33 1.15971E0
32 34 1.86095E-1
32 35 1.08082E-2
32 36 1.57199E-4
32 37 7.81408E-7
32 38 1.95712E-9
32 39 0E0
32 40 0E0
33 1 1.095E-10
33 2 6.2684E-11
33 3 1.0371E-10
33 4 1.5865E-10
33 5 2.542E-10
33 6 4.0383E-10
33 7 6.3868E-10
33 8 1.01503E-9
33 9 1.6021E-9
33 10 2.54904E-9
33 11 4.03555E-9
33 12 6.3949E-9
33 13 1.0124E-8
33 14 1.60718E-8
33 15 2.54384E-8
33 16 4.03507E-8
33 17 6.39514E-8
33 18 1.01364E-7
33 19 1.60539E-7
33 20 2.54575E-7
33 21 4.03381E-7
33 22 6.39445E-7
33 23 1.01349E-6
33 24 1.63551E-6
33 25 3.69712E-6
33 26 1.41633E-5
33 27 7.50846E-5
33 28 4.89641E-4
33 29 3.58363E-3
33 30 2.68289E-2
33 31 1.83197E-1
33 32 1.01296E0
33 33 2.57285E0
33 34 1.09117E0
33 35 1.23926E-1
33 36 4.04564E-3
33 37 2.47E-5
33 38 5.5514E-8
33 39 0E0
33 40 0E0
34 1 4.3629E-11
34 2 2.4975E-11
34 3 4.1321E-11
34 4 6.3209E-11
34 5 1.0128E-10
34 6 1.609E-10
34 7 2.5447E-10
34 8 4.0441E-10
34 9 6.3832E-10
34 10 1.0156E-9
34 11 1.60787E-9
34 12 2.5479E-9
34 13 4.03368E-9
34 14 6.40344E-9
34 15 1.01353E-8
34 16 1.60768E-8
34 17 2.54799E-8
34 18 4.03862E-8
34 19 6.39628E-8
34 20 1.0143E-7
34 21 1.60718E-7
34 22 2.54772E-7
34 23 4.03784E-7
34 24 6.39876E-7
34 25 1.01411E-6
34 26 1.66049E-6
34 27 3.66983E-6
34 28 1.63437E-5
34 29 1.39747E-4
34 30 1.49063E-3
34 31 1.59134E-2
34 32 1.46822E-1
34 33 1.01173E0
34 34 2.75293E0
34 35 1.0082E0
34 36 7.67261E-2
34 37 1.24497E-3
34 38 3.40732E-6
34 39 1.09002E-8
34 40 0E0
35 1 4.1332E-11
35 2 2.366E-11
35 3 3.9145E-11
35 4 5.9881E-11
35 5 9.5948E-11
35 6 1.5242E-10
35 7 2.4107E-10
35 8 3.8312E-10
35 9 6.0471E-10
35 10 9.6212E-10
35 11 1.5232E-9
35 12 2.41373E-9
35 13 3.82128E-9
35 14 6.06624E-9
35 15 9.60162E-9
35 16 1.52302E-8
35 17 2.41382E-8
35 18 3.82595E-8
35 19 6.05946E-8
35 20 9.60884E-8
35 21 1.52255E-7
35 22 2.41356E-7
35 23 3.82522E-7
35 24 6.06182E-7
35 25 9.60674E-7
35 26 1.52197E-6
35 27 2.41007E-6
35 28 3.8157E-6
35 29 6.11998E-6
35 30 2.50771E-5
35 31 4.59404E-4
35 32 8.31416E-3
35 33 1.12674E-1
35 34 1.00064E0
35 35 2.93089E0
35 36 9.15188E-1
35 37 4.36634E-2
35 38 3.07242E-4
35 39 7.98361E-7
35 40 0E0
36 1 1.3518E-11
36 2 7.7379E-12
36 3 1.2802E-11
36 4 1.9584E-11
36 5 3.138E-11
36 6 4.985E-11
36 7 7.8841E-11
36 8 1.253E-10
36 9 1.9777E-10
36 10 3.1466E-10
36 11 4.9816E-10
36 12 7.8941E-10
36 13 1.24975E-9
36 14 1.98397E-9
36 15 3.14022E-9
36 16 4.98106E-9
36 17 7.89442E-9
36 18 1.25128E-8
36 19 1.98175E-8
36 20 3.14258E-8
36 21 4.9795E-8
36 22 7.89357E-8
36 23 1.25104E-7
36 24 1.98252E-7
36 25 3.14226E-7
36 26 4.98278E-7
36 27 7.93048E-7
36 28 1.27098E-6
36 29 2.04656E-6
36 30 3.29508E-6
36 31 7.02806E-6
36 32 1.33733E-4
36 33 3.98638E-3
36 34 8.21966E-2
36 35 9.78038E-1
36 36 3.10694E0
36 37 8.15587E-1
36 38 2.26927E-2
36 39 6.19077E-5
36 40 3.43014E-8
37 1 9.2235E-12
37 2 5.2798E-12
37 3 8.7354E-12
37 4 1.3363E-11
37 5 2.1412E-11
37 6 3.4015E-11
37 7 5.3796E-11
37 8 8.5495E-11
37 9 1.3494E-10
37 10 2.1471E-10
37 11 3.3991E-10
37 12 5.3864E-10
37 13 8.5275E-10
37 14 1.35373E-9
37 15 2.14267E-9
37 16 3.39873E-9
37 17 5.38662E-9
37 18 8.53789E-9
37 19 1.35221E-8
37 20 2.14428E-8
37 21 3.39767E-8
37 22 5.38604E-8
37 23 8.53625E-8
37 24 1.35274E-7
37 25 2.14406E-7
37 26 3.3981E-7
37 27 5.38484E-7
37 28 8.52147E-7
37 29 1.344E-6
37 30 2.11149E-6
37 31 3.30709E-6
37 32 5.28173E-6
37 33 3.67993E-5
37 34 1.70542E-3
37 35 5.69625E-2
37 36 9.46748E-1
37 37 3.27644E0
37 38 7.15098E-1
37 39 1.06529E-2
37 40 9.48543E-6
38 1 7.123E-12
38 2 4.0775E-12
38 3 6.7461E-12
38 4 1.032E-11
38 5 1.6536E-11
38 6 2.6268E-11
38 7 4.1545E-11
38 8 6.6026E-11
38 9 1.0421E-10
38 10 1.6581E-10
38 11 2.6251E-10
38 12 4.1598E-10
38 13 6.5855E-10
38 14 1.04545E-9
38 15 1.65473E-9
38 16 2.62475E-9
38 17 4.15993E-9
38 18 6.59358E-9
38 19 1.04428E-8
38 20 1.65597E-8
38 21 2.62393E-8
38 22 4.15949E-8
38 23 6.59231E-8
38 24 1.04468E-7
38 25 1.6558E-7
38 26 2.62425E-7
38 27 4.15913E-7
38 28 6.59444E-7
38 29 1.04854E-6
38 30 1.67733E-6
38 31 2.70348E-6
38 32 4.38314E-6
38 33 7.11638E-6
38 34 1.58161E-5
38 35 6.45475E-4
38 36 3.73976E-2
38 37 9.08687E-1
38 38 3.43645E0
38 39 6.1849E-1
38 40 4.42735E-3
39 1 2.7123E-12
39 2 1.5526E-12
39 3 2.5688E-12
39 4 3.9295E-12
39 5 6.2963E-12
39 6 1.0002E-11
39 7 1.5819E-11
39 8 2.5141E-11
39 9 3.9682E-11
39 10 6.3137E-11
39 11 9.9956E-11
39 12 1.5839E-10
39 13 2.5076E-10
39 14 3.9808E-10
39 15 6.3008E-10
39 16 9.9944E-10
39 17 1.584E-9
39 18 2.51067E-9
39 19 3.97634E-9
39 20 6.30552E-9
39 21 9.99127E-9
39 22 1.58383E-8
39 23 2.51019E-8
39 24 3.97789E-8
39 25 6.30488E-8
39 26 9.9925E-8
39 27 1.58369E-7
39 28 2.50998E-7
39 29 3.97957E-7
39 30 6.32841E-7
39 31 1.01317E-6
39 32 1.63576E-6
39 33 2.65921E-6
39 34 4.3285E-6
39 35 7.65709E-6
39 36 2.11176E-4
39 37 2.30736E-2
39 38 8.66573E-1
39 39 3.58458E0
39 40 5.30397E-1
40 1 2.3554E-12
40 2 1.3483E-12
40 3 2.2307E-12
40 4 3.4124E-12
40 5 5.4678E-12
40 6 8.6861E-12
40 7 1.3738E-11
40 8 2.1833E-11
40 9 3.446E-11
40 10 5.4828E-11
40 11 8.6802E-11
40 12 1.3755E-10
40 13 2.1776E-10
40 14 3.4569E-10
40 15 5.4716E-10
40 16 8.6792E-10
40 17 1.37555E-9
40 18 2.18028E-9
40 19 3.45308E-9
40 20 5.47575E-9
40 21 8.67648E-9
40 22 1.37541E-8
40 23 2.17986E-8
40 24 3.45443E-8
40 25 5.4752E-8
40 26 8.67755E-8
40 27 1.37529E-7
40 28 2.17968E-7
40 29 3.45454E-7
40 30 5.47465E-7
40 31 8.67316E-7
40 32 1.37325E-6
40 33 2.17042E-6
40 34 3.42227E-6
40 35 5.3938E-6
40 36 8.51192E-6
40 37 5.83565E-5
40 38 1.31295E-2
40 39 8.2248E-1
40 40 4.16817E0
