1 1 4.89555E-1
1 2 1.82655E-1
1 3 2.37918E-1
1 4 2.82929E-1
1 5 3.51216E-1
1 6 4.2852E-1
1 7 5.16107E-1
1 8 6.1782E-1
1 9 7.24771E-1
1 10 8.42335E-1
1 11 9.52936E-1
1 12 1.05042E0
1 13 1.11834E0
1 14 1.14353E0
1 15 1.10414E0
1 16 9.98296E-1
1 17 8.27961E-1
1 18 6.1703E-1
1 19 4.01944E-1
1 20 2.21615E-1
1 21 9.89301E-2
1 22 3.39851E-2
1 23 8.41448E-3
1 24 1.38624E-3
1 25 1.37707E-4
1 26 8.55905E-6
1 27 1.00534E-6
1 28 0E0
1 29 0E0
1 30 0E0
1 31 0E0
1 32 0E0
1 33 0E0
1 34 0E0
1 35 0E0
1 36 0E0
1 37 0E0
1 38 0E0
1 39 0E0
1 40 0E0
2 1 3.87135E-1
2 2 1.583E-1
2 3 2.13792E-1
2 4 2.55824E-1
2 5 3.17659E-1
2 6 3.87683E-1
2 7 4.67083E-1
2 8 5.59364E-1
2 9 6.56557E-1
2 10 7.63596E-1
2 11 8.64589E-1
2 12 9.54019E-1
2 13 1.017E0
2 14 1.04168E0
2 15 1.00787E0
2 16 9.13624E-1
2 17 7.60146E-1
2 18 5.68775E-1
2 19 3.7232E-1
2 20 2.0653E-1
2 21 9.28777E-2
2 22 3.21936E-2
2 23 8.05754E-3
2 24 1.3447E-3
2 25 1.35655E-4
2 26 8.55779E-6
2 27 1.01105E-6
2 28 0E0
2 29 0E0
2 30 0E0
2 31 0E0
2 32 0E0
2 33 0E0
2 34 0E0
2 35 0E0
2 36 0E0
2 37 0E0
2 38 0E0
2 39 0E0
2 40 0E0
3 1 3.01541E-1
3 2 1.29257E-1
3 3 1.85765E-1
3 4 2.30803E-1
3 5 2.87847E-1
3 6 3.51424E-1
3 7 4.2358E-1
3 8 5.07514E-1
3 9 5.96124E-1
3 10 6.93885E-1
3 11 7.86486E-1
3 12 8.68951E-1
3 13 9.27793E-1
3 14 9.52279E-1
3 15 9.23726E-1
3 16 8.40012E-1
3 17 7.01655E-1
3 18 5.27571E-1
3 19 3.47419E-1
3 20 1.94145E-1
3 21 8.80935E-2
3 22 3.08683E-2
3 23 7.82718E-3
3 24 1.32671E-3
3 25 1.3633E-4
3 26 8.75382E-6
3 27 1.04132E-6
3 28 0E0
3 29 0E0
3 30 0E0
3 31 0E0
3 32 0E0
3 33 0E0
3 34 0E0
3 35 0E0
3 36 0E0
3 37 0E0
3 38 0E0
3 39 0E0
3 40 0E0
4 1 2.30018E-1
4 2 1.00302E-1
4 3 1.50865E-1
4 4 2.01759E-1
4 5 2.61167E-1
4 6 3.1985E-1
4 7 3.85723E-1
4 8 4.62474E-1
4 9 5.43636E-1
4 10 6.33443E-1
4 11 7.18925E-1
4 12 7.95568E-1
4 13 8.51106E-1
4 14 8.75742E-1
4 15 8.52154E-1
4 16 7.77921E-1
4 17 6.52921E-1
4 18 4.9382E-1
4 19 3.27553E-1
4 20 1.8467E-1
4 21 8.4698E-2
4 22 3.00633E-2
4 23 7.74115E-3
4 24 1.33621E-3
4 25 1.4027E-4
4 26 9.18949E-6
4 27 1.10154E-6
4 28 0E0
4 29 0E0
4 30 0E0
4 31 0E0
4 32 0E0
4 33 0E0
4 34 0E0
4 35 0E0
4 36 0E0
4 37 0E0
4 38 0E0
4 39 0E0
4 40 0E0
5 1 1.80862E-1
5 2 7.79642E-2
5 3 1.1748E-1
5 4 1.63516E-1
5 5 2.29797E-1
5 6 2.92197E-1
5 7 3.5319E-1
5 8 4.23811E-1
5 9 4.98635E-1
5 10 5.81769E-1
5 11 6.61323E-1
5 12 7.33253E-1
5 13 7.863E-1
5 14 8.11488E-1
5 15 7.92606E-1
5 16 7.26917E-1
5 17 6.13616E-1
5 18 4.67357E-1
5 19 3.12674E-1
5 20 1.78121E-1
5 21 8.27257E-2
5 22 2.9806E-2
5 23 7.81185E-3
5 24 1.37671E-3
5 25 1.48049E-4
5 26 9.91697E-6
5 27 1.19866E-6
5 28 0E0
5 29 0E0
5 30 0E0
5 31 0E0
5 32 0E0
5 33 0E0
5 34 0E0
5 35 0E0
5 36 0E0
5 37 0E0
5 38 0E0
5 39 0E0
5 40 0E0
6 1 1.39066E-1
6 2 5.96946E-2
6 3 9.01324E-2
6 4 1.26029E-1
6 5 1.84899E-1
6 6 2.58706E-1
6 7 3.24844E-1
6 8 3.90566E-1
6 9 4.601E-1
6 10 5.37478E-1
6 11 6.12251E-1
6 12 6.80442E-1
6 13 7.31763E-1
6 14 7.57876E-1
6 15 7.43628E-1
6 16 6.85796E-1
6 17 5.82881E-1
6 18 4.4766E-1
6 19 3.02559E-1
6 20 1.74494E-1
6 21 8.22491E-2
6 22 3.01592E-2
6 23 8.06967E-3
6 24 1.457E-3
6 25 1.61129E-4
6 26 1.10722E-5
6 27 1.35085E-6
6 28 0E0
6 29 0E0
6 30 0E0
6 31 0E0
6 32 0E0
6 33 0E0
6 34 0E0
6 35 0E0
6 36 0E0
6 37 0E0
6 38 0E0
6 39 0E0
6 40 0E0
7 1 1.02427E-1
7 2 4.39496E-2
7 3 6.72239E-2
7 4 9.49994E-2
7 5 1.40616E-1
7 6 2.06455E-1
7 7 2.8981E-1
7 8 3.62375E-1
7 9 4.27743E-1
7 10 5.00612E-1
7 11 5.71453E-1
7 12 6.36844E-1
7 13 6.87197E-1
7 14 7.14655E-1
7 15 7.0497E-1
7 16 6.54381E-1
7 17 5.60625E-1
7 18 4.34799E-1
7 19 2.9735E-1
7 20 1.73957E-1
7 21 8.34146E-2
7 22 3.12145E-2
7 23 8.55431E-3
7 24 1.58831E-3
7 25 1.81411E-4
7 26 1.28386E-5
7 27 1.58282E-6
7 28 0E0
7 29 0E0
7 30 0E0
7 31 0E0
7 32 0E0
7 33 0E0
7 34 0E0
7 35 0E0
7 36 0E0
7 37 0E0
7 38 0E0
7 39 0E0
7 40 0E0
8 1 7.62502E-2
8 2 3.27717E-2
8 3 5.01931E-2
8 4 7.1171E-2
8 5 1.05651E-1
8 6 1.55725E-1
8 7 2.29327E-1
8 8 3.25667E-1
8 9 4.00701E-1
8 10 4.70135E-1
8 11 5.38015E-1
8 12 6.01546E-1
8 13 6.5172E-1
8 14 6.81075E-1
8 15 6.76059E-1
8 16 6.32348E-1
8 17 5.46825E-1
8 18 4.28948E-1
8 19 2.97395E-1
8 20 1.76878E-1
8 21 8.65051E-2
8 22 3.31331E-2
8 23 9.33143E-3
8 24 1.78859E-3
8 25 2.11921E-4
8 26 1.52034E-5
8 27 1.51132E-6
8 28 0E0
8 29 0E0
8 30 0E0
8 31 0E0
8 32 0E0
8 33 0E0
8 34 0E0
8 35 0E0
8 36 0E0
8 37 0E0
8 38 0E0
8 39 0E0
8 40 0E0
9 1 5.85669E-2
9 2 2.46536E-2
9 3 3.715E-2
9 4 5.2377E-2
9 5 7.82078E-2
9 6 1.15927E-1
9 7 1.7145E-1
9 8 2.56022E-1
9 9 3.63499E-1
9 10 4.45481E-1
9 11 5.11463E-1
9 12 5.74084E-1
9 13 6.24979E-1
9 14 6.56976E-1
9 15 6.56864E-1
9 16 6.19949E-1
9 17 5.41996E-1
9 18 4.30825E-1
9 19 3.03491E-1
9 20 1.83954E-1
9 21 9.20115E-2
9 22 3.61818E-2
9 23 1.05056E-2
9 24 2.08551E-3
9 25 2.57148E-4
9 26 1.85173E-5
9 27 1.02255E-6
9 28 0E0
9 29 0E0
9 30 0E0
9 31 0E0
9 32 0E0
9 33 0E0
9 34 0E0
9 35 0E0
9 36 0E0
9 37 0E0
9 38 0E0
9 39 0E0
9 40 0E0
10 1 4.23294E-2
10 2 1.78455E-2
10 3 2.70457E-2
10 4 3.82548E-2
10 5 5.71373E-2
10 6 8.49354E-2
10 7 1.26029E-1
10 8 1.88836E-1
10 9 2.82959E-1
10 10 4.0818E-1
10 11 4.91558E-1
10 12 5.54183E-1
10 13 6.0669E-1
10 14 6.42071E-1
10 15 6.47257E-1
10 16 6.17159E-1
10 17 5.46294E-1
10 18 4.40807E-1
10 19 3.16177E-1
10 20 1.95791E-1
10 21 1.00452E-1
10 22 4.06969E-2
10 23 1.22331E-2
10 24 2.52754E-3
10 25 3.26282E-4
10 26 2.44132E-5
10 27 1.1409E-6
10 28 0E0
10 29 0E0
10 30 0E0
10 31 0E0
10 32 0E0
10 33 0E0
10 34 0E0
10 35 0E0
10 36 0E0
10 37 0E0
10 38 0E0
10 39 0E0
10 40 0E0
11 1 2.95163E-2
11 2 1.24755E-2
11 3 1.88917E-2
11 4 2.67078E-2
11 5 3.99991E-2
11 6 5.99773E-2
11 7 8.99135E-2
11 8 1.35829E-1
11 9 2.04998E-1
11 10 3.14272E-1
11 11 4.56007E-1
11 12 5.42344E-1
11 13 5.97327E-1
11 14 6.36984E-1
11 15 6.48024E-1
11 16 6.24943E-1
11 17 5.60868E-1
11 18 4.60193E-1
11 19 3.36788E-1
11 20 2.13622E-1
11 21 1.12769E-1
11 22 4.72541E-2
11 23 1.47763E-2
11 24 3.19702E-3
11 25 4.35446E-4
11 26 3.41512E-5
11 27 1.6592E-6
11 28 0E0
11 29 0E0
11 30 0E0
11 31 0E0
11 32 0E0
11 33 0E0
11 34 0E0
11 35 0E0
11 36 0E0
11 37 0E0
11 38 0E0
11 39 0E0
11 40 0E0
12 1 2.13043E-2
12 2 8.99585E-3
12 3 1.35716E-2
12 4 1.90587E-2
12 5 2.82543E-2
12 6 4.18077E-2
12 7 6.25378E-2
12 8 9.53144E-2
12 9 1.4513E-1
12 10 2.24126E-1
12 11 3.47333E-1
12 12 5.09212E-1
12 13 5.95258E-1
12 14 6.40307E-1
12 15 6.58455E-1
12 16 6.43311E-1
12 17 5.86614E-1
12 18 4.9063E-1
12 19 3.67385E-1
12 20 2.39468E-1
12 21 1.30514E-1
12 22 5.67756E-2
12 23 1.85375E-2
12 24 4.21412E-3
12 25 6.07142E-4
12 26 4.98725E-5
12 27 2.40391E-6
12 28 0E0
12 29 0E0
12 30 0E0
12 31 0E0
12 32 0E0
12 33 0E0
12 34 0E0
12 35 0E0
12 36 0E0
12 37 0E0
12 38 0E0
12 39 0E0
12 40 0E0
13 1 1.33623E-2
13 2 5.67717E-3
13 3 8.59184E-3
13 4 1.20984E-2
13 5 1.80237E-2
13 6 2.69893E-2
13 7 4.08619E-2
13 8 6.30884E-2
13 9 9.78148E-2
13 10 1.5351E-1
13 11 2.41221E-1
13 12 3.82685E-1
13 13 5.6893E-1
13 14 6.5537E-1
13 15 6.81454E-1
13 16 6.74898E-1
13 17 6.25804E-1
13 18 5.34135E-1
13 19 4.09901E-1
13 20 2.75181E-1
13 21 1.55364E-1
13 22 7.04862E-2
13 23 2.4192E-2
13 24 5.83337E-3
13 25 9.00948E-4
13 26 7.96999E-5
13 27 4.06285E-6
13 28 0E0
13 29 0E0
13 30 0E0
13 31 0E0
13 32 0E0
13 33 0E0
13 34 0E0
13 35 0E0
13 36 0E0
13 37 0E0
13 38 0E0
13 39 0E0
13 40 0E0
14 1 9.42968E-3
14 2 4.00797E-3
14 3 6.06694E-3
14 4 8.54559E-3
14 5 1.27095E-2
14 6 1.8905E-2
14 7 2.83088E-2
14 8 4.30655E-2
14 9 6.58875E-2
14 10 1.03493E-1
14 11 1.63498E-1
14 12 2.61002E-1
14 13 4.20759E-1
14 14 6.33087E-1
14 15 7.12301E-1
14 16 7.17234E-1
14 17 6.7853E-1
14 18 5.93335E-1
14 19 4.68661E-1
14 20 3.25529E-1
14 21 1.91266E-1
14 22 9.08597E-2
14 23 3.28757E-2
14 24 8.41419E-3
14 25 1.3891E-3
14 26 1.31828E-4
14 27 7.06323E-6
14 28 0E0
14 29 0E0
14 30 0E0
14 31 0E0
14 32 0E0
14 33 0E0
14 34 0E0
14 35 0E0
14 36 0E0
14 37 0E0
14 38 0E0
14 39 0E0
14 40 0E0
15 1 5.80102E-3
15 2 2.47829E-3
15 3 3.76182E-3
15 4 5.31624E-3
15 5 7.93648E-3
15 6 1.18503E-2
15 7 1.78145E-2
15 8 2.72993E-2
15 9 4.22252E-2
15 10 6.67711E-2
15 11 1.06283E-1
15 12 1.7132E-1
15 13 2.79317E-1
15 14 4.62073E-1
15 15 7.03122E-1
15 16 7.74994E-1
15 17 7.48887E-1
15 18 6.71955E-1
15 19 5.47438E-1
15 20 3.94557E-1
15 21 2.42194E-1
15 22 1.21113E-1
15 23 4.65289E-2
15 24 1.27631E-2
15 25 2.28153E-3
15 26 2.36898E-4
15 27 1.3424E-5
15 28 5.39578E-7
15 29 3.46597E-7
15 30 5.22947E-8
15 31 0E0
15 32 0E0
15 33 0E0
15 34 0E0
15 35 0E0
15 36 0E0
15 37 0E0
15 38 0E0
15 39 0E0
15 40 0E0
16 1 3.26207E-3
16 2 1.40268E-3
16 3 2.13629E-3
16 4 3.03144E-3
16 5 4.54837E-3
16 6 6.83275E-3
16 7 1.03419E-2
16 8 1.59639E-2
16 9 2.49023E-2
16 10 3.98418E-2
16 11 6.44635E-2
16 12 1.05868E-1
16 13 1.75881E-1
16 14 2.96677E-1
16 15 5.04511E-1
16 16 7.83155E-1
16 17 8.4042E-1
16 18 7.74824E-1
16 19 6.52467E-1
16 20 4.89396E-1
16 21 3.15064E-1
16 22 1.66694E-1
16 23 6.84612E-2
16 24 2.03123E-2
16 25 3.97817E-3
16 26 4.59128E-4
16 27 2.78039E-5
16 28 2.24818E-6
16 29 7.86165E-7
16 30 1.23665E-7
16 31 0E0
16 32 0E0
16 33 0E0
16 34 0E0
16 35 0E0
16 36 0E0
16 37 0E0
16 38 0E0
16 39 0E0
16 40 0E0
17 1 1.82105E-3
17 2 7.87879E-4
17 3 1.20373E-3
17 4 1.71475E-3
17 5 2.58466E-3
17 6 3.90417E-3
17 7 5.94706E-3
17 8 9.23749E-3
17 9 1.44847E-2
17 10 2.3292E-2
17 11 3.79154E-2
17 12 6.28204E-2
17 13 1.05666E-1
17 14 1.80992E-1
17 15 3.13432E-1
17 16 5.50113E-1
17 17 8.67175E-1
17 18 9.04235E-1
17 19 7.90094E-1
17 20 6.19715E-1
17 21 4.20708E-1
17 22 2.36976E-1
17 23 1.04679E-1
17 24 3.37826E-2
17 25 7.28506E-3
17 26 9.37791E-4
17 27 6.29221E-5
17 28 3.45619E-6
17 29 5.76903E-8
17 30 2.2295E-9
17 31 0E0
17 32 0E0
17 33 0E0
17 34 0E0
17 35 0E0
17 36 0E0
17 37 0E0
17 38 0E0
17 39 0E0
17 40 0E0
18 1 8.62162E-4
18 2 3.7625E-4
18 3 5.77454E-4
18 4 8.27171E-4
18 5 1.25523E-3
18 6 1.91182E-3
18 7 2.94163E-3
18 8 4.62422E-3
18 9 7.35245E-3
18 10 1.20135E-2
18 11 1.99168E-2
18 12 3.36886E-2
18 13 5.79929E-2
18 14 1.01874E-1
18 15 1.81303E-1
18 16 3.27691E-1
18 17 5.97495E-1
18 18 9.61905E-1
18 19 9.69515E-1
18 20 7.96492E-1
18 21 5.72191E-1
18 22 3.44954E-1
18 23 1.65176E-1
18 24 5.86127E-2
18 25 1.41194E-2
18 26 2.06667E-3
18 27 1.60184E-4
18 28 6.86388E-6
18 29 1.624E-7
18 30 4.90286E-9
18 31 0E0
18 32 0E0
18 33 0E0
18 34 0E0
18 35 0E0
18 36 0E0
18 37 0E0
18 38 0E0
18 39 0E0
18 40 0E0
19 1 3.5459E-4
19 2 1.55425E-4
19 3 2.38899E-4
19 4 3.43036E-4
19 5 5.22492E-4
19 6 8.00296E-4
19 7 1.24171E-3
19 8 1.97528E-3
19 9 3.19259E-3
19 10 5.32986E-3
19 11 9.07014E-3
19 12 1.58034E-2
19 13 2.8089E-2
19 14 5.10436E-2
19 15 9.42285E-2
19 16 1.77281E-1
19 17 3.37314E-1
19 18 6.45876E-1
19 19 1.06766E0
19 20 1.03705E0
19 21 7.89571E-1
19 22 5.11029E-1
19 23 2.6669E-1
19 24 1.05003E-1
19 25 2.86688E-2
19 26 4.87877E-3
19 27 4.53212E-4
19 28 2.00516E-5
19 29 5.77447E-7
19 30 1.93899E-8
19 31 0E0
19 32 0E0
19 33 0E0
19 34 0E0
19 35 0E0
19 36 0E0
19 37 0E0
19 38 0E0
19 39 0E0
19 40 0E0
20 1 1.33073E-4
20 2 5.96611E-5
20 3 9.24377E-5
20 4 1.33946E-4
20 5 2.06135E-4
20 6 3.19396E-4
20 7 5.0169E-4
20 8 8.08392E-4
20 9 1.32382E-3
20 10 2.24118E-3
20 11 3.87742E-3
20 12 6.8919E-3
20 13 1.25472E-2
20 14 2.34904E-2
20 15 4.48272E-2
20 16 8.74105E-2
20 17 1.73279E-1
20 18 3.47174E-1
20 19 6.9651E-1
20 20 1.17786E0
20 21 1.09383E0
20 22 7.66619E-1
20 23 4.40196E-1
20 24 1.93948E-1
20 25 6.02786E-2
20 26 1.18681E-2
20 27 1.2931E-3
20 28 6.64521E-5
20 29 1.89664E-6
20 30 6.04492E-8
20 31 0E0
20 32 0E0
20 33 0E0
20 34 0E0
20 35 0E0
20 36 0E0
20 37 0E0
20 38 0E0
20 39 0E0
20 40 0E0
21 1 3.89264E-5
21 2 1.81286E-5
21 3 2.83993E-5
21 4 4.16933E-5
21 5 6.51363E-5
21 6 1.02705E-4
21 7 1.6459E-4
21 8 2.71286E-4
21 9 4.55599E-4
21 10 7.93188E-4
21 11 1.41556E-3
21 12 2.60288E-3
21 13 4.90697E-3
21 14 9.48848E-3
21 15 1.87339E-2
21 16 3.80428E-2
21 17 7.89143E-2
21 18 1.66282E-1
21 19 3.52597E-1
21 20 7.46343E-1
21 21 1.29548E0
21 22 1.14739E0
21 23 7.28988E-1
21 24 3.62696E-1
21 25 1.30119E-1
21 26 3.0281E-2
21 27 4.00036E-3
21 28 2.53796E-4
21 29 7.62885E-6
21 30 2.2474E-7
21 31 0E0
21 32 0E0
21 33 0E0
21 34 0E0
21 35 0E0
21 36 0E0
21 37 0E0
21 38 0E0
21 39 0E0
21 40 0E0
22 1 8.23783E-6
22 2 4.23648E-6
22 3 6.70362E-6
22 4 9.95572E-6
22 5 1.57686E-5
22 6 2.52766E-5
22 7 4.13058E-5
22 8 6.96671E-5
22 9 1.20198E-4
22 10 2.15925E-4
22 11 3.99533E-4
22 12 7.66879E-4
22 13 1.51746E-3
22 14 3.08138E-3
22 15 6.38318E-3
22 16 1.36377E-2
22 17 2.99872E-2
22 18 6.74812E-2
22 19 1.5382E-1
22 20 3.51905E-1
22 21 7.95536E-1
22 22 1.42588E0
22 23 1.19355E0
22 24 6.75174E-1
22 25 2.83015E-1
22 26 7.92637E-2
22 27 1.30149E-2
22 28 1.06212E-3
22 29 3.59903E-5
22 30 9.32232E-7
22 31 3.96293E-9
22 32 0E0
22 33 0E0
22 34 0E0
22 35 0E0
22 36 0E0
22 37 0E0
22 38 0E0
22 39 0E0
22 40 0E0
23 1 1.21373E-6
23 2 6.94797E-7
23 3 1.14712E-6
23 4 1.74915E-6
23 5 2.81503E-6
23 6 4.56411E-6
23 7 7.55729E-6
23 8 1.29645E-5
23 9 2.28748E-5
23 10 4.23594E-5
23 11 8.1601E-5
23 12 1.6503E-4
23 13 3.50124E-4
23 14 7.72846E-4
23 15 1.73648E-3
23 16 3.97343E-3
23 17 9.27308E-3
23 18 2.2233E-2
23 19 5.47808E-2
23 20 1.37372E-1
23 21 3.43724E-1
23 22 8.42214E-1
23 23 1.56784E0
23 24 1.22972E0
23 25 6.0621E-1
23 26 2.06988E-1
23 27 4.31417E-2
23 28 4.68007E-3
23 29 2.16294E-4
23 30 5.06764E-6
23 31 1.31089E-7
23 32 0E0
23 33 0E0
23 34 0E0
23 35 0E0
23 36 0E0
23 37 0E0
23 38 0E0
23 39 0E0
23 40 0E0
24 1 1.92381E-7
24 2 1.10126E-7
24 3 1.82202E-7
24 4 2.7872E-7
24 5 4.46606E-7
24 6 7.10169E-7
24 7 1.13329E-6
24 8 1.88933E-6
24 9 3.29485E-6
24 10 6.1813E-6
24 11 1.23037E-5
24 12 2.6018E-5
24 13 5.83253E-5
24 14 1.38982E-4
24 15 3.42623E-4
24 16 8.5936E-4
24 17 2.18807E-3
24 18 5.70641E-3
24 19 1.53276E-2
24 20 4.25079E-2
24 21 1.19272E-1
24 22 3.31244E-1
24 23 8.86793E-1
24 24 1.71591E0
24 25 1.25102E0
24 26 5.2614E-1
24 27 1.40941E-1
24 28 2.0552E-2
24 29 1.33702E-3
24 30 3.19114E-5
24 31 6.37075E-7
24 32 0E0
24 33 0E0
24 34 0E0
24 35 0E0
24 36 0E0
24 37 0E0
24 38 0E0
24 39 0E0
24 40 0E0
25 1 3.89954E-8
25 2 2.23224E-8
25 3 3.69321E-8
25 4 5.64962E-8
25 5 9.0525E-8
25 6 1.43808E-7
25 7 2.27441E-7
25 8 3.61461E-7
25 9 5.70764E-7
25 10 9.17407E-7
25 11 1.56376E-6
25 12 2.99021E-6
25 13 6.59814E-6
25 14 1.67091E-5
25 15 4.6395E-5
25 16 1.32929E-4
25 17 3.73291E-4
25 18 1.06026E-3
25 19 3.12355E-3
25 20 9.65218E-3
25 21 3.08363E-2
25 22 9.9297E-2
25 23 3.12161E-1
25 24 9.26761E-1
25 25 1.87298E0
25 26 1.25645E0
25 27 4.38631E-1
25 28 8.80067E-2
25 29 8.34909E-3
25 30 2.92743E-4
25 31 3.3995E-6
25 32 9.21373E-8
25 33 0E0
25 34 0E0
25 35 0E0
25 36 0E0
25 37 0E0
25 38 0E0
25 39 0E0
25 40 0E0
26 1 1.12103E-8
26 2 6.41721E-9
26 3 1.06172E-8
26 4 1.62414E-8
26 5 2.6024E-8
26 6 4.13419E-8
26 7 6.53845E-8
26 8 1.03913E-7
26 9 1.64014E-7
26 10 2.60956E-7
26 11 4.13137E-7
26 12 6.5516E-7
26 13 1.06117E-6
26 14 1.89822E-6
26 15 4.30136E-6
26 16 1.39406E-5
26 17 5.40311E-5
26 18 1.85364E-4
26 19 5.86463E-4
26 20 1.85072E-3
26 21 6.08578E-3
26 22 2.13126E-2
26 23 7.81014E-2
26 24 2.83196E-1
26 25 9.56976E-1
26 26 2.04563E0
26 27 1.24404E0
26 28 3.47161E-1
26 29 4.97692E-2
26 30 2.92345E-3
26 31 5.32434E-5
26 32 1.63392E-6
26 33 1.57901E-7
26 34 0E0
26 35 0E0
26 36 0E0
26 37 0E0
26 38 0E0
26 39 0E0
26 40 0E0
27 1 4.3281E-9
27 2 2.47756E-9
27 3 4.0991E-9
27 4 6.2705E-9
27 5 1.00474E-8
27 6 1.59613E-8
27 7 2.52437E-8
27 8 4.01186E-8
27 9 6.33225E-8
27 10 1.0075E-7
27 11 1.59504E-7
27 12 2.52757E-7
27 13 4.0015E-7
27 14 6.35251E-7
27 15 1.01022E-6
27 16 1.68211E-6
27 17 3.45864E-6
27 18 1.11314E-5
27 19 4.21235E-5
27 20 1.6659E-4
27 21 6.93224E-4
27 22 2.98057E-3
27 23 1.31453E-2
27 24 5.90746E-2
27 25 2.54802E-1
27 26 9.85426E-1
27 27 2.21284E0
27 28 1.21254E0
27 29 2.62842E-1
27 30 2.50413E-2
27 31 7.90241E-4
27 32 8.06753E-6
27 33 3.01707E-7
27 34 0E0
27 35 0E0
27 36 0E0
27 37 0E0
27 38 0E0
27 39 0E0
27 40 0E0
28 1 1.35104E-9
28 2 7.7338E-10
28 3 1.27955E-9
28 4 1.95737E-9
28 5 3.13634E-9
28 6 4.9824E-9
28 7 7.87995E-9
28 8 1.25232E-8
28 9 1.97665E-8
28 10 3.14497E-8
28 11 4.979E-8
28 12 7.88994E-8
28 13 1.24909E-7
28 14 1.98292E-7
28 15 3.13855E-7
28 16 4.97859E-7
28 17 7.93344E-7
28 18 1.35429E-6
28 19 3.22666E-6
28 20 1.21961E-5
28 21 5.88847E-5
28 22 2.85065E-4
28 23 1.40024E-3
28 24 7.48471E-3
28 25 4.16187E-2
28 26 2.19993E-1
28 27 1.00343E0
28 28 2.39028E0
28 29 1.16128E0
28 30 1.87135E-1
28 31 1.10517E-2
28 32 1.7128E-4
28 33 7.97973E-7
28 34 3.33066E-9
28 35 0E0
28 36 0E0
28 37 0E0
28 38 0E0
28 39 0E0
28 40 0E0
29 1 3.9892E-10
29 2 2.2836E-10
29 3 3.7781E-10
29 4 5.7795E-10
29 5 9.2607E-10
29 6 1.47116E-9
29 7 2.32672E-9
29 8 3.69774E-9
29 9 5.83646E-9
29 10 9.28617E-9
29 11 1.47015E-8
29 12 2.32967E-8
29 13 3.68819E-8
29 14 5.85497E-8
29 15 9.26722E-8
29 16 1.46998E-7
29 17 2.32975E-7
29 18 3.69271E-7
29 19 5.85992E-7
29 20 1.08787E-6
29 21 4.59918E-6
29 22 2.81075E-5
29 23 1.4136E-4
29 24 7.34038E-4
29 25 4.29524E-3
29 26 2.8035E-2
29 27 1.82221E-1
29 28 1.00717E0
29 29 2.57768E0
29 30 1.08995E0
29 31 1.24765E-1
29 32 4.27256E-3
29 33 2.81402E-5
29 34 7.03579E-8
29 35 0E0
29 36 0E0
29 37 0E0
29 38 0E0
29 39 0E0
29 40 0E0
30 1 2.4369E-10
30 2 1.395E-10
30 3 2.308E-10
30 4 3.5306E-10
30 5 5.6572E-10
30 6 8.987E-10
30 7 1.42135E-9
30 8 2.25888E-9
30 9 3.56538E-9
30 10 5.67274E-9
30 11 8.98088E-9
30 12 1.42315E-8
30 13 2.25305E-8
30 14 3.57669E-8
30 15 5.66116E-8
30 16 8.97982E-8
30 17 1.4232E-7
30 18 2.2558E-7
30 19 3.57269E-7
30 20 5.68155E-7
30 21 9.35415E-7
30 22 1.7419E-6
30 23 4.45204E-6
30 24 2.1446E-5
30 25 1.7067E-4
30 26 1.65452E-3
30 27 1.6626E-2
30 28 1.48139E-1
30 29 1.00826E0
30 30 2.75294E0
30 31 1.0091E0
30 32 7.72571E-2
30 33 1.35329E-3
30 34 3.9884E-6
30 35 1.85998E-8
30 36 0E0
30 37 0E0
30 38 0E0
30 39 0E0
30 40 0E0
31 1 2.0243E-10
31 2 1.1588E-10
31 3 1.9172E-10
31 4 2.9328E-10
31 5 4.6992E-10
31 6 7.4652E-10
31 7 1.18066E-9
31 8 1.87637E-9
31 9 2.96163E-9
31 10 4.71214E-9
31 11 7.4601E-9
31 12 1.18216E-8
31 13 1.87152E-8
31 14 2.97103E-8
31 15 4.70253E-8
31 16 7.45921E-8
31 17 1.1822E-7
31 18 1.87381E-7
31 19 2.96771E-7
31 20 4.70606E-7
31 21 7.45729E-7
31 22 1.18399E-6
31 23 1.88877E-6
31 24 3.05362E-6
31 25 6.3543E-6
31 26 4.43173E-5
31 27 6.18748E-4
31 28 9.0593E-3
31 29 1.13326E-1
31 30 9.97821E-1
31 31 2.93076E0
31 32 9.16046E-1
31 33 4.4223E-2
31 34 3.39227E-4
31 35 7.14031E-7
31 36 0E0
31 37 0E0
31 38 0E0
31 39 0E0
31 40 0E0
32 1 6.0801E-11
32 2 3.4805E-11
32 3 5.7584E-11
32 4 8.8088E-11
32 5 1.4114E-10
32 6 2.2422E-10
32 7 3.5462E-10
32 8 5.6358E-10
32 9 8.8955E-10
32 10 1.41533E-9
32 11 2.24071E-9
32 12 3.55072E-9
32 13 5.62129E-9
32 14 8.92374E-9
32 15 1.41245E-8
32 16 2.24044E-8
32 17 3.55085E-8
32 18 5.62816E-8
32 19 8.91377E-8
32 20 1.41351E-7
32 21 2.23974E-7
32 22 3.55046E-7
32 23 5.62683E-7
32 24 8.915E-7
32 25 1.42937E-6
32 26 2.54858E-6
32 27 1.1669E-5
32 28 2.01093E-4
32 29 4.46685E-3
32 30 8.28637E-2
32 31 9.76011E-1
32 32 3.10602E0
32 33 8.16984E-1
32 34 2.3079E-2
32 35 6.64628E-5
32 36 3.31077E-8
32 37 0E0
32 38 0E0
32 39 0E0
32 40 0E0
33 1 4.4792E-11
33 2 2.5641E-11
33 3 4.2422E-11
33 4 6.4894E-11
33 5 1.0398E-10
33 6 1.6519E-10
33 7 2.6125E-10
33 8 4.1519E-10
33 9 6.5533E-10
33 10 1.04268E-9
33 11 1.65073E-9
33 12 2.61582E-9
33 13 4.1412E-9
33 14 6.57412E-9
33 15 1.04055E-8
33 16 1.65053E-8
33 17 2.61591E-8
33 18 4.14627E-8
33 19 6.56678E-8
33 20 1.04133E-7
33 21 1.65002E-7
33 22 2.61563E-7
33 23 4.14553E-7
33 24 6.574E-7
33 25 1.04536E-6
33 26 1.66717E-6
33 27 2.65905E-6
33 28 4.79791E-6
33 29 5.12238E-5
33 30 1.90531E-3
33 31 5.75707E-2
33 32 9.46141E-1
33 33 3.27407E0
33 34 7.17199E-1
33 35 1.08356E-2
33 36 1.00176E-5
33 37 0E0
33 38 0E0
33 39 0E0
33 40 0E0
34 1 2.4185E-11
34 2 1.3845E-11
34 3 2.2906E-11
34 4 3.504E-11
34 5 5.6145E-11
34 6 8.9191E-11
34 7 1.4106E-10
34 8 2.2418E-10
34 9 3.5385E-10
34 10 5.6299E-10
34 11 8.9131E-10
34 12 1.4124E-9
34 13 2.23603E-9
34 14 3.54968E-9
34 15 5.61842E-9
34 16 8.91201E-9
34 17 1.41246E-8
34 18 2.23877E-8
34 19 3.54572E-8
34 20 5.62265E-8
34 21 8.90923E-8
34 22 1.4123E-7
34 23 2.23834E-7
34 24 3.54708E-7
34 25 5.61955E-7
34 26 8.91006E-7
34 27 1.42264E-6
34 28 2.2902E-6
34 29 3.69826E-6
34 30 1.27699E-5
34 31 6.83435E-4
34 32 3.75948E-2
34 33 9.09747E-1
34 34 3.43265E0
34 35 6.21022E-1
34 36 4.48539E-3
34 37 1.86593E-6
34 38 0E0
34 39 0E0
34 40 0E0
35 1 1.6627E-11
35 2 9.5179E-12
35 3 1.5747E-11
35 4 2.4089E-11
35 5 3.8599E-11
35 6 6.1318E-11
35 7 9.6978E-11
35 8 1.5412E-10
35 9 2.4326E-10
35 10 3.8705E-10
35 11 6.1276E-10
35 12 9.71E-10
35 13 1.53724E-9
35 14 2.44035E-9
35 15 3.86258E-9
35 16 6.12687E-9
35 17 9.71041E-9
35 18 1.53912E-8
35 19 2.43762E-8
35 20 3.86548E-8
35 21 6.12496E-8
35 22 9.70937E-8
35 23 1.53882E-7
35 24 2.43857E-7
35 25 3.8658E-7
35 26 6.13704E-7
35 27 9.75778E-7
35 28 1.55149E-6
35 29 2.46527E-6
35 30 3.91515E-6
35 31 6.25181E-6
35 32 1.71299E-4
35 33 2.27199E-2
35 34 8.69439E-1
35 35 3.57965E0
35 36 5.31298E-1
35 37 1.60455E-3
35 38 8.16935E-8
35 39 0E0
35 40 0E0
36 1 1.6141E-11
36 2 9.2398E-12
36 3 1.5287E-11
36 4 2.3385E-11
36 5 3.7471E-11
36 6 5.9526E-11
36 7 9.4143E-11
36 8 1.4962E-10
36 9 2.3615E-10
36 10 3.7574E-10
36 11 5.9485E-10
36 12 9.4263E-10
36 13 1.49231E-9
36 14 2.36904E-9
36 15 3.7497E-9
36 16 5.94782E-9
36 17 9.42663E-9
36 18 1.49414E-8
36 19 2.36639E-8
36 20 3.75252E-8
36 21 5.94597E-8
36 22 9.42562E-8
36 23 1.49385E-7
36 24 2.36731E-7
36 25 3.75214E-7
36 26 5.94748E-7
36 27 9.43385E-7
36 28 1.49804E-6
36 29 2.38003E-6
36 30 3.78004E-6
36 31 6.00083E-6
36 32 9.52248E-6
36 33 4.9712E-5
36 34 1.29839E-2
36 35 8.24734E-1
36 36 3.71585E0
36 37 4.49791E-1
36 38 4.89738E-4
36 39 6.94853E-9
36 40 0E0
37 1 8.2179E-12
37 2 4.7042E-12
37 3 7.7831E-12
37 4 1.1906E-11
37 5 1.9077E-11
37 6 3.0306E-11
37 7 4.7931E-11
37 8 7.6174E-11
37 9 1.2023E-10
37 10 1.913E-10
37 11 3.0286E-10
37 12 4.7992E-10
37 13 7.5978E-10
37 14 1.20614E-9
37 15 1.90907E-9
37 16 3.02819E-9
37 17 4.79935E-9
37 18 7.60706E-9
37 19 1.20479E-8
37 20 1.91051E-8
37 21 3.02725E-8
37 22 4.79883E-8
37 23 7.6056E-8
37 24 1.20526E-7
37 25 1.91031E-7
37 26 3.02762E-7
37 27 4.80023E-7
37 28 7.63836E-7
37 29 1.22605E-6
37 30 1.9893E-6
37 31 3.2527E-6
37 32 5.31557E-6
37 33 8.63732E-6
37 34 1.92864E-5
37 35 6.91133E-3
37 36 7.7944E-1
37 37 3.83904E0
37 38 3.77604E-1
37 39 1.19808E-4
37 40 2.60846E-9
38 1 2.6943E-12
38 2 1.5423E-12
38 3 2.5518E-12
38 4 3.9035E-12
38 5 6.2547E-12
38 6 9.9362E-12
38 7 1.5715E-11
38 8 2.4975E-11
38 9 3.942E-11
38 10 6.2719E-11
38 11 9.9294E-11
38 12 1.5735E-10
38 13 2.491E-10
38 14 3.9545E-10
38 15 6.2591E-10
38 16 9.9283E-10
38 17 1.57352E-9
38 18 2.49406E-9
38 19 3.95004E-9
38 20 6.26381E-9
38 21 9.92517E-9
38 22 1.57335E-8
38 23 2.49358E-8
38 24 3.95157E-8
38 25 6.26317E-8
38 26 9.9264E-8
38 27 1.57321E-7
38 28 2.49282E-7
38 29 3.94413E-7
38 30 6.22E-7
38 31 9.76694E-7
38 32 1.52785E-6
38 33 2.38781E-6
38 34 3.73825E-6
38 35 6.82667E-6
38 36 3.38179E-3
38 37 7.35066E-1
38 38 3.94928E0
38 39 3.14744E-1
38 40 2.25253E-5
39 1 2.5333E-12
39 2 1.4501E-12
39 3 2.3992E-12
39 4 3.6702E-12
39 5 5.8808E-12
39 6 9.3422E-12
39 7 1.4775E-11
39 8 2.3482E-11
39 9 3.7063E-11
39 10 5.897E-11
39 11 9.3359E-11
39 12 1.4794E-10
39 13 2.3421E-10
39 14 3.7181E-10
39 15 5.8849E-10
39 16 9.3348E-10
39 17 1.47946E-9
39 18 2.34497E-9
39 19 3.71391E-9
39 20 5.88936E-9
39 21 9.33185E-9
39 22 1.4793E-8
39 23 2.34452E-8
39 24 3.71535E-8
39 25 5.88876E-8
39 26 9.333E-8
39 27 1.47917E-7
39 28 2.34432E-7
39 29 3.71591E-7
39 30 5.89536E-7
39 31 9.3728E-7
39 32 1.49414E-6
39 33 2.38761E-6
39 34 3.81753E-6
39 35 6.0964E-6
39 36 9.78348E-6
39 37 1.50614E-3
39 38 6.9363E-1
39 39 4.04625E0
39 40 2.60593E-1
40 1 2.6224E-12
40 2 1.5011E-12
40 3 2.4836E-12
40 4 3.7993E-12
40 5 6.0877E-12
40 6 9.6709E-12
40 7 1.5295E-11
40 8 2.4308E-11
40 9 3.8367E-11
40 10 6.1044E-11
40 11 9.6643E-11
40 12 1.5314E-10
40 13 2.4245E-10
40 14 3.8489E-10
40 15 6.0919E-10
40 16 9.6631E-10
40 17 1.5315E-9
40 18 2.42746E-9
40 19 3.84455E-9
40 20 6.09653E-9
40 21 9.66012E-9
40 22 1.53133E-8
40 23 2.42699E-8
40 24 3.84605E-8
40 25 6.09591E-8
40 26 9.66131E-8
40 27 1.5312E-7
40 28 2.42679E-7
40 29 3.84617E-7
40 30 6.09549E-7
40 31 9.65782E-7
40 32 1.52953E-6
40 33 2.41959E-6
40 34 3.82183E-6
40 35 6.03515E-6
40 36 9.5361E-6
40 37 1.50773E-5
40 38 5.80395E-4
40 39 6.5569E-1
40 40 4.3453E0
