1 3.99708E1
2 3.56623E1
3 3.17666E1
4 2.82983E1
5 2.5236E1
6 2.24923E1
7 2.00454E1
8 1.7859E1
9 1.59219E1
10 1.41872E1
11 1.26411E1
12 1.12694E1
13 1.00416E1
14 8.95028E0
15 7.9748E0
16 7.10826E0
17 6.33508E0
18 5.64447E0
19 5.03254E0
20 4.4847E0
21 3.99695E0
22 3.56375E0
23 3.17543E0
24 2.82926E0
25 2.52098E0
26 2.24802E0
27 2.00364E0
28 1.78483E0
29 1.59154E0
30 1.41912E0
31 1.26347E0
32 1.12794E0
33 1.00547E0
34 8.97345E-1
35 8.00172E-1
36 7.13281E-1
37 6.37197E-1
38 5.6963E-1
39 5.06555E-1
40 4.5127E-1
