1 1 3.99483E-1
1 2 1.48636E-1
1 3 1.96021E-1
1 4 2.34896E-1
1 5 2.94111E-1
1 6 3.62776E-1
1 7 4.42958E-1
1 8 5.39482E-1
1 9 6.46754E-1
1 10 7.72476E-1
1 11 9.04498E-1
1 12 1.04098E0
1 13 1.16983E0
1 14 1.28046E0
1 15 1.34749E0
1 16 1.3573E0
1 17 1.28902E0
1 18 1.13873E0
1 19 9.17874E-1
1 20 6.61037E-1
1 21 4.12319E-1
1 22 2.15123E-1
1 23 8.97213E-2
1 24 2.83091E-2
1 25 6.31161E-3
1 26 9.13062E-4
1 27 7.73757E-5
1 28 5.11672E-6
1 29 4.18789E-7
1 30 0E0
1 31 0E0
1 32 0E0
1 33 0E0
1 34 0E0
1 35 0E0
1 36 0E0
1 37 0E0
1 38 0E0
1 39 0E0
1 40 0E0
2 1 3.18282E-1
2 2 1.27995E-1
2 3 1.74498E-1
2 4 2.11371E-1
2 5 2.64797E-1
2 6 3.26658E-1
2 7 3.98917E-1
2 8 4.85948E-1
2 9 5.82717E-1
2 10 6.96199E-1
2 11 8.15535E-1
2 12 9.39041E-1
2 13 1.05591E0
2 14 1.15664E0
2 15 1.21835E0
2 16 1.22876E0
2 17 1.16868E0
2 18 1.03436E0
2 19 8.35774E-1
2 20 6.03638E-1
2 21 3.77887E-1
2 22 1.98046E-1
2 23 8.3055E-2
2 24 2.63824E-2
2 25 5.9303E-3
2 26 8.66381E-4
2 27 7.42893E-5
2 28 4.95899E-6
2 29 4.09248E-7
2 30 0E0
2 31 0E0
2 32 0E0
2 33 0E0
2 34 0E0
2 35 0E0
2 36 0E0
2 37 0E0
2 38 0E0
2 39 0E0
2 40 0E0
3 1 2.49872E-1
3 2 1.05375E-1
3 3 1.50469E-1
3 4 1.88897E-1
3 5 2.38543E-1
3 6 2.94373E-1
3 7 3.59553E-1
3 8 4.38112E-1
3 9 5.25518E-1
3 10 6.28113E-1
3 11 7.36133E-1
3 12 8.48144E-1
3 13 9.54424E-1
3 14 1.04645E0
3 15 1.10362E0
3 16 1.11473E0
3 17 1.06223E0
3 18 9.42313E-1
3 19 7.63671E-1
3 20 5.53543E-1
3 21 3.48082E-1
3 22 1.83438E-1
3 23 7.74507E-2
3 24 2.48055E-2
3 25 5.63169E-3
3 26 8.32661E-4
3 27 7.24244E-5
3 28 4.88913E-6
3 29 4.07587E-7
3 30 0E0
3 31 0E0
3 32 0E0
3 33 0E0
3 34 0E0
3 35 0E0
3 36 0E0
3 37 0E0
3 38 0E0
3 39 0E0
3 40 0E0
4 1 1.92091E-1
4 2 8.28238E-2
4 3 1.23326E-1
4 4 1.6364E-1
4 5 2.14308E-1
4 6 2.66012E-1
4 7 3.25008E-1
4 8 3.96133E-1
4 9 4.75361E-1
4 10 5.68441E-1
4 11 6.66582E-1
4 12 7.68629E-1
4 13 8.65766E-1
4 14 9.50337E-1
4 15 1.00379E0
4 16 1.01572E0
4 17 9.70147E-1
4 18 8.63113E-1
4 19 7.0199E-1
4 20 5.11108E-1
4 21 3.23155E-1
4 22 1.71452E-1
4 23 7.29848E-2
4 24 2.36083E-2
4 25 5.42416E-3
4 26 8.13461E-4
4 27 7.19554E-5
4 28 4.92039E-6
4 29 4.15185E-7
4 30 0E0
4 31 0E0
4 32 0E0
4 33 0E0
4 34 0E0
4 35 0E0
4 36 0E0
4 37 0E0
4 38 0E0
4 39 0E0
4 40 0E0
5 1 1.52225E-1
5 2 6.49105E-2
5 3 9.72641E-2
5 4 1.34003E-1
5 5 1.86723E-1
5 6 2.40496E-1
5 7 2.95035E-1
5 8 3.59719E-1
5 9 4.31877E-1
5 10 5.1675E-1
5 11 6.06416E-1
5 12 6.99905E-1
5 13 7.89279E-1
5 14 8.67596E-1
5 15 9.18059E-1
5 16 9.31041E-1
5 17 8.91801E-1
5 18 7.9621E-1
5 19 6.50352E-1
5 20 4.76064E-1
5 21 3.02969E-1
5 22 1.62039E-1
5 23 6.96496E-2
5 24 2.27945E-2
5 25 5.31064E-3
5 26 8.09686E-4
5 27 7.30182E-5
5 28 5.06423E-6
5 29 4.33542E-7
5 30 0E0
5 31 0E0
5 32 0E0
5 33 0E0
5 34 0E0
5 35 0E0
5 36 0E0
5 37 0E0
5 38 0E0
5 39 0E0
5 40 0E0
6 1 1.18299E-1
6 2 5.02153E-2
6 3 7.53829E-2
6 4 1.04671E-1
6 5 1.51935E-1
6 6 2.10607E-1
6 7 2.68164E-1
6 8 3.27911E-1
6 9 3.93896E-1
6 10 4.71642E-1
6 11 5.53996E-1
6 12 6.40113E-1
6 13 7.22901E-1
6 14 7.96018E-1
6 15 8.44067E-1
6 16 8.58481E-1
6 17 8.25098E-1
6 18 7.39812E-1
6 19 6.07458E-1
6 20 4.4755E-1
6 21 2.87075E-1
6 22 1.55027E-1
6 23 6.7414E-2
6 24 2.23724E-2
6 25 5.29915E-3
6 26 8.23848E-4
6 27 7.5999E-5
6 28 5.35596E-6
6 29 4.6667E-7
6 30 0E0
6 31 0E0
6 32 0E0
6 33 0E0
6 34 0E0
6 35 0E0
6 36 0E0
6 37 0E0
6 38 0E0
6 39 0E0
6 40 0E0
7 1 8.84223E-2
7 2 3.74722E-2
7 3 5.69604E-2
7 4 7.99102E-2
7 5 1.1725E-1
7 6 1.70097E-1
7 7 2.36294E-1
7 8 3.00015E-1
7 9 3.61169E-1
7 10 4.32784E-1
7 11 5.08961E-1
7 12 5.88889E-1
7 13 6.66188E-1
7 14 7.35118E-1
7 15 7.81472E-1
7 16 7.97457E-1
7 17 7.69632E-1
7 18 6.93554E-1
7 19 5.73071E-1
7 20 4.25439E-1
7 21 2.75463E-1
7 22 1.50456E-1
7 23 6.63287E-2
7 24 2.23746E-2
7 25 5.40321E-3
7 26 8.59391E-4
7 27 8.13981E-5
7 28 5.84072E-6
7 29 5.19794E-7
7 30 0E0
7 31 0E0
7 32 0E0
7 33 0E0
7 34 0E0
7 35 0E0
7 36 0E0
7 37 0E0
7 38 0E0
7 39 0E0
7 40 0E0
8 1 6.69091E-2
8 2 2.83864E-2
8 3 4.31965E-2
8 4 6.07827E-2
8 5 8.94331E-2
8 6 1.30421E-1
8 7 1.89454E-1
8 8 2.65964E-1
8 9 3.32811E-1
8 10 3.99582E-1
8 11 4.7047E-1
8 12 5.45299E-1
8 13 6.18133E-1
8 14 6.83839E-1
8 15 7.29226E-1
8 16 7.47012E-1
8 17 7.2454E-1
8 18 6.56883E-1
8 19 5.46801E-1
8 20 4.09628E-1
8 21 2.68169E-1
8 22 1.48437E-1
8 23 6.64931E-2
8 24 2.286E-2
8 25 5.64532E-3
8 26 9.21724E-4
8 27 8.9975E-5
8 28 6.58583E-6
8 29 6.00898E-7
8 30 0E0
8 31 0E0
8 32 0E0
8 33 0E0
8 34 0E0
8 35 0E0
8 36 0E0
8 37 0E0
8 38 0E0
8 39 0E0
8 40 0E0
9 1 5.25114E-2
9 2 2.18167E-2
9 3 3.26508E-2
9 4 4.56507E-2
9 5 6.74953E-2
9 6 9.89039E-2
9 7 1.4435E-1
9 8 2.12136E-1
9 9 2.97406E-1
9 10 3.71431E-1
9 11 4.38219E-1
9 12 5.08911E-1
9 13 5.78317E-1
9 14 6.41754E-1
9 15 6.86935E-1
9 16 7.06972E-1
9 17 6.89753E-1
9 18 6.29862E-1
9 19 5.28956E-1
9 20 4.00524E-1
9 21 2.65616E-1
9 22 1.49325E-1
9 23 6.81392E-2
9 24 2.39401E-2
9 25 6.06362E-3
9 26 1.01942E-3
9 27 1.02861E-4
9 28 7.63908E-6
9 29 7.06807E-7
9 30 0E0
9 31 0E0
9 32 0E0
9 33 0E0
9 34 0E0
9 35 0E0
9 36 0E0
9 37 0E0
9 38 0E0
9 39 0E0
9 40 0E0
10 1 3.89746E-2
10 2 1.61939E-2
10 3 2.43585E-2
10 4 3.41507E-2
10 5 5.04935E-2
10 6 7.41572E-2
10 7 1.08488E-1
10 8 1.59935E-1
10 9 2.35222E-1
10 10 3.34578E-1
10 11 4.11507E-1
10 12 4.79093E-1
10 13 5.4601E-1
10 14 6.08098E-1
10 15 6.53794E-1
10 16 6.7653E-1
10 17 6.64567E-1
10 18 6.1196E-1
10 19 5.19178E-1
10 20 3.98026E-1
10 21 2.67908E-1
10 22 1.53323E-1
10 23 7.14624E-2
10 24 2.57397E-2
10 25 6.71112E-3
10 26 1.16674E-3
10 27 1.22263E-4
10 28 8.2991E-6
10 29 5.30395E-7
10 30 0E0
10 31 0E0
10 32 0E0
10 33 0E0
10 34 0E0
10 35 0E0
10 36 0E0
10 37 0E0
10 38 0E0
10 39 0E0
10 40 0E0
11 1 2.80842E-2
11 2 1.16857E-2
11 3 1.75522E-2
11 4 2.45768E-2
11 5 3.63995E-2
11 6 5.38838E-2
11 7 7.95815E-2
11 8 1.1814E-1
11 9 1.74798E-1
11 10 2.62106E-1
11 11 3.74311E-1
11 12 4.55873E-1
11 13 5.21308E-1
11 14 5.82994E-1
11 15 6.30004E-1
11 16 6.5596E-1
11 17 6.49362E-1
11 18 6.03669E-1
11 19 5.18109E-1
11 20 4.02832E-1
11 21 2.75769E-1
11 22 1.61047E-1
11 23 7.68956E-2
11 24 2.84945E-2
11 25 7.68071E-3
11 26 1.38806E-3
11 27 1.52072E-4
11 28 9.931E-6
11 29 4.05755E-7
11 30 0E0
11 31 0E0
11 32 0E0
11 33 0E0
11 34 0E0
11 35 0E0
11 36 0E0
11 37 0E0
11 38 0E0
11 39 0E0
11 40 0E0
12 1 2.11539E-2
12 2 8.78629E-3
12 3 1.31405E-2
12 4 1.82627E-2
12 5 2.67463E-2
12 6 3.90044E-2
12 7 5.73677E-2
12 8 8.57722E-2
12 9 1.27801E-1
12 10 1.92631E-1
12 11 2.90735E-1
12 12 4.18801E-1
12 13 5.02859E-1
12 14 5.65103E-1
12 15 6.14393E-1
12 16 6.44427E-1
12 17 6.43709E-1
12 18 6.0512E-1
12 19 5.26404E-1
12 20 4.15986E-1
12 21 2.9038E-1
12 22 1.73528E-1
12 23 8.51412E-2
12 24 3.25666E-2
12 25 9.10555E-3
12 26 1.71598E-3
12 27 1.97134E-4
12 28 1.34312E-5
12 29 5.6717E-7
12 30 0E0
12 31 0E0
12 32 0E0
12 33 0E0
12 34 0E0
12 35 0E0
12 36 0E0
12 37 0E0
12 38 0E0
12 39 0E0
12 40 0E0
13 1 1.39978E-2
13 2 5.83656E-3
13 3 8.7462E-3
13 4 1.21696E-2
13 5 1.7877E-2
13 6 2.63339E-2
13 7 3.91347E-2
13 8 5.91779E-2
13 9 8.9643E-2
13 10 1.37017E-1
13 11 2.09098E-1
13 12 3.21475E-1
13 13 4.68457E-1
13 14 5.56164E-1
13 15 6.08578E-1
13 16 6.43435E-1
13 17 6.48937E-1
13 18 6.17394E-1
13 19 5.44968E-1
13 20 4.38341E-1
13 21 3.12585E-1
13 22 1.91632E-1
13 23 9.69305E-2
13 24 3.8442E-2
13 25 1.12161E-2
13 26 2.22221E-3
13 27 2.70679E-4
13 28 1.89769E-5
13 29 8.6261E-7
13 30 0E0
13 31 0E0
13 32 0E0
13 33 0E0
13 34 0E0
13 35 0E0
13 36 0E0
13 37 0E0
13 38 0E0
13 39 0E0
13 40 0E0
14 1 1.05332E-2
14 2 4.38839E-3
14 3 6.57313E-3
14 4 9.14131E-3
14 5 1.33908E-2
14 6 1.95656E-2
14 7 2.87038E-2
14 8 4.2652E-2
14 9 6.35333E-2
14 10 9.68959E-2
14 11 1.48194E-1
14 12 2.28492E-1
14 13 3.55212E-1
14 14 5.22744E-1
14 15 6.08433E-1
14 16 6.49606E-1
14 17 6.62996E-1
14 18 6.39951E-1
14 19 5.74858E-1
14 20 4.72184E-1
14 21 3.45205E-1
14 22 2.17931E-1
14 23 1.14053E-1
14 24 4.70531E-2
14 25 1.43597E-2
14 26 2.99314E-3
14 27 3.85855E-4
14 28 2.78657E-5
14 29 1.32983E-6
14 30 0E0
14 31 0E0
14 32 0E0
14 33 0E0
14 34 0E0
14 35 0E0
14 36 0E0
14 37 0E0
14 38 0E0
14 39 0E0
14 40 0E0
15 1 7.04253E-3
15 2 2.94145E-3
15 3 4.41172E-3
15 4 6.14545E-3
15 5 9.01793E-3
15 6 1.31917E-2
15 7 1.93646E-2
15 8 2.88874E-2
15 9 4.33698E-2
15 10 6.63656E-2
15 11 1.01879E-1
15 12 1.57914E-1
15 13 2.47093E-1
15 14 3.92047E-1
15 15 5.81822E-1
15 16 6.66359E-1
15 17 6.88842E-1
15 18 6.75291E-1
15 19 6.18218E-1
15 20 5.19495E-1
15 21 3.90284E-1
15 22 2.54481E-1
15 23 1.38334E-1
15 24 5.96619E-2
15 25 1.91691E-2
15 26 4.23916E-3
15 27 5.84761E-4
15 28 4.49311E-5
15 29 2.23112E-6
15 30 0E0
15 31 0E0
15 32 0E0
15 33 0E0
15 34 0E0
15 35 0E0
15 36 0E0
15 37 0E0
15 38 0E0
15 39 0E0
15 40 0E0
16 1 4.39495E-3
16 2 1.84202E-3
16 3 2.76784E-3
16 4 3.86416E-3
16 5 5.6861E-3
16 6 8.34503E-3
16 7 1.22893E-2
16 8 1.83824E-2
16 9 2.76964E-2
16 10 4.26742E-2
16 11 6.62986E-2
16 12 1.04217E-1
16 13 1.65233E-1
16 14 2.65529E-1
16 15 4.30225E-1
16 16 6.49347E-1
16 17 7.27811E-1
16 18 7.25488E-1
16 19 6.77754E-1
16 20 5.83724E-1
16 21 4.51728E-1
16 22 3.05155E-1
16 23 1.73004E-1
16 24 7.83989E-2
16 25 2.66962E-2
16 26 6.31613E-3
16 27 9.42132E-4
16 28 7.86989E-5
16 29 4.09046E-6
16 30 0E0
16 31 0E0
16 32 0E0
16 33 0E0
16 34 0E0
16 35 0E0
16 36 0E0
16 37 0E0
16 38 0E0
16 39 0E0
16 40 0E0
17 1 2.79079E-3
17 2 1.17244E-3
17 3 1.7638E-3
17 4 2.46624E-3
17 5 3.63597E-3
17 6 5.34859E-3
17 7 7.89861E-3
17 8 1.18402E-2
17 9 1.78418E-2
17 10 2.74651E-2
17 11 4.26515E-2
17 12 6.71859E-2
17 13 1.07103E-1
17 14 1.73511E-1
17 15 2.84042E-1
17 16 4.71707E-1
17 17 7.20882E-1
17 18 7.8951E-1
17 19 7.54785E-1
17 20 6.68485E-1
17 21 5.34907E-1
17 22 3.75965E-1
17 23 2.23358E-1
17 24 1.06887E-1
17 25 3.87694E-2
17 26 9.86038E-3
17 27 1.5968E-3
17 28 1.46013E-4
17 29 7.48269E-6
17 30 1.65324E-6
17 31 4.97707E-7
17 32 0E0
17 33 0E0
17 34 0E0
17 35 0E0
17 36 0E0
17 37 0E0
17 38 0E0
17 39 0E0
17 40 0E0
18 1 1.55414E-3
18 2 6.56234E-4
18 3 9.89659E-4
18 4 1.38788E-3
18 5 2.05352E-3
18 6 3.03437E-3
18 7 4.50542E-3
18 8 6.79511E-3
18 9 1.031E-2
18 10 1.6002E-2
18 11 2.5108E-2
18 12 4.00722E-2
18 13 6.48793E-2
18 14 1.06861E-1
18 15 1.78E-1
18 16 3.01246E-1
18 17 5.15374E-1
18 18 8.0143E-1
18 19 8.54175E-1
18 20 7.78976E-1
18 21 6.46002E-1
18 22 4.73917E-1
18 23 2.963E-1
18 24 1.50596E-1
18 25 5.86368E-2
18 26 1.6201E-2
18 27 2.88732E-3
18 28 2.94569E-4
18 29 1.56075E-5
18 30 1.60144E-6
18 31 2.97964E-8
18 32 0E0
18 33 0E0
18 34 0E0
18 35 0E0
18 36 0E0
18 37 0E0
18 38 0E0
18 39 0E0
18 40 0E0
19 1 7.70584E-4
19 2 3.26654E-4
19 3 4.93447E-4
19 4 6.93562E-4
19 5 1.02925E-3
19 6 1.52685E-3
19 7 2.27901E-3
19 8 3.46125E-3
19 9 5.29753E-3
19 10 8.31223E-3
19 11 1.32248E-2
19 12 2.14816E-2
19 13 3.55515E-2
19 14 6.00966E-2
19 15 1.02906E-1
19 16 1.79091E-1
19 17 3.15429E-1
19 18 5.61086E-1
19 19 8.91681E-1
19 20 9.23327E-1
19 21 7.94265E-1
19 22 6.09589E-1
19 23 4.02401E-1
19 24 2.18352E-1
19 25 9.19406E-2
19 26 2.79009E-2
19 27 5.56079E-3
19 28 6.48463E-4
19 29 3.89021E-5
19 30 1.84683E-6
19 31 2.67986E-8
19 32 7.2114E-10
19 33 0E0
19 34 0E0
19 35 0E0
19 36 0E0
19 37 0E0
19 38 0E0
19 39 0E0
19 40 0E0
20 1 3.75535E-4
20 2 1.60711E-4
20 3 2.4368E-4
20 4 3.44021E-4
20 5 5.13149E-4
20 6 7.65847E-4
20 7 1.15089E-3
20 8 1.7609E-3
20 9 2.71678E-3
20 10 4.29776E-3
20 11 6.89304E-3
20 12 1.12867E-2
20 13 1.88391E-2
20 14 3.21948E-2
20 15 5.60906E-2
20 16 9.98924E-2
20 17 1.80539E-1
20 18 3.30436E-1
20 19 6.09341E-1
20 20 9.8677E-1
20 21 9.85602E-1
20 22 7.95829E-1
20 23 5.58699E-1
20 24 3.26157E-1
20 25 1.49573E-1
20 26 5.00654E-2
20 27 1.11456E-2
20 28 1.4693E-3
20 29 9.94157E-5
20 30 3.7031E-6
20 31 8.61408E-8
20 32 2.63305E-9
20 33 0E0
20 34 0E0
20 35 0E0
20 36 0E0
20 37 0E0
20 38 0E0
20 39 0E0
20 40 0E0
21 1 1.55954E-4
21 2 6.76515E-5
21 3 1.03068E-4
21 4 1.46344E-4
21 5 2.19796E-4
21 6 3.3074E-4
21 7 5.0191E-4
21 8 7.76812E-4
21 9 1.21449E-3
21 10 1.95077E-3
21 11 3.18377E-3
21 12 5.31624E-3
21 13 9.06437E-3
21 14 1.58291E-2
21 15 2.81483E-2
21 16 5.12545E-2
21 17 9.51125E-2
21 18 1.79453E-1
21 19 3.42408E-1
21 20 6.58255E-1
21 21 1.08879E0
21 22 1.0475E0
21 23 7.84985E-1
21 24 4.95761E-1
21 25 2.4957E-1
21 26 9.31743E-2
21 27 2.35475E-2
21 28 3.58848E-3
21 29 2.8547E-4
21 30 1.0611E-5
21 31 3.13951E-7
21 32 9.92691E-9
21 33 0E0
21 34 0E0
21 35 0E0
21 36 0E0
21 37 0E0
21 38 0E0
21 39 0E0
21 40 0E0
22 1 5.26527E-5
22 2 2.33844E-5
22 3 3.58094E-5
22 4 5.11656E-5
22 5 7.74299E-5
22 6 1.17583E-4
22 7 1.80405E-4
22 8 2.82919E-4
22 9 4.49261E-4
22 10 7.34895E-4
22 11 1.22506E-3
22 12 2.0971E-3
22 13 3.67868E-3
22 14 6.62053E-3
22 15 1.21438E-2
22 16 2.28613E-2
22 17 4.40558E-2
22 18 8.67045E-2
22 19 1.73267E-1
22 20 3.50132E-1
22 21 7.08111E-1
22 22 1.20271E0
22 23 1.10648E0
22 24 7.59212E-1
22 25 4.22602E-1
22 26 1.77886E-1
22 27 5.17831E-2
22 28 9.30738E-3
22 29 8.9543E-4
22 30 3.92773E-5
22 31 1.21586E-6
22 32 4.12107E-8
22 33 0E0
22 34 0E0
22 35 0E0
22 36 0E0
22 37 0E0
22 38 0E0
22 39 0E0
22 40 0E0
23 1 1.4001E-5
23 2 6.53817E-6
23 3 1.00415E-5
23 4 1.44008E-5
23 5 2.18961E-5
23 6 3.34621E-5
23 7 5.17653E-5
23 8 8.2058E-5
23 9 1.32142E-4
23 10 2.20116E-4
23 11 3.75568E-4
23 12 6.62047E-4
23 13 1.20589E-3
23 14 2.2726E-3
23 15 4.38007E-3
23 16 8.64516E-3
23 17 1.74157E-2
23 18 3.59072E-2
23 19 7.57299E-2
23 20 1.62699E-1
23 21 3.51809E-1
23 22 7.57625E-1
23 23 1.32778E0
23 24 1.16025E0
23 25 7.17334E-1
23 26 3.43184E-1
23 27 1.1653E-1
23 28 2.51619E-2
23 29 3.00727E-3
23 30 1.6734E-4
23 31 4.4733E-6
23 32 1.89749E-7
23 33 0E0
23 34 0E0
23 35 0E0
23 36 0E0
23 37 0E0
23 38 0E0
23 39 0E0
23 40 0E0
24 1 2.49425E-6
24 2 1.36906E-6
24 3 2.17754E-6
24 4 3.19452E-6
24 5 4.92793E-6
24 6 7.621E-6
24 7 1.19542E-5
24 8 1.92644E-5
24 9 3.16255E-5
24 10 5.3874E-5
24 11 9.43378E-5
24 12 1.7137E-4
24 13 3.23166E-4
24 14 6.36107E-4
24 15 1.29196E-3
24 16 2.6962E-3
24 17 5.74691E-3
24 18 1.25323E-2
24 19 2.80042E-2
24 20 6.42812E-2
24 21 1.49788E-1
24 22 3.49966E-1
24 23 8.06742E-1
24 24 1.45968E0
24 25 1.20368E0
24 26 6.59839E-1
24 27 2.64086E-1
24 28 6.92733E-2
24 29 1.03887E-2
24 30 7.49613E-4
24 31 2.1715E-5
24 32 8.30114E-7
24 33 0E0
24 34 0E0
24 35 0E0
24 36 0E0
24 37 0E0
24 38 0E0
24 39 0E0
24 40 0E0
25 1 3.44383E-7
25 2 1.97138E-7
25 3 3.26162E-7
25 4 4.98939E-7
25 5 7.9961E-7
25 6 1.27223E-6
25 7 2.02844E-6
25 8 3.30798E-6
25 9 5.51702E-6
25 10 9.62205E-6
25 11 1.73703E-5
25 12 3.27272E-5
25 13 6.44485E-5
25 14 1.33598E-4
25 15 2.90063E-4
25 16 6.53397E-4
25 17 1.48957E-3
25 18 3.46074E-3
25 19 8.2638E-3
25 20 2.04343E-2
25 21 5.19049E-2
25 22 1.33593E-1
25 23 3.42059E-1
25 24 8.53706E-1
25 25 1.6013E0
25 26 1.23565E0
25 27 5.88292E-1
25 28 1.90346E-1
25 29 3.65932E-2
25 30 3.52825E-3
25 31 1.3811E-4
25 32 3.76648E-6
25 33 1.24907E-8
25 34 0E0
25 35 0E0
25 36 0E0
25 37 0E0
25 38 0E0
25 39 0E0
25 40 0E0
26 1 5.57911E-8
26 2 3.19369E-8
26 3 5.28392E-8
26 4 8.08297E-8
26 5 1.29515E-7
26 6 2.05748E-7
26 7 3.25403E-7
26 8 5.17175E-7
26 9 8.18716E-7
26 10 1.32123E-6
26 11 2.19676E-6
26 12 3.92517E-6
26 13 7.69664E-6
26 14 1.66806E-5
26 15 3.96376E-5
26 16 1.034E-4
26 17 2.86117E-4
26 18 7.71101E-4
26 19 2.0214E-3
26 20 5.30272E-3
26 21 1.41937E-2
26 22 3.94194E-2
26 23 1.12977E-1
26 24 3.23605E-1
26 25 8.94511E-1
26 26 1.7592E0
26 27 1.25509E0
26 28 5.03769E-1
26 29 1.26542E-1
26 30 1.69904E-2
26 31 9.98839E-4
26 32 2.1847E-5
26 33 3.45148E-7
26 34 0E0
26 35 0E0
26 36 0E0
26 37 0E0
26 38 0E0
26 39 0E0
26 40 0E0
27 1 1.14827E-8
27 2 6.57312E-9
27 3 1.08752E-8
27 4 1.6636E-8
27 5 2.66563E-8
27 6 4.23463E-8
27 7 6.6973E-8
27 8 1.06437E-7
27 9 1.67999E-7
27 10 2.67296E-7
27 11 4.23206E-7
27 12 6.72381E-7
27 13 1.0857E-6
27 14 2.00023E-6
27 15 4.35027E-6
27 16 1.10397E-5
27 17 3.18255E-5
27 18 9.76087E-5
27 19 2.97455E-4
27 20 9.05186E-4
27 21 2.79325E-3
27 22 8.80005E-3
27 23 2.84593E-2
27 24 9.39711E-2
27 25 3.05061E-1
27 26 9.34106E-1
27 27 1.91428E0
27 28 1.25595E0
27 29 4.16258E-1
27 30 7.74048E-2
27 31 6.62575E-3
27 32 2.04387E-4
27 33 2.48456E-6
27 34 0E0
27 35 0E0
27 36 0E0
27 37 0E0
27 38 0E0
27 39 0E0
27 40 0E0
28 1 2.42797E-9
28 2 1.38986E-9
28 3 2.29951E-9
28 4 3.51763E-9
28 5 5.63637E-9
28 6 8.95395E-9
28 7 1.41612E-8
28 8 2.25057E-8
28 9 3.55226E-8
28 10 5.65187E-8
28 11 8.94785E-8
28 12 1.41791E-7
28 13 2.24476E-7
28 14 3.56353E-7
28 15 5.65674E-7
28 16 1.00222E-6
28 17 2.32636E-6
28 18 7.38564E-6
28 19 2.82471E-5
28 20 1.07801E-4
28 21 4.003E-4
28 22 1.41863E-3
28 23 5.03548E-3
28 24 1.89475E-2
28 25 7.35166E-2
28 26 2.7802E-1
28 27 9.66489E-1
28 28 2.08169E0
28 29 1.23837E0
28 30 3.27245E-1
28 31 4.26404E-2
28 32 2.15215E-3
28 33 3.32281E-5
28 34 9.65289E-7
28 35 5.0854E-8
28 36 0E0
28 37 0E0
28 38 0E0
28 39 0E0
28 40 0E0
29 1 1.09181E-9
29 2 6.2499E-10
29 3 1.03405E-9
29 4 1.58181E-9
29 5 2.53457E-9
29 6 4.02642E-9
29 7 6.36801E-9
29 8 1.01204E-8
29 9 1.59739E-8
29 10 2.54154E-8
29 11 4.02368E-8
29 12 6.37609E-8
29 13 1.00943E-7
29 14 1.60245E-7
29 15 2.53635E-7
29 16 4.0232E-7
29 17 6.37632E-7
29 18 1.02471E-6
29 19 2.04022E-6
29 20 7.06605E-6
29 21 3.89052E-5
29 22 1.9194E-4
29 23 7.55284E-4
29 24 2.92995E-3
29 25 1.22054E-2
29 26 5.4598E-2
29 27 2.43842E-1
29 28 9.87403E-1
29 29 2.26223E0
29 30 1.19973E0
29 31 2.43054E-1
29 32 2.1058E-2
29 33 5.75526E-4
29 34 4.89069E-6
29 35 5.19899E-7
29 36 0E0
29 37 0E0
29 38 0E0
29 39 0E0
29 40 0E0
30 1 6.0082E-10
30 2 3.4393E-10
30 3 5.6903E-10
30 4 8.7047E-10
30 5 1.39477E-9
30 6 2.21573E-9
30 7 3.50431E-9
30 8 5.56923E-9
30 9 8.79039E-9
30 10 1.39861E-8
30 11 2.21422E-8
30 12 3.50875E-8
30 13 5.55485E-8
30 14 8.81828E-8
30 15 1.39575E-7
30 16 2.21396E-7
30 17 3.50888E-7
30 18 5.56198E-7
30 19 8.92002E-7
30 20 1.62656E-6
30 21 3.87601E-6
30 22 1.18123E-5
30 23 4.60131E-5
30 24 2.11722E-4
30 25 1.11586E-3
30 26 6.43659E-3
30 27 3.81384E-2
30 28 2.11916E-1
30 29 1.00474E0
30 30 2.43427E0
30 31 1.14636E0
30 32 1.70613E-1
30 33 8.94777E-3
30 34 1.16391E-4
30 35 4.45932E-7
30 36 2.56376E-9
30 37 0E0
30 38 0E0
30 39 0E0
30 40 0E0
31 1 2.7483E-10
31 2 1.5732E-10
31 3 2.6029E-10
31 4 3.9817E-10
31 5 6.3799E-10
31 6 1.01352E-9
31 7 1.60294E-9
31 8 2.54748E-9
31 9 4.0209E-9
31 10 6.3975E-9
31 11 1.01283E-8
31 12 1.60497E-8
31 13 2.5409E-8
31 14 4.03366E-8
31 15 6.38445E-8
31 16 1.01271E-7
31 17 1.60503E-7
31 18 2.54401E-7
31 19 4.02915E-7
31 20 6.38925E-7
31 21 1.01299E-6
31 22 1.63156E-6
31 23 2.82405E-6
31 24 8.41993E-6
31 25 5.57807E-5
31 26 4.03695E-4
31 27 3.11083E-3
31 28 2.43912E-2
31 29 1.75052E-1
31 30 1.01254E0
31 31 2.6133E0
31 32 1.0741E0
31 33 1.12155E-1
31 34 3.22167E-3
31 35 1.71559E-5
31 36 5.43669E-8
31 37 0E0
31 38 0E0
31 39 0E0
31 40 0E0
32 1 1.4828E-10
32 2 8.4878E-11
32 3 1.4043E-10
32 4 2.1482E-10
32 5 3.4421E-10
32 6 5.4682E-10
32 7 8.6482E-10
32 8 1.37442E-9
32 9 2.16936E-9
32 10 3.45159E-9
32 11 5.46444E-9
32 12 8.65918E-9
32 13 1.37087E-8
32 14 2.17624E-8
32 15 3.44455E-8
32 16 5.46379E-8
32 17 8.6595E-8
32 18 1.37255E-7
32 19 2.17381E-7
32 20 3.44714E-7
32 21 5.46208E-7
32 22 8.65875E-7
32 23 1.37351E-6
32 24 2.18729E-6
32 25 4.16342E-6
32 26 1.62418E-5
32 27 1.27748E-4
32 28 1.32503E-3
32 29 1.43573E-2
32 30 1.38878E-1
32 31 1.00831E0
32 32 2.79425E0
32 33 9.88007E-1
32 34 6.8302E-2
32 35 9.58618E-4
32 36 2.00364E-6
32 37 2.56106E-9
32 38 0E0
32 39 0E0
32 40 0E0
33 1 5.1448E-11
33 2 2.9451E-11
33 3 4.8726E-11
33 4 7.4537E-11
33 5 1.1943E-10
33 6 1.8973E-10
33 7 3.0007E-10
33 8 4.7689E-10
33 9 7.5271E-10
33 10 1.19761E-9
33 11 1.89601E-9
33 12 3.0045E-9
33 13 4.75654E-9
33 14 7.55096E-9
33 15 1.19516E-8
33 16 1.89578E-8
33 17 3.00461E-8
33 18 4.76236E-8
33 19 7.54253E-8
33 20 1.19606E-7
33 21 1.89519E-7
33 22 3.00428E-7
33 23 4.76144E-7
33 24 7.54409E-7
33 25 1.19845E-6
33 26 1.96141E-6
33 27 4.55662E-6
33 28 3.11583E-5
33 29 4.63484E-4
33 30 7.60252E-3
33 31 1.05514E-1
33 32 9.94048E-1
33 33 2.97255E0
33 34 8.92855E-1
33 35 3.82052E-2
33 36 2.28852E-4
33 37 5.95442E-7
33 38 0E0
33 39 0E0
33 40 0E0
34 1 3.9194E-11
34 2 2.2436E-11
34 3 3.712E-11
34 4 5.6783E-11
34 5 9.0985E-11
34 6 1.4454E-10
34 7 2.286E-10
34 8 3.633E-10
34 9 5.7342E-10
34 10 9.1235E-10
34 11 1.44441E-9
34 12 2.28887E-9
34 13 3.6236E-9
34 14 5.75244E-9
34 15 9.10492E-9
34 16 1.44424E-8
34 17 2.28895E-8
34 18 3.62804E-8
34 19 5.74601E-8
34 20 9.11177E-8
34 21 1.44379E-7
34 22 2.28871E-7
34 23 3.62734E-7
34 24 5.74829E-7
34 25 9.119E-7
34 26 1.44963E-6
34 27 2.30646E-6
34 28 3.66629E-6
34 29 8.47027E-6
34 30 1.27836E-4
34 31 3.52366E-3
34 32 7.609E-2
34 33 9.70958E-1
34 34 3.14552E0
34 35 7.93445E-1
34 36 1.94284E-2
34 37 4.09065E-5
34 38 0E0
34 39 0E0
34 40 0E0
35 1 2.2593E-11
35 2 1.2933E-11
35 3 2.1398E-11
35 4 3.2733E-11
35 5 5.2448E-11
35 6 8.332E-11
35 7 1.3178E-10
35 8 2.0942E-10
35 9 3.3055E-10
35 10 5.2593E-10
35 11 8.3263E-10
35 12 1.31942E-9
35 13 2.08883E-9
35 14 3.316E-9
35 15 5.24855E-9
35 16 8.32532E-9
35 17 1.31947E-8
35 18 2.09139E-8
35 19 3.31229E-8
35 20 5.2525E-8
35 21 8.32273E-8
35 22 1.31933E-7
35 23 2.09099E-7
35 24 3.31358E-7
35 25 5.25115E-7
35 26 8.32028E-7
35 27 1.32001E-6
35 28 2.09636E-6
35 29 3.32859E-6
35 30 5.28468E-6
35 31 2.38508E-5
35 32 1.30775E-3
35 33 5.17848E-2
35 34 9.40324E-1
35 35 3.31071E0
35 36 6.94299E-1
35 37 8.84095E-3
35 38 5.86752E-6
35 39 0E0
35 40 0E0
36 1 1.684E-11
36 2 9.6397E-12
36 3 1.5949E-11
36 4 2.4397E-11
36 5 3.9092E-11
36 6 6.2102E-11
36 7 9.8219E-11
36 8 1.5609E-10
36 9 2.4638E-10
36 10 3.92E-10
36 11 6.206E-10
36 12 9.8343E-10
36 13 1.55691E-9
36 14 2.47158E-9
36 15 3.912E-9
36 16 6.20528E-9
36 17 9.83467E-9
36 18 1.55881E-8
36 19 2.46882E-8
36 20 3.91495E-8
36 21 6.20334E-8
36 22 9.83361E-8
36 23 1.55852E-7
36 24 2.46978E-7
36 25 3.91455E-7
36 26 6.20378E-7
36 27 9.83944E-7
36 28 1.56594E-6
36 29 2.50588E-6
36 30 4.02013E-6
36 31 6.43991E-6
36 32 1.1511E-5
36 33 4.53145E-4
36 34 3.33858E-2
36 35 9.01501E-1
36 36 3.46812E0
36 37 5.98753E-1
36 38 3.57001E-3
36 39 1.80066E-6
36 40 0E0
37 1 3.3542E-12
37 2 1.9201E-12
37 3 3.1767E-12
37 4 4.8595E-12
37 5 7.7865E-12
37 6 1.237E-11
37 7 1.9563E-11
37 8 3.1091E-11
37 9 4.9074E-11
37 10 7.8079E-11
37 11 1.2361E-10
37 12 1.9588E-10
37 13 3.1011E-10
37 14 4.9229E-10
37 15 7.792E-10
37 16 1.23598E-9
37 17 1.95889E-9
37 18 3.10488E-9
37 19 4.91745E-9
37 20 7.79788E-9
37 21 1.2356E-8
37 22 1.95868E-8
37 23 3.10429E-8
37 24 4.91936E-8
37 25 7.79708E-8
37 26 1.23575E-7
37 27 1.95872E-7
37 28 3.108E-7
37 29 4.94689E-7
37 30 7.97288E-7
37 31 1.29684E-6
37 32 2.10447E-6
37 33 3.54906E-6
37 34 1.3549E-4
37 35 2.02601E-2
37 36 8.58231E-1
37 37 3.61425E0
37 38 5.10478E-1
37 39 1.23956E-3
37 40 5.35111E-8
38 1 5.4493E-12
38 2 3.1194E-12
38 3 5.161E-12
38 4 7.8949E-12
38 5 1.265E-11
38 6 2.0096E-11
38 7 3.1783E-11
38 8 5.0511E-11
38 9 7.9726E-11
38 10 1.2685E-10
38 11 2.0082E-10
38 12 3.1823E-10
38 13 5.0381E-10
38 14 7.9979E-10
38 15 1.2659E-9
38 16 2.00799E-9
38 17 3.18245E-9
38 18 5.04424E-9
38 19 7.98896E-9
38 20 1.26686E-8
38 21 2.00737E-8
38 22 3.1821E-8
38 23 5.04327E-8
38 24 7.99206E-8
38 25 1.26673E-7
38 26 2.00762E-7
38 27 3.18183E-7
38 28 5.0411E-7
38 29 7.96834E-7
38 30 1.25309E-6
38 31 1.95718E-6
38 32 3.03803E-6
38 33 4.70735E-6
38 34 7.31345E-6
38 35 4.21159E-5
38 36 1.15129E-2
38 37 8.12824E-1
38 38 3.74752E0
38 39 4.31422E-1
38 40 3.56149E-4
39 1 4.6958E-12
39 2 2.6881E-12
39 3 4.4474E-12
39 4 6.8033E-12
39 5 1.0901E-11
39 6 1.7317E-11
39 7 2.7389E-11
39 8 4.3527E-11
39 9 6.8703E-11
39 10 1.0931E-10
39 11 1.7306E-10
39 12 2.7423E-10
39 13 4.3415E-10
39 14 6.8921E-10
39 15 1.09087E-9
39 16 1.73036E-9
39 17 2.74243E-9
39 18 4.3468E-9
39 19 6.88437E-9
39 20 1.09169E-8
39 21 1.72982E-8
39 22 2.74213E-8
39 23 4.34597E-8
39 24 6.88704E-8
39 25 1.09158E-7
39 26 1.73003E-7
39 27 2.74189E-7
39 28 4.3456E-7
39 29 6.88887E-7
39 30 1.09433E-6
39 31 1.74605E-6
39 32 2.80002E-6
39 33 4.50888E-6
39 34 7.26654E-6
39 35 1.16823E-5
39 36 2.35638E-5
39 37 6.04805E-3
39 38 7.67849E-1
39 39 3.86721E0
39 40 3.618E-1
40 1 1.2953E-12
40 2 0E0
40 3 1.2268E-12
40 4 1.8767E-12
40 5 3.007E-12
40 6 4.777E-12
40 7 7.5551E-12
40 8 1.2007E-11
40 9 1.8952E-11
40 10 3.0153E-11
40 11 4.7737E-11
40 12 7.5647E-11
40 13 1.1976E-10
40 14 1.9012E-10
40 15 3.0092E-10
40 16 4.7732E-10
40 17 7.565E-10
40 18 1.19906E-9
40 19 1.89905E-9
40 20 3.01143E-9
40 21 4.77169E-9
40 22 7.56414E-9
40 23 1.19883E-8
40 24 1.89978E-8
40 25 3.01112E-8
40 26 4.77228E-8
40 27 7.56349E-8
40 28 1.19873E-7
40 29 1.89985E-7
40 30 3.0126E-7
40 31 4.80869E-7
40 32 7.78448E-7
40 33 1.28231E-6
40 34 2.13574E-6
40 35 3.54632E-6
40 36 5.8309E-6
40 37 1.01482E-5
40 38 2.82554E-3
40 39 7.24598E-1
40 40 4.27491E0
