1 1 6.85642E-1
1 2 2.56898E-1
1 3 3.27259E-1
1 4 3.81406E-1
1 5 4.61925E-1
1 6 5.46209E-1
1 7 6.32406E-1
1 8 7.20368E-1
1 9 7.93926E-1
1 10 8.53142E-1
1 11 8.74596E-1
1 12 8.51555E-1
1 13 7.75436E-1
1 14 6.51388E-1
1 15 4.91463E-1
1 16 3.26023E-1
1 17 1.83303E-1
1 18 8.38875E-2
1 19 2.96686E-2
1 20 7.62074E-3
1 21 1.30958E-3
1 22 1.36773E-4
1 23 8.96713E-6
1 24 1.06996E-6
1 25 0E0
1 26 0E0
1 27 0E0
1 28 0E0
1 29 0E0
1 30 0E0
1 31 0E0
1 32 0E0
1 33 0E0
1 34 0E0
1 35 0E0
1 36 0E0
1 37 0E0
1 38 0E0
1 39 0E0
1 40 0E0
2 1 5.33576E-1
2 2 2.26202E-1
2 3 2.99179E-1
2 4 3.49501E-1
2 5 4.23572E-1
2 6 5.01349E-1
2 7 5.81206E-1
2 8 6.63068E-1
2 9 7.32189E-1
2 10 7.88656E-1
2 11 8.10899E-1
2 12 7.92496E-1
2 13 7.24984E-1
2 14 6.12492E-1
2 15 4.65354E-1
2 16 3.11361E-1
2 17 1.76889E-1
2 18 8.1977E-2
2 19 2.94316E-2
2 20 7.69566E-3
2 21 1.35046E-3
2 22 1.44523E-4
2 23 9.6882E-6
2 24 1.16617E-6
2 25 0E0
2 26 0E0
2 27 0E0
2 28 0E0
2 29 0E0
2 30 0E0
2 31 0E0
2 32 0E0
2 33 0E0
2 34 0E0
2 35 0E0
2 36 0E0
2 37 0E0
2 38 0E0
2 39 0E0
2 40 0E0
3 1 4.08434E-1
3 2 1.81342E-1
3 3 2.6461E-1
3 4 3.21432E-1
3 5 3.90314E-1
3 6 4.62534E-1
3 7 5.36993E-1
3 8 6.13784E-1
3 9 6.79362E-1
3 10 7.33846E-1
3 11 7.57221E-1
3 12 7.43405E-1
3 13 6.83855E-1
3 14 5.81707E-1
3 15 4.45662E-1
3 16 3.01241E-1
3 17 1.73267E-1
3 18 8.15018E-2
3 19 2.97841E-2
3 20 7.95251E-3
3 21 1.43031E-3
3 22 1.57508E-4
3 23 1.08376E-5
3 24 1.31785E-6
3 25 0E0
3 26 0E0
3 27 0E0
3 28 0E0
3 29 0E0
3 30 0E0
3 31 0E0
3 32 0E0
3 33 0E0
3 34 0E0
3 35 0E0
3 36 0E0
3 37 0E0
3 38 0E0
3 39 0E0
3 40 0E0
4 1 3.04966E-1
4 2 1.37362E-1
4 3 2.10694E-1
4 4 2.86667E-1
4 5 3.61998E-1
4 6 4.29834E-1
4 7 4.9994E-1
4 8 5.72714E-1
4 9 6.35667E-1
4 10 6.89E-1
4 11 7.13968E-1
4 12 7.04701E-1
4 13 6.52535E-1
4 14 5.59563E-1
4 15 4.3296E-1
4 16 2.96162E-1
4 17 1.72823E-1
4 18 8.27114E-2
4 19 3.08501E-2
4 20 8.43715E-3
4 21 1.56045E-3
4 22 1.77435E-4
4 23 1.25601E-5
4 24 1.5436E-6
4 25 0E0
4 26 0E0
4 27 0E0
4 28 0E0
4 29 0E0
4 30 0E0
4 31 0E0
4 32 0E0
4 33 0E0
4 34 0E0
4 35 0E0
4 36 0E0
4 37 0E0
4 38 0E0
4 39 0E0
4 40 0E0
5 1 2.34382E-1
5 2 1.04338E-1
5 3 1.59813E-1
5 4 2.27307E-1
5 5 3.2534E-1
5 6 4.02568E-1
5 7 4.69368E-1
5 8 5.39122E-1
5 9 6.00399E-1
5 10 6.53445E-1
5 11 6.80534E-1
5 12 6.75958E-1
5 13 6.30784E-1
5 14 5.46048E-1
5 15 4.27385E-1
5 16 2.96409E-1
5 17 1.75853E-1
5 18 8.58338E-2
5 19 3.27617E-2
5 20 9.20368E-3
5 21 1.75583E-3
5 22 2.06843E-4
5 23 1.47359E-5
5 24 1.38786E-6
5 25 0E0
5 26 0E0
5 27 0E0
5 28 0E0
5 29 0E0
5 30 0E0
5 31 0E0
5 32 0E0
5 33 0E0
5 34 0E0
5 35 0E0
5 36 0E0
5 37 0E0
5 38 0E0
5 39 0E0
5 40 0E0
6 1 1.74734E-1
6 2 7.76086E-2
6 3 1.19191E-1
6 4 1.70032E-1
6 5 2.55714E-1
6 6 3.65138E-1
6 7 4.44851E-1
6 8 5.12586E-1
6 9 5.731E-1
6 10 6.26753E-1
6 11 6.5658E-1
6 12 6.56887E-1
6 13 6.18522E-1
6 14 5.41312E-1
6 15 4.29325E-1
6 16 3.02536E-1
6 17 1.82926E-1
6 18 9.1324E-2
6 19 3.57921E-2
6 20 1.03693E-2
6 21 2.04982E-3
6 22 2.51507E-4
6 23 1.79532E-5
6 24 8.60513E-7
6 25 0E0
6 26 0E0
6 27 0E0
6 28 0E0
6 29 0E0
6 30 0E0
6 31 0E0
6 32 0E0
6 33 0E0
6 34 0E0
6 35 0E0
6 36 0E0
6 37 0E0
6 38 0E0
6 39 0E0
6 40 0E0
7 1 1.23501E-1
7 2 5.50498E-2
7 3 8.57889E-2
7 4 1.23887E-1
7 5 1.87955E-1
7 6 2.84179E-1
7 7 4.08096E-1
7 8 4.93287E-1
7 9 5.5385E-1
7 10 6.09052E-1
7 11 6.42286E-1
7 12 6.47811E-1
7 13 6.16156E-1
7 14 5.45899E-1
7 15 4.39452E-1
7 16 3.15283E-1
7 17 1.94755E-1
7 18 9.97389E-2
7 19 4.02825E-2
7 20 1.20865E-2
7 21 2.4885E-3
7 22 3.19982E-4
7 23 2.38666E-5
7 24 1.1002E-6
7 25 0E0
7 26 0E0
7 27 0E0
7 28 0E0
7 29 0E0
7 30 0E0
7 31 0E0
7 32 0E0
7 33 0E0
7 34 0E0
7 35 0E0
7 36 0E0
7 37 0E0
7 38 0E0
7 39 0E0
7 40 0E0
8 1 8.77676E-2
8 2 3.92676E-2
8 3 6.13194E-2
8 4 8.89388E-2
8 5 1.35552E-1
8 6 2.05943E-1
8 7 3.13901E-1
8 8 4.57241E-1
8 9 5.41706E-1
8 10 5.99356E-1
8 11 6.36967E-1
8 12 6.48448E-1
8 13 6.23907E-1
8 14 5.60546E-1
8 15 4.58934E-1
8 16 3.3601E-1
8 17 2.12636E-1
8 18 1.12056E-1
8 19 4.6809E-2
8 20 1.46079E-2
8 21 3.14827E-3
8 22 4.26827E-4
8 23 3.33085E-5
8 24 1.60036E-6
8 25 0E0
8 26 0E0
8 27 0E0
8 28 0E0
8 29 0E0
8 30 0E0
8 31 0E0
8 32 0E0
8 33 0E0
8 34 0E0
8 35 0E0
8 36 0E0
8 37 0E0
8 38 0E0
8 39 0E0
8 40 0E0
9 1 6.32928E-2
9 2 2.7821E-2
9 3 4.28471E-2
9 4 6.1958E-2
9 5 9.52065E-2
9 6 1.45864E-1
9 7 2.23884E-1
9 8 3.4828E-1
9 9 5.08639E-1
9 10 5.9728E-1
9 11 6.40331E-1
9 12 6.58971E-1
9 13 6.42375E-1
9 14 5.86445E-1
9 15 4.89473E-1
9 16 3.66711E-1
9 17 2.38503E-1
9 18 1.29777E-1
9 19 5.62825E-2
9 20 1.83395E-2
9 21 4.15252E-3
9 22 5.95362E-4
9 23 4.8598E-5
9 24 2.33063E-6
9 25 0E0
9 26 0E0
9 27 0E0
9 28 0E0
9 29 0E0
9 30 0E0
9 31 0E0
9 32 0E0
9 33 0E0
9 34 0E0
9 35 0E0
9 36 0E0
9 37 0E0
9 38 0E0
9 39 0E0
9 40 0E0
10 1 4.23773E-2
10 2 1.87496E-2
10 3 2.91075E-2
10 4 4.23215E-2
10 5 6.52138E-2
10 6 1.0046E-1
10 7 1.552E-1
10 8 2.43162E-1
10 9 3.82348E-1
10 10 5.69233E-1
10 11 6.5341E-1
10 12 6.80393E-1
10 13 6.72863E-1
10 14 6.25187E-1
10 15 5.32989E-1
10 16 4.09596E-1
10 17 2.74575E-1
10 18 1.54833E-1
10 19 7.00183E-2
10 20 2.39555E-2
10 21 5.7385E-3
10 22 8.7786E-4
10 23 7.65253E-5
10 24 3.84914E-6
10 25 0E0
10 26 0E0
10 27 0E0
10 28 0E0
10 29 0E0
10 30 0E0
10 31 0E0
10 32 0E0
10 33 0E0
10 34 0E0
10 35 0E0
10 36 0E0
10 37 0E0
10 38 0E0
10 39 0E0
10 40 0E0
11 1 2.68969E-2
11 2 1.19865E-2
11 3 1.86434E-2
11 4 2.71774E-2
11 5 4.21251E-2
11 6 6.56545E-2
11 7 1.02838E-1
11 8 1.63212E-1
11 9 2.59872E-1
11 10 4.21657E-1
11 11 6.34219E-1
11 12 7.14725E-1
11 13 7.17776E-1
11 14 6.79558E-1
11 15 5.92753E-1
11 16 4.68247E-1
11 17 3.24427E-1
11 18 1.90292E-1
11 19 9.01539E-2
11 20 3.25916E-2
11 21 8.32944E-3
11 22 1.37489E-3
11 23 1.30642E-4
11 24 7.00463E-6
11 25 1.21305E-6
11 26 8.07505E-7
11 27 1.0301E-7
11 28 0E0
11 29 0E0
11 30 0E0
11 31 0E0
11 32 0E0
11 33 0E0
11 34 0E0
11 35 0E0
11 36 0E0
11 37 0E0
11 38 0E0
11 39 0E0
11 40 0E0
12 1 1.71396E-2
12 2 7.67176E-3
12 3 1.19247E-2
12 4 1.73378E-2
12 5 2.67447E-2
12 6 4.14293E-2
12 7 6.51824E-2
12 8 1.04952E-1
12 9 1.69673E-1
12 10 2.79334E-1
12 11 4.62473E-1
12 12 7.05728E-1
12 13 7.76028E-1
12 14 7.50468E-1
12 15 6.71737E-1
12 16 5.47387E-1
12 17 3.93615E-1
12 18 2.41254E-1
12 19 1.20338E-1
12 20 4.61848E-2
12 21 1.26422E-2
12 22 2.25567E-3
12 23 2.337E-4
12 24 1.32292E-5
12 25 2.08862E-6
12 26 1.38977E-6
12 27 1.95424E-7
12 28 0E0
12 29 0E0
12 30 0E0
12 31 0E0
12 32 0E0
12 33 0E0
12 34 0E0
12 35 0E0
12 36 0E0
12 37 0E0
12 38 0E0
12 39 0E0
12 40 0E0
13 1 9.26177E-3
13 2 4.19461E-3
13 3 6.5646E-3
13 4 9.62001E-3
13 5 1.50081E-2
13 6 2.36749E-2
13 7 3.79413E-2
13 8 6.2275E-2
13 9 1.03118E-1
13 10 1.73913E-1
13 11 2.94907E-1
13 12 5.05316E-1
13 13 7.86372E-1
13 14 8.45024E-1
13 15 7.76409E-1
13 16 6.53226E-1
13 17 4.88287E-1
13 18 3.13599E-1
13 19 1.65468E-1
13 20 6.79221E-2
13 21 2.01579E-2
13 22 3.96142E-3
13 23 4.60617E-4
13 24 2.84046E-5
13 25 2.57131E-6
13 26 1.05557E-6
13 27 1.63102E-7
13 28 0E0
13 29 0E0
13 30 0E0
13 31 0E0
13 32 0E0
13 33 0E0
13 34 0E0
13 35 0E0
13 36 0E0
13 37 0E0
13 38 0E0
13 39 0E0
13 40 0E0
14 1 5.40154E-3
14 2 2.47098E-3
14 3 3.88522E-3
14 4 5.7227E-3
14 5 8.96182E-3
14 6 1.41404E-2
14 7 2.26029E-2
14 8 3.69452E-2
14 9 6.111E-2
14 10 1.04157E-1
14 11 1.79329E-1
14 12 3.12809E-1
14 13 5.50573E-1
14 14 8.70722E-1
14 15 9.05752E-1
14 16 7.91408E-1
14 17 6.19146E-1
14 18 4.19616E-1
14 19 2.35778E-1
14 20 1.04034E-1
14 21 3.35235E-2
14 22 7.22201E-3
14 23 9.29094E-4
14 24 6.24336E-5
14 25 3.45016E-6
14 26 2.31161E-7
14 27 3.22845E-8
14 28 0E0
14 29 0E0
14 30 0E0
14 31 0E0
14 32 0E0
14 33 0E0
14 34 0E0
14 35 0E0
14 36 0E0
14 37 0E0
14 38 0E0
14 39 0E0
14 40 0E0
15 1 2.61005E-3
15 2 1.21317E-3
15 3 1.92363E-3
15 4 2.86218E-3
15 5 4.53626E-3
15 6 7.25944E-3
15 7 1.1794E-2
15 8 1.96557E-2
15 9 3.32097E-2
15 10 5.76524E-2
15 11 1.01325E-1
15 12 1.81011E-1
15 13 3.27248E-1
15 14 5.98735E-1
15 15 9.63042E-1
15 16 9.71269E-1
15 17 7.96453E-1
15 18 5.71557E-1
15 19 3.43782E-1
15 20 1.64443E-1
15 21 5.82204E-2
15 22 1.39868E-2
15 23 2.04021E-3
15 24 1.57432E-4
15 25 6.57816E-6
15 26 1.60444E-7
15 27 4.85321E-9
15 28 0E0
15 29 0E0
15 30 0E0
15 31 0E0
15 32 0E0
15 33 0E0
15 34 0E0
15 35 0E0
15 36 0E0
15 37 0E0
15 38 0E0
15 39 0E0
15 40 0E0
16 1 1.09415E-3
16 2 5.15845E-4
16 3 8.24624E-4
16 4 1.23976E-3
16 5 1.99062E-3
16 6 3.2382E-3
16 7 5.36993E-3
16 8 9.16646E-3
16 9 1.58904E-2
16 10 2.83544E-2
16 11 5.13521E-2
16 12 9.4833E-2
16 13 1.7785E-1
16 14 3.38553E-1
16 15 6.46578E-1
16 16 1.0683E0
16 17 1.03589E0
16 18 7.88984E-1
16 19 5.10248E-1
16 20 2.66313E-1
16 21 1.0462E-1
16 22 2.8428E-2
16 23 4.79025E-3
16 24 4.36883E-4
16 25 1.90204E-5
16 26 5.28666E-7
16 27 1.71918E-8
16 28 0E0
16 29 0E0
16 30 0E0
16 31 0E0
16 32 0E0
16 33 0E0
16 34 0E0
16 35 0E0
16 36 0E0
16 37 0E0
16 38 0E0
16 39 0E0
16 40 0E0
17 1 4.17421E-4
17 2 2.02409E-4
17 3 3.27675E-4
17 4 4.99697E-4
17 5 8.15126E-4
17 6 1.34963E-3
17 7 2.28191E-3
17 8 3.97752E-3
17 9 7.04991E-3
17 10 1.28804E-2
17 11 2.39328E-2
17 12 4.54982E-2
17 13 8.82373E-2
17 14 1.74526E-1
17 15 3.47837E-1
17 16 6.96665E-1
17 17 1.17715E0
17 18 1.0942E0
17 19 7.66172E-1
17 20 4.39887E-1
17 21 1.9339E-1
17 22 5.9899E-2
17 23 1.17287E-2
17 24 1.26837E-3
17 25 6.43907E-5
17 26 1.80551E-6
17 27 5.89966E-8
17 28 0E0
17 29 0E0
17 30 0E0
17 31 0E0
17 32 0E0
17 33 0E0
17 34 0E0
17 35 0E0
17 36 0E0
17 37 0E0
17 38 0E0
17 39 0E0
17 40 0E0
18 1 1.23573E-4
18 2 6.15064E-5
18 3 1.00707E-4
18 4 1.55772E-4
18 5 2.58623E-4
18 6 4.37726E-4
18 7 7.60439E-4
18 8 1.37136E-3
18 9 2.53006E-3
18 10 4.82391E-3
18 11 9.35493E-3
18 12 1.8552E-2
18 13 3.76011E-2
18 14 7.8211E-2
18 15 1.64998E-1
18 16 3.51634E-1
18 17 7.46504E-1
18 18 1.29909E0
18 19 1.14832E0
18 20 7.28474E-1
18 21 3.61523E-1
18 22 1.29439E-1
18 23 3.00825E-2
18 24 3.97601E-3
18 25 2.53102E-4
18 26 7.69934E-6
18 27 2.33843E-7
18 28 0E0
18 29 0E0
18 30 0E0
18 31 0E0
18 32 0E0
18 33 0E0
18 34 0E0
18 35 0E0
18 36 0E0
18 37 0E0
18 38 0E0
18 39 0E0
18 40 0E0
19 1 2.88314E-5
19 2 1.49007E-5
19 3 2.4365E-5
19 4 3.77302E-5
19 5 6.298E-5
19 6 1.07902E-4
19 7 1.916E-4
19 8 3.57953E-4
19 9 6.97349E-4
19 10 1.42474E-3
19 11 2.96725E-3
19 12 6.28214E-3
19 13 1.34696E-2
19 14 2.94264E-2
19 15 6.57611E-2
19 16 1.50716E-1
19 17 3.477E-1
19 18 7.94271E-1
19 19 1.43346E0
19 20 1.19798E0
19 21 6.73176E-1
19 22 2.80708E-1
19 23 7.85818E-2
19 24 1.30457E-2
19 25 1.09978E-3
19 26 4.03099E-5
19 27 1.15906E-6
19 28 4.60749E-9
19 29 0E0
19 30 0E0
19 31 0E0
19 32 0E0
19 33 0E0
19 34 0E0
19 35 0E0
19 36 0E0
19 37 0E0
19 38 0E0
19 39 0E0
19 40 0E0
20 1 5.32847E-6
20 2 3.0251E-6
20 3 4.9992E-6
20 4 7.83484E-6
20 5 1.32556E-5
20 6 2.30431E-5
20 7 4.15073E-5
20 8 7.85319E-5
20 9 1.54697E-4
20 10 3.22853E-4
20 11 7.03239E-4
20 12 1.59315E-3
20 13 3.72652E-3
20 14 9.03325E-3
20 15 2.20009E-2
20 16 5.42334E-2
20 17 1.36226E-1
20 18 3.42773E-1
20 19 8.43413E-1
20 20 1.57117E0
20 21 1.22919E0
20 22 6.05124E-1
20 23 2.06289E-1
20 24 4.28847E-2
20 25 4.62643E-3
20 26 2.11343E-4
20 27 4.80523E-6
20 28 8.65216E-8
20 29 0E0
20 30 0E0
20 31 0E0
20 32 0E0
20 33 0E0
20 34 0E0
20 35 0E0
20 36 0E0
20 37 0E0
20 38 0E0
20 39 0E0
20 40 0E0
21 1 7.46972E-7
21 2 4.27594E-7
21 3 7.07631E-7
21 4 1.09851E-6
21 5 1.86398E-6
21 6 3.3013E-6
21 7 6.18772E-6
21 8 1.23991E-5
21 9 2.60309E-5
21 10 5.8104E-5
21 11 1.36109E-4
21 12 3.32782E-4
21 13 8.34335E-4
21 14 2.12996E-3
21 15 5.57242E-3
21 16 1.51795E-2
21 17 4.24215E-2
21 18 1.19494E-1
21 19 3.31734E-1
21 20 8.87931E-1
21 21 1.71599E0
21 22 1.25089E0
21 23 5.25674E-1
21 24 1.40423E-1
21 25 2.03433E-2
21 26 1.30579E-3
21 27 2.97973E-5
21 28 3.06682E-7
21 29 0E0
21 30 0E0
21 31 0E0
21 32 0E0
21 33 0E0
21 34 0E0
21 35 0E0
21 36 0E0
21 37 0E0
21 38 0E0
21 39 0E0
21 40 0E0
22 1 1.43481E-7
22 2 8.21339E-8
22 3 1.3589E-7
22 4 2.07874E-7
22 5 3.33082E-7
22 6 5.29623E-7
22 7 8.53027E-7
22 8 1.46997E-6
22 9 2.888E-6
22 10 6.56355E-6
22 11 1.64137E-5
22 12 4.45104E-5
22 13 1.24826E-4
22 14 3.5148E-4
22 15 1.00694E-3
22 16 3.02703E-3
22 17 9.51764E-3
22 18 3.07226E-2
22 19 9.92555E-2
22 20 3.12542E-1
22 21 9.27528E-1
22 22 1.8736E0
22 23 1.25644E0
22 24 4.37938E-1
22 25 8.75561E-2
22 26 8.24163E-3
22 27 2.84509E-4
22 28 3.24594E-6
22 29 0E0
22 30 0E0
22 31 0E0
22 32 0E0
22 33 0E0
22 34 0E0
22 35 0E0
22 36 0E0
22 37 0E0
22 38 0E0
22 39 0E0
22 40 0E0
23 1 2.87317E-8
23 2 1.64471E-8
23 3 2.72115E-8
23 4 4.16263E-8
23 5 6.66987E-8
23 6 1.05958E-7
23 7 1.67578E-7
23 8 2.66324E-7
23 9 4.21365E-7
23 10 7.29532E-7
23 11 1.4936E-6
23 12 3.82816E-6
23 13 1.23E-5
23 14 4.22142E-5
23 15 1.39876E-4
23 16 4.60847E-4
23 17 1.56371E-3
23 18 5.58434E-3
23 19 2.08165E-2
23 20 7.8477E-2
23 21 2.85737E-1
23 22 9.59887E-1
23 23 2.04164E0
23 24 1.24391E0
23 25 3.47706E-1
23 26 4.93803E-2
23 27 2.80752E-3
23 28 4.80637E-5
23 29 1.40685E-6
23 30 1.94793E-7
23 31 0E0
23 32 0E0
23 33 0E0
23 34 0E0
23 35 0E0
23 36 0E0
23 37 0E0
23 38 0E0
23 39 0E0
23 40 0E0
24 1 1.32078E-8
24 2 7.56062E-9
24 3 1.2509E-8
24 4 1.91353E-8
24 5 3.06609E-8
24 6 4.87081E-8
24 7 7.70346E-8
24 8 1.22428E-7
24 9 1.93238E-7
24 10 3.07453E-7
24 11 4.86982E-7
24 12 7.83482E-7
24 13 1.36683E-6
24 14 3.19042E-6
24 15 1.05657E-5
24 16 3.91348E-5
24 17 1.52493E-4
24 18 6.31927E-4
24 19 2.77713E-3
24 20 1.27942E-2
24 21 5.88144E-2
24 22 2.55432E-1
24 23 9.86979E-1
24 24 2.21273E0
24 25 1.21188E0
24 26 2.62609E-1
24 27 2.48023E-2
24 28 7.55281E-4
24 29 6.75464E-6
24 30 1.41483E-7
24 31 0E0
24 32 0E0
24 33 0E0
24 34 0E0
24 35 0E0
24 36 0E0
24 37 0E0
24 38 0E0
24 39 0E0
24 40 0E0
25 1 6.74498E-9
25 2 3.86107E-9
25 3 6.3881E-9
25 4 9.77206E-9
25 5 1.5658E-8
25 6 2.48743E-8
25 7 3.93402E-8
25 8 6.25215E-8
25 9 9.86829E-8
25 10 1.57011E-7
25 11 2.48574E-7
25 12 3.93901E-7
25 13 6.236E-7
25 14 9.94094E-7
25 15 1.71058E-6
25 16 3.73682E-6
25 17 1.10536E-5
25 18 4.37103E-5
25 19 2.14371E-4
25 20 1.19442E-3
25 21 7.0549E-3
25 22 4.12355E-2
25 23 2.20926E-1
25 24 1.00515E0
25 25 2.38956E0
25 26 1.16083E0
25 27 1.86927E-1
25 28 1.08686E-2
25 29 1.56632E-4
25 30 5.37537E-7
25 31 2.31221E-9
25 32 0E0
25 33 0E0
25 34 0E0
25 35 0E0
25 36 0E0
25 37 0E0
25 38 0E0
25 39 0E0
25 40 0E0
26 1 2.31912E-9
26 2 1.32755E-9
26 3 2.19641E-9
26 4 3.35992E-9
26 5 5.38367E-9
26 6 8.55251E-9
26 7 1.35263E-8
26 8 2.14967E-8
26 9 3.393E-8
26 10 5.39848E-8
26 11 8.54668E-8
26 12 1.35434E-7
26 13 2.14412E-7
26 14 3.40377E-7
26 15 5.40673E-7
26 16 9.36305E-7
26 17 2.39262E-6
26 18 7.94292E-6
26 19 2.93251E-5
26 20 1.26203E-4
26 21 6.54E-4
26 22 4.04296E-3
26 23 2.76861E-2
26 24 1.82839E-1
26 25 1.00811E0
26 26 2.57715E0
26 27 1.0903E0
26 28 1.24012E-1
26 29 4.22423E-3
26 30 2.84431E-5
26 31 7.46249E-8
26 32 0E0
26 33 0E0
26 34 0E0
26 35 0E0
26 36 0E0
26 37 0E0
26 38 0E0
26 39 0E0
26 40 0E0
27 1 7.1785E-10
27 2 4.1092E-10
27 3 6.7987E-10
27 4 1.04002E-9
27 5 1.66644E-9
27 6 2.64732E-9
27 7 4.18688E-9
27 8 6.65401E-9
27 9 1.05026E-8
27 10 1.67103E-8
27 11 2.64551E-8
27 12 4.19219E-8
27 13 6.63683E-8
27 14 1.05359E-7
27 15 1.66762E-7
27 16 2.6452E-7
27 17 4.19233E-7
27 18 6.69643E-7
27 19 1.13845E-6
27 20 2.71943E-6
27 21 1.63671E-5
27 22 1.56588E-4
27 23 1.60478E-3
27 24 1.64103E-2
27 25 1.47513E-1
27 26 1.00941E0
27 27 2.7533E0
27 28 1.00865E0
27 29 7.68827E-2
27 30 1.31807E-3
27 31 3.94108E-6
27 32 1.72718E-8
27 33 0E0
27 34 0E0
27 35 0E0
27 36 0E0
27 37 0E0
27 38 0E0
27 39 0E0
27 40 0E0
28 1 6.9947E-10
28 2 4.004E-10
28 3 6.6246E-10
28 4 1.01338E-9
28 5 1.62376E-9
28 6 2.57952E-9
28 7 4.07965E-9
28 8 6.4836E-9
28 9 1.02336E-8
28 10 1.62823E-8
28 11 2.57776E-8
28 12 4.08482E-8
28 13 6.46685E-8
28 14 1.02661E-7
28 15 1.62491E-7
28 16 2.57745E-7
28 17 4.08498E-7
28 18 6.4749E-7
28 19 1.02673E-6
28 20 1.64355E-6
28 21 2.72657E-6
28 22 6.65552E-6
28 23 4.87294E-5
28 24 6.3994E-4
28 25 9.08743E-3
28 26 1.13036E-1
28 27 9.97107E-1
28 28 2.93301E0
28 29 9.15026E-1
28 30 4.39087E-2
28 31 3.427E-4
28 32 7.49539E-7
28 33 0E0
28 34 0E0
28 35 0E0
28 36 0E0
28 37 0E0
28 38 0E0
28 39 0E0
28 40 0E0
29 1 2.8089E-10
29 2 1.6079E-10
29 3 2.6603E-10
29 4 4.0695E-10
29 5 6.5206E-10
29 6 1.03587E-9
29 7 1.63829E-9
29 8 2.60366E-9
29 9 4.10957E-9
29 10 6.53858E-9
29 11 1.03517E-8
29 12 1.64037E-8
29 13 2.59693E-8
29 14 4.12261E-8
29 15 6.52524E-8
29 16 1.03504E-7
29 17 1.64043E-7
29 18 2.60011E-7
29 19 4.118E-7
29 20 6.53015E-7
29 21 1.03551E-6
29 22 1.70972E-6
29 23 4.0077E-6
29 24 2.41957E-5
29 25 3.07259E-4
29 26 5.07058E-3
29 27 8.33596E-2
29 28 9.70186E-1
29 29 3.1143E0
29 30 8.13216E-1
29 31 2.31463E-2
29 32 6.91135E-5
29 33 3.05957E-8
29 34 0E0
29 35 0E0
29 36 0E0
29 37 0E0
29 38 0E0
29 39 0E0
29 40 0E0
30 1 1.9437E-10
30 2 1.1127E-10
30 3 1.8409E-10
30 4 2.8161E-10
30 5 4.5122E-10
30 6 7.1682E-10
30 7 1.13369E-9
30 8 1.80172E-9
30 9 2.8438E-9
30 10 4.52466E-9
30 11 7.16329E-9
30 12 1.13513E-8
30 13 1.79706E-8
30 14 2.85282E-8
30 15 4.51543E-8
30 16 7.16244E-8
30 17 1.13517E-7
30 18 1.79926E-7
30 19 2.84963E-7
30 20 4.51874E-7
30 21 7.15858E-7
30 22 1.13402E-6
30 23 1.79483E-6
30 24 2.83882E-6
30 25 5.02176E-6
30 26 4.84652E-5
30 27 1.8903E-3
30 28 5.79821E-2
30 29 9.44933E-1
30 30 3.27721E0
30 31 7.14834E-1
30 32 1.08588E-2
30 33 1.15615E-5
30 34 0E0
30 35 0E0
30 36 0E0
30 37 0E0
30 38 0E0
30 39 0E0
30 40 0E0
31 1 1.5612E-10
31 2 8.937E-11
31 3 1.4786E-10
31 4 2.2619E-10
31 5 3.6243E-10
31 6 5.7575E-10
31 7 9.1059E-10
31 8 1.44715E-9
31 9 2.28416E-9
31 10 3.63424E-9
31 11 5.75361E-9
31 12 9.11741E-9
31 13 1.44342E-8
31 14 2.29141E-8
31 15 3.62683E-8
31 16 5.75293E-8
31 17 9.11775E-8
31 18 1.44518E-7
31 19 2.28885E-7
31 20 3.62956E-7
31 21 5.75149E-7
31 22 9.13346E-7
31 23 1.45825E-6
31 24 2.34912E-6
31 25 3.80747E-6
31 26 6.15786E-6
31 27 1.62151E-5
31 28 7.29829E-4
31 29 3.78739E-2
31 30 9.08417E-1
31 31 3.43517E0
31 32 6.19427E-1
31 33 4.49902E-3
31 34 2.258E-6
31 35 0E0
31 36 0E0
31 37 0E0
31 38 0E0
31 39 0E0
31 40 0E0
32 1 3.5019E-11
32 2 2.0046E-11
32 3 3.3167E-11
32 4 5.0736E-11
32 5 8.1295E-11
32 6 1.2915E-10
32 7 2.0425E-10
32 8 3.2461E-10
32 9 5.1236E-10
32 10 8.1519E-10
32 11 1.29058E-9
32 12 2.04511E-9
32 13 3.23769E-9
32 14 5.13981E-9
32 15 8.13526E-9
32 16 1.29043E-8
32 17 2.04518E-8
32 18 3.24165E-8
32 19 5.13406E-8
32 20 8.14138E-8
32 21 1.29002E-7
32 22 2.04493E-7
32 23 3.23884E-7
32 24 5.11672E-7
32 25 8.20453E-7
32 26 1.37323E-6
32 27 2.3607E-6
32 28 5.28763E-6
32 29 2.43597E-4
32 30 2.34429E-2
32 31 8.66183E-1
32 32 3.5834E0
32 33 5.29967E-1
32 34 1.61466E-3
32 35 3.00546E-7
32 36 0E0
32 37 0E0
32 38 0E0
32 39 0E0
32 40 0E0
33 1 4.1051E-11
33 2 2.3499E-11
33 3 3.8879E-11
33 4 5.9474E-11
33 5 9.5296E-11
33 6 1.5139E-10
33 7 2.3943E-10
33 8 3.8051E-10
33 9 6.0059E-10
33 10 9.5558E-10
33 11 1.51284E-9
33 12 2.39732E-9
33 13 3.79529E-9
33 14 6.02499E-9
33 15 9.53632E-9
33 16 1.51266E-8
33 17 2.3974E-8
33 18 3.79993E-8
33 19 6.01825E-8
33 20 9.54349E-8
33 21 1.51219E-7
33 22 2.39715E-7
33 23 3.79917E-7
33 24 6.01765E-7
33 25 9.50924E-7
33 26 1.49372E-6
33 27 2.33465E-6
33 28 3.6466E-6
33 29 5.72088E-6
33 30 6.63259E-5
33 31 1.34631E-2
33 32 8.22252E-1
33 33 3.71871E0
33 34 4.48916E-1
33 35 4.87293E-4
33 36 9.95348E-9
33 37 0E0
33 38 0E0
33 39 0E0
33 40 0E0
34 1 4.4155E-11
34 2 2.5276E-11
34 3 4.1819E-11
34 4 6.3971E-11
34 5 1.025E-10
34 6 1.6284E-10
34 7 2.5753E-10
34 8 4.0929E-10
34 9 6.4601E-10
34 10 1.02784E-9
34 11 1.62724E-9
34 12 2.5786E-9
34 13 4.08229E-9
34 14 6.48059E-9
34 15 1.02575E-8
34 16 1.62705E-8
34 17 2.5787E-8
34 18 4.08728E-8
34 19 6.47335E-8
34 20 1.02652E-7
34 21 1.62654E-7
34 22 2.57842E-7
34 23 4.0865E-7
34 24 6.47596E-7
34 25 1.02775E-6
34 26 1.63581E-6
34 27 2.60526E-6
34 28 4.13786E-6
34 29 6.55918E-6
34 30 1.03946E-5
34 31 2.47782E-5
34 32 7.08773E-3
34 33 7.77673E-1
34 34 3.84094E0
34 35 3.77273E-1
34 36 1.15991E-4
34 37 2.38178E-9
34 38 0E0
34 39 0E0
34 40 0E0
35 1 1.494E-11
35 2 8.5521E-12
35 3 1.4149E-11
35 4 2.1645E-11
35 5 3.4682E-11
35 6 5.5096E-11
35 7 8.7137E-11
35 8 1.3848E-10
35 9 2.1858E-10
35 10 3.4777E-10
35 11 5.5058E-10
35 12 8.7248E-10
35 13 1.38125E-9
35 14 2.19273E-9
35 15 3.47064E-9
35 16 5.50518E-9
35 17 8.72509E-9
35 18 1.38294E-8
35 19 2.19028E-8
35 20 3.47325E-8
35 21 5.50346E-8
35 22 8.72416E-8
35 23 1.38268E-7
35 24 2.19113E-7
35 25 3.47171E-7
35 26 5.4974E-7
35 27 8.71678E-7
35 28 1.38408E-6
35 29 2.19743E-6
35 30 3.48749E-6
35 31 5.53351E-6
35 32 9.27093E-6
35 33 3.19619E-3
35 34 7.35119E-1
35 35 3.94946E0
35 36 3.14644E-1
35 37 2.16842E-5
35 38 0E0
35 39 0E0
35 40 0E0
36 1 1.7313E-11
36 2 9.9108E-12
36 3 1.6397E-11
36 4 2.5084E-11
36 5 4.0192E-11
36 6 6.3849E-11
36 7 1.0098E-10
36 8 1.6048E-10
36 9 2.5331E-10
36 10 4.0302E-10
36 11 6.3805E-10
36 12 1.01109E-9
36 13 1.6007E-9
36 14 2.54109E-9
36 15 4.02202E-9
36 16 6.37979E-9
36 17 1.01113E-8
36 18 1.60265E-8
36 19 2.53825E-8
36 20 4.02505E-8
36 21 6.3778E-8
36 22 1.01102E-7
36 23 1.60235E-7
36 24 2.53924E-7
36 25 4.02464E-7
36 26 6.376E-7
36 27 1.00805E-6
36 28 1.58965E-6
36 29 2.50775E-6
36 30 3.96491E-6
36 31 6.27586E-6
36 32 9.93573E-6
36 33 1.57531E-5
36 34 1.37653E-3
36 35 6.93761E-1
36 36 4.04647E0
36 37 2.60356E-1
36 38 3.85491E-6
36 39 0E0
36 40 0E0
37 1 1.0319E-11
37 2 5.9071E-12
37 3 9.7733E-12
37 4 1.495E-11
37 5 2.3955E-11
37 6 3.8056E-11
37 7 6.0187E-11
37 8 9.5653E-11
37 9 1.5098E-10
37 10 2.4021E-10
37 11 3.803E-10
37 12 6.0264E-10
37 13 9.5406E-10
37 14 1.51456E-9
37 15 2.39723E-9
37 16 3.80252E-9
37 17 6.02658E-9
37 18 9.55224E-9
37 19 1.51286E-8
37 20 2.39904E-8
37 21 3.80134E-8
37 22 6.02593E-8
37 23 9.55041E-8
37 24 1.51345E-7
37 25 2.39879E-7
37 26 3.80181E-7
37 27 6.02654E-7
37 28 9.57051E-7
37 29 1.52663E-6
37 30 2.45302E-6
37 31 3.963E-6
37 32 6.39905E-6
37 33 1.02975E-5
37 34 1.65164E-5
37 35 5.40125E-4
37 36 6.56021E-1
37 37 4.13138E0
37 38 2.13641E-1
37 39 4.18079E-7
37 40 0E0
38 1 7.4328E-12
38 2 4.2548E-12
38 3 7.0396E-12
38 4 1.0769E-11
38 5 1.7255E-11
38 6 2.7411E-11
38 7 4.3352E-11
38 8 6.8897E-11
38 9 1.0875E-10
38 10 1.7302E-10
38 11 2.7392E-10
38 12 4.3407E-10
38 13 6.8719E-10
38 14 1.09092E-9
38 15 1.7267E-9
38 16 2.73891E-9
38 17 4.34086E-9
38 18 6.88035E-9
38 19 1.0897E-8
38 20 1.72799E-8
38 21 2.73805E-8
38 22 4.3404E-8
38 23 6.87903E-8
38 24 1.09012E-7
38 25 1.72782E-7
38 26 2.73839E-7
38 27 4.34002E-7
38 28 6.8777E-7
38 29 1.08917E-6
38 30 1.72215E-6
38 31 2.71726E-6
38 32 4.27923E-6
38 33 6.73637E-6
38 34 1.06136E-5
38 35 1.67419E-5
38 36 1.9326E-4
38 37 6.21754E-1
38 38 4.20576E0
38 39 1.73568E-1
38 40 1.19889E-7
39 1 5.5428E-12
39 2 3.1729E-12
39 3 5.2495E-12
39 4 8.0303E-12
39 5 1.2867E-11
39 6 2.0441E-11
39 7 3.2328E-11
39 8 5.1378E-11
39 9 8.1094E-11
39 10 1.2903E-10
39 11 2.0427E-10
39 12 3.2369E-10
39 13 5.1245E-10
39 14 8.1351E-10
39 15 1.28762E-9
39 16 2.04245E-9
39 17 3.23705E-9
39 18 5.13079E-9
39 19 8.12603E-9
39 20 1.28859E-8
39 21 2.04181E-8
39 22 3.2367E-8
39 23 5.1298E-8
39 24 8.12919E-8
39 25 1.28846E-7
39 26 2.04206E-7
39 27 3.23642E-7
39 28 5.12937E-7
39 29 8.13121E-7
39 30 1.29151E-6
39 31 2.05986E-6
39 32 3.30129E-6
39 33 5.31241E-6
39 34 8.55558E-6
39 35 1.37467E-5
39 36 2.20233E-5
39 37 8.21876E-5
39 38 5.91646E-1
39 39 4.26941E0
39 40 1.39885E-1
40 1 2.2011E-12
40 2 1.26E-12
40 3 2.0847E-12
40 4 3.189E-12
40 5 5.1097E-12
40 6 8.1173E-12
40 7 1.2838E-11
40 8 2.0403E-11
40 9 3.2204E-11
40 10 5.1238E-11
40 11 8.1118E-11
40 12 1.2854E-10
40 13 2.035E-10
40 14 3.2306E-10
40 15 5.1133E-10
40 16 8.1108E-10
40 17 1.28548E-9
40 18 2.03751E-9
40 19 3.22696E-9
40 20 5.11718E-9
40 21 8.10831E-9
40 22 1.28534E-8
40 23 2.03712E-8
40 24 3.22821E-8
40 25 5.11666E-8
40 26 8.10931E-8
40 27 1.28523E-7
40 28 2.03695E-7
40 29 3.22832E-7
40 30 5.11786E-7
40 31 8.1453E-7
40 32 1.30806E-6
40 33 2.12135E-6
40 34 3.45881E-6
40 35 5.62957E-6
40 36 9.11428E-6
40 37 1.4687E-5
40 38 3.29386E-5
40 39 5.65322E-1
40 40 4.43545E0
