1 8.059160e-05
2 7.988770e-05
3 7.916760e-05
4 7.843060e-05
5 7.767640e-05
6 7.690470e-05
7 7.611510e-05
8 7.530690e-05
9 7.448000e-05
10 7.363390e-05
11 7.276800e-05
12 7.188200e-05
13 7.097540e-05
14 7.004750e-05
15 6.909810e-05
16 6.812660e-05
17 6.713250e-05
18 6.614670e-05
19 6.544780e-05
20 6.481090e-05
21 6.415940e-05
22 6.349260e-05
23 6.281020e-05
24 6.211190e-05
25 6.139750e-05
26 6.066630e-05
27 5.991810e-05
28 5.915260e-05
29 5.836920e-05
30 5.756740e-05
31 5.686970e-05
32 5.633800e-05
33 5.579550e-05
34 5.524050e-05
35 5.467250e-05
36 5.409120e-05
37 5.349650e-05
38 5.288790e-05
39 5.226500e-05
40 5.162770e-05
41 5.097560e-05
42 5.030820e-05
43 4.962530e-05
44 4.892710e-05
45 4.835440e-05
46 4.787920e-05
47 4.739310e-05
48 4.689550e-05
49 4.638640e-05
50 4.586550e-05
51 4.533240e-05
52 4.478680e-05
53 4.422870e-05
54 4.365750e-05
55 4.311100e-05
56 4.271400e-05
57 4.232620e-05
58 4.192920e-05
59 4.152290e-05
60 4.110730e-05
61 4.068200e-05
62 4.024660e-05
63 3.980130e-05
64 3.934550e-05
65 3.887910e-05
66 3.840180e-05
67 3.791350e-05
68 3.741370e-05
69 3.690230e-05
70 3.638020e-05
71 3.598080e-05
72 3.566470e-05
73 3.534130e-05
74 3.501030e-05
75 3.467150e-05
76 3.432500e-05
77 3.397030e-05
78 3.360730e-05
79 3.323600e-05
80 3.285590e-05
81 3.246700e-05
82 3.206910e-05
83 3.166180e-05
84 3.124510e-05
85 3.081870e-05
86 3.038240e-05
87 2.993580e-05
88 2.950180e-05
89 2.920050e-05
90 2.891670e-05
91 2.862640e-05
92 2.832920e-05
93 2.802510e-05
94 2.771400e-05
95 2.739560e-05
96 2.706980e-05
97 2.673640e-05
98 2.639520e-05
99 2.604610e-05
100 2.568880e-05
101 2.539840e-05
102 2.517710e-05
103 2.495080e-05
104 2.471910e-05
105 2.448200e-05
106 2.423940e-05
107 2.399120e-05
108 2.373710e-05
109 2.347720e-05
110 2.321120e-05
111 2.293890e-05
112 2.266040e-05
113 2.237540e-05
114 2.208370e-05
115 2.178520e-05
116 2.147990e-05
117 2.116730e-05
118 2.085730e-05
119 2.063680e-05
120 2.043560e-05
121 2.022970e-05
122 2.001900e-05
123 1.980330e-05
124 1.958270e-05
125 1.935690e-05
126 1.912590e-05
127 1.888940e-05
128 1.864750e-05
129 1.840000e-05
130 1.814660e-05
131 1.792640e-05
132 1.775890e-05
133 1.758800e-05
134 1.741320e-05
135 1.723430e-05
136 1.705120e-05
137 1.686390e-05
138 1.667220e-05
139 1.647610e-05
140 1.627530e-05
141 1.606990e-05
142 1.585970e-05
143 1.564470e-05
144 1.542470e-05
145 1.524360e-05
146 1.509260e-05
147 1.493800e-05
148 1.477990e-05
149 1.461800e-05
150 1.445240e-05
151 1.428300e-05
152 1.410950e-05
153 1.393210e-05
154 1.375050e-05
155 1.357680e-05
156 1.345060e-05
157 1.332720e-05
158 1.320100e-05
159 1.307180e-05
160 1.293960e-05
161 1.280440e-05
162 1.266590e-05
163 1.252430e-05
164 1.237940e-05
165 1.223100e-05
166 1.207930e-05
167 1.192400e-05
168 1.176500e-05
169 1.160240e-05
170 1.143640e-05
171 1.131020e-05
172 1.121110e-05
173 1.110980e-05
174 1.100600e-05
175 1.089990e-05
176 1.079120e-05
177 1.068010e-05
178 1.056630e-05
179 1.044990e-05
180 1.033080e-05
181 1.020890e-05
182 1.008420e-05
183 9.956560e-06
184 9.825940e-06
185 9.692310e-06
186 9.555550e-06
187 9.415590e-06
188 9.279530e-06
189 9.184790e-06
190 9.095490e-06
191 9.004120e-06
192 8.910610e-06
193 8.814920e-06
194 8.717010e-06
195 8.616820e-06
196 8.514280e-06
197 8.409380e-06
198 8.302020e-06
199 8.192140e-06
200 8.079730e-06
