1 8.058510e-05
2 7.988120e-05
3 7.916130e-05
4 7.842440e-05
5 7.767030e-05
6 7.689880e-05
7 7.610920e-05
8 7.530120e-05
9 7.447450e-05
10 7.362850e-05
11 7.276270e-05
12 7.187680e-05
13 7.097030e-05
14 7.004260e-05
15 6.909330e-05
16 6.812200e-05
17 6.712800e-05
18 6.614250e-05
19 6.544390e-05
20 6.480750e-05
21 6.415630e-05
22 6.349000e-05
23 6.280810e-05
24 6.211030e-05
25 6.139640e-05
26 6.066570e-05
27 5.991800e-05
28 5.915300e-05
29 5.837010e-05
30 5.756890e-05
31 5.687170e-05
32 5.634020e-05
33 5.579800e-05
34 5.524330e-05
35 5.467550e-05
36 5.409450e-05
37 5.350010e-05
38 5.289180e-05
39 5.226920e-05
40 5.163220e-05
41 5.098040e-05
42 5.031330e-05
43 4.963080e-05
44 4.893290e-05
45 4.836030e-05
46 4.788510e-05
47 4.739880e-05
48 4.690120e-05
49 4.639190e-05
50 4.587090e-05
51 4.533770e-05
52 4.479200e-05
53 4.423380e-05
54 4.366240e-05
55 4.311580e-05
56 4.271900e-05
57 4.233120e-05
58 4.193440e-05
59 4.152820e-05
60 4.111270e-05
61 4.068750e-05
62 4.025230e-05
63 3.980700e-05
64 3.935140e-05
65 3.888510e-05
66 3.840800e-05
67 3.791980e-05
68 3.742010e-05
69 3.690880e-05
70 3.638690e-05
71 3.598760e-05
72 3.567140e-05
73 3.534790e-05
74 3.501680e-05
75 3.467810e-05
76 3.433150e-05
77 3.397670e-05
78 3.361370e-05
79 3.324230e-05
80 3.286220e-05
81 3.247320e-05
82 3.207520e-05
83 3.166790e-05
84 3.125110e-05
85 3.082470e-05
86 3.038820e-05
87 2.994160e-05
88 2.950760e-05
89 2.920650e-05
90 2.892290e-05
91 2.863280e-05
92 2.833580e-05
93 2.803200e-05
94 2.772110e-05
95 2.740300e-05
96 2.707740e-05
97 2.674430e-05
98 2.640340e-05
99 2.605450e-05
100 2.569750e-05
101 2.540720e-05
102 2.518590e-05
103 2.495940e-05
104 2.472770e-05
105 2.449050e-05
106 2.424790e-05
107 2.399960e-05
108 2.374540e-05
109 2.348540e-05
110 2.321930e-05
111 2.294700e-05
112 2.266840e-05
113 2.238330e-05
114 2.209150e-05
115 2.179300e-05
116 2.148750e-05
117 2.117490e-05
118 2.086480e-05
119 2.064410e-05
120 2.044270e-05
121 2.023660e-05
122 2.002580e-05
123 1.981000e-05
124 1.958910e-05
125 1.936320e-05
126 1.913190e-05
127 1.889530e-05
128 1.865320e-05
129 1.840540e-05
130 1.815190e-05
131 1.793150e-05
132 1.776390e-05
133 1.759300e-05
134 1.741810e-05
135 1.723910e-05
136 1.705590e-05
137 1.686850e-05
138 1.667670e-05
139 1.648040e-05
140 1.627960e-05
141 1.607410e-05
142 1.586380e-05
143 1.564860e-05
144 1.542860e-05
145 1.524740e-05
146 1.509640e-05
147 1.494190e-05
148 1.478370e-05
149 1.462190e-05
150 1.445630e-05
151 1.428690e-05
152 1.411350e-05
153 1.393610e-05
154 1.375450e-05
155 1.358080e-05
156 1.345460e-05
157 1.333130e-05
158 1.320510e-05
159 1.307590e-05
160 1.294380e-05
161 1.280860e-05
162 1.267020e-05
163 1.252860e-05
164 1.238370e-05
165 1.223540e-05
166 1.208370e-05
167 1.192850e-05
168 1.176960e-05
169 1.160700e-05
170 1.144100e-05
171 1.131480e-05
172 1.121570e-05
173 1.111420e-05
174 1.101040e-05
175 1.090420e-05
176 1.079550e-05
177 1.068420e-05
178 1.057040e-05
179 1.045390e-05
180 1.033470e-05
181 1.021270e-05
182 1.008790e-05
183 9.960160e-06
184 9.829440e-06
185 9.695710e-06
186 9.558850e-06
187 9.418780e-06
188 9.282620e-06
189 9.187810e-06
190 9.098450e-06
191 9.007020e-06
192 8.913450e-06
193 8.817700e-06
194 8.719730e-06
195 8.619470e-06
196 8.516870e-06
197 8.411900e-06
198 8.304470e-06
199 8.194520e-06
200 8.082030e-06
