1 8.055150e-05
2 7.984940e-05
3 7.913110e-05
4 7.839600e-05
5 7.764370e-05
6 7.687400e-05
7 7.608640e-05
8 7.528030e-05
9 7.445550e-05
10 7.361160e-05
11 7.274790e-05
12 7.186410e-05
13 7.095980e-05
14 7.003430e-05
15 6.908730e-05
16 6.811830e-05
17 6.712670e-05
18 6.614320e-05
19 6.544320e-05
20 6.480430e-05
21 6.415070e-05
22 6.348180e-05
23 6.279730e-05
24 6.209690e-05
25 6.138030e-05
26 6.064680e-05
27 5.989630e-05
28 5.912840e-05
29 5.834250e-05
30 5.753820e-05
31 5.683920e-05
32 5.630780e-05
33 5.576570e-05
34 5.521100e-05
35 5.464340e-05
36 5.406250e-05
37 5.346820e-05
38 5.286000e-05
39 5.223760e-05
40 5.160070e-05
41 5.094910e-05
42 5.028210e-05
43 4.959970e-05
44 4.890200e-05
45 4.832800e-05
46 4.785040e-05
47 4.736170e-05
48 4.686140e-05
49 4.634960e-05
50 4.582600e-05
51 4.529000e-05
52 4.474160e-05
53 4.418050e-05
54 4.360620e-05
55 4.305680e-05
56 4.265780e-05
57 4.226780e-05
58 4.186880e-05
59 4.146040e-05
60 4.104260e-05
61 4.061500e-05
62 4.017740e-05
63 3.972970e-05
64 3.927160e-05
65 3.880270e-05
66 3.832290e-05
67 3.783200e-05
68 3.732960e-05
69 3.681550e-05
70 3.629070e-05
71 3.589100e-05
72 3.557610e-05
73 3.525390e-05
74 3.492420e-05
75 3.458680e-05
76 3.424160e-05
77 3.388830e-05
78 3.352680e-05
79 3.315690e-05
80 3.277840e-05
81 3.239100e-05
82 3.199460e-05
83 3.158900e-05
84 3.117390e-05
85 3.074920e-05
86 3.031460e-05
87 2.986980e-05
88 2.943740e-05
89 2.913660e-05
90 2.885300e-05
91 2.856300e-05
92 2.826610e-05
93 2.796230e-05
94 2.765140e-05
95 2.733330e-05
96 2.700780e-05
97 2.667470e-05
98 2.633390e-05
99 2.598500e-05
100 2.562820e-05
101 2.533820e-05
102 2.511740e-05
103 2.489160e-05
104 2.466050e-05
105 2.442390e-05
106 2.418190e-05
107 2.393430e-05
108 2.368080e-05
109 2.342150e-05
110 2.315620e-05
111 2.288460e-05
112 2.260670e-05
113 2.232240e-05
114 2.203140e-05
115 2.173370e-05
116 2.142900e-05
117 2.111730e-05
118 2.080810e-05
119 2.058870e-05
120 2.038860e-05
121 2.018400e-05
122 1.997460e-05
123 1.976020e-05
124 1.954090e-05
125 1.931650e-05
126 1.908690e-05
127 1.885190e-05
128 1.861140e-05
129 1.836540e-05
130 1.811360e-05
131 1.789450e-05
132 1.772750e-05
133 1.755730e-05
134 1.738300e-05
135 1.720470e-05
136 1.702230e-05
137 1.683560e-05
138 1.664450e-05
139 1.644900e-05
140 1.624890e-05
141 1.604420e-05
142 1.583470e-05
143 1.562040e-05
144 1.540120e-05
145 1.522040e-05
146 1.506960e-05
147 1.491520e-05
148 1.475730e-05
149 1.459560e-05
150 1.443020e-05
151 1.426100e-05
152 1.408780e-05
153 1.391050e-05
154 1.372920e-05
155 1.355560e-05
156 1.342930e-05
157 1.330590e-05
158 1.317960e-05
159 1.305030e-05
160 1.291810e-05
161 1.278270e-05
162 1.264420e-05
163 1.250250e-05
164 1.235750e-05
165 1.220900e-05
166 1.205720e-05
167 1.190180e-05
168 1.174270e-05
169 1.158000e-05
170 1.141390e-05
171 1.128790e-05
172 1.118920e-05
173 1.108820e-05
174 1.098490e-05
175 1.087910e-05
176 1.077090e-05
177 1.066010e-05
178 1.054680e-05
179 1.043080e-05
180 1.031220e-05
181 1.019070e-05
182 1.006650e-05
183 9.939320e-06
184 9.809190e-06
185 9.676060e-06
186 9.539810e-06
187 9.400370e-06
188 9.264820e-06
189 9.170400e-06
190 9.081400e-06
191 8.990330e-06
192 8.897130e-06
193 8.801750e-06
194 8.704170e-06
195 8.604310e-06
196 8.502110e-06
197 8.397560e-06
198 8.290550e-06
199 8.181040e-06
200 8.069000e-06
