1 8.059070e-05
2 7.988730e-05
3 7.916770e-05
4 7.843120e-05
5 7.767750e-05
6 7.690630e-05
7 7.611720e-05
8 7.530960e-05
9 7.448330e-05
10 7.363770e-05
11 7.277240e-05
12 7.188690e-05
13 7.098090e-05
14 7.005370e-05
15 6.910490e-05
16 6.813410e-05
17 6.714060e-05
18 6.615540e-05
19 6.545550e-05
20 6.481730e-05
21 6.416430e-05
22 6.349610e-05
23 6.281220e-05
24 6.211250e-05
25 6.139660e-05
26 6.066380e-05
27 5.991400e-05
28 5.914680e-05
29 5.836170e-05
30 5.755830e-05
31 5.685950e-05
32 5.632770e-05
33 5.578510e-05
34 5.523010e-05
35 5.466200e-05
36 5.408060e-05
37 5.348580e-05
38 5.287710e-05
39 5.225420e-05
40 5.161680e-05
41 5.096460e-05
42 5.029710e-05
43 4.961420e-05
44 4.891590e-05
45 4.834260e-05
46 4.786660e-05
47 4.737950e-05
48 4.688100e-05
49 4.637090e-05
50 4.584900e-05
51 4.531490e-05
52 4.476830e-05
53 4.420910e-05
54 4.363680e-05
55 4.308920e-05
56 4.269130e-05
57 4.230250e-05
58 4.190460e-05
59 4.149730e-05
60 4.108070e-05
61 4.065430e-05
62 4.021790e-05
63 3.977150e-05
64 3.931460e-05
65 3.884700e-05
66 3.836860e-05
67 3.787910e-05
68 3.737810e-05
69 3.686540e-05
70 3.634210e-05
71 3.594250e-05
72 3.562690e-05
73 3.530390e-05
74 3.497340e-05
75 3.463520e-05
76 3.428920e-05
77 3.393500e-05
78 3.357260e-05
79 3.320180e-05
80 3.282230e-05
81 3.243400e-05
82 3.203670e-05
83 3.163010e-05
84 3.121400e-05
85 3.078830e-05
86 3.035260e-05
87 2.990670e-05
88 2.947330e-05
89 2.917200e-05
90 2.888810e-05
91 2.859760e-05
92 2.830030e-05
93 2.799600e-05
94 2.768480e-05
95 2.736620e-05
96 2.704020e-05
97 2.670670e-05
98 2.636540e-05
99 2.601610e-05
100 2.565870e-05
101 2.536830e-05
102 2.514720e-05
103 2.492110e-05
104 2.468970e-05
105 2.445280e-05
106 2.421050e-05
107 2.396250e-05
108 2.370870e-05
109 2.344900e-05
110 2.318330e-05
111 2.291140e-05
112 2.263310e-05
113 2.234840e-05
114 2.205710e-05
115 2.175890e-05
116 2.145380e-05
117 2.114160e-05
118 2.083200e-05
119 2.061200e-05
120 2.041140e-05
121 2.020610e-05
122 1.999610e-05
123 1.978110e-05
124 1.956110e-05
125 1.933600e-05
126 1.910570e-05
127 1.887000e-05
128 1.862880e-05
129 1.838200e-05
130 1.812940e-05
131 1.790970e-05
132 1.774260e-05
133 1.757200e-05
134 1.739750e-05
135 1.721890e-05
136 1.703610e-05
137 1.684910e-05
138 1.665770e-05
139 1.646190e-05
140 1.626150e-05
141 1.605650e-05
142 1.584660e-05
143 1.563190e-05
144 1.541240e-05
145 1.523140e-05
146 1.508040e-05
147 1.492590e-05
148 1.476780e-05
149 1.460610e-05
150 1.444050e-05
151 1.427120e-05
152 1.409780e-05
153 1.392040e-05
154 1.373890e-05
155 1.356530e-05
156 1.343900e-05
157 1.331560e-05
158 1.318930e-05
159 1.306000e-05
160 1.292780e-05
161 1.279240e-05
162 1.265390e-05
163 1.251220e-05
164 1.236720e-05
165 1.221880e-05
166 1.206700e-05
167 1.191160e-05
168 1.175260e-05
169 1.158980e-05
170 1.142370e-05
171 1.129770e-05
172 1.119880e-05
173 1.109770e-05
174 1.099410e-05
175 1.088820e-05
176 1.077980e-05
177 1.066880e-05
178 1.055530e-05
179 1.043920e-05
180 1.032030e-05
181 1.019870e-05
182 1.007420e-05
183 9.946850e-06
184 9.816510e-06
185 9.683150e-06
186 9.546680e-06
187 9.407010e-06
188 9.271240e-06
189 9.176670e-06
190 9.087540e-06
191 8.996330e-06
192 8.902990e-06
193 8.807470e-06
194 8.709750e-06
195 8.609740e-06
196 8.507390e-06
197 8.402680e-06
198 8.295510e-06
199 8.185840e-06
200 8.073630e-06
