1 3.338670e-01
2 3.338670e-01
3 3.338670e-01
4 3.338670e-01
5 3.338670e-01
6 3.338670e-01
7 3.338670e-01
8 3.338670e-01
9 3.338670e-01
10 3.338670e-01
11 3.338670e-01
12 3.338670e-01
13 3.338670e-01
14 3.338670e-01
15 3.338670e-01
16 3.338670e-01
17 3.338670e-01
18 3.338670e-01
19 3.338670e-01
20 3.338670e-01
21 3.338670e-01
22 3.338670e-01
23 3.338670e-01
24 3.338670e-01
25 3.338670e-01
26 3.338670e-01
27 3.338670e-01
28 3.338660e-01
29 3.338660e-01
30 3.338660e-01
31 3.338660e-01
32 3.338660e-01
33 3.338660e-01
34 3.338660e-01
35 3.338660e-01
36 3.338660e-01
37 3.338660e-01
38 3.338660e-01
39 3.338660e-01
40 3.338660e-01
41 3.338660e-01
42 3.338660e-01
43 3.338660e-01
44 3.338660e-01
45 3.338660e-01
46 3.338660e-01
47 3.338660e-01
48 3.338660e-01
49 3.338660e-01
50 3.338660e-01
51 3.338660e-01
52 3.338660e-01
53 3.338660e-01
54 3.338660e-01
55 3.338660e-01
56 3.338650e-01
57 3.338650e-01
58 3.338650e-01
59 3.338650e-01
60 3.338660e-01
61 3.338650e-01
62 3.338650e-01
63 3.338650e-01
64 3.338650e-01
65 3.338650e-01
66 3.338650e-01
67 3.338650e-01
68 3.338650e-01
69 3.338650e-01
70 3.338650e-01
71 3.338650e-01
72 3.338650e-01
73 3.338640e-01
74 3.338640e-01
75 3.338640e-01
76 3.338640e-01
77 3.338640e-01
78 3.338640e-01
79 3.338640e-01
80 3.338640e-01
81 3.338640e-01
82 3.338640e-01
83 3.338640e-01
84 3.338640e-01
85 3.338640e-01
86 3.338630e-01
87 3.338630e-01
88 3.338630e-01
89 3.338630e-01
90 3.338630e-01
91 3.338630e-01
92 3.338630e-01
93 3.338630e-01
94 3.338630e-01
95 3.338620e-01
96 3.338620e-01
97 3.338620e-01
98 3.338620e-01
99 3.338620e-01
100 3.338620e-01
101 3.338620e-01
102 3.338620e-01
103 3.338610e-01
104 3.338610e-01
105 3.338610e-01
106 3.338610e-01
107 3.338610e-01
108 3.338610e-01
109 3.338600e-01
110 3.338600e-01
111 3.338600e-01
112 3.338600e-01
113 3.338600e-01
114 3.338600e-01
115 3.338590e-01
116 3.338590e-01
117 3.338590e-01
118 3.338590e-01
119 3.338590e-01
120 3.338580e-01
121 3.338580e-01
122 3.338580e-01
123 3.338580e-01
124 3.338580e-01
125 3.338570e-01
126 3.338570e-01
127 3.338570e-01
128 3.338570e-01
129 3.338560e-01
130 3.338560e-01
131 3.338560e-01
132 3.338560e-01
133 3.338550e-01
134 3.338550e-01
135 3.338550e-01
136 3.338540e-01
137 3.338540e-01
138 3.338540e-01
139 3.338530e-01
140 3.338530e-01
141 3.338530e-01
142 3.338520e-01
143 3.338520e-01
144 3.338520e-01
145 3.338510e-01
146 3.338510e-01
147 3.338510e-01
148 3.338500e-01
149 3.338500e-01
150 3.338490e-01
151 3.338490e-01
152 3.338480e-01
153 3.338480e-01
154 3.338480e-01
155 3.338470e-01
156 3.338470e-01
157 3.338460e-01
158 3.338460e-01
159 3.338450e-01
160 3.338450e-01
161 3.338440e-01
162 3.338440e-01
163 3.338430e-01
164 3.338420e-01
165 3.338420e-01
166 3.338410e-01
167 3.338410e-01
168 3.338400e-01
169 3.338390e-01
170 3.338390e-01
171 3.338380e-01
172 3.338370e-01
173 3.338370e-01
174 3.338360e-01
175 3.338350e-01
176 3.338340e-01
177 3.338340e-01
178 3.338330e-01
179 3.338320e-01
180 3.338310e-01
181 3.338300e-01
182 3.338300e-01
183 3.338290e-01
184 3.338280e-01
185 3.338270e-01
186 3.338260e-01
187 3.338250e-01
188 3.338240e-01
189 3.338230e-01
190 3.338220e-01
191 3.338210e-01
192 3.338200e-01
193 3.338190e-01
194 3.338170e-01
195 3.338160e-01
196 3.338150e-01
197 3.338140e-01
198 3.338130e-01
199 3.338110e-01
200 3.338100e-01
