1 8.059550e-05
2 7.989170e-05
3 7.917160e-05
4 7.843470e-05
5 7.768050e-05
6 7.690890e-05
7 7.611930e-05
8 7.531120e-05
9 7.448430e-05
10 7.363830e-05
11 7.277240e-05
12 7.188640e-05
13 7.097980e-05
14 7.005200e-05
15 6.910260e-05
16 6.813130e-05
17 6.713720e-05
18 6.615140e-05
19 6.545200e-05
20 6.481460e-05
21 6.416240e-05
22 6.349500e-05
23 6.281200e-05
24 6.211310e-05
25 6.139810e-05
26 6.066620e-05
27 5.991730e-05
28 5.915110e-05
29 5.836690e-05
30 5.756450e-05
31 5.686630e-05
32 5.633440e-05
33 5.579170e-05
34 5.523660e-05
35 5.466840e-05
36 5.408700e-05
37 5.349210e-05
38 5.288330e-05
39 5.226030e-05
40 5.162280e-05
41 5.097050e-05
42 5.030290e-05
43 4.961980e-05
44 4.892140e-05
45 4.834850e-05
46 4.787320e-05
47 4.738690e-05
48 4.688920e-05
49 4.637990e-05
50 4.585890e-05
51 4.532560e-05
52 4.477980e-05
53 4.422150e-05
54 4.365010e-05
55 4.310330e-05
56 4.270610e-05
57 4.231790e-05
58 4.192060e-05
59 4.151400e-05
60 4.109810e-05
61 4.067240e-05
62 4.023670e-05
63 3.979100e-05
64 3.933490e-05
65 3.886800e-05
66 3.839040e-05
67 3.790170e-05
68 3.740150e-05
69 3.688960e-05
70 3.636710e-05
71 3.596770e-05
72 3.565180e-05
73 3.532840e-05
74 3.499760e-05
75 3.465900e-05
76 3.431260e-05
77 3.395810e-05
78 3.359530e-05
79 3.322410e-05
80 3.284420e-05
81 3.245550e-05
82 3.205780e-05
83 3.165070e-05
84 3.123420e-05
85 3.080800e-05
86 3.037190e-05
87 2.992550e-05
88 2.949170e-05
89 2.919030e-05
90 2.890640e-05
91 2.861590e-05
92 2.831850e-05
93 2.801430e-05
94 2.770300e-05
95 2.738440e-05
96 2.705840e-05
97 2.672490e-05
98 2.638350e-05
99 2.603420e-05
100 2.567670e-05
101 2.538630e-05
102 2.516510e-05
103 2.493880e-05
104 2.470720e-05
105 2.447020e-05
106 2.422770e-05
107 2.397960e-05
108 2.372560e-05
109 2.346580e-05
110 2.319990e-05
111 2.292780e-05
112 2.264930e-05
113 2.236440e-05
114 2.207290e-05
115 2.177450e-05
116 2.146920e-05
117 2.115680e-05
118 2.084700e-05
119 2.062670e-05
120 2.042570e-05
121 2.022000e-05
122 2.000960e-05
123 1.979420e-05
124 1.957380e-05
125 1.934830e-05
126 1.911760e-05
127 1.888140e-05
128 1.863980e-05
129 1.839250e-05
130 1.813950e-05
131 1.791950e-05
132 1.775210e-05
133 1.758140e-05
134 1.740670e-05
135 1.722790e-05
136 1.704500e-05
137 1.685780e-05
138 1.666620e-05
139 1.647020e-05
140 1.626960e-05
141 1.606430e-05
142 1.585430e-05
143 1.563930e-05
144 1.541960e-05
145 1.523850e-05
146 1.508750e-05
147 1.493290e-05
148 1.477480e-05
149 1.461300e-05
150 1.444740e-05
151 1.427790e-05
152 1.410450e-05
153 1.392710e-05
154 1.374560e-05
155 1.357180e-05
156 1.344560e-05
157 1.332220e-05
158 1.319590e-05
159 1.306670e-05
160 1.293450e-05
161 1.279920e-05
162 1.266070e-05
163 1.251900e-05
164 1.237400e-05
165 1.222570e-05
166 1.207380e-05
167 1.191850e-05
168 1.175950e-05
169 1.159690e-05
170 1.143080e-05
171 1.130470e-05
172 1.120570e-05
173 1.110440e-05
174 1.100070e-05
175 1.089470e-05
176 1.078620e-05
177 1.067510e-05
178 1.056140e-05
179 1.044520e-05
180 1.032620e-05
181 1.020440e-05
182 1.007980e-05
183 9.952260e-06
184 9.821760e-06
185 9.688250e-06
186 9.551620e-06
187 9.411780e-06
188 9.275850e-06
189 9.181180e-06
190 9.091960e-06
191 9.000660e-06
192 8.907220e-06
193 8.811610e-06
194 8.713780e-06
195 8.613670e-06
196 8.511210e-06
197 8.406390e-06
198 8.299120e-06
199 8.189320e-06
200 8.077010e-06
