0.010000 0.050000 0.578480
0.031623 0.050000 0.509578
0.100000 0.050000 0.356085
0.316228 0.050000 0.153533
1.000000 0.050000 0.037895
3.162278 0.050000 0.002783
10.000000 0.050000 0.000003
31.622777 0.050000 0.000000
100.000000 0.050000 0.000000

0.010000 0.100000 0.891582
0.031623 0.100000 0.805375
0.100000 0.100000 0.604646
0.316228 0.100000 0.301059
1.000000 0.100000 0.083781
3.162278 0.100000 0.007318
10.000000 0.100000 0.000015
31.622777 0.100000 0.000000
100.000000 0.100000 0.000000

0.010000 0.150000 0.945735
0.031623 0.150000 0.881059
0.100000 0.150000 0.715320
0.316228 0.150000 0.419655
1.000000 0.150000 0.136327
3.162278 0.150000 0.014742
10.000000 0.150000 0.000056
31.622777 0.150000 0.000000
100.000000 0.150000 0.000000

0.010000 0.200000 0.966521
0.031623 0.200000 0.916112
0.100000 0.200000 0.783455
0.316228 0.200000 0.514765
1.000000 0.200000 0.197362
3.162278 0.200000 0.026979
10.000000 0.200000 0.000194
31.622777 0.200000 0.000000
100.000000 0.200000 0.000000

0.010000 0.250000 0.977150
0.031623 0.250000 0.938764
0.100000 0.250000 0.832792
0.316228 0.250000 0.597492
1.000000 0.250000 0.267698
3.162278 0.250000 0.046367
10.000000 0.250000 0.000652
31.622777 0.250000 0.000000
100.000000 0.250000 0.000000

0.010000 0.300000 0.984646
0.031623 0.300000 0.954429
0.100000 0.300000 0.869845
0.316228 0.300000 0.668664
1.000000 0.300000 0.346083
3.162278 0.300000 0.076718
10.000000 0.300000 0.002129
31.622777 0.300000 0.000000
100.000000 0.300000 0.000000

0.010000 0.350000 0.989389
0.031623 0.350000 0.966791
0.100000 0.350000 0.901192
0.316228 0.350000 0.736974
1.000000 0.350000 0.434154
3.162278 0.350000 0.126204
10.000000 0.350000 0.007137
31.622777 0.350000 0.000004
100.000000 0.350000 0.000000

0.010000 0.400000 0.992965
0.031623 0.400000 0.976581
0.100000 0.400000 0.928252
0.316228 0.400000 0.800306
1.000000 0.400000 0.536726
3.162278 0.400000 0.206613
10.000000 0.400000 0.024584
31.622777 0.400000 0.000118
100.000000 0.400000 0.000000

0.010000 0.450000 0.995886
0.031623 0.450000 0.985161
0.100000 0.450000 0.952830
0.316228 0.450000 0.862392
1.000000 0.450000 0.655328
3.162278 0.450000 0.339008
10.000000 0.450000 0.089110
31.622777 0.450000 0.004339
100.000000 0.450000 0.000002

0.010000 0.500000 0.996198
0.031623 0.500000 0.990563
0.100000 0.500000 0.973053
0.316228 0.500000 0.922402
1.000000 0.500000 0.794309
3.162278 0.500000 0.577612
10.000000 0.500000 0.378008
31.622777 0.500000 0.250086
100.000000 0.500000 0.179194

