1 7.009E-3
2 7.009E-3
3 7.009E-3
4 7.009E-3
5 7.009E-3
6 7.009E-3
7 7.009E-3
8 7.009E-3
9 7.009E-3
10 7.009E-3
11 7.009E-3
12 7.009E-3
13 7.009E-3
14 7.009E-3
15 7.009E-3
16 7.009E-3
17 7.009E-3
18 7.009E-3
19 7.009E-3
20 7.009E-3
21 7.009E-3
22 7.009E-3
23 7.009E-3
24 7.009E-3
25 7.009E-3
26 7.009E-3
27 7.009E-3
28 7.009E-3
29 7.009E-3
30 7.009E-3
31 7.009E-3
32 7.009E-3
33 7.009E-3
34 7.009E-3
35 7.009E-3
36 7.009E-3
37 7.009E-3
38 7.009E-3
39 7.009E-3
40 7.009E-3
41 7.009E-3
42 7.009E-3
43 7.009E-3
44 7.009E-3
45 7.009E-3
46 7.009E-3
47 7.009E-3
48 7.009E-3
49 7.009E-3
50 7.009E-3
51 7.009E-3
52 7.009E-3
53 7.009E-3
54 7.009E-3
55 7.009E-3
56 7.009E-3
57 7.009E-3
58 7.009E-3
59 7.009E-3
60 7.009E-3
61 7.009E-3
62 7.009E-3
63 7.009E-3
64 7.009E-3
65 7.009E-3
66 7.009E-3
67 7.009E-3
68 7.009E-3
69 7.009E-3
70 7.009E-3
71 7.009E-3
72 7.009E-3
73 7.009E-3
74 7.009E-3
75 7.009E-3
76 7.009E-3
77 7.009E-3
78 7.009E-3
79 7.009E-3
80 7.009E-3
81 7.009E-3
82 7.009E-3
83 7.009E-3
84 7.009E-3
85 7.009E-3
86 7.009E-3
87 7.009E-3
88 7.009E-3
89 7.009E-3
90 7.009E-3
91 7.009E-3
92 7.009E-3
93 7.009E-3
94 7.009E-3
95 7.009E-3
96 7.009E-3
97 7.009E-3
98 7.009E-3
99 7.009E-3
100 7.009E-3
101 7.009E-3
102 7.009E-3
103 7.009E-3
104 7.009E-3
105 7.009E-3
106 7.009E-3
107 7.009E-3
108 7.009E-3
109 7.009E-3
110 7.009E-3
111 7.009E-3
112 7.009E-3
113 7.009E-3
114 7.009E-3
115 7.009E-3
116 7.009E-3
117 7.009E-3
118 7.009E-3
119 7.009E-3
120 7.009E-3
121 7.009E-3
122 7.009E-3
123 7.009E-3
124 7.009E-3
125 7.009E-3
126 7.009E-3
127 7.009E-3
128 7.009E-3
129 7.009E-3
130 7.009E-3
131 7.009E-3
132 7.009E-3
133 7.009E-3
134 7.009E-3
135 7.009E-3
136 7.009E-3
137 7.009E-3
138 7.009E-3
139 7.009E-3
140 7.009E-3
141 7.009E-3
142 7.009E-3
143 7.009E-3
144 7.009E-3
145 7.009E-3
146 7.009E-3
147 7.009E-3
148 7.009E-3
149 7.009E-3
150 7.009E-3
151 7.009E-3
152 7.009E-3
153 7.009E-3
154 7.009E-3
155 7.009E-3
156 7.009E-3
157 7.009E-3
158 7.009E-3
159 7.009E-3
160 7.009E-3
161 7.009E-3
162 7.009E-3
163 7.009E-3
164 7.009E-3
165 7.009E-3
166 7.009E-3
167 7.009E-3
168 7.009E-3
169 7.009E-3
170 7.009E-3
171 7.009E-3
172 7.009E-3
173 7.009E-3
174 7.009E-3
175 7.009E-3
176 7.009E-3
177 7.009E-3
178 7.009E-3
179 7.009E-3
180 7.009E-3
181 7.009E-3
182 7.009E-3
183 7.009E-3
184 7.009E-3
185 7.009E-3
186 7.009E-3
187 7.009E-3
188 7.009E-3
189 7.009E-3
190 7.009E-3
191 7.009E-3
192 7.009E-3
193 7.009E-3
194 7.009E-3
195 7.009E-3
196 7.009E-3
197 7.009E-3
198 7.009E-3
199 7.009E-3
200 7.009E-3
