1 4.21169E-1
2 4.17506E-1
3 4.13758E-1
4 4.09922E-1
5 4.05996E-1
6 4.01979E-1
7 3.97869E-1
8 3.93663E-1
9 3.89359E-1
10 3.84955E-1
11 3.80448E-1
12 3.75836E-1
13 3.71117E-1
14 3.66288E-1
15 3.61346E-1
16 3.5629E-1
17 3.51115E-1
18 3.45984E-1
19 3.42338E-1
20 3.39014E-1
21 3.35613E-1
22 3.32132E-1
23 3.2857E-1
24 3.24926E-1
25 3.21197E-1
26 3.1738E-1
27 3.13474E-1
28 3.09479E-1
29 3.05389E-1
30 3.01204E-1
31 2.97489E-1
32 2.94529E-1
33 2.91507E-1
34 2.88416E-1
35 2.85252E-1
36 2.82014E-1
37 2.78702E-1
38 2.75311E-1
39 2.71842E-1
40 2.68292E-1
41 2.64891E-1
42 2.62115E-1
43 2.59323E-1
44 2.56466E-1
45 2.53543E-1
46 2.50551E-1
47 2.4749E-1
48 2.44393E-1
49 2.41853E-1
50 2.3948E-1
51 2.37052E-1
52 2.34567E-1
53 2.32025E-1
54 2.29423E-1
55 2.26771E-1
56 2.24103E-1
57 2.21379E-1
58 2.18631E-1
59 2.16015E-1
60 2.14417E-1
61 2.13621E-1
62 2.12832E-1
63 2.11131E-1
64 2.09126E-1
65 2.06999E-1
66 2.04826E-1
67 2.02621E-1
68 2.00366E-1
69 1.98058E-1
70 1.95698E-1
71 1.93503E-1
72 1.91408E-1
73 1.89265E-1
74 1.87071E-1
75 1.84826E-1
76 1.8253E-1
77 1.80179E-1
78 1.77785E-1
79 1.75784E-1
80 1.73967E-1
81 1.72108E-1
82 1.70206E-1
83 1.68259E-1
84 1.66267E-1
85 1.64228E-1
86 1.62143E-1
87 1.60008E-1
88 1.57908E-1
89 1.56288E-1
90 1.54721E-1
91 1.53154E-1
92 1.51662E-1
93 1.50143E-1
94 1.48588E-1
95 1.46998E-1
96 1.46154E-1
97 1.48846E-1
98 1.52053E-1
99 1.55781E-1
100 1.61402E-1
101 1.75651E-1
102 2.00136E-1
103 2.37963E-1
104 3.05895E-1
105 4.40678E-1
106 7.69117E-1
107 2.18635E0
108 1.01111E1
109 1.59312E1
110 5.09059E0
111 1.17623E0
112 5.42942E-1
113 3.4294E-1
114 2.53178E-1
115 2.06667E-1
116 1.78491E-1
117 1.62624E-1
118 1.5E-1
119 1.39232E-1
120 1.35087E-1
121 1.53731E-1
122 1.68741E-1
123 1.30626E-1
124 1.23535E-1
125 1.22649E-1
126 1.22306E-1
127 1.22744E-1
128 1.23902E-1
129 1.25088E-1
130 1.26302E-1
131 1.28177E-1
132 1.31039E-1
133 1.33976E-1
134 1.36981E-1
135 1.40097E-1
136 1.43352E-1
137 1.47651E-1
138 1.5304E-1
139 1.58931E-1
140 1.65142E-1
141 1.715E-1
142 1.78437E-1
143 1.87898E-1
144 1.99372E-1
145 2.11248E-1
146 2.23417E-1
147 2.37164E-1
148 2.5727E-1
149 2.81004E-1
150 3.05407E-1
151 3.30953E-1
152 3.64618E-1
153 4.08291E-1
154 4.63346E-1
155 5.34956E-1
156 6.28081E-1
157 7.4945E-1
158 9.28648E-1
159 1.16756E0
160 1.54053E0
161 2.18735E0
162 3.41361E0
163 6.14921E0
164 1.57579E1
165 1.44673E2
166 5.00761E2
167 4.62727E1
168 9.09569E0
169 3.93239E0
170 2.14919E0
171 1.36911E0
172 9.23804E-1
173 6.61324E-1
174 5.03776E-1
175 4.62713E-1
176 3.08966E-1
177 2.53594E-1
178 2.12638E-1
179 1.83901E-1
180 1.64914E-1
181 1.55663E-1
182 1.58542E-1
183 1.94131E-1
184 3.71802E-1
185 9.50687E0
186 1.55851E1
187 4.08333E-1
188 1.5663E-1
189 1.00622E-1
190 9.01045E-2
191 1.18212E-1
192 6.07632E-2
193 5.65835E-2
194 5.46927E-2
195 5.34751E-2
196 5.43809E-2
197 5.64675E-2
198 6.63832E-2
199 7.96773E-1
200 2.60782E-1
