1 4.2135E-1
2 4.17685E-1
3 4.13934E-1
4 4.10096E-1
5 4.06169E-1
6 4.0215E-1
7 3.98037E-1
8 3.93829E-1
9 3.89522E-1
10 3.85116E-1
11 3.80606E-1
12 3.75992E-1
13 3.71271E-1
14 3.66438E-1
15 3.61494E-1
16 3.56435E-1
17 3.51257E-1
18 3.46123E-1
19 3.42473E-1
20 3.39144E-1
21 3.35738E-1
22 3.32253E-1
23 3.28686E-1
24 3.25036E-1
25 3.21302E-1
26 3.17479E-1
27 3.13569E-1
28 3.09567E-1
29 3.05472E-1
30 3.01281E-1
31 2.97561E-1
32 2.94598E-1
33 2.91573E-1
34 2.88479E-1
35 2.85312E-1
36 2.82072E-1
37 2.78756E-1
38 2.75363E-1
39 2.7189E-1
40 2.68337E-1
41 2.64933E-1
42 2.62157E-1
43 2.59366E-1
44 2.56508E-1
45 2.53585E-1
46 2.50594E-1
47 2.47532E-1
48 2.44435E-1
49 2.41889E-1
50 2.39508E-1
51 2.37072E-1
52 2.34579E-1
53 2.32029E-1
54 2.29418E-1
55 2.2676E-1
56 2.24095E-1
57 2.21374E-1
58 2.18774E-1
59 2.16889E-1
60 2.15046E-1
61 2.13607E-1
62 2.12712E-1
63 2.1108E-1
64 2.09109E-1
65 2.06986E-1
66 2.04819E-1
67 2.02618E-1
68 2.00366E-1
69 1.98062E-1
70 1.95707E-1
71 1.93515E-1
72 1.91422E-1
73 1.8928E-1
74 1.87088E-1
75 1.84845E-1
76 1.8255E-1
77 1.80201E-1
78 1.77809E-1
79 1.75808E-1
80 1.73992E-1
81 1.72133E-1
82 1.70231E-1
83 1.68284E-1
84 1.66293E-1
85 1.64254E-1
86 1.62169E-1
87 1.60034E-1
88 1.57933E-1
89 1.56302E-1
90 1.54721E-1
91 1.53154E-1
92 1.517E-1
93 1.50222E-1
94 1.48709E-1
95 1.47161E-1
96 1.46341E-1
97 1.48965E-1
98 1.52096E-1
99 1.55884E-1
100 1.61892E-1
101 1.76209E-1
102 2.00794E-1
103 2.39515E-1
104 3.09036E-1
105 4.48849E-1
106 8.07198E-1
107 2.48168E0
108 1.01729E1
109 1.49674E1
110 5.52313E0
111 1.27813E0
112 5.56088E-1
113 3.46651E-1
114 2.5472E-1
115 2.07206E-1
116 1.78958E-1
117 1.62666E-1
118 1.49587E-1
119 1.39402E-1
120 1.3578E-1
121 1.54195E-1
122 1.66254E-1
123 1.32007E-1
124 1.23662E-1
125 1.22706E-1
126 1.2235E-1
127 1.22782E-1
128 1.23942E-1
129 1.25129E-1
130 1.26344E-1
131 1.28217E-1
132 1.31069E-1
133 1.33997E-1
134 1.36992E-1
135 1.4011E-1
136 1.43384E-1
137 1.47684E-1
138 1.53055E-1
139 1.58943E-1
140 1.65162E-1
141 1.71526E-1
142 1.78496E-1
143 1.87949E-1
144 1.99388E-1
145 2.11263E-1
146 2.23442E-1
147 2.37317E-1
148 2.5735E-1
149 2.8106E-1
150 3.05444E-1
151 3.31096E-1
152 3.64872E-1
153 4.08519E-1
154 4.63568E-1
155 5.3384E-1
156 6.28765E-1
157 7.50441E-1
158 9.29393E-1
159 1.16959E0
160 1.54405E0
161 2.19464E0
162 3.43039E0
163 6.21578E0
164 1.62786E1
165 1.5666E2
166 4.82334E2
167 5.18904E1
168 9.2704E0
169 3.96051E0
170 2.15852E0
171 1.37159E0
172 9.25654E-1
173 6.62307E-1
174 5.06605E-1
175 4.60069E-1
176 3.09925E-1
177 2.53731E-1
178 2.12752E-1
179 1.83984E-1
180 1.65012E-1
181 1.55545E-1
182 1.58692E-1
183 1.94891E-1
184 3.80382E-1
185 9.83328E0
186 1.52333E1
187 4.25034E-1
188 1.57555E-1
189 1.00817E-1
190 9.20665E-2
191 1.16408E-1
192 6.0838E-2
193 5.66103E-2
194 5.47234E-2
195 5.3511E-2
196 5.44229E-2
197 5.6532E-2
198 6.68099E-2
199 7.72604E-1
200 2.84449E-1
