1 4.2094E-1
2 4.17278E-1
3 4.13533E-1
4 4.097E-1
5 4.05777E-1
6 4.01764E-1
7 3.97657E-1
8 3.93453E-1
9 3.89153E-1
10 3.84752E-1
11 3.80248E-1
12 3.7564E-1
13 3.70924E-1
14 3.66098E-1
15 3.6116E-1
16 3.56108E-1
17 3.50937E-1
18 3.4581E-1
19 3.42169E-1
20 3.38851E-1
21 3.35456E-1
22 3.31981E-1
23 3.28425E-1
24 3.24787E-1
25 3.21064E-1
26 3.17254E-1
27 3.13356E-1
28 3.09367E-1
29 3.05285E-1
30 3.01107E-1
31 2.97397E-1
32 2.94441E-1
33 2.91422E-1
34 2.88335E-1
35 2.85174E-1
36 2.8194E-1
37 2.78632E-1
38 2.75246E-1
39 2.7178E-1
40 2.68235E-1
41 2.64836E-1
42 2.62061E-1
43 2.59269E-1
44 2.56412E-1
45 2.53489E-1
46 2.50498E-1
47 2.47436E-1
48 2.4434E-1
49 2.41807E-1
50 2.39443E-1
51 2.37025E-1
52 2.34551E-1
53 2.32019E-1
54 2.29427E-1
55 2.26784E-1
56 2.24116E-1
57 2.21389E-1
58 2.18619E-1
59 2.15891E-1
60 2.14299E-1
61 2.13686E-1
62 2.12981E-1
63 2.11181E-1
64 2.09138E-1
65 2.07008E-1
66 2.04834E-1
67 2.02624E-1
68 2.00364E-1
69 1.9805E-1
70 1.95685E-1
71 1.93488E-1
72 1.91391E-1
73 1.89246E-1
74 1.8705E-1
75 1.84803E-1
76 1.82505E-1
77 1.80152E-1
78 1.77756E-1
79 1.75754E-1
80 1.73937E-1
81 1.72078E-1
82 1.70175E-1
83 1.68228E-1
84 1.66236E-1
85 1.64197E-1
86 1.62111E-1
87 1.59976E-1
88 1.57878E-1
89 1.56271E-1
90 1.5472E-1
91 1.53154E-1
92 1.51618E-1
93 1.5005E-1
94 1.48446E-1
95 1.46804E-1
96 1.45933E-1
97 1.48708E-1
98 1.52007E-1
99 1.55711E-1
100 1.60889E-1
101 1.75088E-1
102 1.9953E-1
103 2.36436E-1
104 3.02861E-1
105 4.33324E-1
106 7.37415E-1
107 1.91945E0
108 9.85815E0
109 1.71306E1
110 4.52967E0
111 1.09506E0
112 5.31024E-1
113 3.39383E-1
114 2.51653E-1
115 2.06196E-1
116 1.77981E-1
117 1.62583E-1
118 1.49873E-1
119 1.39021E-1
120 1.34632E-1
121 1.52477E-1
122 1.72111E-1
123 1.29371E-1
124 1.23449E-1
125 1.22587E-1
126 1.22256E-1
127 1.22699E-1
128 1.23856E-1
129 1.2504E-1
130 1.26252E-1
131 1.28131E-1
132 1.31003E-1
133 1.33952E-1
134 1.36968E-1
135 1.40084E-1
136 1.43319E-1
137 1.47618E-1
138 1.53026E-1
139 1.58919E-1
140 1.65127E-1
141 1.7148E-1
142 1.78377E-1
143 1.87844E-1
144 1.99358E-1
145 2.11234E-1
146 2.23396E-1
147 2.36996E-1
148 2.57203E-1
149 2.80959E-1
150 3.05375E-1
151 3.30821E-1
152 3.64363E-1
153 4.08079E-1
154 4.6304E-1
155 5.34343E-1
156 6.27339E-1
157 7.48382E-1
158 9.29243E-1
159 1.16716E0
160 1.53711E0
161 2.18027E0
162 3.3972E0
163 6.08486E0
164 1.53116E1
165 1.29656E2
166 5.21488E2
167 4.1327E1
168 8.93245E0
169 3.90505E0
170 2.13993E0
171 1.36842E0
172 9.21933E-1
173 6.60314E-1
174 5.00697E-1
175 4.65689E-1
176 3.08196E-1
177 2.53467E-1
178 2.12525E-1
179 1.83817E-1
180 1.64818E-1
181 1.5555E-1
182 1.58257E-1
183 1.93404E-1
184 3.64174E-1
185 9.01122E0
186 1.61003E1
187 3.95423E-1
188 1.55805E-1
189 1.00434E-1
190 8.75889E-2
191 1.20694E-1
192 6.07095E-2
193 5.65552E-2
194 5.46579E-2
195 5.34332E-2
196 5.43382E-2
197 5.64027E-2
198 6.6025E-2
199 8.2943E-1
200 2.28258E-1
