1 4.215E-1
2 4.17833E-1
3 4.14081E-1
4 4.10241E-1
5 4.06312E-1
6 4.02291E-1
7 3.98177E-1
8 3.93966E-1
9 3.89658E-1
10 3.8525E-1
11 3.80738E-1
12 3.76122E-1
13 3.71398E-1
14 3.66564E-1
15 3.61617E-1
16 3.56556E-1
17 3.51376E-1
18 3.46239E-1
19 3.42586E-1
20 3.39253E-1
21 3.35843E-1
22 3.32353E-1
23 3.28782E-1
24 3.25128E-1
25 3.21389E-1
26 3.17562E-1
27 3.13647E-1
28 3.09641E-1
29 3.05541E-1
30 3.01345E-1
31 2.97621E-1
32 2.94656E-1
33 2.91629E-1
34 2.88532E-1
35 2.85363E-1
36 2.82119E-1
37 2.78801E-1
38 2.75405E-1
39 2.7193E-1
40 2.68374E-1
41 2.64968E-1
42 2.62192E-1
43 2.594E-1
44 2.56543E-1
45 2.5362E-1
46 2.50629E-1
47 2.47567E-1
48 2.44471E-1
49 2.41919E-1
50 2.39531E-1
51 2.37088E-1
52 2.34588E-1
53 2.3203E-1
54 2.29412E-1
55 2.26748E-1
56 2.2409E-1
57 2.21378E-1
58 2.18787E-1
59 2.16913E-1
60 2.15082E-1
61 2.13592E-1
62 2.12616E-1
63 2.1103E-1
64 2.09085E-1
65 2.06971E-1
66 2.04811E-1
67 2.02614E-1
68 2.00366E-1
69 1.98066E-1
70 1.95714E-1
71 1.93524E-1
72 1.91433E-1
73 1.89292E-1
74 1.87101E-1
75 1.8486E-1
76 1.82567E-1
77 1.80219E-1
78 1.77829E-1
79 1.75829E-1
80 1.74013E-1
81 1.72154E-1
82 1.70252E-1
83 1.68306E-1
84 1.66314E-1
85 1.64276E-1
86 1.62191E-1
87 1.60057E-1
88 1.57955E-1
89 1.56313E-1
90 1.54721E-1
91 1.5308E-1
92 1.51365E-1
93 1.49608E-1
94 1.47839E-1
95 1.46445E-1
96 1.4642E-1
97 1.49073E-1
98 1.52139E-1
99 1.56013E-1
100 1.62361E-1
101 1.76765E-1
102 2.01498E-1
103 2.41097E-1
104 3.12307E-1
105 4.57956E-1
106 8.54351E-1
107 2.77347E0
108 1.01415E1
109 1.4176E1
110 5.85317E0
111 1.39788E0
112 5.71649E-1
113 3.50569E-1
114 2.56291E-1
115 2.07796E-1
116 1.79396E-1
117 1.62749E-1
118 1.49668E-1
119 1.39604E-1
120 1.36262E-1
121 1.54362E-1
122 1.64141E-1
123 1.3322E-1
124 1.23823E-1
125 1.22763E-1
126 1.22391E-1
127 1.22815E-1
128 1.23977E-1
129 1.25166E-1
130 1.26382E-1
131 1.28252E-1
132 1.31097E-1
133 1.34016E-1
134 1.37002E-1
135 1.40122E-1
136 1.43416E-1
137 1.47717E-1
138 1.5307E-1
139 1.58957E-1
140 1.65183E-1
141 1.71556E-1
142 1.78554E-1
143 1.87997E-1
144 1.99405E-1
145 2.1128E-1
146 2.23473E-1
147 2.3746E-1
148 2.57438E-1
149 2.81123E-1
150 3.05486E-1
151 3.31241E-1
152 3.6512E-1
153 4.08754E-1
154 4.63836E-1
155 5.34213E-1
156 6.2757E-1
157 7.51204E-1
158 9.30189E-1
159 1.17157E0
160 1.54763E0
161 2.20205E0
162 3.4476E0
163 6.28479E0
164 1.68875E1
165 1.66398E2
166 4.65547E2
167 5.77877E1
168 9.4574E0
169 3.98824E0
170 2.16792E0
171 1.3742E0
172 9.27482E-1
173 6.63267E-1
174 5.09084E-1
175 4.57468E-1
176 3.11E-1
177 2.53871E-1
178 2.12864E-1
179 1.84067E-1
180 1.65109E-1
181 1.55629E-1
182 1.58943E-1
183 1.95683E-1
184 3.91162E-1
185 1.00709E1
186 1.49607E1
187 4.47866E-1
188 1.58416E-1
189 1.01018E-1
190 9.34625E-2
191 1.14822E-1
192 6.09037E-2
193 5.65162E-2
194 5.47511E-2
195 5.35431E-2
196 5.44638E-2
197 5.6595E-2
198 6.74231E-2
199 7.53318E-1
200 3.02611E-1
