1 4.20616E-1
2 4.16958E-1
3 4.13217E-1
4 4.09388E-1
5 4.0547E-1
6 4.0146E-1
7 3.97358E-1
8 3.93159E-1
9 3.88863E-1
10 3.84467E-1
11 3.79968E-1
12 3.75364E-1
13 3.70654E-1
14 3.65833E-1
15 3.609E-1
16 3.55853E-1
17 3.50688E-1
18 3.45566E-1
19 3.41934E-1
20 3.38623E-1
21 3.35236E-1
22 3.3177E-1
23 3.28223E-1
24 3.24593E-1
25 3.2088E-1
26 3.17079E-1
27 3.1319E-1
28 3.0921E-1
29 3.05138E-1
30 3.0097E-1
31 2.97268E-1
32 2.94317E-1
33 2.91303E-1
34 2.8822E-1
35 2.85065E-1
36 2.81836E-1
37 2.78533E-1
38 2.75152E-1
39 2.71692E-1
40 2.68153E-1
41 2.64759E-1
42 2.61984E-1
43 2.59193E-1
44 2.56336E-1
45 2.53413E-1
46 2.50422E-1
47 2.47361E-1
48 2.44266E-1
49 2.41742E-1
50 2.39391E-1
51 2.36985E-1
52 2.34524E-1
53 2.32006E-1
54 2.29428E-1
55 2.26796E-1
56 2.24129E-1
57 2.21403E-1
58 2.18616E-1
59 2.15801E-1
60 2.14194E-1
61 2.13847E-1
62 2.13152E-1
63 2.11222E-1
64 2.09146E-1
65 2.07016E-1
66 2.0484E-1
67 2.02625E-1
68 2.00358E-1
69 1.98039E-1
70 1.95667E-1
71 1.93465E-1
72 1.91366E-1
73 1.89218E-1
74 1.8702E-1
75 1.84771E-1
76 1.8247E-1
77 1.80114E-1
78 1.77716E-1
79 1.75713E-1
80 1.73896E-1
81 1.72036E-1
82 1.70133E-1
83 1.68186E-1
84 1.66193E-1
85 1.64154E-1
86 1.62068E-1
87 1.59933E-1
88 1.57837E-1
89 1.56248E-1
90 1.54717E-1
91 1.53153E-1
92 1.51559E-1
93 1.49929E-1
94 1.4826E-1
95 1.46553E-1
96 1.45646E-1
97 1.4853E-1
98 1.51954E-1
99 1.55678E-1
100 1.60356E-1
101 1.74517E-1
102 1.98986E-1
103 2.34933E-1
104 3.00251E-1
105 4.26753E-1
106 7.1022E-1
107 1.70502E0
108 9.2822E0
109 1.87199E1
110 3.85024E0
111 1.03302E0
112 5.20443E-1
113 3.36196E-1
114 2.5013E-1
115 2.0583E-1
116 1.77407E-1
117 1.62574E-1
118 1.49704E-1
119 1.38782E-1
120 1.34215E-1
121 1.49962E-1
122 1.76035E-1
123 1.28098E-1
124 1.23359E-1
125 1.22508E-1
126 1.22192E-1
127 1.22641E-1
128 1.23796E-1
129 1.24978E-1
130 1.26188E-1
131 1.28071E-1
132 1.30959E-1
133 1.33922E-1
134 1.36953E-1
135 1.40073E-1
136 1.43291E-1
137 1.47589E-1
138 1.53012E-1
139 1.5891E-1
140 1.65116E-1
141 1.71468E-1
142 1.78316E-1
143 1.87783E-1
144 1.99344E-1
145 2.1122E-1
146 2.23377E-1
147 2.36805E-1
148 2.57154E-1
149 2.80926E-1
150 3.05347E-1
151 3.30719E-1
152 3.64129E-1
153 4.07898E-1
154 4.6269E-1
155 5.33573E-1
156 6.26447E-1
157 7.47105E-1
158 9.2806E-1
159 1.16409E0
160 1.53454E0
161 2.17465E0
162 3.38322E0
163 6.02256E0
164 1.4919E1
165 1.10885E2
166 5.44909E2
167 3.74696E1
168 8.77901E0
169 3.87836E0
170 2.13083E0
171 1.36571E0
172 9.19306E-1
173 6.59296E-1
174 4.97189E-1
175 4.68441E-1
176 3.07635E-1
177 2.53375E-1
178 2.12181E-1
179 1.83742E-1
180 1.64729E-1
181 1.55415E-1
182 1.57933E-1
183 1.92723E-1
184 3.57498E-1
185 8.1194E0
186 1.70151E1
187 3.84486E-1
188 1.54979E-1
189 1.00254E-1
190 8.40843E-2
191 1.24317E-1
192 6.06731E-2
193 5.65271E-2
194 5.46173E-2
195 5.33802E-2
196 5.42949E-2
197 5.63398E-2
198 6.57135E-2
199 8.77477E-1
200 1.80863E-1
