1 6.845890e-01
2 6.107970e-01
3 5.440750e-01
4 4.846740e-01
5 4.322270e-01
6 3.852350e-01
7 3.433280e-01
8 3.058840e-01
9 2.727090e-01
10 2.430040e-01
11 2.165290e-01
12 1.930410e-01
13 1.720190e-01
14 1.533350e-01
15 1.366340e-01
16 1.217960e-01
17 1.085530e-01
18 9.672020e-02
19 8.623150e-02
20 7.683870e-02
21 6.847540e-02
22 6.104900e-02
23 5.439850e-02
24 4.847940e-02
25 4.321600e-02
26 3.852110e-02
27 3.432630e-02
28 3.059240e-02
29 2.727700e-02
30 2.430890e-02
31 2.166780e-02
32 1.932350e-02
33 1.722480e-02
34 1.536020e-02
35 1.369500e-02
36 1.221890e-02
37 1.091310e-02
38 9.749240e-03
39 8.674280e-03
40 7.721900e-03
