1 8.958450e+00
2 8.003040e+00
3 7.140420e+00
4 6.373840e+00
5 5.698560e+00
6 5.095280e+00
7 4.559200e+00
8 4.082370e+00
9 3.662350e+00
10 3.288900e+00
11 2.959010e+00
12 2.669620e+00
13 2.414140e+00
14 2.190970e+00
15 1.995660e+00
16 1.826670e+00
17 1.680610e+00
18 1.555060e+00
19 1.448970e+00
20 1.359090e+00
21 1.284190e+00
22 1.222600e+00
23 1.171960e+00
24 1.131020e+00
25 1.098200e+00
26 1.071950e+00
27 1.050970e+00
28 1.034340e+00
29 1.021220e+00
30 1.010800e+00
31 1.002630e+00
32 9.963170e-01
33 9.914350e-01
34 9.877720e-01
35 9.850910e-01
36 9.832720e-01
37 9.822200e-01
38 9.818690e-01
39 9.821360e-01
40 9.829160e-01
