1 9.584440e-02
2 9.584420e-02
3 9.584420e-02
4 9.584420e-02
5 9.584420e-02
6 9.584420e-02
7 9.584420e-02
8 9.584420e-02
9 9.584420e-02
10 9.584420e-02
11 9.584420e-02
12 9.584420e-02
13 9.584420e-02
14 9.584420e-02
15 9.584420e-02
16 9.584420e-02
17 9.584420e-02
18 9.584420e-02
19 9.584420e-02
20 9.584420e-02
21 9.584420e-02
22 9.584420e-02
23 9.584420e-02
24 9.584420e-02
25 9.584420e-02
26 9.584420e-02
27 9.584420e-02
28 9.584420e-02
29 9.584420e-02
30 9.584420e-02
31 9.584420e-02
32 9.584420e-02
33 9.584420e-02
34 9.584420e-02
35 9.584420e-02
36 9.584420e-02
37 9.584420e-02
38 9.584420e-02
39 9.584420e-02
40 9.584420e-02
