1 1 2.763610e-02
1 2 1.023370e-02
1 3 1.342280e-02
1 4 1.627690e-02
1 5 2.070980e-02
1 6 2.607000e-02
1 7 3.265790e-02
1 8 4.107820e-02
1 9 5.128470e-02
1 10 6.446510e-02
1 11 8.050000e-02
1 12 1.004590e-01
1 13 1.249890e-01
1 14 1.554850e-01
1 15 1.921720e-01
1 16 2.369880e-01
1 17 2.903660e-01
1 18 3.532960e-01
1 19 4.257870e-01
1 20 5.081350e-01
1 21 5.975220e-01
1 22 6.906820e-01
1 23 7.807350e-01
1 24 8.582510e-01
1 25 9.113370e-01
1 26 9.260960e-01
1 27 8.904230e-01
1 28 7.987960e-01
1 29 6.568760e-01
1 30 4.843210e-01
1 31 3.114660e-01
1 32 1.687880e-01
1 33 7.386140e-02
1 34 2.474970e-02
1 35 5.947210e-03
1 36 9.450040e-04
1 37 8.981300e-05
1 38 4.634950e-06
1 39 2.443200e-07
1 40 1.036680e-08
2 1 2.192680e-02
2 2 8.935010e-03
2 3 1.198210e-02
2 4 1.453460e-02
2 5 1.849300e-02
2 6 2.327940e-02
2 7 2.916210e-02
2 8 3.668120e-02
2 9 4.579540e-02
2 10 5.756500e-02
2 11 7.188400e-02
2 12 8.970740e-02
2 13 1.116120e-01
2 14 1.388420e-01
2 15 1.716050e-01
2 16 2.116260e-01
2 17 2.592920e-01
2 18 3.155020e-01
2 19 3.802440e-01
2 20 4.537850e-01
2 21 5.336180e-01
2 22 6.168260e-01
2 23 6.972570e-01
2 24 7.664930e-01
2 25 8.139720e-01
2 26 8.272200e-01
2 27 7.954220e-01
2 28 7.136470e-01
2 29 5.869350e-01
2 30 4.328270e-01
2 31 2.784090e-01
2 32 1.509140e-01
2 33 6.606210e-02
2 34 2.214550e-02
2 35 5.324190e-03
2 36 8.465070e-04
2 37 8.050780e-05
2 38 4.234870e-06
2 39 2.193530e-07
2 40 9.314700e-09
3 1 1.729290e-02
3 2 7.243560e-03
3 3 1.044710e-02
3 4 1.295780e-02
3 5 1.649050e-02
3 6 2.075860e-02
3 7 2.600420e-02
3 8 3.270910e-02
3 9 4.083660e-02
3 10 5.133180e-02
3 11 6.410060e-02
3 12 7.999470e-02
3 13 9.952820e-02
3 14 1.238100e-01
3 15 1.530270e-01
3 16 1.887160e-01
3 17 2.312230e-01
3 18 2.813580e-01
3 19 3.391060e-01
3 20 4.046930e-01
3 21 4.758960e-01
3 22 5.501160e-01
3 23 6.218650e-01
3 24 6.836370e-01
3 25 7.260570e-01
3 26 7.379310e-01
3 27 7.096400e-01
3 28 6.367720e-01
3 29 5.237990e-01
3 30 3.863510e-01
3 31 2.485820e-01
3 32 1.347920e-01
3 33 5.902950e-02
3 34 1.979850e-02
3 35 4.762900e-03
3 36 7.578410e-04
3 37 7.214510e-05
3 38 3.843660e-06
3 39 1.969570e-07
3 40 3.801400e-10
4 1 1.348610e-02
4 2 5.694670e-03
4 3 8.464750e-03
4 4 1.131730e-02
4 5 1.470740e-02
4 6 1.851700e-02
4 7 2.319620e-02
4 8 2.917710e-02
4 9 3.642700e-02
4 10 4.578890e-02
4 11 5.717930e-02
4 12 7.135740e-02
4 13 8.878270e-02
4 14 1.104450e-01
4 15 1.365060e-01
4 16 1.683440e-01
4 17 2.062660e-01
4 18 2.509900e-01
4 19 3.025280e-01
4 20 3.610440e-01
4 21 4.245750e-01
4 22 4.908060e-01
4 23 5.548430e-01
4 24 6.100010e-01
4 25 6.479290e-01
4 26 6.585670e-01
4 27 6.334030e-01
4 28 5.684610e-01
4 29 4.677100e-01
4 30 3.450740e-01
4 31 2.220990e-01
4 32 1.204830e-01
4 33 5.279150e-02
4 34 1.771790e-02
4 35 4.265590e-03
4 36 6.793630e-04
4 37 6.476080e-05
4 38 3.454910e-06
4 39 1.772260e-07
4 40 0.000000e+00
5 1 1.085050e-02
5 2 4.532260e-03
5 3 6.719980e-03
5 4 9.197160e-03
5 5 1.286800e-02
5 6 1.653900e-02
5 7 2.072070e-02
5 8 2.606320e-02
5 9 3.253960e-02
5 10 4.090240e-02
5 11 5.107740e-02
5 12 6.374290e-02
5 13 7.930970e-02
5 14 9.866160e-02
5 15 1.219430e-01
5 16 1.503850e-01
5 17 1.842660e-01
5 18 2.242220e-01
5 19 2.702790e-01
5 20 3.225690e-01
5 21 3.793390e-01
5 22 4.385300e-01
5 23 4.957760e-01
5 24 5.451150e-01
5 25 5.790620e-01
5 26 5.886450e-01
5 27 5.662420e-01
5 28 5.082950e-01
5 29 4.183190e-01
5 30 3.087380e-01
5 31 1.987970e-01
5 32 1.078990e-01
5 33 4.730880e-02
5 34 1.589050e-02
5 35 3.829250e-03
5 36 6.106230e-04
5 37 5.830200e-05
5 38 3.133010e-06
5 39 1.600250e-07
5 40 0.000000e+00
6 1 8.610470e-03
6 2 3.578850e-03
6 3 5.313290e-03
6 4 7.280950e-03
6 5 1.044360e-02
6 6 1.447480e-02
6 7 1.850560e-02
6 8 2.327870e-02
6 9 2.906310e-02
6 10 3.653270e-02
6 11 4.562080e-02
6 12 5.693380e-02
6 13 7.083870e-02
6 14 8.812420e-02
6 15 1.089220e-01
6 16 1.343280e-01
6 17 1.645940e-01
6 18 2.002900e-01
6 19 2.414370e-01
6 20 2.881710e-01
6 21 3.388960e-01
6 22 3.917970e-01
6 23 4.429790e-01
6 24 4.871280e-01
6 25 5.174990e-01
6 26 5.261700e-01
6 27 5.062450e-01
6 28 4.545590e-01
6 29 3.742200e-01
6 30 2.763080e-01
6 31 1.780100e-01
6 32 9.668190e-02
6 33 4.242560e-02
6 34 1.426420e-02
6 35 3.441560e-03
6 36 5.496840e-04
6 37 5.258660e-05
6 38 2.864710e-06
6 39 1.448730e-07
6 40 0.000000e+00
7 1 6.630090e-03
7 2 2.746040e-03
7 3 4.123670e-03
7 4 5.702530e-03
7 5 8.226900e-03
7 6 1.172350e-02
7 7 1.620800e-02
7 8 2.080040e-02
7 9 2.597010e-02
7 10 3.264480e-02
7 11 4.076610e-02
7 12 5.087550e-02
7 13 6.330110e-02
7 14 7.874880e-02
7 15 9.733520e-02
7 16 1.200420e-01
7 17 1.470920e-01
7 18 1.790000e-01
7 19 2.157760e-01
7 20 2.575700e-01
7 21 3.029230e-01
7 22 3.502370e-01
7 23 3.960310e-01
7 24 4.355590e-01
7 25 4.628040e-01
7 26 4.706460e-01
7 27 4.529450e-01
7 28 4.068280e-01
7 29 3.350560e-01
7 30 2.475230e-01
7 31 1.595730e-01
7 32 8.674040e-02
7 33 3.810180e-02
7 34 1.282620e-02
7 35 3.099520e-03
7 36 4.960210e-04
7 37 4.756650e-05
7 38 2.602100e-06
7 39 1.316560e-07
7 40 0.000000e+00
8 1 5.185160e-03
8 2 2.148130e-03
8 3 3.228900e-03
8 4 4.477440e-03
8 5 6.473750e-03
8 6 9.243020e-03
8 7 1.311010e-02
8 8 1.822170e-02
8 9 2.321420e-02
8 10 2.918140e-02
8 11 3.644130e-02
8 12 4.547870e-02
8 13 5.658680e-02
8 14 7.039720e-02
8 15 8.701460e-02
8 16 1.073170e-01
8 17 1.315040e-01
8 18 1.600370e-01
8 19 1.929240e-01
8 20 2.303120e-01
8 21 2.708910e-01
8 22 3.132350e-01
8 23 3.542360e-01
8 24 3.896530e-01
8 25 4.141300e-01
8 26 4.212440e-01
8 27 4.055380e-01
8 28 3.643960e-01
8 29 3.002600e-01
8 30 2.219600e-01
8 31 1.432120e-01
8 32 7.792830e-02
8 33 3.427430e-02
8 34 1.155570e-02
8 35 2.798000e-03
8 36 4.488430e-04
8 37 4.316950e-05
8 38 2.369520e-06
8 39 1.201850e-07
8 40 0.000000e+00
9 1 4.240640e-03
9 2 1.722120e-03
9 3 2.545880e-03
9 4 3.505190e-03
9 5 5.086890e-03
9 6 7.290550e-03
9 7 1.036210e-02
9 8 1.476590e-02
9 9 2.037820e-02
9 10 2.612450e-02
9 11 3.262440e-02
9 12 4.071580e-02
9 13 5.066160e-02
9 14 6.302710e-02
9 15 7.790710e-02
9 16 9.608730e-02
9 17 1.177500e-01
9 18 1.433040e-01
9 19 1.727670e-01
9 20 2.062580e-01
9 21 2.426370e-01
9 22 2.806020e-01
9 23 3.173820e-01
9 24 3.491800e-01
9 25 3.712250e-01
9 26 3.777150e-01
9 27 3.637830e-01
9 28 3.270530e-01
9 29 2.696650e-01
9 30 1.994950e-01
9 31 1.288520e-01
9 32 7.020500e-02
9 33 3.092610e-02
9 34 1.044730e-02
9 35 2.535780e-03
9 36 4.079760e-04
9 37 3.938190e-05
9 38 2.170630e-06
9 39 1.104320e-07
9 40 0.000000e+00
10 1 3.318820e-03
10 2 1.345790e-03
10 3 1.997660e-03
10 4 2.756150e-03
10 5 3.997730e-03
10 6 5.737690e-03
10 7 8.167240e-03
10 8 1.165090e-02
10 9 1.648770e-02
10 10 2.294050e-02
10 11 2.922380e-02
10 12 3.647240e-02
10 13 4.538250e-02
10 14 5.646110e-02
10 15 6.979290e-02
10 16 8.608360e-02
10 17 1.054960e-01
10 18 1.284000e-01
10 19 1.548110e-01
10 20 1.848360e-01
10 21 2.174770e-01
10 22 2.515450e-01
10 23 2.845780e-01
10 24 3.131650e-01
10 25 3.330240e-01
10 26 3.389960e-01
10 27 3.266720e-01
10 28 2.938840e-01
10 29 2.425160e-01
10 30 1.795880e-01
10 31 1.161400e-01
10 32 6.338030e-02
10 33 2.797480e-02
10 34 9.473200e-03
10 35 2.306270e-03
10 36 3.724090e-04
10 37 3.611850e-05
10 38 2.001780e-06
10 39 1.021240e-07
10 40 0.000000e+00
11 1 2.559510e-03
11 2 1.037370e-03
11 3 1.536270e-03
11 4 2.114550e-03
11 5 3.068860e-03
11 6 4.434320e-03
11 7 6.362450e-03
11 8 9.125330e-03
11 9 1.295860e-02
11 10 1.852190e-02
11 11 2.568280e-02
11 12 3.271480e-02
11 13 4.070780e-02
11 14 5.064680e-02
11 15 6.260840e-02
11 16 7.722600e-02
11 17 9.464680e-02
11 18 1.152060e-01
11 19 1.389150e-01
11 20 1.658800e-01
11 21 1.952070e-01
11 22 2.258360e-01
11 23 2.555620e-01
11 24 2.813220e-01
11 25 2.992630e-01
11 26 3.048000e-01
11 27 2.939170e-01
11 28 2.646310e-01
11 29 2.185990e-01
11 30 1.620840e-01
11 31 1.049810e-01
11 32 5.740380e-02
11 33 2.539900e-02
11 34 8.626840e-03
11 35 2.108030e-03
11 36 3.419450e-04
11 37 3.335540e-05
11 38 1.860950e-06
11 39 9.524540e-08
11 40 0.000000e+00
12 1 2.091530e-03
12 2 8.465600e-04
12 3 1.248600e-03
12 4 1.705840e-03
12 5 2.446810e-03
12 6 3.478300e-03
12 7 4.958940e-03
12 8 7.144140e-03
12 9 1.019190e-02
12 10 1.459640e-02
12 11 2.076560e-02
12 12 2.881770e-02
12 13 3.659310e-02
12 14 4.552900e-02
12 15 5.628480e-02
12 16 6.943070e-02
12 17 8.509950e-02
12 18 1.035960e-01
12 19 1.249300e-01
12 20 1.492110e-01
12 21 1.756170e-01
12 22 2.032350e-01
12 23 2.300600e-01
12 24 2.533540e-01
12 25 2.696440e-01
12 26 2.748170e-01
12 27 2.652180e-01
12 28 2.390270e-01
12 29 1.977000e-01
12 30 1.468270e-01
12 31 9.527730e-02
12 32 5.222570e-02
12 33 2.317790e-02
12 34 7.901740e-03
12 35 1.939670e-03
12 36 3.163950e-04
12 37 3.107420e-05
12 38 1.746690e-06
12 39 8.977890e-08
12 40 0.000000e+00
13 1 1.552190e-03
13 2 6.284410e-04
13 3 9.267760e-04
13 4 1.264500e-03
13 5 1.813770e-03
13 6 2.595320e-03
13 7 3.726250e-03
13 8 5.412820e-03
13 9 7.825620e-03
13 10 1.132820e-02
13 11 1.622470e-02
13 12 2.319940e-02
13 13 3.225740e-02
13 14 4.099890e-02
13 15 5.068730e-02
13 16 6.253090e-02
13 17 7.665020e-02
13 18 9.332150e-02
13 19 1.125600e-01
13 20 1.344610e-01
13 21 1.582990e-01
13 22 1.832550e-01
13 23 2.075260e-01
13 24 2.286540e-01
13 25 2.435010e-01
13 26 2.483710e-01
13 27 2.399340e-01
13 28 2.165090e-01
13 29 1.793530e-01
13 30 1.334610e-01
13 31 8.681320e-02
13 32 4.772690e-02
13 33 2.126010e-02
13 34 7.281050e-03
13 35 1.797290e-03
13 36 2.951810e-04
13 37 2.923280e-05
13 38 1.658220e-06
13 39 8.567700e-08
13 40 0.000000e+00
14 1 1.311210e-03
14 2 5.308210e-04
14 3 7.826910e-04
14 4 1.067660e-03
14 5 1.527860e-03
14 6 2.169380e-03
14 7 3.075510e-03
14 8 4.387210e-03
14 9 6.223840e-03
14 10 8.957440e-03
14 11 1.281040e-02
14 12 1.828240e-02
14 13 2.604790e-02
14 14 3.624010e-02
14 15 4.577290e-02
14 16 5.647300e-02
14 17 6.923370e-02
14 18 8.430540e-02
14 19 1.017050e-01
14 20 1.215250e-01
14 21 1.431200e-01
14 22 1.657430e-01
14 23 1.877990e-01
14 24 2.070490e-01
14 25 2.206560e-01
14 26 2.252950e-01
14 27 2.179120e-01
14 28 1.969450e-01
14 29 1.634620e-01
14 30 1.219270e-01
14 31 7.955390e-02
14 32 4.389520e-02
14 33 1.964290e-02
14 34 6.764940e-03
14 35 1.681250e-03
14 36 2.784110e-04
14 37 2.784730e-05
14 38 1.596750e-06
14 39 8.298160e-08
14 40 1.582130e-09
15 1 1.031240e-03
15 2 4.175110e-04
15 3 6.156490e-04
15 4 8.398340e-04
15 5 1.201430e-03
15 6 1.703450e-03
15 7 2.408290e-03
15 8 3.434940e-03
15 9 4.892190e-03
15 10 7.039860e-03
15 11 1.006030e-02
15 12 1.435970e-02
15 13 2.045610e-02
15 14 2.922830e-02
15 15 4.055460e-02
15 16 5.115480e-02
15 17 6.272240e-02
15 18 7.639160e-02
15 19 9.218010e-02
15 20 1.101800e-01
15 21 1.298100e-01
15 22 1.504050e-01
15 23 1.705280e-01
15 24 1.881550e-01
15 25 2.007050e-01
15 26 2.051810e-01
15 27 1.987590e-01
15 28 1.799750e-01
15 29 1.497310e-01
15 30 1.120130e-01
15 31 7.335520e-02
15 32 4.065650e-02
15 33 1.829490e-02
15 34 6.343510e-03
15 35 1.589510e-03
15 36 2.658460e-04
15 37 2.690830e-05
15 38 1.563050e-06
15 39 8.176980e-08
15 40 3.714670e-09
16 1 7.939740e-04
16 2 3.215170e-04
16 3 4.741020e-04
16 4 6.467880e-04
16 5 9.252900e-04
16 6 1.311710e-03
16 7 1.852310e-03
16 8 2.634860e-03
16 9 3.743050e-03
16 10 5.388130e-03
16 11 7.742990e-03
16 12 1.113230e-02
16 13 1.594100e-02
16 14 2.284640e-02
16 15 3.264680e-02
16 16 4.547350e-02
16 17 5.707580e-02
16 18 6.952920e-02
16 19 8.392470e-02
16 20 1.003470e-01
16 21 1.182900e-01
16 22 1.371430e-01
16 23 1.556050e-01
16 24 1.718580e-01
16 25 1.835350e-01
16 26 1.879010e-01
16 27 1.823630e-01
16 28 1.655100e-01
16 29 1.380960e-01
16 30 1.036790e-01
16 31 6.819840e-02
16 32 3.800540e-02
16 33 1.721650e-02
16 34 6.018480e-03
16 35 1.523020e-03
16 36 2.577640e-04
16 37 2.646080e-05
16 38 1.560840e-06
16 39 8.228090e-08
16 40 3.792040e-09
17 1 6.429340e-04
17 2 2.603010e-04
17 3 3.838300e-04
17 4 5.235690e-04
17 5 7.490020e-04
17 6 1.061750e-03
17 7 1.499150e-03
17 8 2.129600e-03
17 9 3.011740e-03
17 10 4.306690e-03
17 11 6.143990e-03
17 12 8.780530e-03
17 13 1.252760e-02
17 14 1.791780e-02
17 15 2.556100e-02
17 16 3.660080e-02
17 17 5.092360e-02
17 18 6.357920e-02
17 19 7.677170e-02
17 20 9.183540e-02
17 21 1.083130e-01
17 22 1.256720e-01
17 23 1.427330e-01
17 24 1.578320e-01
17 25 1.688030e-01
17 26 1.731230e-01
17 27 1.684110e-01
17 28 1.532850e-01
17 29 1.283480e-01
17 30 9.678450e-02
17 31 6.400450e-02
17 32 3.590590e-02
17 33 1.639660e-02
17 34 5.788250e-03
17 35 1.482030e-03
17 36 2.543610e-04
17 37 2.654490e-05
17 38 1.593590e-06
17 39 8.467400e-08
17 40 3.962910e-09
18 1 4.953910e-04
18 2 2.006310e-04
18 3 2.958590e-04
18 4 4.036100e-04
18 5 5.773880e-04
18 6 8.185370e-04
18 7 1.155700e-03
18 8 1.640570e-03
18 9 2.316750e-03
18 10 3.306960e-03
18 11 4.714200e-03
18 12 6.750780e-03
18 13 9.673170e-03
18 14 1.388550e-02
18 15 1.986260e-02
18 16 2.848610e-02
18 17 4.088930e-02
18 18 5.697560e-02
18 19 7.064460e-02
18 20 8.456690e-02
18 21 9.979920e-02
18 22 1.159030e-01
18 23 1.317910e-01
18 24 1.459370e-01
18 25 1.563620e-01
18 26 1.607060e-01
18 27 1.567640e-01
18 28 1.431730e-01
18 29 1.203890e-01
18 30 9.126070e-02
18 31 6.073910e-02
18 32 3.434310e-02
18 33 1.583340e-02
18 34 5.654560e-03
18 35 1.467970e-03
18 36 2.561210e-04
18 37 2.724990e-05
18 38 1.669730e-06
18 39 8.943490e-08
18 40 4.269350e-09
19 1 3.659340e-04
19 2 1.482380e-04
19 3 2.186110e-04
19 4 2.982660e-04
19 5 4.267680e-04
19 6 6.051270e-04
19 7 8.545930e-04
19 8 1.213300e-03
19 9 1.712360e-03
19 10 2.440690e-03
19 11 3.474910e-03
19 12 4.980740e-03
19 13 7.179680e-03
19 14 1.043570e-02
19 15 1.511250e-02
19 16 2.185890e-02
19 17 3.155650e-02
19 18 4.559690e-02
19 19 6.369870e-02
19 20 7.852180e-02
19 21 9.275700e-02
19 22 1.078410e-01
19 23 1.227780e-01
19 24 1.361840e-01
19 25 1.462240e-01
19 26 1.506660e-01
19 27 1.474490e-01
19 28 1.352100e-01
19 29 1.142630e-01
19 30 8.715100e-02
19 31 5.844450e-02
19 32 3.335080e-02
19 33 1.554930e-02
19 34 5.628760e-03
19 35 1.485100e-03
19 36 2.641320e-04
19 37 2.874440e-05
19 38 1.803670e-06
19 39 9.743430e-08
19 40 4.756920e-09
20 1 2.966340e-04
20 2 1.201780e-04
20 3 1.772250e-04
20 4 2.417720e-04
20 5 3.459040e-04
20 6 4.903820e-04
20 7 6.924590e-04
20 8 9.830180e-04
20 9 1.386800e-03
20 10 1.973620e-03
20 11 2.797730e-03
20 12 3.977770e-03
20 13 5.665310e-03
20 14 8.107160e-03
20 15 1.164670e-02
20 16 1.685730e-02
20 17 2.435220e-02
20 18 3.519750e-02
20 19 5.093610e-02
20 20 7.125050e-02
20 21 8.687430e-02
20 22 1.011320e-01
20 23 1.153320e-01
20 24 1.281930e-01
20 25 1.379960e-01
20 26 1.426420e-01
20 27 1.401460e-01
20 28 1.291490e-01
20 29 1.098060e-01
20 30 8.437660e-02
20 31 5.710160e-02
20 32 3.294310e-02
20 33 1.556390e-02
20 34 5.723900e-03
20 35 1.538670e-03
20 36 2.797040e-04
20 37 3.121910e-05
20 38 2.009990e-06
20 39 1.093320e-07
20 40 5.447550e-09
21 1 2.318080e-04
21 2 9.391400e-05
21 3 1.384950e-04
21 4 1.889410e-04
21 5 2.703160e-04
21 6 3.832460e-04
21 7 5.411490e-04
21 8 7.682290e-04
21 9 1.083910e-03
21 10 1.542600e-03
21 11 2.186430e-03
21 12 3.106900e-03
21 13 4.422860e-03
21 14 6.338990e-03
21 15 9.084660e-03
21 16 1.305900e-02
21 17 1.878110e-02
21 18 2.707590e-02
21 19 3.913500e-02
21 20 5.684220e-02
21 21 7.952480e-02
21 22 9.587890e-02
21 23 1.095590e-01
21 24 1.220850e-01
21 25 1.318220e-01
21 26 1.367660e-01
21 27 1.349950e-01
21 28 1.251250e-01
21 29 1.071440e-01
21 30 8.305050e-02
21 31 5.680220e-02
21 32 3.319150e-02
21 33 1.592240e-02
21 34 5.963310e-03
21 35 1.637770e-03
21 36 3.052460e-04
21 37 3.506630e-05
21 38 2.324020e-06
21 39 1.272410e-07
21 40 6.476030e-09
22 1 1.754440e-04
22 2 7.109490e-05
22 3 1.048420e-04
22 4 1.430380e-04
22 5 2.046480e-04
22 6 2.901620e-04
22 7 4.097740e-04
22 8 5.817630e-04
22 9 8.209620e-04
22 10 1.168620e-03
22 11 1.656640e-03
22 12 2.353860e-03
22 13 3.348660e-03
22 14 4.794780e-03
22 15 6.873600e-03
22 16 9.897030e-03
22 17 1.425570e-02
22 18 2.058290e-02
22 19 2.979190e-02
22 20 4.333420e-02
22 21 6.327250e-02
22 22 8.876210e-02
22 23 1.054990e-01
22 24 1.178950e-01
22 25 1.277530e-01
22 26 1.331280e-01
22 27 1.321030e-01
22 28 1.232630e-01
22 29 1.064180e-01
22 30 8.331660e-02
22 31 5.767880e-02
22 32 3.420180e-02
22 33 1.669510e-02
22 34 6.383730e-03
22 35 1.796580e-03
22 36 3.444950e-04
22 37 4.089410e-05
22 38 2.801550e-06
22 39 1.540240e-07
22 40 8.005050e-09
23 1 1.276370e-04
23 2 5.179970e-05
23 3 7.639670e-05
23 4 1.042350e-04
23 5 1.491540e-04
23 6 2.114990e-04
23 7 2.987300e-04
23 8 4.242450e-04
23 9 5.988250e-04
23 10 8.527330e-04
23 11 1.209520e-03
23 12 1.719400e-03
23 13 2.446040e-03
23 14 3.498690e-03
23 15 5.010520e-03
23 16 7.231110e-03
23 17 1.048600e-02
23 18 1.526740e-02
23 19 2.225010e-02
23 20 3.253870e-02
23 21 4.771710e-02
23 22 7.030770e-02
23 23 9.896210e-02
23 24 1.156490e-01
23 25 1.258090e-01
23 26 1.317760e-01
23 27 1.315620e-01
23 28 1.236870e-01
23 29 1.077760e-01
23 30 8.534170e-02
23 31 5.989760e-02
23 32 3.611000e-02
23 33 1.797840e-02
23 34 7.037060e-03
23 35 2.035940e-03
23 36 4.031720e-04
23 37 4.967800e-05
23 38 3.531590e-06
23 39 1.944970e-07
23 40 1.025150e-08
24 1 9.475570e-05
24 2 3.849600e-05
24 3 5.677710e-05
24 4 7.747610e-05
24 5 1.108730e-04
24 6 1.572440e-04
24 7 2.221280e-04
24 8 3.154760e-04
24 9 4.453840e-04
24 10 6.343650e-04
24 11 8.999370e-04
24 12 1.279790e-03
24 13 1.821370e-03
24 14 2.604320e-03
24 15 3.724590e-03
24 16 5.363100e-03
24 17 7.758730e-03
24 18 1.129090e-02
24 19 1.649210e-02
24 20 2.418620e-02
24 21 3.557140e-02
24 22 5.257630e-02
24 23 7.805280e-02
24 24 1.101260e-01
24 25 1.260950e-01
24 26 1.328230e-01
24 27 1.335690e-01
24 28 1.266560e-01
24 29 1.115470e-01
24 30 8.947990e-02
24 31 6.379480e-02
24 32 3.918920e-02
24 33 1.995420e-02
24 34 8.018830e-03
24 35 2.393010e-03
24 36 4.912310e-04
24 37 6.308510e-05
24 38 4.656980e-06
24 39 2.573160e-07
24 40 1.376470e-08
25 1 6.871790e-05
25 2 2.791650e-05
25 3 4.117610e-05
25 4 5.618940e-05
25 5 8.041730e-05
25 6 1.140620e-04
25 7 1.611580e-04
25 8 2.289460e-04
25 9 3.233230e-04
25 10 4.606770e-04
25 11 6.538160e-04
25 12 9.302400e-04
25 13 1.324740e-03
25 14 1.895660e-03
25 15 2.711810e-03
25 16 3.902960e-03
25 17 5.645990e-03
25 18 8.219050e-03
25 19 1.202380e-02
25 20 1.768670e-02
25 21 2.609990e-02
25 22 3.871980e-02
25 23 5.772900e-02
25 24 8.651340e-02
25 25 1.223940e-01
25 26 1.367190e-01
25 27 1.385830e-01
25 28 1.327070e-01
25 29 1.182780e-01
25 30 9.628800e-02
25 31 6.986100e-02
25 32 4.382000e-02
25 33 2.287720e-02
25 34 9.469250e-03
25 35 2.925220e-03
25 36 6.251600e-04
25 37 8.409680e-05
25 38 6.482840e-06
25 39 3.638070e-07
25 40 1.940160e-08
26 1 4.480280e-05
26 2 1.831430e-05
26 3 2.701790e-05
26 4 3.687750e-05
26 5 5.279290e-05
26 6 7.490660e-05
26 7 1.058780e-04
26 8 1.504870e-04
26 9 2.126570e-04
26 10 3.032410e-04
26 11 4.308270e-04
26 12 6.138000e-04
26 13 8.754850e-04
26 14 1.255240e-03
26 15 1.799780e-03
26 16 2.595470e-03
26 17 3.757080e-03
26 18 5.482020e-03
26 19 8.073370e-03
26 20 1.203060e-02
26 21 1.808500e-02
26 22 2.734660e-02
26 23 4.140510e-02
26 24 6.284470e-02
26 25 9.571400e-02
26 26 1.361570e-01
26 27 1.477480e-01
26 28 1.429370e-01
26 29 1.289940e-01
26 30 1.066400e-01
26 31 7.884240e-02
26 32 5.058390e-02
26 33 2.713410e-02
26 34 1.160210e-02
26 35 3.724590e-03
26 36 8.330400e-04
26 37 1.182280e-04
26 38 9.591090e-06
26 39 5.496290e-07
26 40 2.910680e-08
27 1 3.203040e-05
27 2 1.307440e-05
27 3 1.928880e-05
27 4 2.632860e-05
27 5 3.769530e-05
27 6 5.349070e-05
27 7 7.561680e-05
27 8 1.074950e-04
27 9 1.519220e-04
27 10 2.167020e-04
27 11 3.079770e-04
27 12 4.388980e-04
27 13 6.263540e-04
27 14 8.986650e-04
27 15 1.289670e-03
27 16 1.861840e-03
27 17 2.697810e-03
27 18 3.931700e-03
27 19 5.769180e-03
27 20 8.553910e-03
27 21 1.279870e-02
27 22 1.933420e-02
27 23 2.938960e-02
27 24 4.485630e-02
27 25 6.876710e-02
27 26 1.057500e-01
27 27 1.504640e-01
27 28 1.576910e-01
27 29 1.444120e-01
27 30 1.215050e-01
27 31 9.181730e-02
27 32 6.047100e-02
27 33 3.345840e-02
27 34 1.483750e-02
27 35 4.970670e-03
27 36 1.168070e-03
27 37 1.754940e-04
27 38 1.507140e-05
27 39 8.633560e-07
27 40 4.502180e-08
28 1 2.090870e-05
28 2 8.564900e-06
28 3 1.263710e-05
28 4 1.725160e-05
28 5 2.470450e-05
28 6 3.506430e-05
28 7 4.958330e-05
28 8 7.051870e-05
28 9 9.972160e-05
28 10 1.423220e-04
28 11 2.024390e-04
28 12 2.888030e-04
28 13 4.126280e-04
28 14 5.929060e-04
28 15 8.524810e-04
28 16 1.233570e-03
28 17 1.792510e-03
28 18 2.620280e-03
28 19 3.853900e-03
28 20 5.725110e-03
28 21 8.588080e-03
28 22 1.305280e-02
28 23 2.004870e-02
28 24 3.096570e-02
28 25 4.804620e-02
28 26 7.481550e-02
28 27 1.166610e-01
28 28 1.661720e-01
28 29 1.670440e-01
28 30 1.432190e-01
28 31 1.107110e-01
28 32 7.498480e-02
28 33 4.289950e-02
28 34 1.979670e-02
28 35 6.951910e-03
28 36 1.726550e-03
28 37 2.766780e-04
28 38 2.552610e-05
28 39 1.464280e-06
28 40 7.384620e-08
29 1 1.225040e-05
29 2 5.095810e-06
29 3 7.520250e-06
29 4 1.026940e-05
29 5 1.471070e-05
29 6 2.088780e-05
29 7 2.955440e-05
29 8 4.205740e-05
29 9 5.952040e-05
29 10 8.504220e-05
29 11 1.211110e-04
29 12 1.730450e-04
29 13 2.477460e-04
29 14 3.568530e-04
29 15 5.146170e-04
29 16 7.474550e-04
29 17 1.090990e-03
29 18 1.603370e-03
29 19 2.372870e-03
29 20 3.546150e-03
29 21 5.344540e-03
29 22 8.161020e-03
29 23 1.266970e-02
29 24 1.995310e-02
29 25 3.173540e-02
29 26 5.063070e-02
29 27 8.077050e-02
29 28 1.285010e-01
29 29 1.835620e-01
29 30 1.754780e-01
29 31 1.388640e-01
29 32 9.680660e-02
29 33 5.736920e-02
29 34 2.762560e-02
29 35 1.020970e-02
29 36 2.695180e-03
29 37 4.642900e-04
29 38 4.660780e-05
29 39 2.598590e-06
29 40 1.320730e-07
30 1 7.343790e-06
30 2 3.127630e-06
30 3 4.616770e-06
30 4 6.305900e-06
30 5 9.035180e-06
30 6 1.283280e-05
30 7 1.816360e-05
30 8 2.586050e-05
30 9 3.661880e-05
30 10 5.235710e-05
30 11 7.463720e-05
30 12 1.067790e-04
30 13 1.530990e-04
30 14 2.209420e-04
30 15 3.193640e-04
30 16 4.651980e-04
30 17 6.814810e-04
30 18 1.006040e-03
30 19 1.496990e-03
30 20 2.252160e-03
30 21 3.423480e-03
30 22 5.272220e-03
30 23 8.227350e-03
30 24 1.300780e-02
30 25 2.080630e-02
30 26 3.352300e-02
30 27 5.420640e-02
30 28 8.765530e-02
30 29 1.410430e-01
30 30 2.006680e-01
30 31 1.809520e-01
30 32 1.303210e-01
30 33 8.035280e-02
30 34 4.057160e-02
30 35 1.586140e-02
30 36 4.472770e-03
30 37 8.320900e-04
30 38 9.129980e-05
30 39 5.279140e-06
30 40 2.582970e-07
31 1 3.902040e-06
31 2 1.737650e-06
31 3 2.565680e-06
31 4 3.505380e-06
31 5 5.024450e-06
31 6 7.140360e-06
31 7 1.011180e-05
31 8 1.440730e-05
31 9 2.042220e-05
31 10 2.923060e-05
31 11 4.172600e-05
31 12 5.979200e-05
31 13 8.591480e-05
31 14 1.243280e-04
31 15 1.803130e-04
31 16 2.637190e-04
31 17 3.882540e-04
31 18 5.766190e-04
31 19 8.643240e-04
31 20 1.311720e-03
31 21 2.013550e-03
31 22 3.133220e-03
31 23 4.941260e-03
31 24 7.896930e-03
31 25 1.278800e-02
31 26 2.097470e-02
31 27 3.465570e-02
31 28 5.737900e-02
31 29 9.470530e-02
31 30 1.547690e-01
31 31 2.188910e-01
31 32 1.837800e-01
31 33 1.180840e-01
31 34 6.270840e-02
31 35 2.605170e-02
31 36 7.897000e-03
31 37 1.599540e-03
31 38 1.937730e-04
31 39 1.228150e-05
31 40 5.679040e-07
32 1 1.817730e-06
32 2 8.556850e-07
32 3 1.272570e-06
32 4 1.740870e-06
32 5 2.496800e-06
32 6 3.550500e-06
32 7 5.032270e-06
32 8 7.176850e-06
32 9 1.018430e-05
32 10 1.460020e-05
32 11 2.088100e-05
32 12 2.999230e-05
32 13 4.321900e-05
32 14 6.275770e-05
32 15 9.140660e-05
32 16 1.343980e-04
32 17 1.991360e-04
32 18 2.980610e-04
32 19 4.509550e-04
32 20 6.920780e-04
32 21 1.076560e-03
32 22 1.700920e-03
32 23 2.728720e-03
32 24 4.443670e-03
32 25 7.341280e-03
32 26 1.229830e-02
32 27 2.082520e-02
32 28 3.545920e-02
32 29 6.035810e-02
32 30 1.019620e-01
32 31 1.694130e-01
32 32 2.376460e-01
32 33 1.831970e-01
32 34 1.025020e-01
32 35 4.539930e-02
32 36 1.487070e-02
32 37 3.303660e-03
32 38 4.463320e-04
32 39 3.198080e-05
32 40 1.407210e-06
33 1 7.506990e-07
33 2 3.723080e-07
33 3 5.600000e-07
33 4 7.701720e-07
33 5 1.106650e-06
33 6 1.575360e-06
33 7 2.235120e-06
33 8 3.191580e-06
33 9 4.535530e-06
33 10 6.512920e-06
33 11 9.335130e-06
33 12 1.344510e-05
33 13 1.944020e-05
33 14 2.834780e-05
33 15 4.150320e-05
33 16 6.140600e-05
33 17 9.168100e-05
33 18 1.384960e-04
33 19 2.118710e-04
33 20 3.294620e-04
33 21 5.204970e-04
33 22 8.375320e-04
33 23 1.372610e-03
33 24 2.290500e-03
33 25 3.885240e-03
33 26 6.678950e-03
33 27 1.162070e-02
33 28 2.041070e-02
33 29 3.598940e-02
33 30 6.320340e-02
33 31 1.094850e-01
33 32 1.849200e-01
33 33 2.563350e-01
33 34 1.784400e-01
33 35 8.442370e-02
33 36 2.999660e-02
33 37 7.355510e-03
33 38 1.118110e-03
33 39 9.200950e-05
33 40 4.051110e-06
34 1 2.169580e-07
34 2 1.235420e-07
34 3 1.993410e-07
34 4 2.867410e-07
34 5 4.217890e-07
34 6 6.073870e-07
34 7 8.648590e-07
34 8 1.237510e-06
34 9 1.762250e-06
34 10 2.536670e-06
34 11 3.646270e-06
34 12 5.270660e-06
34 13 7.653980e-06
34 14 1.122070e-05
34 15 1.653480e-05
34 16 2.465710e-05
34 17 3.716310e-05
34 18 5.676940e-05
34 19 8.798570e-05
34 20 1.389130e-04
34 21 2.233630e-04
34 22 3.667440e-04
34 23 6.150560e-04
34 24 1.053810e-03
34 25 1.843290e-03
34 26 3.280540e-03
34 27 5.911250e-03
34 28 1.076260e-02
34 29 1.975140e-02
34 30 3.628170e-02
34 31 6.599280e-02
34 32 1.173930e-01
34 33 2.014120e-01
34 34 2.743280e-01
34 35 1.689610e-01
34 36 6.525120e-02
34 37 1.774530e-02
34 38 3.059500e-03
34 39 2.925880e-04
34 40 1.369630e-05
35 1 4.587990e-08
35 2 2.626330e-08
35 3 4.345240e-08
35 4 6.647030e-08
35 5 1.065060e-07
35 6 1.688850e-07
35 7 2.617610e-07
35 8 3.939370e-07
35 9 5.727920e-07
35 10 8.303910e-07
35 11 1.198830e-06
35 12 1.741750e-06
35 13 2.545100e-06
35 14 3.758920e-06
35 15 5.588390e-06
35 16 8.421160e-06
35 17 1.284850e-05
35 18 1.990840e-05
35 19 3.136600e-05
35 20 5.044900e-05
35 21 8.282090e-05
35 22 1.391590e-04
35 23 2.394410e-04
35 24 4.221570e-04
35 25 7.625120e-04
35 26 1.406050e-03
35 27 2.637210e-03
35 28 5.028980e-03
35 29 9.709870e-03
35 30 1.883060e-02
35 31 3.631110e-02
35 32 6.870030e-02
35 33 1.256710e-01
35 34 2.186320e-01
35 35 2.908720e-01
35 36 1.549160e-01
35 37 4.674500e-02
35 38 9.183110e-03
35 39 1.030420e-03
35 40 5.735830e-05
36 1 7.908650e-09
36 2 4.527200e-09
36 3 7.490200e-09
36 4 1.145800e-08
36 5 1.835940e-08
36 6 2.916580e-08
36 7 4.612730e-08
36 8 7.330790e-08
36 9 1.156880e-07
36 10 1.831820e-07
36 11 2.827150e-07
36 12 4.277630e-07
36 13 6.392400e-07
36 14 9.573550e-07
36 15 1.438560e-06
36 16 2.190970e-06
36 17 3.385820e-06
36 18 5.327650e-06
36 19 8.550160e-06
36 20 1.405950e-05
36 21 2.369770e-05
36 22 4.108360e-05
36 23 7.332920e-05
36 24 1.348800e-04
36 25 2.557580e-04
36 26 4.990660e-04
36 27 9.952270e-04
36 28 2.007860e-03
36 29 4.087360e-03
36 30 8.404720e-03
36 31 1.735760e-02
36 32 3.548610e-02
36 33 7.054390e-02
36 34 1.336660e-01
36 35 2.365800e-01
36 36 3.061060e-01
36 37 1.369760e-01
36 38 3.054430e-02
36 39 4.032900e-03
36 40 2.755110e-04
37 1 1.298920e-09
37 2 7.435500e-10
37 3 1.230190e-09
37 4 1.881860e-09
37 5 3.015350e-09
37 6 4.790200e-09
37 7 7.575970e-09
37 8 1.204010e-08
37 9 1.900390e-08
37 10 3.023650e-08
37 11 4.786930e-08
37 12 7.565520e-08
37 13 1.179360e-07
37 14 1.830050e-07
37 15 2.825670e-07
37 16 4.377690e-07
37 17 6.840620e-07
37 18 1.090390e-06
37 19 1.780290e-06
37 20 2.991790e-06
37 21 5.178940e-06
37 22 9.272470e-06
37 23 1.720400e-05
37 24 3.314100e-05
37 25 6.635940e-05
37 26 1.379430e-04
37 27 2.966970e-04
37 28 6.522140e-04
37 29 1.444550e-03
37 30 3.197080e-03
37 31 7.074410e-03
37 32 1.566800e-02
37 33 3.423360e-02
37 34 7.198560e-02
37 35 1.417880e-01
37 36 2.551460e-01
37 37 3.186900e-01
37 38 1.159710e-01
37 39 1.788690e-02
37 40 1.508540e-03
38 1 1.775900e-10
38 2 1.016600e-10
38 3 1.682000e-10
38 4 2.573000e-10
38 5 4.122700e-10
38 6 6.549400e-10
38 7 1.035820e-09
38 8 1.646180e-09
38 9 2.598310e-09
38 10 4.134070e-09
38 11 6.544910e-09
38 12 1.037140e-08
38 13 1.641930e-08
38 14 2.606550e-08
38 15 4.125670e-08
38 16 6.548330e-08
38 17 1.041670e-07
38 18 1.669150e-07
38 19 2.728270e-07
38 20 4.621260e-07
38 21 8.165080e-07
38 22 1.505920e-06
38 23 2.915280e-06
38 24 5.930840e-06
38 25 1.270220e-05
38 26 2.861910e-05
38 27 6.760090e-05
38 28 1.657470e-04
38 29 4.091200e-04
38 30 9.963170e-04
38 31 2.402520e-03
38 32 5.772560e-03
38 33 1.383690e-02
38 34 3.260280e-02
38 35 7.304870e-02
38 36 1.500710e-01
38 37 2.740920e-01
38 38 3.278270e-01
38 39 9.360500e-02
38 40 9.626960e-03
39 1 2.932300e-11
39 2 1.678600e-11
39 3 2.777200e-11
39 4 4.248300e-11
39 5 6.807200e-11
39 6 1.081400e-10
39 7 1.710300e-10
39 8 2.718100e-10
39 9 4.290200e-10
39 10 6.825900e-10
39 11 1.080660e-09
39 12 1.712460e-09
39 13 2.711060e-09
39 14 4.303790e-09
39 15 6.812010e-09
39 16 1.080530e-08
39 17 1.712520e-08
39 18 2.714380e-08
39 19 4.299070e-08
39 20 6.831790e-08
39 21 1.102950e-07
39 22 1.887300e-07
39 23 3.502140e-07
39 24 7.200340e-07
39 25 1.636390e-06
39 26 4.017770e-06
39 27 1.055800e-05
39 28 2.939700e-05
39 29 8.503580e-05
39 30 2.413070e-04
39 31 6.538990e-04
39 32 1.729660e-03
39 33 4.546640e-03
39 34 1.193200e-02
39 35 3.066870e-02
39 36 7.382960e-02
39 37 1.586290e-01
39 38 2.931340e-01
39 39 3.328330e-01
39 40 7.595230e-02
40 1 7.432800e-12
40 2 4.254800e-12
40 3 7.039500e-12
40 4 1.076900e-11
40 5 1.725500e-11
40 6 2.741100e-11
40 7 4.335200e-11
40 8 6.889700e-11
40 9 1.087500e-10
40 10 1.730200e-10
40 11 2.739200e-10
40 12 4.340700e-10
40 13 6.871900e-10
40 14 1.090910e-09
40 15 1.726690e-09
40 16 2.738890e-09
40 17 4.340840e-09
40 18 6.880320e-09
40 19 1.089690e-08
40 20 1.727980e-08
40 21 2.738040e-08
40 22 4.340370e-08
40 23 6.900720e-08
40 24 1.125400e-07
40 25 1.971070e-07
40 26 4.089950e-07
40 27 1.050610e-06
40 28 3.160970e-06
40 29 1.044890e-05
40 30 3.611240e-05
40 31 1.197590e-04
40 32 3.682530e-04
40 33 1.098870e-03
40 34 3.283620e-03
40 35 9.840410e-03
40 36 2.843770e-02
40 37 7.465900e-02
40 38 1.680550e-01
40 39 3.120740e-01
40 40 3.868020e-01
