1 1 3.385670e-02
1 2 1.253020e-02
1 3 1.642330e-02
1 4 1.990180e-02
1 5 2.530050e-02
1 6 3.181470e-02
1 7 3.980020e-02
1 8 4.997700e-02
1 9 6.226140e-02
1 10 7.805120e-02
1 11 9.713540e-02
1 12 1.207020e-01
1 13 1.493700e-01
1 14 1.845600e-01
1 15 2.261750e-01
1 16 2.759470e-01
1 17 3.335440e-01
1 18 3.989820e-01
1 19 4.706870e-01
1 20 5.467990e-01
1 21 6.215630e-01
1 22 6.884490e-01
1 23 7.377110e-01
1 24 7.583400e-01
1 25 7.398470e-01
1 26 6.759190e-01
1 27 5.686930e-01
1 28 4.315070e-01
1 29 2.876480e-01
1 30 1.630540e-01
1 31 7.547290e-02
1 32 2.712300e-02
1 33 7.111620e-03
1 34 1.259350e-03
1 35 1.369110e-04
1 36 8.312040e-06
1 37 3.760420e-07
1 38 1.294930e-08
1 39 0.000000e+00
1 40 0.000000e+00
2 1 2.684070e-02
2 2 1.095830e-02
2 3 1.466870e-02
2 4 1.777880e-02
2 5 2.260150e-02
2 6 2.842080e-02
2 7 3.555460e-02
2 8 4.464580e-02
2 9 5.562020e-02
2 10 6.972590e-02
2 11 8.677490e-02
2 12 1.078300e-01
2 13 1.334400e-01
2 14 1.648770e-01
2 15 2.020580e-01
2 16 2.465240e-01
2 17 2.979990e-01
2 18 3.564670e-01
2 19 4.205380e-01
2 20 4.885530e-01
2 21 5.553710e-01
2 22 6.151780e-01
2 23 6.592640e-01
2 24 6.777360e-01
2 25 6.612880e-01
2 26 6.042380e-01
2 27 5.084820e-01
2 28 3.859140e-01
2 29 2.573330e-01
2 30 1.459250e-01
2 31 6.757620e-02
2 32 2.429940e-02
2 33 6.375740e-03
2 34 1.129950e-03
2 35 1.229870e-04
2 36 7.477800e-06
2 37 3.387060e-07
2 38 1.167140e-08
2 39 0.000000e+00
2 40 0.000000e+00
3 1 2.116020e-02
3 2 8.869920e-03
3 3 1.280820e-02
3 4 1.586010e-02
3 5 2.016480e-02
3 6 2.535660e-02
3 7 3.172140e-02
3 8 3.983250e-02
3 9 4.962390e-02
3 10 6.220950e-02
3 11 7.742080e-02
3 12 9.620710e-02
3 13 1.190580e-01
3 14 1.471070e-01
3 15 1.802840e-01
3 16 2.199600e-01
3 17 2.659020e-01
3 18 3.180870e-01
3 19 3.752670e-01
3 20 4.359730e-01
3 21 4.956250e-01
3 22 5.490480e-01
3 23 5.884500e-01
3 24 6.049990e-01
3 25 5.904060e-01
3 26 5.395710e-01
3 27 4.541730e-01
3 28 3.448020e-01
3 29 2.300060e-01
3 30 1.304920e-01
3 31 6.046550e-02
3 32 2.175840e-02
3 33 5.714000e-03
3 34 1.013770e-03
3 35 1.105010e-04
3 36 6.742950e-06
3 37 3.054110e-07
3 38 1.053310e-08
3 39 0.000000e+00
3 40 0.000000e+00
4 1 1.649480e-02
4 2 6.969490e-03
4 3 1.036440e-02
4 4 1.387210e-02
4 5 1.799790e-02
4 6 2.263370e-02
4 7 2.831490e-02
4 8 3.555530e-02
4 9 4.429530e-02
4 10 5.552980e-02
4 11 6.910860e-02
4 12 8.587820e-02
4 13 1.062780e-01
4 14 1.313190e-01
4 15 1.609350e-01
4 16 1.963580e-01
4 17 2.373740e-01
4 18 2.839870e-01
4 19 3.350450e-01
4 20 3.892590e-01
4 21 4.425520e-01
4 22 4.903140e-01
4 23 5.255350e-01
4 24 5.404090e-01
4 25 5.274730e-01
4 26 4.821660e-01
4 27 4.059780e-01
4 28 3.083310e-01
4 29 2.057770e-01
4 30 1.168160e-01
4 31 5.416930e-02
4 32 1.951030e-02
4 33 5.129160e-03
4 34 9.113370e-04
4 35 9.951030e-05
4 36 6.113190e-06
4 37 2.761790e-07
4 38 9.540370e-09
4 39 0.000000e+00
4 40 0.000000e+00
5 1 1.326550e-02
5 2 5.544240e-03
5 3 8.222980e-03
5 4 1.126000e-02
5 5 1.576890e-02
5 6 2.023390e-02
5 7 2.531400e-02
5 8 3.178700e-02
5 9 3.960110e-02
5 10 4.964510e-02
5 11 6.178570e-02
5 12 7.677930e-02
5 13 9.501940e-02
5 14 1.174110e-01
5 15 1.438920e-01
5 16 1.755680e-01
5 17 2.122460e-01
5 18 2.539470e-01
5 19 2.996220e-01
5 20 3.481230e-01
5 21 3.958170e-01
5 22 4.385930e-01
5 23 4.701580e-01
5 24 4.835620e-01
5 25 4.720970e-01
5 26 4.316710e-01
5 27 3.635920e-01
5 28 2.762710e-01
5 29 1.844900e-01
5 30 1.048100e-01
5 31 4.864680e-02
5 32 1.754060e-02
5 33 4.617680e-03
5 34 8.219160e-04
5 35 8.993740e-05
5 36 5.555840e-06
5 37 2.509230e-07
5 38 8.683890e-09
5 39 0.000000e+00
5 40 0.000000e+00
6 1 1.052020e-02
6 2 4.375190e-03
6 3 6.497610e-03
6 4 8.907280e-03
6 5 1.278340e-02
6 6 1.773380e-02
6 7 2.263210e-02
6 8 2.842030e-02
6 9 3.540690e-02
6 10 4.438770e-02
6 11 5.524320e-02
6 12 6.865030e-02
6 13 8.496100e-02
6 14 1.049850e-01
6 15 1.286680e-01
6 16 1.569970e-01
6 17 1.898020e-01
6 18 2.271060e-01
6 19 2.679850e-01
6 20 3.113910e-01
6 21 3.540910e-01
6 22 3.924120e-01
6 23 4.207400e-01
6 24 4.328360e-01
6 25 4.227000e-01
6 26 3.866490e-01
6 27 3.258130e-01
6 28 2.477080e-01
6 29 1.655400e-01
6 30 9.413270e-02
6 31 4.374130e-02
6 32 1.579380e-02
6 33 4.165190e-03
6 34 7.430010e-04
6 35 8.151590e-05
6 36 5.054330e-06
6 37 2.289190e-07
6 38 7.941330e-09
6 39 0.000000e+00
6 40 0.000000e+00
7 1 8.092980e-03
7 2 3.354060e-03
7 3 5.038540e-03
7 4 6.970620e-03
7 5 1.006140e-02
7 6 1.434710e-02
7 7 1.985180e-02
7 8 2.542840e-02
7 9 3.168010e-02
7 10 3.971610e-02
7 11 4.942990e-02
7 12 6.142730e-02
7 13 7.602360e-02
7 14 9.394330e-02
7 15 1.151420e-01
7 16 1.404990e-01
7 17 1.698680e-01
7 18 2.032600e-01
7 19 2.398820e-01
7 20 2.787700e-01
7 21 3.170460e-01
7 22 3.514180e-01
7 23 3.768820e-01
7 24 3.878240e-01
7 25 3.788830e-01
7 26 3.467330e-01
7 27 2.923510e-01
7 28 2.224200e-01
7 29 1.487780e-01
7 30 8.470010e-02
7 31 3.941410e-02
7 32 1.425640e-02
7 33 3.768060e-03
7 34 6.739550e-04
7 35 7.418390e-05
7 36 4.624240e-06
7 37 2.099350e-07
7 38 7.310110e-09
7 39 0.000000e+00
7 40 0.000000e+00
8 1 6.322630e-03
8 2 2.621080e-03
8 3 3.941270e-03
8 4 5.467670e-03
8 5 7.909270e-03
8 6 1.129890e-02
8 7 1.604030e-02
8 8 2.231220e-02
8 9 2.836570e-02
8 10 3.556150e-02
8 11 4.426000e-02
8 12 5.500380e-02
8 13 6.807570e-02
8 14 8.412530e-02
8 15 1.031130e-01
8 16 1.258300e-01
8 17 1.521440e-01
8 18 1.820650e-01
8 19 2.148970e-01
8 20 2.497770e-01
8 21 2.841280e-01
8 22 3.149990e-01
8 23 3.379260e-01
8 24 3.478590e-01
8 25 3.399990e-01
8 26 3.113330e-01
8 27 2.626980e-01
8 28 2.000380e-01
8 29 1.339570e-01
8 30 7.637310e-02
8 31 3.560230e-02
8 32 1.290590e-02
8 33 3.420430e-03
8 34 6.138040e-04
8 35 6.784120e-05
8 36 4.253180e-06
8 37 1.938010e-07
8 38 6.775930e-09
8 39 0.000000e+00
8 40 0.000000e+00
9 1 5.164790e-03
9 2 2.098640e-03
9 3 3.103570e-03
9 4 4.274880e-03
9 5 6.207300e-03
9 6 8.901930e-03
9 7 1.265980e-02
9 8 1.805980e-02
9 9 2.494580e-02
9 10 3.190250e-02
9 11 3.970680e-02
9 12 4.934670e-02
9 13 6.107640e-02
9 14 7.547960e-02
9 15 9.252120e-02
9 16 1.129130e-01
9 17 1.365370e-01
9 18 1.634130e-01
9 19 1.929020e-01
9 20 2.242650e-01
9 21 2.551670e-01
9 22 2.829690e-01
9 23 3.036740e-01
9 24 3.127450e-01
9 25 3.058580e-01
9 26 2.802780e-01
9 27 2.367110e-01
9 28 1.804610e-01
9 29 1.210100e-01
9 30 6.911610e-02
9 31 3.229060e-02
9 32 1.173730e-02
9 33 3.121160e-03
9 34 5.623950e-04
9 35 6.247730e-05
9 36 3.939840e-06
9 37 1.805150e-07
9 38 6.338510e-09
9 39 0.000000e+00
9 40 0.000000e+00
10 1 4.035390e-03
10 2 1.637330e-03
10 3 2.431230e-03
10 4 3.355810e-03
10 5 4.870140e-03
10 6 6.995040e-03
10 7 9.965230e-03
10 8 1.422820e-02
10 9 2.015990e-02
10 10 2.807640e-02
10 11 3.566080e-02
10 12 4.431960e-02
10 13 5.485700e-02
10 14 6.779740e-02
10 15 8.311030e-02
10 16 1.014370e-01
10 17 1.226750e-01
10 18 1.468450e-01
10 19 1.733750e-01
10 20 2.016150e-01
10 21 2.294590e-01
10 22 2.545590e-01
10 23 2.732920e-01
10 24 2.816290e-01
10 25 2.756300e-01
10 26 2.528100e-01
10 27 2.137520e-01
10 28 1.631940e-01
10 29 1.096220e-01
10 30 6.274800e-02
10 31 2.939580e-02
10 32 1.072100e-02
10 33 2.862720e-03
10 34 5.184390e-04
10 35 5.795360e-05
10 36 3.680770e-06
10 37 1.697950e-07
10 38 5.996050e-09
10 39 0.000000e+00
10 40 0.000000e+00
11 1 3.105140e-03
11 2 1.259370e-03
11 3 1.865750e-03
11 4 2.569280e-03
11 5 3.731040e-03
11 6 5.394500e-03
11 7 7.746930e-03
11 8 1.112300e-02
11 9 1.581540e-02
11 10 2.263930e-02
11 11 3.142370e-02
11 12 3.988460e-02
11 13 4.936990e-02
11 14 6.102030e-02
11 15 7.480880e-02
11 16 9.131610e-02
11 17 1.104510e-01
11 18 1.322360e-01
11 19 1.561650e-01
11 20 1.816530e-01
11 21 2.068160e-01
11 22 2.295500e-01
11 23 2.465660e-01
11 24 2.542730e-01
11 25 2.490850e-01
11 26 2.287210e-01
11 27 1.936550e-01
11 28 1.481110e-01
11 29 9.970940e-02
11 30 5.722600e-02
11 31 2.689950e-02
11 32 9.851280e-03
11 33 2.643870e-03
11 34 4.817870e-04
11 35 5.426630e-05
11 36 3.476660e-06
11 37 1.617260e-07
11 38 5.748910e-09
11 39 0.000000e+00
11 40 0.000000e+00
12 1 2.531550e-03
12 2 1.025310e-03
12 3 1.512770e-03
12 4 2.067650e-03
12 5 2.967380e-03
12 6 4.221170e-03
12 7 6.023290e-03
12 8 8.686900e-03
12 9 1.240870e-02
12 10 1.779920e-02
12 11 2.536930e-02
12 12 3.524400e-02
12 13 4.456160e-02
12 14 5.508150e-02
12 15 6.753610e-02
12 16 8.245040e-02
12 17 9.974500e-02
12 18 1.194460e-01
12 19 1.411030e-01
12 20 1.641870e-01
12 21 1.870260e-01
12 22 2.077000e-01
12 23 2.232480e-01
12 24 2.304180e-01
12 25 2.259820e-01
12 26 2.077940e-01
12 27 1.762450e-01
12 28 1.350850e-01
12 29 9.119190e-02
12 30 5.250890e-02
12 31 2.478500e-02
12 32 9.123060e-03
12 33 2.463610e-03
12 34 4.523370e-04
12 35 5.141610e-05
12 36 3.328400e-06
12 37 1.563730e-07
12 38 5.597160e-09
12 39 0.000000e+00
12 40 0.000000e+00
13 1 1.871050e-03
13 2 7.580450e-04
13 3 1.118330e-03
13 4 1.526590e-03
13 5 2.191180e-03
13 6 3.137980e-03
13 7 4.510010e-03
13 8 6.559490e-03
13 9 9.497380e-03
13 10 1.377150e-02
13 11 1.976350e-02
13 12 2.832620e-02
13 13 3.943660e-02
13 14 4.986030e-02
13 15 6.114180e-02
13 16 7.465700e-02
13 17 9.033750e-02
13 18 1.082110e-01
13 19 1.278750e-01
13 20 1.488620e-01
13 21 1.696630e-01
13 22 1.885490e-01
13 23 2.028370e-01
13 24 2.095710e-01
13 25 2.058210e-01
13 26 1.895750e-01
13 27 1.611350e-01
13 28 1.238280e-01
13 29 8.386870e-02
13 30 4.848810e-02
13 31 2.300160e-02
13 32 8.518960e-03
13 33 2.317780e-03
13 34 4.294580e-04
13 35 4.935520e-05
13 36 3.235120e-06
13 37 1.538200e-07
13 38 5.550800e-09
13 39 0.000000e+00
13 40 0.000000e+00
14 1 1.576290e-03
14 2 6.384610e-04
14 3 9.417320e-04
14 4 1.285180e-03
14 5 1.840020e-03
14 6 2.614280e-03
14 7 3.709750e-03
14 8 5.297720e-03
14 9 7.525800e-03
14 10 1.084950e-02
14 11 1.554760e-02
14 12 2.224190e-02
14 13 3.178000e-02
14 14 4.428080e-02
14 15 5.556460e-02
14 16 6.786090e-02
14 17 8.213700e-02
14 18 9.842380e-02
14 19 1.163610e-01
14 20 1.355340e-01
14 21 1.545760e-01
14 22 1.719370e-01
14 23 1.851660e-01
14 24 1.915690e-01
14 25 1.884620e-01
14 26 1.739550e-01
14 27 1.482480e-01
14 28 1.142980e-01
14 29 7.772820e-02
14 30 4.516440e-02
14 31 2.155570e-02
14 32 8.043480e-03
14 33 2.208250e-03
14 34 4.136320e-04
14 35 4.815510e-05
14 36 3.202390e-06
14 37 1.543570e-07
14 38 5.613990e-09
14 39 0.000000e+00
14 40 0.000000e+00
15 1 1.233790e-03
15 2 4.997640e-04
15 3 7.372080e-04
15 4 1.006110e-03
15 5 1.440060e-03
15 6 2.043210e-03
15 7 2.891120e-03
15 8 4.128380e-03
15 9 5.888220e-03
15 10 8.487940e-03
15 11 1.215470e-02
15 12 1.739150e-02
15 13 2.484800e-02
15 14 3.562850e-02
15 15 4.952150e-02
15 16 6.196270e-02
15 17 7.502390e-02
15 18 8.993850e-02
15 19 1.063860e-01
15 20 1.240000e-01
15 21 1.415410e-01
15 22 1.576080e-01
15 23 1.699600e-01
15 24 1.761170e-01
15 25 1.736200e-01
15 26 1.606680e-01
15 27 1.373630e-01
15 28 1.063280e-01
15 29 7.265890e-02
15 30 4.247450e-02
15 31 2.042090e-02
15 32 7.688620e-03
15 33 2.133700e-03
15 34 4.048660e-04
15 35 4.786220e-05
15 36 3.237430e-06
15 37 1.585230e-07
15 38 5.815090e-09
15 39 0.000000e+00
15 40 0.000000e+00
16 1 9.435030e-04
16 2 3.822960e-04
16 3 5.639350e-04
16 4 7.697050e-04
16 5 1.101780e-03
16 6 1.563210e-03
16 7 2.209590e-03
16 8 3.146820e-03
16 9 4.476880e-03
16 10 6.456310e-03
16 11 9.298860e-03
16 12 1.340470e-02
16 13 1.925500e-02
16 14 2.769860e-02
16 15 3.975410e-02
16 16 5.547560e-02
16 17 6.895130e-02
16 18 8.271000e-02
16 19 9.789460e-02
16 20 1.141990e-01
16 21 1.304900e-01
16 22 1.454850e-01
16 23 1.571430e-01
16 24 1.631500e-01
16 25 1.612380e-01
16 26 1.496720e-01
16 27 1.284530e-01
16 28 9.990520e-02
16 29 6.866950e-02
16 30 4.043100e-02
16 31 1.960900e-02
16 32 7.461820e-03
16 33 2.097330e-03
16 34 4.040660e-04
16 35 4.863530e-05
16 36 3.355580e-06
16 37 1.673510e-07
16 38 6.188720e-09
16 39 0.000000e+00
16 40 0.000000e+00
17 1 7.588090e-04
17 2 3.074600e-04
17 3 4.535490e-04
17 4 6.189640e-04
17 5 8.859840e-04
17 6 1.256800e-03
17 7 1.776240e-03
17 8 2.526150e-03
17 9 3.577730e-03
17 10 5.125240e-03
17 11 7.327720e-03
17 12 1.049980e-02
17 13 1.502800e-02
17 14 2.157540e-02
17 15 3.091870e-02
17 16 4.450850e-02
17 17 6.204760e-02
17 18 7.656040e-02
17 19 9.069890e-02
17 20 1.059020e-01
17 21 1.211630e-01
17 22 1.353010e-01
17 23 1.464330e-01
17 24 1.523940e-01
17 25 1.510630e-01
17 26 1.407550e-01
17 27 1.213650e-01
17 28 9.493590e-02
17 29 6.571610e-02
17 30 3.902400e-02
17 31 1.912500e-02
17 32 7.369540e-03
17 33 2.102600e-03
17 34 4.123010e-04
17 35 5.066430e-05
17 36 3.574770e-06
17 37 1.819890e-07
17 38 6.773780e-09
17 39 5.621800e-11
17 40 0.000000e+00
18 1 5.789920e-04
18 2 2.346320e-04
18 3 3.461310e-04
18 4 4.724340e-04
18 5 6.763150e-04
18 6 9.595190e-04
18 7 1.356180e-03
18 8 1.927500e-03
18 9 2.725940e-03
18 10 3.898700e-03
18 11 5.570730e-03
18 12 7.999850e-03
18 13 1.150210e-02
18 14 1.657740e-02
18 15 2.382460e-02
18 16 3.436390e-02
18 17 4.965290e-02
18 18 6.937020e-02
18 19 8.475880e-02
18 20 9.909310e-02
18 21 1.135350e-01
18 22 1.270160e-01
18 23 1.377870e-01
18 24 1.438110e-01
18 25 1.430550e-01
18 26 1.338890e-01
18 27 1.160800e-01
18 28 9.141590e-02
18 29 6.380540e-02
18 30 3.827050e-02
18 31 1.898500e-02
18 32 7.423060e-03
18 33 2.155000e-03
18 34 4.313150e-04
18 35 5.428530e-05
18 36 3.930950e-06
18 37 2.049230e-07
18 38 7.668150e-09
18 39 1.993500e-10
18 40 0.000000e+00
19 1 4.216600e-04
19 2 1.710190e-04
19 3 2.523250e-04
19 4 3.444670e-04
19 5 4.932440e-04
19 6 7.000090e-04
19 7 9.897110e-04
19 8 1.407200e-03
19 9 1.989380e-03
19 10 2.841460e-03
19 11 4.056300e-03
19 12 5.832640e-03
19 13 8.439460e-03
19 14 1.232210e-02
19 15 1.793980e-02
19 16 2.610330e-02
19 17 3.794980e-02
19 18 5.528300e-02
19 19 7.749880e-02
19 20 9.380820e-02
19 21 1.076710e-01
19 22 1.207140e-01
19 23 1.313030e-01
19 24 1.374970e-01
19 25 1.373290e-01
19 26 1.291920e-01
19 27 1.127180e-01
19 28 8.946080e-02
19 29 6.303680e-02
19 30 3.824980e-02
19 31 1.924070e-02
19 32 7.650240e-03
19 33 2.265840e-03
19 34 4.643300e-04
19 35 6.008100e-05
19 36 4.483830e-06
19 37 2.402880e-07
19 38 8.989810e-09
19 39 2.605200e-10
19 40 0.000000e+00
20 1 3.372780e-04
20 2 1.367440e-04
20 3 2.017320e-04
20 4 2.753660e-04
20 5 3.942100e-04
20 6 5.593980e-04
20 7 7.908190e-04
20 8 1.124100e-03
20 9 1.588790e-03
20 10 2.265990e-03
20 11 3.220120e-03
20 12 4.592880e-03
20 13 6.566960e-03
20 14 9.441300e-03
20 15 1.363840e-02
20 16 1.987250e-02
20 17 2.892980e-02
20 18 4.216730e-02
20 19 6.160970e-02
20 20 8.651730e-02
20 21 1.031910e-01
20 22 1.160050e-01
20 23 1.265980e-01
20 24 1.331050e-01
20 25 1.336010e-01
20 26 1.264660e-01
20 27 1.111810e-01
20 28 8.906730e-02
20 29 6.347300e-02
20 30 3.904520e-02
20 31 1.996270e-02
20 32 8.092560e-03
20 33 2.452130e-03
20 34 5.159900e-04
20 35 6.883420e-05
20 36 5.304410e-06
20 37 2.924560e-07
20 38 1.081660e-08
20 39 3.556100e-10
20 40 0.000000e+00
21 1 2.589090e-04
21 2 1.049860e-04
21 3 1.548840e-04
21 4 2.114130e-04
21 5 3.026930e-04
21 6 4.295530e-04
21 7 6.072680e-04
21 8 8.633540e-04
21 9 1.220340e-03
21 10 1.740670e-03
21 11 2.474010e-03
21 12 3.527540e-03
21 13 5.042220e-03
21 14 7.262110e-03
21 15 1.046920e-02
21 16 1.515310e-02
21 17 2.196910e-02
21 18 3.196580e-02
21 19 4.668510e-02
21 20 6.859400e-02
21 21 9.638280e-02
21 22 1.131350e-01
21 23 1.239300e-01
21 24 1.309240e-01
21 25 1.321700e-01
21 26 1.260000e-01
21 27 1.117450e-01
21 28 9.048050e-02
21 29 6.532050e-02
21 30 4.081250e-02
21 31 2.125800e-02
21 32 8.808540e-03
21 33 2.738910e-03
21 34 5.938610e-04
21 35 8.200560e-05
21 36 6.549050e-06
21 37 3.728110e-07
21 38 1.353180e-08
21 39 5.103000e-10
21 40 0.000000e+00
22 1 1.912500e-04
22 2 7.761680e-05
22 3 1.145230e-04
22 4 1.563430e-04
22 5 2.238740e-04
22 6 3.177420e-04
22 7 4.492820e-04
22 8 6.388890e-04
22 9 9.033100e-04
22 10 1.288990e-03
22 11 1.832880e-03
22 12 2.613800e-03
22 13 3.735290e-03
22 14 5.377580e-03
22 15 7.757900e-03
22 16 1.125490e-02
22 17 1.635760e-02
22 18 2.385950e-02
22 19 3.493170e-02
22 20 5.146360e-02
22 21 7.615380e-02
22 22 1.073410e-01
22 23 1.235330e-01
22 24 1.311960e-01
22 25 1.333300e-01
22 26 1.281170e-01
22 27 1.147510e-01
22 28 9.403660e-02
22 29 6.888380e-02
22 30 4.379810e-02
22 31 2.329590e-02
22 32 9.893690e-03
22 33 3.166960e-03
22 34 7.103000e-04
22 35 1.019910e-04
22 36 8.483780e-06
22 37 4.999700e-07
22 38 1.782680e-08
22 39 7.826900e-10
22 40 0.000000e+00
23 1 1.350770e-04
23 2 5.482640e-05
23 3 8.090680e-05
23 4 1.104780e-04
23 5 1.582390e-04
23 6 2.246690e-04
23 7 3.178180e-04
23 8 4.521630e-04
23 9 6.396970e-04
23 10 9.135160e-04
23 11 1.300120e-03
23 12 1.856030e-03
23 13 2.653940e-03
23 14 3.819180e-03
23 15 5.509600e-03
23 16 8.020010e-03
23 17 1.174490e-02
23 18 1.729570e-02
23 19 2.553130e-02
23 20 3.787310e-02
23 21 5.639250e-02
23 22 8.441340e-02
23 23 1.194120e-01
23 24 1.342240e-01
23 25 1.374010e-01
23 26 1.332230e-01
23 27 1.206250e-01
23 28 1.001880e-01
23 29 7.458460e-02
23 30 4.835060e-02
23 31 2.631900e-02
23 32 1.149080e-02
23 33 3.799250e-03
23 34 8.851790e-04
23 35 1.328410e-04
23 36 1.157100e-05
23 37 7.071250e-07
23 38 2.528230e-08
23 39 1.276560e-09
23 40 0.000000e+00
24 1 9.655350e-05
24 2 3.925890e-05
24 3 5.793720e-05
24 4 7.912200e-05
24 5 1.133440e-04
24 6 1.609410e-04
24 7 2.277240e-04
24 8 3.240970e-04
24 9 4.586890e-04
24 10 6.553590e-04
24 11 9.333490e-04
24 12 1.333520e-03
24 13 1.908640e-03
24 14 2.748040e-03
24 15 3.962410e-03
24 16 5.760780e-03
24 17 8.428370e-03
24 18 1.242340e-02
24 19 1.841220e-02
24 20 2.744080e-02
24 21 4.106730e-02
24 22 6.180340e-02
24 23 9.345710e-02
24 24 1.324750e-01
24 25 1.448020e-01
24 26 1.418210e-01
24 27 1.300050e-01
24 28 1.096240e-01
24 29 8.311900e-02
24 30 5.507500e-02
24 31 3.076850e-02
24 32 1.385450e-02
24 33 4.748760e-03
24 34 1.154030e-03
24 35 1.818390e-04
24 36 1.666990e-05
24 37 1.000350e-06
24 38 3.934050e-08
24 39 2.209890e-09
24 40 0.000000e+00
25 1 6.680270e-05
25 2 2.716450e-05
25 3 4.009540e-05
25 4 5.476240e-05
25 5 7.846520e-05
25 6 1.114580e-04
25 7 1.577590e-04
25 8 2.246170e-04
25 9 3.180940e-04
25 10 4.547840e-04
25 11 6.482350e-04
25 12 9.271910e-04
25 13 1.328910e-03
25 14 1.916500e-03
25 15 2.767350e-03
25 16 4.027200e-03
25 17 5.900580e-03
25 18 8.716120e-03
25 19 1.296360e-02
25 20 1.942490e-02
25 21 2.924820e-02
25 22 4.432270e-02
25 23 6.752410e-02
25 24 1.032840e-01
25 25 1.467040e-01
25 26 1.550750e-01
25 27 1.440870e-01
25 28 1.234800e-01
25 29 9.553200e-02
25 30 6.484720e-02
25 31 3.729340e-02
25 32 1.737520e-02
25 33 6.199980e-03
25 34 1.578920e-03
25 35 2.626490e-04
25 36 2.559000e-05
25 37 1.501310e-06
25 38 6.789770e-08
25 39 4.073540e-09
25 40 0.000000e+00
26 1 4.101870e-05
26 2 1.674950e-05
26 3 2.473220e-05
26 4 3.379530e-05
26 5 4.844620e-05
26 6 6.885940e-05
26 7 9.754060e-05
26 8 1.390100e-04
26 9 1.970980e-04
26 10 2.822220e-04
26 11 4.030210e-04
26 12 5.777740e-04
26 13 8.303940e-04
26 14 1.201630e-03
26 15 1.742130e-03
26 16 2.545430e-03
26 17 3.741490e-03
26 18 5.555120e-03
26 19 8.340600e-03
26 20 1.269340e-02
26 21 1.951900e-02
26 22 3.024000e-02
26 23 4.696610e-02
26 24 7.311680e-02
26 25 1.139620e-01
26 26 1.626480e-01
26 27 1.652410e-01
26 28 1.439970e-01
26 29 1.136910e-01
26 30 7.914660e-02
26 31 4.692320e-02
26 32 2.267800e-02
26 33 8.456050e-03
26 34 2.269120e-03
26 35 4.016650e-04
26 36 4.208040e-05
26 37 2.555380e-06
26 38 1.311350e-07
26 39 8.134120e-09
26 40 0.000000e+00
27 1 2.720820e-05
27 2 1.113400e-05
27 3 1.644040e-05
27 4 2.246920e-05
27 5 3.221850e-05
27 6 4.580260e-05
27 7 6.490800e-05
27 8 9.255290e-05
27 9 1.312910e-04
27 10 1.881340e-04
27 11 2.689080e-04
27 12 3.859160e-04
27 13 5.554540e-04
27 14 8.052270e-04
27 15 1.170070e-03
27 16 1.714470e-03
27 17 2.527980e-03
27 18 3.759280e-03
27 19 5.642660e-03
27 20 8.576920e-03
27 21 1.317970e-02
27 22 2.048210e-02
27 23 3.207610e-02
27 24 5.045060e-02
27 25 7.958350e-02
27 26 1.254770e-01
27 27 1.787520e-01
27 28 1.732060e-01
27 29 1.400240e-01
27 30 1.003260e-01
27 31 6.158130e-02
27 32 3.101790e-02
27 33 1.214310e-02
27 34 3.449620e-03
27 35 6.524030e-04
27 36 7.373280e-05
27 37 4.611740e-06
27 38 2.434150e-07
27 39 1.668830e-08
27 40 0.000000e+00
28 1 1.606830e-05
28 2 6.647330e-06
28 3 9.819090e-06
28 4 1.342340e-05
28 5 1.925570e-05
28 6 2.739120e-05
28 7 3.883850e-05
28 8 5.542320e-05
28 9 7.871130e-05
28 10 1.129320e-04
28 11 1.616750e-04
28 12 2.325070e-04
28 13 3.354820e-04
28 14 4.878450e-04
28 15 7.116090e-04
28 16 1.047630e-03
28 17 1.553570e-03
28 18 2.325200e-03
28 19 3.513070e-03
28 20 5.376580e-03
28 21 8.328060e-03
28 22 1.309010e-02
28 23 2.081880e-02
28 24 3.332840e-02
28 25 5.356380e-02
28 26 8.613890e-02
28 27 1.379830e-01
28 28 1.962310e-01
28 29 1.796040e-01
28 30 1.325760e-01
28 31 8.440720e-02
28 32 4.443030e-02
28 33 1.833590e-02
28 34 5.544850e-03
28 35 1.128660e-03
28 36 1.390100e-04
28 37 9.201930e-06
28 38 3.837620e-07
28 39 3.630590e-08
28 40 0.000000e+00
29 1 8.234700e-06
29 2 3.522130e-06
29 3 5.204720e-06
29 4 7.119210e-06
29 5 1.021820e-05
29 6 1.454490e-05
29 7 2.064420e-05
29 8 2.949310e-05
29 9 4.194130e-05
29 10 6.028570e-05
29 11 8.649810e-05
29 12 1.247340e-04
29 13 1.806040e-04
29 14 2.637430e-04
29 15 3.867120e-04
29 16 5.729490e-04
29 17 8.562340e-04
29 18 1.293490e-03
29 19 1.975700e-03
29 20 3.059630e-03
29 21 4.795630e-03
29 22 7.632110e-03
29 23 1.235470e-02
29 24 2.028710e-02
29 25 3.363120e-02
29 26 5.586760e-02
29 27 9.244460e-02
29 28 1.514440e-01
29 29 2.153170e-01
29 30 1.839110e-01
29 31 1.214670e-01
29 32 6.691040e-02
29 33 2.918710e-02
29 34 9.439240e-03
29 35 2.082870e-03
29 36 2.824660e-04
29 37 2.070360e-05
29 38 8.462210e-07
29 39 8.329110e-08
29 40 0.000000e+00
30 1 4.243180e-06
30 2 1.877150e-06
30 3 2.775550e-06
30 4 3.798000e-06
30 5 5.454320e-06
30 6 7.769320e-06
30 7 1.103600e-05
30 8 1.578350e-05
30 9 2.247690e-05
30 10 3.236040e-05
30 11 4.652840e-05
30 12 6.727100e-05
30 13 9.771400e-05
30 14 1.432740e-04
30 15 2.111340e-04
30 16 3.147440e-04
30 17 4.739330e-04
30 18 7.226160e-04
30 19 1.116170e-03
30 20 1.751690e-03
30 21 2.789180e-03
30 22 4.512570e-03
30 23 7.407860e-03
30 24 1.232000e-02
30 25 2.071350e-02
30 26 3.505410e-02
30 27 5.935970e-02
30 28 9.987870e-02
30 29 1.655610e-01
30 30 2.333020e-01
30 31 1.839280e-01
30 32 1.065250e-01
30 33 4.938660e-02
30 34 1.718000e-02
30 35 4.132010e-03
30 36 6.198470e-04
30 37 5.094870e-05
30 38 2.142600e-06
30 39 1.925750e-07
30 40 0.000000e+00
31 1 1.775840e-06
31 2 8.619120e-07
31 3 1.283240e-06
31 4 1.758250e-06
31 5 2.527440e-06
31 6 3.604370e-06
31 7 5.126360e-06
31 8 7.343280e-06
31 9 1.047730e-05
31 10 1.512150e-05
31 11 2.181020e-05
31 12 3.165300e-05
31 13 4.618960e-05
31 14 6.810680e-05
31 15 1.010430e-04
31 16 1.518670e-04
31 17 2.309250e-04
31 18 3.561620e-04
31 19 5.576160e-04
31 20 8.891930e-04
31 21 1.442490e-03
31 22 2.382680e-03
31 23 3.998520e-03
31 24 6.803880e-03
31 25 1.171840e-02
31 26 2.039980e-02
31 27 3.569910e-02
31 28 6.229950e-02
31 29 1.074140e-01
31 30 1.809660e-01
31 31 2.519050e-01
31 32 1.799970e-01
31 33 8.886650e-02
31 34 3.339680e-02
31 35 8.818050e-03
31 36 1.477790e-03
31 37 1.382640e-04
31 38 6.317330e-06
31 39 4.058070e-07
31 40 0.000000e+00
32 1 5.826760e-07
32 2 3.139980e-07
32 3 4.886630e-07
32 4 6.902010e-07
32 5 1.001310e-06
32 6 1.430730e-06
32 7 2.038460e-06
32 8 2.925730e-06
32 9 4.184070e-06
32 10 6.056210e-06
32 11 8.765610e-06
32 12 1.277750e-05
32 13 1.874710e-05
32 14 2.782650e-05
32 15 4.162090e-05
32 16 6.317190e-05
32 17 9.719620e-05
32 18 1.520510e-04
32 19 2.421060e-04
32 20 3.938050e-04
32 21 6.537370e-04
32 22 1.109330e-03
32 23 1.920950e-03
32 24 3.382620e-03
32 25 6.032260e-03
32 26 1.086460e-02
32 27 1.973050e-02
32 28 3.592980e-02
32 29 6.494370e-02
32 30 1.150890e-01
32 31 1.972230e-01
32 32 2.702310e-01
32 33 1.716800e-01
32 34 6.978830e-02
32 35 2.031050e-02
32 36 3.831720e-03
32 37 4.130170e-04
32 38 2.173640e-05
32 39 6.865730e-07
32 40 1.454820e-08
33 1 1.377160e-07
33 2 7.883250e-08
33 3 1.303550e-07
33 4 1.980620e-07
33 5 3.101100e-07
33 6 4.655490e-07
33 7 6.785210e-07
33 8 9.836660e-07
33 9 1.412740e-06
33 10 2.052280e-06
33 11 2.982890e-06
33 12 4.370460e-06
33 13 6.452680e-06
33 14 9.651790e-06
33 15 1.457290e-05
33 16 2.237430e-05
33 17 3.490750e-05
33 18 5.552360e-05
33 19 9.016840e-05
33 20 1.501180e-04
33 21 2.561050e-04
33 22 4.485910e-04
33 23 8.058570e-04
33 24 1.480950e-03
33 25 2.766930e-03
33 26 5.203250e-03
33 27 9.851860e-03
33 28 1.878810e-02
33 29 3.583240e-02
33 30 6.739370e-02
33 31 1.230150e-01
33 32 2.142310e-01
33 33 2.873920e-01
33 34 1.587300e-01
33 35 5.094590e-02
33 36 1.086530e-02
33 37 1.360850e-03
33 38 8.553840e-05
33 39 2.350470e-06
33 40 8.027430e-08
34 1 2.975640e-08
34 2 1.703370e-08
34 3 2.818200e-08
34 4 4.310840e-08
34 5 6.878000e-08
34 6 1.074300e-07
34 7 1.643750e-07
34 8 2.504920e-07
34 9 3.767900e-07
34 10 5.613590e-07
34 11 8.244870e-07
34 12 1.217420e-06
34 13 1.813170e-06
34 14 2.740510e-06
34 15 4.189450e-06
34 16 6.526240e-06
34 17 1.035620e-05
34 18 1.680030e-05
34 19 2.791060e-05
34 20 4.768930e-05
34 21 8.378670e-05
34 22 1.517030e-04
34 23 2.829200e-04
34 24 5.428740e-04
34 25 1.068260e-03
34 26 2.138010e-03
34 27 4.296760e-03
34 28 8.670380e-03
34 29 1.757990e-02
34 30 3.543630e-02
34 31 6.974470e-02
34 32 1.313530e-01
34 33 2.320750e-01
34 34 3.025640e-01
34 35 1.413840e-01
34 36 3.406680e-02
34 37 4.981850e-03
34 38 3.789120e-04
34 39 1.241390e-05
34 40 2.753830e-07
35 1 4.405500e-09
35 2 2.521870e-09
35 3 4.172410e-09
35 4 6.382650e-09
35 5 1.022710e-08
35 6 1.624680e-08
35 7 2.569520e-08
35 8 4.083610e-08
35 9 6.445500e-08
35 10 1.025490e-07
35 11 1.615120e-07
35 12 2.513650e-07
35 13 3.878740e-07
35 14 6.015380e-07
35 15 9.390970e-07
35 16 1.494510e-06
35 17 2.428400e-06
35 18 4.045100e-06
35 19 6.917330e-06
35 20 1.219410e-05
35 21 2.215640e-05
35 22 4.160180e-05
35 23 8.072370e-05
35 24 1.618060e-04
35 25 3.344250e-04
35 26 7.068020e-04
35 27 1.517130e-03
35 28 3.312530e-03
35 29 7.310390e-03
35 30 1.609180e-02
35 31 3.472920e-02
35 32 7.198420e-02
35 33 1.400870e-01
35 34 2.503740e-01
35 35 3.149210e-01
35 36 1.208240e-01
35 37 2.052560e-02
35 38 1.895580e-03
35 39 7.839400e-05
35 40 1.425670e-06
36 1 6.313500e-10
36 2 3.614100e-10
36 3 5.979500e-10
36 4 9.147000e-10
36 5 1.465640e-09
36 6 2.328320e-09
36 7 3.682370e-09
36 8 5.852210e-09
36 9 9.237040e-09
36 10 1.469670e-08
36 11 2.326730e-08
36 12 3.687370e-08
36 13 5.846070e-08
36 14 9.331010e-08
36 15 1.497090e-07
36 16 2.429010e-07
36 17 3.998610e-07
36 18 6.754200e-07
36 19 1.181400e-06
36 20 2.153910e-06
36 21 4.084930e-06
36 22 8.076630e-06
36 23 1.665320e-05
36 24 3.582580e-05
36 25 8.033920e-05
36 26 1.869100e-04
36 27 4.432740e-04
36 28 1.051090e-03
36 29 2.495350e-03
36 30 5.966340e-03
36 31 1.424750e-02
36 32 3.316970e-02
36 33 7.316240e-02
36 34 1.483010e-01
36 35 2.689940e-01
36 36 3.247050e-01
36 37 9.870320e-02
36 38 1.091330e-02
36 39 5.743070e-04
36 40 1.180980e-05
37 1 1.256700e-10
37 2 7.193700e-11
37 3 1.190200e-10
37 4 1.820700e-10
37 5 2.917300e-10
37 6 4.634500e-10
37 7 7.329700e-10
37 8 1.164870e-09
37 9 1.838610e-09
37 10 2.925340e-09
37 11 4.631300e-09
37 12 7.338950e-09
37 13 1.161860e-08
37 14 1.844440e-08
37 15 2.919370e-08
37 16 4.630750e-08
37 17 7.339220e-08
37 18 1.163630e-07
37 19 1.854240e-07
37 20 3.053770e-07
37 21 5.478210e-07
37 22 1.080430e-06
37 23 2.328320e-06
37 24 5.377180e-06
37 25 1.320630e-05
37 26 3.421260e-05
37 27 9.255380e-05
37 28 2.531520e-04
37 29 6.825800e-04
37 30 1.805670e-03
37 31 4.728890e-03
37 32 1.232770e-02
37 33 3.122940e-02
37 34 7.387320e-02
37 35 1.565760e-01
37 36 2.877870e-01
37 37 3.307180e-01
37 38 7.664030e-02
37 39 5.009390e-03
37 40 1.344040e-04
38 1 2.464000e-11
38 2 1.410500e-11
38 3 2.333600e-11
38 4 3.569800e-11
38 5 5.720000e-11
38 6 9.086800e-11
38 7 1.437100e-10
38 8 2.284000e-10
38 9 3.605000e-10
38 10 5.735700e-10
38 11 9.080600e-10
38 12 1.438950e-09
38 13 2.278060e-09
38 14 3.616390e-09
38 15 5.724010e-09
38 16 9.079500e-09
38 17 1.439000e-08
38 18 2.280840e-08
38 19 3.612350e-08
38 20 5.729410e-08
38 21 9.135590e-08
38 22 1.495030e-07
38 23 2.682520e-07
38 24 5.743720e-07
38 25 1.478470e-06
38 26 4.343970e-06
38 27 1.384860e-05
38 28 4.592080e-05
38 29 1.458760e-04
38 30 4.352270e-04
38 31 1.260570e-03
38 32 3.627900e-03
38 33 1.040950e-02
38 34 2.897990e-02
38 35 7.416520e-02
38 36 1.649630e-01
38 37 3.064240e-01
38 38 3.326070e-01
38 39 5.651060e-02
38 40 1.958200e-03
39 1 8.497500e-12
39 2 4.864300e-12
39 3 8.047900e-12
39 4 1.231100e-11
39 5 1.972600e-11
39 6 3.133700e-11
39 7 4.956200e-11
39 8 7.876600e-11
39 9 1.243200e-10
39 10 1.978100e-10
39 11 3.131600e-10
39 12 4.962400e-10
39 13 7.856200e-10
39 14 1.247170e-09
39 15 1.974020e-09
39 16 3.131210e-09
39 17 4.962630e-09
39 18 7.865860e-09
39 19 1.245780e-08
39 20 1.975500e-08
39 21 3.130240e-08
39 22 4.962090e-08
39 23 7.864960e-08
39 24 1.257200e-07
39 25 2.138510e-07
39 26 4.461120e-07
39 27 1.312010e-06
39 28 5.014700e-06
39 29 2.100640e-05
39 30 7.914630e-05
39 31 2.635820e-04
39 32 8.391620e-04
39 33 2.668940e-03
39 34 8.542690e-03
39 35 2.651760e-02
39 36 7.418510e-02
39 37 1.736380e-01
39 38 3.245250e-01
39 39 3.303610e-01
39 40 4.026860e-02
40 1 3.236600e-12
40 2 1.852800e-12
40 3 3.065400e-12
40 4 4.689200e-12
40 5 7.513600e-12
40 6 1.193600e-11
40 7 1.887800e-11
40 8 3.000200e-11
40 9 4.735400e-11
40 10 7.534300e-11
40 11 1.192800e-10
40 12 1.890200e-10
40 13 2.992400e-10
40 14 4.750400e-10
40 15 7.518900e-10
40 16 1.192670e-09
40 17 1.890240e-09
40 18 2.996070e-09
40 19 4.745110e-09
40 20 7.524600e-09
40 21 1.192290e-08
40 22 1.890040e-08
40 23 2.995500e-08
40 24 4.746960e-08
40 25 7.523840e-08
40 26 1.198960e-07
40 27 2.034260e-07
40 28 4.361960e-07
40 29 1.455400e-06
40 30 6.962530e-06
40 31 3.147450e-05
40 32 1.217610e-04
40 33 4.511640e-04
40 34 1.701390e-03
40 35 6.516860e-03
40 36 2.370050e-02
40 37 7.425790e-02
40 38 1.834100e-01
40 39 3.418630e-01
40 40 3.507940e-01
