1 6.845890e-01
2 6.107970e-01
3 5.440750e-01
4 4.846730e-01
5 4.322260e-01
6 3.852350e-01
7 3.433270e-01
8 3.058830e-01
9 2.727080e-01
10 2.430030e-01
11 2.165280e-01
12 1.930400e-01
13 1.720180e-01
14 1.533340e-01
15 1.366320e-01
16 1.217940e-01
17 1.085510e-01
18 9.671800e-02
19 8.622900e-02
20 7.683590e-02
21 6.847250e-02
22 6.104580e-02
23 5.439510e-02
24 4.847590e-02
25 4.321270e-02
26 3.851810e-02
27 3.432360e-02
28 3.058970e-02
29 2.727320e-02
30 2.430280e-02
31 2.166010e-02
32 1.931850e-02
33 1.722530e-02
34 1.536050e-02
35 1.368840e-02
36 1.221340e-02
37 1.091320e-02
38 9.756750e-03
39 8.676600e-03
40 7.713450e-03
