1 1.095350e+01
2 9.781210e+00
3 8.722230e+00
4 7.780590e+00
5 6.950460e+00
6 6.208120e+00
7 5.547700e+00
8 4.959390e+00
9 4.440190e+00
10 3.977480e+00
11 3.567560e+00
12 3.206650e+00
13 2.886620e+00
14 2.605520e+00
15 2.357860e+00
16 2.141830e+00
17 1.953270e+00
18 1.789340e+00
19 1.648920e+00
20 1.528140e+00
21 1.425780e+00
22 1.340100e+00
23 1.268380e+00
24 1.209400e+00
25 1.161430e+00
26 1.122630e+00
27 1.091400e+00
28 1.066520e+00
29 1.046860e+00
30 1.031190e+00
31 1.018860e+00
32 1.009250e+00
33 1.001720e+00
34 9.959700e-01
35 9.916250e-01
36 9.884890e-01
37 9.863990e-01
38 9.852280e-01
39 9.848060e-01
40 9.849780e-01
