1 1 2.392280e-02
1 2 8.862460e-03
1 3 1.163030e-02
1 4 1.410810e-02
1 5 1.795800e-02
1 6 2.261810e-02
1 7 2.835280e-02
1 8 3.569360e-02
1 9 4.461050e-02
1 10 5.615060e-02
1 11 7.023700e-02
1 12 8.783880e-02
1 13 1.095820e-01
1 14 1.367820e-01
1 15 1.697790e-01
1 16 2.104990e-01
1 17 2.596590e-01
1 18 3.186450e-01
1 19 3.881670e-01
1 20 4.695120e-01
1 21 5.615430e-01
1 22 6.631090e-01
1 23 7.699750e-01
1 24 8.755060e-01
1 25 9.698060e-01
1 26 1.039460e+00
1 27 1.068950e+00
1 28 1.043200e+00
1 29 9.535040e-01
1 30 8.027120e-01
1 31 6.095270e-01
1 32 4.066680e-01
1 33 2.307870e-01
1 34 1.069720e-01
1 35 3.851120e-02
1 36 1.011940e-02
1 37 1.797000e-03
1 38 1.960700e-04
1 39 1.176090e-05
1 40 5.342780e-07
2 1 1.899300e-02
2 2 7.726300e-03
2 3 1.037810e-02
2 4 1.259530e-02
2 5 1.603230e-02
2 6 2.019280e-02
2 7 2.531250e-02
2 8 3.186620e-02
2 9 3.982690e-02
2 10 5.012970e-02
2 11 6.270580e-02
2 12 7.842080e-02
2 13 9.783290e-02
2 14 1.221150e-01
2 15 1.515750e-01
2 16 1.879300e-01
2 17 2.318190e-01
2 18 2.844870e-01
2 19 3.465670e-01
2 20 4.191940e-01
2 21 5.013620e-01
2 22 5.920480e-01
2 23 6.874700e-01
2 24 7.817090e-01
2 25 8.659160e-01
2 26 9.281450e-01
2 27 9.545330e-01
2 28 9.315960e-01
2 29 8.515590e-01
2 30 7.169580e-01
2 31 5.444770e-01
2 32 3.633220e-01
2 33 2.062270e-01
2 34 9.561150e-02
2 35 3.443140e-02
2 36 9.050680e-03
2 37 1.607960e-03
2 38 1.755370e-04
2 39 1.054550e-05
2 40 4.789360e-07
3 1 1.498280e-02
3 2 6.272820e-03
3 3 9.037120e-03
3 4 1.122450e-02
3 5 1.429250e-02
3 6 1.800130e-02
3 7 2.256550e-02
3 8 2.840790e-02
3 9 3.550470e-02
3 10 4.468950e-02
3 11 5.590080e-02
3 12 6.991090e-02
3 13 8.721670e-02
3 14 1.088630e-01
3 15 1.351270e-01
3 16 1.675370e-01
3 17 2.066640e-01
3 18 2.536210e-01
3 19 3.089770e-01
3 20 3.737320e-01
3 21 4.469890e-01
3 22 5.278450e-01
3 23 6.129290e-01
3 24 6.969680e-01
3 25 7.720740e-01
3 26 8.275960e-01
3 27 8.511750e-01
3 28 8.307860e-01
3 29 7.594820e-01
3 30 6.395130e-01
3 31 4.857380e-01
3 32 3.241890e-01
3 33 1.840590e-01
3 34 8.535950e-02
3 35 3.075100e-02
3 36 8.087030e-03
3 37 1.437540e-03
3 38 1.570390e-04
3 39 9.473040e-06
3 40 4.330970e-07
4 1 1.168710e-02
4 2 4.933490e-03
4 3 7.331350e-03
4 4 9.792530e-03
4 5 1.274150e-02
4 6 1.605210e-02
4 7 2.012190e-02
4 8 2.533170e-02
4 9 3.166010e-02
4 10 3.985040e-02
4 11 4.984770e-02
4 12 6.234100e-02
4 13 7.777310e-02
4 14 9.707670e-02
4 15 1.204960e-01
4 16 1.493970e-01
4 17 1.842910e-01
4 18 2.261650e-01
4 19 2.755340e-01
4 20 3.332970e-01
4 21 3.986290e-01
4 22 4.707430e-01
4 23 5.466340e-01
4 24 6.216010e-01
4 25 6.886370e-01
4 26 7.382000e-01
4 27 7.592680e-01
4 28 7.411510e-01
4 29 6.776220e-01
4 30 5.706720e-01
4 31 4.335340e-01
4 32 2.894170e-01
4 33 1.643670e-01
4 34 7.625620e-02
4 35 2.748450e-02
4 36 7.232230e-03
4 37 1.286430e-03
4 38 1.406490e-04
4 39 8.552130e-06
4 40 3.978260e-07
5 1 9.405130e-03
5 2 3.927370e-03
5 3 5.822200e-03
5 4 7.966340e-03
5 5 1.113690e-02
5 6 1.433050e-02
5 7 1.796700e-02
5 8 2.261870e-02
5 9 2.826950e-02
5 10 3.558270e-02
5 11 4.450960e-02
5 12 5.566510e-02
5 13 6.944500e-02
5 14 8.668240e-02
5 15 1.075950e-01
5 16 1.334010e-01
5 17 1.645590e-01
5 18 2.019530e-01
5 19 2.460400e-01
5 20 2.976370e-01
5 21 3.559850e-01
5 22 4.203910e-01
5 23 4.881760e-01
5 24 5.551450e-01
5 25 6.150550e-01
5 26 6.593800e-01
5 27 6.782470e-01
5 28 6.621420e-01
5 29 6.054760e-01
5 30 5.100100e-01
5 31 3.875430e-01
5 32 2.587930e-01
5 33 1.470300e-01
5 34 6.824500e-02
5 35 2.461150e-02
5 36 6.480750e-03
5 37 1.153720e-03
5 38 1.262770e-04
5 39 7.721820e-06
5 40 3.632520e-07
6 1 7.465870e-03
6 2 3.102170e-03
6 3 4.604860e-03
6 4 6.308950e-03
6 5 9.046350e-03
6 6 1.252980e-02
6 7 1.603720e-02
6 8 2.019180e-02
6 9 2.523610e-02
6 10 3.176470e-02
6 11 3.973380e-02
6 12 4.969270e-02
6 13 6.199460e-02
6 14 7.738300e-02
6 15 9.605300e-02
6 16 1.190920e-01
6 17 1.469080e-01
6 18 1.802940e-01
6 19 2.196550e-01
6 20 2.657310e-01
6 21 3.178390e-01
6 22 3.753510e-01
6 23 4.358870e-01
6 24 4.957040e-01
6 25 5.492340e-01
6 26 5.888790e-01
6 27 6.057990e-01
6 28 5.915040e-01
6 29 5.409840e-01
6 30 4.557970e-01
6 31 3.464530e-01
6 32 2.314420e-01
6 33 1.315540e-01
6 34 6.109780e-02
6 35 2.205020e-02
6 36 5.811210e-03
6 37 1.035650e-03
6 38 1.135190e-04
6 39 6.959710e-06
6 40 3.276780e-07
7 1 5.751600e-03
7 2 2.381390e-03
7 3 3.575430e-03
7 4 4.943330e-03
7 5 7.129850e-03
7 6 1.015630e-02
7 7 1.403240e-02
7 8 1.802990e-02
7 9 2.253580e-02
7 10 2.836580e-02
7 11 3.548250e-02
7 12 4.437590e-02
7 13 5.536180e-02
7 14 6.910450e-02
7 15 8.577780e-02
7 16 1.063540e-01
7 17 1.311970e-01
7 18 1.610140e-01
7 19 1.961710e-01
7 20 2.373240e-01
7 21 2.838880e-01
7 22 3.352640e-01
7 23 3.893490e-01
7 24 4.428100e-01
7 25 4.906830e-01
7 26 5.261430e-01
7 27 5.413540e-01
7 28 5.286780e-01
7 29 4.836320e-01
7 30 4.076000e-01
7 31 3.099360e-01
7 32 2.071460e-01
7 33 1.178140e-01
7 34 5.475740e-02
7 35 1.977950e-02
7 36 5.218390e-03
7 37 9.313430e-04
7 38 1.022640e-04
7 39 6.313360e-06
7 40 2.964300e-07
8 1 4.500640e-03
8 2 1.863860e-03
8 3 2.801070e-03
8 4 3.883330e-03
8 5 5.613310e-03
8 6 8.012030e-03
8 7 1.135920e-02
8 8 1.577850e-02
8 9 2.012750e-02
8 10 2.533560e-02
8 11 3.169220e-02
8 12 3.963580e-02
8 13 4.944860e-02
8 14 6.172390e-02
8 15 7.661760e-02
8 16 9.499800e-02
8 17 1.171910e-01
8 18 1.438280e-01
8 19 1.752370e-01
8 20 2.120020e-01
8 21 2.536210e-01
8 22 2.995360e-01
8 23 3.478760e-01
8 24 3.956780e-01
8 25 4.385120e-01
8 26 4.702580e-01
8 27 4.839500e-01
8 28 4.727340e-01
8 29 4.325780e-01
8 30 3.647040e-01
8 31 2.774490e-01
8 32 1.855440e-01
8 33 1.056070e-01
8 34 4.912900e-02
8 35 1.776610e-02
8 36 4.693690e-03
8 37 8.391880e-04
8 38 9.234170e-05
8 39 5.735520e-06
8 40 2.691020e-07
9 1 3.682870e-03
9 2 1.495170e-03
9 3 2.210010e-03
9 4 3.042080e-03
9 5 4.413600e-03
9 6 6.323520e-03
9 7 8.984290e-03
9 8 1.279590e-02
9 9 1.764930e-02
9 10 2.265800e-02
9 11 2.834350e-02
9 12 3.544800e-02
9 13 4.422460e-02
9 14 5.520350e-02
9 15 6.852520e-02
9 16 8.496570e-02
9 17 1.048180e-01
9 18 1.286460e-01
9 19 1.567460e-01
9 20 1.896380e-01
9 21 2.268800e-01
9 22 2.679830e-01
9 23 3.112570e-01
9 24 3.540670e-01
9 25 3.924500e-01
9 26 4.209440e-01
9 27 4.332960e-01
9 28 4.233890e-01
9 29 3.875680e-01
9 30 3.268980e-01
9 31 2.488310e-01
9 32 1.665300e-01
9 33 9.487360e-02
9 34 4.418620e-02
9 35 1.600080e-02
9 36 4.234780e-03
9 37 7.587860e-04
9 38 8.371330e-05
9 39 5.218160e-06
9 40 2.455920e-07
10 1 2.884530e-03
10 2 1.169360e-03
10 3 1.735470e-03
10 4 2.393860e-03
10 5 3.471270e-03
10 6 4.980420e-03
10 7 7.086670e-03
10 8 1.010590e-02
10 9 1.429120e-02
10 10 1.987240e-02
10 11 2.535550e-02
10 12 3.171150e-02
10 13 3.956340e-02
10 14 4.938600e-02
10 15 6.130490e-02
10 16 7.601520e-02
10 17 9.377850e-02
10 18 1.151030e-01
10 19 1.402500e-01
10 20 1.696920e-01
10 21 2.030220e-01
10 22 2.398400e-01
10 23 2.786030e-01
10 24 3.169690e-01
10 25 3.513900e-01
10 26 3.770010e-01
10 27 3.881710e-01
10 28 3.794320e-01
10 29 3.474950e-01
10 30 2.932690e-01
10 31 2.233860e-01
10 32 1.496390e-01
10 33 8.535020e-02
10 34 3.980710e-02
10 35 1.444030e-02
10 36 3.830160e-03
10 37 6.881150e-04
10 38 7.616420e-05
10 39 4.772780e-06
10 40 2.252970e-07
11 1 2.227210e-03
11 2 9.023910e-04
11 3 1.336140e-03
11 4 1.838670e-03
11 5 2.667690e-03
11 6 3.853070e-03
11 7 5.526060e-03
11 8 7.921680e-03
11 9 1.124430e-02
11 10 1.605820e-02
11 11 2.225150e-02
11 12 2.839710e-02
11 13 3.542880e-02
11 14 4.422580e-02
11 15 5.490050e-02
11 16 6.807590e-02
11 17 8.398760e-02
11 18 1.030900e-01
11 19 1.256210e-01
11 20 1.520030e-01
11 21 1.818710e-01
11 22 2.148830e-01
11 23 2.496550e-01
11 24 2.840890e-01
11 25 3.150080e-01
11 26 3.380710e-01
11 27 3.482140e-01
11 28 3.405250e-01
11 29 3.120490e-01
11 30 2.635490e-01
11 31 2.009260e-01
11 32 1.347440e-01
11 33 7.696550e-02
11 34 3.595990e-02
11 35 1.307320e-02
11 36 3.476980e-03
11 37 6.267260e-04
11 38 6.965340e-05
11 39 4.390700e-06
11 40 2.081400e-07
12 1 1.822080e-03
12 2 7.372710e-04
12 3 1.087220e-03
12 4 1.485050e-03
12 5 2.129590e-03
12 6 3.026580e-03
12 7 4.313180e-03
12 8 6.210140e-03
12 9 8.852870e-03
12 10 1.266930e-02
12 11 1.800670e-02
12 12 2.497110e-02
12 13 3.178240e-02
12 14 3.967480e-02
12 15 4.925240e-02
12 16 6.107460e-02
12 17 7.535360e-02
12 18 9.249790e-02
12 19 1.127220e-01
12 20 1.364070e-01
12 21 1.632330e-01
12 22 1.928830e-01
12 23 2.241480e-01
12 24 2.551230e-01
12 25 2.829660e-01
12 26 3.037920e-01
12 27 3.130490e-01
12 28 3.063170e-01
12 29 2.809090e-01
12 30 2.374660e-01
12 31 1.812510e-01
12 32 1.217140e-01
12 33 6.964720e-02
12 34 3.261240e-02
12 35 1.188830e-02
12 36 3.172420e-03
12 37 5.741670e-04
12 38 6.413700e-05
12 39 4.066960e-06
12 40 1.940240e-07
13 1 1.355100e-03
13 2 5.484460e-04
13 3 8.086450e-04
13 4 1.103050e-03
13 5 1.581700e-03
13 6 2.262340e-03
13 7 3.246520e-03
13 8 4.713130e-03
13 9 6.809380e-03
13 10 9.848260e-03
13 11 1.409030e-02
13 12 2.012300e-02
13 13 2.795860e-02
13 14 3.563400e-02
13 15 4.423730e-02
13 16 5.485830e-02
13 17 6.768770e-02
13 18 8.309420e-02
13 19 1.012710e-01
13 20 1.225640e-01
13 21 1.466900e-01
13 22 1.733660e-01
13 23 2.015170e-01
13 24 2.294310e-01
13 25 2.545640e-01
13 26 2.734120e-01
13 27 2.819060e-01
13 28 2.760480e-01
13 29 2.533800e-01
13 30 2.144340e-01
13 31 1.639040e-01
13 32 1.102560e-01
13 33 6.322710e-02
13 34 2.968680e-02
13 35 1.085800e-02
13 36 2.909430e-03
13 37 5.292300e-04
13 38 5.948650e-05
13 39 3.799160e-06
13 40 1.825690e-07
14 1 1.146290e-03
14 2 4.639130e-04
14 3 6.839150e-04
14 4 9.327200e-04
14 5 1.334390e-03
14 6 1.894010e-03
14 7 2.683980e-03
14 8 3.826680e-03
14 9 5.425070e-03
14 10 7.801280e-03
14 11 1.114590e-02
14 12 1.588740e-02
14 13 2.260260e-02
14 14 3.142200e-02
14 15 3.982040e-02
14 16 4.938320e-02
14 17 6.093650e-02
14 18 7.481280e-02
14 19 9.118960e-02
14 20 1.103790e-01
14 21 1.321300e-01
14 22 1.561950e-01
14 23 1.816110e-01
14 24 2.068440e-01
14 25 2.296120e-01
14 26 2.467360e-01
14 27 2.545870e-01
14 28 2.495290e-01
14 29 2.292980e-01
14 30 1.943240e-01
14 31 1.487970e-01
14 32 1.003140e-01
14 33 5.767870e-02
14 34 2.717310e-02
14 35 9.979740e-03
14 36 2.687640e-03
14 37 4.919070e-04
14 38 5.570910e-05
14 39 3.588440e-06
14 40 1.738910e-07
15 1 9.037330e-04
15 2 3.657720e-04
15 3 5.392630e-04
15 4 7.354720e-04
15 5 1.051840e-03
15 6 1.490840e-03
15 7 2.106780e-03
15 8 3.003240e-03
15 9 4.274330e-03
15 10 6.145500e-03
15 11 8.773250e-03
15 12 1.250720e-02
15 13 1.779070e-02
15 14 2.537440e-02
15 15 3.517380e-02
15 16 4.455180e-02
15 17 5.497900e-02
15 18 6.750620e-02
15 19 8.229520e-02
15 20 9.963010e-02
15 21 1.192920e-01
15 22 1.410610e-01
15 23 1.640680e-01
15 24 1.869560e-01
15 25 2.076540e-01
15 26 2.232870e-01
15 27 2.305890e-01
15 28 2.262680e-01
15 29 2.082090e-01
15 30 1.767610e-01
15 31 1.356390e-01
15 32 9.169350e-02
15 33 5.289410e-02
15 34 2.502230e-02
15 35 9.236380e-03
15 36 2.502810e-03
15 37 4.615280e-04
15 38 5.274530e-05
15 39 3.432930e-06
15 40 1.680450e-07
16 1 6.981000e-04
16 2 2.826280e-04
16 3 4.166780e-04
16 4 5.683180e-04
16 5 8.128110e-04
16 6 1.151850e-03
16 7 1.625850e-03
16 8 2.311430e-03
16 9 3.280950e-03
16 10 4.718520e-03
16 11 6.773190e-03
16 12 9.725090e-03
16 13 1.390410e-02
16 14 1.988980e-02
16 15 2.835820e-02
16 16 3.945450e-02
16 17 4.977560e-02
16 18 6.112450e-02
16 19 7.452820e-02
16 20 9.024650e-02
16 21 1.080850e-01
16 22 1.278580e-01
16 23 1.487800e-01
16 24 1.696290e-01
16 25 1.885400e-01
16 26 2.029080e-01
16 27 2.097720e-01
16 28 2.061200e-01
16 29 1.899920e-01
16 30 1.616380e-01
16 31 1.243610e-01
16 32 8.434820e-02
16 33 4.885470e-02
16 34 2.322690e-02
16 35 8.626580e-03
16 36 2.355070e-03
16 37 4.382410e-04
16 38 5.063260e-05
16 39 3.336640e-06
16 40 1.653110e-07
17 1 5.670870e-04
17 2 2.295720e-04
17 3 3.384610e-04
17 4 4.615840e-04
17 5 6.601530e-04
17 6 9.354950e-04
17 7 1.320240e-03
17 8 1.874340e-03
17 9 2.649070e-03
17 10 3.784710e-03
17 11 5.393440e-03
17 12 7.697720e-03
17 13 1.096540e-02
17 14 1.565380e-02
17 15 2.228010e-02
17 16 3.181560e-02
17 17 4.420700e-02
17 18 5.554410e-02
17 19 6.773770e-02
17 20 8.204680e-02
17 21 9.829860e-02
17 22 1.163160e-01
17 23 1.354430e-01
17 24 1.545280e-01
17 25 1.719080e-01
17 26 1.852090e-01
17 27 1.917280e-01
17 28 1.887060e-01
17 29 1.743090e-01
17 30 1.486840e-01
17 31 1.147670e-01
17 32 7.815420e-02
17 33 4.549380e-02
17 34 2.176050e-02
17 35 8.142370e-03
17 36 2.242960e-03
17 37 4.219280e-04
17 38 4.938160e-05
17 39 3.301750e-06
17 40 1.659140e-07
18 1 4.393140e-04
18 2 1.778360e-04
18 3 2.621910e-04
18 4 3.576010e-04
18 5 5.114240e-04
18 6 7.247650e-04
18 7 1.022870e-03
18 8 1.451110e-03
18 9 2.047640e-03
18 10 2.920140e-03
18 11 4.158010e-03
18 12 5.946020e-03
18 13 8.505720e-03
18 14 1.218520e-02
18 15 1.738880e-02
18 16 2.486660e-02
18 17 3.557240e-02
18 18 4.949800e-02
18 19 6.184610e-02
18 20 7.493600e-02
18 21 8.981210e-02
18 22 1.063400e-01
18 23 1.238960e-01
18 24 1.414810e-01
18 25 1.575640e-01
18 26 1.699780e-01
18 27 1.762360e-01
18 28 1.738220e-01
18 29 1.609680e-01
18 30 1.377420e-01
18 31 1.067420e-01
18 32 7.304030e-02
18 33 4.277310e-02
18 34 2.060870e-02
18 35 7.780540e-03
18 36 2.166430e-03
18 37 4.128150e-04
18 38 4.905960e-05
18 39 3.336390e-06
18 40 1.705220e-07
19 1 3.266330e-04
19 2 1.323290e-04
19 3 1.951130e-04
19 4 2.661280e-04
19 5 3.806470e-04
19 6 5.394890e-04
19 7 7.614820e-04
19 8 1.080470e-03
19 9 1.523600e-03
19 10 2.169280e-03
19 11 3.084520e-03
19 12 4.414250e-03
19 13 6.350880e-03
19 14 9.211100e-03
19 15 1.330550e-02
19 16 1.918530e-02
19 17 2.759280e-02
19 18 3.970090e-02
19 19 5.537600e-02
19 20 6.889300e-02
19 21 8.261370e-02
19 22 9.788750e-02
19 23 1.141410e-01
19 24 1.304640e-01
19 25 1.454740e-01
19 26 1.571880e-01
19 27 1.632840e-01
19 28 1.614460e-01
19 29 1.499650e-01
19 30 1.288130e-01
19 31 1.002930e-01
19 32 6.902500e-02
19 33 4.070970e-02
19 34 1.978530e-02
19 35 7.549030e-03
19 36 2.128840e-03
19 37 4.118670e-04
19 38 4.983810e-05
19 39 3.457540e-06
19 40 1.801720e-07
20 1 2.666760e-04
20 2 1.080140e-04
20 3 1.592470e-04
20 4 2.172030e-04
20 5 3.106720e-04
20 6 4.402510e-04
20 7 6.213410e-04
20 8 8.814330e-04
20 9 1.242500e-03
20 10 1.766660e-03
20 11 2.501110e-03
20 12 3.550560e-03
20 13 5.048050e-03
20 14 7.207560e-03
20 15 1.032460e-02
20 16 1.489610e-02
20 17 2.144020e-02
20 18 3.084280e-02
20 19 4.440030e-02
20 20 6.198000e-02
20 21 7.645670e-02
20 22 9.066200e-02
20 23 1.058190e-01
20 24 1.211040e-01
20 25 1.352480e-01
20 26 1.464280e-01
20 27 1.524690e-01
20 28 1.512060e-01
20 29 1.409820e-01
20 30 1.216610e-01
20 31 9.526820e-02
20 32 6.602950e-02
20 33 3.927580e-02
20 34 1.928790e-02
20 35 7.451870e-03
20 36 2.132980e-03
20 37 4.199930e-04
20 38 5.187910e-05
20 39 3.680360e-06
20 40 1.957490e-07
21 1 2.101640e-04
21 2 8.515190e-05
21 3 1.255440e-04
21 4 1.712260e-04
21 5 2.449040e-04
21 6 3.470770e-04
21 7 4.898350e-04
21 8 6.949190e-04
21 9 9.796700e-04
21 10 1.392830e-03
21 11 1.971590e-03
21 12 2.797090e-03
21 13 3.974350e-03
21 14 5.683050e-03
21 15 8.121980e-03
21 16 1.163460e-02
21 17 1.666550e-02
21 18 2.391650e-02
21 19 3.437630e-02
21 20 4.963190e-02
21 21 6.926360e-02
21 22 8.469780e-02
21 23 9.897180e-02
21 24 1.134440e-01
21 25 1.269300e-01
21 26 1.377440e-01
21 27 1.438450e-01
21 28 1.431550e-01
21 29 1.340770e-01
21 30 1.163430e-01
21 31 9.172310e-02
21 32 6.410310e-02
21 33 3.851450e-02
21 34 1.914550e-02
21 35 7.505390e-03
21 36 2.185840e-03
21 37 4.392420e-04
21 38 5.555790e-05
21 39 4.043710e-06
21 40 2.201380e-07
22 1 1.609660e-04
22 2 6.523220e-05
22 3 9.617640e-05
22 4 1.311800e-04
22 5 1.876240e-04
22 6 2.659030e-04
22 7 3.753040e-04
22 8 5.324530e-04
22 9 7.506950e-04
22 10 1.067420e-03
22 11 1.511150e-03
22 12 2.143400e-03
22 13 3.042890e-03
22 14 4.346240e-03
22 15 6.211520e-03
22 16 8.911770e-03
22 17 1.278230e-02
22 18 1.836090e-02
22 19 2.641760e-02
22 20 3.817990e-02
22 21 5.533630e-02
22 22 7.740010e-02
22 23 9.358990e-02
22 24 1.074610e-01
22 25 1.205040e-01
22 26 1.311370e-01
22 27 1.374040e-01
22 28 1.373150e-01
22 29 1.292830e-01
22 30 1.129090e-01
22 31 8.972310e-02
22 32 6.331340e-02
22 33 3.848820e-02
22 34 1.940270e-02
22 35 7.735170e-03
22 36 2.298120e-03
22 37 4.727070e-04
22 38 6.143500e-05
22 39 4.604350e-06
22 40 2.572900e-07
23 1 1.191220e-04
23 2 4.827960e-05
23 3 7.118490e-05
23 4 9.709660e-05
23 5 1.388870e-04
23 6 1.968510e-04
23 7 2.778740e-04
23 8 3.942960e-04
23 9 5.560090e-04
23 10 7.908050e-04
23 11 1.119880e-03
23 12 1.588970e-03
23 13 2.255330e-03
23 14 3.216530e-03
23 15 4.590800e-03
23 16 6.599230e-03
23 17 9.524000e-03
23 18 1.379090e-02
23 19 1.996720e-02
23 20 2.898520e-02
23 21 4.216030e-02
23 22 6.157380e-02
23 23 8.639340e-02
23 24 1.030770e-01
23 25 1.158960e-01
23 26 1.265200e-01
23 27 1.330940e-01
23 28 1.336440e-01
23 29 1.265870e-01
23 30 1.113780e-01
23 31 8.931640e-02
23 32 6.372810e-02
23 33 3.926510e-02
23 34 2.011450e-02
23 35 8.174430e-03
23 36 2.484520e-03
23 37 5.248370e-04
23 38 7.035660e-05
23 39 5.450400e-06
23 40 3.137380e-07
24 1 9.005160e-05
24 2 3.655260e-05
24 3 5.389420e-05
24 4 7.351300e-05
24 5 1.051510e-04
24 6 1.490510e-04
24 7 2.104120e-04
24 8 2.985760e-04
24 9 4.210940e-04
24 10 5.989500e-04
24 11 8.483060e-04
24 12 1.203940e-03
24 13 1.709020e-03
24 14 2.436290e-03
24 15 3.471460e-03
24 16 4.976070e-03
24 17 7.161200e-03
24 18 1.035830e-02
24 19 1.502390e-02
24 20 2.185550e-02
24 21 3.184650e-02
24 22 4.660750e-02
24 23 6.849600e-02
24 24 9.630650e-02
24 25 1.130630e-01
24 26 1.238890e-01
24 27 1.309390e-01
24 28 1.322340e-01
24 29 1.261250e-01
24 30 1.119350e-01
24 31 9.071570e-02
24 32 6.556100e-02
24 33 4.102280e-02
24 34 2.140650e-02
24 35 8.891210e-03
24 36 2.772890e-03
24 37 6.035750e-04
24 38 8.376420e-05
24 39 6.725980e-06
24 40 3.997200e-07
25 1 6.679780e-05
25 2 2.714110e-05
25 3 4.002120e-05
25 4 5.459310e-05
25 5 7.809410e-05
25 6 1.106960e-04
25 7 1.562820e-04
25 8 2.218000e-04
25 9 3.128350e-04
25 10 4.450570e-04
25 11 6.305060e-04
25 12 8.950080e-04
25 13 1.270970e-03
25 14 1.812580e-03
25 15 2.582290e-03
25 16 3.698340e-03
25 17 5.318910e-03
25 18 7.689970e-03
25 19 1.116140e-02
25 20 1.626900e-02
25 21 2.376430e-02
25 22 3.486300e-02
25 23 5.137710e-02
25 24 7.607350e-02
25 25 1.072440e-01
25 26 1.234510e-01
25 27 1.311680e-01
25 28 1.333440e-01
25 29 1.281970e-01
25 30 1.148970e-01
25 31 9.423810e-02
25 32 6.910320e-02
25 33 4.400000e-02
25 34 2.344440e-02
25 35 9.979930e-03
25 36 3.203830e-03
25 37 7.213010e-04
25 38 1.040760e-04
25 39 8.704920e-06
25 40 5.349020e-07
26 1 4.517210e-05
26 2 1.838390e-05
26 3 2.711030e-05
26 4 3.698610e-05
26 5 5.291790e-05
26 6 7.503070e-05
26 7 1.059580e-04
26 8 1.504360e-04
26 9 2.122910e-04
26 10 3.021900e-04
26 11 4.284030e-04
26 12 6.086850e-04
26 13 8.653210e-04
26 14 1.235640e-03
26 15 1.762970e-03
26 16 2.527330e-03
26 17 3.633020e-03
26 18 5.258170e-03
26 19 7.672390e-03
26 20 1.131560e-02
26 21 1.681690e-02
26 22 2.511190e-02
26 23 3.750220e-02
26 24 5.612420e-02
26 25 8.429370e-02
26 26 1.195080e-01
26 27 1.344170e-01
26 28 1.376060e-01
26 29 1.334450e-01
26 30 1.208600e-01
26 31 1.004330e-01
26 32 7.481420e-02
26 33 4.854710e-02
26 34 2.646160e-02
26 35 1.157620e-02
26 36 3.838290e-03
26 37 8.978580e-04
26 38 1.354920e-04
26 39 1.188230e-05
26 40 7.583960e-07
27 1 3.324870e-05
27 2 1.360030e-05
27 3 2.005570e-05
27 4 2.736290e-05
27 5 3.915200e-05
27 6 5.551100e-05
27 7 7.839650e-05
27 8 1.113040e-04
27 9 1.570710e-04
27 10 2.236180e-04
27 11 3.170420e-04
27 12 4.505100e-04
27 13 6.406130e-04
27 14 9.150780e-04
27 15 1.306160e-03
27 16 1.873530e-03
27 17 2.693690e-03
27 18 3.890110e-03
27 19 5.648640e-03
27 20 8.276610e-03
27 21 1.222230e-02
27 22 1.819860e-02
27 23 2.723210e-02
27 24 4.088240e-02
27 25 6.164280e-02
27 26 9.335160e-02
27 27 1.324680e-01
27 28 1.448650e-01
27 29 1.419320e-01
27 30 1.301580e-01
27 31 1.098160e-01
27 32 8.333090e-02
27 33 5.527440e-02
27 34 3.092150e-02
27 35 1.395110e-02
27 36 4.795260e-03
27 37 1.169650e-03
27 38 1.852180e-04
27 39 1.709020e-05
27 40 1.099230e-06
28 1 2.278540e-05
28 2 9.336570e-06
28 3 1.377040e-05
28 4 1.878890e-05
28 5 2.688560e-05
28 6 3.812820e-05
28 7 5.385720e-05
28 8 7.648410e-05
28 9 1.079650e-04
28 10 1.537530e-04
28 11 2.181030e-04
28 12 3.101020e-04
28 13 4.412370e-04
28 14 6.308440e-04
28 15 9.015070e-04
28 16 1.294860e-03
28 17 1.864840e-03
28 18 2.697450e-03
28 19 3.919030e-03
28 20 5.741220e-03
28 21 8.480390e-03
28 22 1.267480e-02
28 23 1.911880e-02
28 24 2.896530e-02
28 25 4.406590e-02
28 26 6.732320e-02
28 27 1.032130e-01
28 28 1.467700e-01
28 29 1.552320e-01
28 30 1.442590e-01
28 31 1.236820e-01
28 32 9.573970e-02
28 33 6.504590e-02
28 34 3.745130e-02
28 35 1.747990e-02
28 36 6.253260e-03
28 37 1.597990e-03
28 38 2.671960e-04
28 39 2.621800e-05
28 40 1.632760e-06
29 1 1.428750e-05
29 2 5.901620e-06
29 3 8.704630e-06
29 4 1.187900e-05
29 5 1.700200e-05
29 6 2.411650e-05
29 7 3.407840e-05
29 8 4.841760e-05
29 9 6.838320e-05
29 10 9.745580e-05
29 11 1.383520e-04
29 12 1.969110e-04
29 13 2.805560e-04
29 14 4.017120e-04
29 15 5.751320e-04
29 16 8.280890e-04
29 17 1.196100e-03
29 18 1.736230e-03
29 19 2.532650e-03
29 20 3.722650e-03
29 21 5.506570e-03
29 22 8.238680e-03
29 23 1.252000e-02
29 24 1.928680e-02
29 25 2.998780e-02
29 26 4.675520e-02
29 27 7.297480e-02
29 28 1.139280e-01
29 29 1.627000e-01
29 30 1.653040e-01
29 31 1.441330e-01
29 32 1.138700e-01
29 33 7.935080e-02
29 34 4.710570e-02
29 35 2.280830e-02
29 36 8.525520e-03
29 37 2.295330e-03
29 38 4.081680e-04
29 39 4.301220e-05
29 40 2.759070e-06
30 1 9.349710e-06
30 2 3.886390e-06
30 3 5.733300e-06
30 4 7.824720e-06
30 5 1.120100e-05
30 6 1.589010e-05
30 7 2.245810e-05
30 8 3.191630e-05
30 9 4.509090e-05
30 10 6.428830e-05
30 11 9.131960e-05
30 12 1.300600e-04
30 13 1.854660e-04
30 14 2.658640e-04
30 15 3.811570e-04
30 16 5.497150e-04
30 17 7.957010e-04
30 18 1.158000e-03
30 19 1.694550e-03
30 20 2.500600e-03
30 21 3.719160e-03
30 22 5.592560e-03
30 23 8.508240e-03
30 24 1.310180e-02
30 25 2.039950e-02
30 26 3.197820e-02
30 27 5.034610e-02
30 28 7.947090e-02
30 29 1.253750e-01
30 30 1.787550e-01
30 31 1.733210e-01
30 32 1.401980e-01
30 33 1.005450e-01
30 34 6.178560e-02
30 35 3.117170e-02
30 36 1.223000e-02
30 37 3.485010e-03
30 38 6.618960e-04
30 39 7.523770e-05
30 40 4.976240e-06
31 1 5.533850e-06
31 2 2.369330e-06
31 3 3.495940e-06
31 4 4.772460e-06
31 5 6.832880e-06
31 6 9.696470e-06
31 7 1.370770e-05
31 8 1.948840e-05
31 9 2.754850e-05
31 10 3.929790e-05
31 11 5.586520e-05
31 12 7.965040e-05
31 13 1.137170e-04
31 14 1.632580e-04
31 15 2.345100e-04
31 16 3.390020e-04
31 17 4.921340e-04
31 18 7.188220e-04
31 19 1.056520e-03
31 20 1.567440e-03
31 21 2.344850e-03
31 22 3.545210e-03
31 23 5.420630e-03
31 24 8.388940e-03
31 25 1.314820e-02
31 26 2.087270e-02
31 27 3.338850e-02
31 28 5.361220e-02
31 29 8.615280e-02
31 30 1.379220e-01
31 31 1.960860e-01
31 32 1.795700e-01
31 33 1.327150e-01
31 34 8.462150e-02
31 35 4.463040e-02
31 36 1.846290e-02
31 37 5.600360e-03
31 38 1.144280e-03
31 39 1.415700e-04
31 40 9.850090e-06
32 1 2.883930e-06
32 2 1.320230e-06
32 3 1.948650e-06
32 4 2.660780e-06
32 5 3.810820e-06
32 6 5.409900e-06
32 7 7.651830e-06
32 8 1.088490e-05
32 9 1.539780e-05
32 10 2.198590e-05
32 11 3.128790e-05
32 12 4.466660e-05
32 13 6.388290e-05
32 14 9.191270e-05
32 15 1.323740e-04
32 16 1.919940e-04
32 17 2.798420e-04
32 18 4.107290e-04
32 19 6.072950e-04
32 20 9.074600e-04
32 21 1.369150e-03
32 22 2.090710e-03
32 23 3.231620e-03
32 24 5.059440e-03
32 25 8.030470e-03
32 26 1.293240e-02
32 27 2.106160e-02
32 28 3.452460e-02
32 29 5.674600e-02
32 30 9.307640e-02
32 31 1.513880e-01
32 32 2.142870e-01
32 33 1.833340e-01
32 34 1.214870e-01
32 35 6.716870e-02
32 36 2.941360e-02
32 37 9.548980e-03
32 38 2.114080e-03
32 39 2.873110e-04
32 40 2.198530e-05
33 1 1.352820e-06
33 2 6.628110e-07
33 3 9.926100e-07
33 4 1.360870e-06
33 5 1.950390e-06
33 6 2.770230e-06
33 7 3.920430e-06
33 8 5.580880e-06
33 9 7.901190e-06
33 10 1.129380e-05
33 11 1.609470e-05
33 12 2.301560e-05
33 13 3.298390e-05
33 14 4.757750e-05
33 15 6.873800e-05
33 16 1.000810e-04
33 17 1.465770e-04
33 18 2.164000e-04
33 19 3.222240e-04
33 20 4.855900e-04
33 21 7.401650e-04
33 22 1.143950e-03
33 23 1.793160e-03
33 24 2.852340e-03
33 25 4.605150e-03
33 26 7.544660e-03
33 27 1.252660e-02
33 28 2.100810e-02
33 29 3.543150e-02
33 30 5.979240e-02
33 31 1.002770e-01
33 32 1.657230e-01
33 33 2.329570e-01
33 34 1.837430e-01
33 35 1.067120e-01
33 36 4.963350e-02
33 37 1.733190e-02
33 38 4.185720e-03
33 39 6.303780e-04
33 40 5.433330e-05
34 1 5.144470e-07
34 2 2.848610e-07
34 3 4.458610e-07
34 4 6.261680e-07
34 5 9.030060e-07
34 6 1.284190e-06
34 7 1.819030e-06
34 8 2.591790e-06
34 9 3.673620e-06
34 10 5.258130e-06
34 11 7.505140e-06
34 12 1.075500e-05
34 13 1.545280e-05
34 14 2.236170e-05
34 15 3.243620e-05
34 16 4.745380e-05
34 17 6.989970e-05
34 18 1.039200e-04
34 19 1.560350e-04
34 20 2.374790e-04
34 21 3.661940e-04
34 22 5.736270e-04
34 23 9.133660e-04
34 24 1.479540e-03
34 25 2.438800e-03
34 26 4.085090e-03
34 27 6.941070e-03
34 28 1.194050e-02
34 29 2.073340e-02
34 30 3.614320e-02
34 31 6.281520e-02
34 32 1.078660e-01
34 33 1.811010e-01
34 34 2.516080e-01
34 35 1.800060e-01
34 36 8.914120e-02
34 37 3.362400e-02
34 38 8.915520e-03
34 39 1.500680e-03
34 40 1.478940e-04
35 1 1.645980e-07
35 2 9.422010e-08
35 3 1.556140e-07
35 4 2.349080e-07
35 5 3.588850e-07
35 6 5.221680e-07
35 7 7.430550e-07
35 8 1.060490e-06
35 9 1.505400e-06
35 10 2.158690e-06
35 11 3.088290e-06
35 12 4.437440e-06
35 13 6.397150e-06
35 14 9.294350e-06
35 15 1.354900e-05
35 16 1.994380e-05
35 17 2.959420e-05
35 18 4.438200e-05
35 19 6.732280e-05
35 20 1.036860e-04
35 21 1.620940e-04
35 22 2.579640e-04
35 23 4.181870e-04
35 24 6.912250e-04
35 25 1.165600e-03
35 26 2.002640e-03
35 27 3.498970e-03
35 28 6.209910e-03
35 29 1.116170e-02
35 30 2.021700e-02
35 31 3.663130e-02
35 32 6.577610e-02
35 33 1.158000e-01
35 34 1.973030e-01
35 35 2.697140e-01
35 36 1.717620e-01
35 37 7.011250e-02
35 38 2.050110e-02
35 39 3.886390e-03
35 40 4.436480e-04
36 1 3.961330e-08
36 2 2.267610e-08
36 3 3.751740e-08
36 4 5.739140e-08
36 5 9.183990e-08
36 6 1.433680e-07
36 7 2.183830e-07
36 8 3.275890e-07
36 9 4.794290e-07
36 10 7.006740e-07
36 11 1.014110e-06
36 12 1.465740e-06
36 13 2.121360e-06
36 14 3.096590e-06
36 15 4.539680e-06
36 16 6.728640e-06
36 17 1.006940e-05
36 18 1.525800e-05
36 19 2.343860e-05
36 20 3.665030e-05
36 21 5.834100e-05
36 22 9.484570e-05
36 23 1.576490e-04
36 24 2.682950e-04
36 25 4.679360e-04
36 26 8.357640e-04
36 27 1.523620e-03
36 28 2.819540e-03
36 29 5.282030e-03
36 30 1.000740e-02
36 31 1.909410e-02
36 32 3.632480e-02
36 33 6.802380e-02
36 34 1.235940e-01
36 35 2.144120e-01
36 36 2.873350e-01
36 37 1.591080e-01
36 38 5.126670e-02
36 39 1.098280e-02
36 40 1.472230e-03
37 1 7.558420e-09
37 2 4.326710e-09
37 3 7.158500e-09
37 4 1.095060e-08
37 5 1.754630e-08
37 6 2.787420e-08
37 7 4.408460e-08
37 8 7.006150e-08
37 9 1.100150e-07
37 10 1.701540e-07
37 11 2.578420e-07
37 12 3.864860e-07
37 13 5.708950e-07
37 14 8.397120e-07
37 15 1.238330e-06
37 16 1.848250e-06
37 17 2.789770e-06
37 18 4.271800e-06
37 19 6.645930e-06
37 20 1.055410e-05
37 21 1.711880e-05
37 22 2.846980e-05
37 23 4.862630e-05
37 24 8.545190e-05
37 25 1.547340e-04
37 26 2.886710e-04
37 27 5.541120e-04
37 28 1.087600e-03
37 29 2.164380e-03
37 30 4.338570e-03
37 31 8.743780e-03
37 32 1.769490e-02
37 33 3.559670e-02
37 34 6.993240e-02
37 35 1.315630e-01
37 36 2.323300e-01
37 37 3.032940e-01
37 38 1.420790e-01
37 39 3.432960e-02
37 40 5.436680e-03
38 1 1.106900e-09
38 2 6.336300e-10
38 3 1.048340e-09
38 4 1.603670e-09
38 5 2.569600e-09
38 6 4.082070e-09
38 7 6.456030e-09
38 8 1.026030e-08
38 9 1.619460e-08
38 10 2.576670e-08
38 11 4.079290e-08
38 12 6.464220e-08
38 13 1.023320e-07
38 14 1.613810e-07
38 15 2.507050e-07
38 16 3.874330e-07
38 17 5.975000e-07
38 18 9.274780e-07
38 19 1.460640e-06
38 20 2.355690e-06
38 21 3.896150e-06
38 22 6.639010e-06
38 23 1.168660e-05
38 24 2.131360e-05
38 25 4.037120e-05
38 26 7.946590e-05
38 27 1.623720e-04
38 28 3.428250e-04
38 29 7.367780e-04
38 30 1.589660e-03
38 31 3.433590e-03
38 32 7.427300e-03
38 33 1.607910e-02
38 34 3.447160e-02
38 35 7.149810e-02
38 36 1.397150e-01
38 37 2.509230e-01
38 38 3.167490e-01
38 39 1.216620e-01
38 40 2.270060e-02
39 1 1.601900e-10
39 2 9.169900e-11
39 3 1.517100e-10
39 4 2.320800e-10
39 5 3.718700e-10
39 6 5.907600e-10
39 7 9.343100e-10
39 8 1.484860e-09
39 9 2.343680e-09
39 10 3.728940e-09
39 11 5.903530e-09
39 12 9.354980e-09
39 13 1.481030e-08
39 14 2.351110e-08
39 15 3.721330e-08
39 16 5.902880e-08
39 17 9.362010e-08
39 18 1.490240e-07
39 19 2.390420e-07
39 20 3.900200e-07
39 21 6.545090e-07
39 22 1.141090e-06
39 23 2.067130e-06
39 24 3.917670e-06
39 25 7.790780e-06
39 26 1.627720e-05
39 27 3.571960e-05
39 28 8.205820e-05
39 29 1.956050e-04
39 30 4.699470e-04
39 31 1.113600e-03
39 32 2.614290e-03
39 33 6.120220e-03
39 34 1.431320e-02
39 35 3.301500e-02
39 36 7.279610e-02
39 37 1.481400e-01
39 38 2.699440e-01
39 39 3.267410e-01
39 40 1.110430e-01
40 1 3.049400e-11
40 2 1.745600e-11
40 3 2.888000e-11
40 4 4.417900e-11
40 5 7.078900e-11
40 6 1.124600e-10
40 7 1.778600e-10
40 8 2.826600e-10
40 9 4.461400e-10
40 10 7.098400e-10
40 11 1.123800e-09
40 12 1.780820e-09
40 13 2.819280e-09
40 14 4.475580e-09
40 15 7.083930e-09
40 16 1.123660e-08
40 17 1.780880e-08
40 18 2.822730e-08
40 19 4.470580e-08
40 20 7.089260e-08
40 21 1.123960e-07
40 22 1.800380e-07
40 23 3.014520e-07
40 24 5.423320e-07
40 25 1.076770e-06
40 26 2.348990e-06
40 27 5.500350e-06
40 28 1.368510e-05
40 29 3.587650e-05
40 30 9.790230e-05
40 31 2.667170e-04
40 32 7.039100e-04
40 33 1.828490e-03
40 34 4.750020e-03
40 35 1.234930e-02
40 36 3.129820e-02
40 37 7.413620e-02
40 38 1.573000e-01
40 39 2.892300e-01
40 40 4.146750e-01
