1 6.845830e-01
2 6.107910e-01
3 5.440700e-01
4 4.846690e-01
5 4.322230e-01
6 3.852310e-01
7 3.433250e-01
8 3.058810e-01
9 2.727060e-01
10 2.430010e-01
11 2.165260e-01
12 1.930380e-01
13 1.720170e-01
14 1.533330e-01
15 1.366320e-01
16 1.217940e-01
17 1.085510e-01
18 9.671810e-02
19 8.622930e-02
20 7.683640e-02
21 6.847320e-02
22 6.104670e-02
23 5.439630e-02
24 4.847720e-02
25 4.321390e-02
26 3.851920e-02
27 3.432430e-02
28 3.059000e-02
29 2.727370e-02
30 2.430470e-02
31 2.166360e-02
32 1.932110e-02
33 1.722450e-02
34 1.535920e-02
35 1.369130e-02
36 1.221560e-02
37 1.091350e-02
38 9.753750e-03
39 8.675400e-03
40 7.717050e-03
