1 1 4.786030e-02
1 2 1.769920e-02
1 3 2.315660e-02
1 4 2.800430e-02
1 5 3.551060e-02
1 6 4.451030e-02
1 7 5.545750e-02
1 8 6.928390e-02
1 9 8.576290e-02
1 10 1.066490e-01
1 11 1.313820e-01
1 12 1.611860e-01
1 13 1.962860e-01
1 14 2.376690e-01
1 15 2.839170e-01
1 16 3.354230e-01
1 17 3.893720e-01
1 18 4.426840e-01
1 19 4.898980e-01
1 20 5.252340e-01
1 21 5.397610e-01
1 22 5.265950e-01
1 23 4.809880e-01
1 24 4.045510e-01
1 25 3.069040e-01
1 26 2.045190e-01
1 27 1.158850e-01
1 28 5.361160e-02
1 29 1.925460e-02
1 30 5.043520e-03
1 31 8.921240e-04
1 32 9.686910e-05
1 33 5.899420e-06
1 34 2.663250e-07
1 35 9.407800e-09
1 36 0.000000e+00
1 37 0.000000e+00
1 38 0.000000e+00
1 39 0.000000e+00
1 40 0.000000e+00
2 1 3.789400e-02
2 2 1.551710e-02
2 3 2.071100e-02
2 4 2.504790e-02
2 5 3.176190e-02
2 6 3.981190e-02
2 7 4.960380e-02
2 8 6.197130e-02
2 9 7.671190e-02
2 10 9.539520e-02
2 11 1.175220e-01
2 12 1.441830e-01
2 13 1.755860e-01
2 14 2.126080e-01
2 15 2.540040e-01
2 16 3.000990e-01
2 17 3.483890e-01
2 18 3.961190e-01
2 19 4.384320e-01
2 20 4.701160e-01
2 21 4.832120e-01
2 22 4.715380e-01
2 23 4.308200e-01
2 24 3.624850e-01
2 25 2.751220e-01
2 26 1.834500e-01
2 27 1.040250e-01
2 28 4.816930e-02
2 29 1.731900e-02
2 30 4.542840e-03
2 31 8.049980e-04
2 32 8.759480e-05
2 33 5.368160e-06
2 34 2.419880e-07
2 35 8.567450e-09
2 36 0.000000e+00
2 37 0.000000e+00
2 38 0.000000e+00
2 39 0.000000e+00
2 40 0.000000e+00
3 1 2.984410e-02
3 2 1.253400e-02
3 3 1.812740e-02
3 4 2.238190e-02
3 5 2.838210e-02
3 6 3.557560e-02
3 7 4.432630e-02
3 8 5.537850e-02
3 9 6.855190e-02
3 10 8.524950e-02
3 11 1.050260e-01
3 12 1.288560e-01
3 13 1.569260e-01
3 14 1.900210e-01
3 15 2.270350e-01
3 16 2.682620e-01
3 17 3.114540e-01
3 18 3.541640e-01
3 19 3.920570e-01
3 20 4.204680e-01
3 21 4.322820e-01
3 22 4.219650e-01
3 23 3.856700e-01
3 24 3.246470e-01
3 25 2.465460e-01
3 26 1.645190e-01
3 27 9.337800e-02
3 28 4.328950e-02
3 29 1.558630e-02
3 30 4.095600e-03
3 31 7.273490e-04
3 32 7.935680e-05
3 33 4.893470e-06
3 34 2.205700e-07
3 35 7.830440e-09
3 36 0.000000e+00
3 37 0.000000e+00
3 38 0.000000e+00
3 39 0.000000e+00
3 40 0.000000e+00
4 1 2.323240e-02
4 2 9.834580e-03
4 3 1.464080e-02
4 4 1.962560e-02
4 5 2.538380e-02
4 6 3.181780e-02
4 7 3.964470e-02
4 8 4.953050e-02
4 9 6.131400e-02
4 10 7.625030e-02
4 11 9.394140e-02
4 12 1.152630e-01
4 13 1.403780e-01
4 14 1.699930e-01
4 15 2.031110e-01
4 16 2.400330e-01
4 17 2.787110e-01
4 18 3.169820e-01
4 19 3.509510e-01
4 20 3.764800e-01
4 21 3.871720e-01
4 22 3.780740e-01
4 23 3.457200e-01
4 24 2.911920e-01
4 25 2.212920e-01
4 26 1.478060e-01
4 27 8.399080e-02
4 28 3.899350e-02
4 29 1.406450e-02
4 30 3.703970e-03
4 31 6.595710e-04
4 32 7.220060e-05
4 33 4.476810e-06
4 34 2.022140e-07
4 35 7.201860e-09
4 36 0.000000e+00
4 37 0.000000e+00
4 38 0.000000e+00
4 39 0.000000e+00
4 40 0.000000e+00
5 1 1.865900e-02
5 2 7.812290e-03
5 3 1.159650e-02
5 4 1.590010e-02
5 5 2.229850e-02
5 6 2.851520e-02
5 7 3.553020e-02
5 8 4.439090e-02
5 9 5.495320e-02
5 10 6.834180e-02
5 11 8.420100e-02
5 12 1.033170e-01
5 13 1.258370e-01
5 14 1.523960e-01
5 15 1.820980e-01
5 16 2.152320e-01
5 17 2.499520e-01
5 18 2.843320e-01
5 19 3.148670e-01
5 20 3.378680e-01
5 21 3.475930e-01
5 22 3.395840e-01
5 23 3.107100e-01
5 24 2.618980e-01
5 25 1.992070e-01
5 26 1.332030e-01
5 27 7.580300e-02
5 28 3.525470e-02
5 29 1.274380e-02
5 30 3.365280e-03
5 31 6.012420e-04
5 32 6.608550e-05
5 33 4.121100e-06
5 34 1.868240e-07
5 35 6.679590e-09
5 36 0.000000e+00
5 37 0.000000e+00
5 38 0.000000e+00
5 39 0.000000e+00
5 40 0.000000e+00
6 1 1.477010e-02
6 2 6.153800e-03
6 3 9.147560e-03
6 4 1.255130e-02
6 5 1.804210e-02
6 6 2.506510e-02
6 7 3.186610e-02
6 8 3.981370e-02
6 9 4.928840e-02
6 10 6.129940e-02
6 11 7.552760e-02
6 12 9.267930e-02
6 13 1.128900e-01
6 14 1.367280e-01
6 15 1.633990e-01
6 16 1.931540e-01
6 17 2.243630e-01
6 18 2.552840e-01
6 19 2.827800e-01
6 20 3.035400e-01
6 21 3.124190e-01
6 22 3.054070e-01
6 23 2.796500e-01
6 24 2.359350e-01
6 25 1.796670e-01
6 26 1.203020e-01
6 27 6.858480e-02
6 28 3.196860e-02
6 29 1.158750e-02
6 30 3.070270e-03
6 31 5.507990e-04
6 32 6.085280e-05
6 33 3.817070e-06
6 34 1.740400e-07
6 35 6.251950e-09
6 36 0.000000e+00
6 37 0.000000e+00
6 38 0.000000e+00
6 39 0.000000e+00
6 40 0.000000e+00
7 1 1.133030e-02
7 2 4.704600e-03
7 3 7.075550e-03
7 4 9.801070e-03
7 5 1.416490e-02
7 6 2.023850e-02
7 7 2.804780e-02
7 8 3.576340e-02
7 9 4.427530e-02
7 10 5.506730e-02
7 11 6.785340e-02
7 12 8.326790e-02
7 13 1.014360e-01
7 14 1.228690e-01
7 15 1.468610e-01
7 16 1.736320e-01
7 17 2.017420e-01
7 18 2.296070e-01
7 19 2.544360e-01
7 20 2.732260e-01
7 21 2.813950e-01
7 22 2.752790e-01
7 23 2.522920e-01
7 24 2.130920e-01
7 25 1.625110e-01
7 26 1.090040e-01
7 27 6.227940e-02
7 28 2.910930e-02
7 29 1.058680e-02
7 30 2.816800e-03
7 31 5.078990e-04
7 32 5.646530e-05
7 33 3.567260e-06
7 34 1.637690e-07
7 35 5.914960e-09
7 36 0.000000e+00
7 37 0.000000e+00
7 38 0.000000e+00
7 39 0.000000e+00
7 40 0.000000e+00
8 1 8.824660e-03
8 2 3.665720e-03
8 3 5.517860e-03
8 4 7.664970e-03
8 5 1.110540e-02
8 6 1.589200e-02
8 7 2.261390e-02
8 8 3.150940e-02
8 9 3.984020e-02
8 10 4.955340e-02
8 11 6.106370e-02
8 12 7.494270e-02
8 13 9.130440e-02
8 14 1.106140e-01
8 15 1.322360e-01
8 16 1.563790e-01
8 17 1.817490e-01
8 18 2.069290e-01
8 19 2.294140e-01
8 20 2.464840e-01
8 21 2.540420e-01
8 22 2.487460e-01
8 23 2.282330e-01
8 24 1.930410e-01
8 25 1.474810e-01
8 26 9.914110e-02
8 27 5.679640e-02
8 28 2.663660e-02
8 29 9.727870e-03
8 30 2.601480e-03
8 31 4.720040e-04
8 32 5.287540e-05
8 33 3.369510e-06
8 34 1.559640e-07
8 35 5.669400e-09
8 36 0.000000e+00
8 37 0.000000e+00
8 38 0.000000e+00
8 39 0.000000e+00
8 40 0.000000e+00
9 1 7.183510e-03
9 2 2.924270e-03
9 3 4.328560e-03
9 4 5.969810e-03
9 5 8.682830e-03
9 6 1.247730e-02
9 7 1.778580e-02
9 8 2.544390e-02
9 9 3.520830e-02
9 10 4.472900e-02
9 11 5.512300e-02
9 12 6.765970e-02
9 13 8.244330e-02
9 14 9.989610e-02
9 15 1.194520e-01
9 16 1.413030e-01
9 17 1.642820e-01
9 18 1.871370e-01
9 19 2.075880e-01
9 20 2.231860e-01
9 21 2.302230e-01
9 22 2.256880e-01
9 23 2.073660e-01
9 24 1.757000e-01
9 25 1.345220e-01
9 26 9.068140e-02
9 27 5.212070e-02
9 28 2.454590e-02
9 29 9.010150e-03
9 30 2.424540e-03
9 31 4.432400e-04
9 32 5.010960e-05
9 33 3.226410e-06
9 34 1.507870e-07
9 35 5.521570e-09
9 36 0.000000e+00
9 37 0.000000e+00
9 38 0.000000e+00
9 39 0.000000e+00
9 40 0.000000e+00
10 1 5.585560e-03
10 2 2.270710e-03
10 3 3.375440e-03
10 4 4.665510e-03
10 5 6.781970e-03
10 6 9.760110e-03
10 7 1.393810e-02
10 8 1.995830e-02
10 9 2.837750e-02
10 10 3.959850e-02
10 11 4.989120e-02
10 12 6.124560e-02
10 13 7.464080e-02
10 14 9.046130e-02
10 15 1.081990e-01
10 16 1.280410e-01
10 17 1.489320e-01
10 18 1.697490e-01
10 19 1.884300e-01
10 20 2.027650e-01
10 21 2.093870e-01
10 22 2.055460e-01
10 23 1.891810e-01
10 24 1.606390e-01
10 25 1.233190e-01
10 26 8.340650e-02
10 27 4.813590e-02
10 28 2.278380e-02
10 29 8.415330e-03
10 30 2.281580e-03
10 31 4.209320e-04
10 32 4.811270e-05
10 33 3.136240e-06
10 34 1.482590e-07
10 35 5.471850e-09
10 36 0.000000e+00
10 37 0.000000e+00
10 38 0.000000e+00
10 39 0.000000e+00
10 40 0.000000e+00
11 1 4.269880e-03
11 2 1.735340e-03
11 3 2.574000e-03
11 4 3.549760e-03
11 5 5.164050e-03
11 6 7.482700e-03
11 7 1.077340e-02
11 8 1.551530e-02
11 9 2.214090e-02
11 10 3.183220e-02
11 11 4.428720e-02
11 12 5.565850e-02
11 13 6.784550e-02
11 14 8.224850e-02
11 15 9.840900e-02
11 16 1.165090e-01
11 17 1.355940e-01
11 18 1.546480e-01
11 19 1.718190e-01
11 20 1.850890e-01
11 21 1.913880e-01
11 22 1.881900e-01
11 23 1.735730e-01
11 24 1.477710e-01
11 25 1.138090e-01
11 26 7.728470e-02
11 27 4.482650e-02
11 28 2.134670e-02
11 29 7.943830e-03
11 30 2.173360e-03
11 31 4.053860e-04
11 32 4.694780e-05
11 33 3.105690e-06
11 34 1.488380e-07
11 35 5.541400e-09
11 36 0.000000e+00
11 37 0.000000e+00
11 38 0.000000e+00
11 39 0.000000e+00
11 40 0.000000e+00
12 1 3.457190e-03
12 2 1.402880e-03
12 3 2.071910e-03
12 4 2.835600e-03
12 5 4.076450e-03
12 6 5.811110e-03
12 7 8.314130e-03
12 8 1.203010e-02
12 9 1.725050e-02
12 10 2.485720e-02
12 11 3.562120e-02
12 12 4.962290e-02
12 13 6.197840e-02
12 14 7.516320e-02
12 15 8.997170e-02
12 16 1.065730e-01
12 17 1.241150e-01
12 18 1.416750e-01
12 19 1.575790e-01
12 20 1.699750e-01
12 21 1.760350e-01
12 22 1.734610e-01
12 23 1.604010e-01
12 24 1.369970e-01
12 25 1.059330e-01
12 26 7.228730e-02
12 27 4.218300e-02
12 28 2.023610e-02
12 29 7.598660e-03
12 30 2.101540e-03
12 31 3.971020e-04
12 32 4.670040e-05
12 33 3.142500e-06
12 34 1.529820e-07
12 35 5.744280e-09
12 36 0.000000e+00
12 37 0.000000e+00
12 38 0.000000e+00
12 39 0.000000e+00
12 40 0.000000e+00
13 1 2.525580e-03
13 2 1.025490e-03
13 3 1.514800e-03
13 4 2.070960e-03
13 5 2.978270e-03
13 6 4.275470e-03
13 7 6.163480e-03
13 8 8.997420e-03
13 9 1.308360e-02
13 10 1.906610e-02
13 11 2.752120e-02
13 12 3.971520e-02
13 13 5.547130e-02
13 14 6.909170e-02
13 15 8.275120e-02
13 16 9.808180e-02
13 17 1.143180e-01
13 18 1.306250e-01
13 19 1.454700e-01
13 20 1.571660e-01
13 21 1.630780e-01
13 22 1.610920e-01
13 23 1.494200e-01
13 24 1.281030e-01
13 25 9.952520e-02
13 26 6.830930e-02
13 27 4.014670e-02
13 28 1.942790e-02
13 29 7.373090e-03
13 30 2.065410e-03
13 31 3.963040e-04
13 32 4.746340e-05
13 33 3.259250e-06
13 34 1.616720e-07
13 35 6.109960e-09
13 36 0.000000e+00
13 37 0.000000e+00
13 38 0.000000e+00
13 39 0.000000e+00
13 40 0.000000e+00
14 1 2.108900e-03
14 2 8.558700e-04
14 3 1.263780e-03
14 4 1.727290e-03
14 5 2.477380e-03
14 6 3.527610e-03
14 7 5.019370e-03
14 8 7.191060e-03
14 9 1.025670e-02
14 10 1.486070e-02
14 11 2.142280e-02
14 12 3.086230e-02
14 13 4.446260e-02
14 14 6.216660e-02
14 15 7.660000e-02
14 16 9.086950e-02
14 17 1.060190e-01
14 18 1.212960e-01
14 19 1.352940e-01
14 20 1.464650e-01
14 21 1.523420e-01
14 22 1.509460e-01
14 23 1.405430e-01
14 24 1.210610e-01
14 25 9.460030e-02
14 26 6.539260e-02
14 27 3.876490e-02
14 28 1.895710e-02
14 29 7.285710e-03
14 30 2.071770e-03
14 31 4.046170e-04
14 32 4.947010e-05
14 33 3.473680e-06
14 34 1.758240e-07
14 35 6.661570e-09
14 36 0.000000e+00
14 37 0.000000e+00
14 38 0.000000e+00
14 39 0.000000e+00
14 40 0.000000e+00
15 1 1.627120e-03
15 2 6.605070e-04
15 3 9.754740e-04
15 4 1.333250e-03
15 5 1.911770e-03
15 6 2.718540e-03
15 7 3.857690e-03
15 8 5.528730e-03
15 9 7.919550e-03
15 10 1.147500e-02
15 11 1.653190e-02
15 12 2.382370e-02
15 13 3.433580e-02
15 14 4.973360e-02
15 15 6.940750e-02
15 16 8.492150e-02
15 17 9.920140e-02
15 18 1.136670e-01
15 19 1.270230e-01
15 20 1.378300e-01
15 21 1.437800e-01
15 22 1.429650e-01
15 23 1.337120e-01
15 24 1.158150e-01
15 25 9.111770e-02
15 26 6.351270e-02
15 27 3.803150e-02
15 28 1.882690e-02
15 29 7.342470e-03
15 30 2.124630e-03
15 31 4.235350e-04
15 32 5.303810e-05
15 33 3.821350e-06
15 34 1.980040e-07
15 35 7.524760e-09
15 36 1.730700e-10
15 37 0.000000e+00
15 38 0.000000e+00
15 39 0.000000e+00
15 40 0.000000e+00
16 1 1.220350e-03
16 2 4.955340e-04
16 3 7.319590e-04
16 4 1.000640e-03
16 5 1.435340e-03
16 6 2.041440e-03
16 7 2.894140e-03
16 8 4.137330e-03
16 9 5.913310e-03
16 10 8.575870e-03
16 11 1.243600e-02
16 12 1.806930e-02
16 13 2.619350e-02
16 14 3.808840e-02
16 15 5.534210e-02
16 16 7.762900e-02
16 17 9.385930e-02
16 18 1.077380e-01
16 19 1.206700e-01
16 20 1.312960e-01
16 21 1.374210e-01
16 22 1.372070e-01
16 23 1.289980e-01
16 24 1.124530e-01
16 25 8.917340e-02
16 26 6.275940e-02
16 27 3.802310e-02
16 28 1.908910e-02
16 29 7.571460e-03
16 30 2.235300e-03
16 31 4.562190e-04
16 32 5.872290e-05
16 33 4.357860e-06
16 34 2.319480e-07
16 35 8.788950e-09
16 36 2.332200e-10
16 37 0.000000e+00
16 38 0.000000e+00
16 39 0.000000e+00
16 40 0.000000e+00
17 1 9.617260e-04
17 2 3.904860e-04
17 3 5.767630e-04
17 4 7.884160e-04
17 5 1.130810e-03
17 6 1.608220e-03
17 7 2.279970e-03
17 8 3.254700e-03
17 9 4.631300e-03
17 10 6.672390e-03
17 11 9.604570e-03
17 12 1.387630e-02
17 13 2.005120e-02
17 14 2.911190e-02
17 15 4.226630e-02
17 16 6.173810e-02
17 17 8.659700e-02
17 18 1.032950e-01
17 19 1.160050e-01
17 20 1.266240e-01
17 21 1.330860e-01
17 22 1.335380e-01
17 23 1.263310e-01
17 24 1.109710e-01
17 25 8.882450e-02
17 26 6.322580e-02
17 27 3.883480e-02
17 28 1.981700e-02
17 29 8.014310e-03
17 30 2.420800e-03
17 31 5.073930e-04
17 32 6.734540e-05
17 33 5.161930e-06
17 34 2.827790e-07
17 35 1.059920e-08
17 36 3.196600e-10
17 37 0.000000e+00
17 38 0.000000e+00
17 39 0.000000e+00
17 40 0.000000e+00
18 1 7.125250e-04
18 2 2.894390e-04
18 3 4.276060e-04
18 4 5.846880e-04
18 5 8.388100e-04
18 6 1.193430e-03
18 7 1.692500e-03
18 8 2.415620e-03
18 9 3.434130e-03
18 10 4.942090e-03
18 11 7.114080e-03
18 12 1.030690e-02
18 13 1.497370e-02
18 14 2.184700e-02
18 15 3.184570e-02
18 16 4.667450e-02
18 17 6.863660e-02
18 18 9.656200e-02
18 19 1.132440e-01
18 20 1.240760e-01
18 21 1.310120e-01
18 22 1.322110e-01
18 23 1.259500e-01
18 24 1.115970e-01
18 25 9.027330e-02
18 26 6.508640e-02
18 27 4.060090e-02
18 28 2.110540e-02
18 29 8.724300e-03
18 30 2.704450e-03
18 31 5.842370e-04
18 32 8.030960e-05
18 33 6.382890e-06
18 34 3.616110e-07
18 35 1.335330e-08
18 36 4.657700e-10
18 37 0.000000e+00
18 38 0.000000e+00
18 39 0.000000e+00
18 40 0.000000e+00
19 1 4.993870e-04
19 2 2.030850e-04
19 3 3.001230e-04
19 4 4.105580e-04
19 5 5.893540e-04
19 6 8.390470e-04
19 7 1.190940e-03
19 8 1.701430e-03
19 9 2.419520e-03
19 10 3.480610e-03
19 11 5.011160e-03
19 12 7.278170e-03
19 13 1.065390e-02
19 14 1.576390e-02
19 15 2.330790e-02
19 16 3.452340e-02
19 17 5.119680e-02
19 18 7.617440e-02
19 19 1.076320e-01
19 20 1.239730e-01
19 21 1.315680e-01
19 22 1.336180e-01
19 23 1.282670e-01
19 24 1.147380e-01
19 25 9.390120e-02
19 26 6.867000e-02
19 27 4.357640e-02
19 28 2.312450e-02
19 29 9.795970e-03
19 30 3.126340e-03
19 31 6.989600e-04
19 32 1.000160e-04
19 33 8.285140e-06
19 34 4.882180e-07
19 35 1.768660e-08
19 36 7.260200e-10
19 37 0.000000e+00
19 38 0.000000e+00
19 39 0.000000e+00
19 40 0.000000e+00
20 1 3.825880e-04
20 2 1.555960e-04
20 3 2.299210e-04
20 4 3.144810e-04
20 5 4.514220e-04
20 6 6.426450e-04
20 7 9.121200e-04
20 8 1.303050e-03
20 9 1.852780e-03
20 10 2.662090e-03
20 11 3.817480e-03
20 12 5.503390e-03
20 13 7.968830e-03
20 14 1.162910e-02
20 15 1.709210e-02
20 16 2.539720e-02
20 17 3.779340e-02
20 18 5.641870e-02
20 19 8.449860e-02
20 20 1.196240e-01
20 21 1.343830e-01
20 22 1.375140e-01
20 23 1.332440e-01
20 24 1.205400e-01
20 25 1.000200e-01
20 26 7.437260e-02
20 27 4.814500e-02
20 28 2.616020e-02
20 29 1.139570e-02
20 30 3.757070e-03
20 31 8.722540e-04
20 32 1.303130e-04
20 33 1.127710e-05
20 34 6.879310e-07
20 35 2.458620e-08
20 36 1.181150e-09
20 37 0.000000e+00
20 38 0.000000e+00
20 39 0.000000e+00
20 40 0.000000e+00
21 1 2.783050e-04
21 2 1.132140e-04
21 3 1.673240e-04
21 4 2.289300e-04
21 5 3.286940e-04
21 6 4.680690e-04
21 7 6.646380e-04
21 8 9.500360e-04
21 9 1.351790e-03
21 10 1.943870e-03
21 11 2.790100e-03
21 12 4.025490e-03
21 13 5.835240e-03
21 14 8.542950e-03
21 15 1.255030e-02
21 16 1.856330e-02
21 17 2.757800e-02
21 18 4.121450e-02
21 19 6.189730e-02
21 20 9.357290e-02
21 21 1.325380e-01
21 22 1.448330e-01
21 23 1.417910e-01
21 24 1.298960e-01
21 25 1.094640e-01
21 26 8.292490e-02
21 27 5.488270e-02
21 28 3.061080e-02
21 29 1.375420e-02
21 30 4.701520e-03
21 31 1.138500e-03
21 32 1.785390e-04
21 33 1.627050e-05
21 34 9.766720e-07
21 35 3.787610e-08
21 36 2.059970e-09
21 37 0.000000e+00
21 38 0.000000e+00
21 39 0.000000e+00
21 40 0.000000e+00
22 1 1.916170e-04
22 2 7.799560e-05
22 3 1.153150e-04
22 4 1.578250e-04
22 5 2.267100e-04
22 6 3.230540e-04
22 7 4.590510e-04
22 8 6.567800e-04
22 9 9.356320e-04
22 10 1.347430e-03
22 11 1.937410e-03
22 12 2.800230e-03
22 13 4.065940e-03
22 14 5.963510e-03
22 15 8.789530e-03
22 16 1.306760e-02
22 17 1.952390e-02
22 18 2.936000e-02
22 19 4.440520e-02
22 20 6.763570e-02
22 21 1.033880e-01
22 22 1.468010e-01
22 23 1.551200e-01
22 24 1.440350e-01
22 25 1.233670e-01
22 26 9.536280e-02
22 27 6.466070e-02
22 28 3.712960e-02
22 29 1.726490e-02
22 30 6.144370e-03
22 31 1.559330e-03
22 32 2.582280e-04
22 33 2.501530e-05
22 34 1.463940e-06
22 35 6.517170e-08
22 36 3.836210e-09
22 37 0.000000e+00
22 38 0.000000e+00
22 39 0.000000e+00
22 40 0.000000e+00
23 1 1.234600e-04
23 2 5.033590e-05
23 3 7.445790e-05
23 4 1.019770e-04
23 5 1.465920e-04
23 6 2.090860e-04
23 7 2.974780e-04
23 8 4.262120e-04
23 9 6.082490e-04
23 10 8.779100e-04
23 11 1.265750e-03
23 12 1.835370e-03
23 13 2.673790e-03
23 14 3.932900e-03
23 15 5.818250e-03
23 16 8.712540e-03
23 17 1.316670e-02
23 18 2.006990e-02
23 19 3.075550e-02
23 20 4.744470e-02
23 21 7.346060e-02
23 22 1.140500e-01
23 23 1.623400e-01
23 24 1.648450e-01
23 25 1.436720e-01
23 26 1.134290e-01
23 27 7.894200e-02
23 28 4.676960e-02
23 29 2.257570e-02
23 30 8.399370e-03
23 31 2.246170e-03
23 32 3.955070e-04
23 33 4.110910e-05
23 34 2.480910e-06
23 35 1.246380e-07
23 36 7.628080e-09
23 37 0.000000e+00
23 38 0.000000e+00
23 39 0.000000e+00
23 40 0.000000e+00
24 1 7.898740e-05
24 2 3.226920e-05
24 3 4.775220e-05
24 4 6.543350e-05
24 5 9.413510e-05
24 6 1.343780e-04
24 7 1.913760e-04
24 8 2.745750e-04
24 9 3.924800e-04
24 10 5.676010e-04
24 11 8.204080e-04
24 12 1.193250e-03
24 13 1.744700e-03
24 14 2.576250e-03
24 15 3.825110e-03
24 16 5.748840e-03
24 17 8.726600e-03
24 18 1.339050e-02
24 19 2.072370e-02
24 20 3.233520e-02
24 21 5.069840e-02
24 22 7.980330e-02
24 23 1.256000e-01
24 24 1.786900e-01
24 25 1.730370e-01
24 26 1.398300e-01
24 27 1.001270e-01
24 28 6.140060e-02
24 29 3.088470e-02
24 30 1.206530e-02
24 31 3.417180e-03
24 32 6.434030e-04
24 33 7.225910e-05
24 34 4.452280e-06
24 35 2.138690e-07
24 36 1.588830e-08
24 37 0.000000e+00
24 38 0.000000e+00
24 39 0.000000e+00
24 40 0.000000e+00
25 1 4.738380e-05
25 2 1.942650e-05
25 3 2.876470e-05
25 4 3.944340e-05
25 5 5.678940e-05
25 6 8.116060e-05
25 7 1.157520e-04
25 8 1.663500e-04
25 9 2.382940e-04
25 10 3.455310e-04
25 11 5.010190e-04
25 12 7.316110e-04
25 13 1.074880e-03
25 14 1.596260e-03
25 15 2.385140e-03
25 16 3.609150e-03
25 17 5.522560e-03
25 18 8.553430e-03
25 19 1.338520e-02
25 20 2.116700e-02
25 21 3.369200e-02
25 22 5.392630e-02
25 23 8.642990e-02
25 24 1.380600e-01
25 25 1.960330e-01
25 26 1.793240e-01
25 27 1.323330e-01
25 28 8.420540e-02
25 29 4.428350e-02
25 30 1.824500e-02
25 31 5.502910e-03
25 32 1.115470e-03
25 33 1.365210e-04
25 34 8.956390e-06
25 35 3.570950e-07
25 36 3.476320e-08
25 37 0.000000e+00
25 38 0.000000e+00
25 39 0.000000e+00
25 40 0.000000e+00
26 1 2.440540e-05
26 2 1.006590e-05
26 3 1.491590e-05
26 4 2.047220e-05
26 5 2.950960e-05
26 6 4.223440e-05
26 7 6.034170e-05
26 8 8.691870e-05
26 9 1.248730e-04
26 10 1.817200e-04
26 11 2.646880e-04
26 12 3.886680e-04
26 13 5.749360e-04
26 14 8.610010e-04
26 15 1.299550e-03
26 16 1.989020e-03
26 17 3.081050e-03
26 18 4.844210e-03
26 19 7.728300e-03
26 20 1.252360e-02
26 21 2.052840e-02
26 22 3.392640e-02
26 23 5.615810e-02
26 24 9.265760e-02
26 25 1.514630e-01
26 26 2.151750e-01
26 27 1.837940e-01
26 28 1.212930e-01
26 29 6.673660e-02
26 30 2.905660e-02
26 31 9.371700e-03
26 32 2.060000e-03
26 33 2.779310e-04
26 34 2.024180e-05
26 35 8.307640e-07
26 36 8.104470e-08
26 37 0.000000e+00
26 38 0.000000e+00
26 39 0.000000e+00
26 40 0.000000e+00
27 1 1.287710e-05
27 2 5.397030e-06
27 3 8.002950e-06
27 4 1.099400e-05
27 5 1.586620e-05
27 6 2.273930e-05
27 7 3.254550e-05
27 8 4.698330e-05
27 9 6.767490e-05
27 10 9.880800e-05
27 11 1.445050e-04
27 12 2.132350e-04
27 13 3.173280e-04
27 14 4.786690e-04
27 15 7.288610e-04
27 16 1.127490e-03
27 17 1.768140e-03
27 18 2.815210e-03
27 19 4.547070e-03
27 20 7.460220e-03
27 21 1.238570e-02
27 22 2.080060e-02
27 23 3.517920e-02
27 24 5.951740e-02
27 25 1.000670e-01
27 26 1.657230e-01
27 27 2.332660e-01
27 28 1.837210e-01
27 29 1.062990e-01
27 30 4.920790e-02
27 31 1.708200e-02
27 32 4.095530e-03
27 33 6.115810e-04
27 34 4.992670e-05
27 35 2.077820e-06
27 36 1.880300e-07
27 37 0.000000e+00
27 38 0.000000e+00
27 39 0.000000e+00
27 40 0.000000e+00
28 1 5.646840e-06
28 2 2.457590e-06
28 3 3.647810e-06
28 4 5.016770e-06
28 5 7.249340e-06
28 6 1.040700e-05
28 7 1.492690e-05
28 8 2.160680e-05
28 9 3.122670e-05
28 10 4.578070e-05
28 11 6.729560e-05
28 12 9.992800e-05
28 13 1.498680e-04
28 14 2.282260e-04
28 15 3.515140e-04
28 16 5.513200e-04
28 17 8.790940e-04
28 18 1.427540e-03
28 19 2.357970e-03
28 20 3.963380e-03
28 21 6.751030e-03
28 22 1.165100e-02
28 23 2.031930e-02
28 24 3.560430e-02
28 25 6.221470e-02
28 26 1.073800e-01
28 27 1.810490e-01
28 28 2.521060e-01
28 29 1.799660e-01
28 30 8.865550e-02
28 31 3.322600e-02
28 32 8.742000e-03
28 33 1.458780e-03
28 34 1.357890e-04
28 35 6.183490e-06
28 36 4.186770e-07
28 37 0.000000e+00
28 38 0.000000e+00
28 39 0.000000e+00
28 40 0.000000e+00
29 1 1.895510e-06
29 2 9.480210e-07
29 3 1.420220e-06
29 4 1.956200e-06
29 5 2.828770e-06
29 6 4.064360e-06
29 7 5.835520e-06
29 8 8.457540e-06
29 9 1.224430e-05
29 10 1.799300e-05
29 11 2.653040e-05
29 12 3.956370e-05
29 13 5.967250e-05
29 14 9.156670e-05
29 15 1.424750e-04
29 16 2.264780e-04
29 17 3.674390e-04
29 18 6.099320e-04
29 19 1.035460e-03
29 20 1.799960e-03
29 21 3.188980e-03
29 22 5.734790e-03
29 23 1.040840e-02
29 24 1.902170e-02
29 25 3.488140e-02
29 26 6.364340e-02
29 27 1.139710e-01
29 28 1.971710e-01
29 29 2.717260e-01
29 30 1.721010e-01
29 31 6.954400e-02
29 32 2.011230e-02
29 33 3.773260e-03
29 34 4.053110e-04
29 35 2.137210e-05
29 36 7.692960e-07
29 37 7.363460e-09
29 38 0.000000e+00
29 39 0.000000e+00
29 40 0.000000e+00
30 1 5.411070e-07
30 2 2.964330e-07
30 3 4.635500e-07
30 4 6.611820e-07
30 5 9.765850e-07
30 6 1.417150e-06
30 7 2.043780e-06
30 8 2.976500e-06
30 9 4.334400e-06
30 10 6.415100e-06
30 11 9.542230e-06
30 12 1.438040e-05
30 13 2.196720e-05
30 14 3.422140e-05
30 15 5.420980e-05
30 16 8.800510e-05
30 17 1.463370e-04
30 18 2.499490e-04
30 19 4.385490e-04
30 20 7.912600e-04
30 21 1.458030e-03
30 22 2.727200e-03
30 23 5.146770e-03
30 24 9.763480e-03
30 25 1.858790e-02
30 26 3.543420e-02
30 27 6.678620e-02
30 28 1.223290e-01
30 29 2.138400e-01
30 30 2.879370e-01
30 31 1.588460e-01
30 32 5.071960e-02
30 33 1.075070e-02
30 34 1.337860e-03
30 35 8.369180e-05
30 36 2.408220e-06
30 37 4.845620e-08
30 38 0.000000e+00
30 39 0.000000e+00
30 40 0.000000e+00
31 1 1.197690e-07
31 2 6.854940e-08
31 3 1.121940e-07
31 4 1.654860e-07
31 5 2.527940e-07
31 6 3.815010e-07
31 7 5.655210e-07
31 8 8.307290e-07
31 9 1.217940e-06
31 10 1.816680e-06
31 11 2.726320e-06
31 12 4.152170e-06
31 13 6.422490e-06
31 14 1.015420e-05
31 15 1.636610e-05
31 16 2.711200e-05
31 17 4.616080e-05
31 18 8.103730e-05
31 19 1.467850e-04
31 20 2.750350e-04
31 21 5.312960e-04
31 22 1.052880e-03
31 23 2.114740e-03
31 24 4.269020e-03
31 25 8.623840e-03
31 26 1.739690e-02
31 27 3.498300e-02
31 28 6.901370e-02
31 29 1.305800e-01
31 30 2.317830e-01
31 31 3.029620e-01
31 32 1.412920e-01
31 33 3.385480e-02
31 34 4.917770e-03
31 35 3.714750e-04
31 36 1.213980e-05
31 37 2.002310e-07
31 38 0.000000e+00
31 39 0.000000e+00
31 40 0.000000e+00
32 1 1.786800e-08
32 2 1.022830e-08
32 3 1.692260e-08
32 4 2.588700e-08
32 5 4.147930e-08
32 6 6.589420e-08
32 7 1.042130e-07
32 8 1.641180e-07
32 9 2.510490e-07
32 10 3.837330e-07
32 11 5.865500e-07
32 12 9.066630e-07
32 13 1.422300e-06
32 14 2.283560e-06
32 15 3.750220e-06
32 16 6.357000e-06
32 17 1.112940e-05
32 18 2.020870e-05
32 19 3.811890e-05
32 20 7.493790e-05
32 21 1.531310e-04
32 22 3.246540e-04
32 23 7.076550e-04
32 24 1.559030e-03
32 25 3.415340e-03
32 26 7.375400e-03
32 27 1.588480e-02
32 28 3.402300e-02
32 29 7.077130e-02
32 30 1.388400e-01
32 31 2.501430e-01
32 32 3.156080e-01
32 33 1.206330e-01
32 34 2.034680e-02
32 35 1.864390e-03
32 36 7.659150e-05
32 37 1.234260e-06
32 38 0.000000e+00
32 39 0.000000e+00
32 40 0.000000e+00
33 1 2.534230e-09
33 2 1.450680e-09
33 3 2.400140e-09
33 4 3.671560e-09
33 5 5.883020e-09
33 6 9.345790e-09
33 7 1.478090e-08
33 8 2.349060e-08
33 9 3.707720e-08
33 10 5.899210e-08
33 11 9.339420e-08
33 12 1.480150e-07
33 13 2.356040e-07
33 14 3.823820e-07
33 15 6.364920e-07
33 16 1.101340e-06
33 17 1.984250e-06
33 18 3.744830e-06
33 19 7.403950e-06
33 20 1.539160e-05
33 21 3.358490e-05
33 22 7.683660e-05
33 23 1.831700e-04
33 24 4.490100e-04
33 25 1.101880e-03
33 26 2.609950e-03
33 27 6.076880e-03
33 28 1.416840e-02
33 29 3.270240e-02
33 30 7.225430e-02
33 31 1.473270e-01
33 32 2.687230e-01
33 33 3.248030e-01
33 34 9.832640e-02
33 35 1.080050e-02
33 36 5.641480e-04
33 37 1.114850e-05
33 38 1.615310e-07
33 39 0.000000e+00
33 40 0.000000e+00
34 1 4.385000e-10
34 2 2.510100e-10
34 3 4.153000e-10
34 4 6.352900e-10
34 5 1.017940e-09
34 6 1.617100e-09
34 7 2.557530e-09
34 8 4.064570e-09
34 9 6.415450e-09
34 10 1.020740e-08
34 11 1.616000e-08
34 12 2.560780e-08
34 13 4.054070e-08
34 14 6.435800e-08
34 15 1.019240e-07
34 16 1.644970e-07
34 17 2.773130e-07
34 18 5.052950e-07
34 19 1.009120e-06
34 20 2.196100e-06
34 21 5.087240e-06
34 22 1.247980e-05
34 23 3.223470e-05
34 24 8.699890e-05
34 25 2.419350e-04
34 26 6.737250e-04
34 27 1.796500e-03
34 28 4.689110e-03
34 29 1.220780e-02
34 30 3.100110e-02
34 31 7.358730e-02
34 32 1.563420e-01
34 33 2.875610e-01
34 34 3.297570e-01
34 35 7.612010e-02
34 36 4.952230e-03
34 37 1.304050e-04
34 38 1.336900e-06
34 39 0.000000e+00
34 40 0.000000e+00
35 1 1.025100e-10
35 2 5.868300e-11
35 3 9.709000e-11
35 4 1.485200e-10
35 5 2.379800e-10
35 6 3.780500e-10
35 7 5.979100e-10
35 8 9.502300e-10
35 9 1.499830e-09
35 10 2.386330e-09
35 11 3.777960e-09
35 12 5.986710e-09
35 13 9.477800e-09
35 14 1.504590e-08
35 15 2.381460e-08
35 16 3.777510e-08
35 17 5.987000e-08
35 18 9.531010e-08
35 19 1.563260e-07
35 20 2.793190e-07
35 21 5.737590e-07
35 22 1.384930e-06
35 23 3.763160e-06
35 24 1.099220e-05
35 25 3.368070e-05
35 26 1.042750e-04
35 27 3.231630e-04
35 28 1.021080e-03
35 29 3.241830e-03
35 30 1.001190e-02
35 31 2.892640e-02
35 32 7.482220e-02
35 33 1.658860e-01
35 34 3.058980e-01
35 35 3.303260e-01
35 36 5.600370e-02
35 37 1.910740e-03
35 38 2.189530e-05
35 39 1.426740e-07
35 40 7.339860e-09
36 1 2.858400e-11
36 2 1.636300e-11
36 3 2.707200e-11
36 4 4.141300e-11
36 5 6.635700e-11
36 6 1.054100e-10
36 7 1.667200e-10
36 8 2.649600e-10
36 9 4.182100e-10
36 10 6.653900e-10
36 11 1.053430e-09
36 12 1.669300e-09
36 13 2.642740e-09
36 14 4.195330e-09
36 15 6.640350e-09
36 16 1.053300e-08
36 17 1.669370e-08
36 18 2.645980e-08
36 19 4.190640e-08
36 20 6.645350e-08
36 21 1.054610e-07
36 22 1.746500e-07
36 23 3.573040e-07
36 24 9.882510e-07
36 25 3.454640e-06
36 26 1.340170e-05
36 27 5.122340e-05
36 28 1.844330e-04
36 29 6.529060e-04
36 30 2.325450e-03
36 31 8.129210e-03
36 32 2.638170e-02
36 33 7.473080e-02
36 34 1.742770e-01
36 35 3.233830e-01
36 36 3.279660e-01
36 37 3.932300e-02
36 38 6.003420e-04
36 39 2.814860e-06
36 40 6.443220e-08
37 1 1.274700e-11
37 2 7.297000e-12
37 3 1.207300e-11
37 4 1.846800e-11
37 5 2.959200e-11
37 6 4.701000e-11
37 7 7.434900e-11
37 8 1.181600e-10
37 9 1.865000e-10
37 10 2.967300e-10
37 11 4.697800e-10
37 12 7.444300e-10
37 13 1.178540e-09
37 14 1.870920e-09
37 15 2.961280e-09
37 16 4.697220e-09
37 17 7.444570e-09
37 18 1.179980e-08
37 19 1.868830e-08
37 20 2.963510e-08
37 21 4.695760e-08
37 22 7.443770e-08
37 23 1.179910e-07
37 24 1.895980e-07
37 25 3.538730e-07
37 26 1.081860e-06
37 27 5.033280e-06
37 28 2.376910e-05
37 29 1.015400e-04
37 30 4.110630e-04
37 31 1.639230e-03
37 32 6.466110e-03
37 33 2.370810e-02
37 34 7.414790e-02
37 35 1.825650e-01
37 36 3.399280e-01
37 37 3.224360e-01
37 38 2.641470e-02
37 39 1.480530e-04
37 40 5.602890e-07
38 1 5.323700e-12
38 2 3.047500e-12
38 3 5.042000e-12
38 4 7.713000e-12
38 5 1.235900e-11
38 6 1.963300e-11
38 7 3.105100e-11
38 8 4.934700e-11
38 9 7.788900e-11
38 10 1.239300e-10
38 11 1.962000e-10
38 12 3.109000e-10
38 13 4.922000e-10
38 14 7.813600e-10
38 15 1.236740e-09
38 16 1.961730e-09
38 17 3.109120e-09
38 18 4.928010e-09
38 19 7.804890e-09
38 20 1.237670e-08
38 21 1.961120e-08
38 22 3.108790e-08
38 23 4.927070e-08
38 24 7.808640e-08
38 25 1.250230e-07
38 26 2.222390e-07
38 27 6.122730e-07
38 28 3.075650e-06
38 29 1.529950e-05
38 30 6.526200e-05
38 31 2.692950e-04
38 32 1.149610e-03
38 33 5.045000e-03
38 34 2.098690e-02
38 35 7.314960e-02
38 36 1.908310e-01
38 37 3.551840e-01
38 38 3.145760e-01
38 39 1.716600e-02
38 40 2.781530e-05
39 1 3.666000e-12
39 2 2.098600e-12
39 3 3.472100e-12
39 4 5.311300e-12
39 5 8.510400e-12
39 6 1.352000e-11
39 7 2.138200e-11
39 8 3.398200e-11
39 9 5.363600e-11
39 10 8.533800e-11
39 11 1.351000e-10
39 12 2.140900e-10
39 13 3.389400e-10
39 14 5.380600e-10
39 15 8.516400e-10
39 16 1.350890e-09
39 17 2.141000e-09
39 18 3.393530e-09
39 19 5.374600e-09
39 20 8.522820e-09
39 21 1.350460e-08
39 22 2.140770e-08
39 23 3.392880e-08
39 24 5.376690e-08
39 25 8.521950e-08
39 26 1.350630e-07
39 27 2.153260e-07
39 28 4.045790e-07
39 29 1.546330e-06
39 30 7.900170e-06
39 31 3.608020e-05
39 32 1.617820e-04
39 33 7.632830e-04
39 34 3.802540e-03
39 35 1.827180e-02
39 36 7.195920e-02
39 37 1.993790e-01
39 38 3.688340e-01
39 39 3.052960e-01
39 40 1.092500e-02
40 1 1.448500e-12
40 2 0.000000e+00
40 3 1.371800e-12
40 4 2.098500e-12
40 5 3.362500e-12
40 6 5.341700e-12
40 7 8.448200e-12
40 8 1.342600e-11
40 9 2.119200e-11
40 10 3.371800e-11
40 11 5.338000e-11
40 12 8.458900e-11
40 13 1.339200e-10
40 14 2.125900e-10
40 15 3.364900e-10
40 16 5.337400e-10
40 17 8.459200e-10
40 18 1.340800e-09
40 19 2.123530e-09
40 20 3.367410e-09
40 21 5.335750e-09
40 22 8.458300e-09
40 23 1.340540e-08
40 24 2.124360e-08
40 25 3.367060e-08
40 26 5.336410e-08
40 27 8.457560e-08
40 28 1.340430e-07
40 29 2.173090e-07
40 30 4.915520e-07
40 31 2.061880e-06
40 32 1.046060e-05
40 33 5.898460e-05
40 34 3.686110e-04
40 35 2.442820e-03
40 36 1.508750e-02
40 37 7.071540e-02
40 38 2.095360e-01
40 39 3.808100e-01
40 40 3.018210e-01
