1 6.845840e-01
2 6.107920e-01
3 5.440710e-01
4 4.846700e-01
5 4.322230e-01
6 3.852320e-01
7 3.433250e-01
8 3.058810e-01
9 2.727070e-01
10 2.430020e-01
11 2.165270e-01
12 1.930390e-01
13 1.720180e-01
14 1.533330e-01
15 1.366320e-01
16 1.217940e-01
17 1.085520e-01
18 9.671890e-02
19 8.623020e-02
20 7.683740e-02
21 6.847430e-02
22 6.104780e-02
23 5.439740e-02
24 4.847830e-02
25 4.321490e-02
26 3.852010e-02
27 3.432510e-02
28 3.059100e-02
29 2.727520e-02
30 2.430690e-02
31 2.166600e-02
32 1.932250e-02
33 1.722440e-02
34 1.535940e-02
35 1.369340e-02
36 1.221740e-02
37 1.091350e-02
38 9.751260e-03
39 8.674670e-03
40 7.719830e-03
