1 1 2.138620e-02
1 2 7.926000e-03
1 3 1.040560e-02
1 4 1.262500e-02
1 5 1.607430e-02
1 6 2.025210e-02
1 7 2.539720e-02
1 8 3.198920e-02
1 9 4.000600e-02
1 10 5.039610e-02
1 11 6.310360e-02
1 12 7.901960e-02
1 13 9.873890e-02
1 14 1.234990e-01
1 15 1.536840e-01
1 16 1.911570e-01
1 17 2.367590e-01
1 18 2.920350e-01
1 19 3.580520e-01
1 20 4.366070e-01
1 21 5.275250e-01
1 22 6.309700e-01
1 23 7.445800e-01
1 24 8.639890e-01
1 25 9.818600e-01
1 26 1.086590e+00
1 27 1.163260e+00
1 28 1.194440e+00
1 29 1.163500e+00
1 30 1.061000e+00
1 31 8.906080e-01
1 32 6.737500e-01
1 33 4.474900e-01
1 34 2.524910e-01
1 35 1.161910e-01
1 36 4.145780e-02
1 37 1.077280e-02
1 38 1.886640e-03
1 39 2.023340e-04
1 40 1.243550e-05
2 1 1.698880e-02
2 2 6.900900e-03
2 3 9.282910e-03
2 4 1.126980e-02
2 5 1.434880e-02
2 6 1.807820e-02
2 7 2.267100e-02
2 8 2.855530e-02
2 9 3.571180e-02
2 10 4.498660e-02
2 11 5.633010e-02
2 12 7.053790e-02
2 13 8.814100e-02
2 14 1.102410e-01
2 15 1.371860e-01
2 16 1.706400e-01
2 17 2.113460e-01
2 18 2.606900e-01
2 19 3.196350e-01
2 20 3.897620e-01
2 21 4.709230e-01
2 22 5.632700e-01
2 23 6.646940e-01
2 24 7.713000e-01
2 25 8.765390e-01
2 26 9.700700e-01
2 27 1.038500e+00
2 28 1.066410e+00
2 29 1.038840e+00
2 30 9.473780e-01
2 31 7.952950e-01
2 32 6.017030e-01
2 33 3.996870e-01
2 34 2.255530e-01
2 35 1.038150e-01
2 36 3.705070e-02
2 37 9.630480e-03
2 38 1.687210e-03
2 39 1.810290e-04
2 40 1.113450e-05
3 1 1.340460e-02
3 2 5.609340e-03
3 3 8.074530e-03
3 4 1.004070e-02
3 5 1.278960e-02
3 6 1.611370e-02
3 7 2.020750e-02
3 8 2.545230e-02
3 9 3.183120e-02
3 10 4.009820e-02
3 11 5.020910e-02
3 12 6.287330e-02
3 13 7.856390e-02
3 14 9.826200e-02
3 15 1.222790e-01
3 16 1.520990e-01
3 17 1.883820e-01
3 18 2.323660e-01
3 19 2.849140e-01
3 20 3.474310e-01
3 21 4.197780e-01
3 22 5.020960e-01
3 23 5.925100e-01
3 24 6.875470e-01
3 25 7.813730e-01
3 26 8.647620e-01
3 27 9.257890e-01
3 28 9.507380e-01
3 29 9.262140e-01
3 30 8.447350e-01
3 31 7.091990e-01
3 32 5.366310e-01
3 33 3.565180e-01
3 34 2.012310e-01
3 35 9.264230e-02
3 36 3.307350e-02
3 37 8.599930e-03
3 38 1.507360e-03
3 39 1.618190e-04
3 40 9.996810e-06
4 1 1.045760e-02
4 2 4.413650e-03
4 3 6.556920e-03
4 4 8.750920e-03
4 5 1.139840e-02
4 6 1.436610e-02
4 7 1.801580e-02
4 8 2.269190e-02
4 9 2.837890e-02
4 10 3.574930e-02
4 11 4.476370e-02
4 12 5.605470e-02
4 13 7.004350e-02
4 14 8.760620e-02
4 15 1.090200e-01
4 16 1.356040e-01
4 17 1.679540e-01
4 18 2.071690e-01
4 19 2.540190e-01
4 20 3.097740e-01
4 21 3.742820e-01
4 22 4.476790e-01
4 23 5.282990e-01
4 24 6.130480e-01
4 25 6.967210e-01
4 26 7.710600e-01
4 27 8.255510e-01
4 28 8.478630e-01
4 29 8.260550e-01
4 30 7.534610e-01
4 31 6.326490e-01
4 32 4.787820e-01
4 33 3.181470e-01
4 34 1.796170e-01
4 35 8.271720e-02
4 36 2.954150e-02
4 37 7.685190e-03
4 38 1.347800e-03
4 39 1.447780e-04
4 40 9.034160e-06
5 1 8.416800e-03
5 2 3.514030e-03
5 3 5.208960e-03
5 4 7.125630e-03
5 5 9.954270e-03
5 6 1.282120e-02
5 7 1.608240e-02
5 8 2.025670e-02
5 9 2.533350e-02
5 10 3.191290e-02
5 11 3.995990e-02
5 12 5.003950e-02
5 13 6.252740e-02
5 14 7.820570e-02
5 15 9.732210e-02
5 16 1.210530e-01
5 17 1.499320e-01
5 18 1.849420e-01
5 19 2.267660e-01
5 20 2.765480e-01
5 21 3.341500e-01
5 22 3.996780e-01
5 23 4.716600e-01
5 24 5.473340e-01
5 25 6.220580e-01
5 26 6.884470e-01
5 27 7.371630e-01
5 28 7.571370e-01
5 29 7.377330e-01
5 30 6.729820e-01
5 31 5.651620e-01
5 32 4.277910e-01
5 33 2.843330e-01
5 34 1.605760e-01
5 35 7.397640e-02
5 36 2.643240e-02
5 37 6.880350e-03
5 38 1.207460e-03
5 39 1.298130e-04
5 40 8.155820e-06
6 1 6.682520e-03
6 2 2.776170e-03
6 3 4.120560e-03
6 4 5.644780e-03
6 5 8.092490e-03
6 6 1.120140e-02
6 7 1.434960e-02
6 8 1.807720e-02
6 9 2.260790e-02
6 10 2.847940e-02
6 11 3.566060e-02
6 12 4.465580e-02
6 13 5.580080e-02
6 14 6.979240e-02
6 15 8.685250e-02
6 16 1.080330e-01
6 17 1.338040e-01
6 18 1.650500e-01
6 19 2.023760e-01
6 20 2.468050e-01
6 21 2.982340e-01
6 22 3.567240e-01
6 23 4.209760e-01
6 24 4.885310e-01
6 25 5.552510e-01
6 26 6.145630e-01
6 27 6.581010e-01
6 28 6.759720e-01
6 29 6.587280e-01
6 30 6.010030e-01
6 31 5.048140e-01
6 32 3.822050e-01
6 33 2.541130e-01
6 34 1.435640e-01
6 35 6.617110e-02
6 36 2.365760e-02
6 37 6.162490e-03
6 38 1.082360e-03
6 39 1.165020e-04
6 40 7.332550e-06
7 1 5.149510e-03
7 2 2.131710e-03
7 3 3.200220e-03
7 4 4.424020e-03
7 5 6.379870e-03
7 6 9.085810e-03
7 7 1.254570e-02
7 8 1.613450e-02
7 9 2.018070e-02
7 10 2.542200e-02
7 11 3.183240e-02
7 12 3.986180e-02
7 13 4.981050e-02
7 14 6.230080e-02
7 15 7.753010e-02
7 16 9.643750e-02
7 17 1.194450e-01
7 18 1.473370e-01
7 19 1.806620e-01
7 20 2.203250e-01
7 21 2.662480e-01
7 22 3.184800e-01
7 23 3.758520e-01
7 24 4.361790e-01
7 25 4.957740e-01
7 26 5.487780e-01
7 27 5.876980e-01
7 28 6.037350e-01
7 29 5.884240e-01
7 30 5.369620e-01
7 31 4.511340e-01
7 32 3.416680e-01
7 33 2.272490e-01
7 34 1.284490e-01
7 35 5.923990e-02
7 36 2.119520e-02
7 37 5.525770e-03
7 38 9.716270e-04
7 39 1.047350e-04
7 40 6.609910e-06
8 1 4.030600e-03
8 2 1.668960e-03
8 3 2.507900e-03
8 4 3.476420e-03
8 5 5.024350e-03
8 6 7.170050e-03
8 7 1.016260e-02
8 8 1.410860e-02
8 9 1.801460e-02
8 10 2.269500e-02
8 11 2.841780e-02
8 12 3.558610e-02
8 13 4.446760e-02
8 14 5.561870e-02
8 15 6.921530e-02
8 16 8.609560e-02
8 17 1.066380e-01
8 18 1.315410e-01
8 19 1.612960e-01
8 20 1.967110e-01
8 21 2.377170e-01
8 22 2.843760e-01
8 23 3.356120e-01
8 24 3.894990e-01
8 25 4.427420e-01
8 26 4.901310e-01
8 27 5.249520e-01
8 28 5.393540e-01
8 29 5.257750e-01
8 30 4.799040e-01
8 31 4.033180e-01
8 32 3.055720e-01
8 33 2.033390e-01
8 34 1.150040e-01
8 35 5.307910e-02
8 36 1.900820e-02
8 37 4.961010e-03
8 38 8.735820e-04
8 39 9.433330e-05
8 40 5.981170e-06
9 1 3.299550e-03
9 2 1.339330e-03
9 3 1.979470e-03
9 4 2.724380e-03
9 5 3.952020e-03
9 6 5.661090e-03
9 7 8.041240e-03
9 8 1.144900e-02
9 9 1.578400e-02
9 10 2.028340e-02
9 11 2.539930e-02
9 12 3.180620e-02
9 13 3.974480e-02
9 14 4.971180e-02
9 15 6.186510e-02
9 16 7.695400e-02
9 17 9.531640e-02
9 18 1.175780e-01
9 19 1.441770e-01
9 20 1.758390e-01
9 21 2.124960e-01
9 22 2.542330e-01
9 23 3.000500e-01
9 24 3.482500e-01
9 25 3.958850e-01
9 26 4.383230e-01
9 27 4.695510e-01
9 28 4.825030e-01
9 29 4.704670e-01
9 30 4.295420e-01
9 31 3.611250e-01
9 32 2.737370e-01
9 33 1.822650e-01
9 34 1.031630e-01
9 35 4.765890e-02
9 36 1.708620e-02
9 37 4.465630e-03
9 38 7.877760e-04
9 39 8.525230e-05
9 40 5.443940e-06
10 1 2.585710e-03
10 2 1.048010e-03
10 3 1.555190e-03
10 4 2.144900e-03
10 5 3.109740e-03
10 6 4.460810e-03
10 7 6.345800e-03
10 8 9.046760e-03
10 9 1.278850e-02
10 10 1.777500e-02
10 11 2.270380e-02
10 12 2.843170e-02
10 13 3.552800e-02
10 14 4.443820e-02
10 15 5.530270e-02
10 16 6.879190e-02
10 17 8.520870e-02
10 18 1.051130e-01
10 19 1.288960e-01
10 20 1.572060e-01
10 21 1.899880e-01
10 22 2.273180e-01
10 23 2.683120e-01
10 24 3.114370e-01
10 25 3.540800e-01
10 26 3.920940e-01
10 27 4.200900e-01
10 28 4.317990e-01
10 29 4.211580e-01
10 30 3.846660e-01
10 31 3.235440e-01
10 32 2.453910e-01
10 33 1.635150e-01
10 34 9.263810e-02
10 35 4.284610e-02
10 36 1.538230e-02
10 37 4.027520e-03
10 38 7.120490e-04
10 39 7.726240e-05
10 40 4.959170e-06
11 1 1.997670e-03
11 2 8.092970e-04
11 3 1.198160e-03
11 4 1.648560e-03
11 5 2.391430e-03
11 6 3.453300e-03
11 7 4.951410e-03
11 8 7.095950e-03
11 9 1.006920e-02
11 10 1.437190e-02
11 11 1.990570e-02
11 12 2.543480e-02
11 13 3.178390e-02
11 14 3.975540e-02
11 15 4.947580e-02
11 16 6.154480e-02
11 17 7.623410e-02
11 18 9.404460e-02
11 19 1.153280e-01
11 20 1.406660e-01
11 21 1.700090e-01
11 22 2.034210e-01
11 23 2.401400e-01
11 24 2.787690e-01
11 25 3.169890e-01
11 26 3.510790e-01
11 27 3.762190e-01
11 28 3.868340e-01
11 29 3.774520e-01
11 30 3.449110e-01
11 31 2.902770e-01
11 32 2.203150e-01
11 33 1.469420e-01
11 34 8.334700e-02
11 35 3.860440e-02
11 36 1.388400e-02
11 37 3.643350e-03
11 38 6.458680e-04
11 39 7.031460e-05
11 40 4.535940e-06
12 1 1.635480e-03
12 2 6.616820e-04
12 3 9.756600e-04
12 4 1.332490e-03
12 5 1.910510e-03
12 6 2.714680e-03
12 7 3.867660e-03
12 8 5.566860e-03
12 9 7.932910e-03
12 10 1.134960e-02
12 11 1.611990e-02
12 12 2.234170e-02
12 13 2.847720e-02
12 14 3.562010e-02
12 15 4.433020e-02
12 16 5.514540e-02
12 17 6.830920e-02
12 18 8.427130e-02
12 19 1.033480e-01
12 20 1.260620e-01
12 21 1.523710e-01
12 22 1.823250e-01
12 23 2.152730e-01
12 24 2.499450e-01
12 25 2.842640e-01
12 26 3.149010e-01
12 27 3.375570e-01
12 28 3.471990e-01
12 29 3.389460e-01
12 30 3.099090e-01
12 31 2.610190e-01
12 32 1.982840e-01
12 33 1.323980e-01
12 34 7.520790e-02
12 35 3.489710e-02
12 36 1.257850e-02
12 37 3.309820e-03
12 38 5.887040e-04
12 39 6.435740e-05
12 40 4.178650e-06
13 1 1.217960e-03
13 2 4.928360e-04
13 3 7.265690e-04
13 4 9.909630e-04
13 5 1.420730e-03
13 6 2.031630e-03
13 7 2.914610e-03
13 8 4.229510e-03
13 9 6.107770e-03
13 10 8.828980e-03
13 11 1.262580e-02
13 12 1.801770e-02
13 13 2.501750e-02
13 14 3.194180e-02
13 15 3.975320e-02
13 16 4.945320e-02
13 17 6.126050e-02
13 18 7.557900e-02
13 19 9.269340e-02
13 20 1.130750e-01
13 21 1.366850e-01
13 22 1.635770e-01
13 23 1.931610e-01
13 24 2.243250e-01
13 25 2.551840e-01
13 26 2.827660e-01
13 27 3.032190e-01
13 28 3.120220e-01
13 29 3.047880e-01
13 30 2.788830e-01
13 31 2.351040e-01
13 32 1.788070e-01
13 33 1.195570e-01
13 34 6.803540e-02
13 35 3.163940e-02
13 36 1.143550e-02
13 37 3.019260e-03
13 38 5.392500e-04
13 39 5.925480e-05
13 40 3.872920e-06
14 1 1.031120e-03
14 2 4.172210e-04
14 3 6.150180e-04
14 4 8.386510e-04
14 5 1.199620e-03
14 6 1.702380e-03
14 7 2.411800e-03
14 8 3.437800e-03
14 9 4.872150e-03
14 10 7.002330e-03
14 11 9.997410e-03
14 12 1.424000e-02
14 13 2.024090e-02
14 14 2.812150e-02
14 15 3.571440e-02
14 16 4.443020e-02
14 17 5.504100e-02
14 18 6.790960e-02
14 19 8.329400e-02
14 20 1.016180e-01
14 21 1.228500e-01
14 22 1.470450e-01
14 23 1.736650e-01
14 24 2.017410e-01
14 25 2.295600e-01
14 26 2.544660e-01
14 27 2.729930e-01
14 28 2.810820e-01
14 29 2.747700e-01
14 30 2.516500e-01
14 31 2.123890e-01
14 32 1.617710e-01
14 33 1.083510e-01
14 34 6.179620e-02
14 35 2.881750e-02
14 36 1.045090e-02
14 37 2.770850e-03
14 38 4.974060e-04
14 39 5.500100e-05
14 40 3.621620e-06
15 1 8.141150e-04
15 2 3.294380e-04
15 3 4.856460e-04
15 4 6.622580e-04
15 5 9.469730e-04
15 6 1.341920e-03
15 7 1.895850e-03
15 8 2.701660e-03
15 9 3.843520e-03
15 10 5.523300e-03
15 11 7.880560e-03
15 12 1.122590e-02
15 13 1.595360e-02
15 14 2.272930e-02
15 15 3.148830e-02
15 16 3.998530e-02
15 17 4.953670e-02
15 18 6.112310e-02
15 19 7.497690e-02
15 20 9.148120e-02
15 21 1.106120e-01
15 22 1.324200e-01
15 23 1.564340e-01
15 24 1.817730e-01
15 25 2.069190e-01
15 26 2.294790e-01
15 27 2.463180e-01
15 28 2.538040e-01
15 29 2.483290e-01
15 30 2.276960e-01
15 31 1.924390e-01
15 32 1.468380e-01
15 33 9.857090e-02
15 34 5.636920e-02
15 35 2.637620e-02
15 36 9.605670e-03
15 37 2.559800e-03
15 38 4.623990e-04
15 39 5.152240e-05
15 40 3.423250e-06
16 1 6.301760e-04
16 2 2.550780e-04
16 3 3.760180e-04
16 4 5.127890e-04
16 5 7.332690e-04
16 6 1.038910e-03
16 7 1.466030e-03
16 8 2.083500e-03
16 9 2.956110e-03
16 10 4.249010e-03
16 11 6.095160e-03
16 12 8.744570e-03
16 13 1.249050e-02
16 14 1.784730e-02
16 15 2.541130e-02
16 16 3.532910e-02
16 17 4.471050e-02
16 18 5.517240e-02
16 19 6.768500e-02
16 20 8.259610e-02
16 21 9.988700e-02
16 22 1.196100e-01
16 23 1.413420e-01
16 24 1.642910e-01
16 25 1.871120e-01
16 26 2.076310e-01
16 27 2.230170e-01
16 28 2.300070e-01
16 29 2.252930e-01
16 30 2.068630e-01
16 31 1.751400e-01
16 32 1.339260e-01
16 33 9.015350e-02
16 34 5.172620e-02
16 35 2.430460e-02
16 36 8.896670e-03
16 37 2.385670e-03
16 38 4.342330e-04
16 39 4.883130e-05
16 40 3.279870e-06
17 1 5.128420e-04
17 2 2.076000e-04
17 3 3.060340e-04
17 4 4.173050e-04
17 5 5.967300e-04
17 6 8.454520e-04
17 7 1.192870e-03
17 8 1.692990e-03
17 9 2.391830e-03
17 10 3.415300e-03
17 11 4.863760e-03
17 12 6.936370e-03
17 13 9.871560e-03
17 14 1.407620e-02
17 15 2.000700e-02
17 16 2.852200e-02
17 17 3.959650e-02
17 18 4.994480e-02
17 19 6.127940e-02
17 20 7.479290e-02
17 21 9.047000e-02
17 22 1.083660e-01
17 23 1.281020e-01
17 24 1.489680e-01
17 25 1.697590e-01
17 26 1.885080e-01
17 27 2.026560e-01
17 28 2.092380e-01
17 29 2.052350e-01
17 30 1.887700e-01
17 31 1.601720e-01
17 32 1.228080e-01
17 33 8.294850e-02
17 34 4.778800e-02
17 35 2.256880e-02
17 36 8.312910e-03
17 37 2.246030e-03
17 38 4.125790e-04
17 39 4.690850e-05
17 40 3.191590e-06
18 1 3.984140e-04
18 2 1.613050e-04
18 3 2.377940e-04
18 4 3.242790e-04
18 5 4.636890e-04
18 6 6.569690e-04
18 7 9.269400e-04
18 8 1.314560e-03
18 9 1.854160e-03
18 10 2.642910e-03
18 11 3.760750e-03
18 12 5.373400e-03
18 13 7.678770e-03
18 14 1.098720e-02
18 15 1.565670e-02
18 16 2.235060e-02
18 17 3.190680e-02
18 18 4.435210e-02
18 19 5.568250e-02
18 20 6.797570e-02
18 21 8.224660e-02
18 22 9.854930e-02
18 23 1.165330e-01
18 24 1.356110e-01
18 25 1.546430e-01
18 26 1.718770e-01
18 27 1.849770e-01
18 28 1.912320e-01
18 29 1.878990e-01
18 30 1.731930e-01
18 31 1.473420e-01
18 32 1.133430e-01
18 33 7.686620e-02
18 34 4.450760e-02
18 35 2.114850e-02
18 36 7.848640e-03
18 37 2.139970e-03
18 38 3.974340e-04
18 39 4.578220e-05
18 40 3.163200e-06
19 1 2.977510e-04
19 2 1.205520e-04
19 3 1.777250e-04
19 4 2.423750e-04
19 5 3.466100e-04
19 6 4.911350e-04
19 7 6.930250e-04
19 8 9.829100e-04
19 9 1.385360e-03
19 10 1.971290e-03
19 11 2.800900e-03
19 12 4.004670e-03
19 13 5.755140e-03
19 14 8.335760e-03
19 15 1.202190e-02
19 16 1.730250e-02
19 17 2.482970e-02
19 18 3.563190e-02
19 19 4.964330e-02
19 20 6.212100e-02
19 21 7.518730e-02
19 22 9.012960e-02
19 23 1.066350e-01
19 24 1.241620e-01
19 25 1.417180e-01
19 26 1.576820e-01
19 27 1.699230e-01
19 28 1.759450e-01
19 29 1.732390e-01
19 30 1.600900e-01
19 31 1.366290e-01
19 32 1.055190e-01
19 33 7.190800e-02
19 34 4.188870e-02
19 35 2.005070e-02
19 36 7.508490e-03
19 37 2.069570e-03
19 38 3.894080e-04
19 39 4.556040e-05
19 40 3.205510e-06
20 1 2.439220e-04
20 2 9.879700e-05
20 3 1.456400e-04
20 4 1.986120e-04
20 5 2.840220e-04
20 6 4.023910e-04
20 7 5.677450e-04
20 8 8.051770e-04
20 9 1.134540e-03
20 10 1.612110e-03
20 11 2.280710e-03
20 12 3.234790e-03
20 13 4.594170e-03
20 14 6.550960e-03
20 15 9.368770e-03
20 16 1.349030e-02
20 17 1.937200e-02
20 18 2.779250e-02
20 19 3.988170e-02
20 20 5.560960e-02
20 21 6.906950e-02
20 22 8.284370e-02
20 23 9.809190e-02
20 24 1.143040e-01
20 25 1.305960e-01
20 26 1.454940e-01
20 27 1.570510e-01
20 28 1.629360e-01
20 29 1.608400e-01
20 30 1.491030e-01
20 31 1.277500e-01
20 32 9.914240e-02
20 33 6.796370e-02
20 34 3.988040e-02
20 35 1.925920e-02
20 36 7.289980e-03
20 37 2.035310e-03
20 38 3.888510e-04
20 39 4.631890e-05
20 40 3.326280e-06
21 1 1.933450e-04
21 2 7.829100e-05
21 3 1.154210e-04
21 4 1.574010e-04
21 5 2.250790e-04
21 6 3.189210e-04
21 7 4.499760e-04
21 8 6.380960e-04
21 9 8.991060e-04
21 10 1.277500e-03
21 11 1.807070e-03
21 12 2.561640e-03
21 13 3.635620e-03
21 14 5.191590e-03
21 15 7.407520e-03
21 16 1.059030e-02
21 17 1.513400e-02
21 18 2.165880e-02
21 19 3.102520e-02
21 20 4.461840e-02
21 21 6.216290e-02
21 22 7.669290e-02
21 23 9.088450e-02
21 24 1.060200e-01
21 25 1.212770e-01
21 26 1.353280e-01
21 27 1.463700e-01
21 28 1.522210e-01
21 29 1.507200e-01
21 30 1.402510e-01
21 31 1.207320e-01
21 32 9.423830e-02
21 33 6.506320e-02
21 34 3.850820e-02
21 35 1.879280e-02
21 36 7.203860e-03
21 37 2.041760e-03
21 38 3.970820e-04
21 39 4.829470e-05
21 40 3.550850e-06
22 1 1.490710e-04
22 2 6.041080e-05
22 3 8.905950e-05
22 4 1.214500e-04
22 5 1.736770e-04
22 6 2.460900e-04
22 7 3.472270e-04
22 8 4.924420e-04
22 9 6.939480e-04
22 10 9.860970e-04
22 11 1.394900e-03
22 12 1.976580e-03
22 13 2.802800e-03
22 14 3.997640e-03
22 15 5.703350e-03
22 16 8.165410e-03
22 17 1.168170e-02
22 18 1.673100e-02
22 19 2.398880e-02
22 20 3.451890e-02
22 21 4.980350e-02
22 22 6.953110e-02
22 23 8.498190e-02
22 24 9.925200e-02
22 25 1.136980e-01
22 26 1.271160e-01
22 27 1.378130e-01
22 28 1.437400e-01
22 29 1.428300e-01
22 30 1.335110e-01
22 31 1.155700e-01
22 32 9.082630e-02
22 33 6.323420e-02
22 34 3.780560e-02
22 35 1.867730e-02
22 36 7.265640e-03
22 37 2.095590e-03
22 38 4.160170e-04
22 39 5.182750e-05
22 40 3.914430e-06
23 1 1.113960e-04
23 2 4.513960e-05
23 3 6.654520e-05
23 4 9.075550e-05
23 5 1.297870e-04
23 6 1.839020e-04
23 7 2.595150e-04
23 8 3.680840e-04
23 9 5.187630e-04
23 10 7.373300e-04
23 11 1.043280e-03
23 12 1.478770e-03
23 13 2.096100e-03
23 14 2.984460e-03
23 15 4.251480e-03
23 16 6.097080e-03
23 17 8.774460e-03
23 18 1.266400e-02
23 19 1.826680e-02
23 20 2.639990e-02
23 21 3.820350e-02
23 22 5.548170e-02
23 23 7.767330e-02
23 24 9.388430e-02
23 25 1.077530e-01
23 26 1.207340e-01
23 27 1.312510e-01
23 28 1.373590e-01
23 29 1.370580e-01
23 30 1.287900e-01
23 31 1.122080e-01
23 32 8.888660e-02
23 33 6.248610e-02
23 34 3.780080e-02
23 35 1.894050e-02
23 36 7.493870e-03
23 37 2.205380e-03
23 38 4.482750e-04
23 39 5.740500e-05
23 40 4.471480e-06
24 1 8.524220e-05
24 2 3.456080e-05
24 3 5.095170e-05
24 4 6.948720e-05
24 5 9.937310e-05
24 6 1.408130e-04
24 7 1.987070e-04
24 8 2.818430e-04
24 9 3.972420e-04
24 10 5.646210e-04
24 11 7.989760e-04
24 12 1.132580e-03
24 13 1.605530e-03
24 14 2.284870e-03
24 15 3.248650e-03
24 16 4.645040e-03
24 17 6.665260e-03
24 18 9.606050e-03
24 19 1.387530e-02
24 20 2.008480e-02
24 21 2.910660e-02
24 22 4.233180e-02
24 23 6.179280e-02
24 24 8.666660e-02
24 25 1.033670e-01
24 26 1.161320e-01
24 27 1.266500e-01
24 28 1.330940e-01
24 29 1.334520e-01
24 30 1.261780e-01
24 31 1.107690e-01
24 32 8.856660e-02
24 33 6.296740e-02
24 34 3.861670e-02
24 35 1.966680e-02
24 36 7.933990e-03
24 37 2.389090e-03
24 38 4.987840e-04
24 39 6.588260e-05
24 40 5.310640e-06
25 1 6.405380e-05
25 2 2.602620e-05
25 3 3.836930e-05
25 4 5.232860e-05
25 5 7.483770e-05
25 6 1.060460e-04
25 7 1.496520e-04
25 8 2.122800e-04
25 9 2.992160e-04
25 10 4.253570e-04
25 11 6.019780e-04
25 12 8.534780e-04
25 13 1.210210e-03
25 14 1.722640e-03
25 15 2.448490e-03
25 16 3.497020e-03
25 17 5.012560e-03
25 18 7.218960e-03
25 19 1.043060e-02
25 20 1.512460e-02
25 21 2.195770e-02
25 22 3.198750e-02
25 23 4.678270e-02
25 24 6.873480e-02
25 25 9.664210e-02
25 26 1.133810e-01
25 27 1.241200e-01
25 28 1.310490e-01
25 29 1.321670e-01
25 30 1.258430e-01
25 31 1.114430e-01
25 32 9.006000e-02
25 33 6.486260e-02
25 34 4.040370e-02
25 35 2.096370e-02
25 36 8.645210e-03
25 37 2.671790e-03
25 38 5.749220e-04
25 39 7.864030e-05
25 40 6.582940e-06
26 1 4.402800e-05
26 2 1.797800e-05
26 3 2.650740e-05
26 4 3.615510e-05
26 5 5.171350e-05
26 6 7.328960e-05
26 7 1.034490e-04
26 8 1.467890e-04
26 9 2.069820e-04
26 10 2.943550e-04
26 11 4.168050e-04
26 12 5.913140e-04
26 13 8.390960e-04
26 14 1.195520e-03
26 15 1.701160e-03
26 16 2.430900e-03
26 17 3.480740e-03
26 18 5.014630e-03
26 19 7.278240e-03
26 20 1.066870e-02
26 21 1.574760e-02
26 22 2.333560e-02
26 23 3.455710e-02
26 24 5.124830e-02
26 25 7.625650e-02
26 26 1.078040e-01
26 27 1.240530e-01
26 28 1.316410e-01
26 29 1.336110e-01
26 30 1.281970e-01
26 31 1.146140e-01
26 32 9.370850e-02
26 33 6.845640e-02
26 34 4.338040e-02
26 35 2.297860e-02
26 36 9.711880e-03
26 37 3.090400e-03
26 38 6.883050e-04
26 39 9.802130e-05
26 40 8.566580e-06
27 1 3.336070e-05
27 2 1.358630e-05
27 3 2.003020e-05
27 4 2.732210e-05
27 5 3.908030e-05
27 6 5.538960e-05
27 7 7.818250e-05
27 8 1.109250e-04
27 9 1.564170e-04
27 10 2.224610e-04
27 11 3.149890e-04
27 12 4.469550e-04
27 13 6.343320e-04
27 14 9.039330e-04
27 15 1.286500e-03
27 16 1.838770e-03
27 17 2.632480e-03
27 18 3.782370e-03
27 19 5.459590e-03
27 20 7.945270e-03
27 21 1.164300e-02
27 22 1.718680e-02
27 23 2.547100e-02
27 24 3.784400e-02
27 25 5.646100e-02
27 26 8.459340e-02
27 27 1.197350e-01
27 28 1.345580e-01
27 29 1.376000e-01
27 30 1.332640e-01
27 31 1.204880e-01
27 32 9.987990e-02
27 33 7.418780e-02
27 34 4.795750e-02
27 35 2.601120e-02
27 36 1.130410e-02
27 37 3.716160e-03
27 38 8.596390e-04
27 39 1.278670e-04
27 40 1.168460e-05
28 1 2.350000e-05
28 2 9.594790e-06
28 3 1.414780e-05
28 4 1.929800e-05
28 5 2.760440e-05
28 6 3.912930e-05
28 7 5.523820e-05
28 8 7.838650e-05
28 9 1.105510e-04
28 10 1.572570e-04
28 11 2.227590e-04
28 12 3.161620e-04
28 13 4.488770e-04
28 14 6.400560e-04
28 15 9.116680e-04
28 16 1.304230e-03
28 17 1.869310e-03
28 18 2.688280e-03
28 19 3.879110e-03
28 20 5.638160e-03
28 21 8.254340e-03
28 22 1.221540e-02
28 23 1.822450e-02
28 24 2.728210e-02
28 25 4.098580e-02
28 26 6.183690e-02
28 27 9.367950e-02
28 28 1.329420e-01
28 29 1.452090e-01
28 30 1.420550e-01
28 31 1.300280e-01
28 32 1.094290e-01
28 33 8.278140e-02
28 34 5.469510e-02
28 35 3.044760e-02
28 36 1.364520e-02
28 37 4.651400e-03
28 38 1.122690e-03
28 39 1.754310e-04
28 40 1.687020e-05
29 1 1.527620e-05
29 2 6.294590e-06
29 3 9.281830e-06
29 4 1.266280e-05
29 5 1.811610e-05
29 6 2.568160e-05
29 7 3.626400e-05
29 8 5.147740e-05
29 9 7.262770e-05
29 10 1.033660e-04
29 11 1.464960e-04
29 12 2.080740e-04
29 13 2.957020e-04
29 14 4.220600e-04
29 15 6.019510e-04
29 16 8.626370e-04
29 17 1.238920e-03
29 18 1.786140e-03
29 19 2.584540e-03
29 20 3.763510e-03
29 21 5.507650e-03
29 22 8.142540e-03
29 23 1.221640e-02
29 24 1.856500e-02
29 25 2.845530e-02
29 26 4.370970e-02
29 27 6.722690e-02
29 28 1.035640e-01
29 29 1.476790e-01
29 30 1.559640e-01
29 31 1.446170e-01
29 32 1.236120e-01
29 33 9.534740e-02
29 34 6.449140e-02
29 35 3.693090e-02
29 36 1.712170e-02
29 37 6.076110e-03
29 38 1.537910e-03
29 39 2.541220e-04
29 40 2.608670e-05
30 1 1.044190e-05
30 2 4.323970e-06
30 3 6.376760e-06
30 4 8.699520e-06
30 5 1.244730e-05
30 6 1.764880e-05
30 7 2.492400e-05
30 8 3.538720e-05
30 9 4.993430e-05
30 10 7.108640e-05
30 11 1.007870e-04
30 12 1.432070e-04
30 13 2.036280e-04
30 14 2.908700e-04
30 15 4.151900e-04
30 16 5.956270e-04
30 17 8.566350e-04
30 18 1.237140e-03
30 19 1.793800e-03
30 20 2.618810e-03
30 21 3.847320e-03
30 22 5.706240e-03
30 23 8.552060e-03
30 24 1.296080e-02
30 25 1.984460e-02
30 26 3.056820e-02
30 27 4.728830e-02
30 28 7.342370e-02
30 29 1.142010e-01
30 30 1.627780e-01
30 31 1.652760e-01
30 32 1.438730e-01
30 33 1.134380e-01
30 34 7.882090e-02
30 35 4.660470e-02
30 36 2.244320e-02
30 37 8.327160e-03
30 38 2.219710e-03
30 39 3.894770e-04
30 40 4.289170e-05
31 1 6.669710e-06
31 2 2.787930e-06
31 3 4.112080e-06
31 4 5.610980e-06
31 5 8.028910e-06
31 6 1.138560e-05
31 7 1.608130e-05
31 8 2.283800e-05
31 9 3.223850e-05
31 10 4.590970e-05
31 11 6.512510e-05
31 12 9.260260e-05
31 13 1.317660e-04
31 14 1.883990e-04
31 15 2.692630e-04
31 16 3.868510e-04
31 17 5.574170e-04
31 18 8.068890e-04
31 19 1.173340e-03
31 20 1.719070e-03
31 21 2.534700e-03
31 22 3.769910e-03
31 23 5.661010e-03
31 24 8.593670e-03
31 25 1.320070e-02
31 26 2.052800e-02
31 27 3.215590e-02
31 28 5.059080e-02
31 29 7.981120e-02
31 30 1.258540e-01
31 31 1.792030e-01
31 32 1.734060e-01
31 33 1.399730e-01
31 34 1.000780e-01
31 35 6.125790e-02
31 36 3.074570e-02
31 37 1.197970e-02
31 38 3.382290e-03
31 39 6.345430e-04
31 40 7.563310e-05
32 1 3.915160e-06
32 2 1.666910e-06
32 3 2.458990e-06
32 4 3.355800e-06
32 5 4.803050e-06
32 6 6.812780e-06
32 7 9.625990e-06
32 8 1.367530e-05
32 9 1.931350e-05
32 10 2.752060e-05
32 11 3.906510e-05
32 12 5.559630e-05
32 13 7.920730e-05
32 14 1.134120e-04
32 15 1.623740e-04
32 16 2.338070e-04
32 17 3.378090e-04
32 18 4.906200e-04
32 19 7.163860e-04
32 20 1.054800e-03
32 21 1.564530e-03
32 22 2.343040e-03
32 23 3.543900e-03
32 24 5.419960e-03
32 25 8.396270e-03
32 26 1.319250e-02
32 27 2.095660e-02
32 28 3.351090e-02
32 29 5.380330e-02
32 30 8.645990e-02
32 31 1.384160e-01
32 32 1.966720e-01
32 33 1.797290e-01
32 34 1.324470e-01
32 35 8.412660e-02
32 36 4.414750e-02
32 37 1.814260e-02
32 38 5.455390e-03
32 39 1.101980e-03
32 40 1.434990e-04
33 1 2.000770e-06
33 2 9.281370e-07
33 3 1.371870e-06
33 4 1.873260e-06
33 5 2.681840e-06
33 6 3.805230e-06
33 7 5.378390e-06
33 8 7.644520e-06
33 9 1.080200e-05
33 10 1.540340e-05
33 11 2.188550e-05
33 12 3.118050e-05
33 13 4.448130e-05
33 14 6.380120e-05
33 15 9.154150e-05
33 16 1.321620e-04
33 17 1.915860e-04
33 18 2.793720e-04
33 19 4.099190e-04
33 20 6.071710e-04
33 21 9.070740e-04
33 22 1.370080e-03
33 23 2.093200e-03
33 24 3.237470e-03
33 25 5.073880e-03
33 26 8.067530e-03
33 27 1.300060e-02
33 28 2.116130e-02
33 29 3.466600e-02
33 30 5.695700e-02
33 31 9.339980e-02
33 32 1.518630e-01
33 33 2.148630e-01
33 34 1.834200e-01
33 35 1.211130e-01
33 36 6.665320e-02
33 37 2.900820e-02
33 38 9.340510e-03
33 39 2.045710e-03
33 40 2.946850e-04
34 1 9.212190e-07
34 2 4.635490e-07
34 3 7.012810e-07
34 4 9.669590e-07
34 5 1.387180e-06
34 6 1.969290e-06
34 7 2.784910e-06
34 8 3.960420e-06
34 9 5.600520e-06
34 10 7.993070e-06
34 11 1.136870e-05
34 12 1.622010e-05
34 13 2.317800e-05
34 14 3.331220e-05
34 15 4.792010e-05
34 16 6.940040e-05
34 17 1.009860e-04
34 18 1.479600e-04
34 19 2.183440e-04
34 20 3.256190e-04
34 21 4.904470e-04
34 22 7.480030e-04
34 23 1.155860e-03
34 24 1.811440e-03
34 25 2.881280e-03
34 26 4.650420e-03
34 27 7.616130e-03
34 28 1.263620e-02
34 29 2.116750e-02
34 30 3.566020e-02
34 31 6.011670e-02
34 32 1.007120e-01
34 33 1.662990e-01
34 34 2.334650e-01
34 35 1.836440e-01
34 36 1.062350e-01
34 37 4.914860e-02
34 38 1.703820e-02
34 39 4.074330e-03
34 40 6.566110e-04
35 1 3.856950e-07
35 2 2.112630e-07
35 3 3.250310e-07
35 4 4.511500e-07
35 5 6.492780e-07
35 6 9.229440e-07
35 7 1.306380e-06
35 8 1.859350e-06
35 9 2.631450e-06
35 10 3.759920e-06
35 11 5.355380e-06
35 12 7.652930e-06
35 13 1.095890e-05
35 14 1.579140e-05
35 15 2.278800e-05
35 16 3.313380e-05
35 17 4.844570e-05
35 18 7.138360e-05
35 19 1.060630e-04
35 20 1.594700e-04
35 21 2.425230e-04
35 22 3.740470e-04
35 23 5.854920e-04
35 24 9.313360e-04
35 25 1.507140e-03
35 26 2.480090e-03
35 27 4.145630e-03
35 28 7.032640e-03
35 29 1.208500e-02
35 30 2.095380e-02
35 31 3.646130e-02
35 32 6.323570e-02
35 33 1.083820e-01
35 34 1.816390e-01
35 35 2.520130e-01
35 36 1.798170e-01
35 37 8.862890e-02
35 38 3.321260e-02
35 39 8.727160e-03
35 40 1.591230e-03
36 1 9.725800e-08
36 2 5.567400e-08
36 3 9.208560e-08
36 4 1.403210e-07
36 5 2.215720e-07
36 6 3.371520e-07
36 7 4.959590e-07
36 8 7.174900e-07
36 9 1.020320e-06
36 10 1.460280e-06
36 11 2.083650e-06
36 12 2.984140e-06
36 13 4.284350e-06
36 14 6.193780e-06
36 15 8.973530e-06
36 16 1.311220e-05
36 17 1.928940e-05
36 18 2.863770e-05
36 19 4.294190e-05
36 20 6.527750e-05
36 21 1.005830e-04
36 22 1.575820e-04
36 23 2.512930e-04
36 24 4.084950e-04
36 25 6.777290e-04
36 26 1.147580e-03
36 27 1.980510e-03
36 28 3.472380e-03
36 29 6.169840e-03
36 30 1.109500e-02
36 31 2.012420e-02
36 32 3.653130e-02
36 33 6.574810e-02
36 34 1.159920e-01
36 35 1.979590e-01
36 36 2.706980e-01
36 37 1.717130e-01
36 38 6.959280e-02
36 39 2.016100e-02
36 40 4.201130e-03
37 1 2.269720e-08
37 2 1.299270e-08
37 3 2.149630e-08
37 4 3.288340e-08
37 5 5.268990e-08
37 6 8.369580e-08
37 7 1.322120e-07
37 8 2.071860e-07
37 9 3.136410e-07
37 10 4.668920e-07
37 11 6.791350e-07
37 12 9.819640e-07
37 13 1.415900e-06
37 14 2.054120e-06
37 15 2.988850e-06
37 16 4.390010e-06
37 17 6.499270e-06
37 18 9.724670e-06
37 19 1.472130e-05
37 20 2.264230e-05
37 21 3.538740e-05
37 22 5.639300e-05
37 23 9.177040e-05
37 24 1.527920e-04
37 25 2.607160e-04
37 26 4.561430e-04
37 27 8.178200e-04
37 28 1.497710e-03
37 29 2.786820e-03
37 30 5.242950e-03
37 31 9.947200e-03
37 32 1.899130e-02
37 33 3.620010e-02
37 34 6.796720e-02
37 35 1.238020e-01
37 36 2.152030e-01
37 37 2.884350e-01
37 38 1.588960e-01
37 39 5.076010e-02
37 40 1.217440e-02
38 1 4.387090e-09
38 2 2.511330e-09
38 3 4.154970e-09
38 4 6.355980e-09
38 5 1.018430e-08
38 6 1.617890e-08
38 7 2.558780e-08
38 8 4.066550e-08
38 9 6.418550e-08
38 10 1.020800e-07
38 11 1.597670e-07
38 12 2.453380e-07
38 13 3.697500e-07
38 14 5.503340e-07
38 15 8.089850e-07
38 16 1.194960e-06
38 17 1.780290e-06
38 18 2.684620e-06
38 19 4.103750e-06
38 20 6.387780e-06
38 21 1.013270e-05
38 22 1.644710e-05
38 23 2.737810e-05
38 24 4.686250e-05
38 25 8.266850e-05
38 26 1.504420e-04
38 27 2.824110e-04
38 28 5.456590e-04
38 29 1.076010e-03
38 30 2.145230e-03
38 31 4.307020e-03
38 32 8.693820e-03
38 33 1.760750e-02
38 34 3.548280e-02
38 35 6.989230e-02
38 36 1.318310e-01
38 37 2.332630e-01
38 38 3.044200e-01
38 39 1.417330e-01
38 40 3.918490e-02
39 1 6.594600e-10
39 2 3.775000e-10
39 3 6.245700e-10
39 4 9.554200e-10
39 5 1.530890e-09
39 6 2.431970e-09
39 7 3.846310e-09
39 8 6.112750e-09
39 9 9.648270e-09
39 10 1.535100e-08
39 11 2.430320e-08
39 12 3.851180e-08
39 13 6.096970e-08
39 14 9.679230e-08
39 15 1.529210e-07
39 16 2.394490e-07
39 17 3.709670e-07
39 18 5.730520e-07
39 19 8.890730e-07
39 20 1.401440e-06
39 21 2.258070e-06
39 22 3.737610e-06
39 23 6.374250e-06
39 24 1.124070e-05
39 25 2.056510e-05
39 26 3.911110e-05
39 27 7.738430e-05
39 28 1.590730e-04
39 29 3.380700e-04
39 30 7.305290e-04
39 31 1.580130e-03
39 32 3.416530e-03
39 33 7.395990e-03
39 34 1.602720e-02
39 35 3.442360e-02
39 36 7.156410e-02
39 37 1.401220e-01
39 38 2.519420e-01
39 39 3.177130e-01
39 40 1.434970e-01
40 1 9.835100e-11
40 2 5.630000e-11
40 3 9.314700e-11
40 4 1.424900e-10
40 5 2.283200e-10
40 6 3.627000e-10
40 7 5.736400e-10
40 8 9.116500e-10
40 9 1.438940e-09
40 10 2.289440e-09
40 11 3.624560e-09
40 12 5.743620e-09
40 13 9.092970e-09
40 14 1.443500e-08
40 15 2.284770e-08
40 16 3.624130e-08
40 17 5.743840e-08
40 18 9.105670e-08
40 19 1.445930e-07
40 20 2.317810e-07
40 21 3.773480e-07
40 22 6.345730e-07
40 23 1.110600e-06
40 24 2.023960e-06
40 25 3.853110e-06
40 26 7.674420e-06
40 27 1.601570e-05
40 28 3.500930e-05
40 29 7.993860e-05
40 30 1.894100e-04
40 31 4.544000e-04
40 32 1.078650e-03
40 33 2.545420e-03
40 34 6.017950e-03
40 35 1.424860e-02
40 36 3.313080e-02
40 37 7.327020e-02
40 38 1.490680e-01
40 39 2.711340e-01
40 40 4.373160e-01
