1 6.366160e+00
2 5.694360e+00
3 5.088670e+00
4 4.551390e+00
5 4.079170e+00
6 3.658480e+00
7 3.285980e+00
8 2.956090e+00
9 2.667100e+00
10 2.411860e+00
11 2.188280e+00
12 1.994160e+00
13 1.824870e+00
14 1.679220e+00
15 1.553980e+00
16 1.447900e+00
17 1.358380e+00
18 1.283470e+00
19 1.222020e+00
20 1.171500e+00
21 1.130630e+00
22 1.097940e+00
23 1.071640e+00
24 1.050740e+00
25 1.034170e+00
26 1.020990e+00
27 1.010480e+00
28 1.002150e+00
29 9.955920e-01
30 9.904020e-01
31 9.863980e-01
32 9.833870e-01
33 9.811500e-01
34 9.795770e-01
35 9.785590e-01
36 9.780560e-01
37 9.780410e-01
38 9.785100e-01
39 9.794570e-01
40 9.808540e-01
