1 6.846170e-01
2 6.108210e-01
3 5.440960e-01
4 4.846920e-01
5 4.322420e-01
6 3.852480e-01
7 3.433390e-01
8 3.058920e-01
9 2.727160e-01
10 2.430090e-01
11 2.165320e-01
12 1.930430e-01
13 1.720200e-01
14 1.533350e-01
15 1.366330e-01
16 1.217950e-01
17 1.085520e-01
18 9.671850e-02
19 8.622960e-02
20 7.683670e-02
21 6.847310e-02
22 6.104590e-02
23 5.439440e-02
24 4.847440e-02
25 4.321090e-02
26 3.851640e-02
27 3.432200e-02
28 3.058890e-02
29 2.727460e-02
30 2.430380e-02
31 2.165510e-02
32 1.931230e-02
33 1.722660e-02
34 1.536570e-02
35 1.368350e-02
36 1.221020e-02
37 1.091330e-02
38 9.760090e-03
39 8.678110e-03
40 7.709470e-03
