1 5.006560e+00
2 4.466900e+00
3 3.978950e+00
4 3.544530e+00
5 3.160980e+00
6 2.817320e+00
7 2.510840e+00
8 2.237000e+00
9 1.994390e+00
10 1.777150e+00
11 1.583530e+00
12 1.411760e+00
13 1.258030e+00
14 1.121380e+00
15 9.992450e-01
16 8.907330e-01
17 7.938870e-01
18 7.073520e-01
19 6.306470e-01
20 5.619570e-01
21 5.007970e-01
22 4.464880e-01
23 3.978540e-01
24 3.545690e-01
25 3.160800e-01
26 2.817490e-01
27 2.510750e-01
28 2.237700e-01
29 1.995240e-01
30 1.778160e-01
31 1.584950e-01
32 1.413440e-01
33 1.259920e-01
34 1.123590e-01
35 1.001780e-01
36 8.935320e-02
37 7.975150e-02
38 7.122210e-02
39 6.341500e-02
40 5.648910e-02
