1 5.005920e+00
2 4.466330e+00
3 3.978440e+00
4 3.544080e+00
5 3.160570e+00
6 2.816950e+00
7 2.510510e+00
8 2.236710e+00
9 1.994130e+00
10 1.776910e+00
11 1.583320e+00
12 1.411570e+00
13 1.257850e+00
14 1.121230e+00
15 9.991020e-01
16 8.906030e-01
17 7.937670e-01
18 7.072410e-01
19 6.305430e-01
20 5.618590e-01
21 5.007040e-01
22 4.463990e-01
23 3.977680e-01
24 3.544850e-01
25 3.159970e-01
26 2.816670e-01
27 2.509940e-01
28 2.236920e-01
29 1.994490e-01
30 1.777450e-01
31 1.584300e-01
32 1.412840e-01
33 1.259370e-01
34 1.123080e-01
35 1.001390e-01
36 8.934160e-02
37 7.977500e-02
38 7.125280e-02
39 6.341370e-02
40 5.647140e-02
