1 1 8.302920e-01
1 2 3.068610e-01
1 3 4.024630e-01
1 4 4.882660e-01
1 5 6.216020e-01
1 6 7.830590e-01
1 7 9.818350e-01
1 8 1.236430e+00
1 9 1.545890e+00
1 10 1.946740e+00
1 11 2.436630e+00
1 12 3.049630e+00
1 13 3.808190e+00
1 14 4.759230e+00
1 15 5.916450e+00
1 16 7.349650e+00
1 17 9.088220e+00
1 18 1.118730e+01
1 19 1.368150e+01
1 20 1.662990e+01
1 21 2.001170e+01
1 22 2.381310e+01
1 23 2.792200e+01
1 24 3.214000e+01
1 25 3.615400e+01
1 26 3.950190e+01
1 27 4.160950e+01
1 28 4.186160e+01
1 29 3.975260e+01
1 30 3.510980e+01
1 31 2.831290e+01
1 32 2.036870e+01
1 33 1.270280e+01
1 34 6.624660e+00
1 35 2.762980e+00
1 36 8.720760e-01
1 37 1.945270e-01
1 38 2.817870e-02
1 39 2.387270e-03
1 40 1.164070e-04
2 1 6.579870e-01
2 2 2.689370e-01
2 3 3.592170e-01
2 4 4.357940e-01
2 5 5.548010e-01
2 6 6.989080e-01
2 7 8.763250e-01
2 8 1.103550e+00
2 9 1.379760e+00
2 10 1.737540e+00
2 11 2.174770e+00
2 12 2.721910e+00
2 13 3.398990e+00
2 14 4.247760e+00
2 15 5.280570e+00
2 16 6.559770e+00
2 17 8.111560e+00
2 18 9.984920e+00
2 19 1.221110e+01
2 20 1.484310e+01
2 21 1.786180e+01
2 22 2.125460e+01
2 23 2.492190e+01
2 24 2.868650e+01
2 25 3.226900e+01
2 26 3.525700e+01
2 27 3.713810e+01
2 28 3.736310e+01
2 29 3.548060e+01
2 30 3.133670e+01
2 31 2.527020e+01
2 32 1.817970e+01
2 33 1.133770e+01
2 34 5.912720e+00
2 35 2.466050e+00
2 36 7.783550e-01
2 37 1.736220e-01
2 38 2.515030e-02
2 39 2.130730e-03
2 40 1.042120e-04
3 1 5.191500e-01
3 2 2.172140e-01
3 3 3.141000e-01
3 4 3.883770e-01
3 5 4.944280e-01
3 6 6.228520e-01
3 7 7.809630e-01
3 8 9.834610e-01
3 9 1.229620e+00
3 10 1.548470e+00
3 11 1.938110e+00
3 12 2.425710e+00
3 13 3.029130e+00
3 14 3.785520e+00
3 15 4.705920e+00
3 16 5.845890e+00
3 17 7.228810e+00
3 18 8.898260e+00
3 19 1.088220e+01
3 20 1.322800e+01
3 21 1.591850e+01
3 22 1.894220e+01
3 23 2.221040e+01
3 24 2.556520e+01
3 25 2.875780e+01
3 26 3.142060e+01
3 27 3.309690e+01
3 28 3.329720e+01
3 29 3.161950e+01
3 30 2.792660e+01
3 31 2.252020e+01
3 32 1.620130e+01
3 33 1.010390e+01
3 34 5.269260e+00
3 35 2.197680e+00
3 36 6.936500e-01
3 37 1.547270e-01
3 38 2.241330e-02
3 39 1.898890e-03
3 40 9.309030e-05
4 1 4.052120e-01
4 2 1.708290e-01
4 3 2.537930e-01
4 4 3.400050e-01
4 5 4.407170e-01
4 6 5.551800e-01
4 7 6.961080e-01
4 8 8.766070e-01
4 9 1.096020e+00
4 10 1.380220e+00
4 11 1.727530e+00
4 12 2.162170e+00
4 13 2.700000e+00
4 14 3.374240e+00
4 15 4.194660e+00
4 16 5.210710e+00
4 17 6.443280e+00
4 18 7.931420e+00
4 19 9.699740e+00
4 20 1.179060e+01
4 21 1.418900e+01
4 22 1.688470e+01
4 23 1.979780e+01
4 24 2.278800e+01
4 25 2.563360e+01
4 26 2.800700e+01
4 27 2.950100e+01
4 28 2.967950e+01
4 29 2.818400e+01
4 30 2.489220e+01
4 31 2.007320e+01
4 32 1.444090e+01
4 33 9.005990e+00
4 34 4.696710e+00
4 35 1.958880e+00
4 36 6.182770e-01
4 37 1.379140e-01
4 38 1.997780e-02
4 39 1.692610e-03
4 40 8.305170e-05
5 1 3.263110e-01
5 2 1.360840e-01
5 3 2.016020e-01
5 4 2.757010e-01
5 5 3.862650e-01
5 6 4.954790e-01
5 7 6.212420e-01
5 8 7.823220e-01
5 9 9.781370e-01
5 10 1.231770e+00
5 11 1.541730e+00
5 12 1.929620e+00
5 13 2.409600e+00
5 14 3.011330e+00
5 15 3.743540e+00
5 16 4.650290e+00
5 17 5.750250e+00
5 18 7.078320e+00
5 19 8.656440e+00
5 20 1.052240e+01
5 21 1.266280e+01
5 22 1.506890e+01
5 23 1.766900e+01
5 24 2.033770e+01
5 25 2.287700e+01
5 26 2.499500e+01
5 27 2.632820e+01
5 28 2.648740e+01
5 29 2.515260e+01
5 30 2.221490e+01
5 31 1.791420e+01
5 32 1.288770e+01
5 33 8.037290e+00
5 34 4.191520e+00
5 35 1.748180e+00
5 36 5.517730e-01
5 37 1.230800e-01
5 38 1.782890e-02
5 39 1.510580e-03
5 40 7.415740e-05
6 1 2.592670e-01
6 2 1.075870e-01
6 3 1.595910e-01
6 4 2.184610e-01
6 5 3.129990e-01
6 6 4.341460e-01
6 7 5.542310e-01
6 8 6.979240e-01
6 9 8.726090e-01
6 10 1.098880e+00
6 11 1.375400e+00
6 12 1.721430e+00
6 13 2.149640e+00
6 14 2.686450e+00
6 15 3.339670e+00
6 16 4.148630e+00
6 17 5.129940e+00
6 18 6.314640e+00
6 19 7.722510e+00
6 20 9.387330e+00
6 21 1.129640e+01
6 22 1.344300e+01
6 23 1.576320e+01
6 24 1.814420e+01
6 25 2.040940e+01
6 26 2.229880e+01
6 27 2.348810e+01
6 28 2.363000e+01
6 29 2.243900e+01
6 30 1.981820e+01
6 31 1.598150e+01
6 32 1.149720e+01
6 33 7.170120e+00
6 34 3.739280e+00
6 35 1.559560e+00
6 36 4.922400e-01
6 37 1.098000e-01
6 38 1.590530e-02
6 39 1.347620e-03
6 40 6.616200e-05
7 1 2.000010e-01
7 2 8.268940e-02
7 3 1.240600e-01
7 4 1.713700e-01
7 5 2.469010e-01
7 6 3.512930e-01
7 7 4.857210e-01
7 8 6.227540e-01
7 9 7.786060e-01
7 10 9.804980e-01
7 11 1.227230e+00
7 12 1.535980e+00
7 13 1.918050e+00
7 14 2.397040e+00
7 15 2.979890e+00
7 16 3.701710e+00
7 17 4.577310e+00
7 18 5.634400e+00
7 19 6.890560e+00
7 20 8.375930e+00
7 21 1.007940e+01
7 22 1.199460e+01
7 23 1.406470e+01
7 24 1.619000e+01
7 25 1.821130e+01
7 26 1.989700e+01
7 27 2.095800e+01
7 28 2.108450e+01
7 29 2.002170e+01
7 30 1.768310e+01
7 31 1.425970e+01
7 32 1.025850e+01
7 33 6.397620e+00
7 34 3.336410e+00
7 35 1.391530e+00
7 36 4.392040e-01
7 37 9.796950e-02
7 38 1.419150e-02
7 39 1.202460e-03
7 40 5.911110e-05
8 1 1.567330e-01
8 2 6.481340e-02
8 3 9.733170e-02
8 4 1.348170e-01
8 5 1.946630e-01
8 6 2.774660e-01
8 7 3.927620e-01
8 8 5.455370e-01
8 9 6.946650e-01
8 10 8.748690e-01
8 11 1.095020e+00
8 12 1.370510e+00
8 13 1.711420e+00
8 14 2.138800e+00
8 15 2.658860e+00
8 16 3.302920e+00
8 17 4.084200e+00
8 18 5.027420e+00
8 19 6.148250e+00
8 20 7.473500e+00
8 21 8.993550e+00
8 22 1.070230e+01
8 23 1.254910e+01
8 24 1.444600e+01
8 25 1.624990e+01
8 26 1.775400e+01
8 27 1.870040e+01
8 28 1.881320e+01
8 29 1.786470e+01
8 30 1.577800e+01
8 31 1.272340e+01
8 32 9.153220e+00
8 33 5.708310e+00
8 34 2.976920e+00
8 35 1.241590e+00
8 36 3.918800e-01
8 37 8.741330e-02
8 38 1.266240e-02
8 39 1.072940e-03
8 40 5.294790e-05
9 1 1.284910e-01
9 2 5.209250e-02
9 3 7.694020e-02
9 4 1.058100e-01
9 5 1.533400e-01
9 6 2.193890e-01
9 7 3.111630e-01
9 8 4.422610e-01
9 9 6.093310e-01
9 10 7.813150e-01
9 11 9.780930e-01
9 12 1.224170e+00
9 13 1.528670e+00
9 14 1.910420e+00
9 15 2.374950e+00
9 16 2.950230e+00
9 17 3.648080e+00
9 18 4.490590e+00
9 19 5.491780e+00
9 20 6.675490e+00
9 21 8.033150e+00
9 22 9.559490e+00
9 23 1.120890e+01
9 24 1.290310e+01
9 25 1.451510e+01
9 26 1.585870e+01
9 27 1.670400e+01
9 28 1.680440e+01
9 29 1.595710e+01
9 30 1.409310e+01
9 31 1.136460e+01
9 32 8.175710e+00
9 33 5.098680e+00
9 34 2.658980e+00
9 35 1.108990e+00
9 36 3.500270e-01
9 37 7.807720e-02
9 38 1.131000e-02
9 39 9.583840e-04
9 40 4.763820e-05
10 1 1.008840e-01
10 2 4.083730e-02
10 3 6.056000e-02
10 4 8.345540e-02
10 5 1.208780e-01
10 6 1.731850e-01
10 7 2.459980e-01
10 8 3.500450e-01
10 9 4.937060e-01
10 10 6.851390e-01
10 11 8.735460e-01
10 12 1.093410e+00
10 13 1.365390e+00
10 14 1.706360e+00
10 15 2.121270e+00
10 16 2.635100e+00
10 17 3.258420e+00
10 18 4.010940e+00
10 19 4.905180e+00
10 20 5.962460e+00
10 21 7.175130e+00
10 22 8.538410e+00
10 23 1.001200e+01
10 24 1.152450e+01
10 25 1.296450e+01
10 26 1.416530e+01
10 27 1.492010e+01
10 28 1.500970e+01
10 29 1.425270e+01
10 30 1.258770e+01
10 31 1.015060e+01
10 32 7.302280e+00
10 33 4.553970e+00
10 34 2.374900e+00
10 35 9.905050e-01
10 36 3.126300e-01
10 37 6.973520e-02
10 38 1.010160e-02
10 39 8.561250e-04
10 40 4.263470e-05
11 1 7.815080e-02
11 2 3.161560e-02
11 3 4.677300e-02
11 4 6.429900e-02
11 5 9.317640e-02
11 6 1.343820e-01
11 7 1.923860e-01
11 8 2.751900e-01
11 9 3.895740e-01
11 10 5.544300e-01
11 11 7.661290e-01
11 12 9.771270e-01
11 13 1.220270e+00
11 14 1.525000e+00
11 15 1.895810e+00
11 16 2.355030e+00
11 17 2.912100e+00
11 18 3.584650e+00
11 19 4.383830e+00
11 20 5.328760e+00
11 21 6.412580e+00
11 22 7.630930e+00
11 23 8.948160e+00
11 24 1.029960e+01
11 25 1.158620e+01
11 26 1.265980e+01
11 27 1.333480e+01
11 28 1.341460e+01
11 29 1.273790e+01
11 30 1.124970e+01
11 31 9.071580e+00
11 32 6.526020e+00
11 33 4.069880e+00
11 34 2.122440e+00
11 35 8.852070e-01
11 36 2.793940e-01
11 37 6.232150e-02
11 38 9.027640e-03
11 39 7.652260e-04
11 40 3.870900e-05
12 1 6.416630e-02
12 2 2.592610e-02
12 3 3.820270e-02
12 4 5.213110e-02
12 5 7.466880e-02
12 6 1.059620e-01
12 7 1.507250e-01
12 8 2.165200e-01
12 9 3.078110e-01
12 10 4.390780e-01
12 11 6.213200e-01
12 12 8.583820e-01
12 13 1.091910e+00
12 14 1.364700e+00
12 15 1.696520e+00
12 16 2.107470e+00
12 17 2.605970e+00
12 18 3.207820e+00
12 19 3.923000e+00
12 20 4.768570e+00
12 21 5.738520e+00
12 22 6.828800e+00
12 23 8.007390e+00
12 24 9.217020e+00
12 25 1.036820e+01
12 26 1.132860e+01
12 27 1.193350e+01
12 28 1.200460e+01
12 29 1.139890e+01
12 30 1.006700e+01
12 31 8.117780e+00
12 32 5.839860e+00
12 33 3.642000e+00
12 34 1.899290e+00
12 35 7.921370e-01
12 36 2.500180e-01
12 37 5.576890e-02
12 38 8.078420e-03
12 39 6.848100e-04
12 40 3.604690e-05
13 1 4.801760e-02
13 2 1.939990e-02
13 3 2.857850e-02
13 4 3.894060e-02
13 5 5.576190e-02
13 6 7.962220e-02
13 7 1.140270e-01
13 8 1.651250e-01
13 9 2.378670e-01
13 10 3.428240e-01
13 11 4.884500e-01
13 12 6.937170e-01
13 13 9.591020e-01
13 14 1.221830e+00
13 15 1.518970e+00
13 16 1.886900e+00
13 17 2.333230e+00
13 18 2.872090e+00
13 19 3.512430e+00
13 20 4.269490e+00
13 21 5.137930e+00
13 22 6.114140e+00
13 23 7.169300e+00
13 24 8.252400e+00
13 25 9.283290e+00
13 26 1.014270e+01
13 27 1.068430e+01
13 28 1.074840e+01
13 29 1.020610e+01
13 30 9.013360e+00
13 31 7.268180e+00
13 32 5.228650e+00
13 33 3.260820e+00
13 34 1.700500e+00
13 35 7.092310e-01
13 36 2.238510e-01
13 37 4.993220e-02
13 38 7.232960e-03
13 39 6.132250e-04
13 40 3.267900e-05
14 1 4.079680e-02
14 2 1.648570e-02
14 3 2.428500e-02
14 4 3.308770e-02
14 5 4.727990e-02
14 6 6.700850e-02
14 7 9.478250e-02
14 8 1.348330e-01
14 9 1.906120e-01
14 10 2.731120e-01
14 11 3.884650e-01
14 12 5.508570e-01
14 13 7.783140e-01
14 14 1.075260e+00
14 15 1.362060e+00
14 16 1.692000e+00
14 17 2.092230e+00
14 18 2.575420e+00
14 19 3.149620e+00
14 20 3.828490e+00
14 21 4.607210e+00
14 22 5.482590e+00
14 23 6.428790e+00
14 24 7.399950e+00
14 25 8.324560e+00
14 26 9.094910e+00
14 27 9.580210e+00
14 28 9.638320e+00
14 29 9.152010e+00
14 30 8.082420e+00
14 31 6.517500e+00
14 32 4.688600e+00
14 33 2.923990e+00
14 34 1.524860e+00
14 35 6.359760e-01
14 36 2.007320e-01
14 37 4.477520e-02
14 38 6.485970e-03
14 39 5.500260e-04
14 40 2.927780e-05
15 1 3.240300e-02
15 2 1.309350e-02
15 3 1.928900e-02
15 4 2.628150e-02
15 5 3.754060e-02
15 6 5.312700e-02
15 7 7.493380e-02
15 8 1.065700e-01
15 9 1.512390e-01
15 10 2.166740e-01
15 11 3.079660e-01
15 12 4.366060e-01
15 13 6.169930e-01
15 14 8.724460e-01
15 15 1.199880e+00
15 16 1.519120e+00
15 17 1.878440e+00
15 18 2.312250e+00
15 19 2.827770e+00
15 20 3.437310e+00
15 21 4.136400e+00
15 22 4.922310e+00
15 23 5.771770e+00
15 24 6.643840e+00
15 25 7.473680e+00
15 26 8.165770e+00
15 27 8.601010e+00
15 28 8.653230e+00
15 29 8.216860e+00
15 30 7.256670e+00
15 31 5.851500e+00
15 32 4.209500e+00
15 33 2.625170e+00
15 34 1.369040e+00
15 35 5.709880e-01
15 36 1.802200e-01
15 37 4.020010e-02
15 38 5.823200e-03
15 39 4.941380e-04
15 40 2.642250e-05
16 1 2.529150e-02
16 2 1.022020e-02
16 3 1.505540e-02
16 4 2.051360e-02
16 5 2.930140e-02
16 6 4.145680e-02
16 7 5.839910e-02
16 8 8.281840e-02
16 9 1.171950e-01
16 10 1.679110e-01
16 11 2.399350e-01
16 12 3.425700e-01
16 13 4.863980e-01
16 14 6.900140e-01
16 15 9.732170e-01
16 16 1.340690e+00
16 17 1.690430e+00
16 18 2.080810e+00
16 19 2.544720e+00
16 20 3.093220e+00
16 21 3.722350e+00
16 22 4.429620e+00
16 23 5.194060e+00
16 24 5.978860e+00
16 25 6.725590e+00
16 26 7.348540e+00
16 27 7.740160e+00
16 28 7.786850e+00
16 29 7.394370e+00
16 30 6.530420e+00
16 31 5.265870e+00
16 32 3.788160e+00
16 33 2.362410e+00
16 34 1.231970e+00
16 35 5.138310e-01
16 36 1.621790e-01
16 37 3.617620e-02
16 38 5.240320e-03
16 39 4.448930e-04
16 40 2.380720e-05
17 1 2.075090e-02
17 2 8.386040e-03
17 3 1.235410e-02
17 4 1.683190e-02
17 5 2.404410e-02
17 6 3.402120e-02
17 7 4.792200e-02
17 8 6.787330e-02
17 9 9.564620e-02
17 10 1.361470e-01
17 11 1.931470e-01
17 12 2.741770e-01
17 13 3.878420e-01
17 14 5.489000e-01
17 15 7.731790e-01
17 16 1.089360e+00
17 17 1.495050e+00
17 18 1.876900e+00
17 19 2.295310e+00
17 20 2.790010e+00
17 21 3.357500e+00
17 22 3.995430e+00
17 23 4.685000e+00
17 24 5.392800e+00
17 25 6.066500e+00
17 26 6.628220e+00
17 27 6.981670e+00
17 28 7.023530e+00
17 29 6.669520e+00
17 30 5.890370e+00
17 31 4.749830e+00
17 32 3.416890e+00
17 33 2.130900e+00
17 34 1.111200e+00
17 35 4.634600e-01
17 36 1.462830e-01
17 37 3.263040e-02
17 38 4.726700e-03
17 39 4.013620e-04
17 40 2.400010e-05
18 1 1.631750e-02
18 2 6.595310e-03
18 3 9.715700e-03
18 4 1.323770e-02
18 5 1.890930e-02
18 6 2.675460e-02
18 7 3.768450e-02
18 8 5.333250e-02
18 9 7.502190e-02
18 10 1.065830e-01
18 11 1.510530e-01
18 12 2.147610e-01
18 13 3.050850e-01
18 14 4.332750e-01
18 15 6.116120e-01
18 16 8.631050e-01
18 17 1.214370e+00
18 18 1.663930e+00
18 19 2.076330e+00
18 20 2.523810e+00
18 21 3.037130e+00
18 22 3.614180e+00
18 23 4.237970e+00
18 24 4.878200e+00
18 25 5.487540e+00
18 26 5.995570e+00
18 27 6.315590e+00
18 28 6.353470e+00
18 29 6.033030e+00
18 30 5.328260e+00
18 31 4.296670e+00
18 32 3.090930e+00
18 33 1.927590e+00
18 34 1.005220e+00
18 35 4.192320e-01
18 36 1.323240e-01
18 37 2.951660e-02
18 38 4.275710e-03
18 39 3.630510e-04
18 40 2.450490e-05
19 1 1.240380e-02
19 2 5.014890e-03
19 3 7.387590e-03
19 4 1.006530e-02
19 5 1.437690e-02
19 6 2.034110e-02
19 7 2.864880e-02
19 8 4.053750e-02
19 9 5.696870e-02
19 10 8.076830e-02
19 11 1.142460e-01
19 12 1.624600e-01
19 13 2.319520e-01
19 14 3.333240e-01
19 15 4.761790e-01
19 16 6.773410e-01
19 17 9.579660e-01
19 18 1.350120e+00
19 19 1.847320e+00
19 20 2.293760e+00
19 21 2.760190e+00
19 22 3.284620e+00
19 23 3.851540e+00
19 24 4.433350e+00
19 25 4.987140e+00
19 26 5.448760e+00
19 27 5.739510e+00
19 28 5.774230e+00
19 29 5.483050e+00
19 30 4.842350e+00
19 31 3.904850e+00
19 32 2.809140e+00
19 33 1.751820e+00
19 34 9.135840e-01
19 35 3.810130e-01
19 36 1.202570e-01
19 37 2.682480e-02
19 38 3.885830e-03
19 39 3.299980e-04
19 40 2.208800e-05
20 1 1.033160e-02
20 2 4.177250e-03
20 3 6.153500e-03
20 4 8.384700e-03
20 5 1.197700e-02
20 6 1.694570e-02
20 7 2.387000e-02
20 8 3.377890e-02
20 9 4.746910e-02
20 10 6.722900e-02
20 11 9.471420e-02
20 12 1.336370e-01
20 13 1.885710e-01
20 14 2.667670e-01
20 15 3.777810e-01
20 16 5.373740e-01
20 17 7.602790e-01
20 18 1.071210e+00
20 19 1.502920e+00
20 20 2.048890e+00
20 21 2.519580e+00
20 22 2.998140e+00
20 23 3.515570e+00
20 24 4.046630e+00
20 25 4.552070e+00
20 26 4.973530e+00
20 27 5.238810e+00
20 28 5.270630e+00
20 29 5.004970e+00
20 30 4.420080e+00
20 31 3.564260e+00
20 32 2.564100e+00
20 33 1.599070e+00
20 34 8.339040e-01
20 35 3.477960e-01
20 36 1.097730e-01
20 37 2.448490e-02
20 38 3.546820e-03
20 39 3.013930e-04
20 40 1.995290e-05
21 1 8.363630e-03
21 2 3.381070e-03
21 3 4.981050e-03
21 4 6.786800e-03
21 5 9.694620e-03
21 6 1.371750e-02
21 7 1.932190e-02
21 8 2.734330e-02
21 9 3.842860e-02
21 10 5.442370e-02
21 11 7.666390e-02
21 12 1.081120e-01
21 13 1.524620e-01
21 14 2.159930e-01
21 15 3.051970e-01
21 16 4.311700e-01
21 17 6.069670e-01
21 18 8.525570e-01
21 19 1.193900e+00
21 20 1.669480e+00
21 21 2.262990e+00
21 22 2.754620e+00
21 23 3.229770e+00
21 24 3.717760e+00
21 25 4.182120e+00
21 26 4.569290e+00
21 27 4.813090e+00
21 28 4.842090e+00
21 29 4.598210e+00
21 30 4.061040e+00
21 31 3.274640e+00
21 32 2.355740e+00
21 33 1.469130e+00
21 34 7.661510e-01
21 35 3.195330e-01
21 36 1.008530e-01
21 37 2.249580e-02
21 38 3.258520e-03
21 39 2.774780e-04
21 40 1.809660e-05
22 1 6.640320e-03
22 2 2.685160e-03
22 3 3.955840e-03
22 4 5.389930e-03
22 5 7.699500e-03
22 6 1.089440e-02
22 7 1.534510e-02
22 8 2.171590e-02
22 9 3.051950e-02
22 10 4.322150e-02
22 11 6.088400e-02
22 12 8.581830e-02
22 13 1.208820e-01
22 14 1.710150e-01
22 15 2.415750e-01
22 16 3.416210e-01
22 17 4.813780e-01
22 18 6.766040e-01
22 19 9.476770e-01
22 20 1.325430e+00
22 21 1.847070e+00
22 22 2.492070e+00
22 23 2.993450e+00
22 24 3.445150e+00
22 25 3.875430e+00
22 26 4.234100e+00
22 27 4.459900e+00
22 28 4.487040e+00
22 29 4.260850e+00
22 30 3.763320e+00
22 31 3.034620e+00
22 32 2.183060e+00
22 33 1.361410e+00
22 34 7.099820e-01
22 35 2.961040e-01
22 36 9.345750e-02
22 37 2.084690e-02
22 38 3.019780e-03
22 39 2.571320e-04
22 40 1.650340e-05
23 1 5.155480e-03
23 2 2.085530e-03
23 3 3.072370e-03
23 4 4.186400e-03
23 5 5.979930e-03
23 6 8.461130e-03
23 7 1.191820e-02
23 8 1.686490e-02
23 9 2.370060e-02
23 10 3.356490e-02
23 11 4.727500e-02
23 12 6.662760e-02
23 13 9.378020e-02
23 14 1.323610e-01
23 15 1.865210e-01
23 16 2.640160e-01
23 17 3.739910e-01
23 18 5.294720e-01
23 19 7.459040e-01
23 20 1.047010e+00
23 21 1.462120e+00
23 22 2.034040e+00
23 23 2.729790e+00
23 24 3.225280e+00
23 25 3.627970e+00
23 26 3.963610e+00
23 27 4.174990e+00
23 28 4.200570e+00
23 29 3.988770e+00
23 30 3.522780e+00
23 31 2.840860e+00
23 32 2.043660e+00
23 33 1.274490e+00
23 34 6.646320e-01
23 35 2.772020e-01
23 36 8.749080e-02
23 37 1.951560e-02
23 38 2.826990e-03
23 39 2.408150e-04
23 40 1.514900e-05
24 1 4.127230e-03
24 2 1.670150e-03
24 3 2.460420e-03
24 4 3.352360e-03
24 5 4.788970e-03
24 6 6.776170e-03
24 7 9.544470e-03
24 8 1.350710e-02
24 9 1.898190e-02
24 10 2.688110e-02
24 11 3.786510e-02
24 12 5.336780e-02
24 13 7.511010e-02
24 14 1.059380e-01
24 15 1.489610e-01
24 16 2.101040e-01
24 17 2.965410e-01
24 18 4.189330e-01
24 19 5.905600e-01
24 20 8.298210e-01
24 21 1.159600e+00
24 22 1.613280e+00
24 23 2.233550e+00
24 24 2.973330e+00
24 25 3.441530e+00
24 26 3.760120e+00
24 27 3.960730e+00
24 28 3.984680e+00
24 29 3.783840e+00
24 30 3.341730e+00
24 31 2.694740e+00
24 32 1.938600e+00
24 33 1.208990e+00
24 34 6.304810e-01
24 35 2.629520e-01
24 36 8.299610e-02
24 37 1.851260e-02
24 38 2.681690e-03
24 39 2.288920e-04
24 40 1.450180e-05
25 1 3.290600e-03
25 2 1.331350e-03
25 3 1.961320e-03
25 4 2.672440e-03
25 5 3.817450e-03
25 6 5.401580e-03
25 7 7.608790e-03
25 8 1.076750e-02
25 9 1.513250e-02
25 10 2.143080e-02
25 11 3.018570e-02
25 12 4.254460e-02
25 13 5.988180e-02
25 14 8.445260e-02
25 15 1.186660e-01
25 16 1.670950e-01
25 17 2.354170e-01
25 18 3.320610e-01
25 19 4.678340e-01
25 20 6.577360e-01
25 21 9.196000e-01
25 22 1.280270e+00
25 23 1.772600e+00
25 24 2.440500e+00
25 25 3.217790e+00
25 26 3.629330e+00
25 27 3.822960e+00
25 28 3.846080e+00
25 29 3.652200e+00
25 30 3.225570e+00
25 31 2.600980e+00
25 32 1.871130e+00
25 33 1.166900e+00
25 34 6.085440e-01
25 35 2.538020e-01
25 36 8.010640e-02
25 37 1.786860e-02
25 38 2.588370e-03
25 39 2.213670e-04
25 40 1.445180e-05
26 1 2.463180e-03
26 2 9.985460e-04
26 3 1.470980e-03
26 4 2.004240e-03
26 5 2.862830e-03
26 6 4.050520e-03
26 7 5.705260e-03
26 8 8.073090e-03
26 9 1.134460e-02
26 10 1.606480e-02
26 11 2.262480e-02
26 12 3.188120e-02
26 13 4.486130e-02
26 14 6.324930e-02
26 15 8.883330e-02
26 16 1.249060e-01
26 17 1.753360e-01
26 18 2.466190e-01
26 19 3.479280e-01
26 20 4.933630e-01
26 21 7.004700e-01
26 22 9.910890e-01
26 23 1.387730e+00
26 24 1.924730e+00
26 25 2.646280e+00
26 26 3.458540e+00
26 27 3.779410e+00
26 28 3.802250e+00
26 29 3.610600e+00
26 30 3.188700e+00
26 31 2.571420e+00
26 32 1.849820e+00
26 33 1.153600e+00
26 34 6.016010e-01
26 35 2.509080e-01
26 36 7.919150e-02
26 37 1.766480e-02
26 38 2.558790e-03
26 39 2.186270e-04
26 40 1.402360e-05
27 1 2.026390e-03
27 2 8.210090e-04
27 3 1.209490e-03
27 4 1.647880e-03
27 5 2.353960e-03
27 6 3.330700e-03
27 7 4.691230e-03
27 8 6.638800e-03
27 9 9.329860e-03
27 10 1.321210e-02
27 11 1.861020e-02
27 12 2.622900e-02
27 13 3.691160e-02
27 14 5.205300e-02
27 15 7.312830e-02
27 16 1.028470e-01
27 17 1.443460e-01
27 18 2.024150e-01
27 19 2.837110e-01
27 20 3.987510e-01
27 21 5.608380e-01
27 22 7.883740e-01
27 23 1.101880e+00
27 24 1.526460e+00
27 25 2.097270e+00
27 26 2.855900e+00
27 27 3.675240e+00
27 28 3.857380e+00
27 29 3.662930e+00
27 30 3.234890e+00
27 31 2.608610e+00
27 32 1.876650e+00
27 33 1.170330e+00
27 34 6.103220e-01
27 35 2.545430e-01
27 36 8.033930e-02
27 37 1.792070e-02
27 38 2.595840e-03
27 39 2.215830e-04
27 40 1.384240e-05
28 1 1.603870e-03
28 2 6.504870e-04
28 3 9.582820e-04
28 4 1.305690e-03
28 5 1.865030e-03
28 6 2.638880e-03
28 7 3.717000e-03
28 8 5.259770e-03
28 9 7.391790e-03
28 10 1.046800e-02
28 11 1.474400e-02
28 12 2.077980e-02
28 13 2.924540e-02
28 14 4.124070e-02
28 15 5.793830e-02
28 16 8.148970e-02
28 17 1.143640e-01
28 18 1.602700e-01
28 19 2.240890e-01
28 20 3.135920e-01
28 21 4.390510e-01
28 22 6.167430e-01
28 23 8.652250e-01
28 24 1.203580e+00
28 25 1.657940e+00
28 26 2.262300e+00
28 27 3.056160e+00
28 28 3.869190e+00
28 29 3.861950e+00
28 30 3.410760e+00
28 31 2.750310e+00
28 32 1.978550e+00
28 33 1.233920e+00
28 34 6.434810e-01
28 35 2.683730e-01
28 36 8.470480e-02
28 37 1.889420e-02
28 38 2.736900e-03
28 39 2.332150e-04
28 40 1.399160e-05
29 1 1.226170e-03
29 2 4.988610e-04
29 3 7.348740e-04
29 4 1.001240e-03
29 5 1.430220e-03
29 6 2.023550e-03
29 7 2.850080e-03
29 8 4.033130e-03
29 9 5.667450e-03
29 10 8.025270e-03
29 11 1.130330e-02
29 12 1.592870e-02
29 13 2.241470e-02
29 14 3.160660e-02
29 15 4.439540e-02
29 16 6.242610e-02
29 17 8.759290e-02
29 18 1.227090e-01
29 19 1.714270e-01
29 20 2.392090e-01
29 21 3.325350e-01
29 22 4.628140e-01
29 23 6.483050e-01
29 24 9.115920e-01
29 25 1.278340e+00
29 26 1.769230e+00
29 27 2.411900e+00
29 28 3.243740e+00
29 29 4.039830e+00
29 30 3.789340e+00
29 31 3.055610e+00
29 32 2.198060e+00
29 33 1.370800e+00
29 34 7.148750e-01
29 35 2.981500e-01
29 36 9.410330e-02
29 37 2.099080e-02
29 38 3.040640e-03
29 39 2.587980e-04
29 40 1.464940e-05
30 1 9.967530e-04
30 2 4.059550e-04
30 3 5.980350e-04
30 4 8.148010e-04
30 5 1.163890e-03
30 6 1.646780e-03
30 7 2.319450e-03
30 8 3.282190e-03
30 9 4.612460e-03
30 10 6.531550e-03
30 11 9.199510e-03
30 12 1.296500e-02
30 13 1.824510e-02
30 14 2.572840e-02
30 15 3.614360e-02
30 16 5.083000e-02
30 17 7.133200e-02
30 18 9.995350e-02
30 19 1.396770e-01
30 20 1.949870e-01
30 21 2.714770e-01
30 22 3.779430e-01
30 23 5.264000e-01
30 24 7.336820e-01
30 25 1.020740e+00
30 26 1.405730e+00
30 27 1.911010e+00
30 28 2.565840e+00
30 29 3.402910e+00
30 30 4.138610e+00
30 31 3.593860e+00
30 32 2.585230e+00
30 33 1.612150e+00
30 34 8.407650e-01
30 35 3.506560e-01
30 36 1.106750e-01
30 37 2.468770e-02
30 38 3.576150e-03
30 39 3.040210e-04
30 40 1.635380e-05
31 1 8.066260e-04
31 2 3.278520e-04
31 3 4.829790e-04
31 4 6.580770e-04
31 5 9.399910e-04
31 6 1.330010e-03
31 7 1.873400e-03
31 8 2.650970e-03
31 9 3.725490e-03
31 10 5.275990e-03
31 11 7.431130e-03
31 12 1.047330e-02
31 13 1.474060e-02
31 14 2.078770e-02
31 15 2.920610e-02
31 16 4.108190e-02
31 17 5.765990e-02
31 18 8.081030e-02
31 19 1.129570e-01
31 20 1.577050e-01
31 21 2.193860e-01
31 22 3.044170e-01
31 23 4.213690e-01
31 24 5.823600e-01
31 25 8.039070e-01
31 26 1.107390e+00
31 27 1.509880e+00
31 28 2.030650e+00
31 29 2.696320e+00
31 30 3.535970e+00
31 31 4.189960e+00
31 32 3.305990e+00
31 33 2.061490e+00
31 34 1.075170e+00
31 35 4.484090e-01
31 36 1.415280e-01
31 37 3.156940e-02
31 38 4.572940e-03
31 39 3.885340e-04
31 40 1.982790e-05
32 1 6.403780e-04
32 2 2.610470e-04
32 3 3.845590e-04
32 4 5.239640e-04
32 5 7.484540e-04
32 6 1.058990e-03
32 7 1.491610e-03
32 8 2.110800e-03
32 9 2.966340e-03
32 10 4.200790e-03
32 11 5.917000e-03
32 12 8.339350e-03
32 13 1.173700e-02
32 14 1.655260e-02
32 15 2.325600e-02
32 16 3.271180e-02
32 17 4.591510e-02
32 18 6.435140e-02
32 19 8.994970e-02
32 20 1.255920e-01
32 21 1.747110e-01
32 22 2.422980e-01
32 23 3.346730e-01
32 24 4.606200e-01
32 25 6.330590e-01
32 26 8.703060e-01
32 27 1.189610e+00
32 28 1.605020e+00
32 29 2.135040e+00
32 30 2.803980e+00
32 31 3.638920e+00
32 32 4.190890e+00
32 33 2.940730e+00
32 34 1.533410e+00
32 35 6.395520e-01
32 36 2.018670e-01
32 37 4.502800e-02
32 38 6.522480e-03
32 39 5.531830e-04
32 40 2.732570e-05
33 1 5.094630e-04
33 2 2.080580e-04
33 3 3.065050e-04
33 4 4.176120e-04
33 5 5.965290e-04
33 6 8.440460e-04
33 7 1.188860e-03
33 8 1.682340e-03
33 9 2.364270e-03
33 10 3.348160e-03
33 11 4.715990e-03
33 12 6.646810e-03
33 13 9.354850e-03
33 14 1.319310e-02
33 15 1.853660e-02
33 16 2.607400e-02
33 17 3.659840e-02
33 18 5.129620e-02
33 19 7.170330e-02
33 20 1.001180e-01
33 21 1.392830e-01
33 22 1.931700e-01
33 23 2.667400e-01
33 24 3.665850e-01
33 25 5.018860e-01
33 26 6.869070e-01
33 27 9.375810e-01
33 28 1.267600e+00
33 29 1.689620e+00
33 30 2.221230e+00
33 31 2.884810e+00
33 32 3.706880e+00
33 33 4.139390e+00
33 34 2.517820e+00
33 35 1.050060e+00
33 36 3.313990e-01
33 37 7.392440e-02
33 38 1.070850e-02
33 39 9.075000e-04
33 40 4.447970e-05
34 1 4.113310e-04
34 2 1.679790e-04
34 3 2.474570e-04
34 4 3.371780e-04
34 5 4.816320e-04
34 6 6.814640e-04
34 7 9.599170e-04
34 8 1.358380e-03
34 9 1.908980e-03
34 10 2.703610e-03
34 11 3.808230e-03
34 12 5.367540e-03
34 13 7.555300e-03
34 14 1.065590e-02
34 15 1.497260e-02
34 16 2.106400e-02
34 17 2.957010e-02
34 18 4.145170e-02
34 19 5.795760e-02
34 20 8.094230e-02
34 21 1.126290e-01
34 22 1.562550e-01
34 23 2.158080e-01
34 24 2.965270e-01
34 25 4.051930e-01
34 26 5.506460e-01
34 27 7.460140e-01
34 28 1.005280e+00
34 29 1.339520e+00
34 30 1.760720e+00
34 31 2.286350e+00
34 32 2.937620e+00
34 33 3.743010e+00
34 34 4.040500e+00
34 35 2.066540e+00
34 36 6.522000e-01
34 37 1.454690e-01
34 38 2.107310e-02
34 39 1.785390e-03
34 40 8.389880e-05
35 1 3.334850e-04
35 2 1.365280e-04
35 3 2.011330e-04
35 4 2.740410e-04
35 5 3.914680e-04
35 6 5.539200e-04
35 7 7.802120e-04
35 8 1.104160e-03
35 9 1.551830e-03
35 10 2.197700e-03
35 11 3.095890e-03
35 12 4.363990e-03
35 13 6.142770e-03
35 14 8.665140e-03
35 15 1.217770e-02
35 16 1.713340e-02
35 17 2.405760e-02
35 18 3.373290e-02
35 19 4.717420e-02
35 20 6.590790e-02
35 21 9.174780e-02
35 22 1.273210e-01
35 23 1.759290e-01
35 24 2.418560e-01
35 25 3.305490e-01
35 26 4.489260e-01
35 27 6.057850e-01
35 28 8.099490e-01
35 29 1.071200e+00
35 30 1.401610e+00
35 31 1.814470e+00
35 32 2.327530e+00
35 33 2.963120e+00
35 34 3.751710e+00
35 35 3.906310e+00
35 36 1.623780e+00
35 37 3.621820e-01
35 38 5.246120e-02
35 39 4.444280e-03
35 40 2.028960e-04
36 1 2.590790e-04
36 2 1.068500e-04
36 3 1.574110e-04
36 4 2.144730e-04
36 5 3.063640e-04
36 6 4.334930e-04
36 7 6.105930e-04
36 8 8.640680e-04
36 9 1.214360e-03
36 10 1.719780e-03
36 11 2.422480e-03
36 12 3.414570e-03
36 13 4.806170e-03
36 14 6.778900e-03
36 15 9.525950e-03
36 16 1.340150e-02
36 17 1.881440e-02
36 18 2.637650e-02
36 19 3.688020e-02
36 20 5.151210e-02
36 21 7.169080e-02
36 22 9.946820e-02
36 23 1.374000e-01
36 24 1.888430e-01
36 25 2.580710e-01
36 26 3.502590e-01
36 27 4.721140e-01
36 28 6.324120e-01
36 29 8.410050e-01
36 30 1.106630e+00
36 31 1.438180e+00
36 32 1.848450e+00
36 33 2.355820e+00
36 34 2.984520e+00
36 35 3.767390e+00
36 36 3.771460e+00
36 37 1.226350e+00
36 38 1.776290e-01
36 39 1.504830e-02
36 40 6.756030e-04
37 1 2.015450e-04
37 2 8.401760e-05
37 3 1.237680e-04
37 4 1.686450e-04
37 5 2.408950e-04
37 6 3.408370e-04
37 7 4.801100e-04
37 8 6.794000e-04
37 9 9.547660e-04
37 10 1.352200e-03
37 11 1.904640e-03
37 12 2.684450e-03
37 13 3.778640e-03
37 14 5.329330e-03
37 15 7.488150e-03
37 16 1.053470e-02
37 17 1.478850e-02
37 18 2.072950e-02
37 19 2.898320e-02
37 20 4.047640e-02
37 21 5.632120e-02
37 22 7.813840e-02
37 23 1.079290e-01
37 24 1.483120e-01
37 25 2.026610e-01
37 26 2.750640e-01
37 27 3.704860e-01
37 28 4.951510e-01
37 29 6.569190e-01
37 30 8.658280e-01
37 31 1.132390e+00
37 32 1.464030e+00
37 33 1.871650e+00
37 34 2.374250e+00
37 35 2.998580e+00
37 36 3.779170e+00
37 37 3.623260e+00
37 38 8.842850e-01
37 39 7.490440e-02
37 40 3.327080e-03
38 1 1.562030e-04
38 2 6.611730e-05
38 3 9.740340e-05
38 4 1.327090e-04
38 5 1.895690e-04
38 6 2.682280e-04
38 7 3.777950e-04
38 8 5.346300e-04
38 9 7.513450e-04
38 10 1.063990e-03
38 11 1.498720e-03
38 12 2.112350e-03
38 13 2.972960e-03
38 14 4.193020e-03
38 15 5.891560e-03
38 16 8.287290e-03
38 17 1.163320e-02
38 18 1.630630e-02
38 19 2.279450e-02
38 20 3.183140e-02
38 21 4.428950e-02
38 22 6.143380e-02
38 23 8.484890e-02
38 24 1.166030e-01
38 25 1.593450e-01
38 26 2.163030e-01
38 27 2.914770e-01
38 28 3.896170e-01
38 29 5.166860e-01
38 30 6.803430e-01
38 31 8.895320e-01
38 32 1.154140e+00
38 33 1.483300e+00
38 34 1.887120e+00
38 35 2.385830e+00
38 36 3.007790e+00
38 37 3.788100e+00
38 38 3.465830e+00
38 39 6.095400e-01
38 40 2.702120e-02
39 1 1.228270e-04
39 2 5.229060e-05
39 3 7.703480e-05
39 4 1.049640e-04
39 5 1.499280e-04
39 6 2.121360e-04
39 7 2.988070e-04
39 8 4.228270e-04
39 9 5.942160e-04
39 10 8.415280e-04
39 11 1.185290e-03
39 12 1.670560e-03
39 13 2.351280e-03
39 14 3.315940e-03
39 15 4.659040e-03
39 16 6.553830e-03
39 17 9.199130e-03
39 18 1.289380e-02
39 19 1.802480e-02
39 20 2.516840e-02
39 21 3.501680e-02
39 22 4.857340e-02
39 23 6.708100e-02
39 24 9.217540e-02
39 25 1.259680e-01
39 26 1.710130e-01
39 27 2.304600e-01
39 28 3.081180e-01
39 29 4.084710e-01
39 30 5.371480e-01
39 31 7.014070e-01
39 32 9.096040e-01
39 33 1.171350e+00
39 34 1.495980e+00
39 35 1.895100e+00
39 36 2.390540e+00
39 37 3.010990e+00
39 38 3.791170e+00
39 39 3.301730e+00
39 40 4.112330e-01
40 1 1.004540e-04
40 2 4.202280e-05
40 3 6.190770e-05
40 4 8.435280e-05
40 5 1.204940e-04
40 6 1.704850e-04
40 7 2.401400e-04
40 8 3.398310e-04
40 9 4.775710e-04
40 10 6.763440e-04
40 11 9.526940e-04
40 12 1.342740e-03
40 13 1.889930e-03
40 14 2.665580e-03
40 15 3.745340e-03
40 16 5.268930e-03
40 17 7.396650e-03
40 18 1.036810e-02
40 19 1.449550e-02
40 20 2.024390e-02
40 21 2.816810e-02
40 22 3.907730e-02
40 23 5.397560e-02
40 24 7.417490e-02
40 25 1.013590e-01
40 26 1.375780e-01
40 27 1.853290e-01
40 28 2.475900e-01
40 29 3.278780e-01
40 30 4.303080e-01
40 31 5.600770e-01
40 32 7.237620e-01
40 33 9.291240e-01
40 34 1.184920e+00
40 35 1.501310e+00
40 36 1.894000e+00
40 37 2.385630e+00
40 38 3.003620e+00
40 39 3.781630e+00
40 40 3.392100e+00
