1 5.007940e+00
2 4.468130e+00
3 3.980050e+00
4 3.545510e+00
5 3.161850e+00
6 2.818100e+00
7 2.511540e+00
8 2.237620e+00
9 1.994940e+00
10 1.777640e+00
11 1.583970e+00
12 1.412150e+00
13 1.258380e+00
14 1.121700e+00
15 9.995270e-01
16 8.909860e-01
17 7.941140e-01
18 7.075560e-01
19 6.308310e-01
20 5.621230e-01
21 5.009480e-01
22 4.466250e-01
23 3.979790e-01
24 3.546830e-01
25 3.161840e-01
26 2.818450e-01
27 2.511630e-01
28 2.238520e-01
29 1.996000e-01
30 1.778850e-01
31 1.585570e-01
32 1.413980e-01
33 1.260370e-01
34 1.123910e-01
35 1.001950e-01
36 8.935400e-02
37 7.974190e-02
38 7.121280e-02
39 6.341190e-02
40 5.648530e-02
