1 1 5.871220e-01
1 2 2.171110e-01
1 3 2.848610e-01
1 4 3.457470e-01
1 5 4.404110e-01
1 6 5.552000e-01
1 7 6.967570e-01
1 8 8.784180e-01
1 9 1.099830e+00
1 10 1.387490e+00
1 11 1.740560e+00
1 12 2.184610e+00
1 13 2.737730e+00
1 14 3.436810e+00
1 15 4.296640e+00
1 16 5.375450e+00
1 17 6.706760e+00
1 18 8.349110e+00
1 19 1.035620e+01
1 20 1.281420e+01
1 21 1.576990e+01
1 22 1.930290e+01
1 23 2.345080e+01
1 24 2.822630e+01
1 25 3.358860e+01
1 26 3.939240e+01
1 27 4.535830e+01
1 28 5.103400e+01
1 29 5.577910e+01
1 30 5.878070e+01
1 31 5.916980e+01
1 32 5.622410e+01
1 33 4.970070e+01
1 34 4.012050e+01
1 35 2.890180e+01
1 36 1.805350e+01
1 37 9.434470e+00
1 38 3.945070e+00
1 39 1.249160e+00
1 40 3.240970e-01
2 1 4.653690e-01
2 2 1.901530e-01
2 3 2.541990e-01
2 4 3.085350e-01
2 5 3.930090e-01
2 6 4.954430e-01
2 7 6.217680e-01
2 8 7.838720e-01
2 9 9.814580e-01
2 10 1.238160e+00
2 11 1.553220e+00
2 12 1.949490e+00
2 13 2.443100e+00
2 14 3.066890e+00
2 15 3.834150e+00
2 16 4.796880e+00
2 17 5.984900e+00
2 18 7.450450e+00
2 19 9.241510e+00
2 20 1.143520e+01
2 21 1.407310e+01
2 22 1.722590e+01
2 23 2.092730e+01
2 24 2.518870e+01
2 25 2.997380e+01
2 26 3.515290e+01
2 27 4.047670e+01
2 28 4.554140e+01
2 29 4.977570e+01
2 30 5.245420e+01
2 31 5.280140e+01
2 32 5.017270e+01
2 33 4.435140e+01
2 34 3.580230e+01
2 35 2.579110e+01
2 36 1.611040e+01
2 37 8.419020e+00
2 38 3.520450e+00
2 39 1.114710e+00
2 40 2.892150e-01
3 1 3.671820e-01
3 2 1.536550e-01
3 3 2.221370e-01
3 4 2.748960e-01
3 5 3.501600e-01
3 6 4.414240e-01
3 7 5.539760e-01
3 8 6.984040e-01
3 9 8.744510e-01
3 10 1.103170e+00
3 11 1.383870e+00
3 12 1.736940e+00
3 13 2.176740e+00
3 14 2.732500e+00
3 15 3.416090e+00
3 16 4.273860e+00
3 17 5.332320e+00
3 18 6.638060e+00
3 19 8.233850e+00
3 20 1.018850e+01
3 21 1.253900e+01
3 22 1.534820e+01
3 23 1.864610e+01
3 24 2.244280e+01
3 25 2.670620e+01
3 26 3.132050e+01
3 27 3.606380e+01
3 28 4.057620e+01
3 29 4.434880e+01
3 30 4.673510e+01
3 31 4.704450e+01
3 32 4.470230e+01
3 33 3.951570e+01
3 34 3.189860e+01
3 35 2.297900e+01
3 36 1.435380e+01
3 37 7.501060e+00
3 38 3.136600e+00
3 39 9.931700e-01
3 40 2.576820e-01
4 1 2.866020e-01
4 2 1.208480e-01
4 3 1.795530e-01
4 4 2.405060e-01
4 5 3.120250e-01
4 6 3.933470e-01
4 7 4.936370e-01
4 8 6.223360e-01
4 9 7.792080e-01
4 10 9.830080e-01
4 11 1.233140e+00
4 12 1.547760e+00
4 13 1.939640e+00
4 14 2.434890e+00
4 15 3.044050e+00
4 16 3.808350e+00
4 17 4.751450e+00
4 18 5.915000e+00
4 19 7.336990e+00
4 20 9.078650e+00
4 21 1.117310e+01
4 22 1.367680e+01
4 23 1.661600e+01
4 24 1.999900e+01
4 25 2.379790e+01
4 26 2.790950e+01
4 27 3.213610e+01
4 28 3.615700e+01
4 29 3.951860e+01
4 30 4.164490e+01
4 31 4.192050e+01
4 32 3.983340e+01
4 33 3.521160e+01
4 34 2.842420e+01
4 35 2.047610e+01
4 36 1.279040e+01
4 37 6.684030e+00
4 38 2.794960e+00
4 39 8.849920e-01
4 40 2.296150e-01
5 1 2.307930e-01
5 2 9.626880e-02
5 3 1.426330e-01
5 4 1.950820e-01
5 5 2.732960e-01
5 6 3.509160e-01
5 7 4.403820e-01
5 8 5.551940e-01
5 9 6.951430e-01
5 10 8.769560e-01
5 11 1.100100e+00
5 12 1.380780e+00
5 13 1.730380e+00
5 14 2.172210e+00
5 15 2.715660e+00
5 16 3.397500e+00
5 17 4.238820e+00
5 18 5.276820e+00
5 19 6.545370e+00
5 20 8.099150e+00
5 21 9.967580e+00
5 22 1.220130e+01
5 23 1.482380e+01
5 24 1.784190e+01
5 25 2.123100e+01
5 26 2.489900e+01
5 27 2.866950e+01
5 28 3.225650e+01
5 29 3.525530e+01
5 30 3.715220e+01
5 31 3.739800e+01
5 32 3.553590e+01
5 33 3.141280e+01
5 34 2.535760e+01
5 35 1.826690e+01
5 36 1.141040e+01
5 37 5.962890e+00
5 38 2.493410e+00
5 39 7.895100e-01
5 40 2.048420e-01
6 1 1.833770e-01
6 2 7.610970e-02
6 3 1.129110e-01
6 4 1.545840e-01
6 5 2.215170e-01
6 6 3.072620e-01
6 7 3.926940e-01
6 8 4.950650e-01
6 9 6.198530e-01
6 10 7.819800e-01
6 11 9.809560e-01
6 12 1.231230e+00
6 13 1.542980e+00
6 14 1.936950e+00
6 15 2.421540e+00
6 16 3.029550e+00
6 17 3.779790e+00
6 18 4.705330e+00
6 19 5.836390e+00
6 20 7.221970e+00
6 21 8.888000e+00
6 22 1.087970e+01
6 23 1.321820e+01
6 24 1.591000e+01
6 25 1.893220e+01
6 26 2.220280e+01
6 27 2.556490e+01
6 28 2.876320e+01
6 29 3.143730e+01
6 30 3.312860e+01
6 31 3.334760e+01
6 32 3.168720e+01
6 33 2.801060e+01
6 34 2.261120e+01
6 35 1.628850e+01
6 36 1.017460e+01
6 37 5.317050e+00
6 38 2.223350e+00
6 39 7.039980e-01
6 40 1.826550e-01
7 1 1.414640e-01
7 2 5.850020e-02
7 3 8.777650e-02
7 4 1.212660e-01
7 5 1.747430e-01
7 6 2.486800e-01
7 7 3.439070e-01
7 8 4.414790e-01
7 9 5.527510e-01
7 10 6.973190e-01
7 11 8.747590e-01
7 12 1.097930e+00
7 13 1.375930e+00
7 14 1.727260e+00
7 15 2.159390e+00
7 16 2.701570e+00
7 17 3.370600e+00
7 18 4.195960e+00
7 19 5.204550e+00
7 20 6.440050e+00
7 21 7.925750e+00
7 22 9.701770e+00
7 23 1.178700e+01
7 24 1.418770e+01
7 25 1.688320e+01
7 26 1.979970e+01
7 27 2.279780e+01
7 28 2.564970e+01
7 29 2.803410e+01
7 30 2.954220e+01
7 31 2.973750e+01
7 32 2.825670e+01
7 33 2.497810e+01
7 34 2.016320e+01
7 35 1.452500e+01
7 36 9.073000e+00
7 37 4.741390e+00
7 38 1.982630e+00
7 39 6.277770e-01
7 40 1.628800e-01
8 1 1.108610e-01
8 2 4.585540e-02
8 3 6.886830e-02
8 4 9.540270e-02
8 5 1.377750e-01
8 6 1.964220e-01
8 7 2.781200e-01
8 8 3.864750e-01
8 9 4.928430e-01
8 10 6.217320e-01
8 11 7.799320e-01
8 12 9.789180e-01
8 13 1.226780e+00
8 14 1.540020e+00
8 15 1.925310e+00
8 16 2.408710e+00
8 17 3.005220e+00
8 18 3.741120e+00
8 19 4.640400e+00
8 20 5.741900e+00
8 21 7.066540e+00
8 22 8.650010e+00
8 23 1.050910e+01
8 24 1.264970e+01
8 25 1.505320e+01
8 26 1.765390e+01
8 27 2.032700e+01
8 28 2.286970e+01
8 29 2.499550e+01
8 30 2.634000e+01
8 31 2.651400e+01
8 32 2.519360e+01
8 33 2.227030e+01
8 34 1.797740e+01
8 35 1.295040e+01
8 36 8.089410e+00
8 37 4.227370e+00
8 38 1.767690e+00
8 39 5.597190e-01
8 40 1.452220e-01
9 1 9.088260e-02
9 2 3.685450e-02
9 3 5.444070e-02
9 4 7.487830e-02
9 5 1.085310e-01
9 6 1.553110e-01
9 7 2.203420e-01
9 8 3.132880e-01
9 9 4.320370e-01
9 10 5.548320e-01
9 11 6.959970e-01
9 12 8.735630e-01
9 13 1.094750e+00
9 14 1.374280e+00
9 15 1.718100e+00
9 16 2.149480e+00
9 17 2.681790e+00
9 18 3.338480e+00
9 19 4.141010e+00
9 20 5.123980e+00
9 21 6.305950e+00
9 22 7.718990e+00
9 23 9.377990e+00
9 24 1.128810e+01
9 25 1.343290e+01
9 26 1.575410e+01
9 27 1.814010e+01
9 28 2.040890e+01
9 29 2.230580e+01
9 30 2.350550e+01
9 31 2.366060e+01
9 32 2.248220e+01
9 33 1.987350e+01
9 34 1.604250e+01
9 35 1.155650e+01
9 36 7.218740e+00
9 37 3.772370e+00
9 38 1.577430e+00
9 39 4.994750e-01
9 40 1.295910e-01
10 1 7.135940e-02
10 2 2.889300e-02
10 3 4.285220e-02
10 4 5.906090e-02
10 5 8.555780e-02
10 6 1.226060e-01
10 7 1.742010e-01
10 8 2.479690e-01
10 9 3.498990e-01
10 10 4.861870e-01
10 11 6.209320e-01
10 12 7.793290e-01
10 13 9.766510e-01
10 14 1.226030e+00
10 15 1.532750e+00
10 16 1.917590e+00
10 17 2.392490e+00
10 18 2.978350e+00
10 19 3.694310e+00
10 20 4.571260e+00
10 21 5.625730e+00
10 22 6.886310e+00
10 23 8.366340e+00
10 24 1.007030e+01
10 25 1.198360e+01
10 26 1.405450e+01
10 27 1.618370e+01
10 28 1.820780e+01
10 29 1.990000e+01
10 30 2.097010e+01
10 31 2.110830e+01
10 32 2.005690e+01
10 33 1.772950e+01
10 34 1.431180e+01
10 35 1.030980e+01
10 36 6.439940e+00
10 37 3.365380e+00
10 38 1.407240e+00
10 39 4.455860e-01
10 40 1.156090e-01
11 1 5.528410e-02
11 2 2.237100e-02
11 3 3.310070e-02
11 4 4.551020e-02
11 5 6.595990e-02
11 6 9.514620e-02
11 7 1.362480e-01
11 8 1.949530e-01
11 9 2.761070e-01
11 10 3.931790e-01
11 11 5.440260e-01
11 12 6.953960e-01
11 13 8.715440e-01
11 14 1.094080e+00
11 15 1.367790e+00
11 16 1.711220e+00
11 17 2.134990e+00
11 18 2.657820e+00
11 19 3.296730e+00
11 20 4.079300e+00
11 21 5.020320e+00
11 22 6.145230e+00
11 23 7.465970e+00
11 24 8.986460e+00
11 25 1.069390e+01
11 26 1.254160e+01
11 27 1.444200e+01
11 28 1.624880e+01
11 29 1.775870e+01
11 30 1.871350e+01
11 31 1.883670e+01
11 32 1.789830e+01
11 33 1.582140e+01
11 34 1.277150e+01
11 35 9.200080e+00
11 36 5.746780e+00
11 37 3.003130e+00
11 38 1.255770e+00
11 39 3.976240e-01
11 40 1.031650e-01
12 1 4.538680e-02
12 2 1.834370e-02
12 3 2.703360e-02
12 4 3.689580e-02
12 5 5.285710e-02
12 6 7.502740e-02
12 7 1.067520e-01
12 8 1.533990e-01
12 9 2.181660e-01
12 10 3.113750e-01
12 11 4.409380e-01
12 12 6.099220e-01
12 13 7.783250e-01
12 14 9.772270e-01
12 15 1.221710e+00
12 16 1.528450e+00
12 17 1.906960e+00
12 18 2.373950e+00
12 19 2.944620e+00
12 20 3.643610e+00
12 21 4.484130e+00
12 22 5.488940e+00
12 23 6.668590e+00
12 24 8.026610e+00
12 25 9.551700e+00
12 26 1.120180e+01
12 27 1.289920e+01
12 28 1.451380e+01
12 29 1.586260e+01
12 30 1.671520e+01
12 31 1.682510e+01
12 32 1.598670e+01
12 33 1.413150e+01
12 34 1.140730e+01
12 35 8.217350e+00
12 36 5.132910e+00
12 37 2.682330e+00
12 38 1.121620e+00
12 39 3.551470e-01
12 40 9.214480e-02
13 1 3.396940e-02
13 2 1.373020e-02
13 3 2.022940e-02
13 4 2.756960e-02
13 5 3.948780e-02
13 6 5.639840e-02
13 7 8.078870e-02
13 8 1.170240e-01
13 9 1.686310e-01
13 10 2.431530e-01
13 11 3.466670e-01
13 12 4.927850e-01
13 13 6.822350e-01
13 14 8.727940e-01
13 15 1.091250e+00
13 16 1.365230e+00
13 17 1.703320e+00
13 18 2.120440e+00
13 19 2.630160e+00
13 20 3.254520e+00
13 21 4.005280e+00
13 22 4.902800e+00
13 23 5.956460e+00
13 24 7.169480e+00
13 25 8.531690e+00
13 26 1.000580e+01
13 27 1.152160e+01
13 28 1.296370e+01
13 29 1.416910e+01
13 30 1.493060e+01
13 31 1.502850e+01
13 32 1.427950e+01
13 33 1.262230e+01
13 34 1.018900e+01
13 35 7.339690e+00
13 36 4.584670e+00
13 37 2.395830e+00
13 38 1.001820e+00
13 39 3.172120e-01
13 40 8.230250e-02
14 1 2.885620e-02
14 2 1.166480e-02
14 3 1.718560e-02
14 4 2.341880e-02
14 5 3.347070e-02
14 6 4.744900e-02
14 7 6.713580e-02
14 8 9.553920e-02
14 9 1.351240e-01
14 10 1.937080e-01
14 11 2.757070e-01
14 12 3.913050e-01
14 13 5.535060e-01
14 14 7.660800e-01
14 15 9.755650e-01
14 16 1.220570e+00
14 17 1.522830e+00
14 18 1.895740e+00
14 19 2.351460e+00
14 20 2.909650e+00
14 21 3.580860e+00
14 22 4.383260e+00
14 23 5.325270e+00
14 24 6.409810e+00
14 25 7.627620e+00
14 26 8.945910e+00
14 27 1.030060e+01
14 28 1.158950e+01
14 29 1.266800e+01
14 30 1.334880e+01
14 31 1.343620e+01
14 32 1.276640e+01
14 33 1.128460e+01
14 34 9.109110e+00
14 35 6.561780e+00
14 36 4.098740e+00
14 37 2.141890e+00
14 38 8.956300e-01
14 39 2.835880e-01
14 40 7.357870e-02
15 1 2.292080e-02
15 2 9.264770e-03
15 3 1.365040e-02
15 4 1.860200e-02
15 5 2.657670e-02
15 6 3.762100e-02
15 7 5.308020e-02
15 8 7.551830e-02
15 9 1.072170e-01
15 10 1.536840e-01
15 11 2.185820e-01
15 12 3.101570e-01
15 13 4.387960e-01
15 14 6.213900e-01
15 15 8.566450e-01
15 16 1.091630e+00
15 17 1.362070e+00
15 18 1.695600e+00
15 19 2.103210e+00
15 20 2.602470e+00
15 21 3.202820e+00
15 22 3.920510e+00
15 23 4.763070e+00
15 24 5.733160e+00
15 25 6.822410e+00
15 26 8.001430e+00
15 27 9.213190e+00
15 28 1.036600e+01
15 29 1.133010e+01
15 30 1.194010e+01
15 31 1.201790e+01
15 32 1.141870e+01
15 33 1.009320e+01
15 34 8.147260e+00
15 35 5.868910e+00
15 36 3.665990e+00
15 37 1.915740e+00
15 38 8.010630e-01
15 39 2.536440e-01
15 40 6.581120e-02
16 1 1.789360e-02
16 2 7.232990e-03
16 3 1.065630e-02
16 4 1.452220e-02
16 5 2.074790e-02
16 6 2.936310e-02
16 7 4.137720e-02
16 8 5.870310e-02
16 9 8.310850e-02
16 10 1.191370e-01
16 11 1.703450e-01
16 12 2.434050e-01
16 13 3.459650e-01
16 14 4.914760e-01
16 15 6.944830e-01
16 16 9.596160e-01
16 17 1.219860e+00
16 18 1.518630e+00
16 19 1.883680e+00
16 20 2.330830e+00
16 21 2.868530e+00
16 22 3.511300e+00
16 23 4.265930e+00
16 24 5.134750e+00
16 25 6.110350e+00
16 26 7.166210e+00
16 27 8.251550e+00
16 28 9.284220e+00
16 29 1.014700e+01
16 30 1.069380e+01
16 31 1.076370e+01
16 32 1.022690e+01
16 33 9.039710e+00
16 34 7.296830e+00
16 35 5.256350e+00
16 36 3.283320e+00
16 37 1.715780e+00
16 38 7.174510e-01
16 39 2.271700e-01
16 40 5.894320e-02
17 1 1.467750e-02
17 2 5.933830e-03
17 3 8.742700e-03
17 4 1.191350e-02
17 5 1.702170e-02
17 6 2.409100e-02
17 7 3.394540e-02
17 8 4.809700e-02
17 9 6.781020e-02
17 10 9.657930e-02
17 11 1.371070e-01
17 12 1.947940e-01
17 13 2.758540e-01
17 14 3.909630e-01
17 15 5.517050e-01
17 16 7.791420e-01
17 17 1.073400e+00
17 18 1.361570e+00
17 19 1.688890e+00
17 20 2.089800e+00
17 21 2.571890e+00
17 22 3.148190e+00
17 23 3.824780e+00
17 24 4.603730e+00
17 25 5.478450e+00
17 26 6.425160e+00
17 27 7.398190e+00
17 28 8.324220e+00
17 29 9.097640e+00
17 30 9.587400e+00
17 31 9.650770e+00
17 32 9.169470e+00
17 33 8.104980e+00
17 34 6.542320e+00
17 35 4.712820e+00
17 36 2.943770e+00
17 37 1.538350e+00
17 38 6.432640e-01
17 39 2.036810e-01
17 40 5.284860e-02
18 1 1.154490e-02
18 2 4.667210e-03
18 3 6.876540e-03
18 4 9.371060e-03
18 5 1.338810e-02
18 6 1.894840e-02
18 7 2.669870e-02
18 8 3.779890e-02
18 9 5.320080e-02
18 10 7.563170e-02
18 11 1.072620e-01
18 12 1.526320e-01
18 13 2.170510e-01
18 14 3.086390e-01
18 15 4.364510e-01
18 16 6.173840e-01
18 17 8.709850e-01
18 18 1.199230e+00
18 19 1.516130e+00
18 20 1.876050e+00
18 21 2.308820e+00
18 22 2.826170e+00
18 23 3.433570e+00
18 24 4.132830e+00
18 25 4.918060e+00
18 26 5.767890e+00
18 27 6.641550e+00
18 28 7.472650e+00
18 29 8.167390e+00
18 30 8.606370e+00
18 31 8.663460e+00
18 32 8.231730e+00
18 33 7.276050e+00
18 34 5.873200e+00
18 35 4.230730e+00
18 36 2.642670e+00
18 37 1.380980e+00
18 38 5.774660e-01
18 39 1.828490e-01
18 40 4.744330e-02
19 1 8.781560e-03
19 2 3.551090e-03
19 3 5.232010e-03
19 4 7.129720e-03
19 5 1.018610e-02
19 6 1.441600e-02
19 7 2.031130e-02
19 8 2.875300e-02
19 9 4.043010e-02
19 10 5.735920e-02
19 11 8.119820e-02
19 12 1.155690e-01
19 13 1.651710e-01
19 14 2.376600e-01
19 15 3.400170e-01
19 16 4.846160e-01
19 17 6.873320e-01
19 18 9.718200e-01
19 19 1.337930e+00
19 20 1.688540e+00
19 21 2.078050e+00
19 22 2.543690e+00
19 23 3.090370e+00
19 24 3.719730e+00
19 25 4.426490e+00
19 26 5.191260e+00
19 27 5.977780e+00
19 28 6.725730e+00
19 29 7.351090e+00
19 30 7.746190e+00
19 31 7.797250e+00
19 32 7.408940e+00
19 33 6.548860e+00
19 34 5.286210e+00
19 35 3.807890e+00
19 36 2.378540e+00
19 37 1.242930e+00
19 38 5.197380e-01
19 39 1.645720e-01
19 40 4.270330e-02
20 1 7.310370e-03
20 2 2.956690e-03
20 3 4.356040e-03
20 4 5.936160e-03
20 5 8.481590e-03
20 6 1.200330e-02
20 7 1.691270e-02
20 8 2.394460e-02
20 9 3.366630e-02
20 10 4.770860e-02
20 11 6.727280e-02
20 12 9.501340e-02
20 13 1.342240e-01
20 14 1.901620e-01
20 15 2.697560e-01
20 16 3.845440e-01
20 17 5.455090e-01
20 18 7.712480e-01
20 19 1.086610e+00
20 20 1.493100e+00
20 21 1.873940e+00
20 22 2.293800e+00
20 23 2.786770e+00
20 24 3.354300e+00
20 25 3.991600e+00
20 26 4.681350e+00
20 27 5.390440e+00
20 28 6.065080e+00
20 29 6.628800e+00
20 30 6.985330e+00
20 31 7.031210e+00
20 32 6.680930e+00
20 33 5.905540e+00
20 34 4.767010e+00
20 35 3.433860e+00
20 36 2.144920e+00
20 37 1.120810e+00
20 38 4.686670e-01
20 39 1.484050e-01
20 40 3.851190e-02
21 1 5.915740e-03
21 2 2.392550e-03
21 3 3.525100e-03
21 4 4.803650e-03
21 5 6.863350e-03
21 6 9.713680e-03
21 7 1.368610e-02
21 8 1.937610e-02
21 9 2.724500e-02
21 10 3.860830e-02
21 11 5.442950e-02
21 12 7.683060e-02
21 13 1.084750e-01
21 14 1.538990e-01
21 15 2.178480e-01
21 16 3.084020e-01
21 17 4.353840e-01
21 18 6.138240e-01
21 19 8.633700e-01
21 20 1.213950e+00
21 21 1.661710e+00
21 22 2.075190e+00
21 23 2.521100e+00
21 24 3.034530e+00
21 25 3.611100e+00
21 26 4.235130e+00
21 27 4.876560e+00
21 28 5.486820e+00
21 29 5.996790e+00
21 30 6.319580e+00
21 31 6.361020e+00
21 32 6.044010e+00
21 33 5.342540e+00
21 34 4.312630e+00
21 35 3.106540e+00
21 36 1.940460e+00
21 37 1.014000e+00
21 38 4.239920e-01
21 39 1.342550e-01
21 40 3.484060e-02
22 1 4.696300e-03
22 2 1.900180e-03
22 3 2.799700e-03
22 4 3.815380e-03
22 5 5.451190e-03
22 6 7.715000e-03
22 7 1.087060e-02
22 8 1.538960e-02
22 9 2.163900e-02
22 10 3.066540e-02
22 11 4.322980e-02
22 12 6.099350e-02
22 13 8.602290e-02
22 14 1.218730e-01
22 15 1.724500e-01
22 16 2.444100e-01
22 17 3.453420e-01
22 18 4.871150e-01
22 19 6.853840e-01
22 20 9.638730e-01
22 21 1.352450e+00
22 22 1.847020e+00
22 23 2.290960e+00
22 24 2.757350e+00
22 25 3.281210e+00
22 26 3.848250e+00
22 27 4.431080e+00
22 28 4.985600e+00
22 29 5.448960e+00
22 30 5.742190e+00
22 31 5.780170e+00
22 32 5.492010e+00
22 33 4.854480e+00
22 34 3.918650e+00
22 35 2.822850e+00
22 36 1.763210e+00
22 37 9.214060e-01
22 38 3.852700e-01
22 39 1.219890e-01
22 40 3.165810e-02
23 1 3.648360e-03
23 2 1.476640e-03
23 3 2.175640e-03
23 4 2.964900e-03
23 5 4.236140e-03
23 6 5.995320e-03
23 7 8.447390e-03
23 8 1.195900e-02
23 9 1.681480e-02
23 10 2.382770e-02
23 11 3.358970e-02
23 12 4.738880e-02
23 13 6.678350e-02
23 14 9.441060e-02
23 15 1.332950e-01
23 16 1.890900e-01
23 17 2.685810e-01
23 18 3.814710e-01
23 19 5.395810e-01
23 20 7.614840e-01
23 21 1.070790e+00
23 22 1.502000e+00
23 23 2.046180e+00
23 24 2.517130e+00
23 25 2.995220e+00
23 26 3.512670e+00
23 27 4.044800e+00
23 28 4.550940e+00
23 29 4.973960e+00
23 30 5.241540e+00
23 31 5.276260e+00
23 32 5.013440e+00
23 33 4.431400e+00
23 34 3.577060e+00
23 35 2.576760e+00
23 36 1.609550e+00
23 37 8.410870e-01
23 38 3.517020e-01
23 39 1.113600e-01
23 40 2.889810e-02
24 1 2.918900e-03
24 2 1.182400e-03
24 3 1.742140e-03
24 4 2.374200e-03
24 5 3.392110e-03
24 6 4.800900e-03
24 7 6.764690e-03
24 8 9.576530e-03
24 9 1.346530e-02
24 10 1.908200e-02
24 11 2.689900e-02
24 12 3.795040e-02
24 13 5.348250e-02
24 14 7.554960e-02
24 15 1.064390e-01
24 16 1.504960e-01
24 17 2.129900e-01
24 18 3.019070e-01
24 19 4.274050e-01
24 20 6.036550e-01
24 21 8.491410e-01
24 22 1.191550e+00
24 23 1.666600e+00
24 24 2.260580e+00
24 25 2.751970e+00
24 26 3.227290e+00
24 27 3.716120e+00
24 28 4.181080e+00
24 29 4.569750e+00
24 30 4.815640e+00
24 31 4.847340e+00
24 32 4.606070e+00
24 33 4.071500e+00
24 34 3.286420e+00
24 35 2.367390e+00
24 36 1.478770e+00
24 37 7.727660e-01
24 38 3.231250e-01
24 39 1.023140e-01
24 40 2.655030e-02
25 1 2.327860e-03
25 2 9.425690e-04
25 3 1.388770e-03
25 4 1.892540e-03
25 5 2.704040e-03
25 6 3.827150e-03
25 7 5.392500e-03
25 8 7.634310e-03
25 9 1.073450e-02
25 10 1.521150e-02
25 11 2.144380e-02
25 12 3.025440e-02
25 13 4.263480e-02
25 14 6.022510e-02
25 15 8.479150e-02
25 16 1.196790e-01
25 17 1.691060e-01
25 18 2.393530e-01
25 19 3.386040e-01
25 20 4.786000e-01
25 21 6.736500e-01
25 22 9.454540e-01
25 23 1.322610e+00
25 24 1.844290e+00
25 25 2.488710e+00
25 26 2.990410e+00
25 27 3.442890e+00
25 28 3.873690e+00
25 29 4.233790e+00
25 30 4.461430e+00
25 31 4.490830e+00
25 32 4.267240e+00
25 33 3.772210e+00
25 34 3.044930e+00
25 35 2.193390e+00
25 36 1.370060e+00
25 37 7.159620e-01
25 38 2.993720e-01
25 39 9.479120e-02
25 40 2.459940e-02
26 1 1.745150e-03
26 2 7.082150e-04
26 3 1.043460e-03
26 4 1.421970e-03
26 5 2.031590e-03
26 6 2.875290e-03
26 7 4.051270e-03
26 8 5.735170e-03
26 9 8.063760e-03
26 10 1.142650e-02
26 11 1.610640e-02
26 12 2.272160e-02
26 13 3.201600e-02
26 14 4.521650e-02
26 15 6.364330e-02
26 16 8.972270e-02
26 17 1.263590e-01
26 18 1.784120e-01
26 19 2.528000e-01
26 20 3.602330e-01
26 21 5.143730e-01
26 22 7.329790e-01
26 23 1.035790e+00
26 24 1.453550e+00
26 25 2.028440e+00
26 26 2.727740e+00
26 27 3.224980e+00
26 28 3.628360e+00
26 29 3.965390e+00
26 30 4.178740e+00
26 31 4.206090e+00
26 32 3.996980e+00
26 33 3.533130e+00
26 34 2.852090e+00
26 35 2.054470e+00
26 36 1.283300e+00
26 37 6.706080e-01
26 38 2.804160e-01
26 39 8.878860e-02
26 40 2.304140e-02
27 1 1.431410e-03
27 2 5.817410e-04
27 3 8.570750e-04
27 4 1.168000e-03
27 5 1.668820e-03
27 6 2.361790e-03
27 7 3.327860e-03
27 8 4.711450e-03
27 9 6.624430e-03
27 10 9.387450e-03
27 11 1.323350e-02
27 12 1.866890e-02
27 13 2.630810e-02
27 14 3.716100e-02
27 15 5.230950e-02
27 16 7.375710e-02
27 17 1.038440e-01
27 18 1.461750e-01
27 19 2.058410e-01
27 20 2.908720e-01
27 21 4.116790e-01
27 22 5.831590e-01
27 23 8.228670e-01
27 24 1.153630e+00
27 25 1.608240e+00
27 26 2.229690e+00
27 27 2.971280e+00
27 28 3.440580e+00
27 29 3.760120e+00
27 30 3.962100e+00
27 31 3.988480e+00
27 32 3.789960e+00
27 33 3.350190e+00
27 34 2.704350e+00
27 35 1.948100e+00
27 36 1.216880e+00
27 37 6.358960e-01
27 38 2.658980e-01
27 39 8.419310e-02
27 40 2.184870e-02
28 1 1.133070e-03
28 2 4.609180e-04
28 3 6.791200e-04
28 4 9.254610e-04
28 5 1.322200e-03
28 6 1.871380e-03
28 7 2.636780e-03
28 8 3.732800e-03
28 9 5.248810e-03
28 10 7.438080e-03
28 11 1.048510e-02
28 12 1.479290e-02
28 13 2.084550e-02
28 14 2.944280e-02
28 15 4.144850e-02
28 16 5.844240e-02
28 17 8.227410e-02
28 18 1.157470e-01
28 19 1.626070e-01
28 20 2.288610e-01
28 21 3.225900e-01
28 22 4.566160e-01
28 23 6.464570e-01
28 24 9.097630e-01
28 25 1.271690e+00
28 26 1.765950e+00
28 27 2.436130e+00
28 28 3.215690e+00
28 29 3.629030e+00
28 30 3.824200e+00
28 31 3.849460e+00
28 32 3.657430e+00
28 33 3.233270e+00
28 34 2.609890e+00
28 35 1.880050e+00
28 36 1.174350e+00
28 37 6.136860e-01
28 38 2.566090e-01
28 39 8.125110e-02
28 40 2.108660e-02
29 1 8.675840e-04
29 2 3.539450e-04
29 3 5.214610e-04
29 4 7.106220e-04
29 5 1.015310e-03
29 6 1.436880e-03
29 7 2.024570e-03
29 8 2.866200e-03
29 9 4.029830e-03
29 10 5.710560e-03
29 11 8.050090e-03
29 12 1.135640e-02
29 13 1.600280e-02
29 14 2.260270e-02
29 15 3.181370e-02
29 16 4.485260e-02
29 17 6.313880e-02
29 18 8.880390e-02
29 19 1.246790e-01
29 20 1.750350e-01
29 21 2.451340e-01
29 22 3.441360e-01
29 23 4.865750e-01
29 24 6.913410e-01
29 25 9.815320e-01
29 26 1.380300e+00
29 27 1.919520e+00
29 28 2.643320e+00
29 29 3.458110e+00
29 30 3.779210e+00
29 31 3.804150e+00
29 32 3.614590e+00
29 33 3.194960e+00
29 34 2.579200e+00
29 35 1.857890e+00
29 36 1.160500e+00
29 37 6.064470e-01
29 38 2.535820e-01
29 39 8.029270e-02
29 40 2.083770e-02
30 1 7.062360e-04
30 2 2.876790e-04
30 3 4.238540e-04
30 4 5.775810e-04
30 5 8.252240e-04
30 6 1.167930e-03
30 7 1.645550e-03
30 8 2.329630e-03
30 9 3.275600e-03
30 10 4.641580e-03
30 11 6.543190e-03
30 12 9.231210e-03
30 13 1.300790e-02
30 14 1.837370e-02
30 15 2.586470e-02
30 16 3.646650e-02
30 17 5.133670e-02
30 18 7.221650e-02
30 19 1.014020e-01
30 20 1.423890e-01
30 21 1.996490e-01
30 22 2.802890e-01
30 23 3.942630e-01
30 24 5.558070e-01
30 25 7.836360e-01
30 26 1.097230e+00
30 27 1.522250e+00
30 28 2.093460e+00
30 29 2.853190e+00
30 30 3.675180e+00
30 31 3.858420e+00
30 32 3.666210e+00
30 33 3.240580e+00
30 34 2.615950e+00
30 35 1.884410e+00
30 36 1.177060e+00
30 37 6.150920e-01
30 38 2.571970e-01
30 39 8.143700e-02
30 40 2.113400e-02
31 1 5.685410e-04
31 2 2.322280e-04
31 3 3.421620e-04
31 4 4.662810e-04
31 5 6.661680e-04
31 6 9.428440e-04
31 7 1.328480e-03
31 8 1.880660e-03
31 9 2.644400e-03
31 10 3.747380e-03
31 11 5.282470e-03
31 12 7.452900e-03
31 13 1.050290e-02
31 14 1.483530e-02
31 15 2.088540e-02
31 16 2.945060e-02
31 17 4.146260e-02
31 18 5.833400e-02
31 19 8.192530e-02
31 20 1.150500e-01
31 21 1.611990e-01
31 22 2.256060e-01
31 23 3.155060e-01
31 24 4.414200e-01
31 25 6.181120e-01
31 26 8.655500e-01
31 27 1.203660e+00
31 28 1.657370e+00
31 29 2.260830e+00
31 30 3.053660e+00
31 31 3.865880e+00
31 32 3.860330e+00
31 33 3.412240e+00
31 34 2.754370e+00
31 35 1.984130e+00
31 36 1.239390e+00
31 37 6.476560e-01
31 38 2.708140e-01
31 39 8.574840e-02
31 40 2.225180e-02
32 1 4.505470e-04
32 2 1.849040e-04
32 3 2.724240e-04
32 4 3.712450e-04
32 5 5.304140e-04
32 6 7.506790e-04
32 7 1.057710e-03
32 8 1.497410e-03
32 9 2.105430e-03
32 10 2.983590e-03
32 11 4.205970e-03
32 12 5.933860e-03
32 13 8.362140e-03
32 14 1.181190e-02
32 15 1.662850e-02
32 16 2.344800e-02
32 17 3.301400e-02
32 18 4.644760e-02
32 19 6.523320e-02
32 20 9.161500e-02
32 21 1.283620e-01
32 22 1.795800e-01
32 23 2.506480e-01
32 24 3.493030e-01
32 25 4.871160e-01
32 26 6.809020e-01
32 27 9.489600e-01
32 28 1.310230e+00
32 29 1.789990e+00
32 30 2.420720e+00
32 31 3.238770e+00
32 32 4.021190e+00
32 33 3.772930e+00
32 34 3.045490e+00
32 35 2.193780e+00
32 36 1.370280e+00
32 37 7.160700e-01
32 38 2.994230e-01
32 39 9.480810e-02
32 40 2.460200e-02
33 1 3.568510e-04
33 2 1.473300e-04
33 3 2.170720e-04
33 4 2.958080e-04
33 5 4.226310e-04
33 6 5.981520e-04
33 7 8.427860e-04
33 8 1.193130e-03
33 9 1.677640e-03
33 10 2.377320e-03
33 11 3.351280e-03
33 12 4.728160e-03
33 13 6.662920e-03
33 14 9.411620e-03
33 15 1.324980e-02
33 16 1.868340e-02
33 17 2.630560e-02
33 18 3.701130e-02
33 19 5.198080e-02
33 20 7.300460e-02
33 21 1.022920e-01
33 22 1.431110e-01
33 23 1.997070e-01
33 24 2.779170e-01
33 25 3.861240e-01
33 26 5.375380e-01
33 27 7.481950e-01
33 28 1.035000e+00
33 29 1.416460e+00
33 30 1.917270e+00
33 31 2.567390e+00
33 32 3.399090e+00
33 33 4.127500e+00
33 34 3.585080e+00
33 35 2.582460e+00
33 36 1.612960e+00
33 37 8.429050e-01
33 38 3.524590e-01
33 39 1.116010e-01
33 40 2.895810e-02
34 1 2.893680e-04
34 2 1.189070e-04
34 3 1.751900e-04
34 4 2.387490e-04
34 5 3.411020e-04
34 6 4.827530e-04
34 7 6.802320e-04
34 8 9.629860e-04
34 9 1.354020e-03
34 10 1.918870e-03
34 11 2.705000e-03
34 12 3.816340e-03
34 13 5.378430e-03
34 14 7.597380e-03
34 15 1.069600e-02
34 16 1.508410e-02
34 17 2.123930e-02
34 18 2.988550e-02
34 19 4.198090e-02
34 20 5.896840e-02
34 21 8.263800e-02
34 22 1.156440e-01
34 23 1.614100e-01
34 24 2.246240e-01
34 25 3.116460e-01
34 26 4.310350e-01
34 27 5.958850e-01
34 28 8.217400e-01
34 29 1.124270e+00
34 30 1.521480e+00
34 31 2.036410e+00
34 32 2.695720e+00
34 33 3.529010e+00
34 34 4.177610e+00
34 35 3.298670e+00
34 36 2.060380e+00
34 37 1.076610e+00
34 38 4.502000e-01
34 39 1.425470e-01
34 40 3.698660e-02
35 1 2.346520e-04
35 2 9.659530e-05
35 3 1.423220e-04
35 4 1.939420e-04
35 5 2.771010e-04
35 6 3.921890e-04
35 7 5.525860e-04
35 8 7.823290e-04
35 9 1.100060e-03
35 10 1.558880e-03
35 11 2.197680e-03
35 12 3.100800e-03
35 13 4.369860e-03
35 14 6.173300e-03
35 15 8.691890e-03
35 16 1.225800e-02
35 17 1.726270e-02
35 18 2.429420e-02
35 19 3.412960e-02
35 20 4.795260e-02
35 21 6.722030e-02
35 22 9.408980e-02
35 23 1.313790e-01
35 24 1.829090e-01
35 25 2.538170e-01
35 26 3.510270e-01
35 27 4.837600e-01
35 28 6.626340e-01
35 29 9.005820e-01
35 30 1.213730e+00
35 31 1.620030e+00
35 32 2.140120e+00
35 33 2.798530e+00
35 34 3.622530e+00
35 35 4.168560e+00
35 36 2.928700e+00
35 37 1.530320e+00
35 38 6.398940e-01
35 39 2.026210e-01
35 40 5.257110e-02
36 1 1.823760e-04
36 2 7.561410e-05
36 3 1.114090e-04
36 4 1.518190e-04
36 5 2.169100e-04
36 6 3.069970e-04
36 7 4.325550e-04
36 8 6.123730e-04
36 9 8.610650e-04
36 10 1.220200e-03
36 11 1.720140e-03
36 12 2.426960e-03
36 13 3.420180e-03
36 14 4.831380e-03
36 15 6.802160e-03
36 16 9.592470e-03
36 17 1.350740e-02
36 18 1.900730e-02
36 19 2.669980e-02
36 20 3.750710e-02
36 21 5.256830e-02
36 22 7.356790e-02
36 23 1.026980e-01
36 24 1.429430e-01
36 25 1.982990e-01
36 26 2.739520e-01
36 27 3.769410e-01
36 28 5.169130e-01
36 29 7.057610e-01
36 30 9.560130e-01
36 31 1.280920e+00
36 32 1.696450e+00
36 33 2.221690e+00
36 34 2.878750e+00
36 35 3.694130e+00
36 36 4.125090e+00
36 37 2.513860e+00
36 38 1.051080e+00
36 39 3.327930e-01
36 40 8.635090e-02
37 1 1.426890e-04
37 2 5.946490e-05
37 3 8.761500e-05
37 4 1.194050e-04
37 5 1.705930e-04
37 6 2.414330e-04
37 7 3.401980e-04
37 8 4.816060e-04
37 9 6.771550e-04
37 10 9.596450e-04
37 11 1.352780e-03
37 12 1.908520e-03
37 13 2.689710e-03
37 14 3.799340e-03
37 15 5.348760e-03
37 16 7.543150e-03
37 17 1.062100e-02
37 18 1.494400e-02
37 19 2.099180e-02
37 20 2.948560e-02
37 21 4.132030e-02
37 22 5.782510e-02
37 23 8.071030e-02
37 24 1.123200e-01
37 25 1.558090e-01
37 26 2.152060e-01
37 27 2.957800e-01
37 28 4.044510e-01
37 29 5.504530e-01
37 30 7.459880e-01
37 31 1.004970e+00
37 32 1.338840e+00
37 33 1.759930e+00
37 34 2.285610e+00
37 35 2.937110e+00
37 36 3.742360e+00
37 37 4.043780e+00
37 38 2.073270e+00
37 39 6.564530e-01
37 40 1.703000e-01
38 1 1.105910e-04
38 2 4.679800e-05
38 3 6.895760e-05
38 4 9.397330e-05
38 5 1.342690e-04
38 6 1.900310e-04
38 7 2.677450e-04
38 8 3.790510e-04
38 9 5.329760e-04
38 10 7.552450e-04
38 11 1.064680e-03
38 12 1.502100e-03
38 13 2.116720e-03
38 14 2.990020e-03
38 15 4.209440e-03
38 16 5.935700e-03
38 17 8.357710e-03
38 18 1.175950e-02
38 19 1.651610e-02
38 20 2.319810e-02
38 21 3.250720e-02
38 22 4.548270e-02
38 23 6.347960e-02
38 24 8.833490e-02
38 25 1.225130e-01
38 26 1.692140e-01
38 27 2.325730e-01
38 28 3.178340e-01
38 29 4.319160e-01
38 30 5.841120e-01
38 31 7.859060e-01
38 32 1.050260e+00
38 33 1.389050e+00
38 34 1.811240e+00
38 35 2.332900e+00
38 36 2.976430e+00
38 37 3.772210e+00
38 38 3.931250e+00
38 39 1.637690e+00
38 40 4.248600e-01
39 1 8.560640e-05
39 2 3.699710e-05
39 3 5.452170e-05
39 4 7.430800e-05
39 5 1.061670e-04
39 6 1.502590e-04
39 7 2.117200e-04
39 8 2.997190e-04
39 9 4.214250e-04
39 10 5.972060e-04
39 11 8.418370e-04
39 12 1.187690e-03
39 13 1.673750e-03
39 14 2.364150e-03
39 15 3.328260e-03
39 16 4.693380e-03
39 17 6.607950e-03
39 18 9.297290e-03
39 19 1.305850e-02
39 20 1.834010e-02
39 21 2.569880e-02
39 22 3.595760e-02
39 23 5.018040e-02
39 24 6.982540e-02
39 25 9.684560e-02
39 26 1.337500e-01
39 27 1.838110e-01
39 28 2.511880e-01
39 29 3.410360e-01
39 30 4.600930e-01
39 31 6.174030e-01
39 32 8.237120e-01
39 33 1.091120e+00
39 34 1.430060e+00
39 35 1.848330e+00
39 36 2.362390e+00
39 37 2.996840e+00
39 38 3.784990e+00
39 39 3.790060e+00
39 40 1.430290e+00
40 1 6.723860e-05
40 2 2.972460e-05
40 3 4.380720e-05
40 4 5.970670e-05
40 5 8.530960e-05
40 6 1.207350e-04
40 7 1.701190e-04
40 8 2.408390e-04
40 9 3.386270e-04
40 10 4.798730e-04
40 11 6.764810e-04
40 12 9.543820e-04
40 13 1.344970e-03
40 14 1.899890e-03
40 15 2.674670e-03
40 16 3.771850e-03
40 17 5.311060e-03
40 18 7.472840e-03
40 19 1.049680e-02
40 20 1.474430e-02
40 21 2.066170e-02
40 22 2.891290e-02
40 23 4.035630e-02
40 24 5.616110e-02
40 25 7.790350e-02
40 26 1.076090e-01
40 27 1.479010e-01
40 28 2.021000e-01
40 29 2.743300e-01
40 30 3.695760e-01
40 31 4.941900e-01
40 32 6.565530e-01
40 33 8.662570e-01
40 34 1.132930e+00
40 35 1.464560e+00
40 36 1.871980e+00
40 37 2.374640e+00
40 38 2.999120e+00
40 39 3.779850e+00
40 40 4.588200e+00
