1 7.851370e+02
2 7.005580e+02
3 6.240900e+02
4 5.560190e+02
5 4.959250e+02
6 4.420910e+02
7 3.940920e+02
8 3.512160e+02
9 3.132420e+02
10 2.792530e+02
11 2.489760e+02
12 2.221330e+02
13 1.981290e+02
14 1.768160e+02
15 1.577900e+02
16 1.409150e+02
17 1.258860e+02
18 1.124920e+02
19 1.006580e+02
20 9.010490e+01
21 8.075690e+01
22 7.251040e+01
23 6.518450e+01
24 5.873030e+01
25 5.306380e+01
26 4.808810e+01
27 4.372740e+01
28 3.993820e+01
29 3.667210e+01
30 3.384960e+01
31 3.144480e+01
32 2.941930e+01
33 2.771300e+01
34 2.630330e+01
35 2.514210e+01
36 2.420160e+01
37 2.344900e+01
38 2.285000e+01
39 2.235610e+01
40 2.196610e+01
