1 3.515720e+02
2 3.137920e+02
3 2.796460e+02
4 2.492620e+02
5 2.224530e+02
6 1.984530e+02
7 1.770720e+02
8 1.579940e+02
9 1.411190e+02
10 1.260400e+02
11 1.126360e+02
12 1.007830e+02
13 9.021890e+01
14 8.087810e+01
15 7.258220e+01
16 6.527200e+01
17 5.881350e+01
18 5.311450e+01
19 4.814290e+01
20 4.377550e+01
21 3.997960e+01
22 3.670810e+01
23 3.388070e+01
24 3.147210e+01
25 2.943990e+01
26 2.773560e+01
27 2.631770e+01
28 2.515540e+01
29 2.421460e+01
30 2.345130e+01
31 2.284090e+01
32 2.235640e+01
33 2.196840e+01
34 2.166120e+01
35 2.141630e+01
36 2.122240e+01
37 2.106940e+01
38 2.094850e+01
39 2.084920e+01
40 2.077080e+01
