1 6.083060e+02
2 5.428030e+02
3 4.835850e+02
4 4.308730e+02
5 3.843430e+02
6 3.426640e+02
7 3.055080e+02
8 2.723240e+02
9 2.429390e+02
10 2.166460e+02
11 1.932330e+02
12 1.724850e+02
13 1.539410e+02
14 1.374870e+02
15 1.228120e+02
16 1.098110e+02
17 9.824710e+01
18 8.795900e+01
19 7.888990e+01
20 7.082300e+01
21 6.370160e+01
22 5.744580e+01
23 5.191650e+01
24 4.707610e+01
25 4.285960e+01
26 3.919200e+01
27 3.601390e+01
28 3.328970e+01
29 3.097900e+01
30 2.901770e+01
31 2.738050e+01
32 2.603180e+01
33 2.492050e+01
34 2.402250e+01
35 2.329720e+01
36 2.271900e+01
37 2.226160e+01
38 2.190000e+01
39 2.160280e+01
40 2.136850e+01
