1 5.011370e+00
2 4.471190e+00
3 3.982780e+00
4 3.547940e+00
5 3.164020e+00
6 2.820030e+00
7 2.513260e+00
8 2.239160e+00
9 1.996310e+00
10 1.778860e+00
11 1.585060e+00
12 1.413120e+00
13 1.259240e+00
14 1.122470e+00
15 1.000210e+00
16 8.915980e-01
17 7.946600e-01
18 7.080430e-01
19 6.312660e-01
20 5.625110e-01
21 5.012940e-01
22 4.469340e-01
23 3.982540e-01
24 3.549290e-01
25 3.164030e-01
26 2.820400e-01
27 2.513360e-01
28 2.240040e-01
29 1.997330e-01
30 1.779990e-01
31 1.586530e-01
32 1.414750e-01
33 1.260940e-01
34 1.124290e-01
35 1.002150e-01
36 8.935820e-02
37 7.973610e-02
38 7.120260e-02
39 6.339990e-02
40 5.647050e-02
