1 5.009630e+00
2 4.469640e+00
3 3.981390e+00
4 3.546710e+00
5 3.162910e+00
6 2.819050e+00
7 2.512380e+00
8 2.238380e+00
9 1.995620e+00
10 1.778240e+00
11 1.584510e+00
12 1.412630e+00
13 1.258800e+00
14 1.122080e+00
15 9.998650e-01
16 8.912880e-01
17 7.943840e-01
18 7.077970e-01
19 6.310470e-01
20 5.623160e-01
21 5.011200e-01
22 4.467790e-01
23 3.981170e-01
24 3.548070e-01
25 3.162960e-01
26 2.819450e-01
27 2.512530e-01
28 2.239320e-01
29 1.996700e-01
30 1.779460e-01
31 1.586100e-01
32 1.414410e-01
33 1.260690e-01
34 1.124120e-01
35 1.002060e-01
36 8.935590e-02
37 7.973820e-02
38 7.120740e-02
39 6.340620e-02
40 5.647800e-02
