1 1 6.779630e-01
1 2 2.506520e-01
1 3 3.288250e-01
1 4 3.990470e-01
1 5 5.082070e-01
1 6 6.405150e-01
1 7 8.035880e-01
1 8 1.012710e+00
1 9 1.267390e+00
1 10 1.597920e+00
1 11 2.003040e+00
1 12 2.511680e+00
1 13 3.143870e+00
1 14 3.940800e+00
1 15 4.917430e+00
1 16 6.137620e+00
1 17 7.634770e+00
1 18 9.468920e+00
1 19 1.168990e+01
1 20 1.437870e+01
1 21 1.756330e+01
1 22 2.129720e+01
1 23 2.556860e+01
1 24 3.031930e+01
1 25 3.541240e+01
1 26 4.056100e+01
1 27 4.533430e+01
1 28 4.913850e+01
1 29 5.124280e+01
1 30 5.090640e+01
1 31 4.758220e+01
1 32 4.119480e+01
1 33 3.240050e+01
1 34 2.259190e+01
1 35 1.354720e+01
1 36 6.727130e+00
1 37 2.639350e+00
1 38 7.719150e-01
1 39 1.566050e-01
1 40 2.170530e-02
2 1 5.373260e-01
2 2 2.195980e-01
2 3 2.934530e-01
2 4 3.561200e-01
2 5 4.535370e-01
2 6 5.716110e-01
2 7 7.171430e-01
2 8 9.037710e-01
2 9 1.131050e+00
2 10 1.426030e+00
2 11 1.787560e+00
2 12 2.241500e+00
2 13 2.805700e+00
2 14 3.516840e+00
2 15 4.388390e+00
2 16 5.477290e+00
2 17 6.813480e+00
2 18 8.450200e+00
2 19 1.043220e+01
2 20 1.283210e+01
2 21 1.567450e+01
2 22 1.900670e+01
2 23 2.281850e+01
2 24 2.705810e+01
2 25 3.160320e+01
2 26 3.619790e+01
2 27 4.045770e+01
2 28 4.385260e+01
2 29 4.573050e+01
2 30 4.543020e+01
2 31 4.246350e+01
2 32 3.676320e+01
2 33 2.891500e+01
2 34 2.016150e+01
2 35 1.208980e+01
2 36 6.003440e+00
2 37 2.355410e+00
2 38 6.888740e-01
2 39 1.397580e-01
2 40 1.937040e-02
3 1 4.239530e-01
3 2 1.774040e-01
3 3 2.565090e-01
3 4 3.173200e-01
3 5 4.041210e-01
3 6 5.093270e-01
3 7 6.390020e-01
3 8 8.052950e-01
3 9 1.007810e+00
3 10 1.270650e+00
3 11 1.592780e+00
3 12 1.997270e+00
3 13 2.500010e+00
3 14 3.133640e+00
3 15 3.910210e+00
3 16 4.880440e+00
3 17 6.071060e+00
3 18 7.529380e+00
3 19 9.295460e+00
3 20 1.143400e+01
3 21 1.396690e+01
3 22 1.693620e+01
3 23 2.033280e+01
3 24 2.411030e+01
3 25 2.816010e+01
3 26 3.225410e+01
3 27 3.604970e+01
3 28 3.907450e+01
3 29 4.074770e+01
3 30 4.048010e+01
3 31 3.783660e+01
3 32 3.275740e+01
3 33 2.576430e+01
3 34 1.796470e+01
3 35 1.077250e+01
3 36 5.349280e+00
3 37 2.098750e+00
3 38 6.138110e-01
3 39 1.245290e-01
3 40 1.726000e-02
4 1 3.309120e-01
4 2 1.395230e-01
4 3 2.072950e-01
4 4 2.776850e-01
4 5 3.601450e-01
4 6 4.539000e-01
4 7 5.694590e-01
4 8 7.176560e-01
4 9 8.981330e-01
4 10 1.132370e+00
4 11 1.419440e+00
4 12 1.779910e+00
4 13 2.227930e+00
4 14 2.792620e+00
4 15 3.484700e+00
4 16 4.349320e+00
4 17 5.410280e+00
4 18 6.709920e+00
4 19 8.283870e+00
4 20 1.018950e+01
4 21 1.244680e+01
4 22 1.509340e+01
4 23 1.812060e+01
4 24 2.148700e+01
4 25 2.509590e+01
4 26 2.874430e+01
4 27 3.212670e+01
4 28 3.482220e+01
4 29 3.631330e+01
4 30 3.607460e+01
4 31 3.371890e+01
4 32 2.919240e+01
4 33 2.296030e+01
4 34 1.600950e+01
4 35 9.600070e+00
4 36 4.767090e+00
4 37 1.870340e+00
4 38 5.470070e-01
4 39 1.109760e-01
4 40 1.538180e-02
5 1 2.664750e-01
5 2 1.111460e-01
5 3 1.646690e-01
5 4 2.252120e-01
5 5 3.155200e-01
5 6 4.049880e-01
5 7 5.080870e-01
5 8 6.403100e-01
5 9 8.013370e-01
5 10 1.010330e+00
5 11 1.266460e+00
5 12 1.588080e+00
5 13 1.987810e+00
5 14 2.491650e+00
5 15 3.109150e+00
5 16 3.880600e+00
5 17 4.827160e+00
5 18 5.986720e+00
5 19 7.391040e+00
5 20 9.091300e+00
5 21 1.110520e+01
5 22 1.346690e+01
5 23 1.616800e+01
5 24 1.917190e+01
5 25 2.239170e+01
5 26 2.564680e+01
5 27 2.866460e+01
5 28 3.106940e+01
5 29 3.239980e+01
5 30 3.218670e+01
5 31 3.008480e+01
5 32 2.604610e+01
5 33 2.048570e+01
5 34 1.428400e+01
5 35 8.565370e+00
5 36 4.253290e+00
5 37 1.668750e+00
5 38 4.880500e-01
5 39 9.901460e-02
5 40 1.372420e-02
6 1 2.117280e-01
6 2 8.787090e-02
6 3 1.303550e-01
6 4 1.784570e-01
6 5 2.557140e-01
6 6 3.547190e-01
6 7 4.531410e-01
6 8 5.710520e-01
6 9 7.146590e-01
6 10 9.010460e-01
6 11 1.129470e+00
6 12 1.416300e+00
6 13 1.772800e+00
6 14 2.222140e+00
6 15 2.772850e+00
6 16 3.460890e+00
6 17 4.305080e+00
6 18 5.339150e+00
6 19 6.591470e+00
6 20 8.107930e+00
6 21 9.903930e+00
6 22 1.201000e+01
6 23 1.441920e+01
6 24 1.709870e+01
6 25 1.997020e+01
6 26 2.287320e+01
6 27 2.556450e+01
6 28 2.770910e+01
6 29 2.889540e+01
6 30 2.870530e+01
6 31 2.683070e+01
6 32 2.322880e+01
6 33 1.826980e+01
6 34 1.273890e+01
6 35 7.638850e+00
6 36 3.793210e+00
6 37 1.488240e+00
6 38 4.352560e-01
6 39 8.830400e-02
6 40 1.223970e-02
7 1 1.633330e-01
7 2 6.753890e-02
7 3 1.013350e-01
7 4 1.399920e-01
7 5 2.017160e-01
7 6 2.870460e-01
7 7 3.969580e-01
7 8 5.093430e-01
7 9 6.374160e-01
7 10 8.036530e-01
7 11 1.007400e+00
7 12 1.263220e+00
7 13 1.581190e+00
7 14 1.981960e+00
7 15 2.473160e+00
7 16 3.086820e+00
7 17 3.839770e+00
7 18 4.762130e+00
7 19 5.879040e+00
7 20 7.231500e+00
7 21 8.833440e+00
7 22 1.071200e+01
7 23 1.286060e+01
7 24 1.525070e+01
7 25 1.781240e+01
7 26 2.040150e+01
7 27 2.280190e+01
7 28 2.471440e+01
7 29 2.577250e+01
7 30 2.560270e+01
7 31 2.393070e+01
7 32 2.071800e+01
7 33 1.629500e+01
7 34 1.136190e+01
7 35 6.813150e+00
7 36 3.383190e+00
7 37 1.327370e+00
7 38 3.882070e-01
7 39 7.875880e-02
7 40 1.091670e-02
8 1 1.280010e-01
8 2 5.293960e-02
8 3 7.950540e-02
8 4 1.101340e-01
8 5 1.590400e-01
8 6 2.267230e-01
8 7 3.209950e-01
8 8 4.460180e-01
8 9 5.684760e-01
8 10 7.167150e-01
8 11 8.984130e-01
8 12 1.126570e+00
8 13 1.410140e+00
8 14 1.767550e+00
8 15 2.205620e+00
8 16 2.752890e+00
8 17 3.424380e+00
8 18 4.246990e+00
8 19 5.243090e+00
8 20 6.449180e+00
8 21 7.877810e+00
8 22 9.553170e+00
8 23 1.146920e+01
8 24 1.360080e+01
8 25 1.588570e+01
8 26 1.819510e+01
8 27 2.033570e+01
8 28 2.204110e+01
8 29 2.298470e+01
8 30 2.283310e+01
8 31 2.134190e+01
8 32 1.847670e+01
8 33 1.453210e+01
8 34 1.013270e+01
8 35 6.076050e+00
8 36 3.017160e+00
8 37 1.183760e+00
8 38 3.462070e-01
8 39 7.023770e-02
8 40 9.735680e-03
9 1 1.049340e-01
9 2 4.254840e-02
9 3 6.284900e-02
9 4 8.643920e-02
9 5 1.252810e-01
9 6 1.792690e-01
9 7 2.543080e-01
9 8 3.615380e-01
9 9 4.985170e-01
9 10 6.397880e-01
9 11 8.019780e-01
9 12 1.005640e+00
9 13 1.258770e+00
9 14 1.577820e+00
9 15 1.968860e+00
9 16 2.457390e+00
9 17 3.056820e+00
9 18 3.791090e+00
9 19 4.680330e+00
9 20 5.756970e+00
9 21 7.032150e+00
9 22 8.527610e+00
9 23 1.023800e+01
9 24 1.214060e+01
9 25 1.418020e+01
9 26 1.624250e+01
9 27 1.815340e+01
9 28 1.967550e+01
9 29 2.051770e+01
9 30 2.038220e+01
9 31 1.905090e+01
9 32 1.649330e+01
9 33 1.297210e+01
9 34 9.044950e+00
9 35 5.423760e+00
9 36 2.693250e+00
9 37 1.056680e+00
9 38 3.090390e-01
9 39 6.269710e-02
9 40 8.690610e-03
10 1 8.238990e-02
10 2 3.335640e-02
10 3 4.947010e-02
10 4 6.817900e-02
10 5 9.876140e-02
10 6 1.415180e-01
10 7 2.010530e-01
10 8 2.861580e-01
10 9 4.037240e-01
10 10 5.607040e-01
10 11 7.156070e-01
10 12 8.975100e-01
10 13 1.123420e+00
10 14 1.408170e+00
10 15 1.757160e+00
10 16 2.193160e+00
10 17 2.728140e+00
10 18 3.383480e+00
10 19 4.177090e+00
10 20 5.138020e+00
10 21 6.276080e+00
10 22 7.610700e+00
10 23 9.137180e+00
10 24 1.083520e+01
10 25 1.265530e+01
10 26 1.449610e+01
10 27 1.620220e+01
10 28 1.756040e+01
10 29 1.831190e+01
10 30 1.819080e+01
10 31 1.700260e+01
10 32 1.471980e+01
10 33 1.157720e+01
10 34 8.072330e+00
10 35 4.840510e+00
10 36 2.403630e+00
10 37 9.430420e-01
10 38 2.758050e-01
10 39 5.595460e-02
10 40 7.756430e-03
11 1 6.382780e-02
11 2 2.582590e-02
11 3 3.821110e-02
11 4 5.253390e-02
11 5 7.613560e-02
11 6 1.098180e-01
11 7 1.572450e-01
11 8 2.249730e-01
11 9 3.185770e-01
11 10 4.535710e-01
11 11 6.270640e-01
11 12 8.011960e-01
11 13 1.003020e+00
11 14 1.257250e+00
11 15 1.568840e+00
11 16 1.958100e+00
11 17 2.435740e+00
11 18 3.020850e+00
11 19 3.729390e+00
11 20 4.587350e+00
11 21 5.603470e+00
11 22 6.795020e+00
11 23 8.157880e+00
11 24 9.673930e+00
11 25 1.129900e+01
11 26 1.294210e+01
11 27 1.446610e+01
11 28 1.567880e+01
11 29 1.634960e+01
11 30 1.624130e+01
11 31 1.518030e+01
11 32 1.314210e+01
11 33 1.033630e+01
11 34 7.207040e+00
11 35 4.321640e+00
11 36 2.145970e+00
11 37 8.419500e-01
11 38 2.462390e-01
11 39 4.995620e-02
11 40 6.925280e-03
12 1 5.240180e-02
12 2 2.117720e-02
12 3 3.120790e-02
12 4 4.259070e-02
12 5 6.101170e-02
12 6 8.659530e-02
12 7 1.232000e-01
12 8 1.770160e-01
12 9 2.517200e-01
12 10 3.591980e-01
12 11 5.085280e-01
12 12 7.030440e-01
12 13 8.963930e-01
12 14 1.123670e+00
12 15 1.402150e+00
12 16 1.750060e+00
12 17 2.176960e+00
12 18 2.699890e+00
12 19 3.333170e+00
12 20 4.099950e+00
12 21 5.008120e+00
12 22 6.073090e+00
12 23 7.291190e+00
12 24 8.646120e+00
12 25 1.009910e+01
12 26 1.156670e+01
12 27 1.292900e+01
12 28 1.401350e+01
12 29 1.461290e+01
12 30 1.451590e+01
12 31 1.356740e+01
12 32 1.174560e+01
12 33 9.237910e+00
12 34 6.441190e+00
12 35 3.862390e+00
12 36 1.917920e+00
12 37 7.524730e-01
12 38 2.200700e-01
12 39 4.464700e-02
12 40 6.189420e-03
13 1 3.921740e-02
13 2 1.584950e-02
13 3 2.335080e-02
13 4 3.182140e-02
13 5 4.557420e-02
13 6 6.508600e-02
13 7 9.322550e-02
13 8 1.350270e-01
13 9 1.945520e-01
13 10 2.804850e-01
13 11 3.998040e-01
13 12 5.681420e-01
13 13 7.862260e-01
13 14 1.004400e+00
13 15 1.253410e+00
13 16 1.564410e+00
13 17 1.946030e+00
13 18 2.413490e+00
13 19 2.979580e+00
13 20 3.665030e+00
13 21 4.476860e+00
13 22 5.428840e+00
13 23 6.517780e+00
13 24 7.728930e+00
13 25 9.027930e+00
13 26 1.033970e+01
13 27 1.155720e+01
13 28 1.252710e+01
13 29 1.306310e+01
13 30 1.297620e+01
13 31 1.212810e+01
13 32 1.049950e+01
13 33 8.257790e+00
13 34 5.757820e+00
13 35 3.452600e+00
13 36 1.714430e+00
13 37 6.726340e-01
13 38 1.967200e-01
13 39 3.990980e-02
13 40 5.533670e-03
14 1 3.332000e-02
14 2 1.346650e-02
14 3 1.983910e-02
14 4 2.703330e-02
14 5 3.863390e-02
14 6 5.476400e-02
14 7 7.747810e-02
14 8 1.102440e-01
14 9 1.558970e-01
14 10 2.234490e-01
14 11 3.179670e-01
14 12 4.511520e-01
14 13 6.379180e-01
14 14 8.823690e-01
14 15 1.121630e+00
14 16 1.400040e+00
14 17 1.741550e+00
14 18 2.159890e+00
14 19 2.666510e+00
14 20 3.279920e+00
14 21 4.006470e+00
14 22 4.858390e+00
14 23 5.832930e+00
14 24 6.916860e+00
14 25 8.079250e+00
14 26 9.253420e+00
14 27 1.034240e+01
14 28 1.121080e+01
14 29 1.169080e+01
14 30 1.161300e+01
14 31 1.085370e+01
14 32 9.396130e+00
14 33 7.389950e+00
14 34 5.152740e+00
14 35 3.089760e+00
14 36 1.534260e+00
14 37 6.019440e-01
14 38 1.760460e-01
14 39 3.571550e-02
14 40 4.953400e-03
15 1 2.646440e-02
15 2 1.069570e-02
15 3 1.575790e-02
15 4 2.147270e-02
15 5 3.067610e-02
15 6 4.342010e-02
15 7 6.125570e-02
15 8 8.713900e-02
15 9 1.236980e-01
15 10 1.772770e-01
15 11 2.520830e-01
15 12 3.575880e-01
15 13 5.057080e-01
15 14 7.158030e-01
15 15 9.860440e-01
15 16 1.253780e+00
15 17 1.559650e+00
15 18 1.934290e+00
15 19 2.387990e+00
15 20 2.937350e+00
15 21 3.587990e+00
15 22 4.351000e+00
15 23 5.223680e+00
15 24 6.194430e+00
15 25 7.235270e+00
15 26 8.286990e+00
15 27 9.262180e+00
15 28 1.003930e+01
15 29 1.046980e+01
15 30 1.040020e+01
15 31 9.720130e+00
15 32 8.414770e+00
15 33 6.618120e+00
15 34 4.614550e+00
15 35 2.767020e+00
15 36 1.374010e+00
15 37 5.390750e-01
15 38 1.576600e-01
15 39 3.198540e-02
15 40 4.436390e-03
16 1 2.065630e-02
16 2 8.349580e-03
16 3 1.230080e-02
16 4 1.676230e-02
16 5 2.394660e-02
16 6 3.388690e-02
16 7 4.774640e-02
16 8 6.773000e-02
16 9 9.587330e-02
16 10 1.374110e-01
16 11 1.964330e-01
16 12 2.806080e-01
16 13 3.987020e-01
16 14 5.661320e-01
16 15 7.994740e-01
16 16 1.103570e+00
16 17 1.399080e+00
16 18 1.735150e+00
16 19 2.142130e+00
16 20 2.634920e+00
16 21 3.218570e+00
16 22 3.903000e+00
16 23 4.685900e+00
16 24 5.556640e+00
16 25 6.490260e+00
16 26 7.433810e+00
16 27 8.308790e+00
16 28 9.005630e+00
16 29 9.391390e+00
16 30 9.329600e+00
16 31 8.719500e+00
16 32 7.548540e+00
16 33 5.936770e+00
16 34 4.139450e+00
16 35 2.482130e+00
16 36 1.232550e+00
16 37 4.835780e-01
16 38 1.414290e-01
16 39 2.869270e-02
16 40 3.980060e-03
17 1 1.694800e-02
17 2 6.850270e-03
17 3 1.009250e-02
17 4 1.375210e-02
17 5 1.964730e-02
17 6 2.780470e-02
17 7 3.917400e-02
17 8 5.549790e-02
17 9 7.823190e-02
17 10 1.114010e-01
17 11 1.581130e-01
17 12 2.245740e-01
17 13 3.179090e-01
17 14 4.503520e-01
17 15 6.351260e-01
17 16 8.962070e-01
17 17 1.233170e+00
17 18 1.558820e+00
17 19 1.924450e+00
17 20 2.367160e+00
17 21 2.891490e+00
17 22 3.506350e+00
17 23 4.209690e+00
17 24 4.992030e+00
17 25 5.830720e+00
17 26 6.678340e+00
17 27 7.464540e+00
17 28 8.090660e+00
17 29 8.436660e+00
17 30 8.381380e+00
17 31 7.833600e+00
17 32 6.781500e+00
17 33 5.333480e+00
17 34 3.718760e+00
17 35 2.229890e+00
17 36 1.107280e+00
17 37 4.344350e-01
17 38 1.270570e-01
17 39 2.577680e-02
17 40 3.575950e-03
18 1 1.332840e-02
18 2 5.387770e-03
18 3 7.937830e-03
18 4 1.081680e-02
18 5 1.545250e-02
18 6 2.186810e-02
18 7 3.080930e-02
18 8 4.361250e-02
18 9 6.137290e-02
18 10 8.723160e-02
18 11 1.236830e-01
18 12 1.759500e-01
18 13 2.501230e-01
18 14 3.555040e-01
18 15 5.024290e-01
18 16 7.101770e-01
18 17 1.000950e+00
18 18 1.375990e+00
18 19 1.732000e+00
18 20 2.130410e+00
18 21 2.602310e+00
18 22 3.155650e+00
18 23 3.788650e+00
18 24 4.492700e+00
18 25 5.247770e+00
18 26 6.010400e+00
18 27 6.717880e+00
18 28 7.281590e+00
18 29 7.592900e+00
18 30 7.542830e+00
18 31 7.050140e+00
18 32 6.103310e+00
18 33 4.800110e+00
18 34 3.346830e+00
18 35 2.006870e+00
18 36 9.965080e-01
18 37 3.909780e-01
18 38 1.143490e-01
18 39 2.319890e-02
18 40 3.221370e-03
19 1 1.013590e-02
19 2 4.098510e-03
19 3 6.038090e-03
19 4 8.227840e-03
19 5 1.175420e-02
19 6 1.663310e-02
19 7 2.343250e-02
19 8 3.316630e-02
19 9 4.662600e-02
19 10 6.613760e-02
19 11 9.360660e-02
19 12 1.331920e-01
19 13 1.902900e-01
19 14 2.736920e-01
19 15 3.913480e-01
19 16 5.573530e-01
19 17 7.897580e-01
19 18 1.115480e+00
19 19 1.532650e+00
19 20 1.923670e+00
19 21 2.349740e+00
19 22 2.849350e+00
19 23 3.420900e+00
19 24 4.056680e+00
19 25 4.738260e+00
19 26 5.427080e+00
19 27 6.065760e+00
19 28 6.574820e+00
19 29 6.856020e+00
19 30 6.810670e+00
19 31 6.365710e+00
19 32 5.511000e+00
19 33 4.334300e+00
19 34 3.022030e+00
19 35 1.812100e+00
19 36 8.997870e-01
19 37 3.530250e-01
19 38 1.032490e-01
19 39 2.094730e-02
19 40 2.911690e-03
20 1 8.437920e-03
20 2 3.412870e-03
20 3 5.028230e-03
20 4 6.851580e-03
20 5 9.788570e-03
20 6 1.385270e-02
20 7 1.951580e-02
20 8 2.762520e-02
20 9 3.883730e-02
20 10 5.502220e-02
20 11 7.755460e-02
20 12 1.095020e-01
20 13 1.546410e-01
20 14 2.189840e-01
20 15 3.104780e-01
20 16 4.422900e-01
20 17 6.268310e-01
20 18 8.849900e-01
20 19 1.245360e+00
20 20 1.706810e+00
20 21 2.127520e+00
20 22 2.579830e+00
20 23 3.097260e+00
20 24 3.672860e+00
20 25 4.290080e+00
20 26 4.913570e+00
20 27 5.492050e+00
20 28 5.952510e+00
20 29 6.207650e+00
20 30 6.166450e+00
20 31 5.763490e+00
20 32 4.989610e+00
20 33 3.924350e+00
20 34 2.736180e+00
20 35 1.640710e+00
20 36 8.146950e-01
20 37 3.196250e-01
20 38 9.348070e-02
20 39 1.896530e-02
20 40 2.636080e-03
21 1 6.828310e-03
21 2 2.761920e-03
21 3 4.069300e-03
21 4 5.545100e-03
21 5 7.921820e-03
21 6 1.121110e-02
21 7 1.579470e-02
21 8 2.235730e-02
21 9 3.143220e-02
21 10 4.453390e-02
21 11 6.276410e-02
21 12 8.856830e-02
21 13 1.249980e-01
21 14 1.772510e-01
21 15 2.507400e-01
21 16 3.547290e-01
21 17 5.003750e-01
21 18 7.044830e-01
21 19 9.893750e-01
21 20 1.388830e+00
21 21 1.894510e+00
21 22 2.345960e+00
21 23 2.816350e+00
21 24 3.339680e+00
21 25 3.900780e+00
21 26 4.467900e+00
21 27 4.993750e+00
21 28 5.412660e+00
21 29 5.644450e+00
21 30 5.607340e+00
21 31 5.240800e+00
21 32 4.537010e+00
21 33 3.568360e+00
21 34 2.488070e+00
21 35 1.491900e+00
21 36 7.408160e-01
21 37 2.906430e-01
21 38 8.500120e-02
21 39 1.724520e-02
21 40 2.396840e-03
22 1 5.422910e-03
22 2 2.193560e-03
22 3 3.231800e-03
22 4 4.404090e-03
22 5 6.291820e-03
22 6 8.903960e-03
22 7 1.254480e-02
22 8 1.775710e-02
22 9 2.496350e-02
22 10 3.536990e-02
22 11 4.984820e-02
22 12 7.030800e-02
22 13 9.912310e-02
22 14 1.403620e-01
22 15 1.984960e-01
22 16 2.811400e-01
22 17 3.968560e-01
22 18 5.590450e-01
22 19 7.854090e-01
22 20 1.102760e+00
22 21 1.543450e+00
22 22 2.099200e+00
22 23 2.575860e+00
22 24 3.054360e+00
22 25 3.567510e+00
22 26 4.086110e+00
22 27 4.567010e+00
22 28 4.950140e+00
22 29 5.162040e+00
22 30 5.128230e+00
22 31 4.793240e+00
22 32 4.149420e+00
22 33 3.263490e+00
22 34 2.275480e+00
22 35 1.364460e+00
22 36 6.775350e-01
22 37 2.658220e-01
22 38 7.774190e-02
22 39 1.577140e-02
22 40 2.192020e-03
23 1 4.213710e-03
23 2 1.704270e-03
23 3 2.511010e-03
23 4 3.421670e-03
23 5 4.888360e-03
23 6 6.918030e-03
23 7 9.746180e-03
23 8 1.379550e-02
23 9 1.939450e-02
23 10 2.747680e-02
23 11 3.872230e-02
23 12 5.461320e-02
23 13 7.693060e-02
23 14 1.086980e-01
23 15 1.533780e-01
23 16 2.174100e-01
23 17 3.085210e-01
23 18 4.377580e-01
23 19 6.183050e-01
23 20 8.709850e-01
23 21 1.221980e+00
23 22 1.709270e+00
23 23 2.316670e+00
23 24 2.811430e+00
23 25 3.283500e+00
23 26 3.760950e+00
23 27 4.203600e+00
23 28 4.556200e+00
23 29 4.751290e+00
23 30 4.719910e+00
23 31 4.411790e+00
23 32 3.819380e+00
23 33 3.003820e+00
23 34 2.094410e+00
23 35 1.255900e+00
23 36 6.236270e-01
23 37 2.446680e-01
23 38 7.155660e-02
23 39 1.451680e-02
23 40 2.017850e-03
24 1 3.372300e-03
24 2 1.364770e-03
24 3 2.010680e-03
24 4 2.740000e-03
24 5 3.914650e-03
24 6 5.539820e-03
24 7 7.804990e-03
24 8 1.104820e-02
24 9 1.553130e-02
24 10 2.200490e-02
24 11 3.101240e-02
24 12 4.373730e-02
24 13 6.161090e-02
24 14 8.698920e-02
24 15 1.224690e-01
24 16 1.730180e-01
24 17 2.446510e-01
24 18 3.463810e-01
24 19 4.896720e-01
24 20 6.904780e-01
24 21 9.689880e-01
24 22 1.355730e+00
24 23 1.889940e+00
24 24 2.546860e+00
24 25 3.048860e+00
24 26 3.491820e+00
24 27 3.902770e+00
24 28 4.229930e+00
24 29 4.411210e+00
24 30 4.382160e+00
24 31 4.095910e+00
24 32 3.546130e+00
24 33 2.788970e+00
24 34 1.944610e+00
24 35 1.166030e+00
24 36 5.790110e-01
24 37 2.271630e-01
24 38 6.643610e-02
24 39 1.347850e-02
24 40 1.873320e-03
25 1 2.685860e-03
25 2 1.087900e-03
25 3 1.602840e-03
25 4 2.184190e-03
25 5 3.120440e-03
25 6 4.416150e-03
25 7 6.221890e-03
25 8 8.807120e-03
25 9 1.238160e-02
25 10 1.754210e-02
25 11 2.472200e-02
25 12 3.486790e-02
25 13 4.911670e-02
25 14 6.934250e-02
25 15 9.756380e-02
25 16 1.375980e-01
25 17 1.942310e-01
25 18 2.746010e-01
25 19 3.879350e-01
25 20 5.473200e-01
25 21 7.686580e-01
25 22 1.075860e+00
25 23 1.499630e+00
25 24 2.081840e+00
25 25 2.787920e+00
25 26 3.278860e+00
25 27 3.664600e+00
25 28 3.971910e+00
25 29 4.142030e+00
25 30 4.114710e+00
25 31 3.845970e+00
25 32 3.329580e+00
25 33 2.618800e+00
25 34 1.825950e+00
25 35 1.094900e+00
25 36 5.436750e-01
25 37 2.133070e-01
25 38 6.238370e-02
25 39 1.265600e-02
25 40 1.758780e-03
26 1 2.012210e-03
26 2 8.168400e-04
26 3 1.203440e-03
26 4 1.639890e-03
26 5 2.342760e-03
26 6 3.315360e-03
26 7 4.670810e-03
26 8 6.611250e-03
26 9 9.293840e-03
26 10 1.316650e-02
26 11 1.855360e-02
26 12 2.616390e-02
26 13 3.684990e-02
26 14 5.201340e-02
26 15 7.315670e-02
26 16 1.030420e-01
26 17 1.449560e-01
26 18 2.044040e-01
26 19 2.891990e-01
26 20 4.114220e-01
26 21 5.863270e-01
26 22 8.335030e-01
26 23 1.174250e+00
26 24 1.641120e+00
26 25 2.278230e+00
26 26 3.033880e+00
26 27 3.493320e+00
26 28 3.786320e+00
26 29 3.948480e+00
26 30 3.922470e+00
26 31 3.666080e+00
26 32 3.173890e+00
26 33 2.496270e+00
26 34 1.740540e+00
26 35 1.043700e+00
26 36 5.182540e-01
26 37 2.033300e-01
26 38 5.946700e-02
26 39 1.206410e-02
26 40 1.677040e-03
27 1 1.653890e-03
27 2 6.711920e-04
27 3 9.888470e-04
27 4 1.347450e-03
27 5 1.925090e-03
27 6 2.724300e-03
27 7 3.838080e-03
27 8 5.433060e-03
27 9 7.637930e-03
27 10 1.082110e-02
27 11 1.525060e-02
27 12 2.150750e-02
27 13 3.029360e-02
27 14 4.276730e-02
27 15 6.016290e-02
27 16 8.475510e-02
27 17 1.191990e-01
27 18 1.675670e-01
27 19 2.355850e-01
27 20 3.322920e-01
27 21 4.693260e-01
27 22 6.631050e-01
27 23 9.326050e-01
27 24 1.302120e+00
27 25 1.806300e+00
27 26 2.488140e+00
27 27 3.275980e+00
27 28 3.669980e+00
27 29 3.827100e+00
27 30 3.801860e+00
27 31 3.553270e+00
27 32 3.076430e+00
27 33 2.419540e+00
27 34 1.687030e+00
27 35 1.011600e+00
27 36 5.023220e-01
27 37 1.970770e-01
27 38 5.763810e-02
27 39 1.169330e-02
27 40 1.626290e-03
28 1 1.310390e-03
28 2 5.317700e-04
28 3 7.834710e-04
28 4 1.067610e-03
28 5 1.525180e-03
28 6 2.158450e-03
28 7 3.040940e-03
28 8 4.304330e-03
28 9 6.051310e-03
28 10 8.573440e-03
28 11 1.208230e-02
28 12 1.704070e-02
28 13 2.400310e-02
28 14 3.388380e-02
28 15 4.766720e-02
28 16 6.715430e-02
28 17 9.443890e-02
28 18 1.326850e-01
28 19 1.860990e-01
28 20 2.614110e-01
28 21 3.676050e-01
28 22 5.189700e-01
28 23 7.325100e-01
28 24 1.026760e+00
28 25 1.427790e+00
28 26 1.970640e+00
28 27 2.698510e+00
28 28 3.510880e+00
28 29 3.800640e+00
28 30 3.775270e+00
28 31 3.528880e+00
28 32 3.055110e+00
28 33 2.402840e+00
28 34 1.675340e+00
28 35 1.004590e+00
28 36 4.988370e-01
28 37 1.957110e-01
28 38 5.723850e-02
28 39 1.161190e-02
28 40 1.614830e-03
29 1 1.003480e-03
29 2 4.081350e-04
29 3 6.012740e-04
29 4 8.193240e-04
29 5 1.170540e-03
29 6 1.656420e-03
29 7 2.333590e-03
29 8 3.303220e-03
29 9 4.643430e-03
29 10 6.578400e-03
29 11 9.270780e-03
29 12 1.307380e-02
29 13 1.841400e-02
29 14 2.599400e-02
29 15 3.656180e-02
29 16 5.150070e-02
29 17 7.241850e-02
29 18 1.017190e-01
29 19 1.425680e-01
29 20 1.997320e-01
29 21 2.790020e-01
29 22 3.905140e-01
29 23 5.503750e-01
29 24 7.791910e-01
29 25 1.101490e+00
29 26 1.540270e+00
29 27 2.126840e+00
29 28 2.903890e+00
29 29 3.732670e+00
29 30 3.874670e+00
29 31 3.621440e+00
29 32 3.135270e+00
29 33 2.465770e+00
29 34 1.719350e+00
29 35 1.030970e+00
29 36 5.119340e-01
29 37 2.008500e-01
29 38 5.874050e-02
29 39 1.191680e-02
29 40 1.656360e-03
30 1 8.145900e-04
30 2 3.318850e-04
30 3 4.889640e-04
30 4 6.662700e-04
30 5 9.518610e-04
30 6 1.347040e-03
30 7 1.897690e-03
30 8 2.686170e-03
30 9 3.776230e-03
30 10 5.349790e-03
30 11 7.539300e-03
30 12 1.063270e-02
30 13 1.497620e-02
30 14 2.114190e-02
30 15 2.974080e-02
30 16 4.189600e-02
30 17 5.891710e-02
30 18 8.276940e-02
30 19 1.160300e-01
30 20 1.625990e-01
30 21 2.274340e-01
30 22 3.183720e-01
30 23 4.463090e-01
30 24 6.267020e-01
30 25 8.795680e-01
30 26 1.224380e+00
30 27 1.686290e+00
30 28 2.298840e+00
30 29 3.101100e+00
30 30 3.911790e+00
30 31 3.852350e+00
30 32 3.335030e+00
30 33 2.622740e+00
30 34 1.828830e+00
30 35 1.096660e+00
30 36 5.445480e-01
30 37 2.136460e-01
30 38 6.248250e-02
30 39 1.267620e-02
30 40 1.760770e-03
31 1 6.557930e-04
31 2 2.679590e-04
31 3 3.947860e-04
31 4 5.379680e-04
31 5 7.685330e-04
31 6 1.087620e-03
31 7 1.532310e-03
31 8 2.168900e-03
31 9 3.049130e-03
31 10 4.320000e-03
31 11 6.087960e-03
31 12 8.586260e-03
31 13 1.209490e-02
31 14 1.707450e-02
31 15 2.402140e-02
31 16 3.384440e-02
31 17 4.759890e-02
31 18 6.688020e-02
31 19 9.377720e-02
31 20 1.314320e-01
31 21 1.836990e-01
31 22 2.563300e-01
31 23 3.571860e-01
31 24 4.976040e-01
31 25 6.933370e-01
31 26 9.652890e-01
31 27 1.332940e+00
31 28 1.819640e+00
31 29 2.457140e+00
31 30 3.281000e+00
31 31 4.054010e+00
31 32 3.737280e+00
31 33 2.939110e+00
31 34 2.049240e+00
31 35 1.228840e+00
31 36 6.101920e-01
31 37 2.394000e-01
31 38 7.001590e-02
31 39 1.420480e-02
31 40 1.971740e-03
32 1 5.198170e-04
32 2 2.133560e-04
32 3 3.143300e-04
32 4 4.283280e-04
32 5 6.119270e-04
32 6 8.659670e-04
32 7 1.220020e-03
32 8 1.726940e-03
32 9 2.427740e-03
32 10 3.439560e-03
32 11 4.847400e-03
32 12 6.836430e-03
32 13 9.629870e-03
32 14 1.359540e-02
32 15 1.912640e-02
32 16 2.694750e-02
32 17 3.790150e-02
32 18 5.325490e-02
32 19 7.467320e-02
32 20 1.046640e-01
32 21 1.462840e-01
32 22 2.040390e-01
32 23 2.837480e-01
32 24 3.936960e-01
32 25 5.462000e-01
32 26 7.590090e-01
32 27 1.050520e+00
32 28 1.438290e+00
32 29 1.945350e+00
32 30 2.600990e+00
32 31 3.436960e+00
32 32 4.149560e+00
32 33 3.526400e+00
32 34 2.458670e+00
32 35 1.474260e+00
32 36 7.320400e-01
32 37 2.872040e-01
32 38 8.399660e-02
32 39 1.704090e-02
32 40 2.364120e-03
33 1 4.149850e-04
33 2 1.700230e-04
33 3 2.504950e-04
33 4 3.413360e-04
33 5 4.876440e-04
33 6 6.901040e-04
33 7 9.722370e-04
33 8 1.376190e-03
33 9 1.934700e-03
33 10 2.741000e-03
33 11 3.862880e-03
33 12 5.448090e-03
33 13 7.674170e-03
33 14 1.083430e-02
33 15 1.524240e-02
33 16 2.147530e-02
33 17 3.020500e-02
33 18 4.244260e-02
33 19 5.951340e-02
33 20 8.341740e-02
33 21 1.165960e-01
33 22 1.626320e-01
33 23 2.261180e-01
33 24 3.132900e-01
33 25 4.330080e-01
33 26 5.991720e-01
33 27 8.281270e-01
33 28 1.136010e+00
33 29 1.539390e+00
33 30 2.060130e+00
33 31 2.724550e+00
33 32 3.560490e+00
33 33 4.189420e+00
33 34 3.220700e+00
33 35 1.931140e+00
33 36 9.589080e-01
33 37 3.762050e-01
33 38 1.100240e-01
33 39 2.232120e-02
33 40 3.095350e-03
34 1 3.340840e-04
34 2 1.372370e-04
34 3 2.021860e-04
34 4 2.755240e-04
34 5 3.936160e-04
34 6 5.570260e-04
34 7 7.848030e-04
34 8 1.110880e-03
34 9 1.561690e-03
34 10 2.212700e-03
34 11 3.118360e-03
34 12 4.398040e-03
34 13 6.195670e-03
34 14 8.747310e-03
34 15 1.230690e-02
34 16 1.734180e-02
34 17 2.439350e-02
34 18 3.428010e-02
34 19 4.807820e-02
34 20 6.740020e-02
34 21 9.422500e-02
34 22 1.314670e-01
34 23 1.828270e-01
34 24 2.532970e-01
34 25 3.495470e-01
34 26 4.804030e-01
34 27 6.592940e-01
34 28 9.015440e-01
34 29 1.221290e+00
34 30 1.634160e+00
34 31 2.160300e+00
34 32 2.823360e+00
34 33 3.650100e+00
34 34 4.171340e+00
34 35 2.835290e+00
34 36 1.407760e+00
34 37 5.522730e-01
34 38 1.615290e-01
34 39 3.277000e-02
34 40 4.542300e-03
35 1 2.718750e-04
35 2 1.115180e-04
35 3 1.643020e-04
35 4 2.238830e-04
35 5 3.198590e-04
35 6 4.526690e-04
35 7 6.377330e-04
35 8 9.027570e-04
35 9 1.269190e-03
35 10 1.798170e-03
35 11 2.534380e-03
35 12 3.574690e-03
35 13 5.035650e-03
35 14 7.110370e-03
35 15 1.000510e-02
35 16 1.409890e-02
35 17 1.983550e-02
35 18 2.788060e-02
35 19 3.910810e-02
35 20 5.484280e-02
35 21 7.669610e-02
35 22 1.070370e-01
35 23 1.489210e-01
35 24 2.064210e-01
35 25 2.849140e-01
35 26 3.915120e-01
35 27 5.354770e-01
35 28 7.269880e-01
35 29 9.779360e-01
35 30 1.302790e+00
35 31 1.717100e+00
35 32 2.239760e+00
35 33 2.892620e+00
35 34 3.702220e+00
35 35 4.099660e+00
35 36 2.399710e+00
35 37 9.414460e-01
35 38 2.753080e-01
35 39 5.585700e-02
35 40 7.741770e-03
36 1 2.116450e-04
36 2 8.728670e-05
36 3 1.286010e-04
36 4 1.752380e-04
36 5 2.503530e-04
36 6 3.543000e-04
36 7 4.991520e-04
36 8 7.065570e-04
36 9 9.933300e-04
36 10 1.407340e-03
36 11 1.983420e-03
36 12 2.797480e-03
36 13 3.940730e-03
36 14 5.563870e-03
36 15 7.828460e-03
36 16 1.103090e-02
36 17 1.551710e-02
36 18 2.180770e-02
36 19 3.058550e-02
36 20 4.288210e-02
36 21 5.995780e-02
36 22 8.366130e-02
36 23 1.163650e-01
36 24 1.612570e-01
36 25 2.225290e-01
36 26 3.054720e-01
36 27 4.171510e-01
36 28 5.671000e-01
36 29 7.666310e-01
36 30 1.026840e+00
36 31 1.358810e+00
36 32 1.776360e+00
36 33 2.297550e+00
36 34 2.943480e+00
36 35 3.742810e+00
36 36 4.008190e+00
36 37 1.958390e+00
36 38 5.727090e-01
36 39 1.161800e-01
36 40 1.609830e-02
37 1 1.646680e-04
37 2 6.863740e-05
37 3 1.011240e-04
37 4 1.378060e-04
37 5 1.968700e-04
37 6 2.785960e-04
37 7 3.925210e-04
37 8 5.556030e-04
37 9 7.810610e-04
37 10 1.106660e-03
37 11 1.559600e-03
37 12 2.199570e-03
37 13 3.098620e-03
37 14 4.374700e-03
37 15 6.154760e-03
37 16 8.672790e-03
37 17 1.219920e-02
37 18 1.714270e-02
37 19 2.404250e-02
37 20 3.370420e-02
37 21 4.711730e-02
37 22 6.574100e-02
37 23 9.142440e-02
37 24 1.266670e-01
37 25 1.747810e-01
37 26 2.399020e-01
37 27 3.272810e-01
37 28 4.437040e-01
37 29 5.980140e-01
37 30 8.016530e-01
37 31 1.067120e+00
37 32 1.403700e+00
37 33 1.821980e+00
37 34 2.338950e+00
37 35 2.977370e+00
37 36 3.768700e+00
37 37 3.889890e+00
37 38 1.530280e+00
37 39 3.104420e-01
37 40 4.300730e-02
38 1 1.276110e-04
38 2 5.401620e-05
38 3 7.958790e-05
38 4 1.084490e-04
38 5 1.549370e-04
38 6 2.192640e-04
38 7 3.088980e-04
38 8 4.372530e-04
38 9 6.147050e-04
38 10 8.708670e-04
38 11 1.227340e-03
38 12 1.731010e-03
38 13 2.438270e-03
38 14 3.442460e-03
38 15 4.843230e-03
38 16 6.823750e-03
38 17 9.598220e-03
38 18 1.348760e-02
38 19 1.891310e-02
38 20 2.651240e-02
38 21 3.706140e-02
38 22 5.170020e-02
38 23 7.189540e-02
38 24 9.960760e-02
38 25 1.374210e-01
38 26 1.886100e-01
38 27 2.573450e-01
38 28 3.487670e-01
38 29 4.695030e-01
38 30 6.282730e-01
38 31 8.355510e-01
38 32 1.102870e+00
38 33 1.440270e+00
38 34 1.855930e+00
38 35 2.366870e+00
38 36 2.998460e+00
38 37 3.784440e+00
38 38 3.750650e+00
38 39 1.142140e+00
38 40 1.582000e-01
39 1 9.879210e-05
39 2 4.270860e-05
39 3 6.293510e-05
39 4 8.576800e-05
39 5 1.225290e-04
39 6 1.733990e-04
39 7 2.442970e-04
39 8 3.457880e-04
39 9 4.861160e-04
39 10 6.887290e-04
39 11 9.705850e-04
39 12 1.368870e-03
39 13 1.928260e-03
39 14 2.722220e-03
39 15 3.829850e-03
39 16 5.396230e-03
39 17 7.589690e-03
39 18 1.066480e-02
39 19 1.495530e-02
39 20 2.096240e-02
39 21 2.930140e-02
39 22 4.087560e-02
39 23 5.683590e-02
39 24 7.873830e-02
39 25 1.086330e-01
39 26 1.491010e-01
39 27 2.034300e-01
39 28 2.757090e-01
39 29 3.708840e-01
39 30 4.952800e-01
39 31 6.572260e-01
39 32 8.663340e-01
39 33 1.133460e+00
39 34 1.467770e+00
39 35 1.877750e+00
39 36 2.381770e+00
39 37 3.007440e+00
39 38 3.789680e+00
39 39 3.592340e+00
39 40 8.747510e-01
40 1 7.762090e-05
40 2 3.431820e-05
40 3 5.057320e-05
40 4 6.892040e-05
40 5 9.846320e-05
40 6 1.393380e-04
40 7 1.963100e-04
40 8 2.778800e-04
40 9 3.906400e-04
40 10 5.534630e-04
40 11 7.800110e-04
40 12 1.100080e-03
40 13 1.549660e-03
40 14 2.187890e-03
40 15 3.078120e-03
40 16 4.337270e-03
40 17 6.101040e-03
40 18 8.573420e-03
40 19 1.202370e-02
40 20 1.685590e-02
40 21 2.356320e-02
40 22 3.287480e-02
40 23 4.571970e-02
40 24 6.334390e-02
40 25 8.740080e-02
40 26 1.199680e-01
40 27 1.636760e-01
40 28 2.217690e-01
40 29 2.981780e-01
40 30 3.975420e-01
40 31 5.256910e-01
40 32 6.901870e-01
40 33 8.995600e-01
40 34 1.162600e+00
40 35 1.487530e+00
40 36 1.887150e+00
40 37 2.382930e+00
40 38 3.002750e+00
40 39 3.780980e+00
40 40 3.990300e+00
