1 1 5.251050e-01
1 2 1.942090e-01
1 3 2.548360e-01
1 4 3.093310e-01
1 5 3.940690e-01
1 6 4.968490e-01
1 7 6.236440e-01
1 8 7.864160e-01
1 9 9.849240e-01
1 10 1.242970e+00
1 11 1.559960e+00
1 12 1.959040e+00
1 13 2.456800e+00
1 14 3.086900e+00
1 15 3.863570e+00
1 16 4.840490e+00
1 17 6.050070e+00
1 18 7.548670e+00
1 19 9.389910e+00
1 20 1.166010e+01
1 21 1.441410e+01
1 22 1.774350e+01
1 23 2.170960e+01
1 24 2.636560e+01
1 25 3.173040e+01
1 26 3.774090e+01
1 27 4.423980e+01
1 28 5.090780e+01
1 29 5.723250e+01
1 30 6.249050e+01
1 31 6.577180e+01
1 32 6.609790e+01
1 33 6.268690e+01
1 34 5.527310e+01
1 35 4.447760e+01
1 36 3.191510e+01
1 37 1.983780e+01
1 38 1.030300e+01
1 39 4.275190e+00
1 40 1.683560e+00
2 1 4.162530e-01
2 2 1.700450e-01
2 3 2.273950e-01
2 4 2.760290e-01
2 5 3.516420e-01
2 6 4.433570e-01
2 7 5.565010e-01
2 8 7.017470e-01
2 9 8.788860e-01
2 10 1.109150e+00
2 11 1.392000e+00
2 12 1.748140e+00
2 13 2.192320e+00
2 14 2.754550e+00
2 15 3.447570e+00
2 16 4.319340e+00
2 17 5.398710e+00
2 18 6.735910e+00
2 19 8.378920e+00
2 20 1.040480e+01
2 21 1.286270e+01
2 22 1.583360e+01
2 23 1.937270e+01
2 24 2.352740e+01
2 25 2.831460e+01
2 26 3.367790e+01
2 27 3.947710e+01
2 28 4.542720e+01
2 29 5.107080e+01
2 30 5.576280e+01
2 31 5.869070e+01
2 32 5.898160e+01
2 33 5.593780e+01
2 34 4.932220e+01
2 35 3.968900e+01
2 36 2.847900e+01
2 37 1.770200e+01
2 38 9.193720e+00
2 39 3.814900e+00
2 40 1.502300e+00
3 1 3.284320e-01
3 2 1.374420e-01
3 3 1.986630e-01
3 4 2.459200e-01
3 5 3.132880e-01
3 6 3.949980e-01
3 7 4.958020e-01
3 8 6.252050e-01
3 9 7.830230e-01
3 10 9.881790e-01
3 11 1.240170e+00
3 12 1.557470e+00
3 13 1.953210e+00
3 14 2.454100e+00
3 15 3.071520e+00
3 16 3.848210e+00
3 17 4.809840e+00
3 18 6.001170e+00
3 19 7.464960e+00
3 20 9.269980e+00
3 21 1.146000e+01
3 22 1.410700e+01
3 23 1.726020e+01
3 24 2.096170e+01
3 25 2.522660e+01
3 26 3.000490e+01
3 27 3.517160e+01
3 28 4.047260e+01
3 29 4.550050e+01
3 30 4.968070e+01
3 31 5.228920e+01
3 32 5.254830e+01
3 33 4.983650e+01
3 34 4.394240e+01
3 35 3.535990e+01
3 36 2.537270e+01
3 37 1.577110e+01
3 38 8.190910e+00
3 39 3.398790e+00
3 40 1.338430e+00
4 1 2.563560e-01
4 2 1.080990e-01
4 3 1.606120e-01
4 4 2.151050e-01
4 5 2.791490e-01
4 6 3.519560e-01
4 7 4.417730e-01
4 8 5.570760e-01
4 9 6.976950e-01
4 10 8.804920e-01
4 11 1.105030e+00
4 12 1.387750e+00
4 13 1.740360e+00
4 14 2.186680e+00
4 15 2.736840e+00
4 16 3.428870e+00
4 17 4.285650e+00
4 18 5.347200e+00
4 19 6.651460e+00
4 20 8.259750e+00
4 21 1.021110e+01
4 22 1.257010e+01
4 23 1.537990e+01
4 24 1.867800e+01
4 25 2.247820e+01
4 26 2.673570e+01
4 27 3.133920e+01
4 28 3.606250e+01
4 29 4.054250e+01
4 30 4.426710e+01
4 31 4.659130e+01
4 32 4.682210e+01
4 33 4.440570e+01
4 34 3.915390e+01
4 35 3.150660e+01
4 36 2.260770e+01
4 37 1.405250e+01
4 38 7.298320e+00
4 39 3.028410e+00
4 40 1.192580e+00
5 1 2.064370e-01
5 2 8.611260e-02
5 3 1.275890e-01
5 4 1.745090e-01
5 5 2.444550e-01
5 6 3.139650e-01
5 7 3.940850e-01
5 8 4.969380e-01
5 9 6.223780e-01
5 10 7.854410e-01
5 11 9.857420e-01
5 12 1.237940e+00
5 13 1.552490e+00
5 14 1.950640e+00
5 15 2.441410e+00
5 16 3.058730e+00
5 17 3.822990e+00
5 18 4.769920e+00
5 19 5.933350e+00
5 20 7.368060e+00
5 21 9.108710e+00
5 22 1.121310e+01
5 23 1.372000e+01
5 24 1.666220e+01
5 25 2.005220e+01
5 26 2.385000e+01
5 27 2.795650e+01
5 28 3.216990e+01
5 29 3.616610e+01
5 30 3.948860e+01
5 31 4.156180e+01
5 32 4.176760e+01
5 33 3.961200e+01
5 34 3.492720e+01
5 35 2.810540e+01
5 36 2.016710e+01
5 37 1.253550e+01
5 38 6.510430e+00
5 39 2.701480e+00
5 40 1.063830e+00
6 1 1.640210e-01
6 2 6.808040e-02
6 3 1.010020e-01
6 4 1.382840e-01
6 5 1.981640e-01
6 6 2.748670e-01
6 7 3.513760e-01
6 8 4.430770e-01
6 9 5.549180e-01
6 10 7.003110e-01
6 11 8.789020e-01
6 12 1.103760e+00
6 13 1.384220e+00
6 14 1.739220e+00
6 15 2.176780e+00
6 16 2.727210e+00
6 17 3.408660e+00
6 18 4.252880e+00
6 19 5.290160e+00
6 20 6.569430e+00
6 21 8.121420e+00
6 22 9.997500e+00
6 23 1.223280e+01
6 24 1.485670e+01
6 25 1.787930e+01
6 26 2.126550e+01
6 27 2.492680e+01
6 28 2.868340e+01
6 29 3.224640e+01
6 30 3.520870e+01
6 31 3.705710e+01
6 32 3.724050e+01
6 33 3.531850e+01
6 34 3.114140e+01
6 35 2.505900e+01
6 36 1.798120e+01
6 37 1.117670e+01
6 38 5.804750e+00
6 39 2.408660e+00
6 40 9.485200e-01
7 1 1.265330e-01
7 2 5.232940e-02
7 3 7.851900e-02
7 4 1.084790e-01
7 5 1.563230e-01
7 6 2.224740e-01
7 7 3.076690e-01
7 8 3.950690e-01
7 9 4.947860e-01
7 10 6.244190e-01
7 11 7.836610e-01
7 12 9.841520e-01
7 13 1.234210e+00
7 14 1.550740e+00
7 15 1.940900e+00
7 16 2.431670e+00
7 17 3.039270e+00
7 18 3.792050e+00
7 19 4.716910e+00
7 20 5.857460e+00
7 21 7.241270e+00
7 22 8.914100e+00
7 23 1.090710e+01
7 24 1.324660e+01
7 25 1.594220e+01
7 26 1.896170e+01
7 27 2.222620e+01
7 28 2.557560e+01
7 29 2.875230e+01
7 30 3.139360e+01
7 31 3.304160e+01
7 32 3.320500e+01
7 33 3.149120e+01
7 34 2.776670e+01
7 35 2.234340e+01
7 36 1.603260e+01
7 37 9.965480e+00
7 38 5.175680e+00
7 39 2.147630e+00
7 40 8.457270e-01
8 1 9.916600e-02
8 2 4.101870e-02
8 3 6.160540e-02
8 4 8.534350e-02
8 5 1.232520e-01
8 6 1.757250e-01
8 7 2.488280e-01
8 8 3.457840e-01
8 9 4.410930e-01
8 10 5.566480e-01
8 11 6.986030e-01
8 12 8.773370e-01
8 13 1.100260e+00
8 14 1.382430e+00
8 15 1.730250e+00
8 16 2.167740e+00
8 17 2.709400e+00
8 18 3.380500e+00
8 19 4.205000e+00
8 20 5.221700e+00
8 21 6.455270e+00
8 22 7.946560e+00
8 23 9.723180e+00
8 24 1.180870e+01
8 25 1.421190e+01
8 26 1.690410e+01
8 27 1.981480e+01
8 28 2.280030e+01
8 29 2.563200e+01
8 30 2.798650e+01
8 31 2.945560e+01
8 32 2.960110e+01
8 33 2.807320e+01
8 34 2.475300e+01
8 35 1.991830e+01
8 36 1.429240e+01
8 37 8.883810e+00
8 38 4.613900e+00
8 39 1.914520e+00
8 40 7.539290e-01
9 1 8.129150e-02
9 2 3.296700e-02
9 3 4.869930e-02
9 4 6.698340e-02
9 5 9.709080e-02
9 6 1.389460e-01
9 7 1.971360e-01
9 8 2.803120e-01
9 9 3.866020e-01
9 10 4.966560e-01
9 11 6.233000e-01
9 12 7.827640e-01
9 13 9.816620e-01
9 14 1.233420e+00
9 15 1.543730e+00
9 16 1.934090e+00
9 17 2.417360e+00
9 18 3.016110e+00
9 19 3.751750e+00
9 20 4.658890e+00
9 21 5.759410e+00
9 22 7.089900e+00
9 23 8.675090e+00
9 24 1.053590e+01
9 25 1.267980e+01
9 26 1.508210e+01
9 27 1.768030e+01
9 28 2.034310e+01
9 29 2.286950e+01
9 30 2.497010e+01
9 31 2.628070e+01
9 32 2.641040e+01
9 33 2.504710e+01
9 34 2.208470e+01
9 35 1.777110e+01
9 36 1.275170e+01
9 37 7.926130e+00
9 38 4.116520e+00
9 39 1.708130e+00
9 40 6.726540e-01
10 1 6.382700e-02
10 2 2.584560e-02
10 3 3.833330e-02
10 4 5.283430e-02
10 5 7.654000e-02
10 6 1.096880e-01
10 7 1.558550e-01
10 8 2.218690e-01
10 9 3.130990e-01
10 10 4.351030e-01
10 11 5.559420e-01
10 12 6.981590e-01
10 13 8.755550e-01
10 14 1.100100e+00
10 15 1.376880e+00
10 16 1.725030e+00
10 17 2.156080e+00
10 18 2.690110e+00
10 19 3.346230e+00
10 20 4.155360e+00
10 21 5.136930e+00
10 22 6.323590e+00
10 23 7.737360e+00
10 24 9.397110e+00
10 25 1.130920e+01
10 26 1.345180e+01
10 27 1.576900e+01
10 28 1.814500e+01
10 29 2.039810e+01
10 30 2.227150e+01
10 31 2.344030e+01
10 32 2.355590e+01
10 33 2.233980e+01
10 34 1.969760e+01
10 35 1.585020e+01
10 36 1.137330e+01
10 37 7.069350e+00
10 38 3.671540e+00
10 39 1.523480e+00
10 40 5.999410e-01
11 1 4.945150e-02
11 2 2.001190e-02
11 3 2.961090e-02
11 4 4.071330e-02
11 5 5.900940e-02
11 6 8.512330e-02
11 7 1.219010e-01
11 8 1.744360e-01
11 9 2.470700e-01
11 10 3.518700e-01
11 11 4.869850e-01
11 12 6.228500e-01
11 13 7.810930e-01
11 14 9.814090e-01
11 15 1.228330e+00
11 16 1.538920e+00
11 17 1.923460e+00
11 18 2.399870e+00
11 19 2.985210e+00
11 20 3.707040e+00
11 21 4.582740e+00
11 22 5.641380e+00
11 23 6.902550e+00
11 24 8.383210e+00
11 25 1.008910e+01
11 26 1.200040e+01
11 27 1.406730e+01
11 28 1.618770e+01
11 29 1.819790e+01
11 30 1.986910e+01
11 31 2.091160e+01
11 32 2.101460e+01
11 33 1.992950e+01
11 34 1.757230e+01
11 35 1.414000e+01
11 36 1.014610e+01
11 37 6.306570e+00
11 38 3.275370e+00
11 39 1.359100e+00
11 40 5.352050e-01
12 1 4.059780e-02
12 2 1.640900e-02
12 3 2.418290e-02
12 4 3.300620e-02
12 5 4.728670e-02
12 6 6.712390e-02
12 7 9.551170e-02
12 8 1.372570e-01
12 9 1.952240e-01
12 10 2.786610e-01
12 11 3.946690e-01
12 12 5.462790e-01
12 13 6.974150e-01
12 14 8.762600e-01
12 15 1.096710e+00
12 16 1.374030e+00
12 17 1.717370e+00
12 18 2.142730e+00
12 19 2.665370e+00
12 20 3.309850e+00
12 21 4.091710e+00
12 22 5.036990e+00
12 23 6.163010e+00
12 24 7.484940e+00
12 25 9.008010e+00
12 26 1.071460e+01
12 27 1.256040e+01
12 28 1.445330e+01
12 29 1.624870e+01
12 30 1.774070e+01
12 31 1.867130e+01
12 32 1.876310e+01
12 33 1.779420e+01
12 34 1.568950e+01
12 35 1.262490e+01
12 36 9.058910e+00
12 37 5.630770e+00
12 38 2.924390e+00
12 39 1.213450e+00
12 40 4.778510e-01
13 1 3.038670e-02
13 2 1.228270e-02
13 3 1.809740e-02
13 4 2.466490e-02
13 5 3.532910e-02
13 6 5.046120e-02
13 7 7.228760e-02
13 8 1.047160e-01
13 9 1.509050e-01
13 10 2.176140e-01
13 11 3.102960e-01
13 12 4.411640e-01
13 13 6.111910e-01
13 14 7.822610e-01
13 15 9.791360e-01
13 16 1.226720e+00
13 17 1.533240e+00
13 18 1.913000e+00
13 19 2.379600e+00
13 20 2.954990e+00
13 21 3.653030e+00
13 22 4.496970e+00
13 23 5.502270e+00
13 24 6.682460e+00
13 25 8.042240e+00
13 26 9.565800e+00
13 27 1.121380e+01
13 28 1.290350e+01
13 29 1.450680e+01
13 30 1.583920e+01
13 31 1.666990e+01
13 32 1.675170e+01
13 33 1.588640e+01
13 34 1.400730e+01
13 35 1.127120e+01
13 36 8.087550e+00
13 37 5.026980e+00
13 38 2.610800e+00
13 39 1.083330e+00
13 40 4.266090e-01
14 1 2.581150e-02
14 2 1.043460e-02
14 3 1.537350e-02
14 4 2.095020e-02
14 5 2.994380e-02
14 6 4.245140e-02
14 7 6.006820e-02
14 8 8.548770e-02
14 9 1.209190e-01
14 10 1.733620e-01
14 11 2.467810e-01
14 12 3.503140e-01
14 13 4.956480e-01
14 14 6.863170e-01
14 15 8.747870e-01
14 16 1.096080e+00
14 17 1.369960e+00
14 18 1.709270e+00
14 19 2.126180e+00
14 20 2.640290e+00
14 21 3.264000e+00
14 22 4.018050e+00
14 23 4.916310e+00
14 24 5.970840e+00
14 25 7.185820e+00
14 26 8.547080e+00
14 27 1.001940e+01
14 28 1.152910e+01
14 29 1.296180e+01
14 30 1.415300e+01
14 31 1.489500e+01
14 32 1.496790e+01
14 33 1.419450e+01
14 34 1.251550e+01
14 35 1.007080e+01
14 36 7.226110e+00
14 37 4.491510e+00
14 38 2.332700e+00
14 39 9.679320e-01
14 40 3.811650e-01
15 1 2.050000e-02
15 2 8.287720e-03
15 3 1.221120e-02
15 4 1.664120e-02
15 5 2.377640e-02
15 6 3.365870e-02
15 7 4.749280e-02
15 8 6.757410e-02
15 9 9.594640e-02
15 10 1.375430e-01
15 11 1.956510e-01
15 12 2.776680e-01
15 13 3.929210e-01
15 14 5.565930e-01
15 15 7.676690e-01
15 16 9.795930e-01
15 17 1.224410e+00
15 18 1.527670e+00
15 19 1.900300e+00
15 20 2.359770e+00
15 21 2.917210e+00
15 22 3.591150e+00
15 23 4.393990e+00
15 24 5.336470e+00
15 25 6.422410e+00
15 26 7.638970e+00
15 27 8.954780e+00
15 28 1.030410e+01
15 29 1.158430e+01
15 30 1.264950e+01
15 31 1.331290e+01
15 32 1.337780e+01
15 33 1.268650e+01
15 34 1.118570e+01
15 35 9.000660e+00
15 36 6.458230e+00
15 37 4.014210e+00
15 38 2.084800e+00
15 39 8.650650e-01
15 40 3.406560e-01
16 1 1.600290e-02
16 2 6.470460e-03
16 3 9.533170e-03
16 4 1.299210e-02
16 5 1.856260e-02
16 6 2.627180e-02
16 7 3.702360e-02
16 8 5.253080e-02
16 9 7.437700e-02
16 10 1.066310e-01
16 11 1.524840e-01
16 12 2.179170e-01
16 13 3.098040e-01
16 14 4.402290e-01
16 15 6.222910e-01
16 16 8.603860e-01
16 17 1.095510e+00
16 18 1.366930e+00
16 19 1.700340e+00
16 20 2.111470e+00
16 21 2.610250e+00
16 22 3.213270e+00
16 23 3.931630e+00
16 24 4.774980e+00
16 25 5.746620e+00
16 26 6.835190e+00
16 27 8.012420e+00
16 28 9.219990e+00
16 29 1.036530e+01
16 30 1.131800e+01
16 31 1.191250e+01
16 32 1.197040e+01
16 33 1.135160e+01
16 34 1.000850e+01
16 35 8.053470e+00
16 36 5.778610e+00
16 37 3.591760e+00
16 38 1.865390e+00
16 39 7.740320e-01
16 40 3.048080e-01
17 1 1.312990e-02
17 2 5.308060e-03
17 3 7.820920e-03
17 4 1.065770e-02
17 5 1.522810e-02
17 6 2.155370e-02
17 7 3.037220e-02
17 8 4.303760e-02
17 9 6.068290e-02
17 10 8.643800e-02
17 11 1.227270e-01
17 12 1.743930e-01
17 13 2.470200e-01
17 14 3.501970e-01
17 15 4.943570e-01
17 16 6.984850e-01
17 17 9.630700e-01
17 18 1.224070e+00
17 19 1.522680e+00
17 20 1.890860e+00
17 21 2.337530e+00
17 22 2.877550e+00
17 23 3.520840e+00
17 24 4.276090e+00
17 25 5.146180e+00
17 26 6.121080e+00
17 27 7.175200e+00
17 28 8.256690e+00
17 29 9.282510e+00
17 30 1.013480e+01
17 31 1.066790e+01
17 32 1.071990e+01
17 33 1.016560e+01
17 34 8.962770e+00
17 35 7.211960e+00
17 36 5.174840e+00
17 37 3.216470e+00
17 38 1.670480e+00
17 39 6.931610e-01
17 40 2.729620e-01
18 1 1.032500e-02
18 2 4.175130e-03
18 3 6.151690e-03
18 4 8.383540e-03
18 5 1.197780e-02
18 6 1.695320e-02
18 7 2.388900e-02
18 8 3.382390e-02
18 9 4.761100e-02
18 10 6.769340e-02
18 11 9.601720e-02
18 12 1.366540e-01
18 13 1.943710e-01
18 14 2.764640e-01
18 15 3.910910e-01
18 16 5.534710e-01
18 17 7.813190e-01
18 18 1.076780e+00
18 19 1.364860e+00
18 20 1.694890e+00
18 21 2.095260e+00
18 22 2.579310e+00
18 23 3.155930e+00
18 24 3.832860e+00
18 25 4.612820e+00
18 26 5.486680e+00
18 27 6.431530e+00
18 28 7.400900e+00
18 29 8.320590e+00
18 30 9.084470e+00
18 31 9.561680e+00
18 32 9.609000e+00
18 33 9.112210e+00
18 34 8.033960e+00
18 35 6.464510e+00
18 36 4.638510e+00
18 37 2.883120e+00
18 38 1.497360e+00
18 39 6.213240e-01
18 40 2.446740e-01
19 1 7.856350e-03
19 2 3.177120e-03
19 3 4.681160e-03
19 4 6.379300e-03
19 5 9.114440e-03
19 6 1.290000e-02
19 7 1.817670e-02
19 8 2.573360e-02
19 9 3.618860e-02
19 10 5.134890e-02
19 11 7.270190e-02
19 12 1.034960e-01
19 13 1.479450e-01
19 14 2.129230e-01
19 15 3.047170e-01
19 16 4.344820e-01
19 17 6.165630e-01
19 18 8.723600e-01
19 19 1.202430e+00
19 20 1.522570e+00
19 21 1.882230e+00
19 22 2.317060e+00
19 23 2.835050e+00
19 24 3.443140e+00
19 25 4.143810e+00
19 26 4.928820e+00
19 27 5.777710e+00
19 28 6.648480e+00
19 29 7.474480e+00
19 30 8.161160e+00
19 31 8.589170e+00
19 32 8.631870e+00
19 33 8.185850e+00
19 34 7.217200e+00
19 35 5.807290e+00
19 36 4.166860e+00
19 37 2.589980e+00
19 38 1.345110e+00
19 39 5.581510e-01
19 40 2.197980e-01
20 1 6.539530e-03
20 2 2.645090e-03
20 3 3.897050e-03
20 4 5.310860e-03
20 5 7.588520e-03
20 6 1.073990e-02
20 7 1.513350e-02
20 8 2.142750e-02
20 9 3.013020e-02
20 10 4.270300e-02
20 11 6.022370e-02
20 12 8.507410e-02
20 13 1.202130e-01
20 14 1.703650e-01
20 15 2.417640e-01
20 16 3.447710e-01
20 17 4.893480e-01
20 18 6.923340e-01
20 19 9.762820e-01
20 20 1.343530e+00
20 21 1.693280e+00
20 22 2.084420e+00
20 23 2.550410e+00
20 24 3.097440e+00
20 25 3.727750e+00
20 26 4.433960e+00
20 27 5.197690e+00
20 28 5.981020e+00
20 29 6.723990e+00
20 30 7.341930e+00
20 31 7.726880e+00
20 32 7.764880e+00
20 33 7.363880e+00
20 34 6.492680e+00
20 35 5.224260e+00
20 36 3.748470e+00
20 37 2.329920e+00
20 38 1.210020e+00
20 39 5.021030e-01
20 40 1.977270e-01
21 1 5.290530e-03
21 2 2.140180e-03
21 3 3.153480e-03
21 4 4.297500e-03
21 5 6.140070e-03
21 6 8.690810e-03
21 7 1.224610e-02
21 8 1.733780e-02
21 9 2.438200e-02
21 10 3.455650e-02
21 11 4.872250e-02
21 12 6.879180e-02
21 13 9.715060e-02
21 14 1.378640e-01
21 15 1.952140e-01
21 16 2.765130e-01
21 17 3.905610e-01
21 18 5.509900e-01
21 19 7.757960e-01
21 20 1.091940e+00
21 21 1.497640e+00
21 22 1.880030e+00
21 23 2.300290e+00
21 24 2.793640e+00
21 25 3.362150e+00
21 26 3.999060e+00
21 27 4.687790e+00
21 28 5.394380e+00
21 29 6.064640e+00
21 30 6.621670e+00
21 31 6.969230e+00
21 32 7.003300e+00
21 33 6.641600e+00
21 34 5.855960e+00
21 35 4.712020e+00
21 36 3.380900e+00
21 37 2.101480e+00
21 38 1.091350e+00
21 39 4.528510e-01
21 40 1.783370e-01
22 1 4.200330e-03
22 2 1.699840e-03
22 3 2.504650e-03
22 4 3.413280e-03
22 5 4.876930e-03
22 6 6.902770e-03
22 7 9.726480e-03
22 8 1.377100e-02
22 9 1.936540e-02
22 10 2.744570e-02
22 11 3.869710e-02
22 12 5.461120e-02
22 13 7.704160e-02
22 14 1.091810e-01
22 15 1.545480e-01
22 16 2.191340e-01
22 17 3.097910e-01
22 18 4.372400e-01
22 19 6.158500e-01
22 20 8.671440e-01
22 21 1.218110e+00
22 22 1.667970e+00
22 23 2.082210e+00
22 24 2.528730e+00
22 25 3.043280e+00
22 26 3.619780e+00
22 27 4.243120e+00
22 28 4.882760e+00
22 29 5.489380e+00
22 30 5.993570e+00
22 31 6.308390e+00
22 32 6.339200e+00
22 33 6.011720e+00
22 34 5.300540e+00
22 35 4.265230e+00
22 36 3.060330e+00
22 37 1.902200e+00
22 38 9.878840e-01
22 39 4.099000e-01
22 40 1.614220e-01
23 1 3.263910e-03
23 2 1.321120e-03
23 3 1.946520e-03
23 4 2.652830e-03
23 5 3.790360e-03
23 6 5.364600e-03
23 7 7.559450e-03
23 8 1.070260e-02
23 9 1.504960e-02
23 10 2.132990e-02
23 11 3.007290e-02
23 12 4.243540e-02
23 13 5.982050e-02
23 14 8.459270e-02
23 15 1.194760e-01
23 16 1.695650e-01
23 17 2.409770e-01
23 18 3.424900e-01
23 19 4.848770e-01
23 20 6.850590e-01
23 21 9.645330e-01
23 22 1.355520e+00
23 23 1.852240e+00
23 24 2.297070e+00
23 25 2.764370e+00
23 26 3.288020e+00
23 27 3.854260e+00
23 28 4.435210e+00
23 29 4.986260e+00
23 30 5.444170e+00
23 31 5.730000e+00
23 32 5.758390e+00
23 33 5.460810e+00
23 34 4.814720e+00
23 35 3.874260e+00
23 36 2.779930e+00
23 37 1.727850e+00
23 38 8.973700e-01
23 39 3.723430e-01
23 40 1.466250e-01
24 1 2.612070e-03
24 2 1.057860e-03
24 3 1.558690e-03
24 4 2.124210e-03
24 5 3.035120e-03
24 6 4.295900e-03
24 7 6.053380e-03
24 8 8.570370e-03
24 9 1.205190e-02
24 10 1.708070e-02
24 11 2.408230e-02
24 12 3.398360e-02
24 13 4.790330e-02
24 14 6.769110e-02
24 15 9.540620e-02
24 16 1.349530e-01
24 17 1.911110e-01
24 18 2.710840e-01
24 19 3.840570e-01
24 20 5.430450e-01
24 21 7.649530e-01
24 22 1.075350e+00
24 23 1.507250e+00
24 24 2.052250e+00
24 25 2.524150e+00
24 26 3.002160e+00
24 27 3.519040e+00
24 28 4.049550e+00
24 29 4.552640e+00
24 30 4.970860e+00
24 31 5.231730e+00
24 32 5.257710e+00
24 33 4.986160e+00
24 34 4.396160e+00
24 35 3.537390e+00
24 36 2.538190e+00
24 37 1.577660e+00
24 38 8.193480e-01
24 39 3.399820e-01
24 40 1.338810e-01
25 1 2.079310e-03
25 2 8.432900e-04
25 3 1.242500e-03
25 4 1.693300e-03
25 5 2.419470e-03
25 6 3.424490e-03
25 7 4.825520e-03
25 8 6.832210e-03
25 9 9.607470e-03
25 10 1.361640e-02
25 11 1.919840e-02
25 12 2.709110e-02
25 13 3.818750e-02
25 14 5.396060e-02
25 15 7.600080e-02
25 16 1.073250e-01
25 17 1.517420e-01
25 18 2.149170e-01
25 19 3.043010e-01
25 20 4.305940e-01
25 21 6.068300e-01
25 22 8.532320e-01
25 23 1.196430e+00
25 24 1.672350e+00
25 25 2.267970e+00
25 26 2.759630e+00
25 27 3.234680e+00
25 28 3.722230e+00
25 29 4.184610e+00
25 30 4.568980e+00
25 31 4.808870e+00
25 32 4.832530e+00
25 33 4.583170e+00
25 34 4.041000e+00
25 35 3.251500e+00
25 36 2.333050e+00
25 37 1.450160e+00
25 38 7.531450e-01
25 39 3.125030e-01
25 40 1.230620e-01
26 1 1.559670e-03
26 2 6.339120e-04
26 3 9.340090e-04
26 4 1.272870e-03
26 5 1.818650e-03
26 6 2.574060e-03
26 7 3.627100e-03
26 8 5.135130e-03
26 9 7.220900e-03
26 10 1.023360e-02
26 11 1.442750e-02
26 12 2.035770e-02
26 13 2.869320e-02
26 14 4.053760e-02
26 15 5.708290e-02
26 16 8.051820e-02
26 17 1.134670e-01
26 18 1.603350e-01
26 19 2.273930e-01
26 20 3.243460e-01
26 21 4.637010e-01
26 22 6.617240e-01
26 23 9.368800e-01
26 24 1.318290e+00
26 25 1.845620e+00
26 26 2.496160e+00
26 27 2.998950e+00
26 28 3.450690e+00
26 29 3.879280e+00
26 30 4.235460e+00
26 31 4.458000e+00
26 32 4.479860e+00
26 33 4.248680e+00
26 34 3.746190e+00
26 35 3.014400e+00
26 36 2.162900e+00
26 37 1.344380e+00
26 38 6.982080e-01
26 39 2.897090e-01
26 40 1.140850e-01
27 1 1.281090e-03
27 2 5.205870e-04
27 3 7.669920e-04
27 4 1.045290e-03
27 5 1.493550e-03
27 6 2.113830e-03
27 7 2.978730e-03
27 8 4.217490e-03
27 9 5.930440e-03
27 10 8.405200e-03
27 11 1.185080e-02
27 12 1.672170e-02
27 13 2.357070e-02
27 14 3.330490e-02
27 15 4.690020e-02
27 16 6.616590e-02
27 17 9.321560e-02
27 18 1.313130e-01
27 19 1.850910e-01
27 20 2.618440e-01
27 21 3.710750e-01
27 22 5.264950e-01
27 23 7.444020e-01
27 24 1.046180e+00
27 25 1.463210e+00
27 26 2.036930e+00
27 27 2.734390e+00
27 28 3.230300e+00
27 29 3.631320e+00
27 30 3.964910e+00
27 31 4.172670e+00
27 32 4.193410e+00
27 33 3.977080e+00
27 34 3.506580e+00
27 35 2.821770e+00
27 36 2.024670e+00
27 37 1.258450e+00
27 38 6.535720e-01
27 39 2.711980e-01
27 40 1.067940e-01
28 1 1.012390e-03
28 2 4.124930e-04
28 3 6.077870e-04
28 4 8.282740e-04
28 5 1.183420e-03
28 6 1.675040e-03
28 7 2.360270e-03
28 8 3.341680e-03
28 9 4.699350e-03
28 10 6.660250e-03
28 11 9.390150e-03
28 12 1.325080e-02
28 13 1.867730e-02
28 14 2.638940e-02
28 15 3.716530e-02
28 16 5.242930e-02
28 17 7.385770e-02
28 18 1.039910e-01
28 19 1.462330e-01
28 20 2.060590e-01
28 21 2.908550e-01
28 22 4.123590e-01
28 23 5.849400e-01
28 24 8.252380e-01
28 25 1.157090e+00
28 26 1.612830e+00
28 27 2.236070e+00
28 28 2.978690e+00
28 29 3.446580e+00
28 30 3.763140e+00
28 31 3.960640e+00
28 32 3.980160e+00
28 33 3.774740e+00
28 34 3.328130e+00
28 35 2.678050e+00
28 36 1.921590e+00
28 37 1.194410e+00
28 38 6.203150e-01
28 39 2.573940e-01
28 40 1.013610e-01
29 1 7.733790e-04
29 2 3.169130e-04
29 3 4.669140e-04
29 4 6.363210e-04
29 5 9.091770e-04
29 6 1.286750e-03
29 7 1.813200e-03
29 8 2.567160e-03
29 9 3.609780e-03
29 10 5.116150e-03
29 11 7.213330e-03
29 12 1.017810e-02
29 13 1.434630e-02
29 14 2.026950e-02
29 15 2.854180e-02
29 16 4.026280e-02
29 17 5.671520e-02
29 18 7.983570e-02
29 19 1.122070e-01
29 20 1.577260e-01
29 21 2.212390e-01
29 22 3.111640e-01
29 23 4.408410e-01
29 24 6.277700e-01
29 25 8.936870e-01
29 26 1.261150e+00
29 27 1.761500e+00
29 28 2.439420e+00
29 29 3.226190e+00
29 30 3.638330e+00
29 31 3.829340e+00
29 32 3.848000e+00
29 33 3.649480e+00
29 34 3.217820e+00
29 35 2.589200e+00
29 36 1.857830e+00
29 37 1.154770e+00
29 38 5.997310e-01
29 39 2.488520e-01
29 40 9.799650e-02
30 1 6.290260e-04
30 2 2.575010e-04
30 3 3.793990e-04
30 4 5.170210e-04
30 5 7.387350e-04
30 6 1.045580e-03
30 7 1.473260e-03
30 8 2.085910e-03
30 9 2.933230e-03
30 10 4.157010e-03
30 11 5.861170e-03
30 12 8.270780e-03
30 13 1.165770e-02
30 14 1.647220e-02
30 15 2.319710e-02
30 16 3.272190e-02
30 17 4.609580e-02
30 18 6.489640e-02
30 19 9.121570e-02
30 20 1.282460e-01
30 21 1.800940e-01
30 22 2.532930e-01
30 23 3.570390e-01
30 24 5.045420e-01
30 25 7.134040e-01
30 26 1.002600e+00
30 27 1.397380e+00
30 28 1.932520e+00
30 29 2.651400e+00
30 30 3.460530e+00
30 31 3.778380e+00
30 32 3.797010e+00
30 33 3.600650e+00
30 34 3.174940e+00
30 35 2.554800e+00
30 36 1.833110e+00
30 37 1.139390e+00
30 38 5.917410e-01
30 39 2.455360e-01
30 40 9.669030e-02
31 1 5.081550e-04
31 2 2.078320e-04
31 3 3.062260e-04
31 4 4.173210e-04
31 5 5.962480e-04
31 6 8.439320e-04
31 7 1.189190e-03
31 8 1.683620e-03
31 9 2.367600e-03
31 10 3.355560e-03
31 11 4.730960e-03
31 12 6.676220e-03
31 13 9.410820e-03
31 14 1.329720e-02
31 15 1.872790e-02
31 16 2.642180e-02
31 17 3.722150e-02
31 18 5.240850e-02
31 19 7.367550e-02
31 20 1.035910e-01
31 21 1.453630e-01
31 22 2.038200e-01
31 23 2.856810e-01
31 24 4.007610e-01
31 25 5.629030e-01
31 26 7.910320e-01
31 27 1.105010e+00
31 28 1.530160e+00
31 29 2.101280e+00
31 30 2.860250e+00
31 31 3.678780e+00
31 32 3.856780e+00
31 33 3.657520e+00
31 34 3.224840e+00
31 35 2.594880e+00
31 36 1.861990e+00
31 37 1.157330e+00
31 38 6.010570e-01
31 39 2.493970e-01
31 40 9.821190e-02
32 1 4.033740e-04
32 2 1.654780e-04
32 3 2.438100e-04
32 4 3.322640e-04
32 5 4.747390e-04
32 6 6.719180e-04
32 7 9.468070e-04
32 8 1.340510e-03
32 9 1.885020e-03
32 10 2.671620e-03
32 11 3.766810e-03
32 12 5.315380e-03
32 13 7.492580e-03
32 14 1.058710e-02
32 15 1.491030e-02
32 16 2.103600e-02
32 17 2.963680e-02
32 18 4.172910e-02
32 19 5.866370e-02
32 20 8.248890e-02
32 21 1.157500e-01
32 22 1.622370e-01
32 23 2.269570e-01
32 24 3.171540e-01
32 25 4.437340e-01
32 26 6.225590e-01
32 27 8.714670e-01
32 28 1.209750e+00
32 29 1.663750e+00
32 30 2.267520e+00
32 31 3.060390e+00
32 32 3.871040e+00
32 33 3.858630e+00
32 34 3.401940e+00
32 35 2.737390e+00
32 36 1.964230e+00
32 37 1.220930e+00
32 38 6.340940e-01
32 39 2.631060e-01
32 40 1.036100e-01
33 1 3.193410e-04
33 2 1.318400e-04
33 3 1.942540e-04
33 4 2.647220e-04
33 5 3.782340e-04
33 6 5.353450e-04
33 7 7.543400e-04
33 8 1.068010e-03
33 9 1.501870e-03
33 10 2.128520e-03
33 11 3.001070e-03
33 12 4.234940e-03
33 13 5.969430e-03
33 14 8.434830e-03
33 15 1.187940e-02
33 16 1.675960e-02
33 17 2.361200e-02
33 18 3.324760e-02
33 19 4.674060e-02
33 20 6.572510e-02
33 21 9.223110e-02
33 22 1.292760e-01
33 23 1.808120e-01
33 24 2.523200e-01
33 25 3.517220e-01
33 26 4.915260e-01
33 27 6.872220e-01
33 28 9.557800e-01
33 29 1.316600e+00
33 30 1.795940e+00
33 31 2.426140e+00
33 32 3.242970e+00
33 33 4.023100e+00
33 34 3.766350e+00
33 35 3.030620e+00
33 36 2.174340e+00
33 37 1.351570e+00
33 38 7.019430e-01
33 39 2.912620e-01
33 40 1.146980e-01
34 1 2.558950e-04
34 2 1.063880e-04
34 3 1.567500e-04
34 4 2.136250e-04
34 5 3.052200e-04
34 6 4.319940e-04
34 7 6.087470e-04
34 8 8.618570e-04
34 9 1.211950e-03
34 10 1.717760e-03
34 11 2.421890e-03
34 12 3.417630e-03
34 13 4.817740e-03
34 14 6.807510e-03
34 15 9.587690e-03
34 16 1.352780e-02
34 17 1.905970e-02
34 18 2.683930e-02
34 19 3.773810e-02
34 20 5.307210e-02
34 21 7.448580e-02
34 22 1.044280e-01
34 23 1.460870e-01
34 24 2.038650e-01
34 25 2.837880e-01
34 26 3.940730e-01
34 27 5.473370e-01
34 28 7.590020e-01
34 29 1.045260e+00
34 30 1.425480e+00
34 31 1.924770e+00
34 32 2.572760e+00
34 33 3.401740e+00
34 34 4.125380e+00
34 35 3.573150e+00
34 36 2.563650e+00
34 37 1.593400e+00
34 38 8.275650e-01
34 39 3.433870e-01
34 40 1.352240e-01
35 1 2.101540e-04
35 2 8.641320e-05
35 3 1.273220e-04
35 4 1.735080e-04
35 5 2.479160e-04
35 6 3.508980e-04
35 7 4.944400e-04
35 8 7.000650e-04
35 9 9.844750e-04
35 10 1.395270e-03
35 11 1.967340e-03
35 12 2.776340e-03
35 13 3.913590e-03
35 14 5.530430e-03
35 15 7.789660e-03
35 16 1.099080e-02
35 17 1.548730e-02
35 18 2.181180e-02
35 19 3.067100e-02
35 20 4.314330e-02
35 21 6.056630e-02
35 22 8.492870e-02
35 23 1.188510e-01
35 24 1.659190e-01
35 25 2.310130e-01
35 26 3.207870e-01
35 27 4.442230e-01
35 28 6.119710e-01
35 29 8.374520e-01
35 30 1.137590e+00
35 31 1.531950e+00
35 32 2.043380e+00
35 33 2.698880e+00
35 34 3.526830e+00
35 35 4.169770e+00
35 36 3.282020e+00
35 37 2.039780e+00
35 38 1.059370e+00
35 39 4.395820e-01
35 40 1.731030e-01
36 1 1.622290e-04
36 2 6.764580e-05
36 3 9.967080e-05
36 4 1.358270e-04
36 5 1.940700e-04
36 6 2.746870e-04
36 7 3.870540e-04
36 8 5.480020e-04
36 9 7.706310e-04
36 10 1.092190e-03
36 11 1.539930e-03
36 12 2.173130e-03
36 13 3.063240e-03
36 14 4.328520e-03
36 15 6.096540e-03
36 16 8.601530e-03
36 17 1.211940e-02
36 18 1.706720e-02
36 19 2.399720e-02
36 20 3.375050e-02
36 21 4.737290e-02
36 22 6.641810e-02
36 23 9.292570e-02
36 24 1.296990e-01
36 25 1.805300e-01
36 26 2.504160e-01
36 27 3.462180e-01
36 28 4.774770e-01
36 29 6.562390e-01
36 30 8.957900e-01
36 31 1.210830e+00
36 32 1.619090e+00
36 33 2.141580e+00
36 34 2.802290e+00
36 35 3.628090e+00
36 36 4.173160e+00
36 37 2.920680e+00
36 38 1.516860e+00
36 39 6.293750e-01
36 40 2.478530e-01
37 1 1.253150e-04
37 2 5.320190e-05
37 3 7.838930e-05
37 4 1.068350e-04
37 5 1.526410e-04
37 6 2.160370e-04
37 7 3.044330e-04
37 8 4.310110e-04
37 9 6.060790e-04
37 10 8.590300e-04
37 11 1.211140e-03
37 12 1.709050e-03
37 13 2.409200e-03
37 14 3.404170e-03
37 15 4.794280e-03
37 16 6.764510e-03
37 17 9.530500e-03
37 18 1.342000e-02
37 19 1.886940e-02
37 20 2.653620e-02
37 21 3.724260e-02
37 22 5.221420e-02
37 23 7.304320e-02
37 24 1.019300e-01
37 25 1.418710e-01
37 26 1.967450e-01
37 27 2.717110e-01
37 28 3.736660e-01
37 29 5.118970e-01
37 30 6.989430e-01
37 31 9.495700e-01
37 32 1.277020e+00
37 33 1.695530e+00
37 34 2.223690e+00
37 35 2.883450e+00
37 36 3.701390e+00
37 37 4.130660e+00
37 38 2.504790e+00
37 39 1.039290e+00
37 40 4.092400e-01
38 1 9.898400e-05
38 2 4.187460e-05
38 3 6.170440e-05
38 4 8.409160e-05
38 5 1.201550e-04
38 6 1.700640e-04
38 7 2.396280e-04
38 8 3.392750e-04
38 9 4.770970e-04
38 10 6.761520e-04
38 11 9.533370e-04
38 12 1.345290e-03
38 13 1.896230e-03
38 14 2.679420e-03
38 15 3.773650e-03
38 16 5.323820e-03
38 17 7.500790e-03
38 18 1.056200e-02
38 19 1.484860e-02
38 20 2.088100e-02
38 21 2.930430e-02
38 22 4.107760e-02
38 23 5.746190e-02
38 24 8.018290e-02
38 25 1.115800e-01
38 26 1.547340e-01
38 27 2.136830e-01
38 28 2.936400e-01
38 29 4.016100e-01
38 30 5.471210e-01
38 31 7.422440e-01
38 32 1.001030e+00
38 33 1.336990e+00
38 34 1.760720e+00
38 35 2.288850e+00
38 36 2.942670e+00
38 37 3.749910e+00
38 38 4.048230e+00
38 39 2.063020e+00
38 40 8.123100e-01
39 1 7.661950e-05
39 2 3.310080e-05
39 3 4.878130e-05
39 4 6.648700e-05
39 5 9.499820e-05
39 6 1.344610e-04
39 7 1.894730e-04
39 8 2.682480e-04
39 9 3.772140e-04
39 10 5.346250e-04
39 11 7.537460e-04
39 12 1.063630e-03
39 13 1.499300e-03
39 14 2.118410e-03
39 15 2.983490e-03
39 16 4.209280e-03
39 17 5.930110e-03
39 18 8.350120e-03
39 19 1.173960e-02
39 20 1.650770e-02
39 21 2.316590e-02
39 22 3.247330e-02
39 23 4.542060e-02
39 24 6.337690e-02
39 25 8.819510e-02
39 26 1.222910e-01
39 27 1.688720e-01
39 28 2.320580e-01
39 29 3.170640e-01
39 30 4.308260e-01
39 31 5.827920e-01
39 32 7.844730e-01
39 33 1.049160e+00
39 34 1.388730e+00
39 35 1.811800e+00
39 36 2.334110e+00
39 37 2.978120e+00
39 38 3.774290e+00
39 39 3.928360e+00
39 40 2.040160e+00
40 1 6.016910e-05
40 2 2.658990e-05
40 3 3.919050e-05
40 4 5.341710e-05
40 5 7.632820e-05
40 6 1.080320e-04
40 7 1.522310e-04
40 8 2.155320e-04
40 9 3.030760e-04
40 10 4.295500e-04
40 11 6.056380e-04
40 12 8.546110e-04
40 13 1.204680e-03
40 14 1.702240e-03
40 15 2.397350e-03
40 16 3.382430e-03
40 17 4.765660e-03
40 18 6.710590e-03
40 19 9.435120e-03
40 20 1.326900e-02
40 21 1.862200e-02
40 22 2.610660e-02
40 23 3.652170e-02
40 24 5.096490e-02
40 25 7.093260e-02
40 26 9.837480e-02
40 27 1.358570e-01
40 28 1.866940e-01
40 29 2.550700e-01
40 30 3.461540e-01
40 31 4.666420e-01
40 32 6.254980e-01
40 33 8.331820e-01
40 34 1.100310e+00
40 35 1.435620e+00
40 36 1.849490e+00
40 37 2.359850e+00
40 38 2.991070e+00
40 39 3.776380e+00
40 40 5.184520e+00
