1 1 1.173780e+00
1 2 4.334210e-01
1 3 5.680390e-01
1 4 6.885190e-01
1 5 8.755600e-01
1 6 1.101410e+00
1 7 1.378540e+00
1 8 1.732090e+00
1 9 2.159480e+00
1 10 2.709750e+00
1 11 3.376430e+00
1 12 4.202060e+00
1 13 5.210060e+00
1 14 6.453150e+00
1 15 7.932280e+00
1 16 9.714910e+00
1 17 1.180040e+01
1 18 1.420310e+01
1 19 1.688470e+01
1 20 1.980690e+01
1 21 2.279080e+01
1 22 2.563330e+01
1 23 2.799640e+01
1 24 2.947410e+01
1 25 2.963850e+01
1 26 2.812630e+01
1 27 2.482030e+01
1 28 1.999370e+01
1 29 1.436540e+01
1 30 8.943880e+00
1 31 4.654810e+00
1 32 1.936380e+00
1 33 6.092480e-01
1 34 1.353580e-01
1 35 1.951020e-02
1 36 1.642860e-03
1 37 7.408120e-05
1 38 0.000000e+00
1 39 0.000000e+00
1 40 0.000000e+00
2 1 9.300750e-01
2 2 3.801150e-01
2 3 5.071930e-01
2 4 6.147560e-01
2 5 7.817540e-01
2 6 9.834120e-01
2 7 1.230850e+00
2 8 1.546520e+00
2 9 1.928130e+00
2 10 2.419460e+00
2 11 3.014690e+00
2 12 3.751880e+00
2 13 4.651930e+00
2 14 5.761780e+00
2 15 7.082430e+00
2 16 8.674100e+00
2 17 1.053610e+01
2 18 1.268130e+01
2 19 1.507600e+01
2 20 1.768630e+01
2 21 2.034970e+01
2 22 2.288750e+01
2 23 2.499740e+01
2 24 2.631660e+01
2 25 2.646330e+01
2 26 2.511300e+01
2 27 2.216110e+01
2 28 1.785160e+01
2 29 1.282630e+01
2 30 7.985620e+00
2 31 4.156080e+00
2 32 1.728910e+00
2 33 5.439710e-01
2 34 1.208550e-01
2 35 1.741970e-02
2 36 1.466880e-03
2 37 6.614000e-05
2 38 0.000000e+00
2 39 0.000000e+00
2 40 0.000000e+00
3 1 7.338120e-01
3 2 3.069140e-01
3 3 4.437940e-01
3 4 5.481300e-01
3 5 6.970140e-01
3 6 8.768100e-01
3 7 1.097430e+00
3 8 1.378880e+00
3 9 1.719120e+00
3 10 2.157190e+00
3 11 2.687910e+00
3 12 3.345190e+00
3 13 4.147700e+00
3 14 5.137220e+00
3 15 6.314690e+00
3 16 7.733820e+00
3 17 9.393940e+00
3 18 1.130650e+01
3 19 1.344170e+01
3 20 1.576950e+01
3 21 1.814440e+01
3 22 2.040700e+01
3 23 2.228810e+01
3 24 2.346410e+01
3 25 2.359480e+01
3 26 2.239070e+01
3 27 1.975880e+01
3 28 1.591640e+01
3 29 1.143580e+01
3 30 7.119910e+00
3 31 3.705530e+00
3 32 1.541480e+00
3 33 4.849990e-01
3 34 1.077530e-01
3 35 1.553130e-02
3 36 1.307890e-03
3 37 5.899590e-05
3 38 0.000000e+00
3 39 0.000000e+00
3 40 0.000000e+00
4 1 5.727460e-01
4 2 2.413660e-01
4 3 3.585100e-01
4 4 4.802020e-01
4 5 6.216740e-01
4 6 7.820170e-01
4 7 9.787780e-01
4 8 1.229800e+00
4 9 1.533260e+00
4 10 1.923950e+00
4 11 2.397310e+00
4 12 2.983530e+00
4 13 3.699270e+00
4 14 4.581830e+00
4 15 5.632000e+00
4 16 6.897630e+00
4 17 8.378320e+00
4 18 1.008410e+01
4 19 1.198820e+01
4 20 1.406370e+01
4 21 1.618320e+01
4 22 1.820130e+01
4 23 1.987880e+01
4 24 2.092760e+01
4 25 2.104400e+01
4 26 1.996990e+01
4 27 1.762250e+01
4 28 1.419550e+01
4 29 1.019930e+01
4 30 6.350060e+00
4 31 3.304860e+00
4 32 1.374800e+00
4 33 4.325560e-01
4 34 9.610210e-02
4 35 1.385190e-02
4 36 1.166520e-03
4 37 5.268280e-05
4 38 0.000000e+00
4 39 0.000000e+00
4 40 0.000000e+00
5 1 4.612280e-01
5 2 1.922750e-01
5 3 2.847820e-01
5 4 3.893420e-01
5 5 5.452090e-01
5 6 6.983430e-01
5 7 8.741620e-01
5 8 1.098350e+00
5 9 1.369380e+00
5 10 1.718310e+00
5 11 2.141060e+00
5 12 2.664630e+00
5 13 3.303870e+00
5 14 4.092100e+00
5 15 5.030030e+00
5 16 6.160370e+00
5 17 7.482780e+00
5 18 9.006150e+00
5 19 1.070670e+01
5 20 1.256020e+01
5 21 1.445350e+01
5 22 1.625640e+01
5 23 1.775450e+01
5 24 1.869100e+01
5 25 1.879480e+01
5 26 1.783540e+01
5 27 1.573880e+01
5 28 1.267810e+01
5 29 9.109050e+00
5 30 5.671240e+00
5 31 2.951570e+00
5 32 1.227830e+00
5 33 3.863150e-01
5 34 8.582830e-02
5 35 1.237100e-02
5 36 1.041860e-03
5 37 4.729370e-05
5 38 0.000000e+00
5 39 0.000000e+00
5 40 0.000000e+00
6 1 3.664570e-01
6 2 1.520080e-01
6 3 2.254340e-01
6 4 3.085050e-01
6 5 4.418500e-01
6 6 6.121990e-01
6 7 7.804480e-01
6 8 9.807800e-01
6 9 1.222790e+00
6 10 1.534390e+00
6 11 1.911890e+00
6 12 2.379400e+00
6 13 2.950210e+00
6 14 3.654080e+00
6 15 4.491630e+00
6 16 5.501010e+00
6 17 6.681810e+00
6 18 8.042100e+00
6 19 9.560650e+00
6 20 1.121620e+01
6 21 1.290600e+01
6 22 1.451660e+01
6 23 1.585460e+01
6 24 1.669060e+01
6 25 1.678320e+01
6 26 1.592630e+01
6 27 1.405400e+01
6 28 1.132090e+01
6 29 8.133880e+00
6 30 5.064090e+00
6 31 2.635580e+00
6 32 1.096380e+00
6 33 3.449550e-01
6 34 7.663930e-02
6 35 1.104650e-02
6 36 9.303700e-04
6 37 4.261450e-05
6 38 0.000000e+00
6 39 0.000000e+00
6 40 0.000000e+00
7 1 2.826620e-01
7 2 1.168170e-01
7 3 1.752280e-01
7 4 2.419910e-01
7 5 3.485290e-01
7 6 4.956620e-01
7 7 6.844460e-01
7 8 8.760940e-01
7 9 1.092370e+00
7 10 1.370720e+00
7 11 1.707950e+00
7 12 2.125610e+00
7 13 2.635530e+00
7 14 3.264320e+00
7 15 4.012540e+00
7 16 4.914250e+00
7 17 5.969130e+00
7 18 7.184310e+00
7 19 8.540890e+00
7 20 1.001980e+01
7 21 1.152910e+01
7 22 1.296790e+01
7 23 1.416400e+01
7 24 1.491070e+01
7 25 1.499320e+01
7 26 1.422750e+01
7 27 1.255490e+01
7 28 1.011330e+01
7 29 7.266150e+00
7 30 4.523830e+00
7 31 2.354390e+00
7 32 9.794080e-01
7 33 3.081510e-01
7 34 6.846240e-02
7 35 9.867940e-03
7 36 8.312430e-04
7 37 3.810240e-05
7 38 0.000000e+00
7 39 0.000000e+00
7 40 0.000000e+00
8 1 2.214950e-01
8 2 9.155570e-02
8 3 1.374670e-01
8 4 1.903640e-01
8 5 2.747770e-01
8 6 3.914870e-01
8 7 5.538350e-01
8 8 7.682440e-01
8 9 9.760820e-01
8 10 1.224890e+00
8 11 1.526240e+00
8 12 1.899460e+00
8 13 2.355140e+00
8 14 2.917030e+00
8 15 3.585650e+00
8 16 4.391410e+00
8 17 5.334100e+00
8 18 6.420010e+00
8 19 7.632250e+00
8 20 8.953660e+00
8 21 1.030250e+01
8 22 1.158800e+01
8 23 1.265720e+01
8 24 1.332480e+01
8 25 1.339830e+01
8 26 1.271390e+01
8 27 1.121900e+01
8 28 9.037150e+00
8 29 6.492960e+00
8 30 4.042460e+00
8 31 2.103860e+00
8 32 8.751860e-01
8 33 2.753590e-01
8 34 6.117690e-02
8 35 8.817800e-03
8 36 7.428840e-04
8 37 3.467800e-05
8 38 0.000000e+00
8 39 0.000000e+00
8 40 0.000000e+00
9 1 1.816020e-01
9 2 7.358890e-02
9 3 1.086630e-01
9 4 1.493940e-01
9 5 2.164350e-01
9 6 3.095330e-01
9 7 4.387740e-01
9 8 6.231760e-01
9 9 8.575390e-01
9 10 1.096080e+00
9 11 1.365850e+00
9 12 1.699840e+00
9 13 2.107620e+00
9 14 2.610470e+00
9 15 3.208810e+00
9 16 3.929900e+00
9 17 4.773500e+00
9 18 5.745340e+00
9 19 6.830170e+00
9 20 8.012550e+00
9 21 9.219940e+00
9 22 1.037010e+01
9 23 1.132660e+01
9 24 1.192490e+01
9 25 1.199040e+01
9 26 1.137780e+01
9 27 1.003980e+01
9 28 8.087230e+00
9 29 5.810450e+00
9 30 3.617580e+00
9 31 1.882720e+00
9 32 7.831930e-01
9 33 2.464150e-01
9 34 5.474620e-02
9 35 7.890880e-03
9 36 6.648370e-04
9 37 3.244880e-05
9 38 0.000000e+00
9 39 0.000000e+00
9 40 0.000000e+00
10 1 1.425760e-01
10 2 5.768370e-02
10 3 8.552220e-02
10 4 1.178230e-01
10 5 1.706030e-01
10 6 2.443300e-01
10 7 3.468690e-01
10 8 4.932330e-01
10 9 6.950230e-01
10 10 9.631930e-01
10 11 1.222830e+00
10 12 1.521890e+00
10 13 1.886990e+00
10 14 2.337190e+00
10 15 2.872900e+00
10 16 3.518500e+00
10 17 4.273790e+00
10 18 5.143880e+00
10 19 6.115180e+00
10 20 7.173690e+00
10 21 8.254770e+00
10 22 9.284710e+00
10 23 1.014040e+01
10 24 1.067650e+01
10 25 1.073540e+01
10 26 1.018680e+01
10 27 8.988830e+00
10 28 7.240580e+00
10 29 5.202200e+00
10 30 3.238840e+00
10 31 1.685620e+00
10 32 7.012050e-01
10 33 2.206190e-01
10 34 4.901530e-02
10 35 7.064810e-03
10 36 5.953640e-04
10 37 2.945690e-05
10 38 0.000000e+00
10 39 0.000000e+00
10 40 0.000000e+00
11 1 1.104280e-01
11 2 4.464800e-02
11 3 6.603620e-02
11 4 9.075350e-02
11 5 1.314700e-01
11 6 1.895420e-01
11 7 2.712280e-01
11 8 3.877140e-01
11 9 5.483950e-01
11 10 7.795810e-01
11 11 1.075300e+00
11 12 1.364240e+00
11 13 1.691520e+00
11 14 2.095080e+00
11 15 2.575300e+00
11 16 3.154030e+00
11 17 3.831090e+00
11 18 4.611020e+00
11 19 5.481720e+00
11 20 6.430580e+00
11 21 7.399640e+00
11 22 8.323010e+00
11 23 9.089910e+00
11 24 9.570190e+00
11 25 9.623370e+00
11 26 9.131650e+00
11 27 8.057800e+00
11 28 6.490550e+00
11 29 4.663360e+00
11 30 2.903320e+00
11 31 1.511010e+00
11 32 6.285720e-01
11 33 1.977680e-01
11 34 4.393850e-02
11 35 6.333040e-03
11 36 5.339190e-04
11 37 2.642650e-05
11 38 0.000000e+00
11 39 0.000000e+00
11 40 0.000000e+00
12 1 9.067570e-02
12 2 3.661850e-02
12 3 5.394370e-02
12 4 7.358750e-02
12 5 1.053600e-01
12 6 1.494420e-01
12 7 2.124570e-01
12 8 3.050120e-01
12 9 4.332580e-01
12 10 6.173490e-01
12 11 8.723020e-01
12 12 1.202280e+00
12 13 1.519460e+00
12 14 1.881950e+00
12 15 2.313310e+00
12 16 2.833160e+00
12 17 3.441370e+00
12 18 4.141920e+00
12 19 4.924020e+00
12 20 5.776320e+00
12 21 6.646920e+00
12 22 7.476120e+00
12 23 8.165500e+00
12 24 8.596190e+00
12 25 8.644220e+00
12 26 8.202820e+00
12 27 7.238190e+00
12 28 5.830290e+00
12 29 4.188930e+00
12 30 2.607950e+00
12 31 1.357290e+00
12 32 5.646250e-01
12 33 1.776490e-01
12 34 3.946870e-02
12 35 5.688820e-03
12 36 4.798970e-04
12 37 2.392420e-05
12 38 0.000000e+00
12 39 0.000000e+00
12 40 0.000000e+00
13 1 6.782110e-02
13 2 2.738530e-02
13 3 4.032970e-02
13 4 5.493160e-02
13 5 7.862530e-02
13 6 1.122140e-01
13 7 1.606190e-01
13 8 2.324700e-01
13 9 3.346610e-01
13 10 4.818770e-01
13 11 6.856770e-01
13 12 9.720870e-01
13 13 1.340010e+00
13 14 1.693130e+00
13 15 2.081180e+00
13 16 2.548870e+00
13 17 3.096030e+00
13 18 3.726290e+00
13 19 4.429910e+00
13 20 5.196630e+00
13 21 5.979970e+00
13 22 6.725930e+00
13 23 7.346160e+00
13 24 7.733580e+00
13 25 7.776690e+00
13 26 7.379660e+00
13 27 6.511930e+00
13 28 5.245360e+00
13 29 3.768620e+00
13 30 2.346280e+00
13 31 1.221070e+00
13 32 5.079590e-01
13 33 1.598230e-01
13 34 3.550830e-02
13 35 5.118010e-03
13 36 4.318920e-04
13 37 2.378960e-05
13 38 0.000000e+00
13 39 0.000000e+00
13 40 0.000000e+00
14 1 5.764870e-02
14 2 2.328300e-02
14 3 3.428880e-02
14 4 4.670200e-02
14 5 6.670880e-02
14 6 9.449770e-02
14 7 1.335830e-01
14 8 1.898860e-01
14 9 2.682020e-01
14 10 3.838890e-01
14 11 5.453090e-01
14 12 7.719140e-01
14 13 1.088150e+00
14 14 1.497550e+00
14 15 1.877490e+00
14 16 2.299360e+00
14 17 2.792940e+00
14 18 3.361510e+00
14 19 3.996230e+00
14 20 4.687990e+00
14 21 5.394530e+00
14 22 6.067640e+00
14 23 6.626920e+00
14 24 6.976630e+00
14 25 7.015320e+00
14 26 6.657150e+00
14 27 5.874470e+00
14 28 4.732000e+00
14 29 3.399750e+00
14 30 2.116640e+00
14 31 1.101520e+00
14 32 4.582230e-01
14 33 1.441790e-01
14 34 3.203230e-02
14 35 4.617020e-03
14 36 3.897020e-04
14 37 2.451690e-05
14 38 0.000000e+00
14 39 0.000000e+00
14 40 0.000000e+00
15 1 4.578490e-02
15 2 1.849130e-02
15 3 2.723320e-02
15 4 3.709370e-02
15 5 5.296240e-02
15 6 7.490940e-02
15 7 1.055910e-01
15 8 1.500710e-01
15 9 2.127870e-01
15 10 3.045200e-01
15 11 4.322690e-01
15 12 6.118120e-01
15 13 8.625870e-01
15 14 1.216320e+00
15 15 1.664680e+00
15 16 2.080240e+00
15 17 2.526730e+00
15 18 3.041090e+00
15 19 3.615320e+00
15 20 4.241300e+00
15 21 4.880300e+00
15 22 5.489230e+00
15 23 5.995170e+00
15 24 6.311760e+00
15 25 6.346690e+00
15 26 6.022580e+00
15 27 5.314510e+00
15 28 4.281010e+00
15 29 3.075730e+00
15 30 1.914900e+00
15 31 9.965620e-01
15 32 4.145460e-01
15 33 1.304330e-01
15 34 2.897850e-02
15 35 4.176940e-03
15 36 3.525900e-04
15 37 2.262470e-05
15 38 0.000000e+00
15 39 0.000000e+00
15 40 0.000000e+00
16 1 3.572440e-02
16 2 1.442860e-02
16 3 2.125000e-02
16 4 2.894270e-02
16 5 4.132320e-02
16 6 5.843680e-02
16 7 8.225680e-02
16 8 1.165440e-01
16 9 1.647730e-01
16 10 2.358340e-01
16 11 3.365750e-01
16 12 4.798130e-01
16 13 6.798130e-01
16 14 9.617760e-01
16 15 1.351990e+00
16 16 1.850850e+00
16 17 2.296040e+00
16 18 2.763330e+00
16 19 3.285090e+00
16 20 3.853750e+00
16 21 4.434510e+00
16 22 4.987820e+00
16 23 5.447520e+00
16 24 5.735110e+00
16 25 5.767150e+00
16 26 5.472590e+00
16 27 4.829040e+00
16 28 3.889960e+00
16 29 2.794820e+00
16 30 1.740010e+00
16 31 9.055490e-01
16 32 3.766950e-01
16 33 1.185190e-01
16 34 2.633140e-02
16 35 3.795390e-03
16 36 3.204850e-04
16 37 2.039400e-05
16 38 0.000000e+00
16 39 0.000000e+00
16 40 0.000000e+00
17 1 2.932250e-02
17 2 1.184370e-02
17 3 1.744300e-02
17 4 2.375830e-02
17 5 3.392400e-02
17 6 4.797510e-02
17 7 6.753490e-02
17 8 9.556960e-02
17 9 1.345390e-01
17 10 1.913020e-01
17 11 2.710300e-01
17 12 3.840780e-01
17 13 5.421490e-01
17 14 7.650780e-01
17 15 1.073860e+00
17 16 1.506430e+00
17 17 2.051360e+00
17 18 2.523170e+00
17 19 2.999460e+00
17 20 3.518550e+00
17 21 4.048880e+00
17 22 4.554010e+00
17 23 4.973730e+00
17 24 5.236330e+00
17 25 5.265660e+00
17 26 4.996860e+00
17 27 4.409200e+00
17 28 3.551690e+00
17 29 2.551800e+00
17 30 1.588730e+00
17 31 8.268190e-01
17 32 3.439520e-01
17 33 1.082170e-01
17 34 2.404180e-02
17 35 3.465280e-03
17 36 2.926710e-04
17 37 1.843730e-05
17 38 0.000000e+00
17 39 0.000000e+00
17 40 0.000000e+00
18 1 2.305320e-02
18 2 9.312390e-03
18 3 1.371460e-02
18 4 1.868080e-02
18 5 2.667260e-02
18 6 3.771860e-02
18 7 5.309510e-02
18 8 7.507970e-02
18 9 1.055100e-01
18 10 1.497280e-01
18 11 2.118940e-01
18 12 3.007480e-01
18 13 4.263500e-01
18 14 6.038150e-01
18 15 8.493270e-01
18 16 1.193390e+00
18 17 1.669920e+00
18 18 2.265920e+00
18 19 2.755910e+00
18 20 3.232750e+00
18 21 3.719940e+00
18 22 4.183990e+00
18 23 4.569620e+00
18 24 4.810930e+00
18 25 4.837700e+00
18 26 4.590920e+00
18 27 4.051190e+00
18 28 3.263170e+00
18 29 2.344510e+00
18 30 1.459680e+00
18 31 7.596730e-01
18 32 3.160090e-01
18 33 9.942680e-02
18 34 2.208910e-02
18 35 3.183760e-03
18 36 2.691700e-04
18 37 1.673580e-05
18 38 0.000000e+00
18 39 0.000000e+00
18 40 0.000000e+00
19 1 1.751210e-02
19 2 7.073660e-03
19 3 1.041730e-02
19 4 1.418810e-02
19 5 2.025690e-02
19 6 2.864370e-02
19 7 4.031360e-02
19 8 5.699250e-02
19 9 8.000190e-02
19 10 1.132670e-01
19 11 1.599630e-01
19 12 2.270620e-01
19 13 3.235330e-01
19 14 4.639390e-01
19 15 6.608220e-01
19 16 9.360270e-01
19 17 1.316930e+00
19 18 1.843980e+00
19 19 2.492870e+00
19 20 2.997300e+00
19 21 3.448950e+00
19 22 3.879180e+00
19 23 4.236830e+00
19 24 4.460480e+00
19 25 4.485140e+00
19 26 4.256340e+00
19 27 3.756110e+00
19 28 3.025510e+00
19 29 2.173770e+00
19 30 1.353360e+00
19 31 7.043430e-01
19 32 2.929910e-01
19 33 9.218320e-02
19 34 2.048060e-02
19 35 2.951960e-03
19 36 2.498980e-04
19 37 1.528940e-05
19 38 0.000000e+00
19 39 0.000000e+00
19 40 0.000000e+00
20 1 1.459450e-02
20 2 5.896480e-03
20 3 8.684540e-03
20 4 1.182910e-02
20 5 1.688960e-02
20 6 2.388610e-02
20 7 3.362380e-02
20 8 4.754100e-02
20 9 6.674670e-02
20 10 9.440780e-02
20 11 1.327860e-01
20 12 1.870040e-01
20 13 2.632500e-01
20 14 3.712930e-01
20 15 5.240510e-01
20 16 7.426100e-01
20 17 1.045120e+00
20 18 1.462460e+00
20 19 2.035220e+00
20 20 2.733010e+00
20 21 3.227740e+00
20 22 3.630370e+00
20 23 3.964960e+00
20 24 4.174320e+00
20 25 4.197180e+00
20 26 3.983270e+00
20 27 3.514980e+00
20 28 2.831460e+00
20 29 2.034340e+00
20 30 1.266550e+00
20 31 6.591490e-01
20 32 2.742010e-01
20 33 8.627110e-02
20 34 1.916710e-02
20 35 2.762670e-03
20 36 2.339070e-04
20 37 1.404730e-05
20 38 0.000000e+00
20 39 0.000000e+00
20 40 0.000000e+00
21 1 1.181740e-02
21 2 4.775090e-03
21 3 7.032770e-03
21 4 9.579490e-03
21 5 1.367890e-02
21 6 1.934460e-02
21 7 2.723100e-02
21 8 3.850700e-02
21 9 5.406290e-02
21 10 7.647110e-02
21 11 1.075570e-01
21 12 1.513790e-01
21 13 2.129760e-01
21 14 3.009030e-01
21 15 4.237340e-01
21 16 5.959680e-01
21 17 8.344960e-01
21 18 1.164290e+00
21 19 1.616300e+00
21 20 2.237050e+00
21 21 2.975710e+00
21 22 3.443510e+00
21 23 3.760720e+00
21 24 3.959340e+00
21 25 3.981300e+00
21 26 3.778110e+00
21 27 3.334030e+00
21 28 2.685640e+00
21 29 1.929580e+00
21 30 1.201350e+00
21 31 6.252240e-01
21 32 2.600860e-01
21 33 8.183180e-02
21 34 1.818040e-02
21 35 2.620440e-03
21 36 2.223640e-04
21 37 1.344590e-05
21 38 0.000000e+00
21 39 0.000000e+00
21 40 0.000000e+00
22 1 9.383980e-03
22 2 3.791800e-03
22 3 5.584810e-03
22 4 7.607340e-03
22 5 1.086260e-02
22 6 1.536270e-02
22 7 2.162580e-02
22 8 3.057850e-02
22 9 4.293280e-02
22 10 6.072830e-02
22 11 8.540870e-02
22 12 1.201540e-01
22 13 1.688480e-01
22 14 2.381760e-01
22 15 3.352980e-01
22 16 4.721820e-01
22 17 6.616640e-01
22 18 9.236650e-01
22 19 1.283200e+00
22 20 1.775970e+00
22 21 2.443440e+00
22 22 3.220540e+00
22 23 3.631230e+00
22 24 3.822900e+00
22 25 3.844150e+00
22 26 3.647690e+00
22 27 3.219150e+00
22 28 2.593010e+00
22 29 1.863020e+00
22 30 1.159890e+00
22 31 6.036550e-01
22 32 2.511130e-01
22 33 7.900750e-02
22 34 1.755320e-02
22 35 2.530040e-03
22 36 2.151570e-04
22 37 1.343640e-05
22 38 5.861270e-09
22 39 0.000000e+00
22 40 0.000000e+00
23 1 7.280330e-03
23 2 2.942940e-03
23 3 4.334140e-03
23 4 5.903650e-03
23 5 8.429910e-03
23 6 1.192120e-02
23 7 1.678130e-02
23 8 2.372850e-02
23 9 3.331000e-02
23 10 4.711160e-02
23 11 6.625260e-02
23 12 9.318270e-02
23 13 1.308260e-01
23 14 1.840940e-01
23 15 2.584610e-01
23 16 3.642460e-01
23 17 5.133580e-01
23 18 7.221700e-01
23 19 1.009210e+00
23 20 1.402700e+00
23 21 1.934990e+00
23 22 2.651360e+00
23 23 3.457900e+00
23 24 3.774480e+00
23 25 3.795490e+00
23 26 3.601520e+00
23 27 3.178260e+00
23 28 2.560230e+00
23 29 1.839410e+00
23 30 1.145190e+00
23 31 5.959950e-01
23 32 2.479280e-01
23 33 7.800470e-02
23 34 1.733030e-02
23 35 2.497910e-03
23 36 2.122380e-04
23 37 1.306170e-05
23 38 4.854020e-07
23 39 0.000000e+00
23 40 0.000000e+00
24 1 5.831980e-03
24 2 2.357150e-03
24 3 3.471740e-03
24 4 4.728650e-03
24 5 6.751990e-03
24 6 9.549300e-03
24 7 1.344180e-02
24 8 1.900700e-02
24 9 2.668630e-02
24 10 3.774350e-02
24 11 5.307840e-02
24 12 7.466450e-02
24 13 1.048230e-01
24 14 1.473870e-01
24 15 2.064720e-01
24 16 2.899020e-01
24 17 4.069380e-01
24 18 5.712180e-01
24 19 7.988770e-01
24 20 1.111310e+00
24 21 1.534030e+00
24 22 2.102960e+00
24 23 2.859220e+00
24 24 3.675530e+00
24 25 3.854120e+00
24 26 3.657320e+00
24 27 3.227280e+00
24 28 2.599650e+00
24 29 1.867860e+00
24 30 1.162880e+00
24 31 6.052020e-01
24 32 2.517570e-01
24 33 7.920940e-02
24 34 1.759790e-02
24 35 2.536470e-03
24 36 2.153850e-04
24 37 1.293520e-05
24 38 4.580450e-07
24 39 0.000000e+00
24 40 0.000000e+00
25 1 4.648140e-03
25 2 1.879350e-03
25 3 2.767830e-03
25 4 3.770130e-03
25 5 5.383290e-03
25 6 7.613030e-03
25 7 1.071690e-02
25 8 1.515390e-02
25 9 2.127520e-02
25 10 3.009320e-02
25 11 4.232220e-02
25 12 5.953160e-02
25 13 8.358400e-02
25 14 1.175200e-01
25 15 1.645010e-01
25 16 2.305620e-01
25 17 3.230620e-01
25 18 4.526700e-01
25 19 6.327140e-01
25 20 8.809040e-01
25 21 1.216470e+00
25 22 1.668160e+00
25 23 2.268920e+00
25 24 3.057760e+00
25 25 3.866190e+00
25 26 3.855600e+00
25 27 3.402360e+00
25 28 2.740530e+00
25 29 1.969070e+00
25 30 1.225910e+00
25 31 6.380140e-01
25 32 2.654080e-01
25 33 8.350430e-02
25 34 1.855190e-02
25 35 2.674040e-03
25 36 2.265510e-04
25 37 1.308090e-05
25 38 4.688660e-07
25 39 0.000000e+00
25 40 0.000000e+00
26 1 3.475790e-03
26 2 1.406860e-03
26 3 2.071860e-03
26 4 2.821950e-03
26 5 4.029030e-03
26 6 5.697230e-03
26 7 8.019030e-03
26 8 1.133710e-02
26 9 1.591360e-02
26 10 2.250420e-02
26 11 3.163990e-02
26 12 4.449040e-02
26 13 6.244120e-02
26 14 8.774990e-02
26 15 1.227480e-01
26 16 1.717420e-01
26 17 2.396230e-01
26 18 3.346710e-01
26 19 4.683820e-01
26 20 6.581520e-01
26 21 9.247120e-01
26 22 1.291550e+00
26 23 1.778430e+00
26 24 2.417080e+00
26 25 3.244830e+00
26 26 4.037070e+00
26 27 3.784380e+00
26 28 3.048370e+00
26 29 2.190090e+00
26 30 1.363490e+00
26 31 7.096310e-01
26 32 2.952010e-01
26 33 9.287880e-02
26 34 2.063480e-02
26 35 2.974250e-03
26 36 2.516010e-04
26 37 1.366530e-05
26 38 5.269230e-07
26 39 0.000000e+00
26 40 0.000000e+00
27 1 2.860130e-03
27 2 1.158170e-03
27 3 1.705740e-03
27 4 2.323190e-03
27 5 3.317190e-03
27 6 4.691150e-03
27 7 6.602940e-03
27 8 9.336210e-03
27 9 1.310710e-02
27 10 1.853660e-02
27 11 2.606720e-02
27 12 3.666490e-02
27 13 5.146880e-02
27 14 7.235620e-02
27 15 1.012610e-01
27 16 1.417350e-01
27 17 1.977650e-01
27 18 2.753670e-01
27 19 3.826860e-01
27 20 5.324850e-01
27 21 7.402360e-01
27 22 1.026460e+00
27 23 1.410920e+00
27 24 1.914880e+00
27 25 2.568360e+00
27 26 3.404080e+00
27 27 4.135480e+00
27 28 3.587060e+00
27 29 2.577250e+00
27 30 1.604400e+00
27 31 8.350160e-01
27 32 3.473600e-01
27 33 1.092890e-01
27 34 2.428130e-02
27 35 3.499800e-03
27 36 2.956990e-04
27 37 1.518360e-05
27 38 6.329030e-07
27 39 0.000000e+00
27 40 0.000000e+00
28 1 2.267540e-03
28 2 9.177700e-04
28 3 1.351640e-03
28 4 1.841050e-03
28 5 2.628640e-03
28 6 3.717270e-03
28 7 5.232540e-03
28 8 7.398170e-03
28 9 1.038590e-02
28 10 1.468940e-02
28 11 2.065610e-02
28 12 2.905300e-02
28 13 4.078760e-02
28 14 5.733910e-02
28 15 8.024440e-02
28 16 1.123320e-01
28 17 1.567340e-01
28 18 2.180910e-01
28 19 3.023510e-01
28 20 4.188240e-01
28 21 5.793010e-01
28 22 8.023900e-01
28 23 1.107440e+00
28 24 1.510370e+00
28 25 2.031970e+00
28 26 2.698440e+00
28 27 3.539790e+00
28 28 4.193680e+00
28 29 3.305940e+00
28 30 2.058170e+00
28 31 1.071050e+00
28 32 4.455640e-01
28 33 1.401860e-01
28 34 3.114550e-02
28 35 4.489130e-03
28 36 3.790780e-04
28 37 1.841210e-05
28 38 8.003750e-07
28 39 0.000000e+00
28 40 0.000000e+00
29 1 1.735390e-03
29 2 7.031270e-04
29 3 1.035500e-03
29 4 1.410310e-03
29 5 2.013680e-03
29 6 2.847510e-03
29 7 4.007790e-03
29 8 5.666520e-03
29 9 7.954380e-03
29 10 1.124850e-02
29 11 1.581650e-02
29 12 2.224260e-02
29 13 3.121780e-02
29 14 4.387730e-02
29 15 6.138620e-02
29 16 8.589280e-02
29 17 1.197940e-01
29 18 1.665920e-01
29 19 2.306750e-01
29 20 3.184880e-01
29 21 4.372500e-01
29 22 5.999320e-01
29 23 8.272670e-01
29 24 1.142900e+00
29 25 1.570080e+00
29 26 2.119690e+00
29 27 2.808230e+00
29 28 3.663380e+00
29 29 4.229900e+00
29 30 2.965140e+00
29 31 1.543070e+00
29 32 6.418620e-01
29 33 2.019560e-01
29 34 4.486870e-02
29 35 6.467120e-03
29 36 5.451140e-04
29 37 2.554160e-05
29 38 1.044760e-06
29 39 0.000000e+00
29 40 0.000000e+00
30 1 1.410580e-03
30 2 5.727930e-04
30 3 8.435770e-04
30 4 1.148950e-03
30 5 1.640490e-03
30 6 2.319880e-03
30 7 3.265290e-03
30 8 4.616750e-03
30 9 6.481060e-03
30 10 9.165570e-03
30 11 1.288830e-02
30 12 1.812660e-02
30 13 2.544460e-02
30 14 3.576820e-02
30 15 5.005240e-02
30 16 7.005450e-02
30 17 9.773580e-02
30 18 1.359780e-01
30 19 1.883890e-01
30 20 2.602780e-01
30 21 3.579820e-01
30 22 4.913450e-01
30 23 6.731130e-01
30 24 9.203360e-01
30 25 1.252320e+00
30 26 1.680770e+00
30 27 2.219480e+00
30 28 2.890120e+00
30 29 3.719500e+00
30 30 4.158880e+00
30 31 2.528190e+00
30 32 1.051600e+00
30 33 3.308440e-01
30 34 7.350600e-02
30 35 1.059500e-02
30 36 8.924280e-04
30 37 4.076420e-05
30 38 1.357640e-06
30 39 0.000000e+00
30 40 0.000000e+00
31 1 1.140200e-03
31 2 4.627800e-04
31 3 6.815600e-04
31 4 9.283460e-04
31 5 1.325490e-03
31 6 1.874460e-03
31 7 2.638570e-03
31 8 3.730680e-03
31 9 5.237460e-03
31 10 7.407840e-03
31 11 1.041720e-02
31 12 1.465240e-02
31 13 2.057130e-02
31 14 2.892090e-02
31 15 4.047740e-02
31 16 5.666740e-02
31 17 7.907260e-02
31 18 1.100320e-01
31 19 1.524790e-01
31 20 2.106810e-01
31 21 2.894370e-01
31 22 3.957310e-01
31 23 5.384320e-01
31 24 7.295050e-01
31 25 9.844240e-01
31 26 1.322210e+00
31 27 1.752630e+00
31 28 2.286830e+00
31 29 2.946280e+00
31 30 3.759200e+00
31 31 4.059820e+00
31 32 2.073640e+00
31 33 6.523510e-01
31 34 1.449190e-01
31 35 2.088940e-02
31 36 1.758960e-03
31 37 7.920980e-05
31 38 2.122360e-06
31 39 0.000000e+00
31 40 0.000000e+00
32 1 9.070710e-04
32 2 3.685250e-04
32 3 5.427470e-04
32 4 7.392440e-04
32 5 1.055530e-03
32 6 1.492700e-03
32 7 2.101110e-03
32 8 2.970900e-03
32 9 4.170870e-03
32 10 5.899110e-03
32 11 8.296010e-03
32 12 1.166910e-02
32 13 1.638250e-02
32 14 2.303300e-02
32 15 3.223710e-02
32 16 4.512980e-02
32 17 6.297550e-02
32 18 8.763170e-02
32 19 1.214270e-01
32 20 1.677750e-01
32 21 2.304780e-01
32 22 3.149270e-01
32 23 4.275270e-01
32 24 5.768570e-01
32 25 7.751920e-01
32 26 1.039340e+00
32 27 1.381710e+00
32 28 1.809000e+00
32 29 2.334780e+00
32 30 2.981930e+00
32 31 3.781360e+00
32 32 3.935310e+00
32 33 1.631630e+00
32 34 3.624720e-01
32 35 5.224310e-02
32 36 4.398630e-03
32 37 1.929240e-04
32 38 4.865590e-06
32 39 3.424310e-08
32 40 0.000000e+00
33 1 7.214280e-04
33 2 2.937790e-04
33 3 4.326720e-04
33 4 5.893180e-04
33 5 8.414460e-04
33 6 1.189960e-03
33 7 1.675010e-03
33 8 2.368370e-03
33 9 3.325060e-03
33 10 4.702880e-03
33 11 6.613680e-03
33 12 9.303010e-03
33 13 1.306100e-02
33 14 1.836310e-02
33 15 2.570190e-02
33 16 3.598190e-02
33 17 5.021090e-02
33 18 6.987320e-02
33 19 9.682210e-02
33 20 1.337740e-01
33 21 1.837830e-01
33 22 2.511300e-01
33 23 3.408300e-01
33 24 4.592280e-01
33 25 6.148560e-01
33 26 8.207870e-01
33 27 1.089680e+00
33 28 1.429840e+00
33 29 1.848880e+00
33 30 2.363520e+00
33 31 2.998450e+00
33 32 3.786880e+00
33 33 3.787010e+00
33 34 1.227010e+00
33 35 1.768490e-01
33 36 1.489050e-02
33 37 6.438600e-04
33 38 1.800780e-05
33 39 2.171300e-07
33 40 0.000000e+00
34 1 5.811020e-04
34 2 2.372310e-04
34 3 3.493820e-04
34 4 4.759040e-04
34 5 6.795160e-04
34 6 9.609560e-04
34 7 1.352740e-03
34 8 1.912760e-03
34 9 2.685460e-03
34 10 3.798680e-03
34 11 5.342520e-03
34 12 7.515510e-03
34 13 1.055320e-02
34 14 1.483920e-02
34 15 2.077230e-02
34 16 2.908700e-02
34 17 4.059730e-02
34 18 5.650540e-02
34 19 7.832260e-02
34 20 1.082350e-01
34 21 1.486980e-01
34 22 2.031760e-01
34 23 2.756690e-01
34 24 3.711070e-01
34 25 4.955450e-01
34 26 6.565120e-01
34 27 8.652160e-01
34 28 1.132220e+00
34 29 1.464340e+00
34 30 1.872000e+00
34 31 2.374840e+00
34 32 2.999200e+00
34 33 3.780030e+00
34 34 3.618420e+00
34 35 8.794040e-01
34 36 7.403370e-02
34 37 3.195530e-03
34 38 6.656170e-05
34 39 7.967530e-07
34 40 0.000000e+00
35 1 4.713090e-04
35 2 1.928730e-04
35 3 2.840700e-04
35 4 3.869170e-04
35 5 5.524950e-04
35 6 7.813880e-04
35 7 1.099920e-03
35 8 1.555410e-03
35 9 2.183950e-03
35 10 3.089260e-03
35 11 4.345480e-03
35 12 6.114100e-03
35 13 8.585970e-03
35 14 1.207590e-02
35 15 1.690900e-02
35 16 2.368150e-02
35 17 3.306420e-02
35 18 4.603900e-02
35 19 6.383210e-02
35 20 8.824950e-02
35 21 1.213000e-01
35 22 1.657870e-01
35 23 2.249480e-01
35 24 3.027700e-01
35 25 4.039620e-01
35 26 5.341020e-01
35 27 6.999310e-01
35 28 9.076950e-01
35 29 1.165470e+00
35 30 1.484450e+00
35 31 1.879910e+00
35 32 2.372430e+00
35 33 2.989380e+00
35 34 3.764370e+00
35 35 3.441750e+00
35 36 6.035780e-01
35 37 2.604620e-02
35 38 4.923600e-04
35 39 1.092220e-05
35 40 4.982650e-09
36 1 3.666190e-04
36 2 1.509330e-04
36 3 2.222960e-04
36 4 3.027830e-04
36 5 4.323340e-04
36 6 6.114290e-04
36 7 8.606830e-04
36 8 1.217020e-03
36 9 1.708730e-03
36 10 2.416980e-03
36 11 3.399380e-03
36 12 4.782410e-03
36 13 6.715400e-03
36 14 9.443370e-03
36 15 1.322060e-02
36 16 1.851310e-02
36 17 2.584160e-02
36 18 3.597420e-02
36 19 4.986840e-02
36 20 6.892310e-02
36 21 9.471320e-02
36 22 1.294460e-01
36 23 1.756640e-01
36 24 2.365300e-01
36 25 3.158290e-01
36 26 4.178530e-01
36 27 5.479940e-01
36 28 7.130320e-01
36 29 9.203610e-01
36 30 1.177420e+00
36 31 1.494370e+00
36 32 1.887540e+00
36 33 2.378990e+00
36 34 2.995830e+00
36 35 3.771930e+00
36 36 3.285130e+00
36 37 4.009470e-01
36 38 7.528060e-03
36 39 6.100820e-05
36 40 1.707780e-06
37 1 2.894960e-04
37 2 1.186720e-04
37 3 1.747710e-04
37 4 2.380640e-04
37 5 3.399170e-04
37 6 4.806970e-04
37 7 6.766910e-04
37 8 9.568250e-04
37 9 1.343310e-03
37 10 1.900130e-03
37 11 2.672320e-03
37 12 3.759130e-03
37 13 5.278510e-03
37 14 7.422230e-03
37 15 1.038950e-02
37 16 1.454820e-02
37 17 2.030470e-02
37 18 2.826020e-02
37 19 3.917190e-02
37 20 5.413600e-02
37 21 7.437950e-02
37 22 1.016460e-01
37 23 1.379540e-01
37 24 1.857760e-01
37 25 2.481470e-01
37 26 3.285080e-01
37 27 4.309550e-01
37 28 5.605790e-01
37 29 7.237180e-01
37 30 9.286460e-01
37 31 1.184490e+00
37 32 1.500870e+00
37 33 1.893630e+00
37 34 2.385190e+00
37 35 3.003020e+00
37 36 3.780850e+00
37 37 3.133030e+00
37 38 2.579590e-01
37 39 1.717390e-03
37 40 1.060100e-05
38 1 2.243520e-04
38 2 9.337960e-05
38 3 1.375290e-04
38 4 1.873170e-04
38 5 2.674660e-04
38 6 3.782550e-04
38 7 5.324290e-04
38 8 7.528630e-04
38 9 1.057000e-03
38 10 1.494990e-03
38 11 2.102410e-03
38 12 2.957420e-03
38 13 4.152140e-03
38 14 5.838180e-03
38 15 8.171960e-03
38 16 1.144080e-02
38 17 1.596690e-02
38 18 2.222190e-02
38 19 3.079550e-02
38 20 4.255610e-02
38 21 5.847400e-02
38 22 7.991630e-02
38 23 1.084760e-01
38 24 1.461530e-01
38 25 1.953520e-01
38 26 2.588490e-01
38 27 3.400030e-01
38 28 4.427630e-01
38 29 5.721480e-01
38 30 7.344830e-01
38 31 9.376030e-01
38 32 1.190920e+00
38 33 1.506010e+00
38 34 1.898320e+00
38 35 2.390310e+00
38 36 3.009300e+00
38 37 3.788670e+00
38 38 2.989370e+00
38 39 1.626780e-01
38 40 3.084440e-04
39 1 1.753210e-04
39 2 7.386210e-05
39 3 1.087840e-04
39 4 1.481700e-04
39 5 2.115620e-04
39 6 2.991760e-04
39 7 4.211300e-04
39 8 5.954710e-04
39 9 8.359700e-04
39 10 1.182380e-03
39 11 1.662870e-03
39 12 2.338990e-03
39 13 3.283920e-03
39 14 4.617260e-03
39 15 6.462390e-03
39 16 9.047360e-03
39 17 1.262600e-02
39 18 1.757060e-02
39 19 2.434960e-02
39 20 3.364740e-02
39 21 4.622950e-02
39 22 6.318090e-02
39 23 8.576960e-02
39 24 1.155700e-01
39 25 1.545060e-01
39 26 2.048100e-01
39 27 2.691450e-01
39 28 3.507020e-01
39 29 4.533690e-01
39 30 5.820410e-01
39 31 7.430380e-01
39 32 9.441340e-01
39 33 1.195260e+00
39 34 1.508540e+00
39 35 1.900150e+00
39 36 2.392290e+00
39 37 3.011770e+00
39 38 3.791700e+00
39 39 2.856160e+00
39 40 1.016810e-01
40 1 1.401270e-04
40 2 5.936120e-05
40 3 8.742770e-05
40 4 1.190840e-04
40 5 1.700470e-04
40 6 2.404870e-04
40 7 3.385140e-04
40 8 4.786510e-04
40 9 6.720140e-04
40 10 9.504920e-04
40 11 1.336750e-03
40 12 1.880450e-03
40 13 2.640290e-03
40 14 3.712550e-03
40 15 5.196950e-03
40 16 7.276530e-03
40 17 1.015580e-02
40 18 1.413550e-02
40 19 1.959150e-02
40 20 2.707390e-02
40 21 3.720060e-02
40 22 5.084040e-02
40 23 6.900000e-02
40 24 9.293520e-02
40 25 1.241610e-01
40 26 1.644080e-01
40 27 2.157490e-01
40 28 2.806410e-01
40 29 3.620870e-01
40 30 4.638460e-01
40 31 5.908200e-01
40 32 7.492800e-01
40 33 9.473280e-01
40 34 1.195070e+00
40 35 1.505390e+00
40 36 1.895300e+00
40 37 2.386070e+00
40 38 3.003920e+00
40 39 3.781830e+00
40 40 2.793600e+00
