1 9.584440e-02
2 9.584440e-02
3 9.584430e-02
4 9.584430e-02
5 9.584430e-02
6 9.584430e-02
7 9.584420e-02
8 9.584420e-02
9 9.584420e-02
10 9.584420e-02
11 9.584420e-02
12 9.584420e-02
13 9.584420e-02
14 9.584420e-02
15 9.584420e-02
16 9.584420e-02
17 9.584420e-02
18 9.584420e-02
19 9.584420e-02
20 9.584420e-02
21 9.584420e-02
22 9.584420e-02
23 9.584420e-02
24 9.584420e-02
25 9.584420e-02
26 9.584420e-02
27 9.584420e-02
28 9.584420e-02
29 9.584420e-02
30 9.584420e-02
31 9.584420e-02
32 9.584420e-02
33 9.584420e-02
34 9.584420e-02
35 9.584420e-02
36 9.584420e-02
37 9.584420e-02
38 9.584420e-02
39 9.584420e-02
40 9.584420e-02
41 9.584420e-02
42 9.584420e-02
43 9.584420e-02
44 9.584420e-02
45 9.584420e-02
46 9.584420e-02
47 9.584420e-02
48 9.584420e-02
49 9.584420e-02
50 9.584420e-02
51 9.584420e-02
52 9.584420e-02
53 9.584420e-02
54 9.584420e-02
55 9.584420e-02
56 9.584420e-02
57 9.584420e-02
58 9.584420e-02
59 9.584420e-02
60 9.584420e-02
61 9.584420e-02
62 9.584420e-02
63 9.584420e-02
64 9.584420e-02
65 9.584420e-02
66 9.584420e-02
67 9.584420e-02
68 9.584420e-02
69 9.584420e-02
70 9.584420e-02
71 9.584420e-02
72 9.584420e-02
73 9.584420e-02
74 9.584420e-02
75 9.584420e-02
76 9.584420e-02
77 9.584420e-02
78 9.584420e-02
79 9.584420e-02
80 9.584420e-02
81 9.584420e-02
82 9.584420e-02
83 9.584420e-02
84 9.584420e-02
85 9.584420e-02
86 9.584420e-02
87 9.584420e-02
88 9.584420e-02
89 9.584420e-02
90 9.584420e-02
91 9.584420e-02
92 9.584420e-02
93 9.584420e-02
94 9.584420e-02
95 9.584420e-02
96 9.584420e-02
97 9.584420e-02
98 9.584420e-02
99 9.584420e-02
100 9.584420e-02
101 9.584420e-02
102 9.584420e-02
103 9.584420e-02
104 9.584420e-02
105 9.584420e-02
106 9.584420e-02
107 9.584420e-02
108 9.584420e-02
109 9.584420e-02
110 9.584420e-02
111 9.584420e-02
112 9.584420e-02
113 9.584420e-02
114 9.584420e-02
115 9.584420e-02
116 9.584420e-02
117 9.584420e-02
118 9.584420e-02
119 9.584420e-02
120 9.584420e-02
121 9.584420e-02
122 9.584420e-02
123 9.584420e-02
124 9.584420e-02
125 9.584420e-02
126 9.584420e-02
127 9.584420e-02
128 9.584420e-02
129 9.584420e-02
130 9.584420e-02
131 9.584420e-02
132 9.584420e-02
133 9.584420e-02
134 9.584420e-02
135 9.584420e-02
136 9.584420e-02
137 9.584420e-02
138 9.584420e-02
139 9.584420e-02
140 9.584420e-02
141 9.584420e-02
142 9.584420e-02
143 9.584420e-02
144 9.584420e-02
145 9.584420e-02
146 9.584420e-02
147 9.584420e-02
148 9.584420e-02
149 9.584420e-02
150 9.584420e-02
151 9.584420e-02
152 9.584420e-02
153 9.584420e-02
154 9.584420e-02
155 9.584420e-02
156 9.584420e-02
157 9.584420e-02
158 9.584420e-02
159 9.584420e-02
160 9.584420e-02
161 9.584420e-02
162 9.584420e-02
163 9.584420e-02
164 9.584420e-02
165 9.584420e-02
166 9.584420e-02
167 9.584420e-02
168 9.584420e-02
169 9.584420e-02
170 9.584420e-02
171 9.584420e-02
172 9.584420e-02
173 9.584420e-02
174 9.584420e-02
175 9.584420e-02
176 9.584420e-02
177 9.584420e-02
178 9.584420e-02
179 9.584420e-02
180 9.584420e-02
181 9.584420e-02
182 9.584420e-02
183 9.584420e-02
184 9.584420e-02
185 9.584420e-02
186 9.584420e-02
187 9.584420e-02
188 9.584420e-02
189 9.584420e-02
190 9.584420e-02
191 9.584420e-02
192 9.584420e-02
193 9.584420e-02
194 9.584420e-02
195 9.584420e-02
196 9.584420e-02
197 9.584420e-02
198 9.584420e-02
199 9.584420e-02
200 9.584420e-02
201 9.580120e-02
202 9.571400e-02
203 9.562470e-02
204 9.553330e-02
205 9.543980e-02
206 9.534410e-02
207 9.524620e-02
208 9.514600e-02
209 9.504350e-02
210 9.493860e-02
211 9.483120e-02
212 9.472140e-02
213 9.460890e-02
214 9.449390e-02
215 9.437620e-02
216 9.425570e-02
217 9.413240e-02
218 9.400630e-02
219 9.387720e-02
220 9.374510e-02
221 9.361000e-02
222 9.347160e-02
223 9.333010e-02
224 9.318530e-02
225 9.303710e-02
226 9.288540e-02
227 9.273030e-02
228 9.257150e-02
229 9.240900e-02
230 9.224270e-02
231 9.207250e-02
232 9.189840e-02
233 9.172020e-02
234 9.153790e-02
235 9.135140e-02
236 9.116040e-02
237 9.096510e-02
238 9.076510e-02
239 9.056060e-02
240 9.035120e-02
241 9.013700e-02
242 8.991780e-02
243 8.969350e-02
244 8.946400e-02
245 8.922910e-02
246 8.898880e-02
247 8.874280e-02
248 8.849110e-02
249 8.823360e-02
250 8.797010e-02
251 8.770040e-02
252 8.742440e-02
253 8.714200e-02
254 8.685300e-02
255 8.655740e-02
256 8.625480e-02
257 8.594510e-02
258 8.562830e-02
259 8.530410e-02
260 8.497230e-02
261 8.463280e-02
262 8.428540e-02
263 8.392990e-02
264 8.356610e-02
265 8.319380e-02
266 8.281290e-02
267 8.242310e-02
268 8.202420e-02
269 8.161600e-02
270 8.121850e-02
271 8.308330e-02
272 8.654660e-02
273 9.009070e-02
274 9.371720e-02
275 9.742830e-02
276 1.012260e-01
277 1.051120e-01
278 1.090850e-01
279 1.130380e-01
280 1.170240e-01
281 1.211040e-01
282 1.252780e-01
283 1.295490e-01
284 1.339200e-01
285 1.383930e-01
286 1.429700e-01
287 1.476530e-01
288 1.524460e-01
289 1.573500e-01
290 1.623690e-01
291 1.674820e-01
292 1.726480e-01
293 1.779300e-01
294 1.833340e-01
295 1.888650e-01
296 1.945240e-01
297 2.003150e-01
298 2.062410e-01
299 2.123050e-01
300 2.185100e-01
301 2.247190e-01
302 2.309280e-01
303 2.372810e-01
304 2.437830e-01
305 2.504360e-01
306 2.572440e-01
307 2.642100e-01
308 2.713370e-01
309 2.781730e-01
310 2.848300e-01
311 2.916430e-01
312 2.986140e-01
313 3.057480e-01
314 3.130480e-01
315 3.204530e-01
316 3.273810e-01
317 3.343030e-01
318 3.413880e-01
319 3.486380e-01
320 3.560560e-01
321 3.636420e-01
322 3.713870e-01
323 3.793090e-01
324 3.874160e-01
325 3.957120e-01
326 4.039020e-01
327 4.101900e-01
328 4.162260e-01
329 4.224020e-01
330 4.287220e-01
331 4.203650e-01
332 3.904390e-01
333 3.595940e-01
334 3.280650e-01
335 2.928650e-01
336 2.517450e-01
337 2.091390e-01
338 1.659430e-01
339 1.219960e-01
340 7.874200e-02
341 3.449350e-02
342 0.000000e+00
343 0.000000e+00
344 0.000000e+00
345 0.000000e+00
346 0.000000e+00
347 0.000000e+00
348 0.000000e+00
349 0.000000e+00
350 0.000000e+00
351 0.000000e+00
352 0.000000e+00
353 0.000000e+00
354 0.000000e+00
355 0.000000e+00
356 0.000000e+00
357 0.000000e+00
358 0.000000e+00
359 0.000000e+00
360 0.000000e+00
361 0.000000e+00
362 0.000000e+00
363 0.000000e+00
364 0.000000e+00
365 0.000000e+00
366 0.000000e+00
367 0.000000e+00
368 0.000000e+00
369 0.000000e+00
370 0.000000e+00
371 0.000000e+00
372 0.000000e+00
373 0.000000e+00
374 0.000000e+00
375 0.000000e+00
376 0.000000e+00
377 0.000000e+00
378 0.000000e+00
379 0.000000e+00
380 0.000000e+00
381 0.000000e+00
382 0.000000e+00
383 0.000000e+00
384 0.000000e+00
385 0.000000e+00
386 0.000000e+00
387 0.000000e+00
388 0.000000e+00
389 0.000000e+00
390 4.713940e-03
391 1.162800e-02
392 1.628850e-02
393 2.089580e-02
394 2.561100e-02
395 3.043530e-02
396 3.527720e-02
397 3.980110e-02
398 4.437790e-02
399 4.906110e-02
400 5.385350e-02
401 5.814280e-02
402 6.192160e-02
403 6.578650e-02
404 6.974330e-02
405 7.379070e-02
406 7.793390e-02
407 8.217240e-02
408 8.650660e-02
409 9.020610e-02
410 9.344990e-02
411 9.676920e-02
412 1.001660e-01
413 1.036410e-01
414 1.071980e-01
415 1.107800e-01
416 1.138820e-01
417 1.169110e-01
418 1.200110e-01
419 1.231820e-01
420 1.264280e-01
421 1.297130e-01
422 1.329110e-01
423 1.361640e-01
424 1.394950e-01
425 1.429020e-01
426 1.463860e-01
427 1.499300e-01
428 1.535530e-01
429 1.572600e-01
430 1.610530e-01
431 1.647920e-01
432 1.684090e-01
433 1.721090e-01
434 1.758940e-01
435 1.794930e-01
436 1.825180e-01
437 1.855860e-01
438 1.887250e-01
439 1.914440e-01
440 1.936890e-01
441 1.959850e-01
442 1.982410e-01
443 1.999860e-01
444 2.016780e-01
445 2.033930e-01
446 2.048440e-01
447 2.062180e-01
448 2.076210e-01
449 2.090160e-01
450 2.104290e-01
451 2.119060e-01
452 2.136270e-01
453 2.154250e-01
454 2.168660e-01
455 2.176480e-01
456 2.183990e-01
457 2.187690e-01
458 2.190380e-01
459 2.199410e-01
460 2.214410e-01
461 2.240020e-01
462 2.287790e-01
463 2.347450e-01
464 2.440420e-01
465 2.544870e-01
466 2.675410e-01
467 2.815620e-01
468 2.971810e-01
469 3.139180e-01
470 3.321270e-01
471 3.488440e-01
472 3.647440e-01
473 3.821600e-01
474 4.023860e-01
475 4.281760e-01
476 4.582010e-01
477 4.884890e-01
478 5.119840e-01
479 5.275320e-01
480 5.393690e-01
481 5.514810e-01
482 5.618260e-01
483 5.665580e-01
484 5.710430e-01
485 5.753750e-01
486 5.781820e-01
487 5.807690e-01
488 5.835300e-01
489 5.870620e-01
490 5.907970e-01
491 5.951450e-01
492 6.011960e-01
493 6.074960e-01
494 6.138330e-01
495 6.202210e-01
496 6.265880e-01
497 6.323430e-01
498 6.381390e-01
499 6.440750e-01
500 6.501540e-01
