1 7.195730e-04
2 7.126850e-04
3 7.056400e-04
4 6.984290e-04
5 6.910490e-04
6 6.834990e-04
7 6.757730e-04
8 6.678660e-04
9 6.597750e-04
10 6.514970e-04
11 6.430240e-04
12 6.343540e-04
13 6.254840e-04
14 6.164050e-04
15 6.071150e-04
16 5.976110e-04
17 5.878840e-04
18 5.782470e-04
19 5.715030e-04
20 5.653910e-04
21 5.591370e-04
22 5.527370e-04
23 5.461880e-04
24 5.394860e-04
25 5.326290e-04
26 5.256110e-04
27 5.184300e-04
28 5.110830e-04
29 5.035630e-04
30 4.958680e-04
31 4.892010e-04
32 4.841710e-04
33 4.790400e-04
34 4.737910e-04
35 4.684190e-04
36 4.629210e-04
37 4.572960e-04
38 4.515390e-04
39 4.456480e-04
40 4.396210e-04
41 4.334530e-04
42 4.271400e-04
43 4.206810e-04
44 4.140780e-04
45 4.086680e-04
46 4.041890e-04
47 3.996060e-04
48 3.949160e-04
49 3.901160e-04
50 3.852050e-04
51 3.801800e-04
52 3.750360e-04
53 3.697750e-04
54 3.643890e-04
55 3.592450e-04
56 3.555440e-04
57 3.519340e-04
58 3.482380e-04
59 3.444560e-04
60 3.405870e-04
61 3.366280e-04
62 3.325750e-04
63 3.284300e-04
64 3.241870e-04
65 3.198450e-04
66 3.154020e-04
67 3.108570e-04
68 3.062040e-04
69 3.014430e-04
70 2.965840e-04
71 2.929400e-04
72 2.901220e-04
73 2.872380e-04
74 2.842870e-04
75 2.812680e-04
76 2.781780e-04
77 2.750160e-04
78 2.717810e-04
79 2.684700e-04
80 2.650820e-04
81 2.616150e-04
82 2.580680e-04
83 2.544380e-04
84 2.507230e-04
85 2.469220e-04
86 2.430320e-04
87 2.390510e-04
88 2.351880e-04
89 2.325380e-04
90 2.300520e-04
91 2.275070e-04
92 2.249030e-04
93 2.222390e-04
94 2.195120e-04
95 2.167220e-04
96 2.138670e-04
97 2.109450e-04
98 2.079560e-04
99 2.048960e-04
100 2.017660e-04
101 1.996380e-04
102 1.985490e-04
103 1.974340e-04
104 1.962940e-04
105 1.951260e-04
106 1.939320e-04
107 1.927090e-04
108 1.914590e-04
109 1.901790e-04
110 1.888690e-04
111 1.875290e-04
112 1.861570e-04
113 1.847540e-04
114 1.833180e-04
115 1.818480e-04
116 1.803450e-04
117 1.788060e-04
118 1.772750e-04
119 1.761430e-04
120 1.750950e-04
121 1.740220e-04
122 1.729250e-04
123 1.718010e-04
124 1.706520e-04
125 1.694750e-04
126 1.682720e-04
127 1.670400e-04
128 1.657800e-04
129 1.644900e-04
130 1.631700e-04
131 1.619980e-04
132 1.610650e-04
133 1.601130e-04
134 1.591390e-04
135 1.581410e-04
136 1.571210e-04
137 1.560770e-04
138 1.550080e-04
139 1.539150e-04
140 1.527960e-04
141 1.516510e-04
142 1.504790e-04
143 1.492800e-04
144 1.480550e-04
145 1.470160e-04
146 1.461220e-04
147 1.452070e-04
148 1.442710e-04
149 1.433130e-04
150 1.423330e-04
151 1.413300e-04
152 1.403030e-04
153 1.392530e-04
154 1.381780e-04
155 1.371420e-04
156 1.363520e-04
157 1.355730e-04
158 1.347770e-04
159 1.339620e-04
160 1.331280e-04
161 1.322740e-04
162 1.314010e-04
163 1.305070e-04
164 1.295930e-04
165 1.286570e-04
166 1.277000e-04
167 1.267200e-04
168 1.257170e-04
169 1.246910e-04
170 1.236430e-04
171 1.228210e-04
172 1.221530e-04
173 1.214680e-04
174 1.207680e-04
175 1.200510e-04
176 1.193170e-04
177 1.185670e-04
178 1.177990e-04
179 1.170130e-04
180 1.162090e-04
181 1.153860e-04
182 1.145430e-04
183 1.136820e-04
184 1.128000e-04
185 1.118980e-04
186 1.109740e-04
187 1.100290e-04
188 1.091050e-04
189 1.084270e-04
190 1.077790e-04
191 1.071160e-04
192 1.064380e-04
193 1.057440e-04
194 1.050330e-04
195 1.043060e-04
196 1.035620e-04
197 1.028010e-04
198 1.020220e-04
199 1.012250e-04
200 1.004090e-04
201 9.947560e-05
202 9.841960e-05
203 9.733930e-05
204 9.623370e-05
205 9.510220e-05
206 9.394460e-05
207 9.276000e-05
208 9.154760e-05
209 9.030720e-05
210 8.903790e-05
211 8.773880e-05
212 8.640960e-05
213 8.504950e-05
214 8.365760e-05
215 8.223320e-05
216 8.077590e-05
217 7.928450e-05
218 7.780880e-05
219 7.679440e-05
220 7.588170e-05
221 7.494790e-05
222 7.399230e-05
223 7.301430e-05
224 7.201370e-05
225 7.098980e-05
226 6.994190e-05
227 6.886970e-05
228 6.777260e-05
229 6.664980e-05
230 6.550080e-05
231 6.451090e-05
232 6.377400e-05
233 6.302250e-05
234 6.225350e-05
235 6.146650e-05
236 6.066120e-05
237 5.983720e-05
238 5.899400e-05
239 5.813100e-05
240 5.724820e-05
241 5.634460e-05
242 5.542000e-05
243 5.447390e-05
244 5.350660e-05
245 5.272100e-05
246 5.207720e-05
247 5.141840e-05
248 5.074420e-05
249 5.005430e-05
250 4.934840e-05
251 4.862590e-05
252 4.788660e-05
253 4.713030e-05
254 4.635620e-05
255 4.561840e-05
256 4.509540e-05
257 4.458620e-05
258 4.406520e-05
259 4.353190e-05
260 4.298640e-05
261 4.242810e-05
262 4.185670e-05
263 4.127210e-05
264 4.067390e-05
265 4.006170e-05
266 3.943530e-05
267 3.879430e-05
268 3.813830e-05
269 3.746700e-05
270 3.678170e-05
271 3.625370e-05
272 3.583220e-05
273 3.540100e-05
274 3.495960e-05
275 3.450800e-05
276 3.404600e-05
277 3.357300e-05
278 3.309170e-05
279 3.269920e-05
280 3.234900e-05
281 3.199060e-05
282 3.162390e-05
283 3.124880e-05
284 3.086480e-05
285 3.047180e-05
286 3.006980e-05
287 2.965830e-05
288 2.923730e-05
289 2.880650e-05
290 2.836560e-05
291 2.795710e-05
292 2.766780e-05
293 2.738050e-05
294 2.708640e-05
295 2.678550e-05
296 2.647760e-05
297 2.616250e-05
298 2.584010e-05
299 2.551020e-05
300 2.517260e-05
301 2.488730e-05
302 2.465600e-05
303 2.441950e-05
304 2.417740e-05
305 2.392960e-05
306 2.367610e-05
307 2.341670e-05
308 2.315130e-05
309 2.290690e-05
310 2.267690e-05
311 2.244150e-05
312 2.220540e-05
313 2.198350e-05
314 2.175860e-05
315 2.155240e-05
316 2.157960e-05
317 2.166880e-05
318 2.175960e-05
319 2.184950e-05
320 2.194070e-05
321 2.203290e-05
322 2.212260e-05
323 2.221380e-05
324 2.230720e-05
325 2.240280e-05
326 2.255900e-05
327 2.311490e-05
328 2.375790e-05
329 2.441580e-05
330 2.508910e-05
331 2.594570e-05
332 2.707160e-05
333 2.824090e-05
334 2.947040e-05
335 3.074390e-05
336 3.207990e-05
337 3.324950e-05
338 3.406810e-05
339 3.489680e-05
340 3.574470e-05
341 3.660680e-05
342 3.708730e-05
343 3.518420e-05
344 3.295160e-05
345 3.086690e-05
346 2.893040e-05
347 2.708830e-05
348 2.536610e-05
349 2.358630e-05
350 2.184470e-05
351 2.023600e-05
352 1.875210e-05
353 1.737700e-05
354 1.609620e-05
355 1.496740e-05
356 1.415950e-05
357 1.344640e-05
358 1.273710e-05
359 1.207270e-05
360 1.144960e-05
361 1.091560e-05
362 1.058920e-05
363 1.026220e-05
364 9.927670e-06
365 9.585360e-06
366 9.254390e-06
367 8.976800e-06
368 8.697160e-06
369 8.410970e-06
370 8.118330e-06
371 7.842470e-06
372 7.576320e-06
373 7.303980e-06
374 7.026330e-06
375 6.778670e-06
376 6.549950e-06
377 6.315960e-06
378 6.079860e-06
379 5.967750e-06
380 5.919770e-06
381 5.870660e-06
382 5.821680e-06
383 5.775160e-06
384 5.727760e-06
385 5.679810e-06
386 5.634190e-06
387 5.588100e-06
388 5.541450e-06
389 5.496850e-06
390 5.451740e-06
391 5.406490e-06
392 5.362930e-06
393 5.318540e-06
394 5.275060e-06
395 5.232140e-06
396 5.188760e-06
397 5.146790e-06
398 5.104220e-06
399 5.062710e-06
400 5.021140e-06
401 4.995800e-06
402 4.987250e-06
403 4.978670e-06
404 4.970170e-06
405 4.961620e-06
406 4.953140e-06
407 4.944630e-06
408 4.936160e-06
409 4.927710e-06
410 4.919240e-06
411 4.910830e-06
412 4.902420e-06
413 4.894180e-06
414 4.885800e-06
415 4.877270e-06
416 4.869020e-06
417 4.860700e-06
418 4.852230e-06
419 4.844010e-06
420 4.835720e-06
421 4.827320e-06
422 4.819150e-06
423 4.810840e-06
424 4.802570e-06
425 4.794400e-06
426 4.786090e-06
427 4.777960e-06
428 4.769720e-06
429 4.761570e-06
430 4.753410e-06
431 4.745230e-06
432 4.737130e-06
433 4.728970e-06
434 4.720910e-06
435 4.712780e-06
436 4.704730e-06
437 4.696640e-06
438 4.688600e-06
439 4.680560e-06
440 4.672530e-06
441 4.664540e-06
442 4.656520e-06
443 4.648560e-06
444 4.640580e-06
445 4.632620e-06
446 4.624680e-06
447 4.616750e-06
448 4.608840e-06
449 4.600960e-06
450 4.593040e-06
451 4.585180e-06
452 4.577330e-06
453 4.569490e-06
454 4.561660e-06
455 4.553830e-06
456 4.546030e-06
457 4.538240e-06
458 4.530460e-06
459 4.522700e-06
460 4.514950e-06
461 4.507210e-06
462 4.499480e-06
463 4.491770e-06
464 4.484070e-06
465 4.476390e-06
466 4.468710e-06
467 4.461060e-06
468 4.453410e-06
469 4.445770e-06
470 4.438160e-06
471 4.430560e-06
472 4.422960e-06
473 4.415380e-06
474 4.407810e-06
475 4.400250e-06
476 4.392720e-06
477 4.385190e-06
478 4.377680e-06
479 4.370230e-06
480 4.362710e-06
481 4.355260e-06
482 4.347750e-06
483 4.340310e-06
484 4.332900e-06
485 4.325450e-06
486 4.318020e-06
487 4.310650e-06
488 4.303250e-06
489 4.295870e-06
490 4.288520e-06
491 4.281170e-06
492 4.273820e-06
493 4.266500e-06
494 4.259200e-06
495 4.251880e-06
496 4.244600e-06
497 4.237330e-06
498 4.230060e-06
499 4.222820e-06
500 4.215580e-06
