1 7.198000e-04
2 7.129120e-04
3 7.058670e-04
4 6.986560e-04
5 6.912760e-04
6 6.837260e-04
7 6.760000e-04
8 6.680930e-04
9 6.600030e-04
10 6.517240e-04
11 6.432520e-04
12 6.345820e-04
13 6.257120e-04
14 6.166340e-04
15 6.073440e-04
16 5.978400e-04
17 5.881130e-04
18 5.784760e-04
19 5.717270e-04
20 5.656090e-04
21 5.593480e-04
22 5.529420e-04
23 5.463860e-04
24 5.396770e-04
25 5.328130e-04
26 5.257880e-04
27 5.185990e-04
28 5.112440e-04
29 5.037170e-04
30 4.960140e-04
31 4.893410e-04
32 4.843090e-04
33 4.791750e-04
34 4.739220e-04
35 4.685470e-04
36 4.630460e-04
37 4.574180e-04
38 4.516580e-04
39 4.457640e-04
40 4.397330e-04
41 4.335620e-04
42 4.272460e-04
43 4.207840e-04
44 4.141760e-04
45 4.087650e-04
46 4.042840e-04
47 3.996990e-04
48 3.950060e-04
49 3.902050e-04
50 3.852920e-04
51 3.802650e-04
52 3.751190e-04
53 3.698560e-04
54 3.644680e-04
55 3.593220e-04
56 3.556210e-04
57 3.520100e-04
58 3.483140e-04
59 3.445320e-04
60 3.406630e-04
61 3.367030e-04
62 3.326500e-04
63 3.285040e-04
64 3.242610e-04
65 3.199180e-04
66 3.154750e-04
67 3.109290e-04
68 3.062760e-04
69 3.015150e-04
70 2.966550e-04
71 2.930100e-04
72 2.901910e-04
73 2.873060e-04
74 2.843540e-04
75 2.813330e-04
76 2.782420e-04
77 2.750790e-04
78 2.718420e-04
79 2.685300e-04
80 2.651400e-04
81 2.616720e-04
82 2.581230e-04
83 2.544910e-04
84 2.507750e-04
85 2.469720e-04
86 2.430800e-04
87 2.390980e-04
88 2.352330e-04
89 2.325830e-04
90 2.300970e-04
91 2.275530e-04
92 2.249490e-04
93 2.222850e-04
94 2.195590e-04
95 2.167700e-04
96 2.139150e-04
97 2.109940e-04
98 2.080050e-04
99 2.049450e-04
100 2.018150e-04
101 1.996880e-04
102 1.985960e-04
103 1.974800e-04
104 1.963370e-04
105 1.951680e-04
106 1.939710e-04
107 1.927470e-04
108 1.914940e-04
109 1.902120e-04
110 1.889000e-04
111 1.875570e-04
112 1.861840e-04
113 1.847780e-04
114 1.833390e-04
115 1.818670e-04
116 1.803610e-04
117 1.788200e-04
118 1.772870e-04
119 1.761540e-04
120 1.751050e-04
121 1.740320e-04
122 1.729340e-04
123 1.718110e-04
124 1.706610e-04
125 1.694840e-04
126 1.682800e-04
127 1.670480e-04
128 1.657880e-04
129 1.644980e-04
130 1.631770e-04
131 1.620060e-04
132 1.610720e-04
133 1.601200e-04
134 1.591450e-04
135 1.581480e-04
136 1.571270e-04
137 1.560830e-04
138 1.550150e-04
139 1.539210e-04
140 1.528020e-04
141 1.516570e-04
142 1.504850e-04
143 1.492860e-04
144 1.480600e-04
145 1.470210e-04
146 1.461270e-04
147 1.452120e-04
148 1.442760e-04
149 1.433180e-04
150 1.423380e-04
151 1.413350e-04
152 1.403080e-04
153 1.392580e-04
154 1.381830e-04
155 1.371460e-04
156 1.363560e-04
157 1.355780e-04
158 1.347810e-04
159 1.339660e-04
160 1.331320e-04
161 1.322790e-04
162 1.314050e-04
163 1.305120e-04
164 1.295970e-04
165 1.286620e-04
166 1.277040e-04
167 1.267240e-04
168 1.257210e-04
169 1.246950e-04
170 1.236470e-04
171 1.228260e-04
172 1.221570e-04
173 1.214720e-04
174 1.207720e-04
175 1.200550e-04
176 1.193210e-04
177 1.185710e-04
178 1.178030e-04
179 1.170170e-04
180 1.162120e-04
181 1.153890e-04
182 1.145470e-04
183 1.136850e-04
184 1.128030e-04
185 1.119010e-04
186 1.109770e-04
187 1.100320e-04
188 1.091080e-04
189 1.084300e-04
190 1.077820e-04
191 1.071180e-04
192 1.064390e-04
193 1.057450e-04
194 1.050340e-04
195 1.043070e-04
196 1.035630e-04
197 1.028010e-04
198 1.020220e-04
199 1.012240e-04
200 1.004080e-04
201 9.947410e-05
202 9.841850e-05
203 9.733840e-05
204 9.623310e-05
205 9.510190e-05
206 9.394460e-05
207 9.276030e-05
208 9.154820e-05
209 9.030800e-05
210 8.903910e-05
211 8.774030e-05
212 8.641140e-05
213 8.505170e-05
214 8.366010e-05
215 8.223610e-05
216 8.077920e-05
217 7.928810e-05
218 7.781280e-05
219 7.679840e-05
220 7.588550e-05
221 7.495160e-05
222 7.399590e-05
223 7.301780e-05
224 7.201700e-05
225 7.099300e-05
226 6.994500e-05
227 6.887260e-05
228 6.777540e-05
229 6.665240e-05
230 6.550330e-05
231 6.451330e-05
232 6.377640e-05
233 6.302480e-05
234 6.225580e-05
235 6.146870e-05
236 6.066330e-05
237 5.983930e-05
238 5.899600e-05
239 5.813300e-05
240 5.725010e-05
241 5.634650e-05
242 5.542170e-05
243 5.447560e-05
244 5.350820e-05
245 5.272260e-05
246 5.207880e-05
247 5.141990e-05
248 5.074570e-05
249 5.005570e-05
250 4.934980e-05
251 4.862730e-05
252 4.788800e-05
253 4.713160e-05
254 4.635750e-05
255 4.561960e-05
256 4.509660e-05
257 4.458740e-05
258 4.406640e-05
259 4.353310e-05
260 4.298750e-05
261 4.242920e-05
262 4.185780e-05
263 4.127320e-05
264 4.067500e-05
265 4.006280e-05
266 3.943630e-05
267 3.879530e-05
268 3.813930e-05
269 3.746800e-05
270 3.678270e-05
271 3.625460e-05
272 3.583310e-05
273 3.540180e-05
274 3.496040e-05
275 3.450870e-05
276 3.404660e-05
277 3.357360e-05
278 3.309220e-05
279 3.269960e-05
280 3.234950e-05
281 3.199110e-05
282 3.162440e-05
283 3.124920e-05
284 3.086520e-05
285 3.047230e-05
286 3.007020e-05
287 2.965880e-05
288 2.923770e-05
289 2.880690e-05
290 2.836610e-05
291 2.795760e-05
292 2.766830e-05
293 2.738090e-05
294 2.708680e-05
295 2.678590e-05
296 2.647800e-05
297 2.616290e-05
298 2.584050e-05
299 2.551050e-05
300 2.517290e-05
301 2.488750e-05
302 2.465630e-05
303 2.441970e-05
304 2.417760e-05
305 2.392980e-05
306 2.367620e-05
307 2.341680e-05
308 2.315140e-05
309 2.290700e-05
310 2.267700e-05
311 2.244160e-05
312 2.220550e-05
313 2.198380e-05
314 2.175910e-05
315 2.155300e-05
316 2.158010e-05
317 2.166900e-05
318 2.175970e-05
319 2.184950e-05
320 2.194070e-05
321 2.203290e-05
322 2.212280e-05
323 2.221420e-05
324 2.230780e-05
325 2.240350e-05
326 2.255990e-05
327 2.311580e-05
328 2.375870e-05
329 2.441660e-05
330 2.508980e-05
331 2.594630e-05
332 2.707190e-05
333 2.824100e-05
334 2.947050e-05
335 3.074390e-05
336 3.207940e-05
337 3.324880e-05
338 3.406790e-05
339 3.489680e-05
340 3.574460e-05
341 3.660490e-05
342 3.708340e-05
343 3.518260e-05
344 3.295200e-05
345 3.086730e-05
346 2.893080e-05
347 2.708850e-05
348 2.536610e-05
349 2.358640e-05
350 2.184500e-05
351 2.023630e-05
352 1.875230e-05
353 1.737720e-05
354 1.609650e-05
355 1.496790e-05
356 1.415970e-05
357 1.344650e-05
358 1.273720e-05
359 1.207290e-05
360 1.144990e-05
361 1.091600e-05
362 1.058950e-05
363 1.026250e-05
364 9.927880e-06
365 9.585500e-06
366 9.254480e-06
367 8.976880e-06
368 8.697230e-06
369 8.411030e-06
370 8.118370e-06
371 7.842500e-06
372 7.576350e-06
373 7.303990e-06
374 7.026330e-06
375 6.778670e-06
376 6.549950e-06
377 6.315960e-06
378 6.079860e-06
379 5.967750e-06
380 5.919770e-06
381 5.870660e-06
382 5.821680e-06
383 5.775160e-06
384 5.727760e-06
385 5.679810e-06
386 5.634190e-06
387 5.588100e-06
388 5.541450e-06
389 5.496850e-06
390 5.451740e-06
391 5.406490e-06
392 5.362930e-06
393 5.318540e-06
394 5.275060e-06
395 5.232140e-06
396 5.188760e-06
397 5.146790e-06
398 5.104220e-06
399 5.062710e-06
400 5.021140e-06
401 4.995800e-06
402 4.987250e-06
403 4.978670e-06
404 4.970170e-06
405 4.961620e-06
406 4.953140e-06
407 4.944630e-06
408 4.936160e-06
409 4.927710e-06
410 4.919240e-06
411 4.910830e-06
412 4.902420e-06
413 4.894180e-06
414 4.885800e-06
415 4.877270e-06
416 4.869020e-06
417 4.860700e-06
418 4.852230e-06
419 4.844010e-06
420 4.835720e-06
421 4.827320e-06
422 4.819150e-06
423 4.810840e-06
424 4.802570e-06
425 4.794400e-06
426 4.786090e-06
427 4.777960e-06
428 4.769720e-06
429 4.761570e-06
430 4.753410e-06
431 4.745230e-06
432 4.737130e-06
433 4.728970e-06
434 4.720910e-06
435 4.712780e-06
436 4.704730e-06
437 4.696640e-06
438 4.688600e-06
439 4.680560e-06
440 4.672530e-06
441 4.664540e-06
442 4.656520e-06
443 4.648560e-06
444 4.640580e-06
445 4.632620e-06
446 4.624680e-06
447 4.616750e-06
448 4.608840e-06
449 4.600960e-06
450 4.593040e-06
451 4.585180e-06
452 4.577330e-06
453 4.569490e-06
454 4.561660e-06
455 4.553830e-06
456 4.546030e-06
457 4.538240e-06
458 4.530460e-06
459 4.522700e-06
460 4.514950e-06
461 4.507210e-06
462 4.499480e-06
463 4.491770e-06
464 4.484070e-06
465 4.476390e-06
466 4.468710e-06
467 4.461060e-06
468 4.453410e-06
469 4.445770e-06
470 4.438160e-06
471 4.430560e-06
472 4.422960e-06
473 4.415380e-06
474 4.407810e-06
475 4.400250e-06
476 4.392720e-06
477 4.385190e-06
478 4.377680e-06
479 4.370230e-06
480 4.362710e-06
481 4.355260e-06
482 4.347750e-06
483 4.340310e-06
484 4.332900e-06
485 4.325450e-06
486 4.318020e-06
487 4.310650e-06
488 4.303250e-06
489 4.295870e-06
490 4.288520e-06
491 4.281170e-06
492 4.273820e-06
493 4.266500e-06
494 4.259200e-06
495 4.251880e-06
496 4.244600e-06
497 4.237330e-06
498 4.230060e-06
499 4.222820e-06
500 4.215580e-06
