1 7.192250e-04
2 7.123380e-04
3 7.052920e-04
4 6.980820e-04
5 6.907020e-04
6 6.831520e-04
7 6.754260e-04
8 6.675180e-04
9 6.594280e-04
10 6.511500e-04
11 6.426770e-04
12 6.340070e-04
13 6.251370e-04
14 6.160590e-04
15 6.067690e-04
16 5.972650e-04
17 5.875370e-04
18 5.779020e-04
19 5.711660e-04
20 5.650630e-04
21 5.588190e-04
22 5.524290e-04
23 5.458900e-04
24 5.391980e-04
25 5.323520e-04
26 5.253450e-04
27 5.181750e-04
28 5.108390e-04
29 5.033310e-04
30 4.956480e-04
31 4.889900e-04
32 4.839650e-04
33 4.788380e-04
34 4.735930e-04
35 4.682250e-04
36 4.627320e-04
37 4.571110e-04
38 4.513600e-04
39 4.454730e-04
40 4.394510e-04
41 4.332880e-04
42 4.269810e-04
43 4.205270e-04
44 4.139290e-04
45 4.085240e-04
46 4.040480e-04
47 3.994670e-04
48 3.947800e-04
49 3.899830e-04
50 3.850750e-04
51 3.800520e-04
52 3.749120e-04
53 3.696540e-04
54 3.642720e-04
55 3.591300e-04
56 3.554300e-04
57 3.518200e-04
58 3.481250e-04
59 3.443440e-04
60 3.404760e-04
61 3.365170e-04
62 3.324650e-04
63 3.283200e-04
64 3.240780e-04
65 3.197360e-04
66 3.152940e-04
67 3.107490e-04
68 3.060970e-04
69 3.013370e-04
70 2.964780e-04
71 2.928360e-04
72 2.900200e-04
73 2.871380e-04
74 2.841890e-04
75 2.811720e-04
76 2.780840e-04
77 2.749240e-04
78 2.716910e-04
79 2.683830e-04
80 2.649970e-04
81 2.615320e-04
82 2.579870e-04
83 2.543590e-04
84 2.506470e-04
85 2.468480e-04
86 2.429610e-04
87 2.389830e-04
88 2.351210e-04
89 2.324720e-04
90 2.299850e-04
91 2.274400e-04
92 2.248350e-04
93 2.221700e-04
94 2.194430e-04
95 2.166520e-04
96 2.137960e-04
97 2.108740e-04
98 2.078840e-04
99 2.048240e-04
100 2.016930e-04
101 1.995670e-04
102 1.984800e-04
103 1.973680e-04
104 1.962300e-04
105 1.950650e-04
106 1.938740e-04
107 1.926550e-04
108 1.914070e-04
109 1.901300e-04
110 1.888240e-04
111 1.874870e-04
112 1.861190e-04
113 1.847190e-04
114 1.832860e-04
115 1.818200e-04
116 1.803200e-04
117 1.787850e-04
118 1.772590e-04
119 1.761280e-04
120 1.750800e-04
121 1.740070e-04
122 1.729100e-04
123 1.717870e-04
124 1.706380e-04
125 1.694620e-04
126 1.682590e-04
127 1.670280e-04
128 1.657680e-04
129 1.644780e-04
130 1.631590e-04
131 1.619880e-04
132 1.610550e-04
133 1.601030e-04
134 1.591290e-04
135 1.581320e-04
136 1.571110e-04
137 1.560670e-04
138 1.549990e-04
139 1.539060e-04
140 1.527870e-04
141 1.516420e-04
142 1.504710e-04
143 1.492720e-04
144 1.480470e-04
145 1.470080e-04
146 1.461140e-04
147 1.452000e-04
148 1.442640e-04
149 1.433060e-04
150 1.423260e-04
151 1.413230e-04
152 1.402960e-04
153 1.392460e-04
154 1.381720e-04
155 1.371350e-04
156 1.363450e-04
157 1.355670e-04
158 1.347700e-04
159 1.339550e-04
160 1.331210e-04
161 1.322680e-04
162 1.313940e-04
163 1.305010e-04
164 1.295860e-04
165 1.286510e-04
166 1.276930e-04
167 1.267130e-04
168 1.257100e-04
169 1.246840e-04
170 1.236370e-04
171 1.228150e-04
172 1.221460e-04
173 1.214620e-04
174 1.207610e-04
175 1.200450e-04
176 1.193110e-04
177 1.185610e-04
178 1.177930e-04
179 1.170070e-04
180 1.162030e-04
181 1.153800e-04
182 1.145380e-04
183 1.136770e-04
184 1.127950e-04
185 1.118930e-04
186 1.109690e-04
187 1.100250e-04
188 1.091010e-04
189 1.084230e-04
190 1.077760e-04
191 1.071130e-04
192 1.064350e-04
193 1.057420e-04
194 1.050320e-04
195 1.043050e-04
196 1.035620e-04
197 1.028010e-04
198 1.020230e-04
199 1.012260e-04
200 1.004110e-04
201 9.947760e-05
202 9.842130e-05
203 9.734060e-05
204 9.623460e-05
205 9.510270e-05
206 9.394460e-05
207 9.275960e-05
208 9.154680e-05
209 9.030590e-05
210 8.903610e-05
211 8.773660e-05
212 8.640690e-05
213 8.504630e-05
214 8.365390e-05
215 8.222900e-05
216 8.077120e-05
217 7.927920e-05
218 7.780300e-05
219 7.678870e-05
220 7.587610e-05
221 7.494250e-05
222 7.398710e-05
223 7.300930e-05
224 7.200880e-05
225 7.098520e-05
226 6.993750e-05
227 6.886540e-05
228 6.776850e-05
229 6.664590e-05
230 6.549720e-05
231 6.450740e-05
232 6.377060e-05
233 6.301910e-05
234 6.225020e-05
235 6.146340e-05
236 6.065810e-05
237 5.983420e-05
238 5.899110e-05
239 5.812820e-05
240 5.724540e-05
241 5.634190e-05
242 5.541740e-05
243 5.447140e-05
244 5.350420e-05
245 5.271870e-05
246 5.207490e-05
247 5.141620e-05
248 5.074200e-05
249 5.005210e-05
250 4.934630e-05
251 4.862390e-05
252 4.788470e-05
253 4.712840e-05
254 4.635440e-05
255 4.561660e-05
256 4.509360e-05
257 4.458450e-05
258 4.406340e-05
259 4.353020e-05
260 4.298470e-05
261 4.242640e-05
262 4.185510e-05
263 4.127050e-05
264 4.067230e-05
265 4.006010e-05
266 3.943370e-05
267 3.879280e-05
268 3.813680e-05
269 3.746560e-05
270 3.678030e-05
271 3.625230e-05
272 3.583100e-05
273 3.539980e-05
274 3.495850e-05
275 3.450700e-05
276 3.404510e-05
277 3.357220e-05
278 3.309100e-05
279 3.269850e-05
280 3.234830e-05
281 3.199000e-05
282 3.162330e-05
283 3.124810e-05
284 3.086410e-05
285 3.047110e-05
286 3.006910e-05
287 2.965770e-05
288 2.923660e-05
289 2.880580e-05
290 2.836500e-05
291 2.795640e-05
292 2.766720e-05
293 2.737980e-05
294 2.708580e-05
295 2.678490e-05
296 2.647710e-05
297 2.616200e-05
298 2.583960e-05
299 2.550980e-05
300 2.517220e-05
301 2.488690e-05
302 2.465570e-05
303 2.441910e-05
304 2.417710e-05
305 2.392930e-05
306 2.367590e-05
307 2.341650e-05
308 2.315120e-05
309 2.290680e-05
310 2.267680e-05
311 2.244140e-05
312 2.220530e-05
313 2.198320e-05
314 2.175800e-05
315 2.155150e-05
316 2.157900e-05
317 2.166840e-05
318 2.175960e-05
319 2.184950e-05
320 2.194070e-05
321 2.203290e-05
322 2.212230e-05
323 2.221330e-05
324 2.230640e-05
325 2.240170e-05
326 2.255770e-05
327 2.311360e-05
328 2.375670e-05
329 2.441470e-05
330 2.508800e-05
331 2.594480e-05
332 2.707120e-05
333 2.824080e-05
334 2.947030e-05
335 3.074400e-05
336 3.208080e-05
337 3.325060e-05
338 3.406850e-05
339 3.489680e-05
340 3.574470e-05
341 3.660960e-05
342 3.709310e-05
343 3.518650e-05
344 3.295100e-05
345 3.086630e-05
346 2.892990e-05
347 2.708790e-05
348 2.536610e-05
349 2.358600e-05
350 2.184420e-05
351 2.023560e-05
352 1.875170e-05
353 1.737670e-05
354 1.609580e-05
355 1.496670e-05
356 1.415920e-05
357 1.344620e-05
358 1.273690e-05
359 1.207240e-05
360 1.144920e-05
361 1.091510e-05
362 1.058870e-05
363 1.026190e-05
364 9.927380e-06
365 9.585150e-06
366 9.254250e-06
367 8.976680e-06
368 8.697060e-06
369 8.410890e-06
370 8.118260e-06
371 7.842420e-06
372 7.576290e-06
373 7.303960e-06
374 7.026330e-06
375 6.778670e-06
376 6.549950e-06
377 6.315960e-06
378 6.079860e-06
379 5.967750e-06
380 5.919770e-06
381 5.870660e-06
382 5.821680e-06
383 5.775160e-06
384 5.727760e-06
385 5.679810e-06
386 5.634190e-06
387 5.588100e-06
388 5.541450e-06
389 5.496850e-06
390 5.451740e-06
391 5.406490e-06
392 5.362930e-06
393 5.318540e-06
394 5.275060e-06
395 5.232140e-06
396 5.188760e-06
397 5.146790e-06
398 5.104220e-06
399 5.062710e-06
400 5.021140e-06
401 4.995800e-06
402 4.987250e-06
403 4.978670e-06
404 4.970170e-06
405 4.961620e-06
406 4.953140e-06
407 4.944630e-06
408 4.936160e-06
409 4.927710e-06
410 4.919240e-06
411 4.910830e-06
412 4.902420e-06
413 4.894180e-06
414 4.885800e-06
415 4.877270e-06
416 4.869020e-06
417 4.860700e-06
418 4.852230e-06
419 4.844010e-06
420 4.835720e-06
421 4.827320e-06
422 4.819150e-06
423 4.810840e-06
424 4.802570e-06
425 4.794400e-06
426 4.786090e-06
427 4.777960e-06
428 4.769720e-06
429 4.761570e-06
430 4.753410e-06
431 4.745230e-06
432 4.737130e-06
433 4.728970e-06
434 4.720910e-06
435 4.712780e-06
436 4.704730e-06
437 4.696640e-06
438 4.688600e-06
439 4.680560e-06
440 4.672530e-06
441 4.664540e-06
442 4.656520e-06
443 4.648560e-06
444 4.640580e-06
445 4.632620e-06
446 4.624680e-06
447 4.616750e-06
448 4.608840e-06
449 4.600960e-06
450 4.593040e-06
451 4.585180e-06
452 4.577330e-06
453 4.569490e-06
454 4.561660e-06
455 4.553830e-06
456 4.546030e-06
457 4.538240e-06
458 4.530460e-06
459 4.522700e-06
460 4.514950e-06
461 4.507210e-06
462 4.499480e-06
463 4.491770e-06
464 4.484070e-06
465 4.476390e-06
466 4.468710e-06
467 4.461060e-06
468 4.453410e-06
469 4.445770e-06
470 4.438160e-06
471 4.430560e-06
472 4.422960e-06
473 4.415380e-06
474 4.407810e-06
475 4.400250e-06
476 4.392720e-06
477 4.385190e-06
478 4.377680e-06
479 4.370230e-06
480 4.362710e-06
481 4.355260e-06
482 4.347750e-06
483 4.340310e-06
484 4.332900e-06
485 4.325450e-06
486 4.318020e-06
487 4.310650e-06
488 4.303250e-06
489 4.295870e-06
490 4.288520e-06
491 4.281170e-06
492 4.273820e-06
493 4.266500e-06
494 4.259200e-06
495 4.251880e-06
496 4.244600e-06
497 4.237330e-06
498 4.230060e-06
499 4.222820e-06
500 4.215580e-06
