1 7.194250e-04
2 7.125370e-04
3 7.054910e-04
4 6.982810e-04
5 6.909010e-04
6 6.833510e-04
7 6.756250e-04
8 6.677170e-04
9 6.596270e-04
10 6.513480e-04
11 6.428760e-04
12 6.342060e-04
13 6.253360e-04
14 6.162570e-04
15 6.069670e-04
16 5.974630e-04
17 5.877350e-04
18 5.780990e-04
19 5.713590e-04
20 5.652500e-04
21 5.590000e-04
22 5.526050e-04
23 5.460600e-04
24 5.393630e-04
25 5.325100e-04
26 5.254970e-04
27 5.183210e-04
28 5.109780e-04
29 5.034640e-04
30 4.957740e-04
31 4.891110e-04
32 4.840830e-04
33 4.789530e-04
34 4.737060e-04
35 4.683360e-04
36 4.628390e-04
37 4.572170e-04
38 4.514620e-04
39 4.455730e-04
40 4.395480e-04
41 4.333820e-04
42 4.270720e-04
43 4.206150e-04
44 4.140140e-04
45 4.086060e-04
46 4.041290e-04
47 3.995470e-04
48 3.948570e-04
49 3.900590e-04
50 3.851490e-04
51 3.801250e-04
52 3.749830e-04
53 3.697230e-04
54 3.643390e-04
55 3.591960e-04
56 3.554950e-04
57 3.518850e-04
58 3.481890e-04
59 3.444080e-04
60 3.405390e-04
61 3.365800e-04
62 3.325280e-04
63 3.283820e-04
64 3.241400e-04
65 3.197980e-04
66 3.153560e-04
67 3.108100e-04
68 3.061580e-04
69 3.013980e-04
70 2.965380e-04
71 2.928950e-04
72 2.900780e-04
73 2.871950e-04
74 2.842450e-04
75 2.812260e-04
76 2.781380e-04
77 2.749770e-04
78 2.717420e-04
79 2.684320e-04
80 2.650450e-04
81 2.615790e-04
82 2.580330e-04
83 2.544040e-04
84 2.506900e-04
85 2.468900e-04
86 2.430010e-04
87 2.390220e-04
88 2.351590e-04
89 2.325100e-04
90 2.300230e-04
91 2.274780e-04
92 2.248740e-04
93 2.222090e-04
94 2.194820e-04
95 2.166920e-04
96 2.138360e-04
97 2.109150e-04
98 2.079250e-04
99 2.048650e-04
100 2.017340e-04
101 1.996070e-04
102 1.985190e-04
103 1.974060e-04
104 1.962660e-04
105 1.951000e-04
106 1.939070e-04
107 1.926860e-04
108 1.914360e-04
109 1.901580e-04
110 1.888490e-04
111 1.875110e-04
112 1.861410e-04
113 1.847390e-04
114 1.833040e-04
115 1.818360e-04
116 1.803340e-04
117 1.787970e-04
118 1.772680e-04
119 1.761370e-04
120 1.750880e-04
121 1.740160e-04
122 1.729180e-04
123 1.717950e-04
124 1.706460e-04
125 1.694700e-04
126 1.682660e-04
127 1.670350e-04
128 1.657740e-04
129 1.644850e-04
130 1.631650e-04
131 1.619940e-04
132 1.610610e-04
133 1.601080e-04
134 1.591340e-04
135 1.581370e-04
136 1.571170e-04
137 1.560730e-04
138 1.550040e-04
139 1.539110e-04
140 1.527920e-04
141 1.516470e-04
142 1.504760e-04
143 1.492770e-04
144 1.480510e-04
145 1.470120e-04
146 1.461190e-04
147 1.452040e-04
148 1.442680e-04
149 1.433100e-04
150 1.423300e-04
151 1.413270e-04
152 1.403000e-04
153 1.392500e-04
154 1.381760e-04
155 1.371390e-04
156 1.363490e-04
157 1.355710e-04
158 1.347740e-04
159 1.339590e-04
160 1.331250e-04
161 1.322720e-04
162 1.313980e-04
163 1.305050e-04
164 1.295900e-04
165 1.286540e-04
166 1.276970e-04
167 1.267170e-04
168 1.257140e-04
169 1.246880e-04
170 1.236400e-04
171 1.228190e-04
172 1.221500e-04
173 1.214650e-04
174 1.207650e-04
175 1.200480e-04
176 1.193150e-04
177 1.185640e-04
178 1.177960e-04
179 1.170100e-04
180 1.162060e-04
181 1.153830e-04
182 1.145410e-04
183 1.136800e-04
184 1.127980e-04
185 1.118950e-04
186 1.109720e-04
187 1.100270e-04
188 1.091030e-04
189 1.084250e-04
190 1.077780e-04
191 1.071150e-04
192 1.064370e-04
193 1.057430e-04
194 1.050330e-04
195 1.043060e-04
196 1.035620e-04
197 1.028010e-04
198 1.020230e-04
199 1.012260e-04
200 1.004100e-04
201 9.947640e-05
202 9.842030e-05
203 9.733990e-05
204 9.623410e-05
205 9.510240e-05
206 9.394460e-05
207 9.275980e-05
208 9.154730e-05
209 9.030660e-05
210 8.903710e-05
211 8.773790e-05
212 8.640840e-05
213 8.504810e-05
214 8.365600e-05
215 8.223140e-05
216 8.077390e-05
217 7.928220e-05
218 7.780630e-05
219 7.679190e-05
220 7.587930e-05
221 7.494550e-05
222 7.399010e-05
223 7.301220e-05
224 7.201160e-05
225 7.098780e-05
226 6.994000e-05
227 6.886780e-05
228 6.777080e-05
229 6.664810e-05
230 6.549920e-05
231 6.450940e-05
232 6.377260e-05
233 6.302100e-05
234 6.225210e-05
235 6.146520e-05
236 6.065980e-05
237 5.983590e-05
238 5.899270e-05
239 5.812980e-05
240 5.724700e-05
241 5.634350e-05
242 5.541880e-05
243 5.447280e-05
244 5.350550e-05
245 5.272000e-05
246 5.207620e-05
247 5.141740e-05
248 5.074320e-05
249 5.005330e-05
250 4.934750e-05
251 4.862510e-05
252 4.788580e-05
253 4.712950e-05
254 4.635540e-05
255 4.561760e-05
256 4.509460e-05
257 4.458550e-05
258 4.406440e-05
259 4.353120e-05
260 4.298570e-05
261 4.242740e-05
262 4.185600e-05
263 4.127140e-05
264 4.067320e-05
265 4.006100e-05
266 3.943460e-05
267 3.879360e-05
268 3.813760e-05
269 3.746640e-05
270 3.678110e-05
271 3.625310e-05
272 3.583170e-05
273 3.540050e-05
274 3.495920e-05
275 3.450760e-05
276 3.404560e-05
277 3.357270e-05
278 3.309140e-05
279 3.269890e-05
280 3.234870e-05
281 3.199040e-05
282 3.162360e-05
283 3.124850e-05
284 3.086450e-05
285 3.047150e-05
286 3.006950e-05
287 2.965810e-05
288 2.923700e-05
289 2.880620e-05
290 2.836530e-05
291 2.795680e-05
292 2.766750e-05
293 2.738020e-05
294 2.708610e-05
295 2.678530e-05
296 2.647740e-05
297 2.616230e-05
298 2.583990e-05
299 2.551000e-05
300 2.517240e-05
301 2.488710e-05
302 2.465590e-05
303 2.441930e-05
304 2.417720e-05
305 2.392950e-05
306 2.367600e-05
307 2.341660e-05
308 2.315130e-05
309 2.290690e-05
310 2.267680e-05
311 2.244140e-05
312 2.220540e-05
313 2.198340e-05
314 2.175830e-05
315 2.155200e-05
316 2.157930e-05
317 2.166860e-05
318 2.175960e-05
319 2.184950e-05
320 2.194070e-05
321 2.203290e-05
322 2.212250e-05
323 2.221360e-05
324 2.230690e-05
325 2.240230e-05
326 2.255840e-05
327 2.311430e-05
328 2.375740e-05
329 2.441530e-05
330 2.508860e-05
331 2.594530e-05
332 2.707150e-05
333 2.824080e-05
334 2.947040e-05
335 3.074400e-05
336 3.208030e-05
337 3.325000e-05
338 3.406830e-05
339 3.489680e-05
340 3.574470e-05
341 3.660810e-05
342 3.708980e-05
343 3.518520e-05
344 3.295140e-05
345 3.086660e-05
346 2.893020e-05
347 2.708810e-05
348 2.536610e-05
349 2.358620e-05
350 2.184450e-05
351 2.023590e-05
352 1.875190e-05
353 1.737680e-05
354 1.609600e-05
355 1.496710e-05
356 1.415940e-05
357 1.344630e-05
358 1.273700e-05
359 1.207260e-05
360 1.144940e-05
361 1.091540e-05
362 1.058900e-05
363 1.026210e-05
364 9.927540e-06
365 9.585270e-06
366 9.254330e-06
367 8.976740e-06
368 8.697120e-06
369 8.410940e-06
370 8.118300e-06
371 7.842450e-06
372 7.576310e-06
373 7.303970e-06
374 7.026330e-06
375 6.778670e-06
376 6.549950e-06
377 6.315960e-06
378 6.079860e-06
379 5.967750e-06
380 5.919770e-06
381 5.870660e-06
382 5.821680e-06
383 5.775160e-06
384 5.727760e-06
385 5.679810e-06
386 5.634190e-06
387 5.588100e-06
388 5.541450e-06
389 5.496850e-06
390 5.451740e-06
391 5.406490e-06
392 5.362930e-06
393 5.318540e-06
394 5.275060e-06
395 5.232140e-06
396 5.188760e-06
397 5.146790e-06
398 5.104220e-06
399 5.062710e-06
400 5.021140e-06
401 4.995800e-06
402 4.987250e-06
403 4.978670e-06
404 4.970170e-06
405 4.961620e-06
406 4.953140e-06
407 4.944630e-06
408 4.936160e-06
409 4.927710e-06
410 4.919240e-06
411 4.910830e-06
412 4.902420e-06
413 4.894180e-06
414 4.885800e-06
415 4.877270e-06
416 4.869020e-06
417 4.860700e-06
418 4.852230e-06
419 4.844010e-06
420 4.835720e-06
421 4.827320e-06
422 4.819150e-06
423 4.810840e-06
424 4.802570e-06
425 4.794400e-06
426 4.786090e-06
427 4.777960e-06
428 4.769720e-06
429 4.761570e-06
430 4.753410e-06
431 4.745230e-06
432 4.737130e-06
433 4.728970e-06
434 4.720910e-06
435 4.712780e-06
436 4.704730e-06
437 4.696640e-06
438 4.688600e-06
439 4.680560e-06
440 4.672530e-06
441 4.664540e-06
442 4.656520e-06
443 4.648560e-06
444 4.640580e-06
445 4.632620e-06
446 4.624680e-06
447 4.616750e-06
448 4.608840e-06
449 4.600960e-06
450 4.593040e-06
451 4.585180e-06
452 4.577330e-06
453 4.569490e-06
454 4.561660e-06
455 4.553830e-06
456 4.546030e-06
457 4.538240e-06
458 4.530460e-06
459 4.522700e-06
460 4.514950e-06
461 4.507210e-06
462 4.499480e-06
463 4.491770e-06
464 4.484070e-06
465 4.476390e-06
466 4.468710e-06
467 4.461060e-06
468 4.453410e-06
469 4.445770e-06
470 4.438160e-06
471 4.430560e-06
472 4.422960e-06
473 4.415380e-06
474 4.407810e-06
475 4.400250e-06
476 4.392720e-06
477 4.385190e-06
478 4.377680e-06
479 4.370230e-06
480 4.362710e-06
481 4.355260e-06
482 4.347750e-06
483 4.340310e-06
484 4.332900e-06
485 4.325450e-06
486 4.318020e-06
487 4.310650e-06
488 4.303250e-06
489 4.295870e-06
490 4.288520e-06
491 4.281170e-06
492 4.273820e-06
493 4.266500e-06
494 4.259200e-06
495 4.251880e-06
496 4.244600e-06
497 4.237330e-06
498 4.230060e-06
499 4.222820e-06
500 4.215580e-06
