1 2.820680e+04
2 2.517300e+04
3 2.243080e+04
4 1.999050e+04
5 1.783700e+04
6 1.590890e+04
7 1.419100e+04
8 1.266170e+04
9 1.129910e+04
10 1.008810e+04
11 9.012800e+03
12 8.057760e+03
13 7.208470e+03
14 6.456360e+03
15 5.789030e+03
16 5.199130e+03
17 4.678200e+03
18 4.221010e+03
19 3.820650e+03
20 3.474590e+03
21 3.176750e+03
22 2.923760e+03
23 2.713440e+03
24 2.548280e+03
25 2.429770e+03
26 2.364810e+03
27 2.368520e+03
28 2.467040e+03
29 2.713400e+03
30 3.224220e+03
31 4.266470e+03
32 6.020440e+03
33 6.806180e+03
34 4.121630e+03
35 1.521930e+03
36 5.615990e+02
37 2.272100e+02
38 9.672630e+01
39 4.560200e+01
40 2.236420e+01
