1 2.318870e+01
2 2.085580e+01
3 1.876590e+01
4 1.692730e+01
5 1.532760e+01
6 1.392060e+01
7 1.269430e+01
8 1.163230e+01
9 1.071750e+01
10 9.938090e+00
11 9.281250e+00
12 8.733800e+00
13 8.283150e+00
14 7.920300e+00
15 7.633270e+00
16 7.413080e+00
17 7.250250e+00
18 7.137650e+00
19 7.068640e+00
20 7.040620e+00
21 7.052730e+00
22 7.108470e+00
23 7.215390e+00
24 7.388230e+00
25 7.651570e+00
26 8.049110e+00
27 8.663750e+00
28 9.654180e+00
29 1.135690e+01
30 1.455440e+01
31 2.099090e+01
32 3.227400e+01
33 4.117360e+01
34 3.307800e+01
35 1.909970e+01
36 1.188540e+01
37 8.723490e+00
38 7.097600e+00
39 6.315150e+00
40 5.844840e+00
