1 2.850560e+04
2 2.544060e+04
3 2.267020e+04
4 2.020480e+04
5 1.802920e+04
6 1.608130e+04
7 1.434570e+04
8 1.280060e+04
9 1.142380e+04
10 1.020000e+04
11 9.113280e+03
12 8.147970e+03
13 7.289520e+03
14 6.529380e+03
15 5.855100e+03
16 5.259370e+03
17 4.733610e+03
18 4.272360e+03
19 3.868250e+03
20 3.518410e+03
21 3.217270e+03
22 2.962540e+03
23 2.751780e+03
24 2.586960e+03
25 2.470440e+03
26 2.409330e+03
27 2.419810e+03
28 2.530250e+03
29 2.798340e+03
30 3.350630e+03
31 4.425520e+03
32 6.020420e+03
33 6.497990e+03
34 4.079070e+03
35 1.580280e+03
36 5.765000e+02
37 2.308350e+02
38 9.798060e+01
39 4.588500e+01
40 2.246610e+01
