1 1 5.304850e-01
1 2 1.974000e-01
1 3 2.605460e-01
1 4 3.116660e-01
1 5 3.891000e-01
1 6 4.781780e-01
1 7 5.811510e-01
1 8 7.036940e-01
1 9 8.374210e-01
1 10 9.910250e-01
1 11 1.146940e+00
1 12 1.300810e+00
1 13 1.435300e+00
1 14 1.535180e+00
1 15 1.569560e+00
1 16 1.524100e+00
1 17 1.382440e+00
1 18 1.152860e+00
1 19 8.644690e-01
1 20 5.686740e-01
1 21 3.166180e-01
1 22 1.433280e-01
1 23 5.006510e-02
1 24 1.266470e-02
1 25 2.144340e-03
1 26 2.203320e-04
1 27 1.348020e-05
1 28 6.859270e-07
1 29 3.560910e-08
1 30 0.000000e+00
1 31 0.000000e+00
1 32 0.000000e+00
1 33 0.000000e+00
1 34 0.000000e+00
1 35 0.000000e+00
1 36 0.000000e+00
1 37 0.000000e+00
1 38 0.000000e+00
1 39 0.000000e+00
1 40 0.000000e+00
2 1 4.225590e-01
2 2 1.698990e-01
2 3 2.318010e-01
2 4 2.807190e-01
2 5 3.507620e-01
2 6 4.311320e-01
2 7 5.240730e-01
2 8 6.347620e-01
2 9 7.556630e-01
2 10 8.946270e-01
2 11 1.035960e+00
2 12 1.175720e+00
2 13 1.298300e+00
2 14 1.390100e+00
2 15 1.422940e+00
2 16 1.384180e+00
2 17 1.258040e+00
2 18 1.051780e+00
2 19 7.912110e-01
2 20 5.224970e-01
2 21 2.923180e-01
2 22 1.331130e-01
2 23 4.683420e-02
2 24 1.195180e-02
2 25 2.045090e-03
2 26 2.128040e-04
2 27 1.327270e-05
2 28 6.805290e-07
2 29 3.564190e-08
2 30 0.000000e+00
2 31 0.000000e+00
2 32 0.000000e+00
2 33 0.000000e+00
2 34 0.000000e+00
2 35 0.000000e+00
2 36 0.000000e+00
2 37 0.000000e+00
2 38 0.000000e+00
2 39 0.000000e+00
2 40 0.000000e+00
3 1 3.313850e-01
3 2 1.399290e-01
3 3 1.997860e-01
3 4 2.509070e-01
3 5 3.164580e-01
3 6 3.891650e-01
3 7 4.731930e-01
3 8 5.732900e-01
3 9 6.828040e-01
3 10 8.087910e-01
3 11 9.372040e-01
3 12 1.064530e+00
3 13 1.176690e+00
3 14 1.261500e+00
3 15 1.293290e+00
3 16 1.260730e+00
3 17 1.148740e+00
3 18 9.633820e-01
3 19 7.275830e-01
3 20 4.827680e-01
3 21 2.717020e-01
3 22 1.246250e-01
3 23 4.423630e-02
3 24 1.140980e-02
3 25 1.977450e-03
3 26 2.089320e-04
3 27 1.328510e-05
3 28 6.899810e-07
3 29 3.652160e-08
3 30 0.000000e+00
3 31 0.000000e+00
3 32 0.000000e+00
3 33 0.000000e+00
3 34 0.000000e+00
3 35 0.000000e+00
3 36 0.000000e+00
3 37 0.000000e+00
3 38 0.000000e+00
3 39 0.000000e+00
3 40 0.000000e+00
4 1 2.540500e-01
4 2 1.099360e-01
4 3 1.637580e-01
4 4 2.173050e-01
4 5 2.845830e-01
4 6 3.523930e-01
4 7 4.286500e-01
4 8 5.195130e-01
4 9 6.191150e-01
4 10 7.338390e-01
4 11 8.510290e-01
4 12 9.676460e-01
4 13 1.070940e+00
4 14 1.149960e+00
4 15 1.181240e+00
4 16 1.154370e+00
4 17 1.055140e+00
4 18 8.882550e-01
4 19 6.740540e-01
4 20 4.498580e-01
4 21 2.550130e-01
4 22 1.179970e-01
4 23 4.232970e-02
4 24 1.105750e-02
4 25 1.945600e-03
4 26 2.092890e-04
4 27 1.355410e-05
4 28 7.172290e-07
4 29 3.842840e-08
4 30 0.000000e+00
4 31 0.000000e+00
4 32 0.000000e+00
4 33 0.000000e+00
4 34 0.000000e+00
4 35 0.000000e+00
4 36 0.000000e+00
4 37 0.000000e+00
4 38 0.000000e+00
4 39 0.000000e+00
4 40 0.000000e+00
5 1 2.007050e-01
5 2 8.590940e-02
5 3 1.289660e-01
5 4 1.778920e-01
5 5 2.479740e-01
5 6 3.191740e-01
5 7 3.901230e-01
5 8 4.730700e-01
5 9 5.641060e-01
5 10 6.691800e-01
5 11 7.768010e-01
5 12 8.843760e-01
5 13 9.802900e-01
5 14 1.054620e+00
5 15 1.085970e+00
5 16 1.064370e+00
5 17 9.765670e-01
5 18 8.259360e-01
5 19 6.303090e-01
5 20 4.236210e-01
5 21 2.421980e-01
5 22 1.132320e-01
5 23 4.112770e-02
5 24 1.090360e-02
5 25 1.952330e-03
5 26 2.143610e-04
5 27 1.412160e-05
5 28 7.658760e-07
5 29 4.161370e-08
5 30 0.000000e+00
5 31 0.000000e+00
5 32 0.000000e+00
5 33 0.000000e+00
5 34 0.000000e+00
5 35 0.000000e+00
5 36 0.000000e+00
5 37 0.000000e+00
5 38 0.000000e+00
5 39 0.000000e+00
5 40 0.000000e+00
6 1 1.553460e-01
6 2 6.619660e-02
6 3 9.957590e-02
6 4 1.385970e-01
6 5 2.016030e-01
6 6 2.796990e-01
6 7 3.556150e-01
6 8 4.327310e-01
6 9 5.163570e-01
6 10 6.131290e-01
6 11 7.126080e-01
6 12 8.125200e-01
6 13 9.023530e-01
6 14 9.729960e-01
6 15 1.004910e+00
6 16 9.885120e-01
6 17 9.110220e-01
6 18 7.748500e-01
6 19 5.953610e-01
6 20 4.035160e-01
6 21 2.330620e-01
6 22 1.103120e-01
6 23 4.066110e-02
6 24 1.096990e-02
6 25 2.005000e-03
6 26 2.254820e-04
6 27 1.507210e-05
6 28 8.455040e-07
6 29 4.671000e-08
6 30 0.000000e+00
6 31 0.000000e+00
6 32 0.000000e+00
6 33 0.000000e+00
6 34 0.000000e+00
6 35 0.000000e+00
6 36 0.000000e+00
6 37 0.000000e+00
6 38 0.000000e+00
6 39 0.000000e+00
6 40 0.000000e+00
7 1 1.154900e-01
7 2 4.915590e-02
7 3 7.487880e-02
7 4 1.053090e-01
7 5 1.550000e-01
7 6 2.255910e-01
7 7 3.138660e-01
7 8 3.975590e-01
7 9 4.755900e-01
7 10 5.653840e-01
7 11 6.580750e-01
7 12 7.516820e-01
7 13 8.366970e-01
7 14 9.046770e-01
7 15 9.374580e-01
7 16 9.262940e-01
7 17 8.582560e-01
7 18 7.347740e-01
7 19 5.691720e-01
7 20 3.895740e-01
7 21 2.277160e-01
7 22 1.093480e-01
7 23 4.100540e-02
7 24 1.129010e-02
7 25 2.113460e-03
7 26 2.443820e-04
7 27 1.649600e-05
7 28 9.689700e-07
7 29 5.458060e-08
7 30 0.000000e+00
7 31 0.000000e+00
7 32 0.000000e+00
7 33 0.000000e+00
7 34 0.000000e+00
7 35 0.000000e+00
7 36 0.000000e+00
7 37 0.000000e+00
7 38 0.000000e+00
7 39 0.000000e+00
7 40 0.000000e+00
8 1 8.690900e-02
8 2 3.703800e-02
8 3 5.648970e-02
8 4 7.970350e-02
8 5 1.176270e-01
8 6 1.721790e-01
8 7 2.511960e-01
8 8 3.534460e-01
8 9 4.407530e-01
8 10 5.251120e-01
8 11 6.123030e-01
8 12 7.009250e-01
8 13 7.822840e-01
8 14 8.486580e-01
8 15 8.829720e-01
8 16 8.769480e-01
8 17 8.177500e-01
8 18 7.055880e-01
8 19 5.517760e-01
8 20 3.820550e-01
8 21 2.264620e-01
8 22 1.105850e-01
8 23 4.230140e-02
8 24 1.192300e-02
8 25 2.293950e-03
8 26 2.738020e-04
8 27 1.891430e-05
8 28 1.156500e-06
8 29 6.659100e-08
8 30 0.000000e+00
8 31 0.000000e+00
8 32 0.000000e+00
8 33 0.000000e+00
8 34 0.000000e+00
8 35 0.000000e+00
8 36 0.000000e+00
8 37 0.000000e+00
8 38 0.000000e+00
8 39 0.000000e+00
8 40 0.000000e+00
9 1 6.769210e-02
9 2 2.825220e-02
9 3 4.238310e-02
9 4 5.942970e-02
9 5 8.816980e-02
9 6 1.297250e-01
9 7 1.902190e-01
9 8 2.810480e-01
9 9 3.952070e-01
9 10 4.913000e-01
9 11 5.742680e-01
9 12 6.591440e-01
9 13 7.380270e-01
9 14 8.038540e-01
9 15 8.404620e-01
9 16 8.397880e-01
9 17 7.890700e-01
9 18 6.871250e-01
9 19 5.434110e-01
9 20 3.813700e-01
9 21 2.297500e-01
9 22 1.143760e-01
9 23 4.475590e-02
9 24 1.295250e-02
9 25 2.569260e-03
9 26 3.175480e-04
9 27 2.272070e-05
9 28 1.433950e-06
9 29 8.450060e-08
9 30 0.000000e+00
9 31 0.000000e+00
9 32 0.000000e+00
9 33 0.000000e+00
9 34 0.000000e+00
9 35 0.000000e+00
9 36 0.000000e+00
9 37 0.000000e+00
9 38 0.000000e+00
9 39 0.000000e+00
9 40 0.000000e+00
10 1 4.981630e-02
10 2 2.080180e-02
10 3 3.137040e-02
10 4 4.411700e-02
10 5 6.546360e-02
10 6 9.655190e-02
10 7 1.419530e-01
10 8 2.104790e-01
10 9 3.115960e-01
10 10 4.449550e-01
10 11 5.440800e-01
10 12 6.264750e-01
10 13 7.041090e-01
10 14 7.704460e-01
10 15 8.101300e-01
10 16 8.151190e-01
10 17 7.726080e-01
10 18 6.799620e-01
10 19 5.446900e-01
10 20 3.882390e-01
10 21 2.382450e-01
10 22 1.212440e-01
10 23 4.868630e-02
10 24 1.452110e-02
10 25 2.982650e-03
10 26 3.837090e-04
10 27 2.858980e-05
10 28 1.870790e-06
10 29 1.133050e-07
10 30 0.000000e+00
10 31 0.000000e+00
10 32 0.000000e+00
10 33 0.000000e+00
10 34 0.000000e+00
10 35 0.000000e+00
10 36 0.000000e+00
10 37 0.000000e+00
10 38 0.000000e+00
10 39 0.000000e+00
10 40 0.000000e+00
11 1 3.553730e-02
11 2 1.486600e-02
11 3 2.239160e-02
11 4 3.145660e-02
11 5 4.676880e-02
11 6 6.954570e-02
11 7 1.032580e-01
11 8 1.542400e-01
11 9 2.298230e-01
11 10 3.473830e-01
11 11 4.985710e-01
11 12 6.029340e-01
11 13 6.805580e-01
11 14 7.486030e-01
11 15 7.922390e-01
11 16 8.033830e-01
11 17 7.690060e-01
11 18 6.849220e-01
11 19 5.566600e-01
11 20 4.037670e-01
11 21 2.529950e-01
11 22 1.319930e-01
11 23 5.458440e-02
11 24 1.685090e-02
11 25 3.603090e-03
11 26 4.856750e-04
11 27 3.775490e-05
11 28 2.347730e-06
11 29 1.623370e-07
11 30 0.000000e+00
11 31 0.000000e+00
11 32 0.000000e+00
11 33 0.000000e+00
11 34 0.000000e+00
11 35 0.000000e+00
11 36 0.000000e+00
11 37 0.000000e+00
11 38 0.000000e+00
11 39 0.000000e+00
11 40 0.000000e+00
12 1 2.643010e-02
12 2 1.103830e-02
12 3 1.655750e-02
12 4 2.309250e-02
12 5 3.395970e-02
12 6 4.977240e-02
12 7 7.363720e-02
12 8 1.108440e-01
12 9 1.664370e-01
12 10 2.530630e-01
12 11 3.856390e-01
12 12 5.588420e-01
12 13 6.653670e-01
12 14 7.364260e-01
12 15 7.853120e-01
12 16 8.037200e-01
12 17 7.780860e-01
12 18 7.027170e-01
12 19 5.807450e-01
12 20 4.297590e-01
12 21 2.757640e-01
12 22 1.479580e-01
12 23 6.322860e-02
12 24 2.027370e-02
12 25 4.527620e-03
12 26 6.412390e-04
12 27 5.201530e-05
12 28 2.821100e-06
12 29 2.424150e-07
12 30 0.000000e+00
12 31 0.000000e+00
12 32 0.000000e+00
12 33 0.000000e+00
12 34 0.000000e+00
12 35 0.000000e+00
12 36 0.000000e+00
12 37 0.000000e+00
12 38 0.000000e+00
12 39 0.000000e+00
12 40 0.000000e+00
13 1 1.721230e-02
13 2 7.222700e-03
13 3 1.085930e-02
13 4 1.517130e-02
13 5 2.239330e-02
13 6 3.317320e-02
13 7 4.961670e-02
13 8 7.557620e-02
13 9 1.154310e-01
13 10 1.781030e-01
13 11 2.746810e-01
13 12 4.272220e-01
13 13 6.270560e-01
13 14 7.371480e-01
13 15 7.924130e-01
13 16 8.190420e-01
13 17 8.024640e-01
13 18 7.355730e-01
13 19 6.189230e-01
13 20 4.680580e-01
13 21 3.082830e-01
13 22 1.706270e-01
13 23 7.567060e-02
13 24 2.534980e-02
13 25 5.960930e-03
13 26 8.970260e-04
13 27 7.750520e-05
13 28 4.242840e-06
13 29 3.984880e-07
13 30 0.000000e+00
13 31 0.000000e+00
13 32 0.000000e+00
13 33 0.000000e+00
13 34 0.000000e+00
13 35 0.000000e+00
13 36 0.000000e+00
13 37 0.000000e+00
13 38 0.000000e+00
13 39 0.000000e+00
13 40 0.000000e+00
14 1 1.271560e-02
14 2 5.332990e-03
14 3 8.016270e-03
14 4 1.119560e-02
14 5 1.648380e-02
14 6 2.423150e-02
14 7 3.579980e-02
14 8 5.363130e-02
14 9 8.063950e-02
14 10 1.242760e-01
14 11 1.922920e-01
14 12 3.002440e-01
14 13 4.731050e-01
14 14 7.020760e-01
14 15 8.079290e-01
14 16 8.452970e-01
14 17 8.403970e-01
14 18 7.841810e-01
14 19 6.740980e-01
14 20 5.229480e-01
14 21 3.549600e-01
14 22 2.034840e-01
14 23 9.398730e-02
14 24 3.298820e-02
14 25 8.176830e-03
14 26 1.305350e-03
14 27 1.199080e-04
14 28 6.785550e-06
14 29 6.634400e-07
14 30 0.000000e+00
14 31 0.000000e+00
14 32 0.000000e+00
14 33 0.000000e+00
14 34 0.000000e+00
14 35 0.000000e+00
14 36 0.000000e+00
14 37 0.000000e+00
14 38 0.000000e+00
14 39 0.000000e+00
14 40 0.000000e+00
15 1 8.299820e-03
15 2 3.492330e-03
15 3 5.258740e-03
15 4 7.360570e-03
15 5 1.086330e-02
15 6 1.600120e-02
15 7 2.367930e-02
15 8 3.565000e-02
15 9 5.407830e-02
15 10 8.371490e-02
15 11 1.301830e-01
15 12 2.046460e-01
15 13 3.250960e-01
15 14 5.239230e-01
15 15 7.850470e-01
15 16 8.876380e-01
15 17 8.964410e-01
15 18 8.524880e-01
15 19 7.499460e-01
15 20 5.980870e-01
15 21 4.195360e-01
15 22 2.500390e-01
15 23 1.208600e-01
15 24 4.473090e-02
15 25 1.178640e-02
15 26 2.018250e-03
15 27 2.005440e-04
15 28 1.186780e-05
15 29 1.174270e-06
15 30 0.000000e+00
15 31 0.000000e+00
15 32 0.000000e+00
15 33 0.000000e+00
15 34 0.000000e+00
15 35 0.000000e+00
15 36 0.000000e+00
15 37 0.000000e+00
15 38 0.000000e+00
15 39 0.000000e+00
15 40 0.000000e+00
16 1 5.023310e-03
16 2 2.122900e-03
16 3 3.204130e-03
16 4 4.497490e-03
16 5 6.661080e-03
16 6 9.852840e-03
16 7 1.464510e-02
16 8 2.214330e-02
16 9 3.376500e-02
16 10 5.271240e-02
16 11 8.307370e-02
16 12 1.326460e-01
16 13 2.139050e-01
16 14 3.499650e-01
16 15 5.774280e-01
16 16 8.811860e-01
16 17 9.733980e-01
16 18 9.445400e-01
16 19 8.516260e-01
16 20 6.997040e-01
16 21 5.086900e-01
16 22 3.163770e-01
16 23 1.608410e-01
16 24 6.317110e-02
16 25 1.784200e-02
16 26 3.311590e-03
16 27 3.610310e-04
16 28 2.177460e-05
16 29 1.208020e-06
16 30 0.000000e+00
16 31 0.000000e+00
16 32 0.000000e+00
16 33 0.000000e+00
16 34 0.000000e+00
16 35 0.000000e+00
16 36 0.000000e+00
16 37 0.000000e+00
16 38 0.000000e+00
16 39 0.000000e+00
16 40 0.000000e+00
17 1 3.069500e-03
17 2 1.302190e-03
17 3 1.968920e-03
17 4 2.769950e-03
17 5 4.113680e-03
17 6 6.104770e-03
17 7 9.109660e-03
17 8 1.382130e-02
17 9 2.111330e-02
17 10 3.299740e-02
17 11 5.209680e-02
17 12 8.355030e-02
17 13 1.357870e-01
17 14 2.244920e-01
17 15 3.752530e-01
17 16 6.363640e-01
17 17 9.846890e-01
17 18 1.060960e+00
17 19 9.835140e-01
17 20 8.356890e-01
17 21 6.324310e-01
17 22 4.124910e-01
17 23 2.217400e-01
17 24 9.291590e-02
17 25 2.827890e-02
17 26 5.715120e-03
17 27 6.860900e-04
17 28 4.360420e-05
17 29 1.539050e-06
17 30 0.000000e+00
17 31 0.000000e+00
17 32 0.000000e+00
17 33 0.000000e+00
17 34 0.000000e+00
17 35 0.000000e+00
17 36 0.000000e+00
17 37 0.000000e+00
17 38 0.000000e+00
17 39 0.000000e+00
17 40 0.000000e+00
18 1 1.627910e-03
18 2 6.948050e-04
18 3 1.053830e-03
18 4 1.488180e-03
18 5 2.220350e-03
18 6 3.314040e-03
18 7 4.979730e-03
18 8 7.615880e-03
18 9 1.174050e-02
18 10 1.854770e-02
18 11 2.966930e-02
18 12 4.833700e-02
18 13 7.999810e-02
18 14 1.348690e-01
18 15 2.301600e-01
18 16 3.991420e-01
18 17 6.995950e-01
18 18 1.103400e+00
18 19 1.154460e+00
18 20 1.016050e+00
18 21 8.024610e-01
18 22 5.509320e-01
18 23 3.148280e-01
18 24 1.417980e-01
18 25 4.696980e-02
18 26 1.047460e-02
18 27 1.408970e-03
18 28 1.000220e-04
18 29 3.777480e-06
18 30 0.000000e+00
18 31 0.000000e+00
18 32 0.000000e+00
18 33 0.000000e+00
18 34 0.000000e+00
18 35 0.000000e+00
18 36 0.000000e+00
18 37 0.000000e+00
18 38 0.000000e+00
18 39 0.000000e+00
18 40 0.000000e+00
19 1 7.626120e-04
19 2 3.266900e-04
19 3 4.963420e-04
19 4 7.025900e-04
19 5 1.051700e-03
19 6 1.576840e-03
19 7 2.384200e-03
19 8 3.677530e-03
19 9 5.732600e-03
19 10 9.186030e-03
19 11 1.495780e-02
19 12 2.490180e-02
19 13 4.227420e-02
19 14 7.336010e-02
19 15 1.291140e-01
19 16 2.312470e-01
19 17 4.191740e-01
19 18 7.668970e-01
19 19 1.238740e+00
19 20 1.256040e+00
19 21 1.036720e+00
19 22 7.511210e-01
19 23 4.581080e-01
19 24 2.231500e-01
19 25 8.120530e-02
19 26 2.027450e-02
19 27 3.122190e-03
19 28 2.597620e-04
19 29 1.072360e-05
19 30 1.380700e-06
19 31 4.688470e-07
19 32 0.000000e+00
19 33 0.000000e+00
19 34 0.000000e+00
19 35 0.000000e+00
19 36 0.000000e+00
19 37 0.000000e+00
19 38 0.000000e+00
19 39 0.000000e+00
19 40 0.000000e+00
20 1 3.423350e-04
20 2 1.487320e-04
20 3 2.271460e-04
20 4 3.234810e-04
20 5 4.875640e-04
20 6 7.368970e-04
20 7 1.124080e-03
20 8 1.750390e-03
20 9 2.755970e-03
20 10 4.462420e-03
20 11 7.346900e-03
20 12 1.237820e-02
20 13 2.130020e-02
20 14 3.759630e-02
20 15 6.769050e-02
20 16 1.246120e-01
20 17 2.329990e-01
20 18 4.410540e-01
20 19 8.399710e-01
20 20 1.385280e+00
20 21 1.351340e+00
20 22 1.040490e+00
20 23 6.828830e-01
20 24 3.627420e-01
20 25 1.459570e-01
20 26 4.088010e-02
20 27 7.158380e-03
20 28 6.849910e-04
20 29 3.092370e-05
20 30 2.742950e-06
20 31 2.800550e-07
20 32 0.000000e+00
20 33 0.000000e+00
20 34 0.000000e+00
20 35 0.000000e+00
20 36 0.000000e+00
20 37 0.000000e+00
20 38 0.000000e+00
20 39 0.000000e+00
20 40 0.000000e+00
21 1 1.273990e-04
21 2 5.660190e-05
21 3 8.701560e-05
21 4 1.249060e-04
21 5 1.900480e-04
21 6 2.904350e-04
21 7 4.488220e-04
21 8 7.095410e-04
21 9 1.136600e-03
21 10 1.876570e-03
21 11 3.158340e-03
21 12 5.453410e-03
21 13 9.632430e-03
21 14 1.744430e-02
21 15 3.220540e-02
21 16 6.099420e-02
21 17 1.178720e-01
21 18 2.315970e-01
21 19 4.596590e-01
21 20 9.169570e-01
21 21 1.548430e+00
21 22 1.450840e+00
21 23 1.029060e+00
21 24 6.002070e-01
21 25 2.698120e-01
21 26 8.597050e-02
21 27 1.747630e-02
21 28 1.984110e-03
21 29 1.068490e-04
21 30 5.478740e-06
21 31 3.530380e-07
21 32 7.255300e-10
21 33 0.000000e+00
21 34 0.000000e+00
21 35 0.000000e+00
21 36 0.000000e+00
21 37 0.000000e+00
21 38 0.000000e+00
21 39 0.000000e+00
21 40 0.000000e+00
22 1 3.705420e-05
22 2 1.731740e-05
22 3 2.679980e-05
22 4 3.878040e-05
22 5 5.957580e-05
22 6 9.211020e-05
22 7 1.443350e-04
22 8 2.319710e-04
22 9 3.788660e-04
22 10 6.398620e-04
22 11 1.105550e-03
22 12 1.968880e-03
22 13 3.602160e-03
22 14 6.766450e-03
22 15 1.296460e-02
22 16 2.554210e-02
22 17 5.162230e-02
22 18 1.066680e-01
22 19 2.237090e-01
22 20 4.735140e-01
22 21 9.996860e-01
22 22 1.738570e+00
22 23 1.552710e+00
22 24 9.994840e-01
22 25 5.063430e-01
22 26 1.860860e-01
22 27 4.473160e-02
22 28 6.169610e-03
22 29 4.144420e-04
22 30 1.253190e-05
22 31 2.129820e-07
22 32 4.646570e-09
22 33 0.000000e+00
22 34 0.000000e+00
22 35 0.000000e+00
22 36 0.000000e+00
22 37 0.000000e+00
22 38 0.000000e+00
22 39 0.000000e+00
22 40 0.000000e+00
23 1 7.932720e-06
23 2 4.153170e-06
23 3 6.512230e-06
23 4 9.477320e-06
23 5 1.463490e-05
23 6 2.278790e-05
23 7 3.604730e-05
23 8 5.867310e-05
23 9 9.745790e-05
23 10 1.682850e-04
23 11 2.992500e-04
23 12 5.528490e-04
23 13 1.060940e-03
23 14 2.112690e-03
23 15 4.301130e-03
23 16 8.956910e-03
23 17 1.903520e-02
23 18 4.145740e-02
23 19 9.254990e-02
23 20 2.105020e-01
23 21 4.808420e-01
23 22 1.088590e+00
23 23 1.960310e+00
23 24 1.656980e+00
23 25 9.509430e-01
23 26 4.069220e-01
23 27 1.174800e-01
23 28 2.015710e-02
23 29 1.751800e-03
23 30 6.394490e-05
23 31 1.195170e-06
23 32 2.734650e-08
23 33 0.000000e+00
23 34 0.000000e+00
23 35 0.000000e+00
23 36 0.000000e+00
23 37 0.000000e+00
23 38 0.000000e+00
23 39 0.000000e+00
23 40 0.000000e+00
24 1 1.165520e-06
24 2 6.680410e-07
24 3 1.107870e-06
24 4 1.695150e-06
24 5 2.713750e-06
24 6 4.337860e-06
24 7 7.004170e-06
24 8 1.163780e-05
24 9 1.977930e-05
24 10 3.507700e-05
24 11 6.434090e-05
24 12 1.231960e-04
24 13 2.465260e-04
24 14 5.181810e-04
24 15 1.126370e-03
24 16 2.511250e-03
24 17 5.709280e-03
24 18 1.328710e-02
24 19 3.174390e-02
24 20 7.806630e-02
24 21 1.948280e-01
24 22 4.858350e-01
24 23 1.187070e+00
24 24 2.215990e+00
24 25 1.760940e+00
24 26 8.853020e-01
24 27 3.104540e-01
24 28 6.703260e-02
24 29 7.611590e-03
24 30 3.728350e-04
24 31 7.703480e-06
24 32 1.496060e-07
24 33 0.000000e+00
24 34 0.000000e+00
24 35 0.000000e+00
24 36 0.000000e+00
24 37 0.000000e+00
24 38 0.000000e+00
24 39 0.000000e+00
24 40 0.000000e+00
25 1 1.794860e-07
25 2 1.027440e-07
25 3 1.699890e-07
25 4 2.600370e-07
25 5 4.173120e-07
25 6 6.695840e-07
25 7 1.078490e-06
25 8 1.767470e-06
25 9 2.963390e-06
25 10 5.243430e-06
25 11 9.808210e-06
25 12 1.951150e-05
25 13 4.110070e-05
25 14 9.204350e-05
25 15 2.176620e-04
25 16 5.338980e-04
25 17 1.314000e-03
25 18 3.287260e-03
25 19 8.474560e-03
25 20 2.272650e-02
25 21 6.278250e-02
25 22 1.755410e-01
25 23 4.856990e-01
25 24 1.297670e+00
25 25 2.523550e+00
25 26 1.869300e+00
25 27 8.048900e-01
25 28 2.226880e-01
25 29 3.389890e-02
25 30 2.334810e-03
25 31 5.857330e-05
25 32 9.100930e-07
25 33 1.602950e-09
25 34 0.000000e+00
25 35 0.000000e+00
25 36 0.000000e+00
25 37 0.000000e+00
25 38 0.000000e+00
25 39 0.000000e+00
25 40 0.000000e+00
26 1 3.880410e-08
26 2 2.221290e-08
26 3 3.675100e-08
26 4 5.621900e-08
26 5 9.008090e-08
26 6 1.431030e-07
26 7 2.263250e-07
26 8 3.596880e-07
26 9 5.677260e-07
26 10 9.037110e-07
26 11 1.445310e-06
26 12 2.396280e-06
26 13 4.400610e-06
26 14 9.552250e-06
26 15 2.465480e-05
26 16 7.309200e-05
26 17 2.312710e-04
26 18 6.873250e-04
26 19 1.946940e-03
26 20 5.499070e-03
26 21 1.592360e-02
26 22 4.822330e-02
26 23 1.515650e-01
26 24 4.749930e-01
26 25 1.421900e+00
26 26 2.917660e+00
26 27 1.990530e+00
26 28 7.108280e-01
26 29 1.486980e-01
26 30 1.520280e-02
26 31 6.042100e-04
26 32 9.306220e-06
26 33 2.058240e-07
26 34 0.000000e+00
26 35 0.000000e+00
26 36 0.000000e+00
26 37 0.000000e+00
26 38 0.000000e+00
26 39 0.000000e+00
26 40 0.000000e+00
27 1 1.118180e-08
27 2 6.400870e-09
27 3 1.059020e-08
27 4 1.620010e-08
27 5 2.595780e-08
27 6 4.123660e-08
27 7 6.521800e-08
27 8 1.036480e-07
27 9 1.635960e-07
27 10 2.602920e-07
27 11 4.120850e-07
27 12 6.530230e-07
27 13 1.035870e-06
27 14 1.669090e-06
27 15 2.879160e-06
27 16 6.656000e-06
27 17 2.024060e-05
27 18 6.944300e-05
27 19 2.360960e-04
27 20 7.986830e-04
27 21 2.750440e-03
27 22 9.694450e-03
27 23 3.513310e-02
27 24 1.301670e-01
27 25 4.711840e-01
27 26 1.584280e+00
27 27 3.413200e+00
27 28 2.135780e+00
27 29 6.184810e-01
27 30 9.260260e-02
27 31 5.713600e-03
27 32 1.124830e-04
27 33 1.936310e-06
27 34 0.000000e+00
27 35 0.000000e+00
27 36 0.000000e+00
27 37 0.000000e+00
27 38 0.000000e+00
27 39 0.000000e+00
27 40 0.000000e+00
28 1 2.853890e-09
28 2 1.633670e-09
28 3 2.702890e-09
28 4 4.134680e-09
28 5 6.625090e-09
28 6 1.052470e-08
28 7 1.664530e-08
28 8 2.645360e-08
28 9 4.175400e-08
28 10 6.643320e-08
28 11 1.051750e-07
28 12 1.666640e-07
28 13 2.638530e-07
28 14 4.188650e-07
28 15 6.629770e-07
28 16 1.053210e-06
28 17 1.850140e-06
28 18 4.925770e-06
28 19 1.989450e-05
28 20 8.449340e-05
28 21 3.543600e-04
28 22 1.412820e-03
28 23 5.652050e-03
28 24 2.423810e-02
28 25 1.077580e-01
28 26 4.640000e-01
28 27 1.801550e+00
28 28 4.121670e+00
28 29 2.336540e+00
28 30 5.287750e-01
28 31 5.344220e-02
28 32 1.832460e-03
28 33 1.708970e-05
28 34 4.619970e-07
28 35 1.325550e-08
28 36 0.000000e+00
28 37 0.000000e+00
28 38 0.000000e+00
28 39 0.000000e+00
28 40 0.000000e+00
29 1 2.126870e-09
29 2 1.217500e-09
29 3 2.014330e-09
29 4 3.081380e-09
29 5 4.937370e-09
29 6 7.843520e-09
29 7 1.240500e-08
29 8 1.971460e-08
29 9 3.111730e-08
29 10 4.950950e-08
29 11 7.838170e-08
29 12 1.242070e-07
29 13 1.966370e-07
29 14 3.121600e-07
29 15 4.940850e-07
29 16 7.837250e-07
29 17 1.242120e-06
29 18 1.968780e-06
29 19 3.183550e-06
29 20 7.182790e-06
29 21 3.468740e-05
29 22 1.876700e-04
29 23 8.240530e-04
29 24 3.598370e-03
29 25 1.712150e-02
29 26 8.873350e-02
29 27 4.596890e-01
29 28 2.119290e+00
29 29 5.235330e+00
29 30 2.653720e+00
29 31 4.513860e-01
29 32 2.914730e-02
29 33 4.999050e-04
29 34 4.567210e-06
29 35 2.835070e-07
29 36 0.000000e+00
29 37 0.000000e+00
29 38 0.000000e+00
29 39 0.000000e+00
29 40 0.000000e+00
30 1 1.472770e-09
30 2 8.430700e-10
30 3 1.394840e-09
30 4 2.133730e-09
30 5 3.418920e-09
30 6 5.431310e-09
30 7 8.589930e-09
30 8 1.365160e-08
30 9 2.154740e-08
30 10 3.428330e-08
30 11 5.427610e-08
30 12 8.600820e-08
30 13 1.361630e-07
30 14 2.161580e-07
30 15 3.421330e-07
30 16 5.426970e-07
30 17 8.601140e-07
30 18 1.363300e-06
30 19 2.163120e-06
30 20 3.575460e-06
30 21 6.764460e-06
30 22 1.572080e-05
30 23 4.970000e-05
30 24 2.357520e-04
30 25 1.437510e-03
30 26 1.000090e-02
30 27 7.222890e-02
30 28 4.836690e-01
30 29 2.679400e+00
30 30 7.157640e+00
30 31 3.255310e+00
30 32 3.977270e-01
30 33 1.484090e-02
30 34 1.161540e-04
30 35 1.376790e-06
30 36 0.000000e+00
30 37 0.000000e+00
30 38 0.000000e+00
30 39 0.000000e+00
30 40 0.000000e+00
31 1 7.973600e-10
31 2 4.564400e-10
31 3 7.551700e-10
31 4 1.155200e-09
31 5 1.851010e-09
31 6 2.940510e-09
31 7 4.650590e-09
31 8 7.390960e-09
31 9 1.166580e-08
31 10 1.856100e-08
31 11 2.938510e-08
31 12 4.656490e-08
31 13 7.371880e-08
31 14 1.170280e-07
31 15 1.852310e-07
31 16 2.938160e-07
31 17 4.656660e-07
31 18 7.380900e-07
31 19 1.168970e-06
31 20 1.853710e-06
31 21 2.937250e-06
31 22 4.656250e-06
31 23 7.411390e-06
31 24 1.419120e-05
31 25 7.161310e-05
31 26 6.102610e-04
31 27 5.971440e-03
31 28 5.976580e-02
31 29 5.387780e-01
31 30 3.762340e+00
31 31 1.104730e+01
31 32 4.470090e+00
31 33 3.745900e-01
31 34 7.200380e-03
31 35 2.104320e-05
31 36 2.473310e-08
31 37 0.000000e+00
31 38 0.000000e+00
31 39 0.000000e+00
31 40 0.000000e+00
32 1 9.823900e-10
32 2 5.623500e-10
32 3 9.304100e-10
32 4 1.423270e-09
32 5 2.280540e-09
32 6 3.622880e-09
32 7 5.729780e-09
32 8 9.106070e-09
32 9 1.437290e-08
32 10 2.286820e-08
32 11 3.620410e-08
32 12 5.737050e-08
32 13 9.082560e-08
32 14 1.441850e-07
32 15 2.282150e-07
32 16 3.619980e-07
32 17 5.737260e-07
32 18 9.093670e-07
32 19 1.440240e-06
32 20 2.283870e-06
32 21 3.618850e-06
32 22 5.736820e-06
32 23 9.103290e-06
32 24 1.451070e-05
32 25 2.333550e-05
32 26 4.727240e-05
32 27 2.725460e-04
32 28 3.479830e-03
32 29 5.026590e-02
32 30 6.379920e-01
32 31 5.782970e+00
32 32 1.859490e+01
32 33 6.498100e+00
32 34 3.487880e-01
32 35 3.008390e-03
32 36 4.127760e-06
32 37 2.426890e-09
32 38 0.000000e+00
32 39 0.000000e+00
32 40 0.000000e+00
33 1 3.449900e-10
33 2 1.974800e-10
33 3 3.267300e-10
33 4 4.998100e-10
33 5 8.008600e-10
33 6 1.272250e-09
33 7 2.012140e-09
33 8 3.197790e-09
33 9 5.047340e-09
33 10 8.030640e-09
33 11 1.271380e-08
33 12 2.014690e-08
33 13 3.189530e-08
33 14 5.063360e-08
33 15 8.014250e-08
33 16 1.271230e-07
33 17 2.014760e-07
33 18 3.193440e-07
33 19 5.057700e-07
33 20 8.020280e-07
33 21 1.270840e-06
33 22 2.014550e-06
33 23 3.192810e-06
33 24 5.058390e-06
33 25 8.047530e-06
33 26 1.310650e-05
33 27 2.357780e-05
33 28 9.456860e-05
33 29 1.537120e-03
33 30 3.505870e-02
33 31 6.624070e-01
33 32 7.917240e+00
33 33 2.610710e+01
33 34 7.212790e+00
33 35 2.239550e-01
33 36 7.271840e-04
33 37 1.240840e-06
33 38 0.000000e+00
33 39 0.000000e+00
33 40 0.000000e+00
34 1 2.444500e-10
34 2 1.399300e-10
34 3 2.315200e-10
34 4 3.541600e-10
34 5 5.674700e-10
34 6 9.014900e-10
34 7 1.425760e-09
34 8 2.265890e-09
34 9 3.576440e-09
34 10 5.690340e-09
34 11 9.008740e-09
34 12 1.427560e-08
34 13 2.260040e-08
34 14 3.587790e-08
34 15 5.678730e-08
34 16 9.007680e-08
34 17 1.427620e-07
34 18 2.262800e-07
34 19 3.583780e-07
34 20 5.683000e-07
34 21 9.004870e-07
34 22 1.427460e-06
34 23 2.262370e-06
34 24 3.585150e-06
34 25 5.680420e-06
34 26 8.986600e-06
34 27 1.417700e-05
34 28 2.232070e-05
34 29 3.805060e-05
34 30 3.551810e-04
34 31 1.368230e-02
34 32 4.166780e-01
34 33 6.761740e+00
34 34 2.173470e+01
34 35 4.474260e+00
34 36 7.240930e-02
34 37 7.621410e-05
34 38 0.000000e+00
34 39 0.000000e+00
34 40 0.000000e+00
35 1 1.319700e-10
35 2 7.554300e-11
35 3 1.249800e-10
35 4 1.911900e-10
35 5 3.063500e-10
35 6 4.866700e-10
35 7 7.697000e-10
35 8 1.223250e-09
35 9 1.930750e-09
35 10 3.071940e-09
35 11 4.863400e-09
35 12 7.706740e-09
35 13 1.220090e-08
35 14 1.936880e-08
35 15 3.065680e-08
35 16 4.862820e-08
35 17 7.707030e-08
35 18 1.221580e-07
35 19 1.934710e-07
35 20 3.067980e-07
35 21 4.861300e-07
35 22 7.706200e-07
35 23 1.221350e-06
35 24 1.935460e-06
35 25 3.067950e-06
35 26 4.865470e-06
35 27 7.715580e-06
35 28 1.222920e-05
35 29 1.938130e-05
35 30 3.071640e-05
35 31 5.732340e-05
35 32 2.558210e-03
35 33 1.573500e-01
35 34 3.761400e+00
35 35 1.283140e+01
35 36 2.154950e+00
35 37 1.706360e-02
35 38 4.466890e-06
35 39 0.000000e+00
35 40 0.000000e+00
36 1 2.514600e-11
36 2 1.439500e-11
36 3 2.381600e-11
36 4 3.643200e-11
36 5 5.837500e-11
36 6 9.273500e-11
36 7 1.466700e-10
36 8 2.330900e-10
36 9 3.679000e-10
36 10 5.853600e-10
36 11 9.267200e-10
36 12 1.468520e-09
36 13 2.324870e-09
36 14 3.690710e-09
36 15 5.841630e-09
36 16 9.266080e-09
36 17 1.468570e-08
36 18 2.327710e-08
36 19 3.686580e-08
36 20 5.846030e-08
36 21 9.263190e-08
36 22 1.468410e-07
36 23 2.327270e-07
36 24 3.688020e-07
36 25 5.845430e-07
36 26 9.272460e-07
36 27 1.479510e-06
36 28 2.383670e-06
36 29 3.860940e-06
36 30 6.241850e-06
36 31 1.004850e-05
36 32 1.643110e-05
36 33 4.505050e-04
36 34 5.735700e-02
36 35 2.166650e+00
36 36 8.387810e+00
36 37 1.205190e+00
36 38 4.241060e-03
36 39 7.822180e-07
36 40 0.000000e+00
37 1 4.803200e-12
37 2 2.749500e-12
37 3 4.549000e-12
37 4 6.958800e-12
37 5 1.115000e-11
37 6 1.771300e-11
37 7 2.801500e-11
37 8 4.452200e-11
37 9 7.027300e-11
37 10 1.118100e-10
37 11 1.770100e-10
37 12 2.805000e-10
37 13 4.440700e-10
37 14 7.049600e-10
37 15 1.115810e-09
37 16 1.769920e-09
37 17 2.805120e-09
37 18 4.446170e-09
37 19 7.041750e-09
37 20 1.116650e-08
37 21 1.769360e-08
37 22 2.804820e-08
37 23 4.445310e-08
37 24 7.044480e-08
37 25 1.116540e-07
37 26 1.769580e-07
37 27 2.804870e-07
37 28 4.450280e-07
37 29 7.077950e-07
37 30 1.129460e-06
37 31 1.806650e-06
37 32 2.889220e-06
37 33 4.613910e-06
37 34 8.253940e-05
37 35 2.319630e-02
37 36 1.471740e+00
37 37 6.436660e+00
37 38 7.780050e-01
37 39 1.033110e-03
37 40 6.167430e-07
38 1 8.481600e-12
38 2 4.855200e-12
38 3 8.032800e-12
38 4 1.228800e-11
38 5 1.968900e-11
38 6 3.127900e-11
38 7 4.946900e-11
38 8 7.861900e-11
38 9 1.240900e-10
38 10 1.974400e-10
38 11 3.125700e-10
38 12 4.953200e-10
38 13 7.841600e-10
38 14 1.244840e-09
38 15 1.970330e-09
38 16 3.125370e-09
38 17 4.953360e-09
38 18 7.851180e-09
38 19 1.243450e-08
38 20 1.971820e-08
38 21 3.124400e-08
38 22 4.952830e-08
38 23 7.849670e-08
38 24 1.243940e-07
38 25 1.971620e-07
38 26 3.124780e-07
38 27 4.952400e-07
38 28 7.845720e-07
38 29 1.239600e-06
38 30 1.946820e-06
38 31 3.033660e-06
38 32 4.694400e-06
38 33 7.250100e-06
38 34 1.123130e-05
38 35 2.790520e-05
38 36 9.642290e-03
38 37 1.099320e+00
38 38 5.422790e+00
38 39 5.539720e-01
38 40 2.257700e-04
39 1 3.296000e-12
39 2 1.886700e-12
39 3 3.121600e-12
39 4 4.775200e-12
39 5 7.651300e-12
39 6 1.215500e-11
39 7 1.922400e-11
39 8 3.055100e-11
39 9 4.822200e-11
39 10 7.672400e-11
39 11 1.214700e-10
39 12 1.924800e-10
39 13 3.047200e-10
39 14 4.837500e-10
39 15 7.656700e-10
39 16 1.214520e-09
39 17 1.924880e-09
39 18 3.050970e-09
39 19 4.832070e-09
39 20 7.662490e-09
39 21 1.214140e-08
39 22 1.924670e-08
39 23 3.050390e-08
39 24 4.833950e-08
39 25 7.661710e-08
39 26 1.214290e-07
39 27 1.924510e-07
39 28 3.050130e-07
39 29 4.839170e-07
39 30 7.740870e-07
39 31 1.260280e-06
39 32 2.094870e-06
39 33 3.533790e-06
39 34 5.962460e-06
39 35 9.947510e-06
39 36 1.773110e-05
39 37 4.061290e-03
39 38 9.081450e-01
39 39 4.978980e+00
39 40 4.208530e-01
40 1 1.831400e-12
40 2 1.048400e-12
40 3 1.734500e-12
40 4 2.653300e-12
40 5 4.251400e-12
40 6 6.753800e-12
40 7 1.068200e-11
40 8 1.697600e-11
40 9 2.679400e-11
40 10 4.263100e-11
40 11 6.749200e-11
40 12 1.069500e-10
40 13 1.693200e-10
40 14 2.687900e-10
40 15 4.254400e-10
40 16 6.748400e-10
40 17 1.069550e-09
40 18 1.695260e-09
40 19 2.684920e-09
40 20 4.257630e-09
40 21 6.746330e-09
40 22 1.069440e-08
40 23 1.694940e-08
40 24 2.685960e-08
40 25 4.257200e-08
40 26 6.747160e-08
40 27 1.069340e-07
40 28 1.694790e-07
40 29 2.686050e-07
40 30 4.256300e-07
40 31 6.728650e-07
40 32 1.057520e-06
40 33 1.651880e-06
40 34 2.570770e-06
40 35 4.002670e-06
40 36 6.250830e-06
40 37 9.827380e-06
40 38 1.559780e-03
40 39 7.818380e-01
40 40 5.059590e+00
