1 1 9.457680e-01
1 2 3.550720e-01
1 3 4.501870e-01
1 4 5.214120e-01
1 5 6.264550e-01
1 6 7.332980e-01
1 7 8.383180e-01
1 8 9.397280e-01
1 9 1.015120e+00
1 10 1.063750e+00
1 11 1.056340e+00
1 12 9.879930e-01
1 13 8.554670e-01
1 14 6.744870e-01
1 15 4.699130e-01
1 16 2.820500e-01
1 17 1.398360e-01
1 18 5.466070e-02
1 19 1.586910e-02
1 20 3.184080e-03
1 21 4.018450e-04
1 22 2.957410e-05
1 23 1.812440e-06
1 24 1.160620e-07
1 25 0.000000e+00
1 26 0.000000e+00
1 27 0.000000e+00
1 28 0.000000e+00
1 29 0.000000e+00
1 30 0.000000e+00
1 31 0.000000e+00
1 32 0.000000e+00
1 33 0.000000e+00
1 34 0.000000e+00
1 35 0.000000e+00
1 36 0.000000e+00
1 37 0.000000e+00
1 38 0.000000e+00
1 39 0.000000e+00
1 40 0.000000e+00
2 1 7.296660e-01
2 2 3.114190e-01
2 3 4.109930e-01
2 4 4.772450e-01
2 5 5.739920e-01
2 6 6.727580e-01
2 7 7.703770e-01
2 8 8.653650e-01
2 9 9.371280e-01
2 10 9.850390e-01
2 11 9.820980e-01
2 12 9.230630e-01
2 13 8.040730e-01
2 14 6.386680e-01
2 15 4.490040e-01
2 16 2.724720e-01
2 17 1.368910e-01
2 18 5.436360e-02
2 19 1.608140e-02
2 20 3.298530e-03
2 21 4.270890e-04
2 22 3.223570e-05
2 23 2.018540e-06
2 24 1.315510e-07
2 25 0.000000e+00
2 26 0.000000e+00
2 27 0.000000e+00
2 28 0.000000e+00
2 29 0.000000e+00
2 30 0.000000e+00
2 31 0.000000e+00
2 32 0.000000e+00
2 33 0.000000e+00
2 34 0.000000e+00
2 35 0.000000e+00
2 36 0.000000e+00
2 37 0.000000e+00
2 38 0.000000e+00
2 39 0.000000e+00
2 40 0.000000e+00
3 1 5.524210e-01
3 2 2.476870e-01
3 3 3.621170e-01
3 4 4.384720e-01
3 5 5.285440e-01
3 6 6.204760e-01
3 7 7.119200e-01
3 8 8.016670e-01
3 9 8.708120e-01
3 10 9.187300e-01
3 11 9.202780e-01
3 12 8.701040e-01
3 13 7.633980e-01
3 14 6.117230e-01
3 15 4.346710e-01
3 16 2.672160e-01
3 17 1.363630e-01
3 18 5.516860e-02
3 19 1.668170e-02
3 20 3.510850e-03
3 21 4.684260e-04
3 22 3.633360e-05
3 23 2.338220e-06
3 24 1.556070e-07
3 25 0.000000e+00
3 26 0.000000e+00
3 27 0.000000e+00
3 28 0.000000e+00
3 29 0.000000e+00
3 30 0.000000e+00
3 31 0.000000e+00
3 32 0.000000e+00
3 33 0.000000e+00
3 34 0.000000e+00
3 35 0.000000e+00
3 36 0.000000e+00
3 37 0.000000e+00
3 38 0.000000e+00
3 39 0.000000e+00
3 40 0.000000e+00
4 1 4.067760e-01
4 2 1.852710e-01
4 3 2.856490e-01
4 4 3.897390e-01
4 5 4.900310e-01
4 6 5.766470e-01
4 7 6.631990e-01
4 8 7.490060e-01
4 9 8.165610e-01
4 10 8.653320e-01
4 11 8.715790e-01
4 12 8.297860e-01
4 13 7.341900e-01
4 14 5.944120e-01
4 15 4.276860e-01
4 16 2.669060e-01
4 17 1.386840e-01
4 18 5.732000e-02
4 19 1.777170e-02
4 20 3.850870e-03
4 21 5.313400e-04
4 22 4.239860e-05
4 23 2.811990e-06
4 24 1.913070e-07
4 25 0.000000e+00
4 26 0.000000e+00
4 27 0.000000e+00
4 28 0.000000e+00
4 29 0.000000e+00
4 30 0.000000e+00
4 31 0.000000e+00
4 32 0.000000e+00
4 33 0.000000e+00
4 34 0.000000e+00
4 35 0.000000e+00
4 36 0.000000e+00
4 37 0.000000e+00
4 38 0.000000e+00
4 39 0.000000e+00
4 40 0.000000e+00
5 1 3.080330e-01
5 2 1.386890e-01
5 3 2.136060e-01
5 4 3.057310e-01
5 5 4.391420e-01
5 6 5.403390e-01
5 7 6.232790e-01
5 8 7.064320e-01
5 9 7.734730e-01
5 10 8.240040e-01
5 11 8.353350e-01
5 12 8.017740e-01
5 13 7.164290e-01
5 14 5.870070e-01
5 15 4.284870e-01
5 16 2.720400e-01
5 17 1.442730e-01
5 18 6.108110e-02
5 19 1.947440e-02
5 20 4.358170e-03
5 21 6.239940e-04
5 22 5.160300e-05
5 23 3.516170e-06
5 24 2.450620e-07
5 25 0.000000e+00
5 26 0.000000e+00
5 27 0.000000e+00
5 28 0.000000e+00
5 29 0.000000e+00
5 30 0.000000e+00
5 31 0.000000e+00
5 32 0.000000e+00
5 33 0.000000e+00
5 34 0.000000e+00
5 35 0.000000e+00
5 36 0.000000e+00
5 37 0.000000e+00
5 38 0.000000e+00
5 39 0.000000e+00
5 40 0.000000e+00
6 1 2.256670e-01
6 2 1.014200e-01
6 3 1.566990e-01
6 4 2.251010e-01
6 5 3.411210e-01
6 6 4.892990e-01
6 7 5.920090e-01
6 8 6.736230e-01
6 9 7.413500e-01
6 10 7.946040e-01
6 11 8.115240e-01
6 12 7.861890e-01
6 13 7.104860e-01
6 14 5.901560e-01
6 15 4.379550e-01
6 16 2.835620e-01
6 17 1.539330e-01
6 18 6.698550e-02
6 19 2.205020e-02
6 20 5.120190e-03
6 21 7.648700e-04
6 22 6.618070e-05
6 23 4.474020e-06
6 24 3.315780e-07
6 25 0.000000e+00
6 26 0.000000e+00
6 27 0.000000e+00
6 28 0.000000e+00
6 29 0.000000e+00
6 30 0.000000e+00
6 31 0.000000e+00
6 32 0.000000e+00
6 33 0.000000e+00
6 34 0.000000e+00
6 35 0.000000e+00
6 36 0.000000e+00
6 37 0.000000e+00
6 38 0.000000e+00
6 39 0.000000e+00
6 40 0.000000e+00
7 1 1.562850e-01
7 2 7.061410e-02
7 3 1.107520e-01
7 4 1.611020e-01
7 5 2.464740e-01
7 6 3.761410e-01
7 7 5.432050e-01
7 8 6.511800e-01
7 9 7.205100e-01
7 10 7.776010e-01
7 11 8.007900e-01
7 12 7.837090e-01
7 13 7.172580e-01
7 14 6.049430e-01
7 15 4.572670e-01
7 16 3.026690e-01
7 17 1.686610e-01
7 18 7.570690e-02
7 19 2.584120e-02
7 20 6.258700e-03
7 21 9.816050e-04
7 22 8.966080e-05
7 23 5.327690e-06
7 24 4.761650e-07
7 25 0.000000e+00
7 26 0.000000e+00
7 27 0.000000e+00
7 28 0.000000e+00
7 29 0.000000e+00
7 30 0.000000e+00
7 31 0.000000e+00
7 32 0.000000e+00
7 33 0.000000e+00
7 34 0.000000e+00
7 35 0.000000e+00
7 36 0.000000e+00
7 37 0.000000e+00
7 38 0.000000e+00
7 39 0.000000e+00
7 40 0.000000e+00
8 1 1.087250e-01
8 2 4.934800e-02
8 3 7.759130e-02
8 4 1.134270e-01
8 5 1.744220e-01
8 6 2.676720e-01
8 7 4.125160e-01
8 8 6.049840e-01
8 9 7.099150e-01
8 10 7.721210e-01
8 11 8.028340e-01
8 12 7.948360e-01
8 13 7.379380e-01
8 14 6.332180e-01
8 15 4.886740e-01
8 16 3.315780e-01
8 17 1.902680e-01
8 18 8.841610e-02
8 19 3.142810e-02
8 20 7.979710e-03
8 21 1.322040e-03
8 22 1.284940e-04
8 23 7.291390e-06
8 24 7.284290e-07
8 25 0.000000e+00
8 26 0.000000e+00
8 27 0.000000e+00
8 28 0.000000e+00
8 29 0.000000e+00
8 30 0.000000e+00
8 31 0.000000e+00
8 32 0.000000e+00
8 33 0.000000e+00
8 34 0.000000e+00
8 35 0.000000e+00
8 36 0.000000e+00
8 37 0.000000e+00
8 38 0.000000e+00
8 39 0.000000e+00
8 40 0.000000e+00
9 1 7.637310e-02
9 2 3.411380e-02
9 3 5.295110e-02
9 4 7.725580e-02
9 5 1.199040e-01
9 6 1.857580e-01
9 7 2.885920e-01
9 8 4.548480e-01
9 9 6.695800e-01
9 10 7.775370e-01
9 11 8.173800e-01
9 12 8.200620e-01
9 13 7.737380e-01
9 14 6.770900e-01
9 15 5.349580e-01
9 16 3.732720e-01
9 17 2.213710e-01
9 18 1.069060e-01
9 19 3.973700e-02
9 20 1.061870e-02
9 21 1.864450e-03
9 22 1.932390e-04
9 23 1.124000e-05
9 24 1.155990e-06
9 25 0.000000e+00
9 26 0.000000e+00
9 27 0.000000e+00
9 28 0.000000e+00
9 29 0.000000e+00
9 30 0.000000e+00
9 31 0.000000e+00
9 32 0.000000e+00
9 33 0.000000e+00
9 34 0.000000e+00
9 35 0.000000e+00
9 36 0.000000e+00
9 37 0.000000e+00
9 38 0.000000e+00
9 39 0.000000e+00
9 40 0.000000e+00
10 1 4.970410e-02
10 2 2.239670e-02
10 3 3.507710e-02
10 4 5.150560e-02
10 5 8.023460e-02
10 6 1.251160e-01
10 7 1.959060e-01
10 8 3.114380e-01
10 9 4.971690e-01
10 10 7.470410e-01
10 11 8.467490e-01
10 12 8.619830e-01
10 13 8.277220e-01
10 14 7.400700e-01
10 15 5.999810e-01
10 16 4.317200e-01
10 17 2.655470e-01
10 18 1.338490e-01
10 19 5.231070e-02
10 20 1.481510e-02
10 21 2.781590e-03
10 22 3.112540e-04
10 23 1.922750e-05
10 24 1.985310e-06
10 25 0.000000e+00
10 26 0.000000e+00
10 27 0.000000e+00
10 28 0.000000e+00
10 29 0.000000e+00
10 30 0.000000e+00
10 31 0.000000e+00
10 32 0.000000e+00
10 33 0.000000e+00
10 34 0.000000e+00
10 35 0.000000e+00
10 36 0.000000e+00
10 37 0.000000e+00
10 38 0.000000e+00
10 39 0.000000e+00
10 40 0.000000e+00
11 1 3.055020e-02
11 2 1.388900e-02
11 3 2.181880e-02
11 4 3.216490e-02
11 5 5.047160e-02
11 6 7.973010e-02
11 7 1.267600e-01
11 8 2.044770e-01
11 9 3.312490e-01
11 10 5.470360e-01
11 11 8.316630e-01
11 12 9.239830e-01
11 13 9.040430e-01
11 14 8.269720e-01
11 15 6.892770e-01
11 16 5.127680e-01
11 17 3.282110e-01
11 18 1.734580e-01
11 19 7.169990e-02
11 20 2.169670e-02
11 21 4.403920e-03
11 22 5.401710e-04
11 23 3.603270e-05
11 24 2.660460e-06
11 25 0.000000e+00
11 26 0.000000e+00
11 27 0.000000e+00
11 28 0.000000e+00
11 29 0.000000e+00
11 30 0.000000e+00
11 31 0.000000e+00
11 32 0.000000e+00
11 33 0.000000e+00
11 34 0.000000e+00
11 35 0.000000e+00
11 36 0.000000e+00
11 37 0.000000e+00
11 38 0.000000e+00
11 39 0.000000e+00
11 40 0.000000e+00
12 1 1.869550e-02
12 2 8.558100e-03
12 3 1.345370e-02
12 4 1.981500e-02
12 5 3.101010e-02
12 6 4.882330e-02
12 7 7.816140e-02
12 8 1.281730e-01
12 9 2.112880e-01
12 10 3.549640e-01
12 11 5.999020e-01
12 12 9.265100e-01
12 13 1.002510e+00
12 14 9.408430e-01
12 15 8.090160e-01
12 16 6.247920e-01
12 17 4.181580e-01
12 18 2.329350e-01
12 19 1.023710e-01
12 20 3.325250e-02
12 21 7.316290e-03
12 22 9.826750e-04
12 23 7.102060e-05
12 24 3.029470e-06
12 25 0.000000e+00
12 26 0.000000e+00
12 27 0.000000e+00
12 28 0.000000e+00
12 29 0.000000e+00
12 30 0.000000e+00
12 31 0.000000e+00
12 32 0.000000e+00
12 33 0.000000e+00
12 34 0.000000e+00
12 35 0.000000e+00
12 36 0.000000e+00
12 37 0.000000e+00
12 38 0.000000e+00
12 39 0.000000e+00
12 40 0.000000e+00
13 1 9.648180e-03
13 2 4.474990e-03
13 3 7.092200e-03
13 4 1.054950e-02
13 5 1.674090e-02
13 6 2.690800e-02
13 7 4.399160e-02
13 8 7.372650e-02
13 9 1.247650e-01
13 10 2.153700e-01
13 11 3.740450e-01
13 12 6.564150e-01
13 13 1.035850e+00
13 14 1.092990e+00
13 15 9.698300e-01
13 16 7.782810e-01
13 17 5.456880e-01
13 18 3.215470e-01
13 19 1.512060e-01
13 20 5.327790e-02
13 21 1.292610e-02
13 22 1.952180e-03
13 23 1.614390e-04
13 24 6.873040e-06
13 25 0.000000e+00
13 26 0.000000e+00
13 27 0.000000e+00
13 28 0.000000e+00
13 29 0.000000e+00
13 30 0.000000e+00
13 31 0.000000e+00
13 32 0.000000e+00
13 33 0.000000e+00
13 34 0.000000e+00
13 35 0.000000e+00
13 36 0.000000e+00
13 37 0.000000e+00
13 38 0.000000e+00
13 39 0.000000e+00
13 40 0.000000e+00
14 1 5.301020e-03
14 2 2.495460e-03
14 3 3.981370e-03
14 4 5.964000e-03
14 5 9.520010e-03
14 6 1.534530e-02
14 7 2.509720e-02
14 8 4.204600e-02
14 9 7.139730e-02
14 10 1.249810e-01
14 11 2.211890e-01
14 12 3.966660e-01
14 13 7.173730e-01
14 14 1.152290e+00
14 15 1.174330e+00
14 16 9.859370e-01
14 17 7.297470e-01
14 18 4.584030e-01
14 19 2.322060e-01
14 20 8.908250e-02
14 21 2.378870e-02
14 22 3.994160e-03
14 23 3.702280e-04
14 24 1.709790e-05
14 25 3.198410e-07
14 26 0.000000e+00
14 27 0.000000e+00
14 28 0.000000e+00
14 29 0.000000e+00
14 30 0.000000e+00
14 31 0.000000e+00
14 32 0.000000e+00
14 33 0.000000e+00
14 34 0.000000e+00
14 35 0.000000e+00
14 36 0.000000e+00
14 37 0.000000e+00
14 38 0.000000e+00
14 39 0.000000e+00
14 40 0.000000e+00
15 1 2.374030e-03
15 2 1.140750e-03
15 3 1.839540e-03
15 4 2.791230e-03
15 5 4.524050e-03
15 6 7.427110e-03
15 7 1.240760e-02
15 8 2.128900e-02
15 9 3.705180e-02
15 10 6.631750e-02
15 11 1.203500e-01
15 12 2.221700e-01
15 13 4.148870e-01
15 14 7.830670e-01
15 15 1.281930e+00
15 16 1.263260e+00
15 17 9.893170e-01
15 18 6.653240e-01
15 19 3.654750e-01
15 20 1.542340e-01
15 21 4.605190e-02
15 22 8.797620e-03
15 23 9.455500e-04
15 24 5.002700e-05
15 25 3.052650e-06
15 26 5.910500e-07
15 27 1.307460e-07
15 28 0.000000e+00
15 29 0.000000e+00
15 30 0.000000e+00
15 31 0.000000e+00
15 32 0.000000e+00
15 33 0.000000e+00
15 34 0.000000e+00
15 35 0.000000e+00
15 36 0.000000e+00
15 37 0.000000e+00
15 38 0.000000e+00
15 39 0.000000e+00
15 40 0.000000e+00
16 1 9.076400e-04
16 2 4.436280e-04
16 3 7.223390e-04
16 4 1.109920e-03
16 5 1.828080e-03
16 6 3.063170e-03
16 7 5.253080e-03
16 8 9.295920e-03
16 9 1.670690e-02
16 10 3.090340e-02
16 11 5.803840e-02
16 12 1.112820e-01
16 13 2.168950e-01
16 14 4.289030e-01
16 15 8.491790e-01
16 16 1.431380e+00
16 17 1.352160e+00
16 18 9.762610e-01
16 19 5.847590e-01
16 20 2.738240e-01
16 21 9.252420e-02
16 22 2.045820e-02
16 23 2.610300e-03
16 24 1.649020e-04
16 25 6.717310e-06
16 26 1.301410e-06
16 27 3.005680e-07
16 28 0.000000e+00
16 29 0.000000e+00
16 30 0.000000e+00
16 31 0.000000e+00
16 32 0.000000e+00
16 33 0.000000e+00
16 34 0.000000e+00
16 35 0.000000e+00
16 36 0.000000e+00
16 37 0.000000e+00
16 38 0.000000e+00
16 39 0.000000e+00
16 40 0.000000e+00
17 1 3.059680e-04
17 2 1.554510e-04
17 3 2.573700e-04
17 4 4.028220e-04
17 5 6.768990e-04
17 6 1.159450e-03
17 7 2.036120e-03
17 8 3.696770e-03
17 9 6.833120e-03
17 10 1.302610e-02
17 11 2.527230e-02
17 12 5.023110e-02
17 13 1.020000e-01
17 14 2.112720e-01
17 15 4.403030e-01
17 16 9.192800e-01
17 17 1.588650e+00
17 18 1.433970e+00
17 19 9.438160e-01
17 20 4.949120e-01
17 21 1.910260e-01
17 22 4.927280e-02
17 23 7.495170e-03
17 24 5.757640e-04
17 25 2.040510e-05
17 26 3.369100e-07
17 27 7.703950e-09
17 28 0.000000e+00
17 29 0.000000e+00
17 30 0.000000e+00
17 31 0.000000e+00
17 32 0.000000e+00
17 33 0.000000e+00
17 34 0.000000e+00
17 35 0.000000e+00
17 36 0.000000e+00
17 37 0.000000e+00
17 38 0.000000e+00
17 39 0.000000e+00
17 40 0.000000e+00
18 1 7.751330e-05
18 2 4.087800e-05
18 3 6.860500e-05
18 4 1.092430e-04
18 5 1.875860e-04
18 6 3.301920e-04
18 7 5.998370e-04
18 8 1.137120e-03
18 9 2.210890e-03
18 10 4.440470e-03
18 11 9.062800e-03
18 12 1.891310e-02
18 13 4.039910e-02
18 14 8.873760e-02
18 15 1.977520e-01
18 16 4.442510e-01
18 17 9.897570e-01
18 18 1.766970e+00
18 19 1.511000e+00
18 20 8.919510e-01
18 21 3.975540e-01
18 22 1.217960e-01
18 23 2.270160e-02
18 24 2.210070e-03
18 25 9.364470e-05
18 26 1.878830e-06
18 27 2.932800e-08
18 28 0.000000e+00
18 29 0.000000e+00
18 30 0.000000e+00
18 31 0.000000e+00
18 32 0.000000e+00
18 33 0.000000e+00
18 34 0.000000e+00
18 35 0.000000e+00
18 36 0.000000e+00
18 37 0.000000e+00
18 38 0.000000e+00
18 39 0.000000e+00
18 40 0.000000e+00
19 1 1.557760e-05
19 2 8.337210e-06
19 3 1.395040e-05
19 4 2.222130e-05
19 5 3.838690e-05
19 6 6.858790e-05
19 7 1.281550e-04
19 8 2.545430e-04
19 9 5.323630e-04
19 10 1.169880e-03
19 11 2.605440e-03
19 12 5.863600e-03
19 13 1.331690e-02
19 14 3.080160e-02
19 15 7.310640e-02
19 16 1.784610e-01
19 17 4.379300e-01
19 18 1.058110e+00
19 19 1.966500e+00
19 20 1.582980e+00
19 21 8.176210e-01
19 22 3.002210e-01
19 23 6.986800e-02
19 24 8.943610e-03
19 25 5.276300e-04
19 26 1.288480e-05
19 27 2.059550e-07
19 28 4.476200e-10
19 29 0.000000e+00
19 30 0.000000e+00
19 31 0.000000e+00
19 32 0.000000e+00
19 33 0.000000e+00
19 34 0.000000e+00
19 35 0.000000e+00
19 36 0.000000e+00
19 37 0.000000e+00
19 38 0.000000e+00
19 39 0.000000e+00
19 40 0.000000e+00
20 1 2.674380e-06
20 2 1.495350e-06
20 3 2.460640e-06
20 4 3.891140e-06
20 5 6.703680e-06
20 6 1.203540e-05
20 7 2.265120e-05
20 8 4.523300e-05
20 9 9.498830e-05
20 10 2.132920e-04
20 11 5.034770e-04
20 12 1.240200e-03
20 13 3.160390e-03
20 14 8.359870e-03
20 15 2.204010e-02
20 16 5.857490e-02
20 17 1.588280e-01
20 18 4.302380e-01
20 19 1.130530e+00
20 20 2.176710e+00
20 21 1.632930e+00
20 22 7.292310e-01
20 23 2.138040e-01
20 24 3.552770e-02
20 25 2.776100e-03
20 26 8.204710e-05
20 27 1.444100e-06
20 28 2.075830e-08
20 29 0.000000e+00
20 30 0.000000e+00
20 31 0.000000e+00
20 32 0.000000e+00
20 33 0.000000e+00
20 34 0.000000e+00
20 35 0.000000e+00
20 36 0.000000e+00
20 37 0.000000e+00
20 38 0.000000e+00
20 39 0.000000e+00
20 40 0.000000e+00
21 1 3.921800e-07
21 2 2.244980e-07
21 3 3.714290e-07
21 4 5.681860e-07
21 5 9.138310e-07
21 6 1.533270e-06
21 7 2.812140e-06
21 8 5.753300e-06
21 9 1.283540e-05
21 10 3.112500e-05
21 11 8.012070e-05
21 12 2.159220e-04
21 13 5.951280e-04
21 14 1.663110e-03
21 15 4.770180e-03
21 16 1.431310e-02
21 17 4.413730e-02
21 18 1.368550e-01
21 19 4.150890e-01
21 20 1.199160e+00
21 21 2.406100e+00
21 22 1.673780e+00
21 23 6.278380e-01
21 24 1.401850e-01
21 25 1.550320e-02
21 26 6.721290e-04
21 27 9.871670e-06
21 28 3.354550e-07
21 29 0.000000e+00
21 30 0.000000e+00
21 31 0.000000e+00
21 32 0.000000e+00
21 33 0.000000e+00
21 34 0.000000e+00
21 35 0.000000e+00
21 36 0.000000e+00
21 37 0.000000e+00
21 38 0.000000e+00
21 39 0.000000e+00
21 40 0.000000e+00
22 1 1.153240e-07
22 2 6.601560e-08
22 3 1.092220e-07
22 4 1.670800e-07
22 5 2.677160e-07
22 6 4.252950e-07
22 7 6.726280e-07
22 8 1.072690e-06
22 9 1.764560e-06
22 10 3.355540e-06
22 11 7.973770e-06
22 12 2.303740e-05
22 13 7.169390e-05
22 14 2.233880e-04
22 15 7.095060e-04
22 16 2.384370e-03
22 17 8.437810e-03
22 18 3.070540e-02
22 19 1.113840e-01
22 20 3.898920e-01
22 21 1.265270e+00
22 22 2.667260e+00
22 23 1.698030e+00
22 24 5.186460e-01
22 25 8.386390e-02
22 26 5.710520e-03
22 27 1.239110e-04
22 28 2.447940e-06
22 29 0.000000e+00
22 30 0.000000e+00
22 31 0.000000e+00
22 32 0.000000e+00
22 33 0.000000e+00
22 34 0.000000e+00
22 35 0.000000e+00
22 36 0.000000e+00
22 37 0.000000e+00
22 38 0.000000e+00
22 39 0.000000e+00
22 40 0.000000e+00
23 1 4.256290e-08
23 2 2.436460e-08
23 3 4.031090e-08
23 4 6.166470e-08
23 5 9.880670e-08
23 6 1.569650e-07
23 7 2.482490e-07
23 8 3.945300e-07
23 9 6.227200e-07
23 10 9.925910e-07
23 11 1.611660e-06
23 12 2.904810e-06
23 13 7.149890e-06
23 14 2.365040e-05
23 15 8.356830e-05
23 16 3.027860e-04
23 17 1.151380e-03
23 18 4.678930e-03
23 19 2.000020e-02
23 20 8.632490e-02
23 21 3.559940e-01
23 22 1.327530e+00
23 23 2.964750e+00
23 24 1.705670e+00
23 25 4.091640e-01
23 26 4.529240e-02
23 27 1.755490e-03
23 28 1.854680e-05
23 29 0.000000e+00
23 30 0.000000e+00
23 31 0.000000e+00
23 32 0.000000e+00
23 33 0.000000e+00
23 34 0.000000e+00
23 35 0.000000e+00
23 36 0.000000e+00
23 37 0.000000e+00
23 38 0.000000e+00
23 39 0.000000e+00
23 40 0.000000e+00
24 1 1.141970e-08
24 2 6.537080e-09
24 3 1.081550e-08
24 4 1.654480e-08
24 5 2.651010e-08
24 6 4.211410e-08
24 7 6.660580e-08
24 8 1.058540e-07
24 9 1.670770e-07
24 10 2.658310e-07
24 11 4.208540e-07
24 12 6.679790e-07
24 13 1.092590e-06
24 14 2.102600e-06
24 15 5.566980e-06
24 16 2.023040e-05
24 17 8.669400e-05
24 18 4.138570e-04
24 19 2.137070e-03
24 20 1.165570e-02
24 21 6.319840e-02
24 22 3.186900e-01
24 23 1.391820e+00
24 24 3.299180e+00
24 25 1.697870e+00
24 26 3.083760e-01
24 27 2.168680e-02
24 28 4.158530e-04
24 29 2.803720e-06
24 30 0.000000e+00
24 31 0.000000e+00
24 32 0.000000e+00
24 33 0.000000e+00
24 34 0.000000e+00
24 35 0.000000e+00
24 36 0.000000e+00
24 37 0.000000e+00
24 38 0.000000e+00
24 39 0.000000e+00
24 40 0.000000e+00
25 1 6.141820e-09
25 2 3.515800e-09
25 3 5.816860e-09
25 4 8.898210e-09
25 5 1.425780e-08
25 6 2.265000e-08
25 7 3.582230e-08
25 8 5.693060e-08
25 9 8.985840e-08
25 10 1.429700e-07
25 11 2.263460e-07
25 12 3.586770e-07
25 13 5.678360e-07
25 14 9.015250e-07
25 15 1.455360e-06
25 16 2.652890e-06
25 17 6.204030e-06
25 18 2.282800e-05
25 19 1.247250e-04
25 20 8.374830e-04
25 21 6.063570e-03
25 22 4.327410e-02
25 23 2.773350e-01
25 24 1.456730e+00
25 25 3.691470e+00
25 26 1.678090e+00
25 27 2.205830e-01
25 28 9.045550e-03
25 29 7.665260e-05
25 30 1.512100e-06
25 31 8.726100e-11
25 32 0.000000e+00
25 33 0.000000e+00
25 34 0.000000e+00
25 35 0.000000e+00
25 36 0.000000e+00
25 37 0.000000e+00
25 38 0.000000e+00
25 39 0.000000e+00
25 40 0.000000e+00
26 1 3.091720e-09
26 2 1.769810e-09
26 3 2.928140e-09
26 4 4.479260e-09
26 5 7.177210e-09
26 6 1.140180e-08
26 7 1.803250e-08
26 8 2.865820e-08
26 9 4.523370e-08
26 10 7.196960e-08
26 11 1.139400e-07
26 12 1.805540e-07
26 13 2.858420e-07
26 14 4.537720e-07
26 15 7.182270e-07
26 16 1.151950e-06
26 17 2.177310e-06
26 18 5.446130e-06
26 19 1.807940e-05
26 20 7.965310e-05
26 21 4.683340e-04
26 22 3.452980e-03
26 23 2.895160e-02
26 24 2.335430e-01
26 25 1.519220e+00
26 26 4.180090e+00
26 27 1.650220e+00
26 28 1.491020e-01
26 29 3.406440e-03
26 30 1.344960e-05
26 31 1.367740e-08
26 32 0.000000e+00
26 33 0.000000e+00
26 34 0.000000e+00
26 35 0.000000e+00
26 36 0.000000e+00
26 37 0.000000e+00
26 38 0.000000e+00
26 39 0.000000e+00
26 40 0.000000e+00
27 1 1.557820e-09
27 2 8.917500e-10
27 3 1.475390e-09
27 4 2.256950e-09
27 5 3.616360e-09
27 6 5.744960e-09
27 7 9.085980e-09
27 8 1.443990e-08
27 9 2.279170e-08
27 10 3.626310e-08
27 11 5.741050e-08
27 12 9.097500e-08
27 13 1.440260e-07
27 14 2.286410e-07
27 15 3.618910e-07
27 16 5.740370e-07
27 17 9.098670e-07
27 18 1.444000e-06
27 19 2.304010e-06
27 20 3.874130e-06
27 21 1.036140e-05
27 22 9.311730e-05
27 23 1.241470e-03
27 24 1.678540e-02
27 25 1.936450e-01
27 26 1.611330e+00
27 27 4.787400e+00
27 28 1.637140e+00
27 29 9.586550e-02
27 30 1.023800e-03
27 31 1.868960e-06
27 32 4.136840e-09
27 33 0.000000e+00
27 34 0.000000e+00
27 35 0.000000e+00
27 36 0.000000e+00
27 37 0.000000e+00
27 38 0.000000e+00
27 39 0.000000e+00
27 40 0.000000e+00
28 1 9.157600e-10
28 2 5.242100e-10
28 3 8.673100e-10
28 4 1.326740e-09
28 5 2.125870e-09
28 6 3.377170e-09
28 7 5.341180e-09
28 8 8.488480e-09
28 9 1.339810e-08
28 10 2.131720e-08
28 11 3.374860e-08
28 12 5.347950e-08
28 13 8.466560e-08
28 14 1.344060e-07
28 15 2.127370e-07
28 16 3.374470e-07
28 17 5.348150e-07
28 18 8.477250e-07
28 19 1.344180e-06
28 20 2.142670e-06
28 21 3.451180e-06
28 22 6.166640e-06
28 23 3.021430e-05
28 24 4.831250e-04
28 25 9.397250e-03
28 26 1.563270e-01
28 27 1.733210e+00
28 28 5.641420e+00
28 29 1.651570e+00
28 30 5.872570e-02
28 31 2.670010e-04
28 32 4.437420e-07
28 33 0.000000e+00
28 34 0.000000e+00
28 35 0.000000e+00
28 36 0.000000e+00
28 37 0.000000e+00
28 38 0.000000e+00
28 39 0.000000e+00
28 40 0.000000e+00
29 1 4.135500e-10
29 2 2.367300e-10
29 3 3.916700e-10
29 4 5.991400e-10
29 5 9.600200e-10
29 6 1.525090e-09
29 7 2.412020e-09
29 8 3.833300e-09
29 9 6.050430e-09
29 10 9.626600e-09
29 11 1.524050e-08
29 12 2.415080e-08
29 13 3.823410e-08
29 14 6.069620e-08
29 15 9.606960e-08
29 16 1.523870e-07
29 17 2.415170e-07
29 18 3.828080e-07
29 19 6.062840e-07
29 20 9.614190e-07
29 21 1.524470e-06
29 22 2.452530e-06
29 23 4.418190e-06
29 24 1.769570e-05
29 25 2.521630e-04
29 26 5.642910e-03
29 27 1.268810e-01
29 28 1.918320e+00
29 29 6.963990e+00
29 30 1.730330e+00
29 31 3.513680e-02
29 32 5.596340e-05
29 33 2.638550e-08
29 34 0.000000e+00
29 35 0.000000e+00
29 36 0.000000e+00
29 37 0.000000e+00
29 38 0.000000e+00
29 39 0.000000e+00
29 40 0.000000e+00
30 1 2.804600e-10
30 2 1.605500e-10
30 3 2.656200e-10
30 4 4.063300e-10
30 5 6.510700e-10
30 6 1.034300e-09
30 7 1.635800e-09
30 8 2.599700e-09
30 9 4.103330e-09
30 10 6.528650e-09
30 11 1.033590e-08
30 12 1.637880e-08
30 13 2.592990e-08
30 14 4.116340e-08
30 15 6.515330e-08
30 16 1.033470e-07
30 17 1.637940e-07
30 18 2.596160e-07
30 19 4.111740e-07
30 20 6.521170e-07
30 21 1.034750e-06
30 22 1.647840e-06
30 23 2.636540e-06
30 24 4.242240e-06
30 25 7.061210e-06
30 26 3.906000e-05
30 27 2.152770e-03
30 28 1.018280e-01
30 29 2.279220e+00
30 30 9.241460e+00
30 31 1.969330e+00
30 32 2.042860e-02
30 33 1.208390e-05
30 34 0.000000e+00
30 35 0.000000e+00
30 36 0.000000e+00
30 37 0.000000e+00
30 38 0.000000e+00
30 39 0.000000e+00
30 40 0.000000e+00
31 1 2.234800e-10
31 2 1.279300e-10
31 3 2.116500e-10
31 4 3.237700e-10
31 5 5.187900e-10
31 6 8.241500e-10
31 7 1.303440e-09
31 8 2.071500e-09
31 9 3.269620e-09
31 10 5.202170e-09
31 11 8.235900e-09
31 12 1.305100e-08
31 13 2.066150e-08
31 14 3.279990e-08
31 15 5.191560e-08
31 16 8.234920e-08
31 17 1.305140e-07
31 18 2.068680e-07
31 19 3.276330e-07
31 20 5.195460e-07
31 21 8.233190e-07
31 22 1.307780e-06
31 23 2.090660e-06
31 24 3.380010e-06
31 25 5.521480e-06
31 26 9.044930e-06
31 27 1.934870e-05
31 28 9.913290e-04
31 29 8.541410e-02
31 30 2.986020e+00
31 31 1.387980e+01
31 32 2.554870e+00
31 33 1.196670e-02
31 34 2.759670e-06
31 35 0.000000e+00
31 36 0.000000e+00
31 37 0.000000e+00
31 38 0.000000e+00
31 39 0.000000e+00
31 40 0.000000e+00
32 1 8.261200e-11
32 2 4.729000e-11
32 3 7.824100e-11
32 4 1.196900e-10
32 5 1.917800e-10
32 6 3.046600e-10
32 7 4.818400e-10
32 8 7.657600e-10
32 9 1.208660e-09
32 10 1.923060e-09
32 11 3.044520e-09
32 12 4.824480e-09
32 13 7.637830e-09
32 14 1.212500e-08
32 15 1.919140e-08
32 16 3.044160e-08
32 17 4.824660e-08
32 18 7.647170e-08
32 19 1.211140e-07
32 20 1.920580e-07
32 21 3.043210e-07
32 22 4.823680e-07
32 23 7.616760e-07
32 24 1.185350e-06
32 25 1.834300e-06
32 26 2.948260e-06
32 27 4.932990e-06
32 28 1.067260e-05
32 29 4.490990e-04
32 30 7.710060e-02
32 31 4.421910e+00
32 32 2.330550e+01
32 33 3.597870e+00
32 34 6.486110e-03
32 35 5.842940e-06
32 36 0.000000e+00
32 37 0.000000e+00
32 38 0.000000e+00
32 39 0.000000e+00
32 40 0.000000e+00
33 1 3.131100e-10
33 2 1.792300e-10
33 3 2.965400e-10
33 4 4.536200e-10
33 5 7.268500e-10
33 6 1.154680e-09
33 7 1.826190e-09
33 8 2.902280e-09
33 9 4.580910e-09
33 10 7.288520e-09
33 11 1.153890e-08
33 12 1.828510e-08
33 13 2.894790e-08
33 14 4.595450e-08
33 15 7.273650e-08
33 16 1.153760e-07
33 17 1.828580e-07
33 18 2.898330e-07
33 19 4.590310e-07
33 20 7.279120e-07
33 21 1.153400e-06
33 22 1.828380e-06
33 23 2.897800e-06
33 24 4.594270e-06
33 25 7.287450e-06
33 26 1.150040e-05
33 27 1.798390e-05
33 28 2.799780e-05
33 29 4.365870e-05
33 30 1.971730e-04
33 31 6.380410e-02
33 32 6.318870e+00
33 33 3.319800e+01
33 34 3.714110e+00
33 35 2.071400e-03
33 36 1.039370e-08
33 37 0.000000e+00
33 38 0.000000e+00
33 39 0.000000e+00
33 40 0.000000e+00
34 1 1.868500e-10
34 2 1.069600e-10
34 3 1.769700e-10
34 4 2.707100e-10
34 5 4.337700e-10
34 6 6.890800e-10
34 7 1.089830e-09
34 8 1.732010e-09
34 9 2.733780e-09
34 10 4.349610e-09
34 11 6.886150e-09
34 12 1.091210e-08
34 13 1.727540e-08
34 14 2.742450e-08
34 15 4.340740e-08
34 16 6.885340e-08
34 17 1.091250e-07
34 18 1.729650e-07
34 19 2.739390e-07
34 20 4.344000e-07
34 21 6.883190e-07
34 22 1.091130e-06
34 23 1.729320e-06
34 24 2.740450e-06
34 25 4.343880e-06
34 26 6.894640e-06
34 27 1.099320e-05
34 28 1.760200e-05
34 29 2.818800e-05
34 30 4.505450e-05
34 31 8.566830e-05
34 32 3.031650e-02
34 33 5.541390e+00
34 34 2.630860e+01
34 35 1.983570e+00
34 36 2.613460e-04
34 37 1.601010e-09
34 38 0.000000e+00
34 39 0.000000e+00
34 40 0.000000e+00
35 1 1.131800e-10
35 2 6.478600e-11
35 3 1.071900e-10
35 4 1.639700e-10
35 5 2.627300e-10
35 6 4.173700e-10
35 7 6.601000e-10
35 8 1.049060e-09
35 9 1.655820e-09
35 10 2.634520e-09
35 11 4.170880e-09
35 12 6.609350e-09
35 13 1.046350e-08
35 14 1.661080e-08
35 15 2.629140e-08
35 16 4.170380e-08
35 17 6.609590e-08
35 18 1.047630e-07
35 19 1.659220e-07
35 20 2.631120e-07
35 21 4.169080e-07
35 22 6.608880e-07
35 23 1.047430e-06
35 24 1.659860e-06
35 25 2.630520e-06
35 26 4.166330e-06
35 27 6.596130e-06
35 28 1.044380e-05
35 29 1.653930e-05
35 30 2.619660e-05
35 31 4.149930e-05
35 32 6.574410e-05
35 33 6.963210e-03
35 34 2.954540e+00
35 35 1.484760e+01
35 36 9.178480e-01
35 37 2.489010e-05
35 38 0.000000e+00
35 39 0.000000e+00
35 40 0.000000e+00
36 1 2.815000e-11
36 2 1.611400e-11
36 3 2.666100e-11
36 4 4.078400e-11
36 5 6.534900e-11
36 6 1.038100e-10
36 7 1.641900e-10
36 8 2.609400e-10
36 9 4.118600e-10
36 10 6.552900e-10
36 11 1.037430e-09
36 12 1.643950e-09
36 13 2.602610e-09
36 14 4.131620e-09
36 15 6.539510e-09
36 16 1.037310e-08
36 17 1.644020e-08
36 18 2.605800e-08
36 19 4.127010e-08
36 20 6.544430e-08
36 21 1.036980e-07
36 22 1.643840e-07
36 23 2.605300e-07
36 24 4.128610e-07
36 25 6.543770e-07
36 26 1.037150e-06
36 27 1.645200e-06
36 28 2.615500e-06
36 29 4.167940e-06
36 30 6.645960e-06
36 31 1.058810e-05
36 32 1.684910e-05
36 33 2.679140e-05
36 34 1.549150e-03
36 35 1.663650e+00
36 36 9.584470e+00
36 37 5.115640e-01
36 38 2.758280e-06
36 39 0.000000e+00
36 40 0.000000e+00
37 1 1.833200e-11
37 2 1.049400e-11
37 3 1.736200e-11
37 4 2.655900e-11
37 5 4.255500e-11
37 6 6.760400e-11
37 7 1.069200e-10
37 8 1.699200e-10
37 9 2.682000e-10
37 10 4.267200e-10
37 11 6.755800e-10
37 12 1.070550e-09
37 13 1.694830e-09
37 14 2.690520e-09
37 15 4.258540e-09
37 16 6.754960e-09
37 17 1.070590e-08
37 18 1.696900e-08
37 19 2.687510e-08
37 20 4.261750e-08
37 21 6.752850e-08
37 22 1.070470e-07
37 23 1.696570e-07
37 24 2.688560e-07
37 25 4.261310e-07
37 26 6.753690e-07
37 27 1.070240e-06
37 28 1.693950e-06
37 29 2.673370e-06
37 30 4.207240e-06
37 31 6.607960e-06
37 32 1.037500e-05
37 33 1.631410e-05
37 34 2.569330e-05
37 35 3.862330e-04
37 36 1.116090e+00
37 37 7.259490e+00
37 38 3.248520e-01
37 39 2.471330e-07
37 40 0.000000e+00
38 1 1.092000e-11
38 2 6.251200e-12
38 3 1.034300e-11
38 4 1.582100e-11
38 5 2.535100e-11
38 6 4.027200e-11
38 7 6.369300e-11
38 8 1.012200e-10
38 9 1.597700e-10
38 10 2.542100e-10
38 11 4.024500e-10
38 12 6.377400e-10
38 13 1.009630e-09
38 14 1.602780e-09
38 15 2.536870e-09
38 16 4.024020e-09
38 17 6.377620e-09
38 18 1.010870e-08
38 19 1.600990e-08
38 20 2.538780e-08
38 21 4.022760e-08
38 22 6.376930e-08
38 23 1.010670e-07
38 24 1.601610e-07
38 25 2.538520e-07
38 26 4.023260e-07
38 27 6.376380e-07
38 28 1.011060e-06
38 29 1.608370e-06
38 30 2.575940e-06
38 31 4.159250e-06
38 32 6.757170e-06
38 33 1.098620e-05
38 34 1.778920e-05
38 35 2.866910e-05
38 36 1.144600e-04
38 37 8.291220e-01
38 38 6.017920e+00
38 39 2.272320e-01
38 40 1.176310e-08
39 1 3.820900e-12
39 2 2.187200e-12
39 3 3.618700e-12
39 4 5.535700e-12
39 5 8.869900e-12
39 6 1.409100e-11
39 7 2.228500e-11
39 8 3.541700e-11
39 9 5.590200e-11
39 10 8.894300e-11
39 11 1.408100e-10
39 12 2.231400e-10
39 13 3.532600e-10
39 14 5.607900e-10
39 15 8.876200e-10
39 16 1.407950e-09
39 17 2.231450e-09
39 18 3.536890e-09
39 19 5.601650e-09
39 20 8.882860e-09
39 21 1.407510e-08
39 22 2.231210e-08
39 23 3.536210e-08
39 24 5.603830e-08
39 25 8.881960e-08
39 26 1.407690e-07
39 27 2.231020e-07
39 28 3.535910e-07
39 29 5.605850e-07
39 30 8.910850e-07
39 31 1.424550e-06
39 32 2.293250e-06
39 33 3.712370e-06
39 34 6.015290e-06
39 35 9.714400e-06
39 36 1.562470e-05
39 37 3.933410e-05
39 38 6.896650e-01
39 39 5.451560e+00
39 40 1.674180e-01
40 1 2.628900e-12
40 2 1.504900e-12
40 3 2.489800e-12
40 4 3.808700e-12
40 5 6.102700e-12
40 6 9.694800e-12
40 7 1.533300e-11
40 8 2.436800e-11
40 9 3.846200e-11
40 10 6.119500e-11
40 11 9.688200e-11
40 12 1.535200e-10
40 13 2.430500e-10
40 14 3.858400e-10
40 15 6.107000e-10
40 16 9.687100e-10
40 17 1.535290e-09
40 18 2.433460e-09
40 19 3.854070e-09
40 20 6.111620e-09
40 21 9.684030e-09
40 22 1.535130e-08
40 23 2.433000e-08
40 24 3.855570e-08
40 25 6.111000e-08
40 26 9.685230e-08
40 27 1.534990e-07
40 28 2.432790e-07
40 29 3.855690e-07
40 30 6.110810e-07
40 31 9.686620e-07
40 32 1.536040e-06
40 33 2.436230e-06
40 34 3.862990e-06
40 35 6.124150e-06
40 36 9.708240e-06
40 37 1.538930e-05
40 38 2.619490e-05
40 39 6.004500e-01
40 40 5.240820e+00
