1 2.840300e+04
2 2.534890e+04
3 2.258840e+04
4 2.013180e+04
5 1.796400e+04
6 1.602300e+04
7 1.429350e+04
8 1.275380e+04
9 1.138190e+04
10 1.016250e+04
11 9.079600e+03
12 8.117690e+03
13 7.262250e+03
14 6.504740e+03
15 5.832750e+03
16 5.238990e+03
17 4.714930e+03
18 4.255160e+03
19 3.852380e+03
20 3.503730e+03
21 3.203550e+03
22 2.949410e+03
23 2.738860e+03
24 2.573870e+03
25 2.456680e+03
26 2.394250e+03
27 2.402410e+03
28 2.508770e+03
29 2.769300e+03
30 3.308030e+03
31 4.374880e+03
32 6.025000e+03
33 6.593830e+03
34 4.094890e+03
35 1.561380e+03
36 5.713910e+02
37 2.295980e+02
38 9.756190e+01
39 4.578960e+01
40 2.243190e+01
