1 2.830270e+04
2 2.525910e+04
3 2.250820e+04
4 2.006010e+04
5 1.789970e+04
6 1.596540e+04
7 1.424190e+04
8 1.270760e+04
9 1.134040e+04
10 1.012530e+04
11 9.046180e+03
12 8.087670e+03
13 7.235260e+03
14 6.480400e+03
15 5.810710e+03
16 5.218870e+03
17 4.696430e+03
18 4.238040e+03
19 3.836550e+03
20 3.489150e+03
21 3.190020e+03
22 2.936470e+03
23 2.726090e+03
24 2.560970e+03
25 2.443130e+03
26 2.379420e+03
27 2.385310e+03
28 2.487710e+03
29 2.740980e+03
30 3.265760e+03
31 4.321700e+03
32 6.024590e+03
33 6.696010e+03
34 4.109350e+03
35 1.541960e+03
36 5.664220e+02
37 2.283890e+02
38 9.714370e+01
39 4.569530e+01
40 2.239790e+01
