1 1 4.576130e-01
1 2 1.697780e-01
1 3 2.263140e-01
1 4 2.724440e-01
1 5 3.418830e-01
1 6 4.228580e-01
1 7 5.180990e-01
1 8 6.337350e-01
1 9 7.639110e-01
1 10 9.186910e-01
1 11 1.085060e+00
1 12 1.262430e+00
1 13 1.438120e+00
1 14 1.601310e+00
1 15 1.721670e+00
1 16 1.782320e+00
1 17 1.751550e+00
1 18 1.615050e+00
1 19 1.373770e+00
1 20 1.058240e+00
1 21 7.182170e-01
1 22 4.165160e-01
1 23 1.982440e-01
1 24 7.375830e-02
1 25 2.019060e-02
1 26 3.771050e-03
1 27 4.378630e-04
1 28 2.917710e-05
1 29 1.659750e-06
1 30 9.951250e-08
1 31 0.000000e+00
1 32 0.000000e+00
1 33 0.000000e+00
1 34 0.000000e+00
1 35 0.000000e+00
1 36 0.000000e+00
1 37 0.000000e+00
1 38 0.000000e+00
1 39 0.000000e+00
1 40 0.000000e+00
2 1 3.666390e-01
2 2 1.456960e-01
2 3 1.999440e-01
2 4 2.445610e-01
2 5 3.074700e-01
2 6 3.803450e-01
2 7 4.660640e-01
2 8 5.701670e-01
2 9 6.874230e-01
2 10 8.269230e-01
2 11 9.769650e-01
2 12 1.137100e+00
2 13 1.296000e+00
2 14 1.443860e+00
2 15 1.553620e+00
2 16 1.609850e+00
2 17 1.583940e+00
2 18 1.462650e+00
2 19 1.246470e+00
2 20 9.623960e-01
2 21 6.550300e-01
2 22 3.812260e-01
2 23 1.822450e-01
2 24 6.817050e-02
2 25 1.878430e-02
2 26 3.536480e-03
2 27 4.145930e-04
2 28 2.801420e-05
2 29 1.602360e-06
2 30 9.683850e-08
2 31 0.000000e+00
2 32 0.000000e+00
2 33 0.000000e+00
2 34 0.000000e+00
2 35 0.000000e+00
2 36 0.000000e+00
2 37 0.000000e+00
2 38 0.000000e+00
2 39 0.000000e+00
2 40 0.000000e+00
3 1 2.893950e-01
3 2 1.206510e-01
3 3 1.716670e-01
3 4 2.170020e-01
3 5 2.764250e-01
3 6 3.422910e-01
3 7 4.194980e-01
3 8 5.132930e-01
3 9 6.190050e-01
3 10 7.448580e-01
3 11 8.803310e-01
3 12 1.025140e+00
3 13 1.169120e+00
3 14 1.303420e+00
3 15 1.403830e+00
3 16 1.456350e+00
3 17 1.435070e+00
3 18 1.327590e+00
3 19 1.133990e+00
3 20 8.780710e-01
3 21 5.997520e-01
3 22 3.505990e-01
3 23 1.685120e-01
3 24 6.345140e-02
3 25 1.762600e-02
3 26 3.350880e-03
3 27 3.974670e-04
3 28 2.726600e-05
3 29 1.572800e-06
3 30 9.596140e-08
3 31 0.000000e+00
3 32 0.000000e+00
3 33 0.000000e+00
3 34 0.000000e+00
3 35 0.000000e+00
3 36 0.000000e+00
3 37 0.000000e+00
3 38 0.000000e+00
3 39 0.000000e+00
3 40 0.000000e+00
4 1 2.231500e-01
4 2 9.580640e-02
4 3 1.415810e-01
4 4 1.870320e-01
4 5 2.467800e-01
4 6 3.087100e-01
4 7 3.785660e-01
4 8 4.633170e-01
4 9 5.588950e-01
4 10 6.727960e-01
4 11 7.955440e-01
4 12 9.269750e-01
4 13 1.057950e+00
4 14 1.180560e+00
4 15 1.272960e+00
4 16 1.322480e+00
4 17 1.305600e+00
4 18 1.210570e+00
4 19 1.036940e+00
4 20 8.057810e-01
4 21 5.527660e-01
4 22 3.248850e-01
4 23 1.571850e-01
4 24 5.966290e-02
4 25 1.673600e-02
4 26 3.219060e-03
4 27 3.871970e-04
4 28 2.698530e-05
4 29 1.575120e-06
4 30 9.716130e-08
4 31 0.000000e+00
4 32 0.000000e+00
4 33 0.000000e+00
4 34 0.000000e+00
4 35 0.000000e+00
4 36 0.000000e+00
4 37 0.000000e+00
4 38 0.000000e+00
4 39 0.000000e+00
4 40 0.000000e+00
5 1 1.772120e-01
5 2 7.537190e-02
5 3 1.127030e-01
5 4 1.542130e-01
5 5 2.138210e-01
5 6 2.775840e-01
5 7 3.429400e-01
5 8 4.198900e-01
5 9 5.066910e-01
5 10 6.102350e-01
5 11 7.220010e-01
5 12 8.418800e-01
5 13 9.617230e-01
5 14 1.074400e+00
5 15 1.160100e+00
5 16 1.207260e+00
5 17 1.194640e+00
5 18 1.110760e+00
5 19 9.547210e-01
5 20 7.450650e-01
5 21 5.137980e-01
5 22 3.039410e-01
5 23 1.482150e-01
5 24 5.679720e-02
5 25 1.611620e-02
5 26 3.142540e-03
5 27 3.841790e-04
5 28 2.726560e-05
5 29 1.612600e-06
5 30 1.007010e-07
5 31 0.000000e+00
5 32 0.000000e+00
5 33 0.000000e+00
5 34 0.000000e+00
5 35 0.000000e+00
5 36 0.000000e+00
5 37 0.000000e+00
5 38 0.000000e+00
5 39 0.000000e+00
5 40 0.000000e+00
6 1 1.381160e-01
6 2 5.847120e-02
6 3 8.765710e-02
6 4 1.214940e-01
6 5 1.752770e-01
6 6 2.416310e-01
6 7 3.101940e-01
6 8 3.818210e-01
6 9 4.609790e-01
6 10 5.554690e-01
6 11 6.576780e-01
6 12 7.675620e-01
6 13 8.778360e-01
6 14 9.820550e-01
6 15 1.062180e+00
6 16 1.107630e+00
6 17 1.099200e+00
6 18 1.025490e+00
6 19 8.851550e-01
6 20 6.943560e-01
6 21 4.818940e-01
6 22 2.872940e-01
6 23 1.414380e-01
6 24 5.482500e-02
6 25 1.577130e-02
6 26 3.125790e-03
6 27 3.895560e-04
6 28 2.822770e-05
6 29 1.695770e-06
6 30 1.074060e-07
6 31 0.000000e+00
6 32 0.000000e+00
6 33 0.000000e+00
6 34 0.000000e+00
6 35 0.000000e+00
6 36 0.000000e+00
6 37 0.000000e+00
6 38 0.000000e+00
6 39 0.000000e+00
6 40 0.000000e+00
7 1 1.036530e-01
7 2 4.379880e-02
7 3 6.647650e-02
7 4 9.309360e-02
7 5 1.363010e-01
7 6 1.966600e-01
7 7 2.716470e-01
7 8 3.477730e-01
7 9 4.214130e-01
7 10 5.081210e-01
7 11 6.021470e-01
7 12 7.035350e-01
7 13 8.056850e-01
7 14 9.028780e-01
7 15 9.785570e-01
7 16 1.023080e+00
7 17 1.018600e+00
7 18 9.541940e-01
7 19 8.277750e-01
7 20 6.533630e-01
7 21 4.569120e-01
7 22 2.749290e-01
7 23 1.368880e-01
7 24 5.378470e-02
7 25 1.572410e-02
7 26 3.176640e-03
7 27 4.049060e-04
7 28 2.999030e-05
7 29 1.838380e-06
7 30 1.183490e-07
7 31 0.000000e+00
7 32 0.000000e+00
7 33 0.000000e+00
7 34 0.000000e+00
7 35 0.000000e+00
7 36 0.000000e+00
7 37 0.000000e+00
7 38 0.000000e+00
7 39 0.000000e+00
7 40 0.000000e+00
8 1 7.881210e-02
8 2 3.333520e-02
8 3 5.064950e-02
8 4 7.114170e-02
8 5 1.044490e-01
8 6 1.519220e-01
8 7 2.195770e-01
8 8 3.064990e-01
8 9 3.866910e-01
8 10 4.675510e-01
8 11 5.545890e-01
8 12 6.488520e-01
8 13 7.442700e-01
8 14 8.357800e-01
8 15 9.080980e-01
8 16 9.524110e-01
8 17 9.519320e-01
8 18 8.961180e-01
8 19 7.820760e-01
8 20 6.218550e-01
8 21 4.388250e-01
8 22 2.669600e-01
8 23 1.346940e-01
8 24 5.376820e-02
8 25 1.601820e-02
8 26 3.308590e-03
8 27 4.328060e-04
8 28 3.278840e-05
8 29 2.061270e-06
8 30 1.351990e-07
8 31 0.000000e+00
8 32 0.000000e+00
8 33 0.000000e+00
8 34 0.000000e+00
8 35 0.000000e+00
8 36 0.000000e+00
8 37 0.000000e+00
8 38 0.000000e+00
8 39 0.000000e+00
8 40 0.000000e+00
9 1 6.220810e-02
9 2 2.576720e-02
9 3 3.850150e-02
9 4 5.372560e-02
9 5 7.924910e-02
9 6 1.158080e-01
9 7 1.684800e-01
9 8 2.463650e-01
9 9 3.434100e-01
9 10 4.324270e-01
9 11 5.141690e-01
9 12 6.024850e-01
9 13 6.924570e-01
9 14 7.795170e-01
9 15 8.495840e-01
9 16 8.943980e-01
9 17 8.981140e-01
9 18 8.504850e-01
9 19 7.475960e-01
9 20 5.997080e-01
9 21 4.277100e-01
9 22 2.635790e-01
9 23 1.350660e-01
9 24 5.491480e-02
9 25 1.671590e-02
9 26 3.540550e-03
9 27 4.767550e-04
9 28 3.696660e-05
9 29 2.389660e-06
9 30 1.598660e-07
9 31 0.000000e+00
9 32 0.000000e+00
9 33 0.000000e+00
9 34 0.000000e+00
9 35 0.000000e+00
9 36 0.000000e+00
9 37 0.000000e+00
9 38 0.000000e+00
9 39 0.000000e+00
9 40 0.000000e+00
10 1 4.653450e-02
10 2 1.927180e-02
10 3 2.893900e-02
10 4 4.048940e-02
10 5 5.971750e-02
10 6 8.744880e-02
10 7 1.275000e-01
10 8 1.872220e-01
10 9 2.738910e-01
10 10 3.873600e-01
10 11 4.804330e-01
10 12 5.642900e-01
10 13 6.501090e-01
10 14 7.339810e-01
10 15 8.028470e-01
10 16 8.489390e-01
10 17 8.571480e-01
10 18 8.172900e-01
10 19 7.244630e-01
10 20 5.871160e-01
10 21 4.239540e-01
10 22 2.651860e-01
10 23 1.383340e-01
10 24 5.744460e-02
10 25 1.792440e-02
10 26 3.907540e-03
10 27 5.439810e-04
10 28 4.364310e-05
10 29 2.889720e-06
10 30 1.977250e-07
10 31 0.000000e+00
10 32 0.000000e+00
10 33 0.000000e+00
10 34 0.000000e+00
10 35 0.000000e+00
10 36 0.000000e+00
10 37 0.000000e+00
10 38 0.000000e+00
10 39 0.000000e+00
10 40 0.000000e+00
11 1 3.386530e-02
11 2 1.404060e-02
11 3 2.104970e-02
11 4 2.940870e-02
11 5 4.344930e-02
11 6 6.412520e-02
11 7 9.436320e-02
11 8 1.394870e-01
11 9 2.053900e-01
11 10 3.061530e-01
11 11 4.346810e-01
11 12 5.339650e-01
11 13 6.169660e-01
11 14 6.989380e-01
11 15 7.676890e-01
11 16 8.159070e-01
11 17 8.289640e-01
11 18 7.966830e-01
11 19 7.130080e-01
11 20 5.846250e-01
11 21 4.281830e-01
11 22 2.724220e-01
11 23 1.450350e-01
11 24 6.170200e-02
11 25 1.980770e-02
11 26 4.464000e-03
11 27 6.459280e-04
11 28 5.405540e-05
11 29 3.671680e-06
11 30 2.580780e-07
11 31 0.000000e+00
11 32 0.000000e+00
11 33 0.000000e+00
11 34 0.000000e+00
11 35 0.000000e+00
11 36 0.000000e+00
11 37 0.000000e+00
11 38 0.000000e+00
11 39 0.000000e+00
11 40 0.000000e+00
12 1 2.582950e-02
12 2 1.068930e-02
12 3 1.595640e-02
12 4 2.212440e-02
12 5 3.230660e-02
12 6 4.695260e-02
12 7 6.878530e-02
12 8 1.023790e-01
12 9 1.517290e-01
12 10 2.273400e-01
12 11 3.408280e-01
12 12 4.880430e-01
12 13 5.913050e-01
12 14 6.726220e-01
12 15 7.424480e-01
12 16 7.939070e-01
12 17 8.125890e-01
12 18 7.882040e-01
12 19 7.134030e-01
12 20 5.929760e-01
12 21 4.414950e-01
12 22 2.864350e-01
12 23 1.560740e-01
12 24 6.823390e-02
12 25 2.260880e-02
12 26 5.284450e-03
12 27 7.971570e-04
12 28 6.974510e-05
12 29 4.819910e-06
12 30 3.498970e-07
12 31 0.000000e+00
12 32 0.000000e+00
12 33 0.000000e+00
12 34 0.000000e+00
12 35 0.000000e+00
12 36 0.000000e+00
12 37 0.000000e+00
12 38 0.000000e+00
12 39 0.000000e+00
12 40 0.000000e+00
13 1 1.737150e-02
13 2 7.213500e-03
13 3 1.078560e-02
13 4 1.496730e-02
13 5 2.191930e-02
13 6 3.216650e-02
13 7 4.759180e-02
13 8 7.160240e-02
13 9 1.078410e-01
13 10 1.637700e-01
13 11 2.481110e-01
13 12 3.784580e-01
13 13 5.480840e-01
13 14 6.570830e-01
13 15 7.292090e-01
13 16 7.849230e-01
13 17 8.099250e-01
13 18 7.934090e-01
13 19 7.270170e-01
13 20 6.133650e-01
13 21 4.649820e-01
13 22 3.082920e-01
13 23 1.723870e-01
13 24 7.773060e-02
13 25 2.671120e-02
13 26 6.516630e-03
13 27 1.033650e-03
13 28 9.575220e-05
13 29 6.078190e-06
13 30 5.127170e-07
13 31 0.000000e+00
13 32 0.000000e+00
13 33 0.000000e+00
13 34 0.000000e+00
13 35 0.000000e+00
13 36 0.000000e+00
13 37 0.000000e+00
13 38 0.000000e+00
13 39 0.000000e+00
13 40 0.000000e+00
14 1 1.332510e-02
14 2 5.528020e-03
14 3 8.260790e-03
14 4 1.145590e-02
14 5 1.672470e-02
14 6 2.433800e-02
14 7 3.553770e-02
14 8 5.251870e-02
14 9 7.774850e-02
14 10 1.177140e-01
14 11 1.785980e-01
14 12 2.729670e-01
14 13 4.204290e-01
14 14 6.148350e-01
14 15 7.232300e-01
14 16 7.847820e-01
14 17 8.179760e-01
14 18 8.109760e-01
14 19 7.542360e-01
14 20 6.477510e-01
14 21 5.015920e-01
14 22 3.410440e-01
14 23 1.963900e-01
14 24 9.164040e-02
14 25 3.275420e-02
14 26 8.355980e-03
14 27 1.393770e-03
14 28 1.364320e-04
14 29 7.958590e-06
14 30 7.653480e-07
14 31 0.000000e+00
14 32 0.000000e+00
14 33 0.000000e+00
14 34 0.000000e+00
14 35 0.000000e+00
14 36 0.000000e+00
14 37 0.000000e+00
14 38 0.000000e+00
14 39 0.000000e+00
14 40 0.000000e+00
15 1 9.134530e-03
15 2 3.796790e-03
15 3 5.679930e-03
15 4 7.887300e-03
15 5 1.153060e-02
15 6 1.679000e-02
15 7 2.451470e-02
15 8 3.634450e-02
15 9 5.418440e-02
15 10 8.226360e-02
15 11 1.251720e-01
15 12 1.921360e-01
15 13 2.975290e-01
15 14 4.669980e-01
15 15 6.883970e-01
15 16 7.975560e-01
15 17 8.402990e-01
15 18 8.441810e-01
15 19 7.977700e-01
15 20 6.985850e-01
15 21 5.537020e-01
15 22 3.870530e-01
15 23 2.303030e-01
15 24 1.116600e-01
15 25 4.173300e-02
15 26 1.120920e-02
15 27 1.983400e-03
15 28 2.074360e-04
15 29 1.215520e-05
15 30 1.234210e-06
15 31 0.000000e+00
15 32 0.000000e+00
15 33 0.000000e+00
15 34 0.000000e+00
15 35 0.000000e+00
15 36 0.000000e+00
15 37 0.000000e+00
15 38 0.000000e+00
15 39 0.000000e+00
15 40 0.000000e+00
16 1 5.880370e-03
16 2 2.451170e-03
16 3 3.672390e-03
16 4 5.108790e-03
16 5 7.485480e-03
16 6 1.092910e-02
16 7 1.599610e-02
16 8 2.375630e-02
16 9 3.550540e-02
16 10 5.421960e-02
16 11 8.341320e-02
16 12 1.297160e-01
16 13 2.032450e-01
16 14 3.226240e-01
16 15 5.162600e-01
16 16 7.734010e-01
16 17 8.782680e-01
16 18 8.949370e-01
16 19 8.604180e-01
16 20 7.694970e-01
16 21 6.255690e-01
16 22 4.507790e-01
16 23 2.781010e-01
16 24 1.407050e-01
16 25 5.529520e-02
16 26 1.574590e-02
16 27 2.981460e-03
16 28 3.370410e-04
16 29 2.098400e-05
16 30 2.144800e-06
16 31 0.000000e+00
16 32 0.000000e+00
16 33 0.000000e+00
16 34 0.000000e+00
16 35 0.000000e+00
16 36 0.000000e+00
16 37 0.000000e+00
16 38 0.000000e+00
16 39 0.000000e+00
16 40 0.000000e+00
17 1 3.876960e-03
17 2 1.618820e-03
17 3 2.427350e-03
17 4 3.380560e-03
17 5 4.960170e-03
17 6 7.254410e-03
17 7 1.063960e-02
17 8 1.582140e-02
17 9 2.362410e-02
17 10 3.599630e-02
17 11 5.527330e-02
17 12 8.600300e-02
17 13 1.352870e-01
17 14 2.160990e-01
17 15 3.486990e-01
17 16 5.709000e-01
17 17 8.655120e-01
17 18 9.619950e-01
17 19 9.433210e-01
17 20 8.640090e-01
17 21 7.229140e-01
17 22 5.390760e-01
17 23 3.462990e-01
17 24 1.837020e-01
17 25 7.626830e-02
17 26 2.313600e-02
17 27 4.708120e-03
17 28 5.774880e-04
17 29 3.831170e-05
17 30 2.630810e-06
17 31 0.000000e+00
17 32 0.000000e+00
17 33 0.000000e+00
17 34 0.000000e+00
17 35 0.000000e+00
17 36 0.000000e+00
17 37 0.000000e+00
17 38 0.000000e+00
17 39 0.000000e+00
17 40 0.000000e+00
18 1 2.264350e-03
18 2 9.494850e-04
18 3 1.426590e-03
18 4 1.991540e-03
18 5 2.930620e-03
18 6 4.301800e-03
18 7 6.337140e-03
18 8 9.469540e-03
18 9 1.421540e-02
18 10 2.180130e-02
18 11 3.376190e-02
18 12 5.312540e-02
18 13 8.472410e-02
18 14 1.373160e-01
18 15 2.249380e-01
18 16 3.743090e-01
18 17 6.299820e-01
18 18 9.711960e-01
18 19 1.052550e+00
18 20 9.886490e-01
18 21 8.529110e-01
18 22 6.598770e-01
18 23 4.429850e-01
18 24 2.475950e-01
18 25 1.093030e-01
18 26 3.562850e-02
18 27 7.879700e-03
18 28 1.063920e-03
18 29 7.732200e-05
18 30 3.233890e-06
18 31 0.000000e+00
18 32 0.000000e+00
18 33 0.000000e+00
18 34 0.000000e+00
18 35 0.000000e+00
18 36 0.000000e+00
18 37 0.000000e+00
18 38 0.000000e+00
18 39 0.000000e+00
18 40 0.000000e+00
19 1 1.186290e-03
19 2 4.993380e-04
19 3 7.514140e-04
19 4 1.051170e-03
19 5 1.551000e-03
19 6 2.284660e-03
19 7 3.381090e-03
19 8 5.082240e-03
19 9 7.683750e-03
19 10 1.188700e-02
19 11 1.861800e-02
19 12 2.973890e-02
19 13 4.836050e-02
19 14 8.028640e-02
19 15 1.348910e-01
19 16 2.301580e-01
19 17 3.974410e-01
19 18 6.937760e-01
19 19 1.091950e+00
19 20 1.152590e+00
19 21 1.026390e+00
19 22 8.254040e-01
19 23 5.806600e-01
19 24 3.433630e-01
19 25 1.621750e-01
19 26 5.730660e-02
19 27 1.395430e-02
19 28 2.112790e-03
19 29 1.751090e-04
19 30 7.475630e-06
19 31 0.000000e+00
19 32 0.000000e+00
19 33 0.000000e+00
19 34 0.000000e+00
19 35 0.000000e+00
19 36 0.000000e+00
19 37 0.000000e+00
19 38 0.000000e+00
19 39 0.000000e+00
19 40 0.000000e+00
20 1 6.233010e-04
20 2 2.641670e-04
20 3 3.986830e-04
20 4 5.596320e-04
20 5 8.289660e-04
20 6 1.226760e-03
20 7 1.825090e-03
20 8 2.759870e-03
20 9 4.200360e-03
20 10 6.540730e-03
20 11 1.030450e-02
20 12 1.654450e-02
20 13 2.703960e-02
20 14 4.518490e-02
20 15 7.695660e-02
20 16 1.339630e-01
20 17 2.365180e-01
20 18 4.230460e-01
20 19 7.635570e-01
20 20 1.223690e+00
20 21 1.249580e+00
20 22 1.050290e+00
20 23 7.792880e-01
20 24 4.909450e-01
20 25 2.497540e-01
20 26 9.616630e-02
20 27 2.582370e-02
20 28 4.361350e-03
20 29 4.070950e-04
20 30 1.888440e-05
20 31 5.900320e-07
20 32 0.000000e+00
20 33 0.000000e+00
20 34 0.000000e+00
20 35 0.000000e+00
20 36 0.000000e+00
20 37 0.000000e+00
20 38 0.000000e+00
20 39 0.000000e+00
20 40 0.000000e+00
21 1 2.844390e-04
21 2 1.217720e-04
21 3 1.844340e-04
21 4 2.600220e-04
21 5 3.872320e-04
21 6 5.767560e-04
21 7 8.647300e-04
21 8 1.319580e-03
21 9 2.029700e-03
21 10 3.200030e-03
21 11 5.114350e-03
21 12 8.346080e-03
21 13 1.388620e-02
21 14 2.364420e-02
21 15 4.096010e-02
21 16 7.257870e-02
21 17 1.310040e-01
21 18 2.404330e-01
21 19 4.467310e-01
21 20 8.382480e-01
21 21 1.370850e+00
21 22 1.352670e+00
21 23 1.062420e+00
21 24 7.167810e-01
21 25 3.953910e-01
21 26 1.674120e-01
21 27 5.020690e-02
21 28 9.628370e-03
21 29 1.038870e-03
21 30 5.464560e-05
21 31 2.952940e-06
21 32 8.679530e-07
21 33 0.000000e+00
21 34 0.000000e+00
21 35 0.000000e+00
21 36 0.000000e+00
21 37 0.000000e+00
21 38 0.000000e+00
21 39 0.000000e+00
21 40 0.000000e+00
22 1 1.076790e-04
22 2 4.707230e-05
22 3 7.158830e-05
22 4 1.014410e-04
22 5 1.520000e-04
22 6 2.281010e-04
22 7 3.450830e-04
22 8 5.323140e-04
22 9 8.293610e-04
22 10 1.327560e-03
22 11 2.159680e-03
22 12 3.598390e-03
22 13 6.131710e-03
22 14 1.071080e-02
22 15 1.905770e-02
22 16 3.476060e-02
22 17 6.482400e-02
22 18 1.234130e-01
22 19 2.386640e-01
22 20 4.674800e-01
22 21 9.196000e-01
22 22 1.543070e+00
22 23 1.461880e+00
22 24 1.059920e+00
22 25 6.382200e-01
22 26 3.000010e-01
22 27 1.017300e-01
22 28 2.252400e-02
22 29 2.869570e-03
22 30 1.798140e-04
22 31 7.437690e-06
22 32 1.024790e-06
22 33 1.000980e-09
22 34 0.000000e+00
22 35 0.000000e+00
22 36 0.000000e+00
22 37 0.000000e+00
22 38 0.000000e+00
22 39 0.000000e+00
22 40 0.000000e+00
23 1 3.261500e-05
23 2 1.504060e-05
23 3 2.293510e-05
23 4 3.260830e-05
23 5 4.906910e-05
23 6 7.404750e-05
23 7 1.128390e-04
23 8 1.756980e-04
23 9 2.770410e-04
23 10 4.503050e-04
23 11 7.469460e-04
23 12 1.275330e-03
23 13 2.241630e-03
23 14 4.067740e-03
23 15 7.547860e-03
23 16 1.435090e-02
23 17 2.785350e-02
23 18 5.528900e-02
23 19 1.121700e-01
23 20 2.318830e-01
23 21 4.835790e-01
23 22 1.008720e+00
23 23 1.744890e+00
23 24 1.577640e+00
23 25 1.040830e+00
23 26 5.469050e-01
23 27 2.120850e-01
23 28 5.507420e-02
23 29 8.469660e-03
23 30 6.613190e-04
23 31 2.356740e-05
23 32 4.261020e-07
23 33 7.094210e-09
23 34 0.000000e+00
23 35 0.000000e+00
23 36 0.000000e+00
23 37 0.000000e+00
23 38 0.000000e+00
23 39 0.000000e+00
23 40 0.000000e+00
24 1 7.417010e-06
24 2 3.857430e-06
24 3 5.993260e-06
24 4 8.618020e-06
24 5 1.308120e-05
24 6 1.993470e-05
24 7 3.073390e-05
24 8 4.852500e-05
24 9 7.777510e-05
24 10 1.288570e-04
24 11 2.185480e-04
24 12 3.828390e-04
24 13 6.931840e-04
24 14 1.304610e-03
24 15 2.528980e-03
24 16 5.041040e-03
24 17 1.027110e-02
24 18 2.141040e-02
24 19 4.570320e-02
24 20 1.001190e-01
24 21 2.228260e-01
24 22 4.989560e-01
24 23 1.108740e+00
24 24 1.978720e+00
24 25 1.697830e+00
24 26 1.004680e+00
24 27 4.497520e-01
24 28 1.384830e-01
24 29 2.598690e-02
24 30 2.551400e-03
24 31 1.087150e-04
24 32 2.193090e-06
24 33 3.288370e-08
24 34 0.000000e+00
24 35 0.000000e+00
24 36 0.000000e+00
24 37 0.000000e+00
24 38 0.000000e+00
24 39 0.000000e+00
24 40 0.000000e+00
25 1 1.248950e-06
25 2 7.066320e-07
25 3 1.140910e-06
25 4 1.690310e-06
25 5 2.619450e-06
25 6 4.048610e-06
25 7 6.325760e-06
25 8 1.014400e-05
25 9 1.656640e-05
25 10 2.807000e-05
25 11 4.889350e-05
25 12 8.837960e-05
25 13 1.660560e-04
25 14 3.265570e-04
25 15 6.690010e-04
25 16 1.421520e-03
25 17 3.071310e-03
25 18 6.775020e-03
25 19 1.534130e-02
25 20 3.588270e-02
25 21 8.613390e-02
25 22 2.098910e-01
25 23 5.111540e-01
25 24 1.222900e+00
25 25 2.261760e+00
25 26 1.828160e+00
25 27 9.525550e-01
25 28 3.523780e-01
25 29 8.219700e-02
25 30 1.040640e-02
25 31 5.920500e-04
25 32 1.331810e-05
25 33 1.899570e-07
25 34 4.793100e-10
25 35 0.000000e+00
25 36 0.000000e+00
25 37 0.000000e+00
25 38 0.000000e+00
25 39 0.000000e+00
25 40 0.000000e+00
26 1 1.736530e-07
26 2 9.940510e-08
26 3 1.644650e-07
26 4 2.515860e-07
26 5 4.031220e-07
26 6 6.404020e-07
26 7 1.013360e-06
26 8 1.617250e-06
26 9 2.589960e-06
26 10 4.282180e-06
26 11 7.327720e-06
26 12 1.322080e-05
26 13 2.524850e-05
26 14 5.172410e-05
26 15 1.137950e-04
26 16 2.709810e-04
26 17 6.838440e-04
26 18 1.718630e-03
26 19 4.263240e-03
26 20 1.062230e-02
26 21 2.693920e-02
26 22 7.054030e-02
26 23 1.902110e-01
26 24 5.144270e-01
26 25 1.354820e+00
26 26 2.626950e+00
26 27 1.979680e+00
26 28 8.839930e-01
26 29 2.603910e-01
26 30 4.396020e-02
26 31 3.563950e-03
26 32 1.117180e-04
26 33 1.740620e-06
26 34 3.577730e-08
26 35 0.000000e+00
26 36 0.000000e+00
26 37 0.000000e+00
26 38 0.000000e+00
26 39 0.000000e+00
26 40 0.000000e+00
27 1 3.377150e-08
27 2 1.933200e-08
27 3 3.198470e-08
27 4 4.892780e-08
27 5 7.839810e-08
27 6 1.245440e-07
27 7 1.969730e-07
27 8 3.130400e-07
27 9 4.940970e-07
27 10 7.861380e-07
27 11 1.244920e-06
27 12 2.043690e-06
27 13 3.676680e-06
27 14 7.273010e-06
27 15 1.595130e-05
27 16 3.871200e-05
27 17 1.026130e-04
27 18 2.866170e-04
27 19 8.052290e-04
27 20 2.271530e-03
27 21 6.487520e-03
27 22 1.891830e-02
27 23 5.671610e-02
27 24 1.737420e-01
27 25 5.268080e-01
27 26 1.526550e+00
27 27 3.088610e+00
27 28 2.161550e+00
27 29 8.126380e-01
27 30 1.829390e-01
27 31 2.067490e-02
27 32 9.420850e-04
27 33 1.484010e-05
27 34 5.448800e-07
27 35 0.000000e+00
27 36 0.000000e+00
27 37 0.000000e+00
27 38 0.000000e+00
27 39 0.000000e+00
27 40 0.000000e+00
28 1 9.796610e-09
28 2 5.607940e-09
28 3 9.278270e-09
28 4 1.419320e-08
28 5 2.274210e-08
28 6 3.612830e-08
28 7 5.713890e-08
28 8 9.080810e-08
28 9 1.433300e-07
28 10 2.280470e-07
28 11 3.610360e-07
28 12 5.721130e-07
28 13 9.057360e-07
28 14 1.438070e-06
28 15 2.300180e-06
28 16 4.159600e-06
28 17 9.811740e-06
28 18 2.972590e-05
28 19 1.021380e-04
28 20 3.515720e-04
28 21 1.183430e-03
28 22 3.844020e-03
28 23 1.257670e-02
28 24 4.340580e-02
28 25 1.543540e-01
28 26 5.389680e-01
28 27 1.759280e+00
28 28 3.752580e+00
28 29 2.412270e+00
28 30 7.399310e-01
28 31 1.211710e-01
28 32 8.539210e-03
28 33 2.016140e-04
28 34 4.356960e-06
28 35 0.000000e+00
28 36 0.000000e+00
28 37 0.000000e+00
28 38 0.000000e+00
28 39 0.000000e+00
28 40 0.000000e+00
29 1 3.279170e-09
29 2 1.877120e-09
29 3 3.105670e-09
29 4 4.750840e-09
29 5 7.612370e-09
29 6 1.209300e-08
29 7 1.912580e-08
29 8 3.039580e-08
29 9 4.797620e-08
29 10 7.633310e-08
29 11 1.208480e-07
29 12 1.915010e-07
29 13 3.031730e-07
29 14 4.812840e-07
29 15 7.617740e-07
29 16 1.208340e-06
29 17 1.925540e-06
29 18 3.379450e-06
29 19 8.052610e-06
29 20 2.980930e-05
29 21 1.468440e-04
29 22 6.514070e-04
29 23 2.402810e-03
29 24 8.713570e-03
29 25 3.342630e-02
29 26 1.363670e-01
29 27 5.573760e-01
29 28 2.103480e+00
29 29 4.803380e+00
29 30 2.801810e+00
29 31 6.772320e-01
29 32 7.690250e-02
29 33 3.138690e-03
29 34 3.601750e-05
29 35 0.000000e+00
29 36 0.000000e+00
29 37 0.000000e+00
29 38 0.000000e+00
29 39 0.000000e+00
29 40 0.000000e+00
30 1 1.532930e-09
30 2 8.775000e-10
30 3 1.451820e-09
30 4 2.220890e-09
30 5 3.558580e-09
30 6 5.653170e-09
30 7 8.940810e-09
30 8 1.420920e-08
30 9 2.242760e-08
30 10 3.568370e-08
30 11 5.649320e-08
30 12 8.952150e-08
30 13 1.417250e-07
30 14 2.249870e-07
30 15 3.561090e-07
30 16 5.648650e-07
30 17 8.952480e-07
30 18 1.424090e-06
30 19 2.380860e-06
30 20 5.117300e-06
30 21 1.577800e-05
30 22 5.874780e-05
30 23 2.335980e-04
30 24 9.986460e-04
30 25 4.672840e-03
30 26 2.365740e-02
30 27 1.236110e-01
30 28 6.168370e-01
30 29 2.706860e+00
30 30 6.624600e+00
30 31 3.515230e+00
30 32 6.462270e-01
30 33 4.698460e-02
30 34 9.830700e-04
30 35 6.945410e-06
30 36 9.992150e-07
30 37 0.000000e+00
30 38 0.000000e+00
30 39 0.000000e+00
30 40 0.000000e+00
31 1 9.582500e-10
31 2 5.485300e-10
31 3 9.075400e-10
31 4 1.388300e-09
31 5 2.224500e-09
31 6 3.533850e-09
31 7 5.588980e-09
31 8 8.882300e-09
31 9 1.401970e-08
31 10 2.230620e-08
31 11 3.531440e-08
31 12 5.596070e-08
31 13 8.859360e-08
31 14 1.406420e-07
31 15 2.226070e-07
31 16 3.531020e-07
31 17 5.596270e-07
31 18 8.870200e-07
31 19 1.404840e-06
31 20 2.227750e-06
31 21 3.560150e-06
31 22 6.128590e-06
31 23 1.422770e-05
31 24 6.355780e-05
31 25 4.043050e-04
31 26 2.542930e-03
31 27 1.685930e-02
31 28 1.146880e-01
31 29 7.285820e-01
31 30 3.871550e+00
31 31 1.029240e+01
31 32 4.917040e+00
31 33 6.608960e-01
31 34 2.824910e-02
31 35 2.604150e-04
31 36 4.727540e-06
31 37 0.000000e+00
31 38 0.000000e+00
31 39 0.000000e+00
31 40 0.000000e+00
32 1 8.319500e-10
32 2 4.762400e-10
32 3 7.879300e-10
32 4 1.205320e-09
32 5 1.931320e-09
32 6 3.068100e-09
32 7 4.852370e-09
32 8 7.711640e-09
32 9 1.217190e-08
32 10 1.936630e-08
32 11 3.066010e-08
32 12 4.858520e-08
32 13 7.691730e-08
32 14 1.221060e-07
32 15 1.932680e-07
32 16 3.065640e-07
32 17 4.858700e-07
32 18 7.701140e-07
32 19 1.219690e-06
32 20 1.934130e-06
32 21 3.064690e-06
32 22 4.858220e-06
32 23 7.701800e-06
32 24 1.261140e-05
32 25 3.342540e-05
32 26 1.748100e-04
32 27 1.321510e-03
32 28 1.171330e-02
32 29 1.079160e-01
32 30 9.064480e-01
32 31 5.983310e+00
32 32 1.722030e+01
32 33 7.196800e+00
32 34 6.674870e-01
32 35 1.505350e-02
32 36 5.356500e-05
32 37 4.879440e-08
32 38 0.000000e+00
32 39 0.000000e+00
32 40 0.000000e+00
33 1 7.698200e-10
33 2 4.406700e-10
33 3 7.290900e-10
33 4 1.115310e-09
33 5 1.787080e-09
33 6 2.838970e-09
33 7 4.489990e-09
33 8 7.135720e-09
33 9 1.126290e-08
33 10 1.792000e-08
33 11 2.837030e-08
33 12 4.495680e-08
33 13 7.117300e-08
33 14 1.129860e-07
33 15 1.788340e-07
33 16 2.836700e-07
33 17 4.495850e-07
33 18 7.126000e-07
33 19 1.128600e-06
33 20 1.789690e-06
33 21 2.835810e-06
33 22 4.495360e-06
33 23 7.124750e-06
33 24 1.129910e-05
33 25 1.797920e-05
33 26 2.939410e-05
33 27 7.266710e-05
33 28 5.066870e-04
33 29 6.295210e-03
33 30 8.389810e-02
33 31 9.710860e-01
33 32 8.081700e+00
33 33 2.390970e+01
33 34 8.116370e+00
33 35 4.777970e-01
33 36 4.918090e-03
33 37 7.897230e-06
33 38 1.605590e-08
33 39 0.000000e+00
33 40 0.000000e+00
34 1 2.792300e-10
34 2 1.598400e-10
34 3 2.644600e-10
34 4 4.045500e-10
34 5 6.482200e-10
34 6 1.029770e-09
34 7 1.628630e-09
34 8 2.588310e-09
34 9 4.085350e-09
34 10 6.500040e-09
34 11 1.029070e-08
34 12 1.630700e-08
34 13 2.581630e-08
34 14 4.098310e-08
34 15 6.486780e-08
34 16 1.028940e-07
34 17 1.630760e-07
34 18 2.584790e-07
34 19 4.093730e-07
34 20 6.491660e-07
34 21 1.028620e-06
34 22 1.630580e-06
34 23 2.584290e-06
34 24 4.095310e-06
34 25 6.489820e-06
34 26 1.031220e-05
34 27 1.657300e-05
34 28 2.815610e-05
34 29 1.095600e-04
34 30 1.790680e-03
34 31 3.786070e-02
34 32 6.423590e-01
34 33 6.915390e+00
34 34 2.021220e+01
34 35 5.286600e+00
34 36 1.812870e-01
34 37 7.086290e-04
34 38 7.830820e-07
34 39 0.000000e+00
34 40 0.000000e+00
35 1 9.548900e-11
35 2 5.466100e-11
35 3 9.043700e-11
35 4 1.383400e-10
35 5 2.216700e-10
35 6 3.521500e-10
35 7 5.569400e-10
35 8 8.851200e-10
35 9 1.397060e-09
35 10 2.222800e-09
35 11 3.519070e-09
35 12 5.576460e-09
35 13 8.828330e-09
35 14 1.401490e-08
35 15 2.218270e-08
35 16 3.518650e-08
35 17 5.576670e-08
35 18 8.839130e-08
35 19 1.399920e-07
35 20 2.219940e-07
35 21 3.517550e-07
35 22 5.576070e-07
35 23 8.837430e-07
35 24 1.400470e-06
35 25 2.220570e-06
35 26 3.527460e-06
35 27 5.614620e-06
35 28 8.936990e-06
35 29 1.421290e-05
35 30 2.312290e-05
35 31 2.061360e-04
35 32 9.122010e-03
35 33 2.651510e-01
35 34 3.931170e+00
35 35 1.214650e+01
35 36 2.613000e+00
35 37 4.952290e-02
35 38 6.557120e-05
35 39 3.331800e-08
35 40 0.000000e+00
36 1 4.379200e-11
36 2 2.506800e-11
36 3 4.147500e-11
36 4 6.344500e-11
36 5 1.016600e-10
36 6 1.615000e-10
36 7 2.554200e-10
36 8 4.059200e-10
36 9 6.407000e-10
36 10 1.019390e-09
36 11 1.613870e-09
36 12 2.557400e-09
36 13 4.048730e-09
36 14 6.427320e-09
36 15 1.017310e-08
36 16 1.613680e-08
36 17 2.557500e-08
36 18 4.053680e-08
36 19 6.420140e-08
36 20 1.018080e-07
36 21 1.613170e-07
36 22 2.557220e-07
36 23 4.052910e-07
36 24 6.422640e-07
36 25 1.017980e-06
36 26 1.612930e-06
36 27 2.552890e-06
36 28 4.039370e-06
36 29 6.405870e-06
36 30 1.018160e-05
36 31 1.618550e-05
36 32 4.002380e-05
36 33 2.028260e-03
36 34 1.052730e-01
36 35 2.291290e+00
36 36 7.970460e+00
36 37 1.469840e+00
36 38 1.434570e-02
36 39 6.321500e-06
36 40 0.000000e+00
37 1 1.039200e-11
37 2 5.948600e-12
37 3 9.841900e-12
37 4 1.505500e-11
37 5 2.412400e-11
37 6 3.832300e-11
37 7 6.061000e-11
37 8 9.632500e-11
37 9 1.520400e-10
37 10 2.419000e-10
37 11 3.829700e-10
37 12 6.068700e-10
37 13 9.607600e-10
37 14 1.525200e-09
37 15 2.414080e-09
37 16 3.829240e-09
37 17 6.068920e-09
37 18 9.619360e-09
37 19 1.523490e-08
37 20 2.415890e-08
37 21 3.828050e-08
37 22 6.068270e-08
37 23 9.617510e-08
37 24 1.524090e-07
37 25 2.415650e-07
37 26 3.828520e-07
37 27 6.069970e-07
37 28 9.656850e-07
37 29 1.549380e-06
37 30 2.523060e-06
37 31 4.149650e-06
37 32 6.809270e-06
37 33 1.189770e-05
37 34 4.655720e-04
37 35 4.664480e-02
37 36 1.569910e+00
37 37 6.140600e+00
37 38 9.549330e-01
37 39 4.244230e-03
37 40 8.700200e-07
38 1 6.888400e-12
38 2 3.943100e-12
38 3 6.523900e-12
38 4 9.979800e-12
38 5 1.599100e-11
38 6 2.540300e-11
38 7 4.017600e-11
38 8 6.385000e-11
38 9 1.007800e-10
38 10 1.603500e-10
38 11 2.538600e-10
38 12 4.022700e-10
38 13 6.368600e-10
38 14 1.011000e-09
38 15 1.600210e-09
38 16 2.538280e-09
38 17 4.022890e-09
38 18 6.376350e-09
38 19 1.009870e-08
38 20 1.601420e-08
38 21 2.537490e-08
38 22 4.022450e-08
38 23 6.375130e-08
38 24 1.010270e-07
38 25 1.601250e-07
38 26 2.537800e-07
38 27 4.022110e-07
38 28 6.371380e-07
38 29 1.005920e-06
38 30 1.576570e-06
38 31 2.447700e-06
38 32 3.768250e-06
38 33 5.786800e-06
38 34 8.943570e-06
38 35 1.086350e-04
38 36 2.146140e-02
38 37 1.182320e+00
38 38 5.203530e+00
38 39 6.832040e-01
38 40 1.189920e-03
39 1 5.496400e-12
39 2 3.146300e-12
39 3 5.205600e-12
39 4 7.963100e-12
39 5 1.275900e-11
39 6 2.027000e-11
39 7 3.205800e-11
39 8 5.094800e-11
39 9 8.041500e-11
39 10 1.279500e-10
39 11 2.025600e-10
39 12 3.209800e-10
39 13 5.081600e-10
39 14 8.067000e-10
39 15 1.276850e-09
39 16 2.025350e-09
39 17 3.209960e-09
39 18 5.087850e-09
39 19 8.058030e-09
39 20 1.277810e-08
39 21 2.024720e-08
39 22 3.209620e-08
39 23 5.086870e-08
39 24 8.061160e-08
39 25 1.277680e-07
39 26 2.024970e-07
39 27 3.209340e-07
39 28 5.086450e-07
39 29 8.063670e-07
39 30 1.281430e-06
39 31 2.046740e-06
39 32 3.288520e-06
39 33 5.308780e-06
39 34 8.576910e-06
39 35 1.381730e-05
39 36 3.779470e-05
39 37 1.011060e-02
39 38 9.800480e-01
39 39 4.800710e+00
39 40 5.227190e-01
40 1 1.860900e-12
40 2 1.065200e-12
40 3 1.762400e-12
40 4 2.696000e-12
40 5 4.319900e-12
40 6 6.862600e-12
40 7 1.085400e-11
40 8 1.724900e-11
40 9 2.722600e-11
40 10 4.331800e-11
40 11 6.857900e-11
40 12 1.086700e-10
40 13 1.720500e-10
40 14 2.731200e-10
40 15 4.322900e-10
40 16 6.857100e-10
40 17 1.086770e-09
40 18 1.722560e-09
40 19 2.728150e-09
40 20 4.326180e-09
40 21 6.854950e-09
40 22 1.086660e-08
40 23 1.722230e-08
40 24 2.729210e-08
40 25 4.325740e-08
40 26 6.855800e-08
40 27 1.086560e-07
40 28 1.722080e-07
40 29 2.729300e-07
40 30 4.327230e-07
40 31 6.888370e-07
40 32 1.106420e-06
40 33 1.796170e-06
40 34 2.935130e-06
40 35 4.788670e-06
40 36 7.767570e-06
40 37 1.421750e-05
40 38 4.459790e-03
40 39 8.452240e-01
40 40 4.994210e+00
