1 1 6.549890e-01
1 2 2.445880e-01
1 3 3.182750e-01
1 4 3.772510e-01
1 5 4.663150e-01
1 6 5.658970e-01
1 7 6.769550e-01
1 8 8.034370e-01
1 9 9.324560e-01
1 10 1.069130e+00
1 11 1.189070e+00
1 12 1.283080e+00
1 13 1.329840e+00
1 14 1.314600e+00
1 15 1.216460e+00
1 16 1.042660e+00
1 17 8.086840e-01
1 18 5.540680e-01
1 19 3.248220e-01
1 20 1.569440e-01
1 21 5.940310e-02
1 22 1.660900e-02
1 23 3.180810e-03
1 24 3.805500e-04
1 25 2.640200e-05
1 26 1.541660e-06
1 27 9.482450e-08
1 28 0.000000e+00
1 29 0.000000e+00
1 30 0.000000e+00
1 31 0.000000e+00
1 32 0.000000e+00
1 33 0.000000e+00
1 34 0.000000e+00
1 35 0.000000e+00
1 36 0.000000e+00
1 37 0.000000e+00
1 38 0.000000e+00
1 39 0.000000e+00
1 40 0.000000e+00
2 1 5.167910e-01
2 2 2.116890e-01
2 3 2.859250e-01
2 4 3.414030e-01
2 5 4.221650e-01
2 6 5.125050e-01
2 7 6.133720e-01
2 8 7.284110e-01
2 9 8.459770e-01
2 10 9.708770e-01
2 11 1.081020e+00
2 12 1.168130e+00
2 13 1.212890e+00
2 14 1.201620e+00
2 15 1.114990e+00
2 16 9.589710e-01
2 17 7.469460e-01
2 18 5.144680e-01
2 19 3.035650e-01
2 20 1.478350e-01
2 21 5.649310e-02
2 22 1.597890e-02
2 23 3.102540e-03
2 24 3.773190e-04
2 25 2.665970e-05
2 26 1.577520e-06
2 27 9.821760e-08
2 28 0.000000e+00
2 29 0.000000e+00
2 30 0.000000e+00
2 31 0.000000e+00
2 32 0.000000e+00
2 33 0.000000e+00
2 34 0.000000e+00
2 35 0.000000e+00
2 36 0.000000e+00
2 37 0.000000e+00
2 38 0.000000e+00
2 39 0.000000e+00
2 40 0.000000e+00
3 1 4.010930e-01
3 2 1.726130e-01
3 3 2.481450e-01
3 4 3.081570e-01
3 5 3.830430e-01
3 6 4.652250e-01
3 7 5.570920e-01
3 8 6.620650e-01
3 9 7.696080e-01
3 10 8.842380e-01
3 11 9.859280e-01
3 12 1.067200e+00
3 13 1.110490e+00
3 14 1.103190e+00
3 15 1.027140e+00
3 16 8.871400e-01
3 17 6.945930e-01
3 18 4.814700e-01
3 19 2.863280e-01
3 20 1.407810e-01
3 21 5.442140e-02
3 22 1.560740e-02
3 23 3.080750e-03
3 24 3.820570e-04
3 25 2.755030e-05
3 26 1.658050e-06
3 27 1.047390e-07
3 28 0.000000e+00
3 29 0.000000e+00
3 30 0.000000e+00
3 31 0.000000e+00
3 32 0.000000e+00
3 33 0.000000e+00
3 34 0.000000e+00
3 35 0.000000e+00
3 36 0.000000e+00
3 37 0.000000e+00
3 38 0.000000e+00
3 39 0.000000e+00
3 40 0.000000e+00
4 1 3.042690e-01
4 2 1.334430e-01
4 3 2.011110e-01
4 4 2.691440e-01
4 5 3.479850e-01
4 6 4.242130e-01
4 7 5.083100e-01
4 8 6.046320e-01
4 9 7.036360e-01
4 10 8.095350e-01
4 11 9.042000e-01
4 12 9.807670e-01
4 13 1.023160e+00
4 14 1.019880e+00
4 15 9.535090e-01
4 16 8.277580e-01
4 17 6.521590e-01
4 18 4.555500e-01
4 19 2.734520e-01
4 20 1.359920e-01
4 21 5.329260e-02
4 22 1.553390e-02
4 23 3.125720e-03
4 24 3.964630e-04
4 25 2.922540e-05
4 26 1.794240e-06
4 27 1.151840e-07
4 28 0.000000e+00
4 29 0.000000e+00
4 30 0.000000e+00
4 31 0.000000e+00
4 32 0.000000e+00
4 33 0.000000e+00
4 34 0.000000e+00
4 35 0.000000e+00
4 36 0.000000e+00
4 37 0.000000e+00
4 38 0.000000e+00
4 39 0.000000e+00
4 40 0.000000e+00
5 1 2.378390e-01
5 2 1.030980e-01
5 3 1.558200e-01
5 4 2.175110e-01
5 5 3.060580e-01
5 6 3.883480e-01
5 7 4.666250e-01
5 8 5.555570e-01
5 9 6.474310e-01
5 10 7.461010e-01
5 11 8.350980e-01
5 12 9.080930e-01
5 13 9.503310e-01
5 14 9.510490e-01
5 15 8.935670e-01
5 16 7.804380e-01
5 17 6.194520e-01
5 18 4.366520e-01
5 19 2.650050e-01
5 20 1.335460e-01
5 21 5.316620e-02
5 22 1.578870e-02
5 23 3.247090e-03
5 24 4.224330e-04
5 25 3.179440e-05
5 26 2.001780e-06
5 27 1.307840e-07
5 28 0.000000e+00
5 29 0.000000e+00
5 30 0.000000e+00
5 31 0.000000e+00
5 32 0.000000e+00
5 33 0.000000e+00
5 34 0.000000e+00
5 35 0.000000e+00
5 36 0.000000e+00
5 37 0.000000e+00
5 38 0.000000e+00
5 39 0.000000e+00
5 40 0.000000e+00
6 1 1.815280e-01
6 2 7.838330e-02
6 3 1.186860e-01
6 4 1.665590e-01
6 5 2.453500e-01
6 6 3.439830e-01
6 7 4.305430e-01
6 8 5.138350e-01
6 9 5.996790e-01
6 10 6.924910e-01
6 11 7.770070e-01
6 12 8.475330e-01
6 13 8.902920e-01
6 14 8.951170e-01
6 15 8.460230e-01
6 16 7.442410e-01
6 17 5.959620e-01
6 18 4.245840e-01
6 19 2.610370e-01
6 20 1.336070e-01
6 21 5.417990e-02
6 22 1.644260e-02
6 23 3.468400e-03
6 24 4.646580e-04
6 25 3.578820e-05
6 26 2.320610e-06
6 27 1.546840e-07
6 28 0.000000e+00
6 29 0.000000e+00
6 30 0.000000e+00
6 31 0.000000e+00
6 32 0.000000e+00
6 33 0.000000e+00
6 34 0.000000e+00
6 35 0.000000e+00
6 36 0.000000e+00
6 37 0.000000e+00
6 38 0.000000e+00
6 39 0.000000e+00
6 40 0.000000e+00
7 1 1.324620e-01
7 2 5.721360e-02
7 3 8.780220e-02
7 4 1.245570e-01
7 5 1.851820e-01
7 6 2.732890e-01
7 7 3.847090e-01
7 8 4.789530e-01
7 9 5.602920e-01
7 10 6.485200e-01
7 11 7.297740e-01
7 12 7.988620e-01
7 13 8.428480e-01
7 14 8.520300e-01
7 15 8.108090e-01
7 16 7.192270e-01
7 17 5.818200e-01
7 18 4.196670e-01
7 19 2.618840e-01
7 20 1.364570e-01
7 21 5.652350e-02
7 22 1.758760e-02
7 23 3.819800e-03
7 24 5.293410e-04
7 25 4.227090e-05
7 26 2.807320e-06
7 27 1.914730e-07
7 28 0.000000e+00
7 29 0.000000e+00
7 30 0.000000e+00
7 31 0.000000e+00
7 32 0.000000e+00
7 33 0.000000e+00
7 34 0.000000e+00
7 35 0.000000e+00
7 36 0.000000e+00
7 37 0.000000e+00
7 38 0.000000e+00
7 39 0.000000e+00
7 40 0.000000e+00
8 1 9.766460e-02
8 2 4.226540e-02
8 3 6.495260e-02
8 4 9.246620e-02
8 5 1.379100e-01
8 6 2.044020e-01
8 7 3.029040e-01
8 8 4.317370e-01
8 9 5.282620e-01
8 10 6.132280e-01
8 11 6.924480e-01
8 12 7.611920e-01
8 13 8.072610e-01
8 14 8.212370e-01
8 15 7.877690e-01
8 16 7.055990e-01
8 17 5.775710e-01
8 18 4.225970e-01
8 19 2.682610e-01
8 20 1.426700e-01
8 21 6.054590e-02
8 22 1.938140e-02
8 23 4.351000e-03
8 24 6.265140e-04
8 25 5.215700e-05
8 26 3.552200e-06
8 27 2.487430e-07
8 28 0.000000e+00
8 29 0.000000e+00
8 30 0.000000e+00
8 31 0.000000e+00
8 32 0.000000e+00
8 33 0.000000e+00
8 34 0.000000e+00
8 35 0.000000e+00
8 36 0.000000e+00
8 37 0.000000e+00
8 38 0.000000e+00
8 39 0.000000e+00
8 40 0.000000e+00
9 1 7.407650e-02
9 2 3.140720e-02
9 3 4.750240e-02
9 4 6.726820e-02
9 5 1.009550e-01
9 6 1.505330e-01
9 7 2.241600e-01
9 8 3.373310e-01
9 9 4.811700e-01
9 10 5.856140e-01
9 11 6.640020e-01
9 12 7.335670e-01
9 13 7.827450e-01
9 14 8.022310e-01
9 15 7.767280e-01
9 16 7.036230e-01
9 17 5.838970e-01
9 18 4.343360e-01
9 19 2.811740e-01
9 20 1.530560e-01
9 21 6.675300e-02
9 22 2.205610e-02
9 23 5.135200e-03
9 24 7.708100e-04
9 25 6.706290e-05
9 26 4.636310e-06
9 27 3.359960e-07
9 28 0.000000e+00
9 29 0.000000e+00
9 30 0.000000e+00
9 31 0.000000e+00
9 32 0.000000e+00
9 33 0.000000e+00
9 34 0.000000e+00
9 35 0.000000e+00
9 36 0.000000e+00
9 37 0.000000e+00
9 38 0.000000e+00
9 39 0.000000e+00
9 40 0.000000e+00
10 1 5.280550e-02
10 2 2.243870e-02
10 3 3.414430e-02
10 4 4.852240e-02
10 5 7.286690e-02
10 6 1.090020e-01
10 7 1.629210e-01
10 8 2.461440e-01
10 9 3.722550e-01
10 10 5.400420e-01
10 11 6.450540e-01
10 12 7.166900e-01
10 13 7.700910e-01
10 14 7.959740e-01
10 15 7.786640e-01
10 16 7.144900e-01
10 17 6.021360e-01
10 18 4.562870e-01
10 19 3.019950e-01
10 20 1.687420e-01
10 21 7.589840e-02
10 22 2.599310e-02
10 23 6.308080e-03
10 24 9.931100e-04
10 25 9.108210e-05
10 26 5.541020e-06
10 27 4.826920e-07
10 28 0.000000e+00
10 29 0.000000e+00
10 30 0.000000e+00
10 31 0.000000e+00
10 32 0.000000e+00
10 33 0.000000e+00
10 34 0.000000e+00
10 35 0.000000e+00
10 36 0.000000e+00
10 37 0.000000e+00
10 38 0.000000e+00
10 39 0.000000e+00
10 40 0.000000e+00
11 1 3.623650e-02
11 2 1.544740e-02
11 3 2.349490e-02
11 4 3.338570e-02
11 5 5.029370e-02
11 6 7.593090e-02
11 7 1.147270e-01
11 8 1.748750e-01
11 9 2.665840e-01
11 10 4.132160e-01
11 11 6.037110e-01
11 12 7.112440e-01
11 13 7.700820e-01
11 14 8.035070e-01
11 15 7.950070e-01
11 16 7.398560e-01
11 17 6.342270e-01
11 18 4.905740e-01
11 19 3.327770e-01
11 20 1.914460e-01
11 21 8.914360e-02
11 22 3.179740e-02
11 23 8.092780e-03
11 24 1.346810e-03
11 25 1.315940e-04
11 26 7.487820e-06
11 27 7.460990e-07
11 28 0.000000e+00
11 29 0.000000e+00
11 30 0.000000e+00
11 31 0.000000e+00
11 32 0.000000e+00
11 33 0.000000e+00
11 34 0.000000e+00
11 35 0.000000e+00
11 36 0.000000e+00
11 37 0.000000e+00
11 38 0.000000e+00
11 39 0.000000e+00
11 40 0.000000e+00
12 1 2.562280e-02
12 2 1.092040e-02
12 3 1.655510e-02
12 4 2.338140e-02
12 5 3.489370e-02
12 6 5.203420e-02
12 7 7.852970e-02
12 8 1.208910e-01
12 9 1.861280e-01
12 10 2.909320e-01
12 11 4.567890e-01
12 12 6.750860e-01
12 13 7.804970e-01
12 14 8.232890e-01
12 15 8.254130e-01
12 16 7.805710e-01
12 17 6.823210e-01
12 18 5.402680e-01
12 19 3.768330e-01
12 20 2.240310e-01
12 21 1.084010e-01
12 22 4.043190e-02
12 23 1.083110e-02
12 24 1.910700e-03
12 25 1.991840e-04
12 26 1.163220e-05
12 27 1.192510e-06
12 28 0.000000e+00
12 29 0.000000e+00
12 30 0.000000e+00
12 31 0.000000e+00
12 32 0.000000e+00
12 33 0.000000e+00
12 34 0.000000e+00
12 35 0.000000e+00
12 36 0.000000e+00
12 37 0.000000e+00
12 38 0.000000e+00
12 39 0.000000e+00
12 40 0.000000e+00
13 1 1.569110e-02
13 2 6.735750e-03
13 3 1.024970e-02
13 4 1.452770e-02
13 5 2.180960e-02
13 6 3.294770e-02
13 7 5.037680e-02
13 8 7.862920e-02
13 9 1.233830e-01
13 10 1.962600e-01
13 11 3.129070e-01
13 12 5.040390e-01
13 13 7.565220e-01
13 14 8.605590e-01
13 15 8.747050e-01
13 16 8.410290e-01
13 17 7.503550e-01
13 18 6.090020e-01
13 19 4.376290e-01
13 20 2.696530e-01
13 21 1.361640e-01
13 22 5.344020e-02
13 23 1.520660e-02
13 24 2.881120e-03
13 25 3.266940e-04
13 26 2.052310e-05
13 27 2.125750e-06
13 28 0.000000e+00
13 29 0.000000e+00
13 30 0.000000e+00
13 31 0.000000e+00
13 32 0.000000e+00
13 33 0.000000e+00
13 34 0.000000e+00
13 35 0.000000e+00
13 36 0.000000e+00
13 37 0.000000e+00
13 38 0.000000e+00
13 39 0.000000e+00
13 40 0.000000e+00
14 1 1.075410e-02
14 2 4.623490e-03
14 3 7.040870e-03
14 4 9.988950e-03
14 5 1.498160e-02
14 6 2.250440e-02
14 7 3.407610e-02
14 8 5.249230e-02
14 9 8.143970e-02
14 10 1.298630e-01
14 11 2.085300e-01
14 12 3.386550e-01
14 13 5.555330e-01
14 14 8.448750e-01
14 15 9.372710e-01
14 16 9.195390e-01
14 17 8.406540e-01
14 18 7.025650e-01
14 19 5.227040e-01
14 20 3.354850e-01
14 21 1.776300e-01
14 22 7.361870e-02
14 23 2.228630e-02
14 24 4.525660e-03
14 25 5.541190e-04
14 26 3.703600e-05
14 27 3.425780e-06
14 28 0.000000e+00
14 29 0.000000e+00
14 30 0.000000e+00
14 31 0.000000e+00
14 32 0.000000e+00
14 33 0.000000e+00
14 34 0.000000e+00
14 35 0.000000e+00
14 36 0.000000e+00
14 37 0.000000e+00
14 38 0.000000e+00
14 39 0.000000e+00
14 40 0.000000e+00
15 1 6.372680e-03
15 2 2.758220e-03
15 3 4.215480e-03
15 4 6.006330e-03
15 5 9.053640e-03
15 6 1.367310e-02
15 7 2.082400e-02
15 8 3.237620e-02
15 9 5.086960e-02
15 10 8.181920e-02
15 11 1.326560e-01
15 12 2.180540e-01
15 13 3.627440e-01
15 14 6.123800e-01
15 15 9.431520e-01
15 16 1.023140e+00
15 17 9.595900e-01
15 18 8.272720e-01
15 19 6.388360e-01
15 20 4.286110e-01
15 21 2.391420e-01
15 22 1.053700e-01
15 23 3.425670e-02
15 24 7.551670e-03
15 25 1.015830e-03
15 26 7.361150e-05
15 27 3.454990e-06
15 28 0.000000e+00
15 29 0.000000e+00
15 30 0.000000e+00
15 31 0.000000e+00
15 32 0.000000e+00
15 33 0.000000e+00
15 34 0.000000e+00
15 35 0.000000e+00
15 36 0.000000e+00
15 37 0.000000e+00
15 38 0.000000e+00
15 39 0.000000e+00
15 40 0.000000e+00
16 1 3.420740e-03
16 2 1.492350e-03
16 3 2.290350e-03
16 4 3.280150e-03
16 5 4.975530e-03
16 6 7.571600e-03
16 7 1.163380e-02
16 8 1.826580e-02
16 9 2.902300e-02
16 10 4.735960e-02
16 11 7.824050e-02
16 12 1.313610e-01
16 13 2.233570e-01
16 14 3.858010e-01
16 15 6.717250e-01
16 16 1.057040e+00
16 17 1.113990e+00
16 18 9.922220e-01
16 19 7.972020e-01
16 20 5.610130e-01
16 21 3.314110e-01
16 22 1.562680e-01
16 23 5.503150e-02
16 24 1.332160e-02
16 25 1.998100e-03
16 26 1.630860e-04
16 27 6.768420e-06
16 28 0.000000e+00
16 29 0.000000e+00
16 30 0.000000e+00
16 31 0.000000e+00
16 32 0.000000e+00
16 33 0.000000e+00
16 34 0.000000e+00
16 35 0.000000e+00
16 36 0.000000e+00
16 37 0.000000e+00
16 38 0.000000e+00
16 39 0.000000e+00
16 40 0.000000e+00
17 1 1.799110e-03
17 2 7.917340e-04
17 3 1.220520e-03
17 4 1.757330e-03
17 5 2.682360e-03
17 6 4.112570e-03
17 7 6.373520e-03
17 8 1.009430e-02
17 9 1.616770e-02
17 10 2.659510e-02
17 11 4.435370e-02
17 12 7.539430e-02
17 13 1.302760e-01
17 14 2.293860e-01
17 15 4.083520e-01
17 16 7.362420e-01
17 17 1.178550e+00
17 18 1.204220e+00
17 19 1.011290e+00
17 20 7.506520e-01
17 21 4.723410e-01
17 22 2.398950e-01
17 23 9.210120e-02
17 24 2.462650e-02
17 25 4.136030e-03
17 26 3.831790e-04
17 27 1.768130e-05
17 28 4.582180e-07
17 29 3.005840e-08
17 30 0.000000e+00
17 31 0.000000e+00
17 32 0.000000e+00
17 33 0.000000e+00
17 34 0.000000e+00
17 35 0.000000e+00
17 36 0.000000e+00
17 37 0.000000e+00
17 38 0.000000e+00
17 39 0.000000e+00
17 40 0.000000e+00
18 1 7.902550e-04
18 2 3.515010e-04
18 3 5.449220e-04
18 4 7.900480e-04
18 5 1.216150e-03
18 6 1.884020e-03
18 7 2.956950e-03
18 8 4.755610e-03
18 9 7.755200e-03
18 10 1.302030e-02
18 11 2.220900e-02
18 12 3.868920e-02
18 13 6.867090e-02
18 14 1.245700e-01
18 15 2.290620e-01
18 16 4.276060e-01
18 17 8.041890e-01
18 18 1.317660e+00
18 19 1.297880e+00
18 20 1.018470e+00
18 21 6.857140e-01
18 22 3.775900e-01
18 23 1.595330e-01
18 24 4.775560e-02
18 25 9.148960e-03
18 26 9.870520e-04
18 27 5.201280e-05
18 28 2.821840e-06
18 29 1.008530e-06
18 30 0.000000e+00
18 31 0.000000e+00
18 32 0.000000e+00
18 33 0.000000e+00
18 34 0.000000e+00
18 35 0.000000e+00
18 36 0.000000e+00
18 37 0.000000e+00
18 38 0.000000e+00
18 39 0.000000e+00
18 40 0.000000e+00
19 1 2.985930e-04
19 2 1.332230e-04
19 3 2.067650e-04
19 4 3.004500e-04
19 5 4.643180e-04
19 6 7.239770e-04
19 7 1.147690e-03
19 8 1.873200e-03
19 9 3.120280e-03
19 10 5.388150e-03
19 11 9.502310e-03
19 12 1.716570e-02
19 13 3.162190e-02
19 14 5.954330e-02
19 15 1.140570e-01
19 16 2.229540e-01
19 17 4.406490e-01
19 18 8.747040e-01
19 19 1.475440e+00
19 20 1.396360e+00
19 21 1.007740e+00
19 22 6.041050e-01
19 23 2.829010e-01
19 24 9.588350e-02
19 25 2.134670e-02
19 26 2.762790e-03
19 27 1.788300e-04
19 28 6.676420e-06
19 29 6.731970e-07
19 30 1.798560e-09
19 31 0.000000e+00
19 32 0.000000e+00
19 33 0.000000e+00
19 34 0.000000e+00
19 35 0.000000e+00
19 36 0.000000e+00
19 37 0.000000e+00
19 38 0.000000e+00
19 39 0.000000e+00
19 40 0.000000e+00
20 1 9.961980e-05
20 2 4.568680e-05
20 3 7.161880e-05
20 4 1.052550e-04
20 5 1.647230e-04
20 6 2.603970e-04
20 7 4.188310e-04
20 8 6.938570e-04
20 9 1.172950e-03
20 10 2.058370e-03
20 11 3.705550e-03
20 12 6.872310e-03
20 13 1.308280e-02
20 14 2.566320e-02
20 15 5.126380e-02
20 16 1.045470e-01
20 17 2.169150e-01
20 18 4.544810e-01
20 19 9.506830e-01
20 20 1.644650e+00
20 21 1.483270e+00
20 22 9.772490e-01
20 23 5.126420e-01
20 24 1.984130e-01
20 25 5.139550e-02
20 26 7.869250e-03
20 27 6.095630e-04
20 28 2.104100e-05
20 29 4.729990e-07
20 30 6.348810e-09
20 31 0.000000e+00
20 32 0.000000e+00
20 33 0.000000e+00
20 34 0.000000e+00
20 35 0.000000e+00
20 36 0.000000e+00
20 37 0.000000e+00
20 38 0.000000e+00
20 39 0.000000e+00
20 40 0.000000e+00
21 1 2.411650e-05
21 2 1.183960e-05
21 3 1.884680e-05
21 4 2.819700e-05
21 5 4.503830e-05
21 6 7.288920e-05
21 7 1.203560e-04
21 8 2.052580e-04
21 9 3.581990e-04
21 10 6.508040e-04
21 11 1.217270e-03
21 12 2.353270e-03
21 13 4.670010e-03
21 14 9.505000e-03
21 15 1.977250e-02
21 16 4.240750e-02
21 17 9.302630e-02
21 18 2.071530e-01
21 19 4.630720e-01
21 20 1.028470e+00
21 21 1.831750e+00
21 22 1.570130e+00
21 23 9.285180e-01
21 24 4.149830e-01
21 25 1.273790e-01
21 26 2.376010e-02
21 27 2.308430e-03
21 28 9.683350e-05
21 29 1.919390e-06
21 30 2.874520e-08
21 31 0.000000e+00
21 32 0.000000e+00
21 33 0.000000e+00
21 34 0.000000e+00
21 35 0.000000e+00
21 36 0.000000e+00
21 37 0.000000e+00
21 38 0.000000e+00
21 39 0.000000e+00
21 40 0.000000e+00
22 1 4.183780e-06
22 2 2.279880e-06
22 3 3.701440e-06
22 4 5.631100e-06
22 5 9.146500e-06
22 6 1.510000e-05
22 7 2.553480e-05
22 8 4.479100e-05
22 9 8.077490e-05
22 10 1.524730e-04
22 11 2.980810e-04
22 12 6.076050e-04
22 13 1.279400e-03
22 14 2.760570e-03
22 15 6.075690e-03
22 16 1.383040e-02
22 17 3.250110e-02
22 18 7.824180e-02
22 19 1.905890e-01
22 20 4.642070e-01
22 21 1.109670e+00
22 22 2.048390e+00
22 23 1.652920e+00
22 24 8.601250e-01
22 25 3.174740e-01
22 26 7.373700e-02
22 27 9.265890e-03
22 28 5.205500e-04
22 29 1.178420e-05
22 30 1.619360e-07
22 31 3.315300e-10
22 32 0.000000e+00
22 33 0.000000e+00
22 34 0.000000e+00
22 35 0.000000e+00
22 36 0.000000e+00
22 37 0.000000e+00
22 38 0.000000e+00
22 39 0.000000e+00
22 40 0.000000e+00
23 1 5.880860e-07
23 2 3.366430e-07
23 3 5.588530e-07
23 4 8.643870e-07
23 5 1.408780e-06
23 6 2.308220e-06
23 7 3.878270e-06
23 8 6.831880e-06
23 9 1.258410e-05
23 10 2.458600e-05
23 11 5.049750e-05
23 12 1.099210e-04
23 13 2.530510e-04
23 14 6.064080e-04
23 15 1.470680e-03
23 16 3.617560e-03
23 17 9.073870e-03
23 18 2.345630e-02
23 19 6.250120e-02
23 20 1.694520e-01
23 21 4.564940e-01
23 22 1.194030e+00
23 23 2.299300e+00
23 24 1.730900e+00
23 25 7.741570e-01
23 26 2.273970e-01
23 27 3.792090e-02
23 28 2.987590e-03
23 29 8.942760e-05
23 30 1.341360e-06
23 31 2.496600e-08
23 32 0.000000e+00
23 33 0.000000e+00
23 34 0.000000e+00
23 35 0.000000e+00
23 36 0.000000e+00
23 37 0.000000e+00
23 38 0.000000e+00
23 39 0.000000e+00
23 40 0.000000e+00
24 1 1.217470e-07
24 2 6.969220e-08
24 3 1.153050e-07
24 4 1.763850e-07
24 5 2.826260e-07
24 6 4.489810e-07
24 7 7.100900e-07
24 8 1.129880e-06
24 9 1.830620e-06
24 10 3.248690e-06
24 11 6.341540e-06
24 12 1.393420e-05
24 13 3.392920e-05
24 14 8.941680e-05
24 15 2.434750e-04
24 16 6.684310e-04
24 17 1.856430e-03
24 18 5.290570e-03
24 19 1.558570e-02
24 20 4.755820e-02
24 21 1.466770e-01
24 22 4.448440e-01
24 23 1.285520e+00
24 24 2.586000e+00
24 25 1.801580e+00
24 26 6.766350e-01
24 27 1.516760e-01
24 28 1.692360e-02
24 29 7.470020e-04
24 30 1.138310e-05
24 31 3.891210e-07
24 32 0.000000e+00
24 33 0.000000e+00
24 34 0.000000e+00
24 35 0.000000e+00
24 36 0.000000e+00
24 37 0.000000e+00
24 38 0.000000e+00
24 39 0.000000e+00
24 40 0.000000e+00
25 1 2.911800e-08
25 2 1.666820e-08
25 3 2.757740e-08
25 4 4.218590e-08
25 5 6.759530e-08
25 6 1.073820e-07
25 7 1.698310e-07
25 8 2.699050e-07
25 9 4.260130e-07
25 10 6.788170e-07
25 11 1.092130e-06
25 12 1.842660e-06
25 13 3.599980e-06
25 14 8.964390e-06
25 15 2.702950e-05
25 16 8.642930e-05
25 17 2.672920e-04
25 18 8.348870e-04
25 19 2.726690e-03
25 20 9.424240e-03
25 21 3.382250e-02
25 22 1.221080e-01
25 23 4.265940e-01
25 24 1.385210e+00
25 25 2.927830e+00
25 26 1.868530e+00
25 27 5.720900e-01
25 28 9.297690e-02
25 29 6.398090e-03
25 30 1.415580e-04
25 31 1.756650e-06
25 32 0.000000e+00
25 33 0.000000e+00
25 34 0.000000e+00
25 35 0.000000e+00
25 36 0.000000e+00
25 37 0.000000e+00
25 38 0.000000e+00
25 39 0.000000e+00
25 40 0.000000e+00
26 1 6.776210e-09
26 2 3.878950e-09
26 3 6.417680e-09
26 4 9.817300e-09
26 5 1.573050e-08
26 6 2.498950e-08
26 7 3.952230e-08
26 8 6.281090e-08
26 9 9.913980e-08
26 10 1.577380e-07
26 11 2.497250e-07
26 12 3.957260e-07
26 13 6.330560e-07
26 14 1.096380e-06
26 15 2.420430e-06
26 16 8.363890e-06
26 17 3.731910e-05
26 18 1.407390e-04
26 19 4.807740e-04
26 20 1.646540e-03
26 21 5.968280e-03
26 22 2.343700e-02
26 23 9.721540e-02
26 24 3.977970e-01
26 25 1.492330e+00
26 26 3.361590e+00
26 27 1.936900e+00
26 28 4.646110e-01
26 29 5.217690e-02
26 30 2.114330e-03
26 31 2.381060e-05
26 32 0.000000e+00
26 33 0.000000e+00
26 34 0.000000e+00
26 35 0.000000e+00
26 36 0.000000e+00
26 37 0.000000e+00
26 38 0.000000e+00
26 39 0.000000e+00
26 40 0.000000e+00
27 1 2.931650e-09
27 2 1.678180e-09
27 3 2.776540e-09
27 4 4.247350e-09
27 5 6.805620e-09
27 6 1.081140e-08
27 7 1.709890e-08
27 8 2.717450e-08
27 9 4.289180e-08
27 10 6.824340e-08
27 11 1.080410e-07
27 12 1.712060e-07
27 13 2.710430e-07
27 14 4.302780e-07
27 15 6.816050e-07
27 16 1.109330e-06
27 17 2.142580e-06
27 18 6.478590e-06
27 19 2.580270e-05
27 20 1.137770e-04
27 21 5.464780e-04
27 22 2.746460e-03
27 23 1.419300e-02
27 24 7.475320e-02
27 25 3.736680e-01
27 26 1.634650e+00
27 27 3.903780e+00
27 28 2.022200e+00
27 29 3.682150e-01
27 30 2.627440e-02
27 31 5.321930e-04
27 32 3.823610e-06
27 33 6.057520e-07
27 34 0.000000e+00
27 35 0.000000e+00
27 36 0.000000e+00
27 37 0.000000e+00
27 38 0.000000e+00
27 39 0.000000e+00
27 40 0.000000e+00
28 1 1.510680e-09
28 2 8.647700e-10
28 3 1.430750e-09
28 4 2.188670e-09
28 5 3.506950e-09
28 6 5.571150e-09
28 7 8.811090e-09
28 8 1.400300e-08
28 9 2.210220e-08
28 10 3.516590e-08
28 11 5.567350e-08
28 12 8.822260e-08
28 13 1.396690e-07
28 14 2.217230e-07
28 15 3.509420e-07
28 16 5.566690e-07
28 17 8.824420e-07
28 18 1.433470e-06
28 19 2.767300e-06
28 20 8.248070e-06
28 21 4.026240e-05
28 22 2.223720e-04
28 23 1.283810e-03
28 24 8.203280e-03
28 25 5.486330e-02
28 26 3.454680e-01
28 27 1.822050e+00
28 28 4.673260e+00
28 29 2.147160e+00
28 30 2.836060e-01
28 31 1.194160e-02
28 32 1.129500e-04
28 33 2.529930e-06
28 34 0.000000e+00
28 35 0.000000e+00
28 36 0.000000e+00
28 37 0.000000e+00
28 38 0.000000e+00
28 39 0.000000e+00
28 40 0.000000e+00
29 1 1.078950e-09
29 2 6.176300e-10
29 3 1.021860e-09
29 4 1.563170e-09
29 5 2.504690e-09
29 6 3.978970e-09
29 7 6.292960e-09
29 8 1.000110e-08
29 9 1.578560e-08
29 10 2.511580e-08
29 11 3.976250e-08
29 12 6.300940e-08
29 13 9.975280e-08
29 14 1.583570e-07
29 15 2.506460e-07
29 16 3.975780e-07
29 17 6.301170e-07
29 18 9.987480e-07
29 19 1.581800e-06
29 20 2.516450e-06
29 21 5.371170e-06
29 22 2.345010e-05
29 23 1.220470e-04
29 24 7.312110e-04
29 25 5.105190e-03
29 26 4.042760e-02
29 27 3.199350e-01
29 28 2.094240e+00
29 29 5.873830e+00
29 30 2.362190e+00
29 31 2.164110e-01
29 32 4.983940e-03
29 33 1.983730e-05
29 34 1.602550e-08
29 35 0.000000e+00
29 36 0.000000e+00
29 37 0.000000e+00
29 38 0.000000e+00
29 39 0.000000e+00
29 40 0.000000e+00
30 1 8.202400e-10
30 2 4.695400e-10
30 3 7.768400e-10
30 4 1.188360e-09
30 5 1.904130e-09
30 6 3.024910e-09
30 7 4.784060e-09
30 8 7.603080e-09
30 9 1.200060e-08
30 10 1.909370e-08
30 11 3.022850e-08
30 12 4.790130e-08
30 13 7.583450e-08
30 14 1.203870e-07
30 15 1.905470e-07
30 16 3.022490e-07
30 17 4.790310e-07
30 18 7.592730e-07
30 19 1.202520e-06
30 20 1.907370e-06
30 21 3.031470e-06
30 22 4.928670e-06
30 23 8.913640e-06
30 24 2.380630e-05
30 25 1.684120e-04
30 26 2.044810e-03
30 27 2.698620e-02
30 28 3.097790e-01
30 29 2.584290e+00
30 30 7.939190e+00
30 31 2.809510e+00
30 32 1.675050e-01
30 33 1.856660e-03
30 34 3.468830e-06
30 35 7.872330e-09
30 36 0.000000e+00
30 37 0.000000e+00
30 38 0.000000e+00
30 39 0.000000e+00
30 40 0.000000e+00
31 1 6.465500e-10
31 2 3.701100e-10
31 3 6.123400e-10
31 4 9.367100e-10
31 5 1.500920e-09
31 6 2.384360e-09
31 7 3.771000e-09
31 8 5.993080e-09
31 9 9.459380e-09
31 10 1.505050e-08
31 11 2.382740e-08
31 12 3.775780e-08
31 13 5.977600e-08
31 14 9.489390e-08
31 15 1.501980e-07
31 16 2.382450e-07
31 17 3.775920e-07
31 18 5.984910e-07
31 19 9.478780e-07
31 20 1.503110e-06
31 21 2.381770e-06
31 22 3.777370e-06
31 23 5.998670e-06
31 24 9.550660e-06
31 25 1.557700e-05
31 26 5.638280e-05
31 27 9.053410e-04
31 28 1.846310e-02
31 29 3.137470e-01
31 30 3.531650e+00
31 31 1.212890e+01
31 32 3.762190e+00
31 33 1.373130e-01
31 34 6.138900e-04
31 35 8.322610e-07
31 36 0.000000e+00
31 37 0.000000e+00
31 38 0.000000e+00
31 39 0.000000e+00
31 40 0.000000e+00
32 1 7.394700e-10
32 2 4.233000e-10
32 3 7.003400e-10
32 4 1.071330e-09
32 5 1.716620e-09
32 6 2.727030e-09
32 7 4.312950e-09
32 8 6.854370e-09
32 9 1.081880e-08
32 10 1.721340e-08
32 11 2.725170e-08
32 12 4.318420e-08
32 13 6.836670e-08
32 14 1.085310e-07
32 15 1.717830e-07
32 16 2.724850e-07
32 17 4.318580e-07
32 18 6.845030e-07
32 19 1.084100e-06
32 20 1.719120e-06
32 21 2.724000e-06
32 22 4.318170e-06
32 23 6.847130e-06
32 24 1.087610e-05
32 25 1.734680e-05
32 26 2.776910e-05
32 27 4.941280e-05
32 28 4.171200e-04
32 29 1.278590e-02
32 30 3.407470e-01
32 31 5.356090e+00
32 32 2.046330e+01
32 33 5.399900e+00
32 34 1.103150e-01
32 35 1.665290e-04
32 36 5.470640e-08
32 37 0.000000e+00
32 38 0.000000e+00
32 39 0.000000e+00
32 40 0.000000e+00
33 1 6.125400e-10
33 2 3.506400e-10
33 3 5.801300e-10
33 4 8.874400e-10
33 5 1.421960e-09
33 6 2.258930e-09
33 7 3.572630e-09
33 8 5.677810e-09
33 9 8.961760e-09
33 10 1.425870e-08
33 11 2.257390e-08
33 12 3.577160e-08
33 13 5.663150e-08
33 14 8.990190e-08
33 15 1.422960e-07
33 16 2.257120e-07
33 17 3.577290e-07
33 18 5.670080e-07
33 19 8.980150e-07
33 20 1.424030e-06
33 21 2.256420e-06
33 22 3.576910e-06
33 23 5.669100e-06
33 24 8.992070e-06
33 25 1.432550e-05
33 26 2.301400e-05
33 27 3.718860e-05
33 28 6.012360e-05
33 29 1.843570e-04
33 30 7.285170e-03
33 31 3.329430e-01
33 32 7.454940e+00
33 33 2.901590e+01
33 34 5.839170e+00
33 35 5.831090e-02
33 36 2.759730e-05
33 37 0.000000e+00
33 38 0.000000e+00
33 39 0.000000e+00
33 40 0.000000e+00
34 1 1.266000e-10
34 2 7.246800e-11
34 3 1.199000e-10
34 4 1.834100e-10
34 5 2.938800e-10
34 6 4.668600e-10
34 7 7.383700e-10
34 8 1.173460e-09
34 9 1.852170e-09
34 10 2.946910e-09
34 11 4.665450e-09
34 12 7.393070e-09
34 13 1.170430e-08
34 14 1.858040e-08
34 15 2.940900e-08
34 16 4.664900e-08
34 17 7.393340e-08
34 18 1.171860e-07
34 19 1.855970e-07
34 20 2.943110e-07
34 21 4.663440e-07
34 22 7.392550e-07
34 23 1.171640e-06
34 24 1.856710e-06
34 25 2.944550e-06
34 26 4.708860e-06
34 27 7.726940e-06
34 28 1.295570e-05
34 29 2.168330e-05
34 30 4.684350e-05
34 31 2.190380e-03
34 32 1.930350e-01
34 33 6.389830e+00
34 34 2.367220e+01
34 35 3.398720e+00
34 36 1.440990e-02
34 37 2.569340e-06
34 38 0.000000e+00
34 39 0.000000e+00
34 40 0.000000e+00
35 1 5.270300e-11
35 2 3.016900e-11
35 3 4.991400e-11
35 4 7.635500e-11
35 5 1.223500e-10
35 6 1.943600e-10
35 7 3.073900e-10
35 8 4.885200e-10
35 9 7.710700e-10
35 10 1.226820e-09
35 11 1.942260e-09
35 12 3.077790e-09
35 13 4.872570e-09
35 14 7.735170e-09
35 15 1.224320e-08
35 16 1.942030e-08
35 17 3.077900e-08
35 18 4.878530e-08
35 19 7.726520e-08
35 20 1.225240e-07
35 21 1.941430e-07
35 22 3.077570e-07
35 23 4.877600e-07
35 24 7.729520e-07
35 25 1.224500e-06
35 26 1.936380e-06
35 27 3.060070e-06
35 28 4.839680e-06
35 29 7.658720e-06
35 30 1.212360e-05
35 31 1.921390e-05
35 32 2.664120e-04
35 33 6.301500e-02
35 34 3.473190e+00
35 35 1.369160e+01
35 36 1.598160e+00
35 37 2.620130e-03
35 38 1.720560e-06
35 39 0.000000e+00
35 40 0.000000e+00
36 1 3.987100e-11
36 2 2.282400e-11
36 3 3.776200e-11
36 4 5.776500e-11
36 5 9.255800e-11
36 6 1.470400e-10
36 7 2.325500e-10
36 8 3.695800e-10
36 9 5.833400e-10
36 10 9.281300e-10
36 11 1.469380e-09
36 12 2.328450e-09
36 13 3.686260e-09
36 14 5.851900e-09
36 15 9.262360e-09
36 16 1.469210e-08
36 17 2.328530e-08
36 18 3.690770e-08
36 19 5.845360e-08
36 20 9.269330e-08
36 21 1.468750e-07
36 22 2.328280e-07
36 23 3.690060e-07
36 24 5.847630e-07
36 25 9.268380e-07
36 26 1.469100e-06
36 27 2.330050e-06
36 28 3.698340e-06
36 29 5.869740e-06
36 30 9.310810e-06
36 31 1.476500e-05
36 32 2.340990e-05
36 33 5.713750e-05
36 34 1.990050e-02
36 35 1.975260e+00
36 36 8.903800e+00
36 37 8.913960e-01
36 38 4.908480e-04
36 39 2.021440e-09
36 40 0.000000e+00
37 1 2.049600e-11
37 2 1.173200e-11
37 3 1.941100e-11
37 4 2.969400e-11
37 5 4.757900e-11
37 6 7.558400e-11
37 7 1.195400e-10
37 8 1.899800e-10
37 9 2.998600e-10
37 10 4.771000e-10
37 11 7.553200e-10
37 12 1.196920e-09
37 13 1.894890e-09
37 14 3.008120e-09
37 15 4.761240e-09
37 16 7.552350e-09
37 17 1.196960e-08
37 18 1.897210e-08
37 19 3.004760e-08
37 20 4.764820e-08
37 21 7.549990e-08
37 22 1.196830e-07
37 23 1.896850e-07
37 24 3.005930e-07
37 25 4.764340e-07
37 26 7.550930e-07
37 27 1.197010e-06
37 28 1.901780e-06
37 29 3.037570e-06
37 30 4.881480e-06
37 31 7.877660e-06
37 32 1.270910e-05
37 33 2.043930e-05
37 34 3.362250e-05
37 35 6.882270e-03
37 36 1.330360e+00
37 37 6.795740e+00
37 38 5.723080e-01
37 39 8.049050e-05
37 40 0.000000e+00
38 1 7.127800e-12
38 2 4.080200e-12
38 3 6.750600e-12
38 4 1.032700e-11
38 5 1.654700e-11
38 6 2.628600e-11
38 7 4.157300e-11
38 8 6.607000e-11
38 9 1.042800e-10
38 10 1.659200e-10
38 11 2.626800e-10
38 12 4.162600e-10
38 13 6.589900e-10
38 14 1.046140e-09
38 15 1.655830e-09
38 16 2.626500e-09
38 17 4.162710e-09
38 18 6.597980e-09
38 19 1.044970e-08
38 20 1.657080e-08
38 21 2.625680e-08
38 22 4.162270e-08
38 23 6.596720e-08
38 24 1.045380e-07
38 25 1.656910e-07
38 26 2.626010e-07
38 27 4.161900e-07
38 28 6.596950e-07
38 29 1.046540e-06
38 30 1.663130e-06
38 31 2.648730e-06
38 32 4.225550e-06
38 33 6.743790e-06
38 34 1.075170e-05
38 35 1.717250e-05
38 36 2.391090e-03
38 37 9.874090e-01
38 38 5.684600e+00
38 39 4.056900e-01
38 40 1.190120e-05
39 1 5.217500e-12
39 2 2.986700e-12
39 3 4.941400e-12
39 4 7.559100e-12
39 5 1.211200e-11
39 6 1.924100e-11
39 7 3.043100e-11
39 8 4.836300e-11
39 9 7.633500e-11
39 10 1.214500e-10
39 11 1.922800e-10
39 12 3.047000e-10
39 13 4.823800e-10
39 14 7.657700e-10
39 15 1.212060e-09
39 16 1.922590e-09
39 17 3.047080e-09
39 18 4.829690e-09
39 19 7.649160e-09
39 20 1.212970e-08
39 21 1.921990e-08
39 22 3.046760e-08
39 23 4.828760e-08
39 24 7.652130e-08
39 25 1.212850e-07
39 26 1.922220e-07
39 27 3.046490e-07
39 28 4.828360e-07
39 29 7.652790e-07
39 30 1.213670e-06
39 31 1.927020e-06
39 32 3.063000e-06
39 33 4.873210e-06
39 34 7.754360e-06
39 35 1.233180e-05
39 36 1.959780e-05
39 37 8.400720e-04
39 38 8.153030e-01
39 39 5.188900e+00
39 40 3.053720e-01
40 1 2.665300e-12
40 2 1.525700e-12
40 3 2.524300e-12
40 4 3.861400e-12
40 5 6.187200e-12
40 6 9.829100e-12
40 7 1.554500e-11
40 8 2.470500e-11
40 9 3.899400e-11
40 10 6.204300e-11
40 11 9.822400e-11
40 12 1.556500e-10
40 13 2.464200e-10
40 14 3.911800e-10
40 15 6.191600e-10
40 16 9.821200e-10
40 17 1.556550e-09
40 18 2.467170e-09
40 19 3.907450e-09
40 20 6.196260e-09
40 21 9.818150e-09
40 22 1.556390e-08
40 23 2.466690e-08
40 24 3.908960e-08
40 25 6.195630e-08
40 26 9.819360e-08
40 27 1.556250e-07
40 28 2.466490e-07
40 29 3.909090e-07
40 30 6.197010e-07
40 31 9.847940e-07
40 32 1.573200e-06
40 33 2.530810e-06
40 34 4.091640e-06
40 35 6.611060e-06
40 36 1.064240e-05
40 37 1.707450e-05
40 38 2.625000e-04
40 39 7.030210e-01
40 40 5.138840e+00
