1 1 4.082750e-01
1 2 1.510920e-01
1 3 2.029150e-01
1 4 2.456100e-01
1 5 3.092070e-01
1 6 3.839340e-01
1 7 4.727190e-01
1 8 5.818130e-01
1 9 7.067730e-01
1 10 8.583300e-01
1 11 1.026320e+00
1 12 1.212740e+00
1 13 1.408650e+00
1 14 1.607130e+00
1 15 1.781760e+00
1 16 1.916650e+00
1 17 1.977990e+00
1 18 1.938820e+00
1 19 1.780560e+00
1 20 1.509960e+00
1 21 1.156020e+00
1 22 7.797150e-01
1 23 4.483230e-01
1 24 2.111790e-01
1 25 7.758600e-02
1 26 2.090140e-02
1 27 3.827700e-03
1 28 4.338160e-04
1 29 2.817720e-05
1 30 1.594420e-06
1 31 9.428110e-08
1 32 0.000000e+00
1 33 0.000000e+00
1 34 0.000000e+00
1 35 0.000000e+00
1 36 0.000000e+00
1 37 0.000000e+00
1 38 0.000000e+00
1 39 0.000000e+00
1 40 0.000000e+00
2 1 3.285130e-01
2 2 1.294510e-01
2 3 1.783290e-01
2 4 2.198050e-01
2 5 2.776770e-01
2 6 3.448150e-01
2 7 4.245870e-01
2 8 5.226250e-01
2 9 6.349490e-01
2 10 7.712290e-01
2 11 9.223440e-01
2 12 1.090190e+00
2 13 1.266680e+00
2 14 1.445720e+00
2 15 1.603610e+00
2 16 1.726080e+00
2 17 1.782670e+00
2 18 1.749060e+00
2 19 1.608250e+00
2 20 1.365960e+00
2 21 1.047690e+00
2 22 7.083180e-01
2 23 4.084620e-01
2 24 1.931000e-01
2 25 7.125920e-02
2 26 1.930190e-02
2 27 3.558390e-03
2 28 4.065440e-04
2 29 2.665000e-05
2 30 1.518860e-06
2 31 9.039360e-08
2 32 0.000000e+00
2 33 0.000000e+00
2 34 0.000000e+00
2 35 0.000000e+00
2 36 0.000000e+00
2 37 0.000000e+00
2 38 0.000000e+00
2 39 0.000000e+00
2 40 0.000000e+00
3 1 2.605460e-01
3 2 1.075820e-01
3 3 1.527500e-01
3 4 1.939360e-01
3 5 2.489530e-01
3 6 3.097250e-01
3 7 3.814250e-01
3 8 4.695540e-01
3 9 5.705670e-01
3 10 6.931560e-01
3 11 8.291890e-01
3 12 9.803860e-01
3 13 1.139560e+00
3 14 1.301270e+00
3 15 1.444250e+00
3 16 1.555760e+00
3 17 1.608250e+00
3 18 1.579890e+00
3 19 1.454910e+00
3 20 1.238090e+00
3 21 9.518360e-01
3 22 6.453950e-01
3 23 3.735310e-01
3 24 1.773810e-01
3 25 6.581890e-02
3 26 1.794870e-02
3 27 3.336070e-03
3 28 3.849170e-04
3 29 2.555440e-05
3 30 1.467060e-06
3 31 8.800170e-08
3 32 0.000000e+00
3 33 0.000000e+00
3 34 0.000000e+00
3 35 0.000000e+00
3 36 0.000000e+00
3 37 0.000000e+00
3 38 0.000000e+00
3 39 0.000000e+00
3 40 0.000000e+00
4 1 2.017260e-01
4 2 8.609090e-02
4 3 1.264800e-01
4 4 1.666390e-01
4 5 2.209580e-01
4 6 2.785550e-01
4 7 3.433900e-01
4 8 4.227940e-01
4 9 5.138530e-01
4 10 6.244210e-01
4 11 7.471950e-01
4 12 8.837430e-01
4 13 1.027780e+00
4 14 1.174360e+00
4 15 1.304320e+00
4 16 1.406370e+00
4 17 1.455450e+00
4 18 1.432060e+00
4 19 1.321260e+00
4 20 1.126980e+00
4 21 8.689940e-01
4 22 5.913280e-01
4 23 3.437740e-01
4 24 1.641520e-01
4 25 6.131970e-02
4 26 1.685910e-02
4 27 3.164590e-03
4 28 3.694750e-04
4 29 2.494320e-05
4 30 1.441880e-06
4 31 8.730110e-08
4 32 0.000000e+00
4 33 0.000000e+00
4 34 0.000000e+00
4 35 0.000000e+00
4 36 0.000000e+00
4 37 0.000000e+00
4 38 0.000000e+00
4 39 0.000000e+00
4 40 0.000000e+00
5 1 1.606940e-01
5 2 6.808010e-02
5 3 1.014750e-01
5 4 1.380190e-01
5 5 1.907570e-01
5 6 2.490370e-01
5 7 3.101030e-01
5 8 3.820240e-01
5 9 4.644140e-01
5 10 5.645170e-01
5 11 6.757710e-01
5 12 7.996380e-01
5 13 9.305540e-01
5 14 1.064070e+00
5 15 1.182890e+00
5 16 1.276910e+00
5 17 1.323410e+00
5 18 1.304590e+00
5 19 1.206390e+00
5 20 1.031920e+00
5 21 7.985480e-01
5 22 5.457610e-01
5 23 3.190030e-01
5 24 1.533330e-01
5 25 5.774000e-02
5 26 1.602990e-02
5 27 3.044180e-03
5 28 3.603850e-04
5 29 2.475640e-05
5 30 1.445280e-06
5 31 8.843700e-08
5 32 0.000000e+00
5 33 0.000000e+00
5 34 0.000000e+00
5 35 0.000000e+00
5 36 0.000000e+00
5 37 0.000000e+00
5 38 0.000000e+00
5 39 0.000000e+00
5 40 0.000000e+00
6 1 1.257490e-01
6 2 5.302610e-02
6 3 7.933170e-02
6 4 1.096210e-01
6 5 1.571800e-01
6 6 2.158070e-01
6 7 2.788520e-01
6 8 3.460760e-01
6 9 4.208760e-01
6 10 5.117820e-01
6 11 6.129450e-01
6 12 7.257370e-01
6 13 8.451690e-01
6 14 9.673430e-01
6 15 1.076600e+00
6 16 1.163820e+00
6 17 1.208470e+00
6 18 1.193920e+00
6 19 1.107160e+00
6 20 9.503570e-01
6 21 7.386190e-01
6 22 5.075200e-01
6 23 2.986100e-01
6 24 1.446840e-01
6 25 5.501590e-02
6 26 1.545350e-02
6 27 2.975980e-03
6 28 3.582040e-04
6 29 2.506410e-05
6 30 1.483460e-06
6 31 9.189750e-08
6 32 0.000000e+00
6 33 0.000000e+00
6 34 0.000000e+00
6 35 0.000000e+00
6 36 0.000000e+00
6 37 0.000000e+00
6 38 0.000000e+00
6 39 0.000000e+00
6 40 0.000000e+00
7 1 9.490530e-02
7 2 3.993020e-02
7 3 6.046860e-02
7 4 8.445870e-02
7 5 1.232560e-01
7 6 1.766910e-01
7 7 2.428690e-01
7 8 3.132510e-01
7 9 3.829450e-01
7 10 4.658420e-01
7 11 5.582840e-01
7 12 6.614980e-01
7 13 7.710390e-01
7 14 8.835250e-01
7 15 9.846930e-01
7 16 1.066300e+00
7 17 1.109600e+00
7 18 1.099300e+00
7 19 1.022890e+00
7 20 8.817530e-01
7 21 6.888640e-01
7 22 4.763890e-01
7 23 2.825100e-01
7 24 1.382030e-01
7 25 5.316350e-02
7 26 1.514240e-02
7 27 2.964660e-03
7 28 3.638960e-04
7 29 2.601830e-05
7 30 1.564580e-06
7 31 9.831200e-08
7 32 0.000000e+00
7 33 0.000000e+00
7 34 0.000000e+00
7 35 0.000000e+00
7 36 0.000000e+00
7 37 0.000000e+00
7 38 0.000000e+00
7 39 0.000000e+00
7 40 0.000000e+00
8 1 7.260960e-02
8 2 3.057530e-02
8 3 4.635130e-02
8 4 6.493190e-02
8 5 9.502670e-02
8 6 1.376750e-01
8 7 1.976560e-01
8 8 2.743780e-01
8 9 3.490120e-01
8 10 4.261150e-01
8 11 5.110080e-01
8 12 6.060190e-01
8 13 7.071740e-01
8 14 8.114470e-01
8 15 9.059330e-01
8 16 9.830600e-01
8 17 1.025670e+00
8 18 1.019530e+00
8 19 9.525950e-01
8 20 8.253690e-01
8 21 6.488660e-01
8 22 4.521890e-01
8 23 2.706820e-01
8 24 1.339390e-01
8 25 5.223300e-02
8 26 1.512230e-02
8 27 3.018470e-03
8 28 3.790210e-04
8 29 2.773930e-05
8 30 1.700920e-06
8 31 1.086330e-07
8 32 0.000000e+00
8 33 0.000000e+00
8 34 0.000000e+00
8 35 0.000000e+00
8 36 0.000000e+00
8 37 0.000000e+00
8 38 0.000000e+00
8 39 0.000000e+00
8 40 0.000000e+00
9 1 5.776900e-02
9 2 2.382320e-02
9 3 3.551310e-02
9 4 4.941210e-02
9 5 7.263940e-02
9 6 1.057300e-01
9 7 1.530620e-01
9 8 2.222010e-01
9 9 3.078640e-01
9 10 3.911530e-01
9 11 4.703230e-01
9 12 5.582910e-01
9 13 6.524260e-01
9 14 7.498720e-01
9 15 8.389700e-01
9 16 9.127330e-01
9 17 9.553200e-01
9 18 9.534650e-01
9 19 8.953050e-01
9 20 7.805040e-01
9 21 6.182270e-01
9 22 4.348180e-01
9 23 2.631920e-01
9 24 1.319940e-01
9 25 5.230400e-02
9 26 1.543110e-02
9 27 3.148960e-03
9 28 4.056700e-04
9 29 3.041420e-05
9 30 1.907270e-06
9 31 1.239540e-07
9 32 0.000000e+00
9 33 0.000000e+00
9 34 0.000000e+00
9 35 0.000000e+00
9 36 0.000000e+00
9 37 0.000000e+00
9 38 0.000000e+00
9 39 0.000000e+00
9 40 0.000000e+00
10 1 4.364400e-02
10 2 1.798810e-02
10 3 2.694260e-02
10 4 3.758120e-02
10 5 5.522660e-02
10 6 8.052420e-02
10 7 1.168260e-01
10 8 1.705400e-01
10 9 2.475150e-01
10 10 3.477310e-01
10 11 4.355230e-01
10 12 5.182290e-01
10 13 6.064990e-01
10 14 6.984870e-01
10 15 7.834330e-01
10 16 8.549550e-01
10 17 8.981520e-01
10 18 9.007100e-01
10 19 8.508120e-01
10 20 7.470910e-01
10 21 5.970260e-01
10 22 4.244230e-01
10 23 2.602690e-01
10 24 1.325820e-01
10 25 5.351960e-02
10 26 1.613850e-02
10 27 3.378450e-03
10 28 4.482940e-04
10 29 3.435630e-05
10 30 2.222840e-06
10 31 1.474250e-07
10 32 0.000000e+00
10 33 0.000000e+00
10 34 0.000000e+00
10 35 0.000000e+00
10 36 0.000000e+00
10 37 0.000000e+00
10 38 0.000000e+00
10 39 0.000000e+00
10 40 0.000000e+00
11 1 3.215360e-02
11 2 1.326190e-02
11 3 1.982830e-02
11 4 2.761150e-02
11 5 4.063930e-02
11 6 5.970860e-02
11 7 8.738780e-02
11 8 1.283610e-01
11 9 1.876300e-01
11 10 2.771740e-01
11 11 3.906140e-01
11 12 4.850700e-01
11 13 5.690670e-01
11 14 6.568800e-01
11 15 7.389060e-01
11 16 8.092700e-01
11 17 8.539040e-01
11 18 8.609760e-01
11 19 8.189300e-01
11 20 7.251370e-01
11 21 5.854530e-01
11 22 4.213940e-01
11 23 2.623100e-01
11 24 1.360490e-01
11 25 5.610710e-02
11 26 1.735030e-02
11 27 3.741000e-03
11 28 5.137500e-04
11 29 4.063310e-05
11 30 2.710060e-06
11 31 1.840710e-07
11 32 0.000000e+00
11 33 0.000000e+00
11 34 0.000000e+00
11 35 0.000000e+00
11 36 0.000000e+00
11 37 0.000000e+00
11 38 0.000000e+00
11 39 0.000000e+00
11 40 0.000000e+00
12 1 2.490100e-02
12 2 1.025140e-02
12 3 1.525960e-02
12 4 2.108640e-02
12 5 3.066640e-02
12 6 4.434990e-02
12 7 6.459110e-02
12 8 9.548020e-02
12 9 1.403840e-01
12 10 2.084290e-01
12 11 3.091630e-01
12 12 4.390670e-01
12 13 5.384640e-01
12 14 6.235050e-01
12 15 7.037950e-01
12 16 7.741250e-01
12 17 8.211440e-01
12 18 8.333240e-01
12 19 7.991100e-01
12 20 7.146250e-01
12 21 5.839350e-01
12 22 4.264470e-01
12 23 2.700920e-01
12 24 1.430050e-01
12 25 6.042610e-02
12 26 1.922170e-02
12 27 4.282020e-03
12 28 6.104400e-04
12 29 5.025880e-05
12 30 3.409030e-06
12 31 2.385610e-07
12 32 0.000000e+00
12 33 0.000000e+00
12 34 0.000000e+00
12 35 0.000000e+00
12 36 0.000000e+00
12 37 0.000000e+00
12 38 0.000000e+00
12 39 0.000000e+00
12 40 0.000000e+00
13 1 1.708290e-02
13 2 7.051300e-03
13 3 1.050950e-02
13 4 1.452760e-02
13 5 2.117640e-02
13 6 3.090400e-02
13 7 4.543000e-02
13 8 6.784760e-02
13 9 1.013280e-01
13 10 1.523830e-01
13 11 2.282950e-01
13 12 3.438610e-01
13 13 4.933870e-01
13 14 5.995690e-01
13 15 6.794570e-01
13 16 7.509280e-01
13 17 8.011990e-01
13 18 8.189000e-01
13 19 7.923430e-01
13 20 7.163590e-01
13 21 5.931930e-01
13 22 4.402670e-01
13 23 2.843030e-01
13 24 1.540680e-01
13 25 6.692740e-02
13 26 2.199600e-02
13 27 5.091500e-03
13 28 7.591270e-04
13 29 6.561640e-05
13 30 4.038000e-06
13 31 3.312310e-07
13 32 0.000000e+00
13 33 0.000000e+00
13 34 0.000000e+00
13 35 0.000000e+00
13 36 0.000000e+00
13 37 0.000000e+00
13 38 0.000000e+00
13 39 0.000000e+00
13 40 0.000000e+00
14 1 1.339860e-02
14 2 5.524410e-03
14 3 8.228370e-03
14 4 1.136590e-02
14 5 1.651500e-02
14 6 2.389500e-02
14 7 3.465510e-02
14 8 5.080800e-02
14 9 7.451850e-02
14 10 1.116240e-01
14 11 1.673190e-01
14 12 2.522990e-01
14 13 3.828910e-01
14 14 5.542920e-01
14 15 6.619040e-01
14 16 7.358760e-01
14 17 7.908920e-01
14 18 8.155380e-01
14 19 7.976310e-01
14 20 7.307680e-01
14 21 6.148360e-01
14 22 4.650980e-01
14 23 3.071900e-01
14 24 1.709300e-01
14 25 7.657810e-02
14 26 2.607480e-02
14 27 6.283960e-03
14 28 9.805100e-04
14 29 8.890380e-05
14 30 4.949690e-06
14 31 4.709810e-07
14 32 0.000000e+00
14 33 0.000000e+00
14 34 0.000000e+00
14 35 0.000000e+00
14 36 0.000000e+00
14 37 0.000000e+00
14 38 0.000000e+00
14 39 0.000000e+00
14 40 0.000000e+00
15 1 9.463290e-03
15 2 3.907080e-03
15 3 5.823650e-03
15 4 8.050800e-03
15 5 1.170700e-02
15 6 1.693790e-02
15 7 2.454280e-02
15 8 3.606320e-02
15 9 5.321660e-02
15 10 7.985770e-02
15 11 1.199070e-01
15 12 1.813390e-01
15 13 2.763120e-01
15 14 4.262410e-01
15 15 6.212850e-01
15 16 7.319990e-01
15 17 7.930560e-01
15 18 8.258120e-01
15 19 8.172520e-01
15 20 7.597690e-01
15 21 6.505600e-01
15 22 5.025890e-01
15 23 3.403860e-01
15 24 1.950720e-01
15 25 9.047820e-02
15 26 3.207400e-02
15 27 8.097020e-03
15 28 1.332450e-03
15 29 1.281220e-04
15 30 7.345150e-06
15 31 7.196520e-07
15 32 0.000000e+00
15 33 0.000000e+00
15 34 0.000000e+00
15 35 0.000000e+00
15 36 0.000000e+00
15 37 0.000000e+00
15 38 0.000000e+00
15 39 0.000000e+00
15 40 0.000000e+00
16 1 6.325070e-03
16 2 2.616820e-03
16 3 3.904770e-03
16 4 5.405530e-03
16 5 7.873200e-03
16 6 1.141180e-02
16 7 1.655790e-02
16 8 2.434040e-02
16 9 3.595680e-02
16 10 5.419300e-02
16 11 8.216040e-02
16 12 1.257000e-01
16 13 1.934360e-01
16 14 3.011400e-01
16 15 4.722450e-01
16 16 6.985710e-01
16 17 8.083130e-01
16 18 8.507300e-01
16 19 8.528990e-01
16 20 8.055520e-01
16 21 7.031730e-01
16 22 5.559660e-01
16 23 3.871060e-01
16 24 2.292570e-01
16 25 1.105280e-01
16 26 4.100310e-02
16 27 1.091220e-02
16 28 1.908760e-03
16 29 1.967610e-04
16 30 1.157290e-05
16 31 1.179550e-06
16 32 0.000000e+00
16 33 0.000000e+00
16 34 0.000000e+00
16 35 0.000000e+00
16 36 0.000000e+00
16 37 0.000000e+00
16 38 0.000000e+00
16 39 0.000000e+00
16 40 0.000000e+00
17 1 4.364010e-03
17 2 1.807200e-03
17 3 2.697720e-03
17 4 3.736660e-03
17 5 5.446670e-03
17 6 7.902240e-03
17 7 1.147860e-02
17 8 1.687630e-02
17 9 2.487160e-02
17 10 3.733950e-02
17 11 5.639380e-02
17 12 8.614890e-02
17 13 1.327970e-01
17 14 2.075420e-01
17 15 3.272910e-01
17 16 5.236030e-01
17 17 7.826530e-01
17 18 8.884240e-01
17 19 9.041180e-01
17 20 8.695240e-01
17 21 7.759140e-01
17 22 6.298300e-01
17 23 4.524590e-01
17 24 2.780190e-01
17 25 1.399140e-01
17 26 5.455780e-02
17 27 1.537370e-02
17 28 2.870110e-03
17 29 3.184060e-04
17 30 1.953130e-05
17 31 2.019040e-06
17 32 0.000000e+00
17 33 0.000000e+00
17 34 0.000000e+00
17 35 0.000000e+00
17 36 0.000000e+00
17 37 0.000000e+00
17 38 0.000000e+00
17 39 0.000000e+00
17 40 0.000000e+00
18 1 2.705180e-03
18 2 1.123140e-03
18 3 1.678980e-03
18 4 2.329390e-03
18 5 3.402170e-03
18 6 4.948630e-03
18 7 7.210540e-03
18 8 1.063510e-02
18 9 1.572520e-02
18 10 2.370480e-02
18 11 3.601210e-02
18 12 5.549040e-02
18 13 8.649980e-02
18 14 1.367750e-01
18 15 2.182650e-01
18 16 3.535600e-01
18 17 5.792540e-01
18 18 8.790700e-01
18 19 9.757290e-01
18 20 9.566200e-01
18 21 8.738530e-01
18 22 7.297360e-01
18 23 5.423450e-01
18 24 3.469940e-01
18 25 1.831620e-01
18 26 7.553260e-02
18 27 2.271820e-02
18 28 4.573070e-03
18 29 5.531980e-04
18 30 3.621200e-05
18 31 2.410820e-06
18 32 0.000000e+00
18 33 0.000000e+00
18 34 0.000000e+00
18 35 0.000000e+00
18 36 0.000000e+00
18 37 0.000000e+00
18 38 0.000000e+00
18 39 0.000000e+00
18 40 0.000000e+00
19 1 1.518570e-03
19 2 6.329440e-04
19 3 9.474430e-04
19 4 1.316780e-03
19 5 1.927490e-03
19 6 2.811460e-03
19 7 4.111230e-03
19 8 6.091380e-03
19 9 9.052760e-03
19 10 1.372750e-02
19 11 2.102060e-02
19 12 3.275600e-02
19 13 5.188150e-02
19 14 8.378680e-02
19 15 1.366860e-01
19 16 2.260750e-01
19 17 3.782130e-01
19 18 6.398660e-01
19 19 9.894220e-01
19 20 1.073020e+00
19 21 1.004390e+00
19 22 8.641220e-01
19 23 6.658300e-01
19 24 4.449400e-01
19 25 2.474380e-01
19 26 1.085830e-01
19 27 3.517100e-02
19 28 7.729280e-03
19 29 1.037580e-03
19 30 7.525420e-05
19 31 3.264420e-06
19 32 0.000000e+00
19 33 0.000000e+00
19 34 0.000000e+00
19 35 0.000000e+00
19 36 0.000000e+00
19 37 0.000000e+00
19 38 0.000000e+00
19 39 0.000000e+00
19 40 0.000000e+00
20 1 8.782470e-04
20 2 3.673780e-04
20 3 5.508230e-04
20 4 7.670960e-04
20 5 1.125430e-03
20 6 1.646160e-03
20 7 2.415210e-03
20 8 3.592050e-03
20 9 5.361220e-03
20 10 8.162000e-03
20 11 1.253200e-02
20 12 1.955470e-02
20 13 3.098520e-02
20 14 5.007080e-02
20 15 8.235180e-02
20 16 1.383150e-01
20 17 2.353530e-01
20 18 4.057210e-01
20 19 7.065430e-01
20 20 1.110460e+00
20 21 1.169370e+00
20 22 1.041120e+00
20 23 8.361170e-01
20 24 5.870140e-01
20 25 3.460360e-01
20 26 1.625180e-01
20 27 5.691690e-02
20 28 1.366580e-02
20 29 2.024860e-03
20 30 1.626410e-04
20 31 6.833100e-06
20 32 0.000000e+00
20 33 0.000000e+00
20 34 0.000000e+00
20 35 0.000000e+00
20 36 0.000000e+00
20 37 0.000000e+00
20 38 0.000000e+00
20 39 0.000000e+00
20 40 0.000000e+00
21 1 4.522690e-04
21 2 1.900010e-04
21 3 2.855220e-04
21 4 3.987300e-04
21 5 5.870430e-04
21 6 8.622960e-04
21 7 1.271480e-03
21 8 1.902520e-03
21 9 2.860130e-03
21 10 4.391860e-03
21 11 6.811160e-03
21 12 1.074890e-02
21 13 1.724920e-02
21 14 2.827620e-02
21 15 4.707740e-02
21 16 7.999270e-02
21 17 1.382340e-01
21 18 2.428270e-01
21 19 4.322550e-01
21 20 7.787480e-01
21 21 1.246140e+00
21 22 1.273120e+00
21 23 1.068800e+00
21 24 7.915700e-01
21 25 4.971900e-01
21 26 2.516310e-01
21 27 9.614880e-02
21 28 2.553250e-02
21 29 4.245230e-03
21 30 3.879210e-04
21 31 1.765300e-05
21 32 1.592650e-07
21 33 0.000000e+00
21 34 0.000000e+00
21 35 0.000000e+00
21 36 0.000000e+00
21 37 0.000000e+00
21 38 0.000000e+00
21 39 0.000000e+00
21 40 0.000000e+00
22 1 1.995210e-04
22 2 8.472640e-05
22 3 1.276800e-04
22 4 1.789200e-04
22 5 2.645250e-04
22 6 3.905710e-04
22 7 5.795870e-04
22 8 8.739120e-04
22 9 1.325850e-03
22 10 2.058050e-03
22 11 3.232890e-03
22 12 5.179710e-03
22 13 8.458310e-03
22 14 1.412940e-02
22 15 2.400570e-02
22 16 4.171600e-02
22 17 7.394860e-02
22 18 1.336570e-01
22 19 2.454110e-01
22 20 4.571350e-01
22 21 8.581760e-01
22 22 1.405120e+00
22 23 1.384870e+00
22 24 1.085210e+00
22 25 7.299630e-01
22 26 4.008310e-01
22 27 1.686640e-01
22 28 5.015420e-02
22 29 9.508170e-03
22 30 1.010310e-03
22 31 5.239310e-05
22 32 3.129560e-06
22 33 7.987420e-07
22 34 0.000000e+00
22 35 0.000000e+00
22 36 0.000000e+00
22 37 0.000000e+00
22 38 0.000000e+00
22 39 0.000000e+00
22 40 0.000000e+00
23 1 7.438780e-05
23 2 3.208490e-05
23 3 4.845910e-05
23 4 6.809600e-05
23 5 1.010270e-04
23 6 1.498330e-04
23 7 2.236010e-04
23 8 3.395900e-04
23 9 5.199080e-04
23 10 8.163380e-04
23 11 1.300940e-03
23 12 2.121920e-03
23 13 3.543190e-03
23 14 6.082820e-03
23 15 1.066000e-02
23 16 1.913650e-02
23 17 3.505690e-02
23 18 6.559930e-02
23 19 1.252360e-01
23 20 2.435420e-01
23 21 4.787910e-01
23 22 9.461140e-01
23 23 1.592080e+00
23 24 1.506030e+00
23 25 1.088140e+00
23 26 6.520740e-01
23 27 3.047180e-01
23 28 1.026440e-01
23 29 2.255090e-02
23 30 2.849510e-03
23 31 1.771770e-04
23 32 7.120730e-06
23 33 6.336050e-07
23 34 1.547230e-09
23 35 0.000000e+00
23 36 0.000000e+00
23 37 0.000000e+00
23 38 0.000000e+00
23 39 0.000000e+00
23 40 0.000000e+00
24 1 2.228170e-05
24 2 1.045170e-05
24 3 1.584830e-05
24 4 2.237600e-05
24 5 3.338760e-05
24 6 4.986450e-05
24 7 7.504470e-05
24 8 1.151250e-04
24 9 1.783880e-04
24 10 2.841080e-04
24 11 4.603610e-04
24 12 7.655110e-04
24 13 1.307100e-03
24 14 2.304860e-03
24 15 4.169590e-03
24 16 7.752750e-03
24 17 1.473760e-02
24 18 2.864980e-02
24 19 5.693990e-02
24 20 1.159070e-01
24 21 2.398020e-01
24 22 5.009210e-01
24 23 1.045710e+00
24 24 1.809800e+00
24 25 1.634850e+00
24 26 1.075710e+00
24 27 5.629210e-01
24 28 2.169220e-01
24 29 5.578930e-02
24 30 8.457880e-03
24 31 6.468500e-04
24 32 2.255840e-05
24 33 3.776210e-07
24 34 6.975150e-09
24 35 0.000000e+00
24 36 0.000000e+00
24 37 0.000000e+00
24 38 0.000000e+00
24 39 0.000000e+00
24 40 0.000000e+00
25 1 4.630620e-06
25 2 2.551550e-06
25 3 4.029610e-06
25 4 5.815000e-06
25 5 8.768860e-06
25 6 1.320620e-05
25 7 2.007110e-05
25 8 3.115690e-05
25 9 4.896720e-05
25 10 7.931740e-05
25 11 1.311310e-04
25 12 2.232830e-04
25 13 3.920140e-04
25 14 7.143080e-04
25 15 1.345330e-03
25 16 2.621060e-03
25 17 5.214090e-03
25 18 1.060580e-02
25 19 2.210310e-02
25 20 4.741500e-02
25 21 1.041540e-01
25 22 2.325260e-01
25 23 5.216350e-01
25 24 1.160880e+00
25 25 2.074270e+00
25 26 1.777810e+00
25 27 1.048680e+00
25 28 4.671020e-01
25 29 1.427080e-01
25 30 2.646930e-02
25 31 2.555200e-03
25 32 1.064140e-04
25 33 2.117570e-06
25 34 3.382290e-08
25 35 0.000000e+00
25 36 0.000000e+00
25 37 0.000000e+00
25 38 0.000000e+00
25 39 0.000000e+00
25 40 0.000000e+00
26 1 7.307020e-07
26 2 4.182810e-07
26 3 6.920410e-07
26 4 1.058640e-06
26 5 1.695330e-06
26 6 2.670350e-06
26 7 4.151540e-06
26 8 6.479550e-06
26 9 1.013330e-05
26 10 1.628040e-05
26 11 2.677240e-05
26 12 4.567340e-05
26 13 8.121990e-05
26 14 1.521760e-04
26 15 3.004760e-04
26 16 6.308030e-04
26 17 1.393550e-03
26 18 3.130960e-03
26 19 7.067200e-03
26 20 1.613010e-02
26 21 3.742170e-02
26 22 8.914590e-02
26 23 2.178230e-01
26 24 5.355260e-01
26 25 1.296270e+00
26 26 2.417380e+00
26 27 1.947940e+00
26 28 1.006230e+00
26 29 3.692120e-01
26 30 8.575970e-02
26 31 1.090750e-02
26 32 6.326410e-04
26 33 1.486340e-05
26 34 2.318110e-07
26 35 4.455300e-10
26 36 0.000000e+00
26 37 0.000000e+00
26 38 0.000000e+00
26 39 0.000000e+00
26 40 0.000000e+00
27 1 1.235250e-07
27 2 7.071050e-08
27 3 1.169900e-07
27 4 1.789630e-07
27 5 2.867560e-07
27 6 4.555410e-07
27 7 7.204640e-07
27 8 1.145000e-06
27 9 1.807630e-06
27 10 2.915100e-06
27 11 4.822910e-06
27 12 8.311000e-06
27 13 1.507930e-05
27 14 2.900450e-05
27 15 5.893800e-05
27 16 1.275280e-04
27 17 2.937640e-04
27 18 7.104280e-04
27 19 1.752180e-03
27 20 4.378780e-03
27 21 1.109560e-02
27 22 2.871590e-02
27 23 7.631710e-02
27 24 2.070750e-01
27 25 5.603890e-01
27 26 1.472730e+00
27 27 2.853340e+00
27 28 2.153600e+00
27 29 9.598330e-01
27 30 2.807240e-01
27 31 4.662580e-02
27 32 3.671560e-03
27 33 1.111890e-04
27 34 1.887220e-06
27 35 3.057290e-08
27 36 0.000000e+00
27 37 0.000000e+00
27 38 0.000000e+00
27 39 0.000000e+00
27 40 0.000000e+00
28 1 2.541680e-08
28 2 1.454950e-08
28 3 2.407200e-08
28 4 3.682360e-08
28 5 5.900320e-08
28 6 9.373280e-08
28 7 1.482440e-07
28 8 2.355970e-07
28 9 3.718620e-07
28 10 5.916960e-07
28 11 9.376750e-07
28 12 1.491190e-06
28 13 2.386420e-06
28 14 4.035190e-06
28 15 7.631750e-06
28 16 1.644700e-05
28 17 3.962110e-05
28 18 1.058030e-04
28 19 3.035350e-04
28 20 8.838110e-04
28 21 2.555750e-03
28 22 7.257350e-03
28 23 2.085290e-02
28 24 6.260690e-02
28 25 1.929040e-01
28 26 5.885250e-01
28 27 1.714410e+00
28 28 3.483710e+00
28 29 2.438530e+00
28 30 9.124610e-01
28 31 2.037790e-01
28 32 2.274420e-02
28 33 1.021060e-03
28 34 1.612100e-05
28 35 3.893540e-07
28 36 0.000000e+00
28 37 0.000000e+00
28 38 0.000000e+00
28 39 0.000000e+00
28 40 0.000000e+00
29 1 4.511400e-09
29 2 2.582490e-09
29 3 4.272700e-09
29 4 6.536080e-09
29 5 1.047290e-08
29 6 1.663730e-08
29 7 2.631280e-08
29 8 4.181770e-08
29 9 6.600440e-08
29 10 1.050170e-07
29 11 1.662590e-07
29 12 2.634620e-07
29 13 4.188820e-07
29 14 6.912250e-07
29 15 1.195220e-06
29 16 2.187990e-06
29 17 4.373020e-06
29 18 9.935350e-06
29 19 2.852890e-05
29 20 1.015060e-04
29 21 4.018460e-04
29 22 1.483140e-03
29 23 4.821070e-03
29 24 1.542140e-02
29 25 5.131550e-02
29 26 1.791190e-01
29 27 6.275270e-01
29 28 2.075550e+00
29 29 4.487310e+00
29 30 2.881040e+00
29 31 8.769570e-01
29 32 1.431940e-01
29 33 1.010290e-02
29 34 2.333840e-04
29 35 1.986350e-06
29 36 0.000000e+00
29 37 0.000000e+00
29 38 0.000000e+00
29 39 0.000000e+00
29 40 0.000000e+00
30 1 5.075200e-10
30 2 2.905200e-10
30 3 4.806700e-10
30 4 7.352900e-10
30 5 1.178170e-09
30 6 1.871650e-09
30 7 2.960120e-09
30 8 4.704380e-09
30 9 7.425320e-09
30 10 1.181410e-08
30 11 1.870380e-08
30 12 2.963870e-08
30 13 4.692230e-08
30 14 7.448880e-08
30 15 1.179790e-07
30 16 1.908580e-07
30 17 3.955900e-07
30 18 1.107460e-06
30 19 3.365070e-06
30 20 1.273190e-05
30 21 5.122520e-05
30 22 1.908220e-04
30 23 6.890770e-04
30 24 2.543000e-03
30 25 9.893030e-03
30 26 4.088840e-02
30 27 1.740440e-01
30 28 7.193430e-01
30 29 2.707810e+00
30 30 6.233440e+00
30 31 3.677710e+00
30 32 8.845130e-01
30 33 9.889000e-02
30 34 3.957900e-03
30 35 4.282740e-05
30 36 0.000000e+00
30 37 0.000000e+00
30 38 0.000000e+00
30 39 0.000000e+00
30 40 0.000000e+00
31 1 5.624900e-10
31 2 3.219900e-10
31 3 5.327200e-10
31 4 8.149200e-10
31 5 1.305770e-09
31 6 2.074350e-09
31 7 3.280710e-09
31 8 5.213870e-09
31 9 8.229490e-09
31 10 1.309360e-08
31 11 2.072940e-08
31 12 3.284860e-08
31 13 5.200400e-08
31 14 8.255590e-08
31 15 1.306690e-07
31 16 2.072690e-07
31 17 3.284990e-07
31 18 5.206770e-07
31 19 8.246370e-07
31 20 1.354380e-06
31 21 3.241270e-06
31 22 1.136440e-05
31 23 4.963410e-05
31 24 2.474830e-04
31 25 1.277800e-03
31 26 6.331930e-03
31 27 3.277640e-02
31 28 1.743880e-01
31 29 8.842040e-01
31 30 3.923890e+00
31 31 9.726710e+00
31 32 5.214580e+00
31 33 9.565630e-01
31 34 6.828960e-02
31 35 1.360050e-03
31 36 9.865210e-06
31 37 1.636230e-06
31 38 0.000000e+00
31 39 0.000000e+00
31 40 0.000000e+00
32 1 1.517350e-09
32 2 8.685800e-10
32 3 1.437060e-09
32 4 2.198320e-09
32 5 3.522410e-09
32 6 5.595720e-09
32 7 8.849940e-09
32 8 1.406480e-08
32 9 2.219970e-08
32 10 3.532100e-08
32 11 5.591900e-08
32 12 8.861160e-08
32 13 1.402850e-07
32 14 2.227010e-07
32 15 3.524900e-07
32 16 5.591240e-07
32 17 8.861490e-07
32 18 1.404560e-06
32 19 2.224520e-06
32 20 3.527550e-06
32 21 5.589500e-06
32 22 8.866790e-06
32 23 1.430660e-05
32 24 2.955920e-05
32 25 1.207840e-04
32 26 6.402820e-04
32 27 3.843710e-03
32 28 2.560250e-02
32 29 1.764800e-01
32 30 1.134440e+00
32 31 6.071170e+00
32 32 1.614810e+01
32 33 7.653260e+00
32 34 1.017590e+00
32 35 4.237690e-02
32 36 3.704480e-04
32 37 9.542490e-06
32 38 0.000000e+00
32 39 0.000000e+00
32 40 0.000000e+00
33 1 7.461900e-10
33 2 4.271400e-10
33 3 7.067000e-10
33 4 1.081070e-09
33 5 1.732220e-09
33 6 2.751810e-09
33 7 4.352140e-09
33 8 6.916650e-09
33 9 1.091710e-08
33 10 1.736980e-08
33 11 2.749930e-08
33 12 4.357660e-08
33 13 6.898790e-08
33 14 1.095180e-07
33 15 1.733440e-07
33 16 2.749610e-07
33 17 4.357820e-07
33 18 6.907220e-07
33 19 1.093950e-06
33 20 1.734740e-06
33 21 2.748750e-06
33 22 4.357350e-06
33 23 6.905900e-06
33 24 1.094420e-05
33 25 1.880390e-05
33 26 4.809210e-05
33 27 2.275170e-04
33 28 1.710040e-03
33 29 1.559600e-02
33 30 1.466540e-01
33 31 1.236820e+00
33 32 8.097790e+00
33 33 2.216370e+01
33 34 8.712610e+00
33 35 7.816160e-01
33 36 1.680860e-02
33 37 5.863450e-05
33 38 4.149890e-08
33 39 0.000000e+00
33 40 0.000000e+00
34 1 4.052000e-10
34 2 2.319500e-10
34 3 3.837700e-10
34 4 5.870600e-10
34 5 9.406500e-10
34 6 1.494330e-09
34 7 2.363360e-09
34 8 3.755980e-09
34 9 5.928380e-09
34 10 9.432420e-09
34 11 1.493310e-08
34 12 2.366360e-08
34 13 3.746280e-08
34 14 5.947190e-08
34 15 9.413180e-08
34 16 1.493130e-07
34 17 2.366450e-07
34 18 3.750860e-07
34 19 5.940540e-07
34 20 9.420260e-07
34 21 1.492670e-06
34 22 2.366190e-06
34 23 3.750150e-06
34 24 5.942930e-06
34 25 9.426780e-06
34 26 1.498280e-05
34 27 2.400980e-05
34 28 5.452920e-05
34 29 3.916840e-04
34 30 5.254390e-03
34 31 7.282150e-02
34 32 8.481740e-01
34 33 6.954390e+00
34 34 1.896390e+01
34 35 5.898330e+00
34 36 3.315050e-01
34 37 3.155410e-03
34 38 4.521050e-06
34 39 7.082120e-09
34 40 0.000000e+00
35 1 9.642800e-11
35 2 5.519900e-11
35 3 9.132600e-11
35 4 1.397000e-10
35 5 2.238500e-10
35 6 3.556100e-10
35 7 5.624200e-10
35 8 8.938300e-10
35 9 1.410800e-09
35 10 2.244670e-09
35 11 3.553690e-09
35 12 5.631330e-09
35 13 8.915190e-09
35 14 1.415280e-08
35 15 2.240090e-08
35 16 3.553270e-08
35 17 5.631530e-08
35 18 8.926090e-08
35 19 1.413700e-07
35 20 2.241780e-07
35 21 3.552160e-07
35 22 5.630930e-07
35 23 8.924380e-07
35 24 1.414250e-06
35 25 2.241250e-06
35 26 3.551320e-06
35 27 5.628310e-06
35 28 8.921870e-06
35 29 1.414340e-05
35 30 3.722570e-05
35 31 8.003240e-04
35 32 2.065610e-02
35 33 3.732420e-01
35 34 4.032900e+00
35 35 1.158110e+01
35 36 2.990210e+00
35 37 1.003410e-01
35 38 3.760070e-04
35 39 4.221250e-07
35 40 0.000000e+00
36 1 5.122200e-11
36 2 2.932100e-11
36 3 4.851200e-11
36 4 7.421000e-11
36 5 1.189100e-10
36 6 1.889000e-10
36 7 2.987500e-10
36 8 4.748000e-10
36 9 7.494100e-10
36 10 1.192360e-09
36 11 1.887700e-09
36 12 2.991330e-09
36 13 4.735700e-09
36 14 7.517890e-09
36 15 1.189930e-08
36 16 1.887480e-08
36 17 2.991440e-08
36 18 4.741500e-08
36 19 7.509480e-08
36 20 1.190820e-07
36 21 1.886890e-07
36 22 2.991120e-07
36 23 4.740590e-07
36 24 7.512400e-07
36 25 1.190700e-06
36 26 1.887060e-06
36 27 2.990610e-06
36 28 4.741520e-06
36 29 7.525640e-06
36 30 1.195260e-05
36 31 1.910140e-05
36 32 1.262860e-04
36 33 5.342120e-03
36 34 1.572340e-01
36 35 2.374930e+00
36 36 7.621930e+00
36 37 1.693750e+00
36 38 3.204120e-02
36 39 4.331910e-05
36 40 2.042250e-08
37 1 2.389600e-11
37 2 1.367900e-11
37 3 2.263200e-11
37 4 3.462100e-11
37 5 5.547400e-11
37 6 8.812500e-11
37 7 1.393800e-10
37 8 2.215000e-10
37 9 3.496200e-10
37 10 5.562600e-10
37 11 8.806500e-10
37 12 1.395520e-09
37 13 2.209310e-09
37 14 3.507260e-09
37 15 5.551270e-09
37 16 8.805500e-09
37 17 1.395570e-08
37 18 2.212010e-08
37 19 3.503340e-08
37 20 5.555440e-08
37 21 8.802750e-08
37 22 1.395420e-07
37 23 2.211590e-07
37 24 3.504700e-07
37 25 5.554880e-07
37 26 8.803840e-07
37 27 1.395490e-06
37 28 2.214840e-06
37 29 3.526270e-06
37 30 5.640550e-06
37 31 9.052630e-06
37 32 1.452320e-05
37 33 3.249450e-05
37 34 1.445060e-03
37 35 7.413150e-02
37 36 1.639930e+00
37 37 5.888980e+00
37 38 1.108270e+00
37 39 1.071160e-02
37 40 5.114040e-06
38 1 5.292900e-12
38 2 3.029800e-12
38 3 5.012800e-12
38 4 7.668300e-12
38 5 1.228700e-11
38 6 1.951900e-11
38 7 3.087100e-11
38 8 4.906100e-11
38 9 7.743800e-11
38 10 1.232100e-10
38 11 1.950600e-10
38 12 3.091000e-10
38 13 4.893500e-10
38 14 7.768400e-10
38 15 1.229570e-09
38 16 1.950360e-09
38 17 3.091110e-09
38 18 4.899460e-09
38 19 7.759670e-09
38 20 1.230500e-08
38 21 1.949750e-08
38 22 3.090780e-08
38 23 4.898530e-08
38 24 7.762680e-08
38 25 1.230370e-07
38 26 1.950000e-07
38 27 3.090510e-07
38 28 4.903200e-07
38 29 7.832790e-07
38 30 1.269540e-06
38 31 2.093120e-06
38 32 3.493250e-06
38 33 5.832870e-06
38 34 1.100040e-05
38 35 3.789550e-04
38 36 3.654420e-02
38 37 1.245270e+00
38 38 5.014430e+00
38 39 7.974840e-01
38 40 3.487740e-03
39 1 4.138700e-12
39 2 2.369200e-12
39 3 3.919700e-12
39 4 5.996100e-12
39 5 9.607700e-12
39 6 1.526300e-11
39 7 2.413900e-11
39 8 3.836300e-11
39 9 6.055200e-11
39 10 9.634200e-11
39 11 1.525300e-10
39 12 2.417000e-10
39 13 3.826400e-10
39 14 6.074400e-10
39 15 9.614500e-10
39 16 1.525070e-09
39 17 2.417070e-09
39 18 3.831100e-09
39 19 6.067610e-09
39 20 9.621760e-09
39 21 1.524590e-08
39 22 2.416810e-08
39 23 3.830360e-08
39 24 6.069970e-08
39 25 9.620780e-08
39 26 1.524780e-07
39 27 2.416600e-07
39 28 3.830040e-07
39 29 6.067770e-07
39 30 9.583590e-07
39 31 1.503360e-06
39 32 2.336770e-06
39 33 3.603040e-06
39 34 5.539930e-06
39 35 8.582790e-06
39 36 9.947290e-05
39 37 1.855540e-02
39 38 1.036950e+00
39 39 4.644860e+00
39 40 6.146960e-01
40 1 3.658100e-12
40 2 2.094100e-12
40 3 3.464600e-12
40 4 5.299900e-12
40 5 8.492100e-12
40 6 1.349100e-11
40 7 2.133600e-11
40 8 3.390900e-11
40 9 5.352100e-11
40 10 8.515500e-11
40 11 1.348100e-10
40 12 2.136300e-10
40 13 3.382100e-10
40 14 5.369100e-10
40 15 8.498100e-10
40 16 1.347980e-09
40 17 2.136400e-09
40 18 3.386240e-09
40 19 5.363050e-09
40 20 8.504500e-09
40 21 1.347560e-08
40 22 2.136170e-08
40 23 3.385590e-08
40 24 5.365140e-08
40 25 8.503640e-08
40 26 1.347730e-07
40 27 2.135990e-07
40 28 3.385310e-07
40 29 5.365310e-07
40 30 8.504240e-07
40 31 1.349850e-06
40 32 2.149550e-06
40 33 3.434490e-06
40 34 5.496200e-06
40 35 8.790180e-06
40 36 1.403430e-05
40 37 3.443810e-05
40 38 8.974100e-03
40 39 8.973300e-01
40 40 4.938520e+00
