1 5.981200e-03
2 5.981200e-03
3 5.981200e-03
4 5.981200e-03
5 5.981200e-03
6 5.981200e-03
7 5.981200e-03
8 5.981200e-03
9 5.981200e-03
10 5.981200e-03
11 5.981200e-03
12 5.981200e-03
13 5.981200e-03
14 5.981200e-03
15 5.981200e-03
16 5.981200e-03
17 5.981200e-03
18 5.981200e-03
19 5.981200e-03
20 5.981200e-03
21 5.981200e-03
22 5.981200e-03
23 5.981200e-03
24 5.981200e-03
25 5.981200e-03
26 5.981200e-03
27 5.981200e-03
28 5.981200e-03
29 5.981200e-03
30 5.981200e-03
31 5.981200e-03
32 5.981200e-03
33 5.981200e-03
34 5.981200e-03
35 5.981200e-03
36 5.981200e-03
37 5.981200e-03
38 5.981200e-03
39 5.981200e-03
40 5.981200e-03
