1 2.812430e+04
2 2.509710e+04
3 2.236090e+04
4 1.992590e+04
5 1.777740e+04
6 1.585390e+04
7 1.414040e+04
8 1.261540e+04
9 1.125710e+04
10 1.005030e+04
11 8.978970e+03
12 8.027680e+03
13 7.181790e+03
14 6.432640e+03
15 5.767760e+03
16 5.179840e+03
17 4.660440e+03
18 4.204250e+03
19 3.804490e+03
20 3.459710e+03
21 3.163970e+03
22 2.911370e+03
23 2.700720e+03
24 2.536570e+03
25 2.416560e+03
26 2.350440e+03
27 2.352030e+03
28 2.446730e+03
29 2.686600e+03
30 3.182900e+03
31 4.209750e+03
32 6.009270e+03
33 6.925040e+03
34 4.130730e+03
35 1.501410e+03
36 5.569240e+02
37 2.260600e+02
38 9.631000e+01
39 4.550960e+01
40 2.233070e+01
