1 1.19064E-2
2 1.18028E-2
3 1.16968E-2
4 1.15884E-2
5 1.14774E-2
6 1.13639E-2
7 1.12477E-2
8 1.11288E-2
9 1.10071E-2
10 1.08826E-2
11 1.07552E-2
12 1.06249E-2
13 1.04915E-2
14 1.03549E-2
15 1.02152E-2
16 1.00723E-2
17 9.92603E-3
18 9.78099E-3
19 9.67819E-3
20 9.58453E-3
21 9.4887E-3
22 9.39065E-3
23 9.29029E-3
24 9.1876E-3
25 9.08254E-3
26 8.975E-3
27 8.86497E-3
28 8.75239E-3
29 8.63717E-3
30 8.51927E-3
31 8.41864E-3
32 8.34543E-3
33 8.27077E-3
34 8.19438E-3
35 8.11621E-3
36 8.03621E-3
37 7.95437E-3
38 7.87061E-3
39 7.78489E-3
40 7.69718E-3
41 7.60744E-3
42 7.51558E-3
43 7.42161E-3
44 7.32544E-3
45 7.22702E-3
46 7.12632E-3
47 7.02328E-3
48 6.91959E-3
49 6.84403E-3
50 6.77778E-3
51 6.70998E-3
52 6.64062E-3
53 6.56964E-3
54 6.49699E-3
55 6.42266E-3
56 6.34661E-3
57 6.26877E-3
58 6.18912E-3
59 6.10763E-3
60 6.02422E-3
61 5.9477E-3
62 5.88815E-3
63 5.82781E-3
64 5.76607E-3
65 5.7029E-3
66 5.63825E-3
67 5.57209E-3
68 5.5044E-3
69 5.43512E-3
70 5.36437E-3
71 5.30829E-3
72 5.26207E-3
73 5.21477E-3
74 5.16637E-3
75 5.11684E-3
76 5.06617E-3
77 5.0143E-3
78 4.96123E-3
79 4.90693E-3
80 4.85136E-3
81 4.79449E-3
82 4.73631E-3
83 4.67677E-3
84 4.61583E-3
85 4.55349E-3
86 4.48969E-3
87 4.42439E-3
88 4.3609E-3
89 4.31655E-3
90 4.27473E-3
91 4.23193E-3
92 4.18813E-3
93 4.14331E-3
94 4.09745E-3
95 4.05052E-3
96 4.00249E-3
97 3.95336E-3
98 3.90307E-3
99 3.85161E-3
100 3.79896E-3
101 3.75614E-3
102 3.7235E-3
103 3.69012E-3
104 3.65594E-3
105 3.62097E-3
106 3.58519E-3
107 3.54858E-3
108 3.51111E-3
109 3.47277E-3
110 3.43353E-3
111 3.39338E-3
112 3.3523E-3
113 3.31026E-3
114 3.26724E-3
115 3.22322E-3
116 3.17817E-3
117 3.13208E-3
118 3.08637E-3
119 3.05401E-3
120 3.02453E-3
121 2.99437E-3
122 2.96351E-3
123 2.93193E-3
124 2.89961E-3
125 2.86655E-3
126 2.8327E-3
127 2.79807E-3
128 2.76264E-3
129 2.72638E-3
130 2.68927E-3
131 2.65759E-3
132 2.63449E-3
133 2.61095E-3
134 2.58686E-3
135 2.56221E-3
136 2.53697E-3
137 2.51116E-3
138 2.48474E-3
139 2.45771E-3
140 2.43005E-3
141 2.40174E-3
142 2.37277E-3
143 2.34313E-3
144 2.31281E-3
145 2.28176E-3
146 2.25E-3
147 2.21751E-3
148 2.18481E-3
149 2.16104E-3
150 2.14024E-3
151 2.11895E-3
152 2.09717E-3
153 2.07488E-3
154 2.05206E-3
155 2.02872E-3
156 2.00484E-3
157 1.98039E-3
158 1.95538E-3
159 1.92979E-3
160 1.90359E-3
161 1.87952E-3
162 1.86069E-3
163 1.8416E-3
164 1.82207E-3
165 1.80208E-3
166 1.78163E-3
167 1.7607E-3
168 1.73929E-3
169 1.71737E-3
170 1.69499E-3
171 1.67726E-3
172 1.66265E-3
173 1.6477E-3
174 1.63241E-3
175 1.61676E-3
176 1.60074E-3
177 1.58435E-3
178 1.56758E-3
179 1.55042E-3
180 1.53286E-3
181 1.51489E-3
182 1.4965E-3
183 1.47768E-3
184 1.45842E-3
185 1.43872E-3
186 1.41856E-3
187 1.39792E-3
188 1.37786E-3
189 1.36387E-3
190 1.35068E-3
191 1.33718E-3
192 1.32336E-3
193 1.30922E-3
194 1.29476E-3
195 1.27996E-3
196 1.26481E-3
197 1.24931E-3
198 1.23345E-3
199 1.21722E-3
200 1.20061E-3
