1 4.80215E-2
2 4.80215E-2
3 4.80215E-2
4 4.80215E-2
5 4.80216E-2
6 4.80216E-2
7 4.80216E-2
8 4.80217E-2
9 4.80217E-2
10 4.80217E-2
11 4.80218E-2
12 4.80218E-2
13 4.80218E-2
14 4.80218E-2
15 4.80219E-2
16 4.80219E-2
17 4.80219E-2
18 4.8022E-2
19 4.8022E-2
20 4.8022E-2
21 4.8022E-2
22 4.80221E-2
23 4.80221E-2
24 4.80221E-2
25 4.80222E-2
26 4.80222E-2
27 4.80222E-2
28 4.80223E-2
29 4.80223E-2
30 4.80223E-2
31 4.80223E-2
32 4.80224E-2
33 4.80224E-2
34 4.80224E-2
35 4.80225E-2
36 4.80225E-2
37 4.80225E-2
38 4.80225E-2
39 4.80226E-2
40 4.80226E-2
41 4.80226E-2
42 4.80227E-2
43 4.80227E-2
44 4.80227E-2
45 4.80227E-2
46 4.80228E-2
47 4.80228E-2
48 4.80228E-2
49 4.80229E-2
50 4.80229E-2
51 4.80229E-2
52 4.8023E-2
53 4.8023E-2
54 4.8023E-2
55 4.8023E-2
56 4.80231E-2
57 4.80231E-2
58 4.80231E-2
59 4.80232E-2
60 4.80232E-2
61 4.80232E-2
62 4.80232E-2
63 4.80233E-2
64 4.80233E-2
65 4.80233E-2
66 4.80234E-2
67 4.80234E-2
68 4.80234E-2
69 4.80234E-2
70 4.80235E-2
71 4.80235E-2
72 4.80235E-2
73 4.80236E-2
74 4.80236E-2
75 4.80236E-2
76 4.80237E-2
77 4.80237E-2
78 4.80237E-2
79 4.80237E-2
80 4.80238E-2
81 4.80238E-2
82 4.80238E-2
83 4.80239E-2
84 4.80239E-2
85 4.80239E-2
86 4.80239E-2
87 4.8024E-2
88 4.8024E-2
89 4.8024E-2
90 4.80241E-2
91 4.80241E-2
92 4.80241E-2
93 4.80241E-2
94 4.80242E-2
95 4.80242E-2
96 4.80242E-2
97 4.80243E-2
98 4.80243E-2
99 4.80243E-2
100 4.80244E-2
101 4.80245E-2
102 4.80248E-2
103 4.80251E-2
104 4.80254E-2
105 4.80257E-2
106 4.8026E-2
107 4.80263E-2
108 4.80266E-2
109 4.80269E-2
110 4.80271E-2
111 4.80275E-2
112 4.80277E-2
113 4.8028E-2
114 4.80283E-2
115 4.80286E-2
116 4.80289E-2
117 4.80292E-2
118 4.80295E-2
119 4.80298E-2
120 4.80301E-2
121 4.80304E-2
122 4.80307E-2
123 4.80309E-2
124 4.80312E-2
125 4.80315E-2
126 4.80318E-2
127 4.80321E-2
128 4.80324E-2
129 4.80327E-2
130 4.8033E-2
131 4.80333E-2
132 4.80336E-2
133 4.80339E-2
134 4.80342E-2
135 4.80345E-2
136 4.80347E-2
137 4.8035E-2
138 4.80353E-2
139 4.80356E-2
140 4.80359E-2
141 4.80362E-2
142 4.80365E-2
143 4.80368E-2
144 4.80371E-2
145 4.80374E-2
146 4.80377E-2
147 4.8038E-2
148 4.80383E-2
149 4.80385E-2
150 4.80388E-2
151 4.80391E-2
152 4.80394E-2
153 4.80397E-2
154 4.804E-2
155 4.80403E-2
156 4.80406E-2
157 4.80409E-2
158 4.80412E-2
159 4.80415E-2
160 4.80418E-2
161 4.80421E-2
162 4.80423E-2
163 4.80426E-2
164 4.80429E-2
165 4.80432E-2
166 4.80435E-2
167 4.80438E-2
168 4.80441E-2
169 4.80444E-2
170 4.80447E-2
171 4.8045E-2
172 4.80453E-2
173 4.80456E-2
174 4.80459E-2
175 4.80461E-2
176 4.80464E-2
177 4.80467E-2
178 4.8047E-2
179 4.80473E-2
180 4.80476E-2
181 4.80479E-2
182 4.80482E-2
183 4.80485E-2
184 4.80488E-2
185 4.80491E-2
186 4.80494E-2
187 4.80497E-2
188 4.805E-2
189 4.80503E-2
190 4.80506E-2
191 4.80508E-2
192 4.80511E-2
193 4.80514E-2
194 4.80517E-2
195 4.8052E-2
196 4.80523E-2
197 4.80526E-2
198 4.80529E-2
199 4.80532E-2
200 4.80535E-2
