1 1.19321E-2
2 1.18164E-2
3 1.16981E-2
4 1.1577E-2
5 1.14531E-2
6 1.13263E-2
7 1.11965E-2
8 1.10637E-2
9 1.09279E-2
10 1.07902E-2
11 1.06701E-2
12 1.05543E-2
13 1.04357E-2
14 1.03144E-2
15 1.01903E-2
16 1.00632E-2
17 9.93321E-3
18 9.80272E-3
19 9.69386E-3
20 9.58872E-3
21 9.48115E-3
22 9.37107E-3
23 9.25841E-3
24 9.14313E-3
25 9.03137E-3
26 8.93541E-3
27 8.83841E-3
28 8.73914E-3
29 8.63757E-3
30 8.53364E-3
31 8.43888E-3
32 8.35917E-3
33 8.27776E-3
34 8.19447E-3
35 8.10923E-3
36 8.022E-3
37 7.93275E-3
38 7.84142E-3
39 7.74794E-3
40 7.65262E-3
41 7.56557E-3
42 7.4815E-3
43 7.39546E-3
44 7.30743E-3
45 7.21735E-3
46 7.12516E-3
47 7.03082E-3
48 6.93542E-3
49 6.8573E-3
50 6.78441E-3
51 6.70981E-3
52 6.6335E-3
53 6.5554E-3
54 6.47546E-3
55 6.39605E-3
56 6.32495E-3
57 6.25333E-3
58 6.18004E-3
59 6.10502E-3
60 6.02828E-3
61 5.95645E-3
62 5.8972E-3
63 5.83703E-3
64 5.77546E-3
65 5.71245E-3
66 5.64798E-3
67 5.582E-3
68 5.5145E-3
69 5.44541E-3
70 5.37485E-3
71 5.31881E-3
72 5.27254E-3
73 5.22519E-3
74 5.17673E-3
75 5.12714E-3
76 5.07641E-3
77 5.02448E-3
78 4.97135E-3
79 4.91699E-3
80 4.86135E-3
81 4.80441E-3
82 4.74616E-3
83 4.68655E-3
84 4.62554E-3
85 4.56312E-3
86 4.49925E-3
87 4.43387E-3
88 4.37029E-3
89 4.32579E-3
90 4.28379E-3
91 4.24082E-3
92 4.19684E-3
93 4.15183E-3
94 4.10578E-3
95 4.05866E-3
96 4.01044E-3
97 3.9611E-3
98 3.9106E-3
99 3.85893E-3
100 3.80606E-3
101 3.76309E-3
102 3.73037E-3
103 3.6969E-3
104 3.66264E-3
105 3.62758E-3
106 3.59171E-3
107 3.555E-3
108 3.51743E-3
109 3.47899E-3
110 3.43966E-3
111 3.39941E-3
112 3.35822E-3
113 3.31607E-3
114 3.27294E-3
115 3.22881E-3
116 3.18365E-3
117 3.13743E-3
118 3.09161E-3
119 3.05914E-3
120 3.02957E-3
121 2.9993E-3
122 2.96833E-3
123 2.93664E-3
124 2.90421E-3
125 2.87103E-3
126 2.83707E-3
127 2.80232E-3
128 2.76677E-3
129 2.73038E-3
130 2.69314E-3
131 2.66136E-3
132 2.63822E-3
133 2.61463E-3
134 2.59049E-3
135 2.56578E-3
136 2.5405E-3
137 2.51464E-3
138 2.48817E-3
139 2.46108E-3
140 2.43336E-3
141 2.405E-3
142 2.37597E-3
143 2.34627E-3
144 2.31588E-3
145 2.28477E-3
146 2.25295E-3
147 2.22039E-3
148 2.18762E-3
149 2.16377E-3
150 2.14287E-3
151 2.12148E-3
152 2.0996E-3
153 2.07721E-3
154 2.0543E-3
155 2.03085E-3
156 2.00686E-3
157 1.9823E-3
158 1.95718E-3
159 1.93147E-3
160 1.90516E-3
161 1.881E-3
162 1.86216E-3
163 1.84307E-3
164 1.82353E-3
165 1.80354E-3
166 1.78308E-3
167 1.76215E-3
168 1.74073E-3
169 1.71881E-3
170 1.69642E-3
171 1.67867E-3
172 1.66406E-3
173 1.6491E-3
174 1.63379E-3
175 1.61813E-3
176 1.6021E-3
177 1.5857E-3
178 1.56891E-3
179 1.55174E-3
180 1.53416E-3
181 1.51618E-3
182 1.49778E-3
183 1.47895E-3
184 1.45967E-3
185 1.43996E-3
186 1.41978E-3
187 1.39913E-3
188 1.37905E-3
189 1.36503E-3
190 1.35181E-3
191 1.33829E-3
192 1.32445E-3
193 1.31028E-3
194 1.29579E-3
195 1.28096E-3
196 1.26578E-3
197 1.25026E-3
198 1.23436E-3
199 1.2181E-3
200 1.20146E-3
