1 1.19169E-2
2 1.1805E-2
3 1.16905E-2
4 1.15733E-2
5 1.14534E-2
6 1.13308E-2
7 1.12052E-2
8 1.10768E-2
9 1.09453E-2
10 1.08117E-2
11 1.06895E-2
12 1.05693E-2
13 1.04463E-2
14 1.03204E-2
15 1.01916E-2
16 1.00598E-2
17 9.92489E-3
18 9.78998E-3
19 9.68235E-3
20 9.57991E-3
21 9.47511E-3
22 9.36787E-3
23 9.25811E-3
24 9.1458E-3
25 9.03561E-3
26 8.93689E-3
27 8.83678E-3
28 8.73433E-3
29 8.62951E-3
30 8.52224E-3
31 8.42803E-3
32 8.35477E-3
33 8.28001E-3
34 8.20352E-3
35 8.12524E-3
36 8.04513E-3
37 7.96318E-3
38 7.8793E-3
39 7.79346E-3
40 7.70563E-3
41 7.61576E-3
42 7.52378E-3
43 7.42967E-3
44 7.33338E-3
45 7.23482E-3
46 7.13398E-3
47 7.0308E-3
48 6.92696E-3
49 6.85118E-3
50 6.78467E-3
51 6.7166E-3
52 6.64697E-3
53 6.57571E-3
54 6.50278E-3
55 6.42816E-3
56 6.3518E-3
57 6.27366E-3
58 6.1937E-3
59 6.11189E-3
60 6.02815E-3
61 5.95141E-3
62 5.89188E-3
63 5.83157E-3
64 5.76986E-3
65 5.70672E-3
66 5.6421E-3
67 5.57597E-3
68 5.50831E-3
69 5.43907E-3
70 5.36835E-3
71 5.31226E-3
72 5.26602E-3
73 5.2187E-3
74 5.17027E-3
75 5.12072E-3
76 5.07001E-3
77 5.01812E-3
78 4.96502E-3
79 4.91069E-3
80 4.85509E-3
81 4.79819E-3
82 4.73997E-3
83 4.6804E-3
84 4.61943E-3
85 4.55705E-3
86 4.49321E-3
87 4.42788E-3
88 4.36435E-3
89 4.31994E-3
90 4.27805E-3
91 4.23518E-3
92 4.19131E-3
93 4.14642E-3
94 4.10049E-3
95 4.05348E-3
96 4.00538E-3
97 3.95616E-3
98 3.9058E-3
99 3.85425E-3
100 3.80151E-3
101 3.75864E-3
102 3.72597E-3
103 3.69255E-3
104 3.65835E-3
105 3.62334E-3
106 3.58753E-3
107 3.55088E-3
108 3.51337E-3
109 3.475E-3
110 3.43573E-3
111 3.39554E-3
112 3.35441E-3
113 3.31234E-3
114 3.26928E-3
115 3.22521E-3
116 3.18013E-3
117 3.13398E-3
118 3.08824E-3
119 3.05583E-3
120 3.02632E-3
121 2.99612E-3
122 2.96522E-3
123 2.9336E-3
124 2.90124E-3
125 2.86813E-3
126 2.83425E-3
127 2.79957E-3
128 2.7641E-3
129 2.72779E-3
130 2.69063E-3
131 2.65891E-3
132 2.6358E-3
133 2.61224E-3
134 2.58813E-3
135 2.56346E-3
136 2.53821E-3
137 2.51238E-3
138 2.48594E-3
139 2.45889E-3
140 2.43121E-3
141 2.40288E-3
142 2.37389E-3
143 2.34423E-3
144 2.31388E-3
145 2.28282E-3
146 2.25103E-3
147 2.21851E-3
148 2.18579E-3
149 2.162E-3
150 2.14116E-3
151 2.11983E-3
152 2.09802E-3
153 2.07569E-3
154 2.05284E-3
155 2.02946E-3
156 2.00554E-3
157 1.98106E-3
158 1.95601E-3
159 1.93038E-3
160 1.90414E-3
161 1.88004E-3
162 1.8612E-3
163 1.84211E-3
164 1.82258E-3
165 1.80259E-3
166 1.78214E-3
167 1.7612E-3
168 1.73979E-3
169 1.71787E-3
170 1.69548E-3
171 1.67774E-3
172 1.66313E-3
173 1.64818E-3
174 1.63288E-3
175 1.61723E-3
176 1.60121E-3
177 1.58481E-3
178 1.56804E-3
179 1.55087E-3
180 1.53331E-3
181 1.51533E-3
182 1.49694E-3
183 1.47812E-3
184 1.45885E-3
185 1.43915E-3
186 1.41898E-3
187 1.39834E-3
188 1.37827E-3
189 1.36427E-3
190 1.35107E-3
191 1.33756E-3
192 1.32373E-3
193 1.30959E-3
194 1.29511E-3
195 1.2803E-3
196 1.26514E-3
197 1.24963E-3
198 1.23376E-3
199 1.21752E-3
200 1.2009E-3
