1 1.19242E-2
2 1.18106E-2
3 1.16944E-2
4 1.15755E-2
5 1.14538E-2
6 1.13293E-2
7 1.12019E-2
8 1.10715E-2
9 1.09381E-2
10 1.08027E-2
11 1.06814E-2
12 1.05632E-2
13 1.04421E-2
14 1.03183E-2
15 1.01916E-2
16 1.00619E-2
17 9.92922E-3
18 9.79626E-3
19 9.68789E-3
20 9.58401E-3
21 9.47773E-3
22 9.36898E-3
23 9.25767E-3
24 9.14378E-3
25 9.03272E-3
26 8.9354E-3
27 8.83685E-3
28 8.73599E-3
29 8.63281E-3
30 8.52722E-3
31 8.43201E-3
32 8.3537E-3
33 8.27374E-3
34 8.19192E-3
35 8.10819E-3
36 8.02251E-3
37 7.93485E-3
38 7.84513E-3
39 7.75331E-3
40 7.65962E-3
41 7.57201E-3
42 7.48631E-3
43 7.3986E-3
44 7.30885E-3
45 7.21703E-3
46 7.12305E-3
47 7.02687E-3
48 6.92973E-3
49 6.85214E-3
50 6.78063E-3
51 6.70744E-3
52 6.63257E-3
53 6.55595E-3
54 6.47753E-3
55 6.39921E-3
56 6.32729E-3
57 6.25463E-3
58 6.18026E-3
59 6.10415E-3
60 6.02628E-3
61 5.95363E-3
62 5.89427E-3
63 5.834E-3
64 5.77233E-3
65 5.70923E-3
66 5.64465E-3
67 5.57856E-3
68 5.51095E-3
69 5.44176E-3
70 5.37108E-3
71 5.315E-3
72 5.26875E-3
73 5.22141E-3
74 5.17297E-3
75 5.1234E-3
76 5.07268E-3
77 5.02077E-3
78 4.96765E-3
79 4.91331E-3
80 4.85769E-3
81 4.80077E-3
82 4.74254E-3
83 4.68294E-3
84 4.62195E-3
85 4.55955E-3
86 4.4957E-3
87 4.43034E-3
88 4.36679E-3
89 4.32234E-3
90 4.2804E-3
91 4.23749E-3
92 4.19357E-3
93 4.14863E-3
94 4.10265E-3
95 4.05559E-3
96 4.00744E-3
97 3.95817E-3
98 3.90775E-3
99 3.85615E-3
100 3.80335E-3
101 3.76044E-3
102 3.72775E-3
103 3.69431E-3
104 3.66008E-3
105 3.62505E-3
106 3.58922E-3
107 3.55254E-3
108 3.51501E-3
109 3.47661E-3
110 3.43731E-3
111 3.3971E-3
112 3.35595E-3
113 3.31384E-3
114 3.27075E-3
115 3.22666E-3
116 3.18154E-3
117 3.13537E-3
118 3.08959E-3
119 3.05716E-3
120 3.02762E-3
121 2.9974E-3
122 2.96647E-3
123 2.93482E-3
124 2.90243E-3
125 2.86929E-3
126 2.83538E-3
127 2.80067E-3
128 2.76516E-3
129 2.72882E-3
130 2.69163E-3
131 2.65989E-3
132 2.63677E-3
133 2.61319E-3
134 2.58907E-3
135 2.56439E-3
136 2.53912E-3
137 2.51328E-3
138 2.48683E-3
139 2.45976E-3
140 2.43206E-3
141 2.40372E-3
142 2.37472E-3
143 2.34504E-3
144 2.31467E-3
145 2.28359E-3
146 2.25179E-3
147 2.21926E-3
148 2.18652E-3
149 2.1627E-3
150 2.14184E-3
151 2.12049E-3
152 2.09865E-3
153 2.0763E-3
154 2.05342E-3
155 2.03002E-3
156 2.00607E-3
157 1.98155E-3
158 1.95647E-3
159 1.93081E-3
160 1.90455E-3
161 1.88042E-3
162 1.86158E-3
163 1.84249E-3
164 1.82296E-3
165 1.80297E-3
166 1.78251E-3
167 1.76158E-3
168 1.74016E-3
169 1.71824E-3
170 1.69585E-3
171 1.67811E-3
172 1.6635E-3
173 1.64855E-3
174 1.63324E-3
175 1.61758E-3
176 1.60156E-3
177 1.58516E-3
178 1.56838E-3
179 1.55121E-3
180 1.53364E-3
181 1.51566E-3
182 1.49727E-3
183 1.47844E-3
184 1.45918E-3
185 1.43946E-3
186 1.41929E-3
187 1.39865E-3
188 1.37857E-3
189 1.36457E-3
190 1.35136E-3
191 1.33785E-3
192 1.32401E-3
193 1.30986E-3
194 1.29538E-3
195 1.28056E-3
196 1.26539E-3
197 1.24988E-3
198 1.234E-3
199 1.21775E-3
200 1.20112E-3
