1 1.19288E-2
2 1.1814E-2
3 1.16966E-2
4 1.15765E-2
5 1.14535E-2
6 1.13277E-2
7 1.11989E-2
8 1.10672E-2
9 1.09324E-2
10 1.07957E-2
11 1.06751E-2
12 1.05582E-2
13 1.04386E-2
14 1.03163E-2
15 1.0191E-2
16 1.00629E-2
17 9.93173E-3
18 9.80019E-3
19 9.69146E-3
20 9.58676E-3
21 9.47964E-3
22 9.37003E-3
23 9.25784E-3
24 9.14305E-3
25 9.03152E-3
26 8.93504E-3
27 8.83746E-3
28 8.73758E-3
29 8.6354E-3
30 8.53084E-3
31 8.43595E-3
32 8.35688E-3
33 8.27612E-3
34 8.19349E-3
35 8.10894E-3
36 8.0224E-3
37 7.93387E-3
38 7.84327E-3
39 7.75054E-3
40 7.65596E-3
41 7.56865E-3
42 7.48384E-3
43 7.39704E-3
44 7.30822E-3
45 7.21735E-3
46 7.12434E-3
47 7.02916E-3
48 6.93296E-3
49 6.85506E-3
50 6.78277E-3
51 6.70879E-3
52 6.63311E-3
53 6.55566E-3
54 6.47639E-3
55 6.39745E-3
56 6.326E-3
57 6.25393E-3
58 6.18017E-3
59 6.10468E-3
60 6.02745E-3
61 5.95526E-3
62 5.89595E-3
63 5.83573E-3
64 5.77411E-3
65 5.71105E-3
66 5.64652E-3
67 5.58049E-3
68 5.51293E-3
69 5.44379E-3
70 5.37317E-3
71 5.31711E-3
72 5.27084E-3
73 5.2235E-3
74 5.17504E-3
75 5.12547E-3
76 5.07474E-3
77 5.02282E-3
78 4.96969E-3
79 4.91533E-3
80 4.8597E-3
81 4.80277E-3
82 4.74453E-3
83 4.68492E-3
84 4.62392E-3
85 4.56151E-3
86 4.49764E-3
87 4.43228E-3
88 4.36871E-3
89 4.32423E-3
90 4.28226E-3
91 4.23931E-3
92 4.19536E-3
93 4.15038E-3
94 4.10436E-3
95 4.05727E-3
96 4.00907E-3
97 3.95977E-3
98 3.9093E-3
99 3.85766E-3
100 3.80482E-3
101 3.76188E-3
102 3.72918E-3
103 3.69571E-3
104 3.66147E-3
105 3.62642E-3
106 3.59057E-3
107 3.55388E-3
108 3.51632E-3
109 3.4779E-3
110 3.43859E-3
111 3.39835E-3
112 3.35718E-3
113 3.31505E-3
114 3.27194E-3
115 3.22782E-3
116 3.18269E-3
117 3.13649E-3
118 3.09069E-3
119 3.05824E-3
120 3.02867E-3
121 2.99843E-3
122 2.96748E-3
123 2.9358E-3
124 2.90339E-3
125 2.87023E-3
126 2.83629E-3
127 2.80156E-3
128 2.76603E-3
129 2.72966E-3
130 2.69245E-3
131 2.66068E-3
132 2.63755E-3
133 2.61396E-3
134 2.58983E-3
135 2.56514E-3
136 2.53987E-3
137 2.51401E-3
138 2.48755E-3
139 2.46047E-3
140 2.43276E-3
141 2.40441E-3
142 2.37539E-3
143 2.3457E-3
144 2.31532E-3
145 2.28423E-3
146 2.25242E-3
147 2.21986E-3
148 2.18711E-3
149 2.16328E-3
150 2.1424E-3
151 2.12102E-3
152 2.09916E-3
153 2.07679E-3
154 2.05389E-3
155 2.03046E-3
156 2.00649E-3
157 1.98196E-3
158 1.95685E-3
159 1.93117E-3
160 1.90488E-3
161 1.88074E-3
162 1.8619E-3
163 1.8428E-3
164 1.82327E-3
165 1.80328E-3
166 1.78282E-3
167 1.76188E-3
168 1.74046E-3
169 1.71854E-3
170 1.69615E-3
171 1.67841E-3
172 1.6638E-3
173 1.64884E-3
174 1.63354E-3
175 1.61787E-3
176 1.60185E-3
177 1.58545E-3
178 1.56867E-3
179 1.5515E-3
180 1.53392E-3
181 1.51594E-3
182 1.49754E-3
183 1.47871E-3
184 1.45944E-3
185 1.43973E-3
186 1.41955E-3
187 1.3989E-3
188 1.37883E-3
189 1.36482E-3
190 1.3516E-3
191 1.33808E-3
192 1.32425E-3
193 1.31009E-3
194 1.2956E-3
195 1.28077E-3
196 1.2656E-3
197 1.25008E-3
198 1.23419E-3
199 1.21794E-3
200 1.2013E-3
