1 1.500720e+02
2 1.486020e+02
3 1.470990e+02
4 1.455600e+02
5 1.439850e+02
6 1.423740e+02
7 1.407250e+02
8 1.390380e+02
9 1.373120e+02
10 1.355640e+02
11 1.340610e+02
12 1.326200e+02
13 1.311450e+02
14 1.296370e+02
15 1.280920e+02
16 1.265120e+02
17 1.248950e+02
18 1.232710e+02
19 1.218990e+02
20 1.205700e+02
21 1.192090e+02
22 1.178180e+02
23 1.163930e+02
24 1.149350e+02
25 1.135200e+02
26 1.123010e+02
27 1.110670e+02
28 1.098050e+02
29 1.085140e+02
30 1.071920e+02
31 1.059580e+02
32 1.048720e+02
33 1.037620e+02
34 1.026260e+02
35 1.014640e+02
36 1.002740e+02
37 9.905730e+01
38 9.783330e+01
39 9.675270e+01
40 9.568410e+01
41 9.459090e+01
42 9.347210e+01
43 9.232710e+01
44 9.115620e+01
45 9.014440e+01
46 8.925460e+01
47 8.834410e+01
48 8.741230e+01
49 8.645880e+01
50 8.548320e+01
51 8.448480e+01
52 8.346300e+01
53 8.241770e+01
54 8.134790e+01
55 8.031370e+01
56 7.951420e+01
57 7.872530e+01
58 7.791790e+01
59 7.709150e+01
60 7.624620e+01
61 7.538110e+01
62 7.449560e+01
63 7.359150e+01
64 7.275790e+01
65 7.195590e+01
66 7.113530e+01
67 7.029540e+01
68 6.943620e+01
69 6.855680e+01
70 6.765830e+01
71 6.690860e+01
72 6.625770e+01
73 6.559160e+01
74 6.491000e+01
75 6.421250e+01
76 6.349880e+01
77 6.276840e+01
78 6.202090e+01
79 6.126780e+01
80 6.057740e+01
81 5.988640e+01
82 5.917930e+01
83 5.845570e+01
84 5.771520e+01
85 5.695760e+01
86 5.619110e+01
87 5.558470e+01
88 5.503340e+01
89 5.446930e+01
90 5.389200e+01
91 5.330140e+01
92 5.269680e+01
93 5.207830e+01
94 5.144540e+01
95 5.079760e+01
96 5.013490e+01
97 4.945670e+01
98 4.880360e+01
99 4.826050e+01
100 4.771350e+01
101 4.723440e+01
102 4.682560e+01
103 4.640740e+01
104 4.597940e+01
105 4.554140e+01
106 4.509330e+01
107 4.463470e+01
108 4.416540e+01
109 4.368520e+01
110 4.319390e+01
111 4.269100e+01
112 4.217640e+01
113 4.164990e+01
114 4.111110e+01
115 4.055970e+01
116 3.999560e+01
117 3.941820e+01
118 3.884550e+01
119 3.843690e+01
120 3.806360e+01
121 3.768160e+01
122 3.729080e+01
123 3.689080e+01
124 3.648150e+01
125 3.606270e+01
126 3.563410e+01
127 3.519550e+01
128 3.474680e+01
129 3.428750e+01
130 3.381760e+01
131 3.340870e+01
132 3.309710e+01
133 3.277930e+01
134 3.245410e+01
135 3.212140e+01
136 3.178080e+01
137 3.143240e+01
138 3.107580e+01
139 3.071090e+01
140 3.033750e+01
141 2.995540e+01
142 2.956440e+01
143 2.916430e+01
144 2.875530e+01
145 2.841790e+01
146 2.813640e+01
147 2.784820e+01
148 2.755340e+01
149 2.725170e+01
150 2.694300e+01
151 2.662710e+01
152 2.630380e+01
153 2.597300e+01
154 2.563450e+01
155 2.531050e+01
156 2.507480e+01
157 2.484450e+01
158 2.460870e+01
159 2.436740e+01
160 2.412050e+01
161 2.386790e+01
162 2.360930e+01
163 2.334480e+01
164 2.307410e+01
165 2.279710e+01
166 2.251360e+01
167 2.222360e+01
168 2.192670e+01
169 2.162300e+01
170 2.131290e+01
171 2.107770e+01
172 2.089350e+01
173 2.070500e+01
174 2.051200e+01
175 2.031460e+01
176 2.011260e+01
177 1.990580e+01
178 1.969430e+01
179 1.947780e+01
180 1.925630e+01
181 1.902960e+01
182 1.879770e+01
183 1.856030e+01
184 1.831740e+01
185 1.806890e+01
186 1.781460e+01
187 1.755430e+01
188 1.730120e+01
189 1.712500e+01
190 1.695880e+01
191 1.678890e+01
192 1.661490e+01
193 1.643690e+01
194 1.625470e+01
195 1.606830e+01
196 1.587760e+01
197 1.568240e+01
198 1.548270e+01
199 1.527820e+01
200 1.506910e+01
