1 1.501060e+02
2 1.486250e+02
3 1.471100e+02
4 1.455600e+02
5 1.439730e+02
6 1.423500e+02
7 1.406890e+02
8 1.389880e+02
9 1.372490e+02
10 1.354890e+02
11 1.339910e+02
12 1.325620e+02
13 1.310990e+02
14 1.296020e+02
15 1.280700e+02
16 1.265020e+02
17 1.248980e+02
18 1.232850e+02
19 1.219160e+02
20 1.205870e+02
21 1.192260e+02
22 1.178340e+02
23 1.164100e+02
24 1.149520e+02
25 1.135370e+02
26 1.123180e+02
27 1.110850e+02
28 1.098230e+02
29 1.085320e+02
30 1.072110e+02
31 1.059750e+02
32 1.048820e+02
33 1.037660e+02
34 1.026230e+02
35 1.014540e+02
36 1.002580e+02
37 9.903340e+01
38 9.780330e+01
39 9.672710e+01
40 9.566540e+01
41 9.457920e+01
42 9.346760e+01
43 9.232990e+01
44 9.116640e+01
45 9.010720e+01
46 8.912590e+01
47 8.812190e+01
48 8.709430e+01
49 8.604280e+01
50 8.499410e+01
51 8.407680e+01
52 8.316280e+01
53 8.222750e+01
54 8.127030e+01
55 8.032980e+01
56 7.953350e+01
57 7.873750e+01
58 7.792280e+01
59 7.708900e+01
60 7.623600e+01
61 7.536300e+01
62 7.446960e+01
63 7.355750e+01
64 7.272720e+01
65 7.193520e+01
66 7.112460e+01
67 7.029510e+01
68 6.944650e+01
69 6.857790e+01
70 6.769050e+01
71 6.694120e+01
72 6.628330e+01
73 6.561010e+01
74 6.492110e+01
75 6.421610e+01
76 6.349480e+01
77 6.275650e+01
78 6.200110e+01
79 6.124140e+01
80 6.055560e+01
81 5.987140e+01
82 5.917140e+01
83 5.845490e+01
84 5.772180e+01
85 5.697170e+01
86 5.621270e+01
87 5.560790e+01
88 5.505610e+01
89 5.449130e+01
90 5.391350e+01
91 5.332220e+01
92 5.271710e+01
93 5.209790e+01
94 5.146430e+01
95 5.081590e+01
96 5.015240e+01
97 4.947360e+01
98 4.882030e+01
99 4.827870e+01
100 4.773330e+01
101 4.725490e+01
102 4.684600e+01
103 4.642770e+01
104 4.599960e+01
105 4.556140e+01
106 4.511310e+01
107 4.465440e+01
108 4.418500e+01
109 4.370460e+01
110 4.321310e+01
111 4.271000e+01
112 4.219530e+01
113 4.166860e+01
114 4.112960e+01
115 4.057810e+01
116 4.001380e+01
117 3.943620e+01
118 3.886330e+01
119 3.845430e+01
120 3.808050e+01
121 3.769810e+01
122 3.730670e+01
123 3.690630e+01
124 3.649650e+01
125 3.607720e+01
126 3.564800e+01
127 3.520890e+01
128 3.475970e+01
129 3.429990e+01
130 3.382930e+01
131 3.342000e+01
132 3.310820e+01
133 3.279020e+01
134 3.246480e+01
135 3.213180e+01
136 3.179100e+01
137 3.144240e+01
138 3.108550e+01
139 3.072040e+01
140 3.034680e+01
141 2.996440e+01
142 2.957320e+01
143 2.917280e+01
144 2.876350e+01
145 2.842600e+01
146 2.814430e+01
147 2.785610e+01
148 2.756120e+01
149 2.725930e+01
150 2.695050e+01
151 2.663450e+01
152 2.631110e+01
153 2.598020e+01
154 2.564160e+01
155 2.531750e+01
156 2.508180e+01
157 2.485150e+01
158 2.461570e+01
159 2.437440e+01
160 2.412750e+01
161 2.387490e+01
162 2.361630e+01
163 2.335180e+01
164 2.308110e+01
165 2.280410e+01
166 2.252060e+01
167 2.223060e+01
168 2.193370e+01
169 2.163000e+01
170 2.131990e+01
171 2.108470e+01
172 2.090040e+01
173 2.071170e+01
174 2.051860e+01
175 2.032110e+01
176 2.011890e+01
177 1.991210e+01
178 1.970040e+01
179 1.948380e+01
180 1.926210e+01
181 1.903530e+01
182 1.880320e+01
183 1.856570e+01
184 1.832260e+01
185 1.807400e+01
186 1.781950e+01
187 1.755900e+01
188 1.730580e+01
189 1.712950e+01
190 1.696320e+01
191 1.679310e+01
192 1.661910e+01
193 1.644100e+01
194 1.625870e+01
195 1.607220e+01
196 1.588130e+01
197 1.568610e+01
198 1.548620e+01
199 1.528170e+01
200 1.507250e+01
