1 1.117920e-01
2 1.117920e-01
3 1.117920e-01
4 1.117920e-01
5 1.117920e-01
6 1.117920e-01
7 1.117920e-01
8 1.117920e-01
9 1.117920e-01
10 1.117920e-01
11 1.117920e-01
12 1.117920e-01
13 1.117920e-01
14 1.117920e-01
15 1.117920e-01
16 1.117920e-01
17 1.117920e-01
18 1.117920e-01
19 1.117920e-01
20 1.117920e-01
21 1.117920e-01
22 1.117920e-01
23 1.117920e-01
24 1.117920e-01
25 1.117920e-01
26 1.117920e-01
27 1.117920e-01
28 1.117920e-01
29 1.117920e-01
30 1.117920e-01
31 1.117920e-01
32 1.117920e-01
33 1.117920e-01
34 1.117920e-01
35 1.117910e-01
36 1.117910e-01
37 1.117910e-01
38 1.117910e-01
39 1.117910e-01
40 1.117910e-01
41 1.117910e-01
42 1.117910e-01
43 1.117910e-01
44 1.117910e-01
45 1.117910e-01
46 1.117910e-01
47 1.117910e-01
48 1.117910e-01
49 1.117910e-01
50 1.117910e-01
51 1.117910e-01
52 1.117910e-01
53 1.117910e-01
54 1.117910e-01
55 1.117910e-01
56 1.117900e-01
57 1.117900e-01
58 1.117900e-01
59 1.117900e-01
60 1.117900e-01
61 1.117900e-01
62 1.117900e-01
63 1.117900e-01
64 1.117900e-01
65 1.117900e-01
66 1.117900e-01
67 1.117900e-01
68 1.117900e-01
69 1.117900e-01
70 1.117900e-01
71 1.117890e-01
72 1.117890e-01
73 1.117890e-01
74 1.117890e-01
75 1.117890e-01
76 1.117890e-01
77 1.117890e-01
78 1.117890e-01
79 1.117890e-01
80 1.117890e-01
81 1.117880e-01
82 1.117880e-01
83 1.117880e-01
84 1.117880e-01
85 1.117880e-01
86 1.117880e-01
87 1.117880e-01
88 1.117880e-01
89 1.117880e-01
90 1.117870e-01
91 1.117870e-01
92 1.117870e-01
93 1.117870e-01
94 1.117870e-01
95 1.117870e-01
96 1.117870e-01
97 1.117860e-01
98 1.117860e-01
99 1.117860e-01
100 1.117860e-01
101 1.117860e-01
102 1.117860e-01
103 1.117850e-01
104 1.117850e-01
105 1.117850e-01
106 1.117850e-01
107 1.117850e-01
108 1.117850e-01
109 1.117840e-01
110 1.117840e-01
111 1.117840e-01
112 1.117840e-01
113 1.117830e-01
114 1.117830e-01
115 1.117830e-01
116 1.117830e-01
117 1.117830e-01
118 1.117820e-01
119 1.117820e-01
120 1.117820e-01
121 1.117810e-01
122 1.117810e-01
123 1.117810e-01
124 1.117810e-01
125 1.117800e-01
126 1.117800e-01
127 1.117800e-01
128 1.117790e-01
129 1.117790e-01
130 1.117790e-01
131 1.117780e-01
132 1.117780e-01
133 1.117780e-01
134 1.117770e-01
135 1.117770e-01
136 1.117770e-01
137 1.117760e-01
138 1.117760e-01
139 1.117750e-01
140 1.117750e-01
141 1.117750e-01
142 1.117740e-01
143 1.117740e-01
144 1.117730e-01
145 1.117730e-01
146 1.117720e-01
147 1.117720e-01
148 1.117710e-01
149 1.117710e-01
150 1.117700e-01
151 1.117700e-01
152 1.117690e-01
153 1.117690e-01
154 1.117680e-01
155 1.117680e-01
156 1.117670e-01
157 1.117670e-01
158 1.117660e-01
159 1.117650e-01
160 1.117650e-01
161 1.117640e-01
162 1.117630e-01
163 1.117630e-01
164 1.117620e-01
165 1.117610e-01
166 1.117600e-01
167 1.117600e-01
168 1.117590e-01
169 1.117580e-01
170 1.117570e-01
171 1.117560e-01
172 1.117560e-01
173 1.117550e-01
174 1.117540e-01
175 1.117530e-01
176 1.117520e-01
177 1.117510e-01
178 1.117500e-01
179 1.117490e-01
180 1.117480e-01
181 1.117470e-01
182 1.117460e-01
183 1.117450e-01
184 1.117440e-01
185 1.117420e-01
186 1.117410e-01
187 1.117400e-01
188 1.117390e-01
189 1.117370e-01
190 1.117360e-01
191 1.117350e-01
192 1.117340e-01
193 1.117320e-01
194 1.117310e-01
195 1.117290e-01
196 1.117280e-01
197 1.117260e-01
198 1.117250e-01
199 1.117230e-01
200 1.117220e-01
