1 1.501250e+02
2 1.486370e+02
3 1.471140e+02
4 1.455560e+02
5 1.439620e+02
6 1.423310e+02
7 1.406610e+02
8 1.389530e+02
9 1.372050e+02
10 1.354370e+02
11 1.339430e+02
12 1.325200e+02
13 1.310640e+02
14 1.295750e+02
15 1.280500e+02
16 1.264900e+02
17 1.248940e+02
18 1.232890e+02
19 1.219230e+02
20 1.205950e+02
21 1.192370e+02
22 1.178470e+02
23 1.164250e+02
24 1.149690e+02
25 1.135560e+02
26 1.123360e+02
27 1.111010e+02
28 1.098380e+02
29 1.085460e+02
30 1.072230e+02
31 1.059850e+02
32 1.048880e+02
33 1.037670e+02
34 1.026210e+02
35 1.014470e+02
36 1.002460e+02
37 9.901760e+01
38 9.778370e+01
39 9.671020e+01
40 9.565270e+01
41 9.457090e+01
42 9.346370e+01
43 9.233050e+01
44 9.117150e+01
45 9.011500e+01
46 8.913470e+01
47 8.813180e+01
48 8.710530e+01
49 8.605500e+01
50 8.500740e+01
51 8.409120e+01
52 8.317840e+01
53 8.224430e+01
54 8.128830e+01
55 8.034790e+01
56 7.954700e+01
57 7.874560e+01
58 7.792550e+01
59 7.708610e+01
60 7.622740e+01
61 7.534860e+01
62 7.444920e+01
63 7.353120e+01
64 7.270350e+01
65 7.191900e+01
66 7.111610e+01
67 7.029440e+01
68 6.945380e+01
69 6.859340e+01
70 6.771430e+01
71 6.696510e+01
72 6.630170e+01
73 6.562280e+01
74 6.492800e+01
75 6.421710e+01
76 6.348960e+01
77 6.274510e+01
78 6.198330e+01
79 6.121840e+01
80 6.053630e+01
81 5.985770e+01
82 5.916340e+01
83 5.845280e+01
84 5.772560e+01
85 5.698170e+01
86 5.622710e+01
87 5.559100e+01
88 5.499310e+01
89 5.438120e+01
90 5.375520e+01
91 5.311450e+01
92 5.245930e+01
93 5.184920e+01
94 5.126790e+01
95 5.067310e+01
96 5.006430e+01
97 4.944130e+01
98 4.883200e+01
99 4.829450e+01
100 4.775040e+01
101 4.727270e+01
102 4.686360e+01
103 4.644510e+01
104 4.601680e+01
105 4.557850e+01
106 4.513010e+01
107 4.467120e+01
108 4.420150e+01
109 4.372100e+01
110 4.322930e+01
111 4.272610e+01
112 4.221120e+01
113 4.168430e+01
114 4.114510e+01
115 4.059330e+01
116 4.002880e+01
117 3.945110e+01
118 3.887790e+01
119 3.846850e+01
120 3.809440e+01
121 3.771160e+01
122 3.731990e+01
123 3.691900e+01
124 3.650880e+01
125 3.608910e+01
126 3.565950e+01
127 3.522000e+01
128 3.477030e+01
129 3.431000e+01
130 3.383900e+01
131 3.342930e+01
132 3.311740e+01
133 3.279920e+01
134 3.247360e+01
135 3.214050e+01
136 3.179950e+01
137 3.145060e+01
138 3.109360e+01
139 3.072820e+01
140 3.035440e+01
141 2.997190e+01
142 2.958040e+01
143 2.917990e+01
144 2.877030e+01
145 2.843260e+01
146 2.815090e+01
147 2.786260e+01
148 2.756760e+01
149 2.726570e+01
150 2.695690e+01
151 2.664070e+01
152 2.631720e+01
153 2.598630e+01
154 2.564760e+01
155 2.532340e+01
156 2.508770e+01
157 2.485740e+01
158 2.462160e+01
159 2.438030e+01
160 2.413350e+01
161 2.388080e+01
162 2.362230e+01
163 2.335780e+01
164 2.308710e+01
165 2.281010e+01
166 2.252660e+01
167 2.223660e+01
168 2.193980e+01
169 2.163600e+01
170 2.132600e+01
171 2.109070e+01
172 2.090620e+01
173 2.071750e+01
174 2.052430e+01
175 2.032670e+01
176 2.012440e+01
177 1.991740e+01
178 1.970560e+01
179 1.948890e+01
180 1.926710e+01
181 1.904020e+01
182 1.880800e+01
183 1.857030e+01
184 1.832710e+01
185 1.807830e+01
186 1.782370e+01
187 1.756310e+01
188 1.730970e+01
189 1.713330e+01
190 1.696700e+01
191 1.679680e+01
192 1.662270e+01
193 1.644450e+01
194 1.626220e+01
195 1.607560e+01
196 1.588460e+01
197 1.568920e+01
198 1.548930e+01
199 1.528470e+01
200 1.507530e+01
