1 1.500080e+02
2 1.485570e+02
3 1.470730e+02
4 1.455540e+02
5 1.439990e+02
6 1.424080e+02
7 1.407810e+02
8 1.391150e+02
9 1.374100e+02
10 1.356830e+02
11 1.341710e+02
12 1.327090e+02
13 1.312130e+02
14 1.296830e+02
15 1.281170e+02
16 1.265140e+02
17 1.248740e+02
18 1.232280e+02
19 1.218580e+02
20 1.205350e+02
21 1.191810e+02
22 1.177960e+02
23 1.163790e+02
24 1.149290e+02
25 1.135180e+02
26 1.122930e+02
27 1.110530e+02
28 1.097840e+02
29 1.084860e+02
30 1.071570e+02
31 1.059240e+02
32 1.048490e+02
33 1.037510e+02
34 1.026270e+02
35 1.014770e+02
36 1.003000e+02
37 9.909640e+01
38 9.788330e+01
39 9.679460e+01
40 9.571350e+01
41 9.460760e+01
42 9.347580e+01
43 9.231740e+01
44 9.113290e+01
45 9.011450e+01
46 8.922370e+01
47 8.831220e+01
48 8.737920e+01
49 8.642460e+01
50 8.544790e+01
51 8.444830e+01
52 8.342540e+01
53 8.237890e+01
54 8.130780e+01
55 8.027420e+01
56 7.948350e+01
57 7.870440e+01
58 7.790700e+01
59 7.709100e+01
60 7.625620e+01
61 7.540180e+01
62 7.452740e+01
63 7.363420e+01
64 7.279620e+01
65 7.198110e+01
66 7.114690e+01
67 7.029320e+01
68 6.941980e+01
69 6.852600e+01
70 6.761280e+01
71 6.686230e+01
72 6.622040e+01
73 6.556340e+01
74 6.489110e+01
75 6.420310e+01
76 6.349920e+01
77 6.277880e+01
78 6.204170e+01
79 6.129700e+01
80 6.060090e+01
81 5.990130e+01
82 5.918550e+01
83 5.845300e+01
84 5.770330e+01
85 5.693640e+01
86 5.616070e+01
87 5.555250e+01
88 5.500230e+01
89 5.443930e+01
90 5.386320e+01
91 5.327370e+01
92 5.267040e+01
93 5.205310e+01
94 5.142150e+01
95 5.077510e+01
96 5.011360e+01
97 4.943680e+01
98 4.878420e+01
99 4.823930e+01
100 4.769020e+01
101 4.721000e+01
102 4.680130e+01
103 4.638320e+01
104 4.595530e+01
105 4.551740e+01
106 4.506930e+01
107 4.461090e+01
108 4.414160e+01
109 4.366150e+01
110 4.317030e+01
111 4.266750e+01
112 4.215300e+01
113 4.162660e+01
114 4.108790e+01
115 4.053660e+01
116 3.997260e+01
117 3.939530e+01
118 3.882280e+01
119 3.841460e+01
120 3.804190e+01
121 3.766050e+01
122 3.727030e+01
123 3.687090e+01
124 3.646230e+01
125 3.604420e+01
126 3.561620e+01
127 3.517840e+01
128 3.473030e+01
129 3.427180e+01
130 3.380260e+01
131 3.339430e+01
132 3.308300e+01
133 3.276550e+01
134 3.244050e+01
135 3.210810e+01
136 3.176780e+01
137 3.141960e+01
138 3.106340e+01
139 3.069880e+01
140 3.032570e+01
141 2.994400e+01
142 2.955330e+01
143 2.915350e+01
144 2.874480e+01
145 2.840770e+01
146 2.812630e+01
147 2.783830e+01
148 2.754360e+01
149 2.724210e+01
150 2.693350e+01
151 2.661770e+01
152 2.629460e+01
153 2.596400e+01
154 2.562560e+01
155 2.530180e+01
156 2.506610e+01
157 2.483580e+01
158 2.460000e+01
159 2.435870e+01
160 2.411180e+01
161 2.385920e+01
162 2.360070e+01
163 2.333610e+01
164 2.306540e+01
165 2.278840e+01
166 2.250490e+01
167 2.221490e+01
168 2.191810e+01
169 2.161430e+01
170 2.130420e+01
171 2.106920e+01
172 2.088510e+01
173 2.069670e+01
174 2.050390e+01
175 2.030660e+01
176 2.010480e+01
177 1.989820e+01
178 1.968680e+01
179 1.947050e+01
180 1.924920e+01
181 1.902270e+01
182 1.879090e+01
183 1.855370e+01
184 1.831100e+01
185 1.806270e+01
186 1.780860e+01
187 1.754850e+01
188 1.729560e+01
189 1.711950e+01
190 1.695350e+01
191 1.678360e+01
192 1.660980e+01
193 1.643190e+01
194 1.624990e+01
195 1.606360e+01
196 1.587290e+01
197 1.567790e+01
198 1.547830e+01
199 1.527400e+01
200 1.506510e+01
