1 1.498670e+02
2 1.484520e+02
3 1.470040e+02
4 1.455230e+02
5 1.440070e+02
6 1.424550e+02
7 1.408680e+02
8 1.392430e+02
9 1.375810e+02
10 1.358920e+02
11 1.343590e+02
12 1.328560e+02
13 1.313170e+02
14 1.297430e+02
15 1.281320e+02
16 1.264830e+02
17 1.247970e+02
18 1.231080e+02
19 1.217500e+02
20 1.204540e+02
21 1.191280e+02
22 1.177710e+02
23 1.163820e+02
24 1.149620e+02
25 1.135680e+02
26 1.123210e+02
27 1.110560e+02
28 1.097620e+02
29 1.084380e+02
30 1.070830e+02
31 1.058680e+02
32 1.048810e+02
33 1.038730e+02
34 1.028420e+02
35 1.017870e+02
36 1.007070e+02
37 9.960270e+01
38 9.847210e+01
39 9.731510e+01
40 9.613140e+01
41 9.492000e+01
42 9.368020e+01
43 9.241180e+01
44 9.111480e+01
45 9.004610e+01
46 8.915480e+01
47 8.824290e+01
48 8.730960e+01
49 8.635460e+01
50 8.537750e+01
51 8.437750e+01
52 8.335410e+01
53 8.230710e+01
54 8.123570e+01
55 8.021020e+01
56 7.946440e+01
57 7.873550e+01
58 7.798940e+01
59 7.722590e+01
60 7.644480e+01
61 7.564540e+01
62 7.482730e+01
63 7.399030e+01
64 7.313370e+01
65 7.225710e+01
66 7.136020e+01
67 7.044240e+01
68 6.950310e+01
69 6.854200e+01
70 6.756070e+01
71 6.680450e+01
72 6.620080e+01
73 6.558300e+01
74 6.495070e+01
75 6.430380e+01
76 6.364190e+01
77 6.296440e+01
78 6.227120e+01
79 6.156190e+01
80 6.083600e+01
81 6.009320e+01
82 5.933320e+01
83 5.855540e+01
84 5.775940e+01
85 5.694500e+01
86 5.612270e+01
87 5.550290e+01
88 5.495500e+01
89 5.439430e+01
90 5.382060e+01
91 5.323350e+01
92 5.263260e+01
93 5.201790e+01
94 5.138880e+01
95 5.074500e+01
96 5.008630e+01
97 4.941220e+01
98 4.876120e+01
99 4.821360e+01
100 4.766140e+01
101 4.717970e+01
102 4.677090e+01
103 4.635270e+01
104 4.592460e+01
105 4.548660e+01
106 4.503840e+01
107 4.457990e+01
108 4.411050e+01
109 4.363030e+01
110 4.313890e+01
111 4.263600e+01
112 4.212140e+01
113 4.159480e+01
114 4.105600e+01
115 4.050460e+01
116 3.994040e+01
117 3.936300e+01
118 3.879040e+01
119 3.838290e+01
120 3.801100e+01
121 3.763050e+01
122 3.724120e+01
123 3.684270e+01
124 3.643500e+01
125 3.601780e+01
126 3.559090e+01
127 3.515400e+01
128 3.470700e+01
129 3.424950e+01
130 3.378140e+01
131 3.337380e+01
132 3.306300e+01
133 3.274580e+01
134 3.242130e+01
135 3.208920e+01
136 3.174930e+01
137 3.140160e+01
138 3.104580e+01
139 3.068160e+01
140 3.030910e+01
141 2.992780e+01
142 2.953760e+01
143 2.913830e+01
144 2.873010e+01
145 2.839330e+01
146 2.811210e+01
147 2.782440e+01
148 2.752990e+01
149 2.722860e+01
150 2.692030e+01
151 2.660470e+01
152 2.628180e+01
153 2.595150e+01
154 2.561340e+01
155 2.528980e+01
156 2.505410e+01
157 2.482380e+01
158 2.458800e+01
159 2.434670e+01
160 2.409990e+01
161 2.384730e+01
162 2.358880e+01
163 2.332430e+01
164 2.305360e+01
165 2.277660e+01
166 2.249320e+01
167 2.220320e+01
168 2.190630e+01
169 2.160260e+01
170 2.129260e+01
171 2.105760e+01
172 2.087370e+01
173 2.068560e+01
174 2.049300e+01
175 2.029590e+01
176 2.009430e+01
177 1.988790e+01
178 1.967670e+01
179 1.946070e+01
180 1.923960e+01
181 1.901330e+01
182 1.878180e+01
183 1.854490e+01
184 1.830240e+01
185 1.805430e+01
186 1.780050e+01
187 1.754070e+01
188 1.728810e+01
189 1.711210e+01
190 1.694630e+01
191 1.677660e+01
192 1.660290e+01
193 1.642510e+01
194 1.624330e+01
195 1.605720e+01
196 1.586680e+01
197 1.567190e+01
198 1.547250e+01
199 1.526840e+01
200 1.505960e+01
