1 6.117070e+02
2 6.058100e+02
3 5.997760e+02
4 5.936020e+02
5 5.872830e+02
6 5.808170e+02
7 5.742010e+02
8 5.674300e+02
9 5.605020e+02
10 5.534790e+02
11 5.472980e+02
12 5.413110e+02
13 5.351840e+02
14 5.289160e+02
15 5.225010e+02
16 5.159360e+02
17 5.092200e+02
18 5.024800e+02
19 4.968940e+02
20 4.915100e+02
21 4.860020e+02
22 4.803650e+02
23 4.745960e+02
24 4.686930e+02
25 4.629460e+02
26 4.579380e+02
27 4.528690e+02
28 4.476820e+02
29 4.423750e+02
30 4.369440e+02
31 4.319110e+02
32 4.275400e+02
33 4.230740e+02
34 4.185050e+02
35 4.138290e+02
36 4.090440e+02
37 4.041480e+02
38 3.992130e+02
39 3.947620e+02
40 3.903380e+02
41 3.858120e+02
42 3.811800e+02
43 3.764400e+02
44 3.715920e+02
45 3.674310e+02
46 3.637970e+02
47 3.600780e+02
48 3.562720e+02
49 3.523780e+02
50 3.483940e+02
51 3.443160e+02
52 3.401430e+02
53 3.358730e+02
54 3.315040e+02
55 3.273230e+02
56 3.242820e+02
57 3.213100e+02
58 3.182690e+02
59 3.151560e+02
60 3.119720e+02
61 3.087130e+02
62 3.053780e+02
63 3.019650e+02
64 2.984730e+02
65 2.949000e+02
66 2.912430e+02
67 2.875010e+02
68 2.836720e+02
69 2.797540e+02
70 2.757530e+02
71 2.726670e+02
72 2.701990e+02
73 2.676740e+02
74 2.650900e+02
75 2.624450e+02
76 2.597400e+02
77 2.569710e+02
78 2.541370e+02
79 2.512380e+02
80 2.482710e+02
81 2.452350e+02
82 2.421290e+02
83 2.389490e+02
84 2.356960e+02
85 2.323670e+02
86 2.290060e+02
87 2.264710e+02
88 2.242280e+02
89 2.219330e+02
90 2.195850e+02
91 2.171820e+02
92 2.147230e+02
93 2.122070e+02
94 2.096320e+02
95 2.069970e+02
96 2.043010e+02
97 2.015420e+02
98 1.988810e+02
99 1.966550e+02
100 1.944110e+02
101 1.924500e+02
102 1.907820e+02
103 1.890750e+02
104 1.873280e+02
105 1.855400e+02
106 1.837110e+02
107 1.818390e+02
108 1.799230e+02
109 1.779630e+02
110 1.759570e+02
111 1.739050e+02
112 1.718040e+02
113 1.696550e+02
114 1.674560e+02
115 1.652050e+02
116 1.629030e+02
117 1.605460e+02
118 1.582080e+02
119 1.565430e+02
120 1.550220e+02
121 1.534660e+02
122 1.518740e+02
123 1.502450e+02
124 1.485770e+02
125 1.468710e+02
126 1.451250e+02
127 1.433390e+02
128 1.415110e+02
129 1.396400e+02
130 1.377260e+02
131 1.360600e+02
132 1.347900e+02
133 1.334940e+02
134 1.321690e+02
135 1.308120e+02
136 1.294240e+02
137 1.280040e+02
138 1.265500e+02
139 1.250630e+02
140 1.235410e+02
141 1.219830e+02
142 1.203890e+02
143 1.187590e+02
144 1.170910e+02
145 1.157160e+02
146 1.145680e+02
147 1.133930e+02
148 1.121910e+02
149 1.109610e+02
150 1.097020e+02
151 1.084140e+02
152 1.070960e+02
153 1.057470e+02
154 1.043670e+02
155 1.030460e+02
156 1.020850e+02
157 1.011450e+02
158 1.001840e+02
159 9.919950e+01
160 9.819270e+01
161 9.716230e+01
162 9.610770e+01
163 9.502880e+01
164 9.392470e+01
165 9.279480e+01
166 9.163860e+01
167 9.045570e+01
168 8.924490e+01
169 8.800600e+01
170 8.674130e+01
171 8.578280e+01
172 8.503230e+01
173 8.426430e+01
174 8.347830e+01
175 8.267400e+01
176 8.185110e+01
177 8.100890e+01
178 8.014710e+01
179 7.926540e+01
180 7.836290e+01
181 7.743950e+01
182 7.649470e+01
183 7.552780e+01
184 7.453820e+01
185 7.352580e+01
186 7.248980e+01
187 7.142940e+01
188 7.039870e+01
189 6.968080e+01
190 6.900410e+01
191 6.831180e+01
192 6.760320e+01
193 6.687810e+01
194 6.613620e+01
195 6.537700e+01
196 6.460010e+01
197 6.380520e+01
198 6.299170e+01
199 6.215910e+01
200 6.130730e+01
