1 6.120450e+02
2 6.060500e+02
3 5.999160e+02
4 5.936390e+02
5 5.872150e+02
6 5.806420e+02
7 5.739160e+02
8 5.670330e+02
9 5.599900e+02
10 5.528590e+02
11 5.467310e+02
12 5.408520e+02
13 5.348360e+02
14 5.286820e+02
15 5.223830e+02
16 5.159370e+02
17 5.093420e+02
18 5.027140e+02
19 4.971210e+02
20 4.916970e+02
21 4.861480e+02
22 4.804700e+02
23 4.746590e+02
24 4.687130e+02
25 4.629410e+02
26 4.579660e+02
27 4.529350e+02
28 4.477860e+02
29 4.425180e+02
30 4.371280e+02
31 4.320950e+02
32 4.276640e+02
33 4.231360e+02
34 4.185030e+02
35 4.137610e+02
36 4.089090e+02
37 4.039460e+02
38 3.989530e+02
39 3.945450e+02
40 3.901860e+02
41 3.857280e+02
42 3.811640e+02
43 3.764940e+02
44 3.717180e+02
45 3.675910e+02
46 3.639620e+02
47 3.602480e+02
48 3.564470e+02
49 3.525580e+02
50 3.485790e+02
51 3.445070e+02
52 3.403390e+02
53 3.360750e+02
54 3.317120e+02
55 3.274930e+02
56 3.242330e+02
57 3.210150e+02
58 3.177220e+02
59 3.143510e+02
60 3.109030e+02
61 3.073740e+02
62 3.037630e+02
63 3.000750e+02
64 2.966750e+02
65 2.934040e+02
66 2.900570e+02
67 2.866320e+02
68 2.831280e+02
69 2.795410e+02
70 2.758770e+02
71 2.728190e+02
72 2.701650e+02
73 2.674480e+02
74 2.646670e+02
75 2.618230e+02
76 2.589120e+02
77 2.559330e+02
78 2.528840e+02
79 2.498120e+02
80 2.469970e+02
81 2.441780e+02
82 2.412950e+02
83 2.383440e+02
84 2.353240e+02
85 2.322340e+02
86 2.291080e+02
87 2.266350e+02
88 2.243860e+02
89 2.220850e+02
90 2.197310e+02
91 2.173220e+02
92 2.148560e+02
93 2.123330e+02
94 2.097520e+02
95 2.071100e+02
96 2.044070e+02
97 2.016410e+02
98 1.989760e+02
99 1.967600e+02
100 1.945270e+02
101 1.925720e+02
102 1.909030e+02
103 1.891960e+02
104 1.874480e+02
105 1.856600e+02
106 1.838310e+02
107 1.819590e+02
108 1.800420e+02
109 1.780820e+02
110 1.760760e+02
111 1.740230e+02
112 1.719220e+02
113 1.697730e+02
114 1.675730e+02
115 1.653220e+02
116 1.630190e+02
117 1.606620e+02
118 1.583240e+02
119 1.566560e+02
120 1.551320e+02
121 1.535730e+02
122 1.519780e+02
123 1.503450e+02
124 1.486740e+02
125 1.469650e+02
126 1.452160e+02
127 1.434260e+02
128 1.415940e+02
129 1.397200e+02
130 1.378020e+02
131 1.361330e+02
132 1.348610e+02
133 1.335650e+02
134 1.322380e+02
135 1.308800e+02
136 1.294900e+02
137 1.280680e+02
138 1.266130e+02
139 1.251240e+02
140 1.236000e+02
141 1.220410e+02
142 1.204460e+02
143 1.188130e+02
144 1.171440e+02
145 1.157670e+02
146 1.146190e+02
147 1.134430e+02
148 1.122410e+02
149 1.110100e+02
150 1.097500e+02
151 1.084610e+02
152 1.071420e+02
153 1.057930e+02
154 1.044120e+02
155 1.030900e+02
156 1.021290e+02
157 1.011890e+02
158 1.002280e+02
159 9.924330e+01
160 9.823640e+01
161 9.720600e+01
162 9.615140e+01
163 9.507250e+01
164 9.396840e+01
165 9.283840e+01
166 9.168220e+01
167 9.049920e+01
168 8.928840e+01
169 8.804950e+01
170 8.678470e+01
171 8.582580e+01
172 8.507460e+01
173 8.430580e+01
174 8.351900e+01
175 8.271400e+01
176 8.189030e+01
177 8.104730e+01
178 8.018470e+01
179 7.930200e+01
180 7.839870e+01
181 7.747440e+01
182 7.652870e+01
183 7.556080e+01
184 7.457030e+01
185 7.355700e+01
186 7.251990e+01
187 7.145850e+01
188 7.042680e+01
189 6.970830e+01
190 6.903100e+01
191 6.833810e+01
192 6.762890e+01
193 6.690320e+01
194 6.616070e+01
195 6.540090e+01
196 6.462320e+01
197 6.382760e+01
198 6.301340e+01
199 6.218010e+01
200 6.132760e+01
