1 6.107160e+02
2 6.050440e+02
3 5.992410e+02
4 5.933030e+02
5 5.872260e+02
6 5.810070e+02
7 5.746450e+02
8 5.681320e+02
9 5.614690e+02
10 5.546920e+02
11 5.483810e+02
12 5.421320e+02
13 5.357360e+02
14 5.291940e+02
15 5.224980e+02
16 5.156450e+02
17 5.086350e+02
18 5.016590e+02
19 4.964600e+02
20 4.916320e+02
21 4.866920e+02
22 4.816380e+02
23 4.764650e+02
24 4.711710e+02
25 4.657560e+02
26 4.602130e+02
27 4.545410e+02
28 4.487370e+02
29 4.427980e+02
30 4.367200e+02
31 4.314340e+02
32 4.274100e+02
33 4.233050e+02
34 4.191050e+02
35 4.148070e+02
36 4.104080e+02
37 4.059080e+02
38 4.013020e+02
39 3.965890e+02
40 3.917660e+02
41 3.868320e+02
42 3.817810e+02
43 3.766140e+02
44 3.713300e+02
45 3.669740e+02
46 3.633410e+02
47 3.596220e+02
48 3.558170e+02
49 3.519230e+02
50 3.479390e+02
51 3.438620e+02
52 3.396890e+02
53 3.354200e+02
54 3.310510e+02
55 3.268700e+02
56 3.238280e+02
57 3.208550e+02
58 3.178120e+02
59 3.146970e+02
60 3.115110e+02
61 3.082510e+02
62 3.049140e+02
63 3.015000e+02
64 2.980060e+02
65 2.944300e+02
66 2.907720e+02
67 2.870280e+02
68 2.831970e+02
69 2.792770e+02
70 2.752740e+02
71 2.721920e+02
72 2.697340e+02
73 2.672190e+02
74 2.646440e+02
75 2.620100e+02
76 2.593150e+02
77 2.565560e+02
78 2.537330e+02
79 2.508450e+02
80 2.478900e+02
81 2.448650e+02
82 2.417700e+02
83 2.386030e+02
84 2.353620e+02
85 2.320460e+02
86 2.286980e+02
87 2.261760e+02
88 2.239480e+02
89 2.216680e+02
90 2.193350e+02
91 2.169470e+02
92 2.145040e+02
93 2.120040e+02
94 2.094460e+02
95 2.068280e+02
96 2.041490e+02
97 2.014080e+02
98 1.987570e+02
99 1.965150e+02
100 1.942540e+02
101 1.922840e+02
102 1.906140e+02
103 1.889060e+02
104 1.871580e+02
105 1.853690e+02
106 1.835390e+02
107 1.816660e+02
108 1.797490e+02
109 1.777880e+02
110 1.757810e+02
111 1.737270e+02
112 1.716250e+02
113 1.694750e+02
114 1.672740e+02
115 1.650220e+02
116 1.627180e+02
117 1.603590e+02
118 1.580210e+02
119 1.563590e+02
120 1.548430e+02
121 1.532920e+02
122 1.517050e+02
123 1.500810e+02
124 1.484190e+02
125 1.467190e+02
126 1.449790e+02
127 1.431980e+02
128 1.413760e+02
129 1.395110e+02
130 1.376030e+02
131 1.359420e+02
132 1.346740e+02
133 1.333810e+02
134 1.320580e+02
135 1.307040e+02
136 1.293180e+02
137 1.279000e+02
138 1.264490e+02
139 1.249640e+02
140 1.234450e+02
141 1.218900e+02
142 1.202990e+02
143 1.186710e+02
144 1.170060e+02
145 1.156330e+02
146 1.144860e+02
147 1.133130e+02
148 1.121120e+02
149 1.108830e+02
150 1.096260e+02
151 1.083400e+02
152 1.070230e+02
153 1.056760e+02
154 1.042970e+02
155 1.029770e+02
156 1.020170e+02
157 1.010770e+02
158 1.001160e+02
159 9.913140e+01
160 9.812470e+01
161 9.709450e+01
162 9.604010e+01
163 9.496130e+01
164 9.385740e+01
165 9.272760e+01
166 9.157170e+01
167 9.038890e+01
168 8.917830e+01
169 8.793960e+01
170 8.667510e+01
171 8.571730e+01
172 8.496800e+01
173 8.420110e+01
174 8.341620e+01
175 8.261320e+01
176 8.179150e+01
177 8.095050e+01
178 8.009000e+01
179 7.920950e+01
180 7.830840e+01
181 7.738640e+01
182 7.644300e+01
183 7.547750e+01
184 7.448940e+01
185 7.347850e+01
186 7.244400e+01
187 7.138520e+01
188 7.035600e+01
189 6.963910e+01
190 6.896330e+01
191 6.827190e+01
192 6.756420e+01
193 6.684010e+01
194 6.609920e+01
195 6.534100e+01
196 6.456510e+01
197 6.377120e+01
198 6.295880e+01
199 6.212730e+01
200 6.127670e+01
