1 6.113750e+02
2 6.055630e+02
3 5.996180e+02
4 5.935330e+02
5 5.873060e+02
6 5.809360e+02
7 5.744160e+02
8 5.677440e+02
9 5.609170e+02
10 5.539880e+02
11 5.477560e+02
12 5.416690e+02
13 5.354390e+02
14 5.290660e+02
15 5.225430e+02
16 5.158670e+02
17 5.090380e+02
18 5.021960e+02
19 4.966390e+02
20 4.913180e+02
21 4.858740e+02
22 4.803040e+02
23 4.746020e+02
24 4.687690e+02
25 4.630620e+02
26 4.580020e+02
27 4.528750e+02
28 4.476280e+02
29 4.422600e+02
30 4.367660e+02
31 4.318310e+02
32 4.278040e+02
33 4.236920e+02
34 4.194850e+02
35 4.151790e+02
36 4.107730e+02
37 4.062650e+02
38 4.016510e+02
39 3.969300e+02
40 3.920990e+02
41 3.871560e+02
42 3.820970e+02
43 3.769210e+02
44 3.716280e+02
45 3.672680e+02
46 3.636330e+02
47 3.599130e+02
48 3.561060e+02
49 3.522110e+02
50 3.482250e+02
51 3.441460e+02
52 3.399720e+02
53 3.357010e+02
54 3.313310e+02
55 3.271480e+02
56 3.241070e+02
57 3.211340e+02
58 3.180910e+02
59 3.149770e+02
60 3.117920e+02
61 3.085320e+02
62 3.051950e+02
63 3.017810e+02
64 2.982880e+02
65 2.947130e+02
66 2.910550e+02
67 2.873120e+02
68 2.834810e+02
69 2.795620e+02
70 2.755600e+02
71 2.724750e+02
72 2.700110e+02
73 2.674900e+02
74 2.649090e+02
75 2.622690e+02
76 2.595680e+02
77 2.568030e+02
78 2.539740e+02
79 2.510790e+02
80 2.481170e+02
81 2.450850e+02
82 2.419830e+02
83 2.388090e+02
84 2.355610e+02
85 2.322370e+02
86 2.288810e+02
87 2.263510e+02
88 2.241140e+02
89 2.218240e+02
90 2.194820e+02
91 2.170850e+02
92 2.146310e+02
93 2.121210e+02
94 2.095530e+02
95 2.069240e+02
96 2.042350e+02
97 2.014830e+02
98 1.988250e+02
99 1.965920e+02
100 1.943410e+02
101 1.923760e+02
102 1.907080e+02
103 1.890000e+02
104 1.872530e+02
105 1.854650e+02
106 1.836360e+02
107 1.817640e+02
108 1.798480e+02
109 1.778870e+02
110 1.758810e+02
111 1.738280e+02
112 1.717280e+02
113 1.695780e+02
114 1.673790e+02
115 1.651280e+02
116 1.628250e+02
117 1.604680e+02
118 1.581300e+02
119 1.564660e+02
120 1.549470e+02
121 1.533930e+02
122 1.518030e+02
123 1.501760e+02
124 1.485110e+02
125 1.468080e+02
126 1.450640e+02
127 1.432800e+02
128 1.414540e+02
129 1.395860e+02
130 1.376740e+02
131 1.360100e+02
132 1.347410e+02
133 1.334470e+02
134 1.321220e+02
135 1.307670e+02
136 1.293790e+02
137 1.279600e+02
138 1.265080e+02
139 1.250210e+02
140 1.235000e+02
141 1.219440e+02
142 1.203510e+02
143 1.187220e+02
144 1.170560e+02
145 1.156810e+02
146 1.145340e+02
147 1.133590e+02
148 1.121580e+02
149 1.109280e+02
150 1.096700e+02
151 1.083830e+02
152 1.070650e+02
153 1.057170e+02
154 1.043380e+02
155 1.030170e+02
156 1.020560e+02
157 1.011160e+02
158 1.001550e+02
159 9.917060e+01
160 9.816380e+01
161 9.713350e+01
162 9.607900e+01
163 9.500010e+01
164 9.389610e+01
165 9.276620e+01
166 9.161010e+01
167 9.042720e+01
168 8.921650e+01
169 8.797770e+01
170 8.671300e+01
171 8.575480e+01
172 8.500480e+01
173 8.423730e+01
174 8.345170e+01
175 8.264800e+01
176 8.182560e+01
177 8.098400e+01
178 8.012270e+01
179 7.924150e+01
180 7.833960e+01
181 7.741680e+01
182 7.647260e+01
183 7.550620e+01
184 7.451730e+01
185 7.350560e+01
186 7.247020e+01
187 7.141050e+01
188 7.038040e+01
189 6.966290e+01
190 6.898660e+01
191 6.829470e+01
192 6.758650e+01
193 6.686180e+01
194 6.612040e+01
195 6.536160e+01
196 6.458510e+01
197 6.379060e+01
198 6.297760e+01
199 6.214540e+01
200 6.129420e+01
