1 6.715740e-02
2 6.715740e-02
3 6.715740e-02
4 6.715730e-02
5 6.715730e-02
6 6.715730e-02
7 6.715730e-02
8 6.715730e-02
9 6.715730e-02
10 6.715730e-02
11 6.715730e-02
12 6.715730e-02
13 6.715730e-02
14 6.715730e-02
15 6.715730e-02
16 6.715730e-02
17 6.715730e-02
18 6.715730e-02
19 6.715730e-02
20 6.715730e-02
21 6.715730e-02
22 6.715730e-02
23 6.715730e-02
24 6.715730e-02
25 6.715730e-02
26 6.715730e-02
27 6.715730e-02
28 6.715730e-02
29 6.715730e-02
30 6.715730e-02
31 6.715730e-02
32 6.715720e-02
33 6.715720e-02
34 6.715720e-02
35 6.715720e-02
36 6.715720e-02
37 6.715720e-02
38 6.715720e-02
39 6.715720e-02
40 6.715720e-02
41 6.715720e-02
42 6.715720e-02
43 6.715720e-02
44 6.715720e-02
45 6.715720e-02
46 6.715720e-02
47 6.715720e-02
48 6.715720e-02
49 6.715720e-02
50 6.715710e-02
51 6.715710e-02
52 6.715710e-02
53 6.715710e-02
54 6.715710e-02
55 6.715710e-02
56 6.715710e-02
57 6.715710e-02
58 6.715710e-02
59 6.715710e-02
60 6.715710e-02
61 6.715710e-02
62 6.715710e-02
63 6.715700e-02
64 6.715700e-02
65 6.715700e-02
66 6.715700e-02
67 6.715700e-02
68 6.715700e-02
69 6.715700e-02
70 6.715700e-02
71 6.715700e-02
72 6.715700e-02
73 6.715690e-02
74 6.715690e-02
75 6.715690e-02
76 6.715690e-02
77 6.715690e-02
78 6.715690e-02
79 6.715690e-02
80 6.715690e-02
81 6.715680e-02
82 6.715680e-02
83 6.715680e-02
84 6.715680e-02
85 6.715680e-02
86 6.715680e-02
87 6.715670e-02
88 6.715670e-02
89 6.715670e-02
90 6.715670e-02
91 6.715670e-02
92 6.715670e-02
93 6.715660e-02
94 6.715660e-02
95 6.715660e-02
96 6.715660e-02
97 6.715660e-02
98 6.715650e-02
99 6.715650e-02
100 6.715650e-02
101 6.715650e-02
102 6.715650e-02
103 6.715640e-02
104 6.715640e-02
105 6.715640e-02
106 6.715640e-02
107 6.715630e-02
108 6.715630e-02
109 6.715630e-02
110 6.715630e-02
111 6.715620e-02
112 6.715620e-02
113 6.715620e-02
114 6.715610e-02
115 6.715610e-02
116 6.715610e-02
117 6.715610e-02
118 6.715600e-02
119 6.715600e-02
120 6.715600e-02
121 6.715590e-02
122 6.715590e-02
123 6.715580e-02
124 6.715580e-02
125 6.715580e-02
126 6.715570e-02
127 6.715570e-02
128 6.715570e-02
129 6.715560e-02
130 6.715560e-02
131 6.715550e-02
132 6.715550e-02
133 6.715540e-02
134 6.715540e-02
135 6.715530e-02
136 6.715530e-02
137 6.715520e-02
138 6.715520e-02
139 6.715510e-02
140 6.715510e-02
141 6.715500e-02
142 6.715500e-02
143 6.715490e-02
144 6.715490e-02
145 6.715480e-02
146 6.715470e-02
147 6.715470e-02
148 6.715460e-02
149 6.715450e-02
150 6.715450e-02
151 6.715440e-02
152 6.715430e-02
153 6.715430e-02
154 6.715420e-02
155 6.715410e-02
156 6.715400e-02
157 6.715390e-02
158 6.715390e-02
159 6.715380e-02
160 6.715370e-02
161 6.715360e-02
162 6.715350e-02
163 6.715340e-02
164 6.715330e-02
165 6.715320e-02
166 6.715310e-02
167 6.715300e-02
168 6.715290e-02
169 6.715280e-02
170 6.715270e-02
171 6.715260e-02
172 6.715250e-02
173 6.715240e-02
174 6.715230e-02
175 6.715210e-02
176 6.715200e-02
177 6.715190e-02
178 6.715180e-02
179 6.715160e-02
180 6.715150e-02
181 6.715140e-02
182 6.715120e-02
183 6.715110e-02
184 6.715090e-02
185 6.715080e-02
186 6.715060e-02
187 6.715050e-02
188 6.715030e-02
189 6.715010e-02
190 6.715000e-02
191 6.714980e-02
192 6.714960e-02
193 6.714940e-02
194 6.714920e-02
195 6.714900e-02
196 6.714880e-02
197 6.714860e-02
198 6.714840e-02
199 6.714820e-02
200 6.714800e-02
