1 6.119100e+02
2 6.059550e+02
3 5.998630e+02
4 5.936290e+02
5 5.872480e+02
6 5.807190e+02
7 5.740390e+02
8 5.672020e+02
9 5.602070e+02
10 5.531200e+02
11 5.469710e+02
12 5.410490e+02
13 5.349890e+02
14 5.287890e+02
15 5.224430e+02
16 5.159490e+02
17 5.093050e+02
18 5.026320e+02
19 4.970380e+02
20 4.916250e+02
21 4.860870e+02
22 4.804200e+02
23 4.746210e+02
24 4.686860e+02
25 4.629220e+02
26 4.579370e+02
27 4.528950e+02
28 4.477350e+02
29 4.424570e+02
30 4.370540e+02
31 4.320240e+02
32 4.276170e+02
33 4.231150e+02
34 4.185080e+02
35 4.137920e+02
36 4.089670e+02
37 4.040310e+02
38 3.990610e+02
39 3.946360e+02
40 3.902510e+02
41 3.857650e+02
42 3.811740e+02
43 3.764760e+02
44 3.716710e+02
45 3.675300e+02
46 3.638980e+02
47 3.601810e+02
48 3.563780e+02
49 3.524860e+02
50 3.485030e+02
51 3.444280e+02
52 3.402570e+02
53 3.359910e+02
54 3.316240e+02
55 3.274070e+02
56 3.241660e+02
57 3.209700e+02
58 3.177000e+02
59 3.143530e+02
60 3.109290e+02
61 3.074250e+02
62 3.038380e+02
63 3.001750e+02
64 2.967650e+02
65 2.934640e+02
66 2.900860e+02
67 2.866290e+02
68 2.830920e+02
69 2.794730e+02
70 2.757740e+02
71 2.727150e+02
72 2.700810e+02
73 2.673850e+02
74 2.646270e+02
75 2.618040e+02
76 2.589160e+02
77 2.559600e+02
78 2.529350e+02
79 2.498830e+02
80 2.470540e+02
81 2.442160e+02
82 2.413120e+02
83 2.383400e+02
84 2.352980e+02
85 2.321870e+02
86 2.290400e+02
87 2.265620e+02
88 2.243160e+02
89 2.220170e+02
90 2.196650e+02
91 2.172590e+02
92 2.147950e+02
93 2.122750e+02
94 2.096970e+02
95 2.070580e+02
96 2.043570e+02
97 2.015940e+02
98 1.989310e+02
99 1.967100e+02
100 1.944730e+02
101 1.925150e+02
102 1.908460e+02
103 1.891390e+02
104 1.873920e+02
105 1.856040e+02
106 1.837750e+02
107 1.819030e+02
108 1.799870e+02
109 1.780270e+02
110 1.760210e+02
111 1.739680e+02
112 1.718680e+02
113 1.697190e+02
114 1.675190e+02
115 1.652680e+02
116 1.629660e+02
117 1.606090e+02
118 1.582710e+02
119 1.566040e+02
120 1.550820e+02
121 1.535240e+02
122 1.519300e+02
123 1.502990e+02
124 1.486300e+02
125 1.469220e+02
126 1.451750e+02
127 1.433860e+02
128 1.415560e+02
129 1.396830e+02
130 1.377670e+02
131 1.360990e+02
132 1.348290e+02
133 1.335320e+02
134 1.322060e+02
135 1.308490e+02
136 1.294600e+02
137 1.280390e+02
138 1.265840e+02
139 1.250960e+02
140 1.235730e+02
141 1.220150e+02
142 1.204200e+02
143 1.187880e+02
144 1.171200e+02
145 1.157440e+02
146 1.145960e+02
147 1.134200e+02
148 1.122180e+02
149 1.109870e+02
150 1.097280e+02
151 1.084400e+02
152 1.071210e+02
153 1.057720e+02
154 1.043910e+02
155 1.030700e+02
156 1.021090e+02
157 1.011690e+02
158 1.002070e+02
159 9.922310e+01
160 9.821630e+01
161 9.718580e+01
162 9.613130e+01
163 9.505230e+01
164 9.394820e+01
165 9.281820e+01
166 9.166210e+01
167 9.047900e+01
168 8.926830e+01
169 8.802940e+01
170 8.676460e+01
171 8.580590e+01
172 8.505500e+01
173 8.428660e+01
174 8.350010e+01
175 8.269550e+01
176 8.187210e+01
177 8.102950e+01
178 8.016730e+01
179 7.928500e+01
180 7.838210e+01
181 7.745820e+01
182 7.651290e+01
183 7.554550e+01
184 7.455540e+01
185 7.354250e+01
186 7.250590e+01
187 7.144500e+01
188 7.041370e+01
189 6.969550e+01
190 6.901850e+01
191 6.832590e+01
192 6.761700e+01
193 6.689150e+01
194 6.614940e+01
195 6.538980e+01
196 6.461250e+01
197 6.381720e+01
198 6.300330e+01
199 6.217030e+01
200 6.131820e+01
