1 3.336720e+00
2 3.317160e+00
3 3.297150e+00
4 3.276670e+00
5 3.255720e+00
6 3.234270e+00
7 3.212330e+00
8 3.189910e+00
9 3.173260e+00
10 3.160860e+00
11 3.148180e+00
12 3.135210e+00
13 3.121930e+00
14 3.108340e+00
15 3.094440e+00
16 3.080210e+00
17 3.065650e+00
18 3.051840e+00
19 3.048340e+00
20 3.047450e+00
21 3.046540e+00
22 3.045610e+00
23 3.044660e+00
24 3.043680e+00
25 3.042690e+00
26 3.041660e+00
27 3.040620e+00
28 3.039660e+00
29 3.046730e+00
30 3.059080e+00
31 3.078530e+00
32 3.108560e+00
33 3.139380e+00
34 3.170920e+00
35 3.203190e+00
36 3.236220e+00
37 3.270000e+00
38 3.304580e+00
39 3.357930e+00
40 3.432250e+00
41 3.512090e+00
42 3.640360e+00
43 3.785490e+00
44 3.936710e+00
45 4.096040e+00
46 4.259170e+00
47 4.426060e+00
48 4.601460e+00
49 4.877440e+00
50 5.281890e+00
51 5.755860e+00
52 6.408010e+00
53 7.232310e+00
54 8.417890e+00
55 1.000860e+01
56 1.229280e+01
57 1.618370e+01
58 2.316780e+01
59 3.655130e+01
60 7.319790e+01
61 2.663430e+02
62 1.763540e+03
63 1.359050e+03
64 1.737520e+02
65 5.309420e+01
66 2.620930e+01
67 1.609290e+01
68 1.109440e+01
69 8.381530e+00
70 6.664840e+00
71 5.459810e+00
72 4.690270e+00
73 4.166380e+00
74 3.834550e+00
75 3.561590e+00
76 3.365360e+00
77 3.305000e+00
78 3.250040e+00
79 3.210170e+00
80 3.174560e+00
81 3.227970e+00
82 3.398590e+00
83 3.733890e+00
84 4.255010e+00
85 5.260760e+00
86 7.564640e+00
87 1.536920e+01
88 1.023630e+02
89 3.701780e+02
90 4.665100e+01
91 1.079670e+01
92 6.007440e+00
93 4.410410e+00
94 3.676100e+00
95 3.361980e+00
96 3.172970e+00
97 3.085900e+00
98 3.088690e+00
99 3.091590e+00
100 3.094560e+00
101 3.146570e+00
102 3.249270e+00
103 3.354340e+00
104 3.461860e+00
105 3.603200e+00
106 3.800800e+00
107 4.003850e+00
108 4.212080e+00
109 4.505200e+00
110 4.864400e+00
111 5.233340e+00
112 5.625740e+00
113 6.203690e+00
114 6.941000e+00
115 7.705350e+00
116 8.545080e+00
117 9.838030e+00
118 1.138360e+01
119 1.350430e+01
120 1.645980e+01
121 2.074720e+01
122 2.731530e+01
123 3.780950e+01
124 5.695820e+01
125 9.957570e+01
126 2.247930e+02
127 9.952530e+02
128 3.360220e+03
129 7.361490e+02
130 1.828790e+02
131 9.999360e+01
132 2.145820e+02
133 2.143950e+03
134 1.190120e+02
135 3.188360e+01
136 1.756990e+01
137 1.176420e+01
138 8.956390e+00
139 7.276740e+00
140 6.509790e+00
141 6.970010e+00
142 1.073640e+01
143 6.414460e+01
144 6.028160e+02
145 2.296110e+01
146 6.428210e+00
147 3.496980e+00
148 2.427280e+00
149 1.854390e+00
150 1.501040e+00
151 1.279370e+00
152 1.131360e+00
153 9.916380e-01
154 9.104410e-01
155 8.400310e-01
156 8.053480e-01
157 7.847390e-01
158 8.101150e-01
159 8.633560e-01
160 1.078140e+00
161 2.405790e+01
162 5.636850e+00
163 1.725770e+00
164 2.624590e+00
165 5.630090e+00
166 3.591410e+01
167 3.680580e+02
168 9.149820e+01
169 4.935120e+01
170 3.197000e+00
171 1.458130e+00
172 8.939010e-01
173 6.167300e-01
174 4.720200e-01
175 3.719670e-01
176 3.075410e-01
177 2.640690e-01
178 2.323260e-01
179 2.125820e-01
180 2.107680e-01
181 2.945310e-01
182 1.059150e+01
183 3.991830e-01
184 1.692390e-01
185 1.427390e-01
186 1.293080e-01
187 1.208420e-01
188 1.162810e-01
189 1.141930e-01
190 1.141080e-01
191 1.140220e-01
192 1.141680e-01
193 1.173020e-01
194 1.233790e-01
195 1.347820e-01
196 1.506820e-01
197 1.748500e-01
198 2.268960e-01
199 3.519710e-01
200 1.051040e+00
