1 3.338610e+00
2 3.319070e+00
3 3.299080e+00
4 3.278620e+00
5 3.257680e+00
6 3.236260e+00
7 3.214330e+00
8 3.191930e+00
9 3.175320e+00
10 3.162990e+00
11 3.150360e+00
12 3.137450e+00
13 3.124230e+00
14 3.110700e+00
15 3.096860e+00
16 3.082700e+00
17 3.068210e+00
18 3.054460e+00
19 3.050940e+00
20 3.050030e+00
21 3.049090e+00
22 3.048130e+00
23 3.047150e+00
24 3.046140e+00
25 3.045110e+00
26 3.044060e+00
27 3.042980e+00
28 3.041980e+00
29 3.049260e+00
30 3.061990e+00
31 3.081750e+00
32 3.112000e+00
33 3.143040e+00
34 3.174800e+00
35 3.207310e+00
36 3.240570e+00
37 3.274600e+00
38 3.309430e+00
39 3.357030e+00
40 3.424940e+00
41 3.518640e+00
42 3.647940e+00
43 3.789640e+00
44 3.936800e+00
45 4.091040e+00
46 4.251640e+00
47 4.431210e+00
48 4.622850e+00
49 4.912540e+00
50 5.302680e+00
51 5.802680e+00
52 6.451210e+00
53 7.300660e+00
54 8.482210e+00
55 1.011250e+01
56 1.254110e+01
57 1.665810e+01
58 2.410520e+01
59 3.988360e+01
60 9.351450e+01
61 4.431500e+02
62 1.502480e+03
63 1.285050e+03
64 2.928210e+02
65 6.348830e+01
66 2.806170e+01
67 1.664380e+01
68 1.133830e+01
69 8.484950e+00
70 6.714170e+00
71 5.501320e+00
72 4.714930e+00
73 4.183260e+00
74 3.830160e+00
75 3.558870e+00
76 3.368740e+00
77 3.292290e+00
78 3.246680e+00
79 3.202230e+00
80 3.179800e+00
81 3.238330e+00
82 3.405010e+00
83 3.741440e+00
84 4.296110e+00
85 5.352090e+00
86 7.932700e+00
87 1.894140e+01
88 1.348950e+02
89 3.051450e+02
90 7.333240e+01
91 1.213190e+01
92 6.180880e+00
93 4.457740e+00
94 3.699980e+00
95 3.360640e+00
96 3.179610e+00
97 3.085820e+00
98 3.073870e+00
99 3.082530e+00
100 3.095900e+00
101 3.153100e+00
102 3.255600e+00
103 3.360470e+00
104 3.467780e+00
105 3.606180e+00
106 3.796140e+00
107 3.999050e+00
108 4.217370e+00
109 4.512980e+00
110 4.868900e+00
111 5.236260e+00
112 5.639720e+00
113 6.210280e+00
114 6.947500e+00
115 7.722080e+00
116 8.578960e+00
117 9.839290e+00
118 1.139720e+01
119 1.352820e+01
120 1.651530e+01
121 2.082930e+01
122 2.747220e+01
123 3.805950e+01
124 5.765160e+01
125 1.018090e+02
126 2.373210e+02
127 1.120270e+03
128 3.105000e+03
129 8.383430e+02
130 1.911700e+02
131 1.029840e+02
132 3.342890e+02
133 1.964770e+03
134 1.758660e+02
135 3.284290e+01
136 1.772920e+01
137 1.183190e+01
138 8.967310e+00
139 7.294740e+00
140 6.529850e+00
141 7.023330e+00
142 1.111570e+01
143 1.022890e+02
144 5.575270e+02
145 2.923890e+01
146 6.568380e+00
147 3.527530e+00
148 2.433130e+00
149 1.857480e+00
150 1.503630e+00
151 1.280950e+00
152 1.127950e+00
153 9.929200e-01
154 9.085040e-01
155 8.404370e-01
156 8.038270e-01
157 7.854850e-01
158 8.123070e-01
159 8.658940e-01
160 1.097650e+00
161 2.142670e+01
162 8.247930e+00
163 1.739280e+00
164 2.647570e+00
165 5.771290e+00
166 4.890830e+01
167 3.528690e+02
168 8.882000e+01
169 5.349760e+01
170 3.274480e+00
171 1.468370e+00
172 8.946720e-01
173 6.183040e-01
174 4.718380e-01
175 3.720800e-01
176 3.076170e-01
177 2.642560e-01
178 2.324580e-01
179 2.129880e-01
180 2.110800e-01
181 3.066620e-01
182 1.043830e+01
183 5.350460e-01
184 1.698030e-01
185 1.426100e-01
186 1.294300e-01
187 1.210370e-01
188 1.164180e-01
189 1.142980e-01
190 1.142050e-01
191 1.141090e-01
192 1.142430e-01
193 1.173210e-01
194 1.234260e-01
195 1.348120e-01
196 1.508280e-01
197 1.752140e-01
198 2.272330e-01
199 3.539230e-01
200 1.103400e+00
