1 3.337810e+00
2 3.318250e+00
3 3.298250e+00
4 3.277780e+00
5 3.256840e+00
6 3.235400e+00
7 3.213470e+00
8 3.191060e+00
9 3.174430e+00
10 3.162070e+00
11 3.149420e+00
12 3.136470e+00
13 3.123230e+00
14 3.109680e+00
15 3.095810e+00
16 3.081610e+00
17 3.067090e+00
18 3.053310e+00
19 3.049800e+00
20 3.048890e+00
21 3.047970e+00
22 3.047020e+00
23 3.046040e+00
24 3.045050e+00
25 3.044030e+00
26 3.042990e+00
27 3.041920e+00
28 3.040940e+00
29 3.048120e+00
30 3.060680e+00
31 3.080300e+00
32 3.110460e+00
33 3.141400e+00
34 3.173060e+00
35 3.205460e+00
36 3.238620e+00
37 3.272540e+00
38 3.307260e+00
39 3.354690e+00
40 3.422070e+00
41 3.514350e+00
42 3.644460e+00
43 3.787690e+00
44 3.938590e+00
45 4.100350e+00
46 4.266000e+00
47 4.435470e+00
48 4.614960e+00
49 4.902440e+00
50 5.292030e+00
51 5.772880e+00
52 6.428210e+00
53 7.268080e+00
54 8.446570e+00
55 1.005100e+01
56 1.241110e+01
57 1.641650e+01
58 2.360050e+01
59 3.808700e+01
60 8.111300e+01
61 3.608810e+02
62 1.620530e+03
63 1.333720e+03
64 2.313110e+02
65 5.728120e+01
66 2.707520e+01
67 1.635540e+01
68 1.121560e+01
69 8.432430e+00
70 6.689180e+00
71 5.480080e+00
72 4.702830e+00
73 4.174390e+00
74 3.827510e+00
75 3.555750e+00
76 3.362420e+00
77 3.291420e+00
78 3.246680e+00
79 3.201960e+00
80 3.175190e+00
81 3.233390e+00
82 3.397700e+00
83 3.733410e+00
84 4.275870e+00
85 5.303840e+00
86 7.741050e+00
87 1.678130e+01
88 1.226910e+02
89 3.330290e+02
90 6.097160e+01
91 1.135690e+01
92 6.091650e+00
93 4.433140e+00
94 3.687690e+00
95 3.356860e+00
96 3.176660e+00
97 3.088610e+00
98 3.080960e+00
99 3.081870e+00
100 3.093750e+00
101 3.150250e+00
102 3.252830e+00
103 3.357780e+00
104 3.465190e+00
105 3.606650e+00
106 3.804800e+00
107 4.008430e+00
108 4.217230e+00
109 4.509550e+00
110 4.866890e+00
111 5.234910e+00
112 5.633380e+00
113 6.206810e+00
114 6.944330e+00
115 7.713970e+00
116 8.558890e+00
117 9.835080e+00
118 1.138380e+01
119 1.351170e+01
120 1.649210e+01
121 2.078790e+01
122 2.739690e+01
123 3.791960e+01
124 5.730110e+01
125 1.006870e+02
126 2.308120e+02
127 1.062700e+03
128 3.225390e+03
129 7.889250e+02
130 1.869010e+02
131 1.014480e+02
132 2.746380e+02
133 2.057130e+03
134 1.432980e+02
135 3.234220e+01
136 1.764720e+01
137 1.179850e+01
138 8.956050e+00
139 7.285490e+00
140 6.516120e+00
141 6.993850e+00
142 1.091790e+01
143 8.410170e+01
144 5.797410e+02
145 2.541240e+01
146 6.493660e+00
147 3.512380e+00
148 2.429000e+00
149 1.856000e+00
150 1.502500e+00
151 1.279620e+00
152 1.127670e+00
153 9.919560e-01
154 9.082570e-01
155 8.398750e-01
156 8.035810e-01
157 7.847290e-01
158 8.112670e-01
159 8.645990e-01
160 1.086940e+00
161 2.241180e+01
162 7.277580e+00
163 1.732550e+00
164 2.636680e+00
165 5.700010e+00
166 4.212050e+01
167 3.606950e+02
168 8.948250e+01
169 5.199360e+01
170 3.234400e+00
171 1.462980e+00
172 8.944340e-01
173 6.176530e-01
174 4.724020e-01
175 3.717400e-01
176 3.074030e-01
177 2.641730e-01
178 2.323920e-01
179 2.126700e-01
180 2.110790e-01
181 2.997450e-01
182 1.053280e+01
183 4.471330e-01
184 1.694300e-01
185 1.425670e-01
186 1.293770e-01
187 1.209520e-01
188 1.163590e-01
189 1.142520e-01
190 1.141630e-01
191 1.140710e-01
192 1.142090e-01
193 1.173120e-01
194 1.234040e-01
195 1.347980e-01
196 1.507640e-01
197 1.750360e-01
198 2.270590e-01
199 3.528870e-01
200 1.075730e+00
