1 3.657600e-03
2 3.657600e-03
3 3.657600e-03
4 3.657600e-03
5 3.657600e-03
6 3.657600e-03
7 3.657630e-03
8 3.657700e-03
9 3.657700e-03
10 3.657700e-03
11 3.657700e-03
12 3.657700e-03
13 3.657700e-03
14 3.657700e-03
15 3.657700e-03
16 3.657700e-03
17 3.657700e-03
18 3.657700e-03
19 3.657700e-03
20 3.657700e-03
21 3.657700e-03
22 3.657700e-03
23 3.657700e-03
24 3.657760e-03
25 3.657800e-03
26 3.657800e-03
27 3.657800e-03
28 3.657800e-03
29 3.657800e-03
30 3.657800e-03
31 3.657800e-03
32 3.657800e-03
33 3.657800e-03
34 3.657800e-03
35 3.657800e-03
36 3.657860e-03
37 3.657900e-03
38 3.657900e-03
39 3.657900e-03
40 3.657900e-03
41 3.657900e-03
42 3.657900e-03
43 3.657900e-03
44 3.657900e-03
45 3.657920e-03
46 3.658000e-03
47 3.658000e-03
48 3.658000e-03
49 3.658000e-03
50 3.658000e-03
51 3.658000e-03
52 3.658000e-03
53 3.658040e-03
54 3.658100e-03
55 3.658100e-03
56 3.658100e-03
57 3.658100e-03
58 3.658100e-03
59 3.658100e-03
60 3.658190e-03
61 3.658200e-03
62 3.658200e-03
63 3.658200e-03
64 3.658200e-03
65 3.658210e-03
66 3.658300e-03
67 3.658300e-03
68 3.658300e-03
69 3.658300e-03
70 3.658310e-03
71 3.658400e-03
72 3.658400e-03
73 3.658400e-03
74 3.658400e-03
75 3.658460e-03
76 3.658500e-03
77 3.658500e-03
78 3.658500e-03
79 3.658550e-03
80 3.658600e-03
81 3.658600e-03
82 3.658600e-03
83 3.658680e-03
84 3.658700e-03
85 3.658700e-03
86 3.658730e-03
87 3.658800e-03
88 3.658800e-03
89 3.658810e-03
90 3.658900e-03
91 3.658900e-03
92 3.658920e-03
93 3.659000e-03
94 3.659000e-03
95 3.659030e-03
96 3.659100e-03
97 3.659100e-03
98 3.659170e-03
99 3.659200e-03
100 3.659230e-03
101 3.659300e-03
102 3.659300e-03
103 3.659400e-03
104 3.659400e-03
105 3.659480e-03
106 3.659500e-03
107 3.659570e-03
108 3.659600e-03
109 3.659670e-03
110 3.659700e-03
111 3.659770e-03
112 3.659800e-03
113 3.659890e-03
114 3.659910e-03
115 3.660000e-03
116 3.660040e-03
117 3.660100e-03
118 3.660190e-03
119 3.660230e-03
120 3.660300e-03
121 3.660380e-03
122 3.660440e-03
123 3.660500e-03
124 3.660590e-03
125 3.660660e-03
126 3.660720e-03
127 3.660800e-03
128 3.660890e-03
129 3.660940e-03
130 3.661030e-03
131 3.661110e-03
132 3.661210e-03
133 3.661300e-03
134 3.661380e-03
135 3.661480e-03
136 3.661570e-03
137 3.661670e-03
138 3.661770e-03
139 3.661860e-03
140 3.661970e-03
141 3.662070e-03
142 3.662180e-03
143 3.662310e-03
144 3.662410e-03
145 3.662520e-03
146 3.662640e-03
147 3.662760e-03
148 3.662880e-03
149 3.663020e-03
150 3.663150e-03
151 3.663270e-03
152 3.663420e-03
153 3.663550e-03
154 3.663690e-03
155 3.663850e-03
156 3.663990e-03
157 3.664150e-03
158 3.664300e-03
159 3.664450e-03
160 3.664630e-03
161 3.664790e-03
162 3.664960e-03
163 3.665140e-03
164 3.665330e-03
165 3.665510e-03
166 3.665750e-03
167 3.665860e-03
168 3.666110e-03
169 3.666230e-03
170 3.666480e-03
171 3.666690e-03
172 3.666910e-03
173 3.667130e-03
174 3.667360e-03
175 3.667590e-03
176 3.667820e-03
177 3.668070e-03
178 3.668310e-03
179 3.668570e-03
180 3.668830e-03
181 3.669090e-03
182 3.669370e-03
183 3.669640e-03
184 3.669920e-03
185 3.670220e-03
186 3.670520e-03
187 3.670820e-03
188 3.671130e-03
189 3.671450e-03
190 3.671770e-03
191 3.672110e-03
192 3.672450e-03
193 3.672800e-03
194 3.673160e-03
195 3.673530e-03
196 3.673900e-03
197 3.674290e-03
198 3.674670e-03
199 3.675080e-03
200 3.675520e-03
