1 3.339830e+00
2 3.320310e+00
3 3.300340e+00
4 3.279900e+00
5 3.258980e+00
6 3.237580e+00
7 3.215680e+00
8 3.193300e+00
9 3.176720e+00
10 3.164430e+00
11 3.151860e+00
12 3.138990e+00
13 3.125820e+00
14 3.112340e+00
15 3.098550e+00
16 3.084440e+00
17 3.070000e+00
18 3.056300e+00
19 3.052800e+00
20 3.051880e+00
21 3.050950e+00
22 3.049990e+00
23 3.049000e+00
24 3.048000e+00
25 3.046970e+00
26 3.045920e+00
27 3.044840e+00
28 3.043850e+00
29 3.051280e+00
30 3.064270e+00
31 3.084250e+00
32 3.114680e+00
33 3.145910e+00
34 3.177860e+00
35 3.210560e+00
36 3.244030e+00
37 3.278260e+00
38 3.313300e+00
39 3.361660e+00
40 3.431030e+00
41 3.526190e+00
42 3.653980e+00
43 3.793220e+00
44 3.938870e+00
45 4.093260e+00
46 4.252330e+00
47 4.423820e+00
48 4.635530e+00
49 4.932220e+00
50 5.324710e+00
51 5.830930e+00
52 6.477300e+00
53 7.352500e+00
54 8.558640e+00
55 1.024540e+01
56 1.281250e+01
57 1.716760e+01
58 2.531310e+01
59 4.511100e+01
60 1.316760e+02
61 5.527160e+02
62 1.327930e+03
63 1.182190e+03
64 3.917940e+02
65 8.432130e+01
66 3.069540e+01
67 1.728960e+01
68 1.159690e+01
69 8.596700e+00
70 6.767570e+00
71 5.543390e+00
72 4.739570e+00
73 4.200190e+00
74 3.836710e+00
75 3.565790e+00
76 3.379750e+00
77 3.294910e+00
78 3.246960e+00
79 3.203480e+00
80 3.187700e+00
81 3.248340e+00
82 3.419320e+00
83 3.759120e+00
84 4.337220e+00
85 5.462510e+00
86 8.443640e+00
87 2.535460e+01
88 1.465560e+02
89 2.660910e+02
90 9.066110e+01
91 1.469260e+01
92 6.404550e+00
93 4.511900e+00
94 3.725000e+00
95 3.368910e+00
96 3.185100e+00
97 3.091200e+00
98 3.074450e+00
99 3.083620e+00
100 3.099340e+00
101 3.153530e+00
102 3.247480e+00
103 3.350350e+00
104 3.466250e+00
105 3.609560e+00
106 3.797790e+00
107 4.001100e+00
108 4.222790e+00
109 4.518600e+00
110 4.872310e+00
111 5.238680e+00
112 5.650370e+00
113 6.217550e+00
114 6.953530e+00
115 7.736670e+00
116 8.599310e+00
117 9.849280e+00
118 1.142210e+01
119 1.356110e+01
120 1.656360e+01
121 2.091250e+01
122 2.758470e+01
123 3.834420e+01
124 5.837780e+01
125 1.041620e+02
126 2.525140e+02
127 1.209930e+03
128 2.898980e+03
129 9.236800e+02
130 2.010430e+02
131 1.065850e+02
132 4.317070e+02
133 1.794830e+03
134 2.447310e+02
135 3.400020e+01
136 1.790130e+01
137 1.189780e+01
138 8.990310e+00
139 7.313840e+00
140 6.556940e+00
141 7.084380e+00
142 1.159400e+01
143 1.303960e+02
144 5.180840e+02
145 3.994160e+01
146 6.734930e+00
147 3.557000e+00
148 2.441970e+00
149 1.860510e+00
150 1.505620e+00
151 1.279680e+00
152 1.127610e+00
153 9.944290e-01
154 9.088820e-01
155 8.413190e-01
156 8.042140e-01
157 7.865910e-01
158 8.104100e-01
159 8.673020e-01
160 1.138380e+00
161 2.021350e+01
162 9.403210e+00
163 1.753590e+00
164 2.667630e+00
165 5.919050e+00
166 6.148770e+01
167 3.372530e+02
168 8.967250e+01
169 5.524140e+01
170 3.364280e+00
171 1.478560e+00
172 8.972000e-01
173 6.196500e-01
174 4.721270e-01
175 3.719090e-01
176 3.079520e-01
177 2.643890e-01
178 2.325900e-01
179 2.131370e-01
180 2.115450e-01
181 3.334890e-01
182 1.017290e+01
183 7.767990e-01
184 1.705110e-01
185 1.424900e-01
186 1.295120e-01
187 1.211700e-01
188 1.165110e-01
189 1.143710e-01
190 1.142730e-01
191 1.141720e-01
192 1.142970e-01
193 1.173410e-01
194 1.234650e-01
195 1.348400e-01
196 1.509320e-01
197 1.751670e-01
198 2.275830e-01
199 3.559320e-01
200 1.179080e+00
