1 3.339260e+00
2 3.319730e+00
3 3.299750e+00
4 3.279300e+00
5 3.258370e+00
6 3.236960e+00
7 3.215050e+00
8 3.192660e+00
9 3.176070e+00
10 3.163760e+00
11 3.151160e+00
12 3.138270e+00
13 3.125070e+00
14 3.111570e+00
15 3.097760e+00
16 3.083620e+00
17 3.069160e+00
18 3.055430e+00
19 3.051920e+00
20 3.051000e+00
21 3.050060e+00
22 3.049100e+00
23 3.048110e+00
24 3.047100e+00
25 3.046070e+00
26 3.045020e+00
27 3.043940e+00
28 3.042940e+00
29 3.050300e+00
30 3.063160e+00
31 3.083040e+00
32 3.113380e+00
33 3.144520e+00
34 3.176370e+00
35 3.208980e+00
36 3.242340e+00
37 3.276470e+00
38 3.311410e+00
39 3.359350e+00
40 3.427960e+00
41 3.522550e+00
42 3.651070e+00
43 3.791470e+00
44 3.937810e+00
45 4.092090e+00
46 4.253280e+00
47 4.436500e+00
48 4.632140e+00
49 4.922420e+00
50 5.313590e+00
51 5.816650e+00
52 6.457860e+00
53 7.323030e+00
54 8.519610e+00
55 1.017720e+01
56 1.267500e+01
57 1.690650e+01
58 2.465690e+01
59 4.212430e+01
60 1.108110e+02
61 5.062050e+02
62 1.407160e+03
63 1.232050e+03
64 3.471560e+02
65 7.254700e+01
66 2.923100e+01
67 1.694350e+01
68 1.146500e+01
69 8.539680e+00
70 6.740260e+00
71 5.522500e+00
72 4.727130e+00
73 4.191820e+00
74 3.833260e+00
75 3.562240e+00
76 3.374470e+00
77 3.293480e+00
78 3.246780e+00
79 3.202740e+00
80 3.183890e+00
81 3.243290e+00
82 3.412210e+00
83 3.750030e+00
84 4.316430e+00
85 5.404960e+00
86 8.161790e+00
87 2.187540e+01
88 1.422260e+02
89 2.834440e+02
90 8.308850e+01
91 1.323310e+01
92 6.284980e+00
93 4.483990e+00
94 3.712440e+00
95 3.364660e+00
96 3.182370e+00
97 3.088620e+00
98 3.074100e+00
99 3.083100e+00
100 3.097720e+00
101 3.155530e+00
102 3.257960e+00
103 3.362760e+00
104 3.470010e+00
105 3.608010e+00
106 3.797000e+00
107 4.000120e+00
108 4.220230e+00
109 4.515940e+00
110 4.870670e+00
111 5.237500e+00
112 5.645300e+00
113 6.213900e+00
114 6.950550e+00
115 7.729610e+00
116 8.589430e+00
117 9.844060e+00
118 1.140990e+01
119 1.354470e+01
120 1.653930e+01
121 2.087090e+01
122 2.751460e+01
123 3.820100e+01
124 5.801040e+01
125 1.029630e+02
126 2.445910e+02
127 1.168500e+03
128 2.996210e+03
129 8.831150e+02
130 1.958920e+02
131 1.046670e+02
132 3.868980e+02
133 1.875680e+03
134 2.107900e+02
135 3.339310e+01
136 1.781380e+01
137 1.186490e+01
138 8.978680e+00
139 7.304240e+00
140 6.543460e+00
141 7.053420e+00
142 1.133740e+01
143 1.175630e+02
144 5.370740e+02
145 3.424020e+01
146 6.648500e+00
147 3.542740e+00
148 2.437210e+00
149 1.858970e+00
150 1.504640e+00
151 1.279000e+00
152 1.127480e+00
153 9.937250e-01
154 9.087060e-01
155 8.409070e-01
156 8.040330e-01
157 7.860410e-01
158 8.101050e-01
159 8.661850e-01
160 1.113510e+00
161 2.073270e+01
162 8.905880e+00
163 1.746200e+00
164 2.658330e+00
165 5.843370e+00
166 5.546310e+01
167 3.448990e+02
168 8.897270e+01
169 5.450490e+01
170 3.317220e+00
171 1.473440e+00
172 8.959230e-01
173 6.189900e-01
174 4.719820e-01
175 3.717020e-01
176 3.077960e-01
177 2.643260e-01
178 2.325240e-01
179 2.130600e-01
180 2.113110e-01
181 3.172190e-01
182 1.031280e+01
183 6.500840e-01
184 1.700400e-01
185 1.424640e-01
186 1.294740e-01
187 1.211080e-01
188 1.164670e-01
189 1.143370e-01
190 1.142410e-01
191 1.141420e-01
192 1.142710e-01
193 1.173310e-01
194 1.234460e-01
195 1.348260e-01
196 1.508830e-01
197 1.753830e-01
198 2.274060e-01
199 3.550010e-01
200 1.137120e+00
