1 3.539510e-02
2 3.539510e-02
3 3.539510e-02
4 3.539510e-02
5 3.539510e-02
6 3.539510e-02
7 3.539510e-02
8 3.539510e-02
9 3.539510e-02
10 3.539510e-02
11 3.539510e-02
12 3.539510e-02
13 3.539510e-02
14 3.539510e-02
15 3.539510e-02
16 3.539510e-02
17 3.539510e-02
18 3.539510e-02
19 3.539510e-02
20 3.539510e-02
21 3.539510e-02
22 3.539510e-02
23 3.539510e-02
24 3.539510e-02
25 3.539510e-02
26 3.539510e-02
27 3.539510e-02
28 3.539510e-02
29 3.539510e-02
30 3.539510e-02
31 3.539510e-02
32 3.539510e-02
33 3.539510e-02
34 3.539510e-02
35 3.539510e-02
36 3.539510e-02
37 3.539510e-02
38 3.539510e-02
39 3.539510e-02
40 3.539510e-02
41 3.539510e-02
42 3.539510e-02
43 3.539510e-02
44 3.539510e-02
45 3.539510e-02
46 3.539510e-02
47 3.539510e-02
48 3.539510e-02
49 3.539510e-02
50 3.539510e-02
51 3.539510e-02
52 3.539510e-02
53 3.539510e-02
54 3.539510e-02
55 3.539510e-02
56 3.539510e-02
57 3.539510e-02
58 3.539510e-02
59 3.539510e-02
60 3.539510e-02
61 3.539510e-02
62 3.539510e-02
63 3.539510e-02
64 3.539510e-02
65 3.539510e-02
66 3.539510e-02
67 3.539510e-02
68 3.539510e-02
69 3.539510e-02
70 3.539510e-02
71 3.539510e-02
72 3.539510e-02
73 3.539510e-02
74 3.539510e-02
75 3.539510e-02
76 3.539510e-02
77 3.539510e-02
78 3.539510e-02
79 3.539510e-02
80 3.539510e-02
81 3.539510e-02
82 3.539510e-02
83 3.539510e-02
84 3.539510e-02
85 3.539510e-02
86 3.539510e-02
87 3.539510e-02
88 3.539510e-02
89 3.539510e-02
90 3.539510e-02
91 3.539510e-02
92 3.539510e-02
93 3.539510e-02
94 3.539510e-02
95 3.539510e-02
96 3.539510e-02
97 3.539510e-02
98 3.539510e-02
99 3.539510e-02
100 3.539510e-02
101 3.539510e-02
102 3.539510e-02
103 3.539510e-02
104 3.539510e-02
105 3.539510e-02
106 3.539510e-02
107 3.539510e-02
108 3.539510e-02
109 3.539510e-02
110 3.539510e-02
111 3.539510e-02
112 3.539510e-02
113 3.539510e-02
114 3.539510e-02
115 3.539510e-02
116 3.539510e-02
117 3.539510e-02
118 3.539510e-02
119 3.539510e-02
120 3.539510e-02
121 3.539510e-02
122 3.539510e-02
123 3.539510e-02
124 3.539510e-02
125 3.539510e-02
126 3.539510e-02
127 3.539510e-02
128 3.539510e-02
129 3.539510e-02
130 3.539510e-02
131 3.539510e-02
132 3.539510e-02
133 3.539510e-02
134 3.539510e-02
135 3.539510e-02
136 3.539510e-02
137 3.539510e-02
138 3.539510e-02
139 3.539510e-02
140 3.539510e-02
141 3.539510e-02
142 3.539510e-02
143 3.539510e-02
144 3.539510e-02
145 3.539510e-02
146 3.539510e-02
147 3.539510e-02
148 3.539510e-02
149 3.539510e-02
150 3.539510e-02
151 3.539510e-02
152 3.539510e-02
153 3.539510e-02
154 3.539510e-02
155 3.539510e-02
156 3.539510e-02
157 3.539510e-02
158 3.539510e-02
159 3.539510e-02
160 3.539510e-02
161 3.539510e-02
162 3.539510e-02
163 3.539510e-02
164 3.539510e-02
165 3.539510e-02
166 3.539510e-02
167 3.539510e-02
168 3.539510e-02
169 3.539510e-02
170 3.539510e-02
171 3.539510e-02
172 3.539510e-02
173 3.539510e-02
174 3.539510e-02
175 3.539510e-02
176 3.539510e-02
177 3.539510e-02
178 3.539510e-02
179 3.539510e-02
180 3.539510e-02
181 3.539510e-02
182 3.539510e-02
183 3.539510e-02
184 3.539510e-02
185 3.539510e-02
186 3.539510e-02
187 3.539510e-02
188 3.539510e-02
189 3.539510e-02
190 3.539510e-02
191 3.539510e-02
192 3.539510e-02
193 3.539510e-02
194 3.539510e-02
195 3.539510e-02
196 3.539510e-02
197 3.539510e-02
198 3.539510e-02
199 3.539510e-02
200 3.539510e-02
