1 1.538490e-03
2 1.523260e-03
3 1.507670e-03
4 1.491710e-03
5 1.475380e-03
6 1.460380e-03
7 1.447680e-03
8 1.434710e-03
9 1.421440e-03
10 1.407900e-03
11 1.394690e-03
12 1.381380e-03
13 1.367770e-03
14 1.353840e-03
15 1.339580e-03
16 1.324990e-03
17 1.310060e-03
18 1.294800e-03
19 1.279310e-03
20 1.263490e-03
21 1.247300e-03
22 1.230740e-03
23 1.213790e-03
24 1.196440e-03
25 1.179310e-03
26 1.163620e-03
27 1.147680e-03
28 1.131370e-03
29 1.114680e-03
30 1.097600e-03
31 1.082950e-03
32 1.072150e-03
33 1.061140e-03
34 1.049870e-03
35 1.038340e-03
36 1.026550e-03
37 1.014870e-03
38 1.004610e-03
39 9.943080e-04
40 9.837630e-04
41 9.729710e-04
42 9.619320e-04
43 9.510620e-04
44 9.402460e-04
45 9.291790e-04
46 9.178520e-04
47 9.062630e-04
48 8.944040e-04
49 8.822680e-04
50 8.698490e-04
51 8.571420e-04
52 8.457190e-04
53 8.371960e-04
54 8.285600e-04
55 8.197230e-04
56 8.106820e-04
57 8.014280e-04
58 7.919600e-04
59 7.822880e-04
60 7.731810e-04
61 7.642860e-04
62 7.551820e-04
63 7.458660e-04
64 7.363350e-04
65 7.265800e-04
66 7.172140e-04
67 7.095740e-04
68 7.018960e-04
69 6.940390e-04
70 6.860160e-04
71 6.798100e-04
72 6.748340e-04
73 6.697400e-04
74 6.645280e-04
75 6.591950e-04
76 6.537380e-04
77 6.481530e-04
78 6.424380e-04
79 6.365910e-04
80 6.306350e-04
81 6.247990e-04
82 6.188860e-04
83 6.128370e-04
84 6.066460e-04
85 6.003110e-04
86 5.938280e-04
87 5.871950e-04
88 5.804370e-04
89 5.737130e-04
90 5.668660e-04
91 5.598590e-04
92 5.526890e-04
93 5.453510e-04
94 5.378440e-04
95 5.301610e-04
96 5.222990e-04
97 5.142540e-04
98 5.060220e-04
99 4.975970e-04
100 4.889770e-04
101 4.829110e-04
102 4.794870e-04
103 4.759830e-04
104 4.723980e-04
105 4.687280e-04
106 4.649740e-04
107 4.611330e-04
108 4.572010e-04
109 4.531780e-04
110 4.490620e-04
111 4.448490e-04
112 4.405380e-04
113 4.361270e-04
114 4.316130e-04
115 4.269940e-04
116 4.222680e-04
117 4.174310e-04
118 4.125050e-04
119 4.076990e-04
120 4.028400e-04
121 3.978680e-04
122 3.927810e-04
123 3.875740e-04
124 3.822470e-04
125 3.767960e-04
126 3.712170e-04
127 3.655080e-04
128 3.596670e-04
129 3.536890e-04
130 3.475720e-04
131 3.424570e-04
132 3.389250e-04
133 3.353250e-04
134 3.316420e-04
135 3.278730e-04
136 3.240150e-04
137 3.200690e-04
138 3.160300e-04
139 3.126550e-04
140 3.100320e-04
141 3.073500e-04
142 3.046050e-04
143 3.017950e-04
144 2.989200e-04
145 2.959790e-04
146 2.929690e-04
147 2.898880e-04
148 2.867370e-04
149 2.835110e-04
150 2.802100e-04
151 2.768330e-04
152 2.733770e-04
153 2.698400e-04
154 2.662220e-04
155 2.625180e-04
156 2.587280e-04
157 2.548770e-04
158 2.520190e-04
159 2.496620e-04
160 2.472510e-04
161 2.447830e-04
162 2.422580e-04
163 2.396730e-04
164 2.370290e-04
165 2.343230e-04
166 2.315540e-04
167 2.287200e-04
168 2.258210e-04
169 2.228540e-04
170 2.198260e-04
171 2.177080e-04
172 2.162130e-04
173 2.146840e-04
174 2.131180e-04
175 2.115160e-04
176 2.098770e-04
177 2.081990e-04
178 2.064830e-04
179 2.047260e-04
180 2.029290e-04
181 2.010900e-04
182 1.992080e-04
183 1.972820e-04
184 1.953110e-04
185 1.932940e-04
186 1.912300e-04
187 1.891180e-04
188 1.869580e-04
189 1.847460e-04
190 1.824830e-04
191 1.801680e-04
192 1.777990e-04
193 1.753740e-04
194 1.728930e-04
195 1.703540e-04
196 1.677560e-04
197 1.650970e-04
198 1.623770e-04
199 1.595930e-04
200 1.567440e-04
