1 1.540650e-03
2 1.525170e-03
3 1.509340e-03
4 1.493130e-03
5 1.476550e-03
6 1.461270e-03
7 1.448260e-03
8 1.434970e-03
9 1.421380e-03
10 1.407520e-03
11 1.394180e-03
12 1.380820e-03
13 1.367150e-03
14 1.353160e-03
15 1.338850e-03
16 1.324200e-03
17 1.309210e-03
18 1.293890e-03
19 1.278440e-03
20 1.262680e-03
21 1.246560e-03
22 1.230070e-03
23 1.213180e-03
24 1.195910e-03
25 1.178890e-03
26 1.163460e-03
27 1.147790e-03
28 1.131750e-03
29 1.115340e-03
30 1.098550e-03
31 1.084000e-03
32 1.073020e-03
33 1.061820e-03
34 1.050360e-03
35 1.038630e-03
36 1.026630e-03
37 1.014770e-03
38 1.004450e-03
39 9.941020e-04
40 9.835080e-04
41 9.726650e-04
42 9.615750e-04
43 9.507290e-04
44 9.399950e-04
45 9.290110e-04
46 9.177700e-04
47 9.062670e-04
48 8.944980e-04
49 8.824530e-04
50 8.701270e-04
51 8.575160e-04
52 8.461330e-04
53 8.375360e-04
54 8.288200e-04
55 8.199030e-04
56 8.107780e-04
57 8.014400e-04
58 7.918840e-04
59 7.821250e-04
60 7.730210e-04
61 7.641770e-04
62 7.551250e-04
63 7.458630e-04
64 7.363870e-04
65 7.266880e-04
66 7.173730e-04
67 7.097660e-04
68 7.021200e-04
69 6.942940e-04
70 6.863040e-04
71 6.800920e-04
72 6.750800e-04
73 6.699510e-04
74 6.647020e-04
75 6.593320e-04
76 6.538370e-04
77 6.482120e-04
78 6.424580e-04
79 6.365690e-04
80 6.305750e-04
81 6.247300e-04
82 6.188160e-04
83 6.127640e-04
84 6.065710e-04
85 6.002340e-04
86 5.937490e-04
87 5.871140e-04
88 5.803570e-04
89 5.736600e-04
90 5.668430e-04
91 5.598680e-04
92 5.527300e-04
93 5.454250e-04
94 5.379510e-04
95 5.303030e-04
96 5.224750e-04
97 5.144670e-04
98 5.062720e-04
99 4.978840e-04
100 4.893030e-04
101 4.832490e-04
102 4.798060e-04
103 4.762850e-04
104 4.726810e-04
105 4.689920e-04
106 4.652190e-04
107 4.613580e-04
108 4.574050e-04
109 4.533620e-04
110 4.492240e-04
111 4.449900e-04
112 4.406560e-04
113 4.362230e-04
114 4.316860e-04
115 4.270430e-04
116 4.222920e-04
117 4.174310e-04
118 4.124820e-04
119 4.076800e-04
120 4.028310e-04
121 3.978700e-04
122 3.927940e-04
123 3.875990e-04
124 3.822830e-04
125 3.768440e-04
126 3.712770e-04
127 3.655810e-04
128 3.597530e-04
129 3.537880e-04
130 3.476840e-04
131 3.425740e-04
132 3.390340e-04
133 3.354260e-04
134 3.317350e-04
135 3.279570e-04
136 3.240910e-04
137 3.201360e-04
138 3.160880e-04
139 3.127080e-04
140 3.100860e-04
141 3.074030e-04
142 3.046580e-04
143 3.018480e-04
144 2.989730e-04
145 2.960320e-04
146 2.930210e-04
147 2.899410e-04
148 2.867890e-04
149 2.835630e-04
150 2.802620e-04
151 2.768850e-04
152 2.734290e-04
153 2.698910e-04
154 2.662730e-04
155 2.625690e-04
156 2.587790e-04
157 2.549270e-04
158 2.520700e-04
159 2.497130e-04
160 2.473000e-04
161 2.448320e-04
162 2.423070e-04
163 2.397220e-04
164 2.370770e-04
165 2.343710e-04
166 2.316020e-04
167 2.287670e-04
168 2.258680e-04
169 2.229000e-04
170 2.198720e-04
171 2.177540e-04
172 2.162590e-04
173 2.147290e-04
174 2.131630e-04
175 2.115610e-04
176 2.099210e-04
177 2.082430e-04
178 2.065260e-04
179 2.047700e-04
180 2.029720e-04
181 2.011320e-04
182 1.992500e-04
183 1.973240e-04
184 1.953520e-04
185 1.933350e-04
186 1.912710e-04
187 1.891590e-04
188 1.869980e-04
189 1.847860e-04
190 1.825230e-04
191 1.802070e-04
192 1.778370e-04
193 1.754120e-04
194 1.729300e-04
195 1.703910e-04
196 1.677920e-04
197 1.651330e-04
198 1.624120e-04
199 1.596280e-04
200 1.567780e-04
