1 1.535860e-03
2 1.520970e-03
3 1.505730e-03
4 1.490130e-03
5 1.474170e-03
6 1.459520e-03
7 1.447150e-03
8 1.434520e-03
9 1.421590e-03
10 1.408390e-03
11 1.395290e-03
12 1.382030e-03
13 1.368460e-03
14 1.354570e-03
15 1.340360e-03
16 1.325820e-03
17 1.310940e-03
18 1.295720e-03
19 1.280210e-03
20 1.264340e-03
21 1.248110e-03
22 1.231500e-03
23 1.214500e-03
24 1.197100e-03
25 1.179850e-03
26 1.163850e-03
27 1.147580e-03
28 1.130920e-03
29 1.113890e-03
30 1.096450e-03
31 1.081670e-03
32 1.071100e-03
33 1.060330e-03
34 1.049310e-03
35 1.038030e-03
36 1.026490e-03
37 1.015030e-03
38 1.004830e-03
39 9.945610e-04
40 9.840540e-04
41 9.733000e-04
42 9.622990e-04
43 9.513930e-04
44 9.404850e-04
45 9.293240e-04
46 9.179010e-04
47 9.062140e-04
48 8.942550e-04
49 8.820150e-04
50 8.694910e-04
51 8.566770e-04
52 8.453560e-04
53 8.373630e-04
54 8.292820e-04
55 8.210130e-04
56 8.125520e-04
57 8.038930e-04
58 7.950320e-04
59 7.859660e-04
60 7.766880e-04
61 7.671930e-04
62 7.574790e-04
63 7.475380e-04
64 7.373640e-04
65 7.269550e-04
66 7.170660e-04
67 7.093580e-04
68 7.016450e-04
69 6.937500e-04
70 6.856910e-04
71 6.794920e-04
72 6.745540e-04
73 6.695000e-04
74 6.643290e-04
75 6.590370e-04
76 6.536220e-04
77 6.480800e-04
78 6.424100e-04
79 6.366080e-04
80 6.306950e-04
81 6.248680e-04
82 6.189570e-04
83 6.129100e-04
84 6.067210e-04
85 6.003870e-04
86 5.939070e-04
87 5.872760e-04
88 5.805150e-04
89 5.737630e-04
90 5.668810e-04
91 5.598390e-04
92 5.526320e-04
93 5.452580e-04
94 5.377130e-04
95 5.299910e-04
96 5.220890e-04
97 5.140040e-04
98 5.057300e-04
99 4.972620e-04
100 4.885990e-04
101 4.825670e-04
102 4.792560e-04
103 4.758680e-04
104 4.724010e-04
105 4.688530e-04
106 4.652220e-04
107 4.615080e-04
108 4.577060e-04
109 4.538160e-04
110 4.498350e-04
111 4.457620e-04
112 4.415930e-04
113 4.373280e-04
114 4.329630e-04
115 4.284970e-04
116 4.239270e-04
117 4.192500e-04
118 4.144640e-04
119 4.095670e-04
120 4.045560e-04
121 3.994270e-04
122 3.941800e-04
123 3.888100e-04
124 3.833140e-04
125 3.776920e-04
126 3.719380e-04
127 3.660500e-04
128 3.600250e-04
129 3.538600e-04
130 3.475510e-04
131 3.423230e-04
132 3.387980e-04
133 3.352070e-04
134 3.315340e-04
135 3.277740e-04
136 3.239270e-04
137 3.199900e-04
138 3.159620e-04
139 3.125920e-04
140 3.099700e-04
141 3.072880e-04
142 3.045430e-04
143 3.017330e-04
144 2.988590e-04
145 2.959180e-04
146 2.929070e-04
147 2.898270e-04
148 2.866760e-04
149 2.834510e-04
150 2.801500e-04
151 2.767730e-04
152 2.733170e-04
153 2.697800e-04
154 2.661620e-04
155 2.624590e-04
156 2.586690e-04
157 2.548180e-04
158 2.519610e-04
159 2.496050e-04
160 2.471930e-04
161 2.447260e-04
162 2.422010e-04
163 2.396170e-04
164 2.369730e-04
165 2.342680e-04
166 2.314990e-04
167 2.286660e-04
168 2.257670e-04
169 2.228000e-04
170 2.197730e-04
171 2.176560e-04
172 2.161610e-04
173 2.146320e-04
174 2.130660e-04
175 2.114650e-04
176 2.098260e-04
177 2.081490e-04
178 2.064330e-04
179 2.046770e-04
180 2.028800e-04
181 2.010410e-04
182 1.991590e-04
183 1.972340e-04
184 1.952630e-04
185 1.932470e-04
186 1.911840e-04
187 1.890720e-04
188 1.869120e-04
189 1.847010e-04
190 1.824390e-04
191 1.801240e-04
192 1.777550e-04
193 1.753310e-04
194 1.728500e-04
195 1.703120e-04
196 1.677140e-04
197 1.650560e-04
198 1.623370e-04
199 1.595530e-04
200 1.567050e-04
