1 1.532490e-03
2 1.518130e-03
3 1.503430e-03
4 1.488390e-03
5 1.473000e-03
6 1.458820e-03
7 1.446770e-03
8 1.434460e-03
9 1.421870e-03
10 1.408990e-03
11 1.396000e-03
12 1.382770e-03
13 1.369230e-03
14 1.355370e-03
15 1.341190e-03
16 1.326680e-03
17 1.311840e-03
18 1.296710e-03
19 1.281850e-03
20 1.266800e-03
21 1.251400e-03
22 1.235640e-03
23 1.219520e-03
24 1.203020e-03
25 1.186140e-03
26 1.168860e-03
27 1.151170e-03
28 1.133080e-03
29 1.114570e-03
30 1.095620e-03
31 1.080350e-03
32 1.070820e-03
33 1.061130e-03
34 1.051210e-03
35 1.041060e-03
36 1.030670e-03
37 1.020040e-03
38 1.009170e-03
39 9.980360e-04
40 9.866490e-04
41 9.749960e-04
42 9.630740e-04
43 9.517160e-04
44 9.407010e-04
45 9.294300e-04
46 9.178950e-04
47 9.060920e-04
48 8.940150e-04
49 8.816550e-04
50 8.690080e-04
51 8.560670e-04
52 8.446700e-04
53 8.367040e-04
54 8.286520e-04
55 8.204140e-04
56 8.119840e-04
57 8.033570e-04
58 7.945300e-04
59 7.854980e-04
60 7.762540e-04
61 7.667940e-04
62 7.571160e-04
63 7.472120e-04
64 7.370760e-04
65 7.267050e-04
66 7.168380e-04
67 7.090940e-04
68 7.013390e-04
69 6.934030e-04
70 6.853020e-04
71 6.792360e-04
72 6.745530e-04
73 6.697600e-04
74 6.648550e-04
75 6.598370e-04
76 6.547020e-04
77 6.494460e-04
78 6.440690e-04
79 6.385660e-04
80 6.329350e-04
81 6.271730e-04
82 6.212770e-04
83 6.152430e-04
84 6.090680e-04
85 6.027510e-04
86 5.962860e-04
87 5.896690e-04
88 5.829000e-04
89 5.759720e-04
90 5.688830e-04
91 5.616290e-04
92 5.542060e-04
93 5.466100e-04
94 5.388370e-04
95 5.308830e-04
96 5.227440e-04
97 5.144140e-04
98 5.058930e-04
99 4.971710e-04
100 4.882460e-04
101 4.820860e-04
102 4.787820e-04
103 4.754010e-04
104 4.719420e-04
105 4.684020e-04
106 4.647800e-04
107 4.610730e-04
108 4.572800e-04
109 4.533990e-04
110 4.494270e-04
111 4.453630e-04
112 4.412040e-04
113 4.369480e-04
114 4.325930e-04
115 4.281360e-04
116 4.235770e-04
117 4.189100e-04
118 4.141350e-04
119 4.092490e-04
120 4.042490e-04
121 3.991320e-04
122 3.938960e-04
123 3.885390e-04
124 3.830560e-04
125 3.774460e-04
126 3.717050e-04
127 3.658300e-04
128 3.598180e-04
129 3.536670e-04
130 3.473720e-04
131 3.421570e-04
132 3.386430e-04
133 3.350640e-04
134 3.314020e-04
135 3.276540e-04
136 3.238190e-04
137 3.198950e-04
138 3.158790e-04
139 3.125160e-04
140 3.098940e-04
141 3.072120e-04
142 3.044670e-04
143 3.016580e-04
144 2.987840e-04
145 2.958430e-04
146 2.928330e-04
147 2.897530e-04
148 2.866020e-04
149 2.833770e-04
150 2.800770e-04
151 2.767000e-04
152 2.732450e-04
153 2.697080e-04
154 2.660900e-04
155 2.623880e-04
156 2.585980e-04
157 2.547470e-04
158 2.518900e-04
159 2.495350e-04
160 2.471240e-04
161 2.446570e-04
162 2.421330e-04
163 2.395490e-04
164 2.369060e-04
165 2.342010e-04
166 2.314330e-04
167 2.286000e-04
168 2.257020e-04
169 2.227360e-04
170 2.197100e-04
171 2.175930e-04
172 2.160990e-04
173 2.145700e-04
174 2.130050e-04
175 2.114040e-04
176 2.097650e-04
177 2.080890e-04
178 2.063730e-04
179 2.046170e-04
180 2.028210e-04
181 2.009820e-04
182 1.991010e-04
183 1.971760e-04
184 1.952060e-04
185 1.931910e-04
186 1.911280e-04
187 1.890170e-04
188 1.868570e-04
189 1.846470e-04
190 1.823850e-04
191 1.800710e-04
192 1.777030e-04
193 1.752790e-04
194 1.727990e-04
195 1.702620e-04
196 1.676650e-04
197 1.650070e-04
198 1.622880e-04
199 1.595060e-04
200 1.566580e-04
