1 1.527700e-03
2 1.514270e-03
3 1.500530e-03
4 1.486460e-03
5 1.472070e-03
6 1.458600e-03
7 1.446770e-03
8 1.434690e-03
9 1.422330e-03
10 1.409680e-03
11 1.396760e-03
12 1.383550e-03
13 1.370030e-03
14 1.356200e-03
15 1.342050e-03
16 1.327560e-03
17 1.312740e-03
18 1.297620e-03
19 1.282570e-03
20 1.267280e-03
21 1.251630e-03
22 1.235620e-03
23 1.219230e-03
24 1.202460e-03
25 1.185310e-03
26 1.167750e-03
27 1.149780e-03
28 1.131400e-03
29 1.112580e-03
30 1.093330e-03
31 1.077950e-03
32 1.068640e-03
33 1.059160e-03
34 1.049470e-03
35 1.039550e-03
36 1.029400e-03
37 1.019020e-03
38 1.008390e-03
39 9.975110e-04
40 9.863830e-04
41 9.749950e-04
42 9.633430e-04
43 9.520210e-04
44 9.408690e-04
45 9.294570e-04
46 9.177780e-04
47 9.058280e-04
48 8.936010e-04
49 8.810870e-04
50 8.682810e-04
51 8.551790e-04
52 8.436840e-04
53 8.357560e-04
54 8.277470e-04
55 8.195520e-04
56 8.111670e-04
57 8.025850e-04
58 7.938030e-04
59 7.848190e-04
60 7.756230e-04
61 7.662130e-04
62 7.565860e-04
63 7.467330e-04
64 7.366500e-04
65 7.263350e-04
66 7.164990e-04
67 7.087120e-04
68 7.009090e-04
69 6.929230e-04
70 6.847710e-04
71 6.786820e-04
72 6.739970e-04
73 6.692020e-04
74 6.642950e-04
75 6.592740e-04
76 6.541360e-04
77 6.488780e-04
78 6.434980e-04
79 6.379930e-04
80 6.323590e-04
81 6.265930e-04
82 6.206950e-04
83 6.146580e-04
84 6.084800e-04
85 6.021600e-04
86 5.956910e-04
87 5.890720e-04
88 5.822990e-04
89 5.753680e-04
90 5.682750e-04
91 5.610180e-04
92 5.535910e-04
93 5.459910e-04
94 5.382140e-04
95 5.302570e-04
96 5.221140e-04
97 5.137800e-04
98 5.052540e-04
99 4.965280e-04
100 4.875990e-04
101 4.814410e-04
102 4.781470e-04
103 4.747770e-04
104 4.713280e-04
105 4.677980e-04
106 4.641870e-04
107 4.604920e-04
108 4.567100e-04
109 4.528400e-04
110 4.488810e-04
111 4.448280e-04
112 4.406820e-04
113 4.364390e-04
114 4.320970e-04
115 4.276540e-04
116 4.231080e-04
117 4.184550e-04
118 4.136940e-04
119 4.088230e-04
120 4.038380e-04
121 3.987360e-04
122 3.935160e-04
123 3.881750e-04
124 3.827080e-04
125 3.771150e-04
126 3.713920e-04
127 3.655340e-04
128 3.595410e-04
129 3.534080e-04
130 3.471320e-04
131 3.419340e-04
132 3.384350e-04
133 3.348710e-04
134 3.312240e-04
135 3.274930e-04
136 3.236730e-04
137 3.197660e-04
138 3.157680e-04
139 3.124140e-04
140 3.097920e-04
141 3.071100e-04
142 3.043660e-04
143 3.015570e-04
144 2.986830e-04
145 2.957430e-04
146 2.927330e-04
147 2.896540e-04
148 2.865030e-04
149 2.832780e-04
150 2.799790e-04
151 2.766020e-04
152 2.731470e-04
153 2.696110e-04
154 2.659940e-04
155 2.622920e-04
156 2.585030e-04
157 2.546520e-04
158 2.517960e-04
159 2.494410e-04
160 2.470310e-04
161 2.445650e-04
162 2.420420e-04
163 2.394590e-04
164 2.368160e-04
165 2.341130e-04
166 2.313460e-04
167 2.285140e-04
168 2.256160e-04
169 2.226520e-04
170 2.196260e-04
171 2.175100e-04
172 2.160160e-04
173 2.144880e-04
174 2.129230e-04
175 2.113230e-04
176 2.096850e-04
177 2.080090e-04
178 2.062940e-04
179 2.045390e-04
180 2.027430e-04
181 2.009050e-04
182 1.990250e-04
183 1.971000e-04
184 1.951310e-04
185 1.931160e-04
186 1.910540e-04
187 1.889440e-04
188 1.867850e-04
189 1.845760e-04
190 1.823140e-04
191 1.800010e-04
192 1.776330e-04
193 1.752110e-04
194 1.727320e-04
195 1.701950e-04
196 1.675990e-04
197 1.649430e-04
198 1.622250e-04
199 1.594430e-04
200 1.565960e-04
