1 8.273750e-02
2 7.381240e-02
3 6.575360e-02
4 5.857630e-02
5 5.223750e-02
6 4.654690e-02
7 4.149370e-02
8 3.696830e-02
9 3.295890e-02
10 2.936880e-02
11 2.616910e-02
12 2.332820e-02
13 2.078940e-02
14 1.853170e-02
15 1.651320e-02
16 1.471640e-02
17 1.311950e-02
18 1.168940e-02
19 1.042180e-02
20 9.286570e-03
21 8.277690e-03
22 7.378190e-03
23 6.574360e-03
24 5.860450e-03
25 5.224340e-03
26 4.655120e-03
27 4.149860e-03
28 3.698600e-03
29 3.295470e-03
30 2.937700e-03
31 2.618010e-03
32 2.332300e-03
33 2.079280e-03
34 1.855000e-03
35 1.652670e-03
36 1.471920e-03
37 1.313000e-03
38 1.172260e-03
39 1.043600e-03
40 9.296220e-04
