1 1 1.215140e-01
1 2 4.507000e-02
1 3 5.920920e-02
1 4 7.181340e-02
1 5 9.139340e-02
1 6 1.150830e-01
1 7 1.442200e-01
1 8 1.814940e-01
1 9 2.267290e-01
1 10 2.852160e-01
1 11 3.565070e-01
1 12 4.454400e-01
1 13 5.550580e-01
1 14 6.918250e-01
1 15 8.571500e-01
1 16 1.060280e+00
1 17 1.304120e+00
1 18 1.594470e+00
1 19 1.933450e+00
1 20 2.325130e+00
1 21 2.760660e+00
1 22 3.230140e+00
1 23 3.707690e+00
1 24 4.154870e+00
1 25 4.519810e+00
1 26 4.735690e+00
1 27 4.731590e+00
1 28 4.453310e+00
1 29 3.889450e+00
1 30 3.092850e+00
1 31 2.186400e+00
1 32 1.333780e+00
1 33 6.767420e-01
1 34 2.727350e-01
1 35 8.247530e-02
1 36 1.744320e-02
1 37 2.364880e-03
1 38 1.846160e-04
1 39 7.968950e-06
1 40 7.757860e-07
2 1 9.662820e-02
2 2 3.912820e-02
2 3 5.278660e-02
2 4 6.411330e-02
2 5 8.159370e-02
2 6 1.027440e-01
2 7 1.287560e-01
2 8 1.620330e-01
2 9 2.024190e-01
2 10 2.546350e-01
2 11 3.182830e-01
2 12 3.976860e-01
2 13 4.955530e-01
2 14 6.176510e-01
2 15 7.652520e-01
2 16 9.466140e-01
2 17 1.164300e+00
2 18 1.423600e+00
2 19 1.726290e+00
2 20 2.076000e+00
2 21 2.464880e+00
2 22 2.884110e+00
2 23 3.310590e+00
2 24 3.709990e+00
2 25 4.036010e+00
2 26 4.229080e+00
2 27 4.225760e+00
2 28 3.977610e+00
2 29 3.474400e+00
2 30 2.763240e+00
2 31 1.953770e+00
2 32 1.192160e+00
2 33 6.050700e-01
2 34 2.439440e-01
2 35 7.380380e-02
2 36 1.561810e-02
2 37 2.118730e-03
2 38 1.656010e-04
2 39 7.173390e-06
2 40 6.969380e-07
3 1 7.624920e-02
3 2 3.190140e-02
3 3 4.581480e-02
3 4 5.711030e-02
3 5 7.275290e-02
3 6 9.161090e-02
3 7 1.148050e-01
3 8 1.444760e-01
3 9 1.804860e-01
3 10 2.270460e-01
3 11 2.837980e-01
3 12 3.546010e-01
3 13 4.418690e-01
3 14 5.507360e-01
3 15 6.823460e-01
3 16 8.440690e-01
3 17 1.038180e+00
3 18 1.269430e+00
3 19 1.539390e+00
3 20 1.851260e+00
3 21 2.198070e+00
3 22 2.571970e+00
3 23 2.952370e+00
3 24 3.308700e+00
3 25 3.599650e+00
3 26 3.772160e+00
3 27 3.769580e+00
3 28 3.548660e+00
3 29 3.100200e+00
3 30 2.466110e+00
3 31 1.744120e+00
3 32 1.064560e+00
3 33 5.405190e-01
3 34 2.180240e-01
3 35 6.600050e-02
3 36 1.397650e-02
3 37 1.897680e-03
3 38 1.485220e-04
3 39 6.452450e-06
3 40 6.264800e-07
4 1 5.946350e-02
4 2 2.511110e-02
4 3 3.729410e-02
4 4 4.967850e-02
4 5 6.484480e-02
4 6 8.170660e-02
4 7 1.023930e-01
4 8 1.288570e-01
4 9 1.609740e-01
4 10 2.025000e-01
4 11 2.531180e-01
4 12 3.162670e-01
4 13 3.941040e-01
4 14 4.912080e-01
4 15 6.085940e-01
4 16 7.528360e-01
4 17 9.259850e-01
4 18 1.132250e+00
4 19 1.373110e+00
4 20 1.651340e+00
4 21 1.960720e+00
4 22 2.294310e+00
4 23 2.633730e+00
4 24 2.951780e+00
4 25 3.211590e+00
4 26 3.365820e+00
4 27 3.363940e+00
4 28 3.167290e+00
4 29 2.767570e+00
4 30 2.202060e+00
4 31 1.557860e+00
4 32 9.512410e-01
4 33 4.832190e-01
4 34 1.950300e-01
4 35 5.908170e-02
4 36 1.252180e-02
4 37 1.702230e-03
4 38 1.334170e-04
4 39 5.805690e-06
4 40 5.646160e-07
5 1 4.783960e-02
5 2 1.998440e-02
5 3 2.963220e-02
5 4 4.053110e-02
5 5 5.654200e-02
5 6 7.293950e-02
5 7 9.144550e-02
5 8 1.150800e-01
5 9 1.437630e-01
5 10 1.808500e-01
5 11 2.260570e-01
5 12 2.824570e-01
5 13 3.519750e-01
5 14 4.387020e-01
5 15 5.435480e-01
5 16 6.723740e-01
5 17 8.270320e-01
5 18 1.011270e+00
5 19 1.226440e+00
5 20 1.475030e+00
5 21 1.751410e+00
5 22 2.049460e+00
5 23 2.352750e+00
5 24 2.637110e+00
5 25 2.869470e+00
5 26 3.007590e+00
5 27 3.006390e+00
5 28 2.831180e+00
5 29 2.474480e+00
5 30 1.969460e+00
5 31 1.393850e+00
5 32 8.515080e-01
5 33 4.328170e-01
5 34 1.748170e-01
5 35 5.300450e-02
5 36 1.124630e-02
5 37 1.531060e-03
5 38 1.202230e-04
5 39 5.241310e-06
5 40 5.103970e-07
6 1 3.795170e-02
6 2 1.577560e-02
6 3 2.342210e-02
6 4 3.209790e-02
6 5 4.602370e-02
6 6 6.363990e-02
6 7 8.160890e-02
6 8 1.027320e-01
6 9 1.283380e-01
6 10 1.614460e-01
6 11 2.018030e-01
6 12 2.521530e-01
6 13 3.142160e-01
6 14 3.916420e-01
6 15 4.852520e-01
6 16 6.002680e-01
6 17 7.383480e-01
6 18 9.028480e-01
6 19 1.094970e+00
6 20 1.317030e+00
6 21 1.563840e+00
6 22 1.830060e+00
6 23 2.101010e+00
6 24 2.355230e+00
6 25 2.563040e+00
6 26 2.686750e+00
6 27 2.686200e+00
6 28 2.530270e+00
6 29 2.212160e+00
6 30 1.761360e+00
6 31 1.247180e+00
6 32 7.623690e-01
6 33 3.878030e-01
6 34 1.567790e-01
6 35 4.758740e-02
6 36 1.011190e-02
6 37 1.379060e-03
6 38 1.085500e-04
6 39 4.772740e-06
6 40 4.628780e-07
7 1 2.922810e-02
7 2 1.210670e-02
7 3 1.818110e-02
7 4 2.514370e-02
7 5 3.627680e-02
7 6 5.168410e-02
7 7 7.131470e-02
7 8 9.176810e-02
7 9 1.146670e-01
7 10 1.442490e-01
7 11 1.803100e-01
7 12 2.252980e-01
7 13 2.807530e-01
7 14 3.499410e-01
7 15 4.335880e-01
7 16 5.363740e-01
7 17 6.597640e-01
7 18 8.067820e-01
7 19 9.784900e-01
7 20 1.177020e+00
7 21 1.397670e+00
7 22 1.635710e+00
7 23 1.878060e+00
7 24 2.105560e+00
7 25 2.291690e+00
7 26 2.402780e+00
7 27 2.402850e+00
7 28 2.264030e+00
7 29 1.980100e+00
7 30 1.577340e+00
7 31 1.117570e+00
7 32 6.836640e-01
7 33 3.480950e-01
7 34 1.408840e-01
7 35 4.282410e-02
7 36 9.116280e-03
7 37 1.245970e-03
7 38 9.837350e-05
7 39 4.514560e-06
7 40 4.218280e-07
8 1 2.285660e-02
8 2 9.469770e-03
8 3 1.423480e-02
8 4 1.974010e-02
8 5 2.854340e-02
8 6 4.075730e-02
8 7 5.780310e-02
8 8 8.021280e-02
8 9 1.024410e-01
8 10 1.288900e-01
8 11 1.611110e-01
8 12 2.013120e-01
8 13 2.508650e-01
8 14 3.126940e-01
8 15 3.874440e-01
8 16 4.793050e-01
8 17 5.895860e-01
8 18 7.209860e-01
8 19 8.744810e-01
8 20 1.051960e+00
8 21 1.249300e+00
8 22 1.462190e+00
8 23 1.679040e+00
8 24 1.882700e+00
8 25 2.049530e+00
8 26 2.149310e+00
8 27 2.150120e+00
8 28 2.026650e+00
8 29 1.773310e+00
8 30 1.413430e+00
8 31 1.002200e+00
8 32 6.136750e-01
8 33 3.128240e-01
8 34 1.267880e-01
8 35 3.860920e-02
8 36 8.237310e-03
8 37 1.128870e-03
8 38 8.948100e-05
8 39 4.231630e-06
8 40 3.862520e-07
9 1 1.868980e-02
9 2 7.590690e-03
9 3 1.122220e-02
9 4 1.545180e-02
9 5 2.242590e-02
9 6 3.214380e-02
9 7 4.569180e-02
9 8 6.510830e-02
9 9 8.974760e-02
9 10 1.153150e-01
9 11 1.441590e-01
9 12 1.801320e-01
9 13 2.244750e-01
9 14 2.798030e-01
9 15 3.467010e-01
9 16 4.289150e-01
9 17 5.276270e-01
9 18 6.452440e-01
9 19 7.826650e-01
9 20 9.415370e-01
9 21 1.118360e+00
9 22 1.309060e+00
9 23 1.503430e+00
9 24 1.686100e+00
9 25 1.835960e+00
9 26 1.925710e+00
9 27 1.927370e+00
9 28 1.817570e+00
9 29 1.591310e+00
9 30 1.269240e+00
9 31 9.008290e-01
9 32 5.522570e-01
9 33 2.819210e-01
9 34 1.144680e-01
9 35 3.493640e-02
9 36 7.473930e-03
9 37 1.027670e-03
9 38 8.187320e-05
9 39 3.886620e-06
9 40 3.561220e-07
10 1 1.462380e-02
10 2 5.930830e-03
10 3 8.804070e-03
10 4 1.214760e-02
10 5 1.762110e-02
10 6 2.529270e-02
10 7 3.600670e-02
10 8 5.137310e-02
10 9 7.270440e-02
10 10 1.010780e-01
10 11 1.290330e-01
10 12 1.612450e-01
10 13 2.009420e-01
10 14 2.504770e-01
10 15 3.103710e-01
10 16 3.839860e-01
10 17 4.723790e-01
10 18 5.777220e-01
10 19 7.008090e-01
10 20 8.431230e-01
10 21 1.001610e+00
10 22 1.172620e+00
10 23 1.346970e+00
10 24 1.510960e+00
10 25 1.645770e+00
10 26 1.726890e+00
10 27 1.729150e+00
10 28 1.631620e+00
10 29 1.429600e+00
10 30 1.141280e+00
10 31 8.109430e-01
10 32 4.978860e-01
10 33 2.546240e-01
10 34 1.036150e-01
10 35 3.171190e-02
10 36 6.807020e-03
10 37 9.398850e-04
10 38 7.528860e-05
10 39 3.592980e-06
10 40 3.309480e-07
11 1 1.127610e-02
11 2 4.570700e-03
11 3 6.769290e-03
11 4 9.317950e-03
11 5 1.352420e-02
11 6 1.954330e-02
11 7 2.804400e-02
11 8 4.022780e-02
11 9 5.713690e-02
11 10 8.167960e-02
11 11 1.132000e-01
11 12 1.444970e-01
11 13 1.800840e-01
11 14 2.244820e-01
11 15 2.781720e-01
11 16 3.441660e-01
11 17 4.234180e-01
11 18 5.178860e-01
11 19 6.282740e-01
11 20 7.559610e-01
11 21 8.981650e-01
11 22 1.051780e+00
11 23 1.208440e+00
11 24 1.355950e+00
11 25 1.477460e+00
11 26 1.551090e+00
11 27 1.553940e+00
11 28 1.467400e+00
11 29 1.286930e+00
11 30 1.028570e+00
11 31 7.318820e-01
11 32 4.501670e-01
11 33 2.307370e-01
11 34 9.415500e-02
11 35 2.891540e-02
11 36 6.232750e-03
11 37 8.650690e-04
11 38 6.974240e-05
11 39 3.350550e-06
11 40 3.105960e-07
12 1 9.210650e-03
12 2 3.728450e-03
12 3 5.499500e-03
12 4 7.513960e-03
12 5 1.077870e-02
12 6 1.532420e-02
12 7 2.185000e-02
12 8 3.148290e-02
12 9 4.492170e-02
12 10 6.435100e-02
12 11 9.157110e-02
12 12 1.270430e-01
12 13 1.616850e-01
12 14 2.015590e-01
12 15 2.497780e-01
12 16 3.090530e-01
12 17 3.802490e-01
12 18 4.651280e-01
12 19 5.643410e-01
12 20 6.791480e-01
12 21 8.070250e-01
12 22 9.453070e-01
12 23 1.086420e+00
12 24 1.219490e+00
12 25 1.329350e+00
12 26 1.396460e+00
12 27 1.400050e+00
12 28 1.323330e+00
12 29 1.161910e+00
12 30 9.300300e-01
12 31 6.629050e-01
12 32 4.086600e-01
12 33 2.100450e-01
12 34 8.600500e-02
12 35 2.652410e-02
12 36 5.746810e-03
12 37 8.026910e-04
12 38 6.522720e-05
12 39 3.174080e-06
12 40 2.948880e-07
13 1 6.833900e-03
13 2 2.767180e-03
13 3 4.081060e-03
13 4 5.568660e-03
13 5 7.988350e-03
13 6 1.143170e-02
13 7 1.641520e-02
13 8 2.384820e-02
13 9 3.448400e-02
13 10 4.992920e-02
13 11 7.153180e-02
13 12 1.023160e-01
13 13 1.422660e-01
13 14 1.812620e-01
13 15 2.246410e-01
13 16 2.779700e-01
13 17 3.420360e-01
13 18 4.184330e-01
13 19 5.077620e-01
13 20 6.111700e-01
13 21 7.264310e-01
13 22 8.511380e-01
13 23 9.785660e-01
13 24 1.098950e+00
13 25 1.198600e+00
13 26 1.260020e+00
13 27 1.264390e+00
13 28 1.196480e+00
13 29 1.052030e+00
13 30 8.435840e-01
13 31 6.026210e-01
13 32 3.725070e-01
13 33 1.921190e-01
13 34 7.899630e-02
13 35 2.448880e-02
13 36 5.339470e-03
13 37 7.515630e-04
13 38 6.165940e-05
13 39 3.424330e-06
13 40 2.838370e-07
14 1 5.770200e-03
14 2 2.336200e-03
14 3 3.444890e-03
14 4 4.699470e-03
14 5 6.725660e-03
14 6 9.550610e-03
14 7 1.354150e-02
14 8 1.931990e-02
14 9 2.741330e-02
14 10 3.946260e-02
14 11 5.645390e-02
14 12 8.059930e-02
14 13 1.148870e-01
14 14 1.599010e-01
14 15 2.025120e-01
14 16 2.506110e-01
14 17 3.084070e-01
14 18 3.773470e-01
14 19 4.579850e-01
14 20 5.513940e-01
14 21 6.555850e-01
14 22 7.683830e-01
14 23 8.838720e-01
14 24 9.931800e-01
14 25 1.083990e+00
14 26 1.140560e+00
14 27 1.145820e+00
14 28 1.085830e+00
14 29 9.564260e-01
14 30 7.686250e-01
14 31 5.506090e-01
14 32 3.414970e-01
14 33 1.768720e-01
14 34 7.310390e-02
14 35 2.280520e-02
14 36 5.010680e-03
14 37 7.118210e-04
14 38 5.905880e-05
14 39 3.845920e-06
14 40 2.775540e-07
15 1 4.535560e-03
15 2 1.836470e-03
15 3 2.708150e-03
15 4 3.694550e-03
15 5 5.285690e-03
15 6 7.495170e-03
15 7 1.059780e-02
15 8 1.511810e-02
15 9 2.153580e-02
15 10 3.099700e-02
15 11 4.430940e-02
15 12 6.326930e-02
15 13 9.017530e-02
15 14 1.289240e-01
15 15 1.790180e-01
15 16 2.265150e-01
15 17 2.787930e-01
15 18 3.411750e-01
15 19 4.141790e-01
15 20 4.987960e-01
15 21 5.932620e-01
15 22 6.956560e-01
15 23 8.006840e-01
15 24 9.003340e-01
15 25 9.835090e-01
15 26 1.035890e+00
15 27 1.042210e+00
15 28 9.893610e-01
15 29 8.733620e-01
15 30 7.037760e-01
15 31 5.058660e-01
15 32 3.150420e-01
15 33 1.640110e-01
15 34 6.821600e-02
15 35 2.144310e-02
15 36 4.755310e-03
15 37 6.830880e-04
15 38 5.742780e-05
15 39 3.874210e-06
15 40 2.766700e-07
16 1 3.488410e-03
16 2 1.412920e-03
16 3 2.083570e-03
16 4 2.842690e-03
16 5 4.067090e-03
16 6 5.766220e-03
16 7 8.143790e-03
16 8 1.158630e-02
16 9 1.646260e-02
16 10 2.370340e-02
16 11 3.407270e-02
16 12 4.900440e-02
16 13 7.020590e-02
16 14 1.006810e-01
16 15 1.439840e-01
16 16 2.007740e-01
16 17 2.529440e-01
16 18 3.096060e-01
16 19 3.759600e-01
16 20 4.529300e-01
16 21 5.389530e-01
16 22 6.323340e-01
16 23 7.282910e-01
16 24 8.196670e-01
16 25 8.963640e-01
16 26 9.453270e-01
16 27 9.527290e-01
16 28 9.063780e-01
16 29 8.022250e-01
16 30 6.485860e-01
16 31 4.681110e-01
16 32 2.930020e-01
16 33 1.534850e-01
16 34 6.432450e-02
16 35 2.040640e-02
16 36 4.575910e-03
16 37 6.660900e-04
16 38 5.687680e-05
16 39 3.875760e-06
16 40 2.819080e-07
17 1 2.822430e-03
17 2 1.143080e-03
17 3 1.685650e-03
17 4 2.299520e-03
17 5 3.289950e-03
17 6 4.664280e-03
17 7 6.586340e-03
17 8 9.357350e-03
17 9 1.323600e-02
17 10 1.893160e-02
17 11 2.701590e-02
17 12 3.862320e-02
17 13 5.513170e-02
17 14 7.890150e-02
17 15 1.126500e-01
17 16 1.614690e-01
17 17 2.250010e-01
17 18 2.822040e-01
17 19 3.427950e-01
17 20 4.131600e-01
17 21 4.918760e-01
17 22 5.775230e-01
17 23 6.657390e-01
17 24 7.500980e-01
17 25 8.213830e-01
17 26 8.676740e-01
17 27 8.762720e-01
17 28 8.358730e-01
17 29 7.422410e-01
17 30 6.025110e-01
17 31 4.370220e-01
17 32 2.752350e-01
17 33 1.452550e-01
17 34 6.143380e-02
17 35 1.970460e-02
17 36 4.476900e-03
17 37 6.618970e-04
17 38 5.754860e-05
17 39 3.964770e-06
17 40 2.943250e-07
18 1 2.173000e-03
18 2 8.800350e-04
18 3 1.297790e-03
18 4 1.770560e-03
18 5 2.533080e-03
18 6 3.591400e-03
18 7 5.071530e-03
18 8 7.200520e-03
18 9 1.017030e-02
18 10 1.452080e-02
18 11 2.070590e-02
18 12 2.966130e-02
18 13 4.252050e-02
18 14 6.107270e-02
18 15 8.743030e-02
18 16 1.255160e-01
18 17 1.804020e-01
18 18 2.519450e-01
18 19 3.141050e-01
18 20 3.787700e-01
18 21 4.512280e-01
18 22 5.302470e-01
18 23 6.118990e-01
18 24 6.903290e-01
18 25 7.571590e-01
18 26 8.014270e-01
18 27 8.113860e-01
18 28 7.764440e-01
18 29 6.921790e-01
18 30 5.646220e-01
18 31 4.119670e-01
18 32 2.613660e-01
18 33 1.391690e-01
18 34 5.950090e-02
18 35 1.933390e-02
18 36 4.461170e-03
18 37 6.717390e-04
18 38 5.965620e-05
18 39 4.160700e-06
18 40 3.162130e-07
19 1 1.601880e-03
19 2 6.492830e-04
19 3 9.575990e-04
19 4 1.306590e-03
19 5 1.869650e-03
19 6 2.651220e-03
19 7 3.744610e-03
19 8 5.317480e-03
19 9 7.506080e-03
19 10 1.070090e-02
19 11 1.523990e-02
19 12 2.185250e-02
19 13 3.151360e-02
19 14 4.583440e-02
19 15 6.642960e-02
19 16 9.617550e-02
19 17 1.390050e-01
19 18 2.011830e-01
19 19 2.819440e-01
19 20 3.498060e-01
19 21 4.170740e-01
19 22 4.905760e-01
19 23 5.667790e-01
19 24 6.404750e-01
19 25 7.038450e-01
19 26 7.467580e-01
19 27 7.582630e-01
19 28 7.283560e-01
19 29 6.523180e-01
19 30 5.351560e-01
19 31 3.932370e-01
19 32 2.516270e-01
19 33 1.353980e-01
19 34 5.862900e-02
19 35 1.934270e-02
19 36 4.544850e-03
19 37 6.991570e-04
19 38 6.364840e-05
19 39 4.169100e-06
19 40 3.503080e-07
20 1 1.296710e-03
20 2 5.254430e-04
20 3 7.748470e-04
20 4 1.057150e-03
20 5 1.512660e-03
20 6 2.144740e-03
20 7 3.028890e-03
20 8 4.300000e-03
20 9 6.067270e-03
20 10 8.637310e-03
20 11 1.224680e-02
20 12 1.741780e-02
20 13 2.482110e-02
20 14 3.553950e-02
20 15 5.108840e-02
20 16 7.402140e-02
20 17 1.070810e-01
20 18 1.549940e-01
20 19 2.247590e-01
20 20 3.156410e-01
20 21 3.880080e-01
20 22 4.569380e-01
20 23 5.287340e-01
20 24 5.985550e-01
20 25 6.594540e-01
20 26 7.017090e-01
20 27 7.150790e-01
20 28 6.900520e-01
20 29 6.215180e-01
20 30 5.134330e-01
20 31 3.804910e-01
20 32 2.459820e-01
20 33 1.340160e-01
20 34 5.890150e-02
20 35 1.977890e-02
20 36 4.744590e-03
20 37 7.476950e-04
20 38 6.995710e-05
20 39 4.016250e-06
20 40 3.986280e-07
21 1 1.011280e-03
21 2 4.097340e-04
21 3 6.042670e-04
21 4 8.244130e-04
21 5 1.179550e-03
21 6 1.672460e-03
21 7 2.361890e-03
21 8 3.353400e-03
21 9 4.732140e-03
21 10 6.735990e-03
21 11 9.549920e-03
21 12 1.357550e-02
21 13 1.933370e-02
21 14 2.772540e-02
21 15 3.976350e-02
21 16 5.720580e-02
21 17 8.237040e-02
21 18 1.189290e-01
21 19 1.722350e-01
21 20 2.509210e-01
21 21 3.527920e-01
21 22 4.296720e-01
21 23 4.981080e-01
21 24 5.651590e-01
21 25 6.244100e-01
21 26 6.667810e-01
21 27 6.823550e-01
21 28 6.620390e-01
21 29 6.002750e-01
21 30 4.999330e-01
21 31 3.741830e-01
21 32 2.448230e-01
21 33 1.353180e-01
21 34 6.050550e-02
21 35 2.073480e-02
21 36 5.093430e-03
21 37 8.250880e-04
21 38 7.964850e-05
21 39 4.565170e-06
21 40 4.709880e-07
22 1 7.625960e-04
22 2 3.092510e-04
22 3 4.560790e-04
22 4 6.222400e-04
22 5 8.903250e-04
22 6 1.262430e-03
22 7 1.782950e-03
22 8 2.531760e-03
22 9 3.573200e-03
22 10 5.087350e-03
22 11 7.214220e-03
22 12 1.025320e-02
22 13 1.459230e-02
22 14 2.090590e-02
22 15 2.998730e-02
22 16 4.321360e-02
22 17 6.231770e-02
22 18 9.010690e-02
22 19 1.306600e-01
22 20 1.906150e-01
22 21 2.793410e-01
22 22 3.941700e-01
22 23 4.745530e-01
22 24 5.398810e-01
22 25 5.984450e-01
22 26 6.416890e-01
22 27 6.599690e-01
22 28 6.442460e-01
22 29 5.886930e-01
22 30 4.949190e-01
22 31 3.746780e-01
22 32 2.485600e-01
22 33 1.396640e-01
22 34 6.368950e-02
22 35 2.233850e-02
22 36 5.637960e-03
22 37 9.424150e-04
22 38 9.427890e-05
22 39 5.572550e-06
22 40 5.790440e-07
23 1 5.535680e-04
23 2 2.244800e-04
23 3 3.310650e-04
23 4 4.517410e-04
23 5 6.464550e-04
23 6 9.168010e-04
23 7 1.295090e-03
23 8 1.839260e-03
23 9 2.596680e-03
23 10 3.698430e-03
23 11 5.246520e-03
23 12 7.460940e-03
23 13 1.061870e-02
23 14 1.519460e-02
23 15 2.177580e-02
23 16 3.145540e-02
23 17 4.566030e-02
23 18 6.657380e-02
23 19 9.718350e-02
23 20 1.424820e-01
23 21 2.096660e-01
23 22 3.103950e-01
23 23 4.401550e-01
23 24 5.226800e-01
23 25 5.815520e-01
23 26 6.264980e-01
23 27 6.480850e-01
23 28 6.370920e-01
23 29 5.872890e-01
23 30 4.990410e-01
23 31 3.827320e-01
23 32 2.579120e-01
23 33 1.476600e-01
23 34 6.885090e-02
23 35 2.479350e-02
23 36 6.452920e-03
23 37 1.117860e-03
23 38 1.164600e-04
23 39 6.991160e-06
23 40 7.458850e-07
24 1 4.093510e-04
24 2 1.661040e-04
24 3 2.449920e-04
24 4 3.343100e-04
24 5 4.784240e-04
24 6 6.785190e-04
24 7 9.585880e-04
24 8 1.361580e-03
24 9 1.922550e-03
24 10 2.738830e-03
24 11 3.886250e-03
24 12 5.527730e-03
24 13 7.869640e-03
24 14 1.125810e-02
24 15 1.610970e-02
24 16 2.321460e-02
24 17 3.362090e-02
24 18 4.899020e-02
24 19 7.169040e-02
24 20 1.053620e-01
24 21 1.554450e-01
24 22 2.307340e-01
24 23 3.446990e-01
24 24 4.908300e-01
24 25 5.734510e-01
24 26 6.211430e-01
24 27 6.469060e-01
24 28 6.411210e-01
24 29 5.969910e-01
24 30 5.135650e-01
24 31 3.997760e-01
24 32 2.742530e-01
24 33 1.604040e-01
24 34 7.669530e-02
24 35 2.844870e-02
24 36 7.663420e-03
24 37 1.381330e-03
24 38 1.505010e-04
24 39 9.198470e-06
24 40 1.004640e-06
25 1 2.945220e-04
25 2 1.197790e-04
25 3 1.766700e-04
25 4 2.410910e-04
25 5 3.450660e-04
25 6 4.894620e-04
25 7 6.916000e-04
25 8 9.825610e-04
25 9 1.387650e-03
25 10 1.977330e-03
25 11 2.806850e-03
25 12 3.994400e-03
25 13 5.689840e-03
25 14 8.145060e-03
25 15 1.165790e-02
25 16 1.679040e-02
25 17 2.431110e-02
25 18 3.543320e-02
25 19 5.191980e-02
25 20 7.654230e-02
25 21 1.132890e-01
25 22 1.687650e-01
25 23 2.530710e-01
25 24 3.821250e-01
25 25 5.469000e-01
25 26 6.265170e-01
25 27 6.574400e-01
25 28 6.576630e-01
25 29 6.193000e-01
25 30 5.402030e-01
25 31 4.276000e-01
25 32 2.992860e-01
25 33 1.792850e-01
25 34 8.817650e-02
25 35 3.380860e-02
25 36 9.465630e-03
25 37 1.783850e-03
25 38 2.045020e-04
25 39 1.313130e-05
25 40 1.420350e-06
26 1 1.904220e-04
26 2 7.796390e-05
26 3 1.150130e-04
26 4 1.569830e-04
26 5 2.247480e-04
26 6 3.188930e-04
26 7 4.507530e-04
26 8 6.407260e-04
26 9 9.054550e-04
26 10 1.291230e-03
26 11 1.834750e-03
26 12 2.614160e-03
26 13 3.729290e-03
26 14 5.348310e-03
26 15 7.671770e-03
26 16 1.107020e-02
26 17 1.603920e-02
26 18 2.343290e-02
26 19 3.456810e-02
26 20 5.162430e-02
26 21 7.782400e-02
26 22 1.181210e-01
26 23 1.797720e-01
26 24 2.748620e-01
26 25 4.226630e-01
26 26 6.102360e-01
26 27 6.832150e-01
26 28 6.901820e-01
26 29 6.576900e-01
26 30 5.821960e-01
26 31 4.691580e-01
26 32 3.355640e-01
26 33 2.063160e-01
26 34 1.046840e-01
26 35 4.164690e-02
26 36 1.218220e-02
26 37 2.416910e-03
26 38 2.942150e-04
26 39 2.002820e-05
26 40 2.153340e-06
27 1 1.342530e-04
27 2 5.519090e-05
27 3 8.141820e-05
27 4 1.111370e-04
27 5 1.590990e-04
27 6 2.257700e-04
27 7 3.191700e-04
27 8 4.536870e-04
27 9 6.412650e-04
27 10 9.147150e-04
27 11 1.299940e-03
27 12 1.852810e-03
27 13 2.644370e-03
27 14 3.794520e-03
27 15 5.446540e-03
27 16 7.866340e-03
27 17 1.140530e-02
27 18 1.663750e-02
27 19 2.444650e-02
27 20 3.631590e-02
27 21 5.447530e-02
27 22 8.257790e-02
27 23 1.261340e-01
27 24 1.938200e-01
27 25 2.999260e-01
27 26 4.670490e-01
27 27 6.772810e-01
27 28 7.378860e-01
27 29 7.132150e-01
27 30 6.422070e-01
27 31 5.284360e-01
27 32 3.875180e-01
27 33 2.454480e-01
27 34 1.289870e-01
27 35 5.346300e-02
27 36 1.640180e-02
27 37 3.437560e-03
27 38 4.455060e-04
27 39 3.212370e-05
27 40 3.376080e-06
28 1 8.697370e-05
28 2 3.574800e-05
28 3 5.274680e-05
28 4 7.200840e-05
28 5 1.031080e-04
28 6 1.463390e-04
28 7 2.069280e-04
28 8 2.942740e-04
28 9 4.161000e-04
28 10 5.938140e-04
28 11 8.445860e-04
28 12 1.204810e-03
28 13 1.721280e-03
28 14 2.473340e-03
28 15 3.556240e-03
28 16 5.146660e-03
28 17 7.481370e-03
28 18 1.094300e-02
28 19 1.611200e-02
28 20 2.397430e-02
28 21 3.604890e-02
28 22 5.496800e-02
28 23 8.480270e-02
28 24 1.317980e-01
28 25 2.062930e-01
28 26 3.251250e-01
28 27 5.152570e-01
28 28 7.517640e-01
28 29 7.929870e-01
28 30 7.273250e-01
28 31 6.119270e-01
28 32 4.609970e-01
28 33 3.015760e-01
28 34 1.646930e-01
28 35 7.143490e-02
28 36 2.311180e-02
28 37 5.154010e-03
28 38 7.176250e-04
28 39 5.549560e-05
28 40 5.402420e-06
29 1 5.032320e-05
29 2 2.095790e-05
29 3 3.092690e-05
29 4 4.223170e-05
29 5 6.048970e-05
29 6 8.588510e-05
29 7 1.215070e-04
29 8 1.728920e-04
29 9 2.446520e-04
29 10 3.494840e-04
29 11 4.975730e-04
29 12 7.107880e-04
29 13 1.017340e-03
29 14 1.464910e-03
29 15 2.112000e-03
29 16 3.066830e-03
29 17 4.475810e-03
29 18 6.578820e-03
29 19 9.741360e-03
29 20 1.457500e-02
29 21 2.201440e-02
29 22 3.373030e-02
29 23 5.261160e-02
29 24 8.336830e-02
29 25 1.336800e-01
29 26 2.156630e-01
29 27 3.493570e-01
29 28 5.673440e-01
29 29 8.353450e-01
29 30 8.479740e-01
29 31 7.301570e-01
29 32 5.658120e-01
29 33 3.830440e-01
29 34 2.180250e-01
29 35 9.937570e-02
29 36 3.410730e-02
29 37 8.157000e-03
29 38 1.233000e-03
29 39 1.044780e-04
29 40 7.566510e-06
30 1 2.919300e-05
30 2 1.264570e-05
30 3 1.866700e-05
30 4 2.549410e-05
30 5 3.652530e-05
30 6 5.187020e-05
30 7 7.340650e-05
30 8 1.044940e-04
30 9 1.479290e-04
30 10 2.114510e-04
30 11 3.013380e-04
30 12 4.309270e-04
30 13 6.175870e-04
30 14 8.908110e-04
30 15 1.286920e-03
30 16 1.873550e-03
30 17 2.743250e-03
30 18 4.048320e-03
30 19 6.023940e-03
30 20 9.068010e-03
30 21 1.380410e-02
30 22 2.131380e-02
30 23 3.338890e-02
30 24 5.307780e-02
30 25 8.553620e-02
30 26 1.392680e-01
30 27 2.285120e-01
30 28 3.769640e-01
30 29 6.227610e-01
30 30 9.205170e-01
30 31 8.945780e-01
30 32 7.159160e-01
30 33 5.038410e-01
30 34 3.003810e-01
30 35 1.446260e-01
30 36 5.292910e-02
30 37 1.363880e-02
30 38 2.247350e-03
30 39 2.099960e-04
30 40 1.248660e-05
31 1 1.533450e-05
31 2 6.863260e-06
31 3 1.013910e-05
31 4 1.385480e-05
31 5 1.985790e-05
31 6 2.821510e-05
31 7 3.994830e-05
31 8 5.690600e-05
31 9 8.063540e-05
31 10 1.153700e-04
31 11 1.646110e-04
31 12 2.357470e-04
31 13 3.385340e-04
31 14 4.895130e-04
31 15 7.093270e-04
31 16 1.036450e-03
31 17 1.524400e-03
31 18 2.261880e-03
31 19 3.387950e-03
31 20 5.139910e-03
31 21 7.893200e-03
31 22 1.230070e-02
31 23 1.945900e-02
31 24 3.125290e-02
31 25 5.097500e-02
31 26 8.444810e-02
31 27 1.414750e-01
31 28 2.387500e-01
31 29 4.043240e-01
31 30 6.833420e-01
31 31 1.013920e+00
31 32 9.344840e-01
31 33 6.851880e-01
31 34 4.293450e-01
31 35 2.194320e-01
31 36 8.619180e-02
31 37 2.412900e-02
31 38 4.377410e-03
31 39 4.566070e-04
31 40 2.615680e-05
32 1 6.589850e-06
32 2 3.277210e-06
32 3 4.888880e-06
32 4 6.687470e-06
32 5 9.590910e-06
32 6 1.363720e-05
32 7 1.932380e-05
32 8 2.754910e-05
32 9 3.907690e-05
32 10 5.598980e-05
32 11 8.002230e-05
32 12 1.148490e-04
32 13 1.653380e-04
32 14 2.398140e-04
32 15 3.488370e-04
32 16 5.121530e-04
32 17 7.576190e-04
32 18 1.132100e-03
32 19 1.710140e-03
32 20 2.621140e-03
32 21 4.074530e-03
32 22 6.440110e-03
32 23 1.035260e-02
32 24 1.692910e-02
32 25 2.815640e-02
32 26 4.761670e-02
32 27 8.168990e-02
32 28 1.416330e-01
32 29 2.471200e-01
32 30 4.314220e-01
32 31 7.480030e-01
32 32 1.113680e+00
32 33 9.644130e-01
32 34 6.368530e-01
32 35 3.469020e-01
32 36 1.471100e-01
32 37 4.509680e-02
32 38 9.100840e-03
32 39 1.074390e-03
32 40 6.683590e-05
33 1 2.269570e-06
33 2 1.250910e-06
33 3 1.967690e-06
33 4 2.803850e-06
33 5 4.093520e-06
33 6 5.841300e-06
33 7 8.286410e-06
33 8 1.182770e-05
33 9 1.679830e-05
33 10 2.410460e-05
33 11 3.451850e-05
33 12 4.966160e-05
33 13 7.171170e-05
33 14 1.044070e-04
33 15 1.525770e-04
33 16 2.252710e-04
33 17 3.355580e-04
33 18 5.056320e-04
33 19 7.715220e-04
33 20 1.196780e-03
33 21 1.887030e-03
33 22 3.033240e-03
33 23 4.973890e-03
33 24 8.324200e-03
33 25 1.420360e-02
33 26 2.463250e-02
33 27 4.338310e-02
33 28 7.750350e-02
33 29 1.399290e-01
33 30 2.537140e-01
33 31 4.583440e-01
33 32 8.167920e-01
33 33 1.218740e+00
33 34 9.804370e-01
33 35 5.712570e-01
33 36 2.629390e-01
33 37 8.890010e-02
33 38 2.015180e-02
33 39 2.726340e-03
33 40 1.967200e-04
34 1 7.007260e-07
34 2 3.980840e-07
34 3 6.423480e-07
34 4 9.386710e-07
34 5 1.422890e-06
34 6 2.113100e-06
34 7 3.055130e-06
34 8 4.381350e-06
34 9 6.239470e-06
34 10 8.974870e-06
34 11 1.288660e-05
34 12 1.860120e-05
34 13 2.696620e-05
34 14 3.945320e-05
34 15 5.800050e-05
34 16 8.625700e-05
34 17 1.296070e-04
34 18 1.973140e-04
34 19 3.047240e-04
34 20 4.794060e-04
34 21 7.683850e-04
34 22 1.258550e-03
34 23 2.108180e-03
34 24 3.615060e-03
34 25 6.347050e-03
34 26 1.138140e-02
34 27 2.074300e-02
34 28 3.837050e-02
34 29 7.199540e-02
34 30 1.363840e-01
34 31 2.585460e-01
34 32 4.851990e-01
34 33 8.903330e-01
34 34 1.327520e+00
34 35 9.785750e-01
34 36 4.909330e-01
34 37 1.844420e-01
34 38 4.741510e-02
34 39 7.438980e-03
34 40 6.401420e-04
35 1 1.443830e-07
35 2 8.265000e-08
35 3 1.367440e-07
35 4 2.091810e-07
35 5 3.351670e-07
35 6 5.316310e-07
35 7 8.328520e-07
35 8 1.279380e-06
35 9 1.891310e-06
35 10 2.763220e-06
35 11 3.995320e-06
35 12 5.797610e-06
35 13 8.455490e-06
35 14 1.245770e-05
35 15 1.846870e-05
35 16 2.774070e-05
35 17 4.217110e-05
35 18 6.508370e-05
35 19 1.021020e-04
35 20 1.635080e-04
35 21 2.673080e-04
35 22 4.475210e-04
35 23 7.680150e-04
35 24 1.352770e-03
35 25 2.446850e-03
35 26 4.532390e-03
35 27 8.572750e-03
35 28 1.657100e-02
35 29 3.265670e-02
35 30 6.520860e-02
35 31 1.308760e-01
35 32 2.611990e-01
35 33 5.115030e-01
35 34 9.678240e-01
35 35 1.438020e+00
35 36 9.564540e-01
35 37 4.008960e-01
35 38 1.178580e-01
35 39 2.171670e-02
35 40 2.276090e-03
36 1 2.324680e-08
36 2 1.330730e-08
36 3 2.201680e-08
36 4 3.367970e-08
36 5 5.396570e-08
36 6 8.573010e-08
36 7 1.355870e-07
36 8 2.154820e-07
36 9 3.400590e-07
36 10 5.396870e-07
36 11 8.460930e-07
36 12 1.301970e-06
36 13 1.966980e-06
36 14 2.953940e-06
36 15 4.425110e-06
36 16 6.709690e-06
36 17 1.031680e-05
36 18 1.614280e-05
36 19 2.574980e-05
36 20 4.207180e-05
36 21 7.046080e-05
36 22 1.214170e-04
36 23 2.155820e-04
36 24 3.951070e-04
36 25 7.484230e-04
36 26 1.464440e-03
36 27 2.942420e-03
36 28 6.012550e-03
36 29 1.247470e-02
36 30 2.635760e-02
36 31 5.654300e-02
36 32 1.216850e-01
36 33 2.588630e-01
36 34 5.344490e-01
36 35 1.049480e+00
36 36 1.551610e+00
36 37 9.128530e-01
36 38 3.077130e-01
36 39 6.718580e-02
36 40 8.758650e-03
37 1 3.308030e-09
37 2 1.893640e-09
37 3 3.133000e-09
37 4 4.792640e-09
37 5 7.679350e-09
37 6 1.219940e-08
37 7 1.929410e-08
37 8 3.066320e-08
37 9 4.839830e-08
37 10 7.700480e-08
37 11 1.219110e-07
37 12 1.931860e-07
37 13 3.058400e-07
37 14 4.855190e-07
37 15 7.675650e-07
37 16 1.206830e-06
37 17 1.896360e-06
37 18 3.015820e-06
37 19 4.887750e-06
37 20 8.141210e-06
37 21 1.395340e-05
37 22 2.473770e-05
37 23 4.548130e-05
37 24 8.694340e-05
37 25 1.732060e-04
37 26 3.597010e-04
37 27 7.775800e-04
37 28 1.729970e-03
37 29 3.905340e-03
37 30 8.876160e-03
37 31 2.036030e-02
37 32 4.735910e-02
37 33 1.105010e-01
37 34 2.531350e-01
37 35 5.552510e-01
37 36 1.135440e+00
37 37 1.663310e+00
37 38 8.461200e-01
37 39 2.194710e-01
37 40 3.608170e-02
38 1 5.312600e-10
38 2 3.041100e-10
38 3 5.031500e-10
38 4 7.696800e-10
38 5 1.233280e-09
38 6 1.959190e-09
38 7 3.098580e-09
38 8 4.924420e-09
38 9 7.772620e-09
38 10 1.236670e-08
38 11 1.957860e-08
38 12 3.102500e-08
38 13 4.911700e-08
38 14 7.797280e-08
38 15 1.234150e-07
38 16 1.957630e-07
38 17 3.102620e-07
38 18 4.917800e-07
38 19 7.798900e-07
38 20 1.255570e-06
38 21 2.088290e-06
38 22 3.651230e-06
38 23 6.808500e-06
38 24 1.358840e-05
38 25 2.874440e-05
38 26 6.432830e-05
38 27 1.521510e-04
38 28 3.775490e-04
38 29 9.514270e-04
38 30 2.380580e-03
38 31 5.945210e-03
38 32 1.496570e-02
38 33 3.818850e-02
38 34 9.779470e-02
38 35 2.441000e-01
38 36 5.736500e-01
38 37 1.225330e+00
38 38 1.769200e+00
38 39 7.584870e-01
38 40 1.583700e-01
39 1 1.083700e-10
39 2 6.203800e-11
39 3 1.026400e-10
39 4 1.570100e-10
39 5 2.515800e-10
39 6 3.996700e-10
39 7 6.321000e-10
39 8 1.004560e-09
39 9 1.585590e-09
39 10 2.522760e-09
39 11 3.993950e-09
39 12 6.328990e-09
39 13 1.001970e-08
39 14 1.590620e-08
39 15 2.517620e-08
39 16 3.993480e-08
39 17 6.329220e-08
39 18 1.003190e-07
39 19 1.588840e-07
39 20 2.519510e-07
39 21 3.992750e-07
39 22 6.358180e-07
39 23 1.032000e-06
39 24 1.766210e-06
39 25 3.417490e-06
39 26 7.705570e-06
39 27 1.972390e-05
39 28 5.505220e-05
39 29 1.629730e-04
39 30 4.779060e-04
39 31 1.343880e-03
39 32 3.718700e-03
39 33 1.037100e-02
39 34 2.946740e-02
39 35 8.414830e-02
39 36 2.320970e-01
39 37 5.897420e-01
39 38 1.318840e+00
39 39 1.864490e+00
39 40 7.448110e-01
40 1 2.380000e-11
40 2 1.362400e-11
40 3 2.254100e-11
40 4 3.448200e-11
40 5 5.525100e-11
40 6 8.777200e-11
40 7 1.388200e-10
40 8 2.206100e-10
40 9 3.482100e-10
40 10 5.540300e-10
40 11 8.771200e-10
40 12 1.389930e-09
40 13 2.200450e-09
40 14 3.493190e-09
40 15 5.529010e-09
40 16 8.770190e-09
40 17 1.389980e-08
40 18 2.203140e-08
40 19 3.489290e-08
40 20 5.533170e-08
40 21 8.767450e-08
40 22 1.389830e-07
40 23 2.202720e-07
40 24 3.495080e-07
40 25 5.650190e-07
40 26 9.725550e-07
40 27 1.942130e-06
40 28 5.002670e-06
40 29 1.593180e-05
40 30 5.643840e-05
40 31 1.950920e-04
40 32 6.272260e-04
40 33 1.977670e-03
40 34 6.364910e-03
40 35 2.110030e-02
40 36 6.974790e-02
40 37 2.177040e-01
40 38 6.049160e-01
40 39 1.416780e+00
40 40 2.532530e+00
