1 1 1.359580e-01
1 2 5.040630e-02
1 3 6.617060e-02
1 4 8.023290e-02
1 5 1.020710e-01
1 6 1.284700e-01
1 7 1.609030e-01
1 8 2.023400e-01
1 9 2.525390e-01
1 10 3.173150e-01
1 11 3.960510e-01
1 12 4.939480e-01
1 13 6.140870e-01
1 14 7.631740e-01
1 15 9.421010e-01
1 16 1.160020e+00
1 17 1.418510e+00
1 18 1.721740e+00
1 19 2.068660e+00
1 20 2.459180e+00
1 21 2.877690e+00
1 22 3.306110e+00
1 23 3.708330e+00
1 24 4.037690e+00
1 25 4.236510e+00
1 26 4.240190e+00
1 27 3.999350e+00
1 28 3.502400e+00
1 29 2.794410e+00
1 30 1.983820e+00
1 31 1.216700e+00
1 32 6.213900e-01
1 33 2.525160e-01
1 34 7.715570e-02
1 35 1.652770e-02
1 36 2.276630e-03
1 37 1.812460e-04
1 38 7.934690e-06
1 39 3.565600e-07
1 40 0.000000e+00
2 1 1.080240e-01
2 2 4.383300e-02
2 3 5.902410e-02
2 4 7.164290e-02
2 5 9.114310e-02
2 6 1.147160e-01
2 7 1.436760e-01
2 8 1.806770e-01
2 9 2.255030e-01
2 10 2.833450e-01
2 11 3.536530e-01
2 12 4.410730e-01
2 13 5.483510e-01
2 14 6.814740e-01
2 15 8.412560e-01
2 16 1.035860e+00
2 17 1.266720e+00
2 18 1.537570e+00
2 19 1.847380e+00
2 20 2.196150e+00
2 21 2.569950e+00
2 22 2.952650e+00
2 23 3.312100e+00
2 24 3.606320e+00
2 25 3.784230e+00
2 26 3.787880e+00
2 27 3.573160e+00
2 28 3.129650e+00
2 29 2.497480e+00
2 30 1.773460e+00
2 31 1.088020e+00
2 32 5.558760e-01
2 33 2.260000e-01
2 34 6.909400e-02
2 35 1.481030e-02
2 36 2.041800e-03
2 37 1.627720e-04
2 38 7.166080e-06
2 39 3.209230e-07
2 40 0.000000e+00
3 1 8.520950e-02
3 2 3.567890e-02
3 3 5.130330e-02
3 4 6.384930e-02
3 5 8.128630e-02
3 6 1.023090e-01
3 7 1.281380e-01
3 8 1.611370e-01
3 9 2.011150e-01
3 10 2.527040e-01
3 11 3.154100e-01
3 12 3.933800e-01
3 13 4.890600e-01
3 14 6.077890e-01
3 15 7.502990e-01
3 16 9.238700e-01
3 17 1.129800e+00
3 18 1.371430e+00
3 19 1.647810e+00
3 20 1.958930e+00
3 21 2.292410e+00
3 22 2.633870e+00
3 23 2.954750e+00
3 24 3.217390e+00
3 25 3.376420e+00
3 26 3.380110e+00
3 27 3.188990e+00
3 28 2.793700e+00
3 29 2.229940e+00
3 30 1.583960e+00
3 31 9.721310e-01
3 32 4.969080e-01
3 33 2.021450e-01
3 34 6.184480e-02
3 35 1.326790e-02
3 36 1.831190e-03
3 37 1.462180e-04
3 38 6.465450e-06
3 39 2.891540e-07
3 40 0.000000e+00
4 1 6.643560e-02
4 2 2.806500e-02
4 3 4.170450e-02
4 4 5.562230e-02
4 5 7.248620e-02
4 6 9.127480e-02
4 7 1.143170e-01
4 8 1.437590e-01
4 9 1.794250e-01
4 10 2.254510e-01
4 11 2.813960e-01
4 12 3.509590e-01
4 13 4.363260e-01
4 14 5.422620e-01
4 15 6.694070e-01
4 16 8.242740e-01
4 17 1.008010e+00
4 18 1.223640e+00
4 19 1.470340e+00
4 20 1.747970e+00
4 21 2.045610e+00
4 22 2.350400e+00
4 23 2.636940e+00
4 24 2.871670e+00
4 25 3.013900e+00
4 26 3.017660e+00
4 27 2.847590e+00
4 28 2.495230e+00
4 29 1.992300e+00
4 30 1.415710e+00
4 31 8.692900e-01
4 32 4.446080e-01
4 33 1.810040e-01
4 34 5.542380e-02
4 35 1.190380e-02
4 36 1.645300e-03
4 37 1.316250e-04
4 38 5.831060e-06
4 39 2.613530e-07
4 40 0.000000e+00
5 1 5.343610e-02
5 2 2.232940e-02
5 3 3.311490e-02
5 4 4.531800e-02
5 5 6.328840e-02
5 6 8.151930e-02
5 7 1.021310e-01
5 8 1.284340e-01
5 9 1.602990e-01
5 10 2.014200e-01
5 11 2.514030e-01
5 12 3.135550e-01
5 13 3.898280e-01
5 14 4.844810e-01
5 15 5.980860e-01
5 16 7.364580e-01
5 17 9.006430e-01
5 18 1.093330e+00
5 19 1.313870e+00
5 20 1.561990e+00
5 21 1.828050e+00
5 22 2.100550e+00
5 23 2.356880e+00
5 24 2.566990e+00
5 25 2.694490e+00
5 26 2.698350e+00
5 27 2.546860e+00
5 28 2.232380e+00
5 29 1.783110e+00
5 30 1.267670e+00
5 31 7.788530e-01
5 32 3.986500e-01
5 33 1.624390e-01
5 34 4.979310e-02
5 35 1.070960e-02
5 36 1.482850e-03
5 37 1.189040e-04
5 38 5.398680e-06
5 39 2.372470e-07
5 40 0.000000e+00
6 1 4.237710e-02
6 2 1.762090e-02
6 3 2.616630e-02
6 4 3.586600e-02
6 5 5.144870e-02
6 6 7.120510e-02
6 7 9.119260e-02
6 8 1.147040e-01
6 9 1.431630e-01
6 10 1.798890e-01
6 11 2.245320e-01
6 12 2.800420e-01
6 13 3.481690e-01
6 14 4.327120e-01
6 15 5.341940e-01
6 16 6.577920e-01
6 17 8.044660e-01
6 18 9.765970e-01
6 19 1.173690e+00
6 20 1.395420e+00
6 21 1.633190e+00
6 22 1.876830e+00
6 23 2.106170e+00
6 24 2.294230e+00
6 25 2.408590e+00
6 26 2.412620e+00
6 27 2.277820e+00
6 28 1.997300e+00
6 29 1.596090e+00
6 30 1.135400e+00
6 31 6.981140e-01
6 32 3.576570e-01
6 33 1.458980e-01
6 34 4.478520e-02
6 35 9.649910e-03
6 36 1.339000e-03
6 37 1.076860e-04
6 38 5.126450e-06
6 39 2.161110e-07
6 40 0.000000e+00
7 1 3.262020e-02
7 2 1.351650e-02
7 3 2.030220e-02
7 4 2.808340e-02
7 5 4.052910e-02
7 6 5.776610e-02
7 7 7.977500e-02
7 8 1.025280e-01
7 9 1.279880e-01
7 10 1.608210e-01
7 11 2.007340e-01
7 12 2.503630e-01
7 13 3.112750e-01
7 14 3.868680e-01
7 15 4.776090e-01
7 16 5.881390e-01
7 17 7.192980e-01
7 18 8.732520e-01
7 19 1.049520e+00
7 20 1.247950e+00
7 21 1.460710e+00
7 22 1.678840e+00
7 23 1.884170e+00
7 24 2.052920e+00
7 25 2.155520e+00
7 26 2.159970e+00
7 27 2.040050e+00
7 28 1.789600e+00
7 29 1.430930e+00
7 30 1.018680e+00
7 31 6.269390e-01
7 32 3.215610e-01
7 33 1.313570e-01
7 34 4.039400e-02
7 35 8.722790e-03
7 36 1.213540e-03
7 37 9.799770e-05
7 38 4.705350e-06
7 39 1.979830e-07
7 40 0.000000e+00
8 1 2.549470e-02
8 2 1.056690e-02
8 3 1.588710e-02
8 4 2.203650e-02
8 5 3.187170e-02
8 6 4.552180e-02
8 7 6.459550e-02
8 8 8.971480e-02
8 9 1.144290e-01
8 10 1.438010e-01
8 11 1.794920e-01
8 12 2.238720e-01
8 13 2.783440e-01
8 14 3.459490e-01
8 15 4.271050e-01
8 16 5.259690e-01
8 17 6.432920e-01
8 18 7.810310e-01
8 19 9.387160e-01
8 20 1.116360e+00
8 21 1.306840e+00
8 22 1.502220e+00
8 23 1.686190e+00
8 24 1.837710e+00
8 25 1.929970e+00
8 26 1.934810e+00
8 27 1.828270e+00
8 28 1.604740e+00
8 29 1.284030e+00
8 30 9.149440e-01
8 31 5.637590e-01
8 32 2.895690e-01
8 33 1.184970e-01
8 34 3.652030e-02
8 35 7.907590e-03
8 36 1.103770e-03
8 37 8.954880e-05
8 38 4.316530e-06
8 39 1.824990e-07
8 40 0.000000e+00
9 1 2.083430e-02
9 2 8.464360e-03
9 3 1.251620e-02
9 4 1.723750e-02
9 5 2.502490e-02
9 6 3.588080e-02
9 7 5.101540e-02
9 8 7.274450e-02
9 9 1.003630e-01
9 10 1.287740e-01
9 11 1.607490e-01
9 12 2.004990e-01
9 13 2.492900e-01
9 14 3.098470e-01
9 15 3.825490e-01
9 16 4.711200e-01
9 17 5.762490e-01
9 18 6.996830e-01
9 19 8.410050e-01
9 20 1.000300e+00
9 21 1.171180e+00
9 22 1.346500e+00
9 23 1.511770e+00
9 24 1.648050e+00
9 25 1.731440e+00
9 26 1.736590e+00
9 27 1.641970e+00
9 28 1.442310e+00
9 29 1.155070e+00
9 30 8.239850e-01
9 31 5.084550e-01
9 32 2.616290e-01
9 33 1.073000e-01
9 34 3.315960e-02
9 35 7.203850e-03
9 36 1.009680e-03
9 37 8.233450e-05
9 38 3.989660e-06
9 39 1.696960e-07
9 40 0.000000e+00
10 1 1.628840e-02
10 2 6.607660e-03
10 3 9.810400e-03
10 4 1.353910e-02
10 5 1.964500e-02
10 6 2.821010e-02
10 7 4.017830e-02
10 8 5.734920e-02
10 9 8.122230e-02
10 10 1.130060e-01
10 11 1.440480e-01
10 12 1.796810e-01
10 13 2.234120e-01
10 14 2.776940e-01
10 15 3.428670e-01
10 16 4.222770e-01
10 17 5.165450e-01
10 18 6.272390e-01
10 19 7.540300e-01
10 20 8.969600e-01
10 21 1.050440e+00
10 22 1.207950e+00
10 23 1.356610e+00
10 24 1.479400e+00
10 25 1.555110e+00
10 26 1.560540e+00
10 27 1.476590e+00
10 28 1.298250e+00
10 29 1.040900e+00
10 30 7.435570e-01
10 31 4.596550e-01
10 32 2.370440e-01
10 33 9.748250e-02
10 34 3.022750e-02
10 35 6.594000e-03
10 36 9.289380e-04
10 37 7.622000e-05
10 38 3.717360e-06
10 39 1.592140e-07
10 40 0.000000e+00
11 1 1.254430e-02
11 2 5.086610e-03
11 3 7.534900e-03
11 4 1.037450e-02
11 5 1.506240e-02
11 6 2.177220e-02
11 7 3.125730e-02
11 8 4.486420e-02
11 9 6.376690e-02
11 10 9.123430e-02
11 11 1.265350e-01
11 12 1.612520e-01
11 13 2.005100e-01
11 14 2.492400e-01
11 15 3.077530e-01
11 16 3.790590e-01
11 17 4.637180e-01
11 18 5.631600e-01
11 19 6.770990e-01
11 20 8.055850e-01
11 21 9.436770e-01
11 22 1.085490e+00
11 23 1.219530e+00
11 24 1.330470e+00
11 25 1.399440e+00
11 26 1.405280e+00
11 27 1.330910e+00
11 28 1.171500e+00
11 29 9.406520e-01
11 30 6.730930e-01
11 31 4.170130e-01
11 32 2.156460e-01
11 33 8.898270e-02
11 34 2.770690e-02
11 35 6.075040e-03
11 36 8.612120e-04
11 37 7.121080e-05
11 38 3.780950e-06
11 39 1.511730e-07
11 40 0.000000e+00
12 1 1.023400e-02
12 2 4.144100e-03
12 3 6.113730e-03
12 4 8.355130e-03
12 5 1.198880e-02
12 6 1.705090e-02
12 7 2.432330e-02
12 8 3.506650e-02
12 9 5.006940e-02
12 10 7.178650e-02
12 11 1.022570e-01
12 12 1.419870e-01
12 13 1.803470e-01
12 14 2.241910e-01
12 15 2.768440e-01
12 16 3.410190e-01
12 17 4.172340e-01
12 18 5.067810e-01
12 19 6.094270e-01
12 20 7.252500e-01
12 21 8.498020e-01
12 22 9.778750e-01
12 23 1.099140e+00
12 24 1.199770e+00
12 25 1.262780e+00
12 26 1.269300e+00
12 27 1.203510e+00
12 28 1.060840e+00
12 29 8.533260e-01
12 30 6.119490e-01
12 31 3.801490e-01
12 32 1.972510e-01
12 33 8.173230e-02
12 34 2.557940e-02
12 35 5.643670e-03
12 36 8.061430e-04
12 37 6.729420e-05
12 38 4.234870e-06
12 39 1.456080e-07
12 40 0.000000e+00
13 1 7.576770e-03
13 2 3.069140e-03
13 3 4.527380e-03
13 4 6.179320e-03
13 5 8.867350e-03
13 6 1.269510e-02
13 7 1.823920e-02
13 8 2.651560e-02
13 9 3.837100e-02
13 10 5.560730e-02
13 11 7.975230e-02
13 12 1.142220e-01
13 13 1.589800e-01
13 14 2.020730e-01
13 15 2.495540e-01
13 16 3.074370e-01
13 17 3.762000e-01
13 18 4.570210e-01
13 19 5.497220e-01
13 20 6.543840e-01
13 21 7.670220e-01
13 22 8.830480e-01
13 23 9.931120e-01
13 24 1.084770e+00
13 25 1.142720e+00
13 26 1.149910e+00
13 27 1.091820e+00
13 28 9.640550e-01
13 29 7.771490e-01
13 30 5.588390e-01
13 31 3.482960e-01
13 32 1.814740e-01
13 33 7.557870e-02
13 34 2.380110e-02
13 35 5.291370e-03
13 36 7.628100e-04
13 37 6.439220e-05
13 38 4.280160e-06
13 39 1.426080e-07
13 40 0.000000e+00
14 1 6.387780e-03
14 2 2.587120e-03
14 3 3.815560e-03
14 4 5.206320e-03
14 5 7.453340e-03
14 6 1.058790e-02
14 7 1.501920e-02
14 8 2.144040e-02
14 9 3.044370e-02
14 10 4.386460e-02
14 11 6.281910e-02
14 12 8.980360e-02
14 13 1.282090e-01
14 14 1.786440e-01
14 15 2.255920e-01
14 16 2.779560e-01
14 17 3.401840e-01
14 18 4.133650e-01
14 19 4.973530e-01
14 20 5.922360e-01
14 21 6.945140e-01
14 22 8.000440e-01
14 23 9.003880e-01
14 24 9.843420e-01
14 25 1.038090e+00
14 26 1.046040e+00
14 27 9.949110e-01
14 28 8.803910e-01
14 29 7.116000e-01
14 30 5.134400e-01
14 31 3.213080e-01
14 32 1.682660e-01
14 33 7.051450e-02
14 34 2.237460e-02
14 35 5.019870e-03
14 36 7.316390e-04
14 37 6.256600e-05
14 38 4.193460e-06
14 39 1.422790e-07
14 40 0.000000e+00
15 1 5.008070e-03
15 2 2.028510e-03
15 3 2.991930e-03
15 4 4.082670e-03
15 5 5.842500e-03
15 6 8.287690e-03
15 7 1.172360e-02
15 8 1.673460e-02
15 9 2.385750e-02
15 10 3.437050e-02
15 11 4.918550e-02
15 12 7.032480e-02
15 13 1.003920e-01
15 14 1.438110e-01
15 15 1.999330e-01
15 16 2.521070e-01
15 17 3.086150e-01
15 18 3.751090e-01
15 19 4.514800e-01
15 20 5.377080e-01
15 21 6.310770e-01
15 22 7.274690e-01
15 23 8.194470e-01
15 24 8.968190e-01
15 25 9.470390e-01
15 26 9.559310e-01
15 27 9.111140e-01
15 28 8.083640e-01
15 29 6.555050e-01
15 30 4.748920e-01
15 31 2.986790e-01
15 32 1.573740e-01
15 33 6.644730e-02
15 34 2.127640e-02
15 35 4.826120e-03
15 36 7.126630e-04
15 37 6.188760e-05
15 38 4.188840e-06
15 39 1.451990e-07
15 40 0.000000e+00
16 1 3.838590e-03
16 2 1.555170e-03
16 3 2.293810e-03
16 4 3.130330e-03
16 5 4.480040e-03
16 6 6.354240e-03
16 7 8.978800e-03
16 8 1.278230e-02
16 9 1.817580e-02
16 10 2.619580e-02
16 11 3.770060e-02
16 12 5.429930e-02
16 13 7.792260e-02
16 14 1.119740e-01
16 15 1.605230e-01
16 16 2.241680e-01
16 17 2.812260e-01
16 18 3.419320e-01
16 19 4.117240e-01
16 20 4.906810e-01
16 21 5.761730e-01
16 22 6.647740e-01
16 23 7.496330e-01
16 24 8.214850e-01
16 25 8.688560e-01
16 26 8.787950e-01
16 27 8.397940e-01
16 28 7.474680e-01
16 29 6.085360e-01
16 30 4.430040e-01
16 31 2.803160e-01
16 32 1.487860e-01
16 33 6.339010e-02
16 34 2.051860e-02
16 35 4.715300e-03
16 36 7.071720e-04
16 37 6.253730e-05
16 38 4.278990e-06
16 39 1.521070e-07
16 40 0.000000e+00
17 1 3.095180e-03
17 2 1.253700e-03
17 3 1.849120e-03
17 4 2.523100e-03
17 5 3.610900e-03
17 6 5.121180e-03
17 7 7.235360e-03
17 8 1.028600e-02
17 9 1.456060e-02
17 10 2.084570e-02
17 11 2.978160e-02
17 12 4.263680e-02
17 13 6.096380e-02
17 14 8.742690e-02
17 15 1.251320e-01
17 16 1.798930e-01
17 17 2.511180e-01
17 18 3.133330e-01
17 19 3.774840e-01
17 20 4.502280e-01
17 21 5.290440e-01
17 22 6.110190e-01
17 23 6.899470e-01
17 24 7.573010e-01
17 25 8.025610e-01
17 26 8.137230e-01
17 27 7.801080e-01
17 28 6.970510e-01
17 29 5.702540e-01
17 30 4.175860e-01
17 31 2.661580e-01
17 32 1.425260e-01
17 33 6.137850e-02
17 34 2.012430e-02
17 35 4.695860e-03
17 36 7.170470e-04
17 37 6.475190e-05
17 38 4.481570e-06
17 39 1.637910e-07
17 40 0.000000e+00
18 1 2.369340e-03
18 2 9.601150e-04
18 3 1.416220e-03
18 4 1.932670e-03
18 5 2.765900e-03
18 6 3.923040e-03
18 7 5.542510e-03
18 8 7.874190e-03
18 9 1.113080e-02
18 10 1.590790e-02
18 11 2.271200e-02
18 12 3.258430e-02
18 13 4.679490e-02
18 14 6.735710e-02
18 15 9.667690e-02
18 16 1.392220e-01
18 17 2.008360e-01
18 18 2.810750e-01
18 19 3.482160e-01
18 20 4.156680e-01
18 21 4.888910e-01
18 22 5.653260e-01
18 23 6.393930e-01
18 24 7.031810e-01
18 25 7.469820e-01
18 26 7.595900e-01
18 27 7.309830e-01
18 28 6.561940e-01
18 29 5.398980e-01
18 30 3.981620e-01
18 31 2.559570e-01
18 32 1.385020e-01
18 33 6.040190e-02
18 34 2.010480e-02
18 35 4.775830e-03
18 36 7.447380e-04
18 37 6.890950e-05
18 38 4.297350e-06
18 39 1.816820e-07
18 40 0.000000e+00
19 1 1.734240e-03
19 2 7.032120e-04
19 3 1.037360e-03
19 4 1.415830e-03
19 5 2.026830e-03
19 6 2.875550e-03
19 7 4.063860e-03
19 8 5.774950e-03
19 9 8.159110e-03
19 10 1.164480e-02
19 11 1.660680e-02
19 12 2.385190e-02
19 13 3.446600e-02
19 14 5.024730e-02
19 15 7.302560e-02
19 16 1.060720e-01
19 17 1.539250e-01
19 18 2.237920e-01
19 19 3.144320e-01
19 20 3.871330e-01
19 21 4.558770e-01
19 22 5.279460e-01
19 23 5.981640e-01
19 24 6.593590e-01
19 25 7.023880e-01
19 26 7.167070e-01
19 27 6.927640e-01
19 28 6.252760e-01
19 29 5.179150e-01
19 30 3.850980e-01
19 31 2.500390e-01
19 32 1.369540e-01
19 33 6.060870e-02
19 34 2.053010e-02
19 35 4.979160e-03
19 36 7.956640e-04
19 37 7.573780e-05
19 38 4.262960e-06
19 39 2.092130e-07
19 40 0.000000e+00
20 1 1.393620e-03
20 2 5.649450e-04
20 3 8.332860e-04
20 4 1.137190e-03
20 5 1.627610e-03
20 6 2.308620e-03
20 7 3.262480e-03
20 8 4.635150e-03
20 9 6.545970e-03
20 10 9.328810e-03
20 11 1.324510e-02
20 12 1.886900e-02
20 13 2.694160e-02
20 14 3.866820e-02
20 15 5.575390e-02
20 16 8.106510e-02
20 17 1.177360e-01
20 18 1.712530e-01
20 19 2.497380e-01
20 20 3.517650e-01
20 21 4.283780e-01
20 22 4.970120e-01
20 23 5.643690e-01
20 24 6.238640e-01
20 25 6.669040e-01
20 26 6.833530e-01
20 27 6.640850e-01
20 28 6.033520e-01
20 29 5.037960e-01
20 30 3.782990e-01
20 31 2.485650e-01
20 32 1.381020e-01
20 33 6.216720e-02
20 34 2.148660e-02
20 35 5.335040e-03
20 36 8.760580e-04
20 37 8.600390e-05
20 38 4.972650e-06
20 39 2.492050e-07
20 40 0.000000e+00
21 1 1.076320e-03
21 2 4.364600e-04
21 3 6.438010e-04
21 4 8.785780e-04
21 5 1.257560e-03
21 6 1.783880e-03
21 7 2.520620e-03
21 8 3.581370e-03
21 9 5.058540e-03
21 10 7.209060e-03
21 11 1.023490e-02
21 12 1.457310e-02
21 13 2.079870e-02
21 14 2.990180e-02
21 15 4.301180e-02
21 16 6.210670e-02
21 17 8.982240e-02
21 18 1.303520e-01
21 19 1.898900e-01
21 20 2.784590e-01
21 21 3.926980e-01
21 22 4.731160e-01
21 23 5.386580e-01
21 24 5.974210e-01
21 25 6.412830e-01
21 26 6.603820e-01
21 27 6.456860e-01
21 28 5.912080e-01
21 29 4.983030e-01
21 30 3.784530e-01
21 31 2.521100e-01
21 32 1.423830e-01
21 33 6.535820e-02
21 34 2.311510e-02
21 35 5.895000e-03
21 36 9.984180e-04
21 37 1.015260e-04
21 38 6.055390e-06
21 39 3.102010e-07
21 40 0.000000e+00
22 1 8.019240e-04
22 2 3.252850e-04
22 3 4.798350e-04
22 4 6.548870e-04
22 5 9.374100e-04
22 6 1.329830e-03
22 7 1.879380e-03
22 8 2.670660e-03
22 9 3.772860e-03
22 10 5.378100e-03
22 11 7.637620e-03
22 12 1.087530e-02
22 13 1.551310e-02
22 14 2.228640e-02
22 15 3.207320e-02
22 16 4.640310e-02
22 17 6.722770e-02
22 18 9.773980e-02
22 19 1.426470e-01
22 20 2.095570e-01
22 21 3.095290e-01
22 22 4.385480e-01
22 23 5.209740e-01
22 24 5.799950e-01
22 25 6.255200e-01
22 26 6.479020e-01
22 27 6.379250e-01
22 28 5.892580e-01
22 29 5.019940e-01
22 30 3.862310e-01
22 31 2.613450e-01
22 32 1.503760e-01
22 33 7.056990e-02
22 34 2.561800e-02
22 35 6.734590e-03
22 36 1.181370e-03
22 37 1.250130e-04
22 38 7.659890e-06
22 39 4.045690e-07
22 40 0.000000e+00
23 1 5.725150e-04
23 2 2.322660e-04
23 3 3.426610e-04
23 4 4.677380e-04
23 5 6.696620e-04
23 6 9.502600e-04
23 7 1.343290e-03
23 8 1.909480e-03
23 9 2.698720e-03
23 10 3.848870e-03
23 11 5.469250e-03
23 12 7.793560e-03
23 13 1.112010e-02
23 14 1.596160e-02
23 15 2.296000e-02
23 16 3.331110e-02
23 17 4.860350e-02
23 18 7.129200e-02
23 19 1.047960e-01
23 20 1.548340e-01
23 21 2.298590e-01
23 22 3.435220e-01
23 23 4.892970e-01
23 24 5.719060e-01
23 25 6.200530e-01
23 26 6.464800e-01
23 27 6.415960e-01
23 28 5.984990e-01
23 29 5.160360e-01
23 30 4.028630e-01
23 31 2.774220e-01
23 32 1.630210e-01
23 33 7.842710e-02
23 34 2.931940e-02
23 35 7.976850e-03
23 36 1.456160e-03
23 37 1.612240e-04
23 38 9.991670e-06
23 39 5.573040e-07
23 40 0.000000e+00
24 1 4.146740e-04
24 2 1.685110e-04
24 3 2.486130e-04
24 4 3.393830e-04
24 5 4.859320e-04
24 6 6.896010e-04
24 7 9.750230e-04
24 8 1.386280e-03
24 9 1.959810e-03
24 10 2.796020e-03
24 11 3.974840e-03
24 12 5.666640e-03
24 13 8.089430e-03
24 14 1.161170e-02
24 15 1.668350e-02
24 16 2.415770e-02
24 17 3.518530e-02
24 18 5.161150e-02
24 19 7.610440e-02
24 20 1.128410e-01
24 21 1.680730e-01
24 22 2.521850e-01
24 23 3.808770e-01
24 24 5.450820e-01
24 25 6.249020e-01
24 26 6.564390e-01
24 27 6.575290e-01
24 28 6.202160e-01
24 29 5.421810e-01
24 30 4.303470e-01
24 31 3.023030e-01
24 32 1.819090e-01
24 33 8.999730e-02
24 34 3.476820e-02
24 35 9.828350e-03
24 36 1.875090e-03
24 37 2.183430e-04
24 38 1.422490e-05
24 39 8.072040e-07
24 40 0.000000e+00
25 1 2.909170e-04
25 2 1.185240e-04
25 3 1.748820e-04
25 4 2.387490e-04
25 5 3.418870e-04
25 6 4.852640e-04
25 7 6.862260e-04
25 8 9.759550e-04
25 9 1.380110e-03
25 10 1.969800e-03
25 11 2.801830e-03
25 12 3.997280e-03
25 13 5.711510e-03
25 14 8.207070e-03
25 15 1.180050e-02
25 16 1.708890e-02
25 17 2.490230e-02
25 18 3.656560e-02
25 19 5.403880e-02
25 20 8.044440e-02
25 21 1.203750e-01
25 22 1.814750e-01
25 23 2.755980e-01
25 24 4.215450e-01
25 25 6.066900e-01
25 26 6.796300e-01
25 27 6.877220e-01
25 28 6.568330e-01
25 29 5.830050e-01
25 30 4.713780e-01
25 31 3.385510e-01
25 32 2.091720e-01
25 33 1.067760e-01
25 34 4.278700e-02
25 35 1.262390e-02
25 36 2.530320e-03
25 37 3.117820e-04
25 38 2.143460e-05
25 39 1.239550e-06
25 40 0.000000e+00
26 1 1.819950e-04
26 2 7.464020e-05
26 3 1.101550e-04
26 4 1.504280e-04
26 5 2.154940e-04
26 6 3.060150e-04
26 7 4.329780e-04
26 8 6.161960e-04
26 9 8.721300e-04
26 10 1.246090e-03
26 11 1.774750e-03
26 12 2.536090e-03
26 13 3.631000e-03
26 14 5.230400e-03
26 15 7.542660e-03
26 16 1.095370e-02
26 17 1.599100e-02
26 18 2.356800e-02
26 19 3.511420e-02
26 20 5.302310e-02
26 21 8.090810e-02
26 22 1.244490e-01
26 23 1.921680e-01
26 24 2.982870e-01
26 25 4.656090e-01
26 26 6.763090e-01
26 27 7.374330e-01
26 28 7.135450e-01
26 29 6.434310e-01
26 30 5.304820e-01
26 31 3.901000e-01
26 32 2.479810e-01
26 33 1.309820e-01
26 34 5.466310e-02
26 35 1.692460e-02
26 36 3.590950e-03
26 37 4.730210e-04
26 38 3.465300e-05
26 39 2.054560e-06
26 40 0.000000e+00
27 1 1.244280e-04
27 2 5.087260e-05
27 3 7.508360e-05
27 4 1.025460e-04
27 5 1.469060e-04
27 6 2.086380e-04
27 7 2.952790e-04
27 8 4.203120e-04
27 9 5.950630e-04
27 10 8.506050e-04
27 11 1.212050e-03
27 12 1.733040e-03
27 13 2.483230e-03
27 14 3.580500e-03
27 15 5.169720e-03
27 16 7.519560e-03
27 17 1.099520e-02
27 18 1.619920e-02
27 19 2.407430e-02
27 20 3.622020e-02
27 21 5.509520e-02
27 22 8.479960e-02
27 23 1.316890e-01
27 24 2.059110e-01
27 25 3.242760e-01
27 26 5.135370e-01
27 27 7.491870e-01
27 28 7.912850e-01
27 29 7.270370e-01
27 30 6.130690e-01
27 31 4.632750e-01
27 32 3.042240e-01
27 33 1.669870e-01
27 34 7.290580e-02
27 35 2.378670e-02
27 36 5.362110e-03
27 37 7.569840e-04
27 38 5.945290e-05
27 39 3.352070e-06
27 40 1.327840e-06
28 1 7.562560e-05
28 2 3.136700e-05
28 3 4.630230e-05
28 4 6.324850e-05
28 5 9.064040e-05
28 6 1.287690e-04
28 7 1.823060e-04
28 8 2.596700e-04
28 9 3.678770e-04
28 10 5.262480e-04
28 11 7.506810e-04
28 12 1.074780e-03
28 13 1.542440e-03
28 14 2.228550e-03
28 15 3.225830e-03
28 16 4.706490e-03
28 17 6.907860e-03
28 18 1.022020e-02
28 19 1.524840e-02
28 20 2.303210e-02
28 21 3.520880e-02
28 22 5.464790e-02
28 23 8.592030e-02
28 24 1.362530e-01
28 25 2.177330e-01
28 26 3.502010e-01
28 27 5.655320e-01
28 28 8.300140e-01
28 29 8.441950e-01
28 30 7.291240e-01
28 31 5.671890e-01
28 32 3.857010e-01
28 33 2.207460e-01
28 34 1.012740e-01
28 35 3.502510e-02
28 36 8.452720e-03
28 37 1.291530e-03
28 38 1.108260e-04
28 39 5.542100e-06
28 40 1.441480e-06
29 1 4.006580e-05
29 2 1.728450e-05
29 3 2.552190e-05
29 4 3.487670e-05
29 5 5.000000e-05
29 6 7.106910e-05
29 7 1.006850e-04
29 8 1.435050e-04
29 9 2.035010e-04
29 10 2.914920e-04
29 11 4.164290e-04
29 12 5.973500e-04
29 13 8.593600e-04
29 14 1.245230e-03
29 15 1.809030e-03
29 16 2.651300e-03
29 17 3.912540e-03
29 18 5.826770e-03
29 19 8.760980e-03
29 20 1.334150e-02
29 21 2.055640e-02
29 22 3.218420e-02
29 23 5.134070e-02
29 24 8.325570e-02
29 25 1.367010e-01
29 26 2.259360e-01
29 27 3.747120e-01
29 28 6.215810e-01
29 29 9.205940e-01
29 30 8.949540e-01
29 31 7.173050e-01
29 32 5.059260e-01
29 33 3.026850e-01
29 34 1.464990e-01
29 35 5.401960e-02
29 36 1.406860e-02
29 37 2.352300e-03
29 38 2.240920e-04
29 39 1.138480e-05
29 40 1.240050e-06
30 1 2.217030e-05
30 2 9.676830e-06
30 3 1.429430e-05
30 4 1.954080e-05
30 5 2.802420e-05
30 6 3.984850e-05
30 7 5.648320e-05
30 8 8.056410e-05
30 9 1.143380e-04
30 10 1.639360e-04
30 11 2.345080e-04
30 12 3.369400e-04
30 13 4.857130e-04
30 14 7.056370e-04
30 15 1.028400e-03
30 16 1.513160e-03
30 17 2.244030e-03
30 18 3.362370e-03
30 19 5.093090e-03
30 20 7.825970e-03
30 21 1.219220e-02
30 22 1.930640e-02
30 23 3.106190e-02
30 24 5.075000e-02
30 25 8.409520e-02
30 26 1.408820e-01
30 27 2.377880e-01
30 28 4.027820e-01
30 29 6.809170e-01
30 30 1.011690e+00
30 31 9.344140e-01
30 32 6.867890e-01
30 33 4.318230e-01
30 34 2.217320e-01
30 35 8.766550e-02
30 36 2.476750e-02
30 37 4.551340e-03
30 38 4.833310e-04
30 39 2.634570e-05
30 40 1.388550e-06
31 1 1.052890e-05
31 2 4.762670e-06
31 3 7.043330e-06
31 4 9.633570e-06
31 5 1.382600e-05
31 6 1.967560e-05
31 7 2.791020e-05
31 8 3.985040e-05
31 9 5.663360e-05
31 10 8.132860e-05
31 11 1.165700e-04
31 12 1.678970e-04
31 13 2.427440e-04
31 14 3.539500e-04
31 15 5.181760e-04
31 16 7.666000e-04
31 17 1.144370e-03
31 18 1.728160e-03
31 19 2.642660e-03
31 20 4.106330e-03
31 21 6.479260e-03
31 22 1.040450e-02
31 23 1.699460e-02
31 24 2.821970e-02
31 25 4.761100e-02
31 26 8.158350e-02
31 27 1.413800e-01
31 28 2.465600e-01
31 29 4.302670e-01
31 30 7.457550e-01
31 31 1.110880e+00
31 32 9.641040e-01
31 33 6.387630e-01
31 34 3.495080e-01
31 35 1.491190e-01
31 36 4.609230e-02
31 37 9.407420e-03
31 38 1.127780e-03
31 39 6.896540e-05
31 40 2.455740e-06
32 1 3.742430e-06
32 2 1.970720e-06
32 3 2.983040e-06
32 4 4.117490e-06
32 5 5.920500e-06
32 6 8.434650e-06
32 7 1.197870e-05
32 8 1.712470e-05
32 9 2.437170e-05
32 10 3.506650e-05
32 11 5.038190e-05
32 12 7.278290e-05
32 13 1.056220e-04
32 14 1.547120e-04
32 15 2.277460e-04
32 16 3.392200e-04
32 17 5.105700e-04
32 18 7.787100e-04
32 19 1.204810e-03
32 20 1.898420e-03
32 21 3.045550e-03
32 22 4.987310e-03
32 23 8.334940e-03
32 24 1.419850e-02
32 25 2.460660e-02
32 26 4.331810e-02
32 27 7.735190e-02
32 28 1.396040e-01
32 29 2.530710e-01
32 30 4.571210e-01
32 31 8.146700e-01
32 32 1.215970e+00
32 33 9.804380e-01
32 34 5.735240e-01
32 35 2.654270e-01
32 36 9.041690e-02
32 37 2.070920e-02
32 38 2.841370e-03
32 39 2.020250e-04
32 40 6.987280e-06
33 1 1.126170e-06
33 2 6.246720e-07
33 3 9.865140e-07
33 4 1.423580e-06
33 5 2.129720e-06
33 6 3.092050e-06
33 7 4.420990e-06
33 8 6.337660e-06
33 9 9.038940e-06
33 10 1.303430e-05
33 11 1.877960e-05
33 12 2.722200e-05
33 13 3.967300e-05
33 14 5.841700e-05
33 15 8.655630e-05
33 16 1.299520e-04
33 17 1.974840e-04
33 18 3.047180e-04
33 19 4.780800e-04
33 20 7.659790e-04
33 21 1.253320e-03
33 22 2.100210e-03
33 23 3.605480e-03
33 24 6.339940e-03
33 25 1.138420e-02
33 26 2.073620e-02
33 27 3.829800e-02
33 28 7.174950e-02
33 29 1.358180e-01
33 30 2.574770e-01
33 31 4.834730e-01
33 32 8.877390e-01
33 33 1.325200e+00
33 34 9.795920e-01
33 35 4.935510e-01
33 36 1.865780e-01
33 37 4.839890e-02
33 38 7.692580e-03
33 39 6.495200e-04
33 40 2.557940e-05
34 1 2.441690e-07
34 2 1.397710e-07
34 3 2.312500e-07
34 4 3.537060e-07
34 5 5.639040e-07
34 6 8.739380e-07
34 7 1.300800e-06
34 8 1.907160e-06
34 9 2.763980e-06
34 10 4.024170e-06
34 11 5.826190e-06
34 12 8.487290e-06
34 13 1.244210e-05
34 14 1.845170e-05
34 15 2.757450e-05
34 16 4.182490e-05
34 17 6.434260e-05
34 18 1.007230e-04
34 19 1.606930e-04
34 20 2.624550e-04
34 21 4.389230e-04
34 22 7.539850e-04
34 23 1.331330e-03
34 24 2.417560e-03
34 25 4.510800e-03
34 26 8.608110e-03
34 27 1.665230e-02
34 28 3.263780e-02
34 29 6.488930e-02
34 30 1.300690e-01
34 31 2.597780e-01
34 32 5.094600e-01
34 33 9.656380e-01
34 34 1.436480e+00
34 35 9.578870e-01
34 36 4.035970e-01
34 37 1.195790e-01
34 38 2.228830e-02
34 39 2.269090e-03
34 40 1.085440e-04
35 1 3.839890e-08
35 2 2.198100e-08
35 3 3.636730e-08
35 4 5.563200e-08
35 5 8.914040e-08
35 6 1.416090e-07
35 7 2.239620e-07
35 8 3.559290e-07
35 9 5.612140e-07
35 10 8.868760e-07
35 11 1.369850e-06
35 12 2.069520e-06
35 13 3.089110e-06
35 14 4.638930e-06
35 15 7.024050e-06
35 16 1.081660e-05
35 17 1.693040e-05
35 18 2.702680e-05
35 19 4.407450e-05
35 20 7.375300e-05
35 21 1.266750e-04
35 22 2.239840e-04
35 23 4.080350e-04
35 24 7.665130e-04
35 25 1.485010e-03
35 26 2.952850e-03
35 27 5.998830e-03
35 28 1.247500e-02
35 29 2.647680e-02
35 30 5.688060e-02
35 31 1.223160e-01
35 32 2.596240e-01
35 33 5.346140e-01
35 34 1.047390e+00
35 35 1.547280e+00
35 36 9.140810e-01
35 37 3.106420e-01
35 38 6.855270e-02
35 39 8.549970e-03
35 40 5.178440e-04
36 1 5.438330e-09
36 2 3.113100e-09
36 3 5.150580e-09
36 4 7.879000e-09
36 5 1.262470e-08
36 6 2.005560e-08
36 7 3.171910e-08
36 8 5.040970e-08
36 9 7.956580e-08
36 10 1.265940e-07
36 11 2.004200e-07
36 12 3.175930e-07
36 13 5.026600e-07
36 14 7.968980e-07
36 15 1.255770e-06
36 16 1.985360e-06
36 17 3.169340e-06
36 18 5.158330e-06
36 19 8.597150e-06
36 20 1.477080e-05
36 21 2.618590e-05
36 22 4.809040e-05
36 23 9.163670e-05
36 24 1.814980e-04
36 25 3.739760e-04
36 26 8.003850e-04
36 27 1.760610e-03
36 28 3.924240e-03
36 29 8.862040e-03
36 30 2.039160e-02
36 31 4.763400e-02
36 32 1.111730e-01
36 33 2.541110e-01
36 34 5.556450e-01
36 35 1.132990e+00
36 36 1.658660e+00
36 37 8.483010e-01
36 38 2.221460e-01
36 39 3.430660e-02
36 40 2.712560e-03
37 1 8.526800e-10
37 2 4.881000e-10
37 3 8.075600e-10
37 4 1.235350e-09
37 5 1.979430e-09
37 6 3.144540e-09
37 7 4.973260e-09
37 8 7.903770e-09
37 9 1.247520e-08
37 10 1.984880e-08
37 11 3.142390e-08
37 12 4.979570e-08
37 13 7.883360e-08
37 14 1.251480e-07
37 15 1.980830e-07
37 16 3.142020e-07
37 17 4.979750e-07
37 18 7.938010e-07
37 19 1.300310e-06
37 20 2.194230e-06
37 21 3.879020e-06
37 22 7.269660e-06
37 23 1.444830e-05
37 24 3.022150e-05
37 25 6.656380e-05
37 26 1.543090e-04
37 27 3.751360e-04
37 28 9.371350e-04
37 29 2.356210e-03
37 30 5.920370e-03
37 31 1.496890e-02
37 32 3.838810e-02
37 33 9.841300e-02
37 34 2.451110e-01
37 35 5.740780e-01
37 36 1.222630e+00
37 37 1.764790e+00
37 38 7.614280e-01
37 39 1.457260e-01
37 40 1.526910e-02
38 1 1.783500e-10
38 2 1.020900e-10
38 3 1.689100e-10
38 4 2.583900e-10
38 5 4.140300e-10
38 6 6.577200e-10
38 7 1.040230e-09
38 8 1.653180e-09
38 9 2.609360e-09
38 10 4.151650e-09
38 11 6.572750e-09
38 12 1.041550e-08
38 13 1.648910e-08
38 14 2.617640e-08
38 15 4.143180e-08
38 16 6.571970e-08
38 17 1.041580e-07
38 18 1.650930e-07
38 19 2.614710e-07
38 20 4.146800e-07
38 21 6.595640e-07
38 22 1.067320e-06
38 23 1.842110e-06
38 24 3.597580e-06
38 25 8.102670e-06
38 26 2.051610e-05
38 27 5.637500e-05
38 28 1.639980e-04
38 29 4.753700e-04
38 30 1.336390e-03
38 31 3.714120e-03
38 32 1.040870e-02
38 33 2.966020e-02
38 34 8.465760e-02
38 35 2.328500e-01
38 36 5.897620e-01
38 37 1.315880e+00
38 38 1.861320e+00
38 39 6.583120e-01
38 40 9.167600e-02
39 1 4.868700e-11
39 2 2.787000e-11
39 3 4.611100e-11
39 4 7.053700e-11
39 5 1.130200e-10
39 6 1.795500e-10
39 7 2.839700e-10
39 8 4.513000e-10
39 9 7.123200e-10
39 10 1.133340e-09
39 11 1.794270e-09
39 12 2.843270e-09
39 13 4.501300e-09
39 14 7.145780e-09
39 15 1.131030e-08
39 16 1.794060e-08
39 17 2.843380e-08
39 18 4.506810e-08
39 19 7.137790e-08
39 20 1.131880e-07
39 21 1.793500e-07
39 22 2.843070e-07
39 23 4.506260e-07
39 24 7.186570e-07
39 25 1.194780e-06
39 26 2.270700e-06
39 27 5.602110e-06
39 28 1.770030e-05
39 29 6.369120e-05
39 30 2.197760e-04
39 31 6.985020e-04
39 32 2.160770e-03
39 33 6.769690e-03
39 34 2.179040e-02
39 35 7.054660e-02
39 36 2.178100e-01
39 37 6.028680e-01
39 38 1.412370e+00
39 39 1.943500e+00
39 40 5.932480e-01
40 1 2.102300e-11
40 2 1.203400e-11
40 3 1.991100e-11
40 4 3.045800e-11
40 5 4.880300e-11
40 6 7.752900e-11
40 7 1.226200e-10
40 8 1.948700e-10
40 9 3.075800e-10
40 10 4.893700e-10
40 11 7.747600e-10
40 12 1.227720e-09
40 13 1.943650e-09
40 14 3.085530e-09
40 15 4.883760e-09
40 16 7.746680e-09
40 17 1.227760e-08
40 18 1.946030e-08
40 19 3.082080e-08
40 20 4.887430e-08
40 21 7.744270e-08
40 22 1.227630e-07
40 23 1.945660e-07
40 24 3.083280e-07
40 25 4.886930e-07
40 26 7.746220e-07
40 27 1.247670e-06
40 28 2.236170e-06
40 29 5.366080e-06
40 30 1.932490e-05
40 31 7.711070e-05
40 32 2.825670e-04
40 33 1.014210e-03
40 34 3.762120e-03
40 35 1.455130e-02
40 36 5.609640e-02
40 37 2.004760e-01
40 38 6.150140e-01
40 39 1.513050e+00
40 40 2.461390e+00
