1 8.273280e-02
2 7.380820e-02
3 6.574980e-02
4 5.857300e-02
5 5.223460e-02
6 4.654440e-02
7 4.149140e-02
8 3.696630e-02
9 3.295710e-02
10 2.936730e-02
11 2.616780e-02
12 2.332700e-02
13 2.078840e-02
14 1.853090e-02
15 1.651250e-02
16 1.471580e-02
17 1.311910e-02
18 1.168920e-02
19 1.042160e-02
20 9.286510e-03
21 8.277720e-03
22 7.378290e-03
23 6.574500e-03
24 5.860580e-03
25 5.224440e-03
26 4.655170e-03
27 4.149880e-03
28 3.698630e-03
29 3.295560e-03
30 2.937840e-03
31 2.618130e-03
32 2.332270e-03
33 2.079080e-03
34 1.854890e-03
35 1.652810e-03
36 1.471930e-03
37 1.312920e-03
38 1.172290e-03
39 1.043560e-03
40 9.296450e-04
