1 8.273860e-02
2 7.381330e-02
3 6.575440e-02
4 5.857710e-02
5 5.223820e-02
6 4.654750e-02
7 4.149420e-02
8 3.696870e-02
9 3.295930e-02
10 2.936920e-02
11 2.616940e-02
12 2.332840e-02
13 2.078960e-02
14 1.853190e-02
15 1.651330e-02
16 1.471650e-02
17 1.311960e-02
18 1.168950e-02
19 1.042180e-02
20 9.286560e-03
21 8.277670e-03
22 7.378160e-03
23 6.574320e-03
24 5.860410e-03
25 5.224310e-03
26 4.655090e-03
27 4.149830e-03
28 3.698560e-03
29 3.295420e-03
30 2.937650e-03
31 2.617990e-03
32 2.332330e-03
33 2.079350e-03
34 1.855020e-03
35 1.652630e-03
36 1.471920e-03
37 1.313010e-03
38 1.172250e-03
39 1.043610e-03
40 9.296150e-04
