1 4.371370e+01
2 3.905040e+01
3 3.484610e+01
4 3.110890e+01
5 2.781610e+01
6 2.486900e+01
7 2.226190e+01
8 1.993800e+01
9 1.789160e+01
10 1.607260e+01
11 1.446640e+01
12 1.305700e+01
13 1.181540e+01
14 1.073110e+01
15 9.782690e+00
16 8.961280e+00
17 8.255540e+00
18 7.648280e+00
19 7.136020e+00
20 6.702790e+00
21 6.343290e+00
22 6.046890e+00
23 5.804230e+00
24 5.608880e+00
25 5.452120e+00
26 5.326240e+00
27 5.226560e+00
28 5.147100e+00
29 5.083780e+00
30 5.033760e+00
31 4.993910e+00
32 4.962150e+00
33 4.937110e+00
34 4.917320e+00
35 4.901340e+00
36 4.888630e+00
37 4.878720e+00
38 4.870900e+00
39 4.864470e+00
40 4.859410e+00
