1 1 1.570860e-01
1 2 5.821050e-02
1 3 7.635430e-02
1 4 9.253530e-02
1 5 1.176510e-01
1 6 1.479660e-01
1 7 1.851420e-01
1 8 2.325390e-01
1 9 2.897850e-01
1 10 3.634160e-01
1 11 4.524930e-01
1 12 5.626130e-01
1 13 6.967820e-01
1 14 8.617620e-01
1 15 1.057350e+00
1 16 1.292000e+00
1 17 1.564700e+00
1 18 1.876190e+00
1 19 2.220060e+00
1 20 2.588940e+00
1 21 2.957190e+00
1 22 3.295410e+00
1 23 3.558250e+00
1 24 3.693470e+00
1 25 3.647530e+00
1 26 3.383030e+00
1 27 2.900820e+00
1 28 2.254080e+00
1 29 1.548060e+00
1 30 9.108550e-01
1 31 4.417140e-01
1 32 1.682430e-01
1 33 4.742460e-02
1 34 9.188820e-03
1 35 1.117240e-03
1 36 7.642240e-05
1 37 3.047600e-06
1 38 0.000000e+00
1 39 0.000000e+00
1 40 0.000000e+00
2 1 1.246900e-01
2 2 5.072490e-02
2 3 6.815990e-02
2 4 8.265320e-02
2 5 1.050870e-01
2 6 1.321650e-01
2 7 1.653710e-01
2 8 2.077060e-01
2 9 2.588400e-01
2 10 3.246110e-01
2 11 4.041770e-01
2 12 5.025490e-01
2 13 6.223890e-01
2 14 7.697630e-01
2 15 9.444860e-01
2 16 1.154090e+00
2 17 1.397770e+00
2 18 1.676060e+00
2 19 1.983290e+00
2 20 2.312900e+00
2 21 2.641950e+00
2 22 2.944470e+00
2 23 3.179450e+00
2 24 3.300630e+00
2 25 3.260010e+00
2 26 3.024140e+00
2 27 2.593640e+00
2 28 2.015930e+00
2 29 1.384980e+00
2 30 8.152440e-01
2 31 3.955580e-01
2 32 1.507620e-01
2 33 4.252870e-02
2 34 8.248180e-03
2 35 1.004180e-03
2 36 6.879640e-05
2 37 2.747690e-06
2 38 0.000000e+00
2 39 0.000000e+00
2 40 0.000000e+00
3 1 9.831510e-02
3 2 4.120130e-02
3 3 5.934760e-02
3 4 7.371270e-02
3 5 9.375770e-02
3 6 1.179160e-01
3 7 1.475430e-01
3 8 1.853150e-01
3 9 2.309370e-01
3 10 2.896200e-01
3 11 3.606120e-01
3 12 4.483880e-01
3 13 5.553140e-01
3 14 6.868110e-01
3 15 8.427200e-01
3 16 1.029750e+00
3 17 1.247250e+00
3 18 1.495640e+00
3 19 1.769840e+00
3 20 2.064050e+00
3 21 2.357810e+00
3 22 2.628100e+00
3 23 2.838100e+00
3 24 2.946630e+00
3 25 2.910850e+00
3 26 2.700830e+00
3 27 2.316970e+00
3 28 1.801510e+00
3 29 1.238200e+00
3 30 7.292360e-01
3 31 3.540640e-01
3 32 1.350560e-01
3 33 3.813530e-02
3 34 7.405430e-03
3 35 9.030160e-04
3 36 6.208490e-05
3 37 2.481770e-06
3 38 0.000000e+00
3 39 0.000000e+00
3 40 0.000000e+00
4 1 7.662350e-02
4 2 3.238680e-02
4 3 4.815300e-02
4 4 6.431590e-02
4 5 8.365960e-02
4 6 1.052490e-01
4 7 1.316930e-01
4 8 1.654070e-01
4 9 2.061300e-01
4 10 2.585100e-01
4 11 3.218810e-01
4 12 4.002330e-01
4 13 4.956850e-01
4 14 6.130710e-01
4 15 7.522460e-01
4 16 9.192260e-01
4 17 1.113410e+00
4 18 1.335260e+00
4 19 1.580100e+00
4 20 1.842880e+00
4 21 2.105340e+00
4 22 2.346900e+00
4 23 2.534870e+00
4 24 2.632170e+00
4 25 2.600730e+00
4 26 2.413720e+00
4 27 2.071370e+00
4 28 1.611250e+00
4 29 1.108030e+00
4 30 6.530130e-01
4 31 3.173220e-01
4 32 1.211600e-01
4 33 3.425440e-02
4 34 6.662670e-03
4 35 8.140160e-04
4 36 5.632560e-05
4 37 2.250440e-06
4 38 0.000000e+00
4 39 0.000000e+00
4 40 0.000000e+00
5 1 6.160630e-02
5 2 2.575720e-02
5 3 3.820890e-02
5 4 5.231750e-02
5 5 7.314640e-02
5 6 9.406460e-02
5 7 1.177240e-01
5 8 1.478630e-01
5 9 1.842680e-01
5 10 2.310940e-01
5 11 2.877480e-01
5 12 3.577960e-01
5 13 4.431360e-01
5 14 5.480910e-01
5 15 6.725250e-01
5 16 8.218400e-01
5 17 9.954710e-01
5 18 1.193940e+00
5 19 1.412950e+00
5 20 1.648040e+00
5 21 1.882950e+00
5 22 2.099260e+00
5 23 2.267840e+00
5 24 2.355310e+00
5 25 2.327780e+00
5 26 2.161120e+00
5 27 1.855340e+00
5 28 1.443970e+00
5 29 9.936600e-01
5 30 5.861010e-01
5 31 2.850980e-01
5 32 1.089910e-01
5 33 3.086250e-02
5 34 6.014730e-03
5 35 7.365840e-04
5 36 5.128700e-05
5 37 2.050300e-06
5 38 0.000000e+00
5 39 0.000000e+00
5 40 0.000000e+00
6 1 4.883070e-02
6 2 2.031480e-02
6 3 3.017510e-02
6 4 4.137520e-02
6 5 5.938240e-02
6 6 8.227290e-02
6 7 1.052020e-01
6 8 1.321560e-01
6 9 1.646950e-01
6 10 2.065490e-01
6 11 2.571890e-01
6 12 3.198030e-01
6 13 3.960920e-01
6 14 4.899200e-01
6 15 6.011660e-01
6 16 7.346670e-01
6 17 8.899140e-01
6 18 1.067420e+00
6 19 1.263360e+00
6 20 1.473700e+00
6 21 1.683970e+00
6 22 1.877760e+00
6 23 2.028970e+00
6 24 2.107750e+00
6 25 2.083820e+00
6 26 1.935470e+00
6 27 1.662430e+00
6 28 1.294680e+00
6 29 8.916770e-01
6 30 5.265010e-01
6 31 2.564320e-01
6 32 9.818610e-02
6 33 2.785880e-02
6 34 5.442440e-03
6 35 6.684520e-04
6 36 4.679660e-05
6 37 1.875210e-06
6 38 0.000000e+00
6 39 0.000000e+00
6 40 0.000000e+00
7 1 3.755770e-02
7 2 1.557100e-02
7 3 2.339550e-02
7 4 3.237430e-02
7 5 4.674240e-02
7 6 6.666500e-02
7 7 9.216060e-02
7 8 1.182460e-01
7 9 1.473770e-01
7 10 1.848320e-01
7 11 2.301520e-01
7 12 2.861890e-01
7 13 3.544700e-01
7 14 4.384520e-01
7 15 5.380380e-01
7 16 6.575500e-01
7 17 7.965740e-01
7 18 9.554920e-01
7 19 1.131070e+00
7 20 1.319560e+00
7 21 1.508080e+00
7 22 1.681930e+00
7 23 1.817810e+00
7 24 1.888940e+00
7 25 1.868400e+00
7 26 1.736330e+00
7 27 1.492360e+00
7 28 1.163130e+00
7 29 8.019170e-01
7 30 4.741180e-01
7 31 2.312870e-01
7 32 8.873300e-02
7 33 2.523850e-02
7 34 4.945260e-03
7 35 6.096360e-04
7 36 4.288480e-05
7 37 1.726530e-06
7 38 0.000000e+00
7 39 0.000000e+00
7 40 0.000000e+00
8 1 2.932600e-02
8 2 1.216160e-02
8 3 1.829140e-02
8 4 2.538140e-02
8 5 3.672620e-02
8 6 5.248480e-02
8 7 7.453430e-02
8 8 1.036200e-01
8 9 1.319270e-01
8 10 1.654690e-01
8 11 2.060460e-01
8 12 2.562210e-01
8 13 3.173620e-01
8 14 3.925680e-01
8 15 4.817590e-01
8 16 5.888100e-01
8 17 7.133630e-01
8 18 8.557480e-01
8 19 1.013160e+00
8 20 1.182210e+00
8 21 1.351400e+00
8 22 1.507550e+00
8 23 1.629840e+00
8 24 1.694270e+00
8 25 1.676800e+00
8 26 1.559320e+00
8 27 1.341340e+00
8 28 1.046460e+00
8 29 7.223950e-01
8 30 4.277940e-01
8 31 2.091030e-01
8 32 8.041950e-02
8 33 2.294340e-02
8 34 4.512210e-03
8 35 5.588140e-04
8 36 3.953130e-05
8 37 1.601090e-06
8 38 0.000000e+00
8 39 0.000000e+00
8 40 0.000000e+00
9 1 2.394040e-02
9 2 9.731250e-03
9 3 1.439270e-02
9 4 1.982890e-02
9 5 2.880220e-02
9 6 4.132430e-02
9 7 5.879620e-02
9 8 8.391670e-02
9 9 1.158830e-01
9 10 1.484030e-01
9 11 1.848070e-01
9 12 2.298160e-01
9 13 2.846690e-01
9 14 3.521470e-01
9 15 4.321840e-01
9 16 5.282660e-01
9 17 6.400620e-01
9 18 7.679320e-01
9 19 9.093300e-01
9 20 1.061320e+00
9 21 1.213520e+00
9 22 1.354180e+00
9 23 1.464620e+00
9 24 1.523300e+00
9 25 1.508580e+00
9 26 1.404030e+00
9 27 1.209020e+00
9 28 9.444410e-01
9 29 6.529710e-01
9 30 3.874600e-01
9 31 1.898560e-01
9 32 7.323920e-02
9 33 2.097310e-02
9 34 4.143630e-03
9 35 5.160800e-04
9 36 3.676960e-05
9 37 1.514890e-06
9 38 0.000000e+00
9 39 0.000000e+00
9 40 0.000000e+00
10 1 1.868960e-02
10 2 7.586030e-03
10 3 1.126670e-02
10 4 1.555520e-02
10 5 2.258080e-02
10 6 3.244370e-02
10 7 4.624320e-02
10 8 6.606510e-02
10 9 9.366970e-02
10 10 1.304560e-01
10 11 1.659210e-01
10 12 2.063440e-01
10 13 2.556070e-01
10 14 3.162170e-01
10 15 3.881210e-01
10 16 4.744540e-01
10 17 5.749360e-01
10 18 6.899190e-01
10 19 8.171070e-01
10 20 9.539610e-01
10 21 1.091120e+00
10 22 1.218080e+00
10 23 1.318090e+00
10 24 1.371860e+00
10 25 1.359640e+00
10 26 1.266700e+00
10 27 1.092160e+00
10 28 8.545220e-01
10 29 5.919300e-01
10 30 3.521090e-01
10 31 1.730610e-01
10 32 6.701110e-02
10 33 1.927810e-02
10 34 3.830300e-03
10 35 4.803460e-04
10 36 3.477990e-05
10 37 1.800710e-06
10 38 0.000000e+00
10 39 0.000000e+00
10 40 0.000000e+00
11 1 1.436540e-02
11 2 5.828630e-03
11 3 8.637020e-03
11 4 1.189700e-02
11 5 1.728210e-02
11 6 2.499670e-02
11 7 3.591390e-02
11 8 5.159480e-02
11 9 7.341420e-02
11 10 1.051800e-01
11 11 1.460470e-01
11 12 1.856240e-01
11 13 2.299560e-01
11 14 2.845060e-01
11 15 3.492350e-01
11 16 4.269730e-01
11 17 5.174850e-01
11 18 6.211090e-01
11 19 7.358040e-01
11 20 8.593220e-01
11 21 9.832730e-01
11 22 1.098250e+00
11 23 1.189140e+00
11 24 1.238660e+00
11 25 1.228870e+00
11 26 1.146280e+00
11 27 9.898960e-01
11 28 7.760380e-01
11 29 5.388660e-01
11 30 3.215100e-01
11 31 1.586160e-01
11 32 6.170170e-02
11 33 1.785100e-02
11 34 3.571360e-03
11 35 4.516360e-04
11 36 3.323520e-05
11 37 2.019350e-06
11 38 0.000000e+00
11 39 0.000000e+00
11 40 0.000000e+00
12 1 1.169570e-02
12 2 4.738680e-03
12 3 6.993110e-03
12 4 9.560690e-03
12 5 1.372530e-02
12 6 1.953230e-02
12 7 2.788490e-02
12 8 4.024040e-02
12 9 5.752320e-02
12 10 8.258740e-02
12 11 1.178420e-01
12 12 1.638360e-01
12 13 2.074430e-01
12 14 2.566790e-01
12 15 3.151170e-01
12 16 3.853220e-01
12 17 4.671000e-01
12 18 5.607760e-01
12 19 6.645570e-01
12 20 7.764050e-01
12 21 8.888780e-01
12 22 9.934470e-01
12 23 1.076460e+00
12 24 1.122320e+00
12 25 1.114980e+00
12 26 1.041620e+00
12 27 9.012740e-01
12 28 7.082660e-01
12 29 4.933170e-01
12 30 2.954130e-01
12 31 1.464150e-01
12 32 5.727710e-02
12 33 1.668500e-02
12 34 3.366050e-03
12 35 4.299670e-04
12 36 3.200180e-05
12 37 1.966050e-06
12 38 0.000000e+00
12 39 0.000000e+00
12 40 0.000000e+00
13 1 8.628300e-03
13 2 3.497290e-03
13 3 5.160720e-03
13 4 7.046750e-03
13 5 1.011830e-02
13 6 1.449690e-02
13 7 2.084660e-02
13 8 3.033920e-02
13 9 4.396060e-02
13 10 6.380340e-02
13 11 9.166980e-02
13 12 1.315710e-01
13 13 1.833930e-01
13 14 2.322280e-01
13 15 2.851410e-01
13 16 3.487400e-01
13 17 4.228580e-01
13 18 5.078060e-01
13 19 6.019630e-01
13 20 7.037060e-01
13 21 8.061590e-01
13 22 9.016950e-01
13 23 9.779530e-01
13 24 1.020840e+00
13 25 1.015720e+00
13 26 9.506830e-01
13 27 8.245290e-01
13 28 6.498610e-01
13 29 4.543090e-01
13 30 2.732750e-01
13 31 1.361990e-01
13 32 5.364560e-02
13 33 1.575740e-02
13 34 3.211110e-03
13 35 4.151730e-04
13 36 3.132780e-05
13 37 1.948950e-06
13 38 0.000000e+00
13 39 0.000000e+00
13 40 0.000000e+00
14 1 7.255740e-03
14 2 2.940350e-03
14 3 4.337920e-03
14 4 5.921480e-03
14 5 8.480710e-03
14 6 1.205420e-02
14 7 1.711380e-02
14 8 2.445440e-02
14 9 3.476600e-02
14 10 5.016750e-02
14 11 7.197470e-02
14 12 1.031140e-01
14 13 1.475930e-01
14 14 2.059860e-01
14 15 2.589390e-01
14 16 3.167690e-01
14 17 3.842140e-01
14 18 4.615860e-01
14 19 5.473230e-01
14 20 6.403680e-01
14 21 7.341580e-01
14 22 8.219700e-01
14 23 8.925610e-01
14 24 9.331250e-01
14 25 9.301540e-01
14 26 8.726960e-01
14 27 7.590930e-01
14 28 6.004760e-01
14 29 4.216850e-01
14 30 2.550550e-01
14 31 1.279840e-01
14 32 5.082820e-02
14 33 1.507910e-02
14 34 3.109810e-03
14 35 4.078030e-04
14 36 3.126170e-05
14 37 1.972500e-06
14 38 0.000000e+00
14 39 0.000000e+00
14 40 0.000000e+00
15 1 5.664970e-03
15 2 2.295680e-03
15 3 3.387110e-03
15 4 4.623820e-03
15 5 6.620330e-03
15 6 9.397080e-03
15 7 1.330360e-02
15 8 1.900910e-02
15 9 2.713330e-02
15 10 3.915020e-02
15 11 5.612850e-02
15 12 8.042780e-02
15 13 1.151190e-01
15 14 1.654330e-01
15 15 2.304440e-01
15 16 2.889590e-01
15 17 3.506140e-01
15 18 4.214220e-01
15 19 5.000860e-01
15 20 5.854310e-01
15 21 6.718250e-01
15 22 7.530730e-01
15 23 8.189480e-01
15 24 8.576460e-01
15 25 8.569080e-01
15 26 8.063030e-01
15 27 7.038490e-01
15 28 5.592260e-01
15 29 3.948330e-01
15 30 2.404150e-01
15 31 1.216210e-01
15 32 4.877990e-02
15 33 1.464410e-02
15 34 3.063140e-03
15 35 4.084710e-04
15 36 3.189800e-05
15 37 2.046410e-06
15 38 0.000000e+00
15 39 0.000000e+00
15 40 0.000000e+00
16 1 4.317200e-03
16 2 1.749780e-03
16 3 2.581710e-03
16 4 3.524680e-03
16 5 5.047060e-03
16 6 7.163920e-03
16 7 1.013170e-02
16 8 1.443910e-02
16 9 2.055900e-02
16 10 2.967890e-02
16 11 4.279780e-02
16 12 6.178580e-02
16 13 8.891360e-02
16 14 1.281950e-01
16 15 1.845060e-01
16 16 2.582690e-01
16 17 3.218020e-01
16 18 3.870160e-01
16 19 4.596180e-01
16 20 5.384980e-01
16 21 6.186980e-01
16 22 6.945160e-01
16 23 7.565900e-01
16 24 7.940400e-01
16 25 7.955430e-01
16 26 7.511380e-01
16 27 6.585060e-01
16 28 5.259620e-01
16 29 3.737500e-01
16 30 2.293890e-01
16 31 1.171650e-01
16 32 4.754500e-02
16 33 1.447440e-02
16 34 3.078420e-03
16 35 4.186540e-04
16 36 3.340510e-05
16 37 2.184980e-06
16 38 0.000000e+00
16 39 0.000000e+00
16 40 0.000000e+00
17 1 3.459100e-03
17 2 1.402210e-03
17 3 2.068910e-03
17 4 2.824240e-03
17 5 4.043960e-03
17 6 5.738880e-03
17 7 8.114970e-03
17 8 1.154850e-02
17 9 1.636890e-02
17 10 2.347220e-02
17 11 3.359960e-02
17 12 4.821650e-02
17 13 6.913930e-02
17 14 9.948950e-02
17 15 1.429800e-01
17 16 2.065460e-01
17 17 2.891220e-01
17 18 3.577530e-01
17 19 4.252770e-01
17 20 4.987880e-01
17 21 5.738710e-01
17 22 6.453350e-01
17 23 7.045470e-01
17 24 7.413820e-01
17 25 7.452210e-01
17 26 7.066250e-01
17 27 6.226650e-01
17 28 5.005100e-01
17 29 3.584350e-01
17 30 2.220740e-01
17 31 1.147330e-01
17 32 4.720350e-02
17 33 1.460670e-02
17 34 3.166840e-03
17 35 4.404540e-04
17 36 3.584810e-05
17 37 2.052340e-06
17 38 0.000000e+00
17 39 0.000000e+00
17 40 0.000000e+00
18 1 2.625460e-03
18 2 1.064450e-03
18 3 1.570650e-03
18 4 2.144370e-03
18 5 3.070890e-03
18 6 4.358990e-03
18 7 6.163920e-03
18 8 8.766670e-03
18 9 1.240950e-02
18 10 1.776560e-02
18 11 2.541690e-02
18 12 3.655670e-02
18 13 5.265840e-02
18 14 7.607290e-02
18 15 1.096580e-01
18 16 1.587220e-01
18 17 2.303260e-01
18 18 3.234100e-01
18 19 3.966200e-01
18 20 4.657920e-01
18 21 5.368150e-01
18 22 6.048890e-01
18 23 6.621080e-01
18 24 6.989100e-01
18 25 7.052630e-01
18 26 6.720420e-01
18 27 5.958020e-01
18 28 4.824830e-01
18 29 3.486890e-01
18 30 2.184210e-01
18 31 1.143590e-01
18 32 4.780640e-02
18 33 1.507570e-02
18 34 3.341980e-03
18 35 4.770380e-04
18 36 3.977380e-05
18 37 1.922960e-06
18 38 0.000000e+00
18 39 0.000000e+00
18 40 0.000000e+00
19 1 1.899900e-03
19 2 7.705950e-04
19 3 1.137210e-03
19 4 1.552920e-03
19 5 2.224310e-03
19 6 3.158290e-03
19 7 4.468120e-03
19 8 6.357310e-03
19 9 8.996160e-03
19 10 1.286490e-02
19 11 1.839100e-02
19 12 2.648940e-02
19 13 3.840630e-02
19 14 5.620990e-02
19 15 8.206910e-02
19 16 1.198670e-01
19 17 1.750490e-01
19 18 2.563630e-01
19 19 3.615850e-01
19 20 4.397890e-01
19 21 5.077880e-01
19 22 5.735590e-01
19 23 6.297130e-01
19 24 6.671700e-01
19 25 6.762130e-01
19 26 6.480530e-01
19 27 5.785520e-01
19 28 4.725370e-01
19 29 3.450860e-01
19 30 2.189180e-01
19 31 1.163830e-01
19 32 4.955190e-02
19 33 1.597000e-02
19 34 3.632180e-03
19 35 5.342800e-04
19 36 4.607310e-05
19 37 2.315820e-06
19 38 0.000000e+00
19 39 0.000000e+00
19 40 0.000000e+00
20 1 1.507440e-03
20 2 6.114430e-04
20 3 9.022780e-04
20 4 1.231920e-03
20 5 1.764340e-03
20 6 2.504550e-03
20 7 3.542460e-03
20 8 5.039440e-03
20 9 7.128180e-03
20 10 1.017740e-02
20 11 1.448400e-02
20 12 2.069360e-02
20 13 2.964760e-02
20 14 4.273170e-02
20 15 6.192320e-02
20 16 9.056080e-02
20 17 1.324430e-01
20 18 1.941630e-01
20 19 2.856140e-01
20 20 4.040120e-01
20 21 4.849430e-01
20 22 5.493300e-01
20 23 6.053480e-01
20 24 6.442630e-01
20 25 6.565490e-01
20 26 6.334890e-01
20 27 5.703350e-01
20 28 4.706160e-01
20 29 3.479630e-01
20 30 2.240630e-01
20 31 1.212460e-01
20 32 5.272010e-02
20 33 1.741530e-02
20 34 4.075600e-03
20 35 6.195030e-04
20 36 5.536540e-05
20 37 2.899960e-06
20 38 0.000000e+00
20 39 0.000000e+00
20 40 0.000000e+00
21 1 1.146370e-03
21 2 4.650100e-04
21 3 6.862240e-04
21 4 9.369740e-04
21 5 1.341940e-03
21 6 1.905140e-03
21 7 2.694820e-03
21 8 3.833940e-03
21 9 5.423900e-03
21 10 7.744990e-03
21 11 1.102320e-02
21 12 1.574400e-02
21 13 2.255180e-02
21 14 3.256390e-02
21 15 4.708840e-02
21 16 6.841610e-02
21 17 9.965440e-02
21 18 1.458560e-01
21 19 2.144540e-01
21 20 3.177850e-01
21 21 4.506150e-01
21 22 5.333630e-01
21 23 5.901770e-01
21 24 6.313930e-01
21 25 6.475650e-01
21 26 6.296610e-01
21 27 5.723990e-01
21 28 4.778800e-01
21 29 3.583650e-01
21 30 2.347170e-01
21 31 1.295950e-01
21 32 5.770840e-02
21 33 1.960250e-02
21 34 4.737940e-03
21 35 7.474090e-04
21 36 6.944350e-05
21 37 3.759250e-06
21 38 2.097230e-07
21 39 0.000000e+00
21 40 0.000000e+00
22 1 8.364670e-04
22 2 3.394170e-04
22 3 5.009030e-04
22 4 6.840360e-04
22 5 9.798840e-04
22 6 1.391400e-03
22 7 1.968540e-03
22 8 2.801280e-03
22 9 3.964460e-03
22 10 5.663610e-03
22 11 8.064780e-03
22 12 1.152190e-02
22 13 1.650190e-02
22 14 2.382080e-02
22 15 3.447810e-02
22 16 5.021640e-02
22 17 7.333360e-02
22 18 1.076070e-01
22 19 1.586870e-01
22 20 2.358090e-01
22 21 3.526370e-01
22 22 5.024440e-01
22 23 5.846380e-01
22 24 6.291350e-01
22 25 6.499460e-01
22 26 6.375090e-01
22 27 5.858530e-01
22 28 4.955820e-01
22 29 3.775970e-01
22 30 2.520690e-01
22 31 1.423750e-01
22 32 6.511460e-02
22 33 2.282470e-02
22 34 5.721510e-03
22 35 9.413100e-04
22 36 9.148460e-05
22 37 5.084870e-06
22 38 3.768430e-07
22 39 0.000000e+00
22 40 0.000000e+00
23 1 5.803180e-04
23 2 2.358700e-04
23 3 3.481680e-04
23 4 4.755600e-04
23 5 6.813920e-04
23 6 9.678980e-04
23 7 1.369990e-03
23 8 1.950650e-03
23 9 2.762380e-03
23 10 3.949510e-03
23 11 5.629820e-03
23 12 8.052620e-03
23 13 1.154220e-02
23 14 1.665910e-02
23 15 2.411920e-02
23 16 3.525950e-02
23 17 5.190020e-02
23 18 7.689770e-02
23 19 1.143560e-01
23 20 1.711700e-01
23 21 2.576500e-01
23 22 3.906070e-01
23 23 5.600730e-01
23 24 6.385730e-01
23 25 6.649910e-01
23 26 6.586390e-01
23 27 6.124880e-01
23 28 5.257400e-01
23 29 4.076980e-01
23 30 2.779870e-01
23 31 1.610370e-01
23 32 7.588190e-02
23 33 2.755160e-02
23 34 7.196300e-03
23 35 1.241740e-03
23 36 1.273980e-04
23 37 7.443900e-06
23 38 5.335570e-07
23 39 0.000000e+00
23 40 0.000000e+00
24 1 4.065950e-04
24 2 1.655870e-04
24 3 2.444350e-04
24 4 3.339330e-04
24 5 4.785580e-04
24 6 6.798970e-04
24 7 9.626620e-04
24 8 1.371060e-03
24 9 1.942450e-03
24 10 2.778870e-03
24 11 3.963570e-03
24 12 5.674050e-03
24 13 8.141390e-03
24 14 1.175830e-02
24 15 1.701840e-02
24 16 2.485560e-02
24 17 3.656450e-02
24 18 5.424720e-02
24 19 8.102430e-02
24 20 1.218880e-01
24 21 1.844690e-01
24 22 2.813590e-01
24 23 4.321480e-01
24 24 6.230120e-01
24 25 6.935630e-01
24 26 6.946350e-01
24 27 6.546340e-01
24 28 5.712550e-01
24 29 4.518720e-01
24 30 3.155300e-01
24 31 1.880340e-01
24 32 9.161880e-02
24 33 3.459110e-02
24 34 9.456260e-03
24 35 1.719650e-03
24 36 1.872710e-04
24 37 1.152500e-05
24 38 8.002300e-07
24 39 0.000000e+00
24 40 0.000000e+00
25 1 2.736140e-04
25 2 1.117510e-04
25 3 1.649900e-04
25 4 2.254250e-04
25 5 3.231430e-04
25 6 4.592610e-04
25 7 6.504930e-04
25 8 9.269960e-04
25 9 1.314160e-03
25 10 1.881410e-03
25 11 2.686270e-03
25 12 3.850300e-03
25 13 5.532690e-03
25 14 8.004950e-03
25 15 1.160540e-02
25 16 1.697150e-02
25 17 2.501140e-02
25 18 3.720220e-02
25 19 5.578620e-02
25 20 8.441380e-02
25 21 1.286020e-01
25 22 1.976200e-01
25 23 3.060350e-01
25 24 4.772650e-01
25 25 6.921350e-01
25 26 7.489610e-01
25 27 7.164470e-01
25 28 6.364790e-01
25 29 5.146230e-01
25 30 3.689150e-01
25 31 2.268450e-01
25 32 1.147060e-01
25 33 4.523120e-02
25 34 1.300870e-02
25 35 2.508530e-03
25 36 2.921620e-04
25 37 1.887630e-05
25 38 1.288350e-06
25 39 1.625830e-07
25 40 0.000000e+00
26 1 1.617260e-04
26 2 6.669690e-05
26 3 9.851300e-05
26 4 1.346580e-04
26 5 1.931240e-04
26 6 2.746500e-04
26 7 3.893250e-04
26 8 5.553540e-04
26 9 7.882960e-04
26 10 1.130350e-03
26 11 1.617060e-03
26 12 2.323330e-03
26 13 3.348440e-03
26 14 4.862280e-03
26 15 7.079810e-03
26 16 1.040010e-02
26 17 1.538910e-02
26 18 2.303170e-02
26 19 3.490410e-02
26 20 5.369260e-02
26 21 8.358280e-02
26 22 1.313560e-01
26 23 2.075290e-01
26 24 3.296750e-01
26 25 5.261350e-01
26 26 7.703010e-01
26 27 8.062910e-01
26 28 7.297430e-01
26 29 6.035180e-01
26 30 4.447320e-01
26 31 2.827390e-01
26 32 1.488160e-01
26 33 6.156490e-02
26 34 1.874470e-02
26 35 3.867580e-03
26 36 4.877770e-04
26 37 3.362840e-05
26 38 2.063400e-06
26 39 9.724440e-07
26 40 0.000000e+00
27 1 1.029880e-04
27 2 4.267260e-05
27 3 6.303040e-05
27 4 8.617840e-05
27 5 1.236260e-04
27 6 1.758580e-04
27 7 2.494060e-04
27 8 3.559650e-04
27 9 5.055620e-04
27 10 7.255420e-04
27 11 1.038990e-03
27 12 1.494570e-03
27 13 2.157470e-03
27 14 3.138990e-03
27 15 4.581640e-03
27 16 6.751010e-03
27 17 1.002290e-02
27 18 1.502940e-02
27 19 2.278400e-02
27 20 3.503430e-02
27 21 5.455580e-02
27 22 8.609550e-02
27 23 1.372790e-01
27 24 2.205540e-01
27 25 3.566830e-01
27 26 5.788580e-01
27 27 8.509670e-01
27 28 8.567220e-01
27 29 7.273940e-01
27 30 5.532700e-01
27 31 3.653410e-01
27 32 2.011580e-01
27 33 8.774630e-02
27 34 2.841570e-02
27 35 6.296670e-03
27 36 8.617260e-04
27 37 6.443010e-05
27 38 3.453440e-06
27 39 1.066220e-06
27 40 0.000000e+00
28 1 5.782600e-05
28 2 2.425470e-05
28 3 3.583860e-05
28 4 4.901380e-05
28 5 7.034730e-05
28 6 1.001300e-04
28 7 1.420880e-04
28 8 2.029650e-04
28 9 2.886080e-04
28 10 4.147390e-04
28 11 5.949240e-04
28 12 8.576790e-04
28 13 1.241340e-03
28 14 1.812050e-03
28 15 2.655820e-03
28 16 3.933030e-03
28 17 5.874960e-03
28 18 8.872010e-03
28 19 1.355180e-02
28 20 2.101030e-02
28 21 3.302870e-02
28 22 5.278710e-02
28 23 8.557660e-02
28 24 1.400980e-01
28 25 2.311410e-01
28 26 3.832550e-01
28 27 6.359870e-01
28 28 9.401590e-01
28 29 9.035810e-01
28 30 7.105430e-01
28 31 4.884830e-01
28 32 2.823180e-01
28 33 1.304750e-01
28 34 4.523840e-02
28 35 1.085940e-02
28 36 1.631400e-03
28 37 1.353130e-04
28 38 6.885220e-06
28 39 1.760960e-06
28 40 1.530300e-10
29 1 2.774010e-05
29 2 1.210600e-05
29 3 1.789750e-05
29 4 2.449020e-05
29 5 3.516630e-05
29 6 5.008730e-05
29 7 7.114410e-05
29 8 1.017320e-04
29 9 1.448420e-04
29 10 2.085000e-04
29 11 2.997060e-04
29 12 4.331950e-04
29 13 6.290710e-04
29 14 9.220620e-04
29 15 1.358300e-03
29 16 2.024220e-03
29 17 3.047190e-03
29 18 4.645290e-03
29 19 7.175350e-03
29 20 1.126730e-02
29 21 1.796390e-02
29 22 2.916920e-02
29 23 4.828090e-02
29 24 8.123370e-02
29 25 1.383980e-01
29 26 2.373470e-01
29 27 4.076680e-01
29 28 6.972350e-01
29 29 1.039550e+00
29 30 9.450300e-01
29 31 6.769670e-01
29 32 4.115220e-01
29 33 2.022480e-01
29 34 7.552080e-02
29 35 1.981080e-02
29 36 3.307290e-03
29 37 3.102800e-04
29 38 1.523610e-05
29 39 1.288630e-06
29 40 7.261730e-09
30 1 1.348520e-05
30 2 5.979780e-06
30 3 8.844950e-06
30 4 1.211050e-05
30 5 1.740250e-05
30 6 2.480610e-05
30 7 3.526670e-05
30 8 5.049120e-05
30 9 7.199740e-05
30 10 1.038310e-04
30 11 1.496030e-04
30 12 2.168650e-04
30 13 3.160430e-04
30 14 4.653140e-04
30 15 6.892550e-04
30 16 1.034150e-03
30 17 1.569780e-03
30 18 2.417630e-03
30 19 3.780970e-03
30 20 6.025310e-03
30 21 9.772250e-03
30 22 1.614770e-02
30 23 2.714230e-02
30 24 4.634440e-02
30 25 8.023890e-02
30 26 1.404820e-01
30 27 2.475140e-01
30 28 4.360270e-01
30 29 7.617720e-01
30 30 1.137740e+00
30 31 9.709330e-01
30 32 6.242970e-01
30 33 3.283370e-01
30 34 1.328800e-01
30 35 3.830890e-02
30 36 7.139330e-03
30 37 7.607680e-04
30 38 4.061190e-05
30 39 1.104810e-06
30 40 2.144890e-08
31 1 4.786870e-06
31 2 2.449600e-06
31 3 3.688340e-06
31 4 5.084510e-06
31 5 7.317590e-06
31 6 1.044640e-05
31 7 1.487450e-05
31 8 2.133360e-05
31 9 3.048460e-05
31 10 4.408260e-05
31 11 6.373290e-05
31 12 9.277070e-05
31 13 1.358800e-04
31 14 2.012810e-04
31 15 3.003250e-04
31 16 4.545900e-04
31 17 6.972690e-04
31 18 1.086940e-03
31 19 1.724120e-03
31 20 2.793380e-03
31 21 4.619590e-03
31 22 7.809530e-03
31 23 1.346040e-02
31 24 2.359570e-02
31 25 4.199990e-02
31 26 7.585270e-02
31 27 1.384920e-01
31 28 2.538960e-01
31 29 4.632470e-01
31 30 8.322450e-01
31 31 1.243400e+00
31 32 9.825030e-01
31 33 5.549140e-01
31 34 2.449410e-01
31 35 7.830450e-02
31 36 1.648320e-02
31 37 2.023310e-03
31 38 1.246460e-04
31 39 3.637420e-06
31 40 9.284310e-08
32 1 1.163380e-06
32 2 6.654940e-07
32 3 1.094000e-06
32 4 1.636560e-06
32 5 2.489350e-06
32 6 3.645880e-06
32 7 5.244850e-06
32 8 7.549370e-06
32 9 1.081520e-05
32 10 1.568570e-05
32 11 2.275920e-05
32 12 3.327740e-05
32 13 4.901250e-05
32 14 7.309830e-05
32 15 1.099890e-04
32 16 1.681770e-04
32 17 2.611290e-04
32 18 4.131140e-04
32 19 6.669250e-04
32 20 1.103380e-03
32 21 1.870090e-03
32 22 3.253880e-03
32 23 5.805420e-03
32 24 1.058130e-02
32 25 1.960090e-02
32 26 3.675420e-02
32 27 6.982130e-02
32 28 1.340130e-01
32 29 2.575100e-01
32 30 4.892910e-01
32 31 9.067440e-01
32 32 1.353700e+00
32 33 9.765640e-01
32 34 4.717560e-01
32 35 1.684570e-01
32 36 4.047310e-02
32 37 5.806710e-03
32 38 4.280440e-04
32 39 1.417640e-05
32 40 3.933380e-07
33 1 2.706950e-07
33 2 1.549560e-07
33 3 2.562860e-07
33 4 3.894260e-07
33 5 6.116420e-07
33 6 9.367320e-07
33 7 1.414670e-06
33 8 2.131170e-06
33 9 3.129100e-06
33 10 4.582950e-06
33 11 6.683780e-06
33 12 9.825290e-06
33 13 1.456470e-05
33 14 2.189490e-05
33 15 3.326460e-05
33 16 5.146890e-05
33 17 8.107670e-05
33 18 1.305170e-04
33 19 2.151190e-04
33 20 3.647060e-04
33 21 6.361750e-04
33 22 1.144910e-03
33 23 2.125240e-03
33 24 4.060910e-03
33 25 7.930370e-03
33 26 1.561310e-02
33 27 3.104060e-02
33 28 6.259040e-02
33 29 1.274350e-01
33 30 2.585770e-01
33 31 5.143470e-01
33 32 9.852840e-01
33 33 1.465970e+00
33 34 9.498390e-01
33 35 3.802520e-01
33 36 1.051250e-01
33 37 1.785410e-02
33 38 1.605940e-03
33 39 6.422420e-05
33 40 1.585650e-06
34 1 4.676690e-08
34 2 2.677110e-08
34 3 4.429240e-08
34 4 6.775540e-08
34 5 1.085660e-07
34 6 1.724680e-07
34 7 2.727550e-07
34 8 4.322350e-07
34 9 6.709240e-07
34 10 1.019250e-06
34 11 1.517270e-06
34 12 2.264960e-06
34 13 3.399950e-06
34 14 5.170260e-06
34 15 7.957620e-06
34 16 1.250420e-05
34 17 2.005670e-05
34 18 3.296940e-05
34 19 5.566190e-05
34 20 9.699460e-05
34 21 1.745270e-04
34 22 3.252290e-04
34 23 6.277660e-04
34 24 1.254800e-03
34 25 2.590320e-03
34 26 5.473230e-03
34 27 1.163760e-02
34 28 2.495880e-02
34 29 5.430100e-02
34 30 1.188500e-01
34 31 2.571450e-01
34 32 5.386560e-01
34 33 1.068680e+00
34 34 1.577310e+00
34 35 8.999490e-01
34 36 2.876490e-01
34 37 5.841810e-02
34 38 6.513540e-03
34 39 3.311640e-04
34 40 7.628710e-06
35 1 6.116340e-09
35 2 3.501220e-09
35 3 5.792720e-09
35 4 8.861290e-09
35 5 1.419860e-08
35 6 2.255600e-08
35 7 3.567360e-08
35 8 5.669440e-08
35 9 8.948560e-08
35 10 1.423770e-07
35 11 2.254070e-07
35 12 3.572040e-07
35 13 5.658700e-07
35 14 8.996540e-07
35 15 1.428410e-06
35 16 2.293230e-06
35 17 3.759940e-06
35 18 6.352770e-06
35 19 1.106960e-05
35 20 1.996580e-05
35 21 3.726490e-05
35 22 7.219070e-05
35 23 1.452500e-04
35 24 3.036750e-04
35 25 6.589490e-04
35 26 1.469990e-03
35 27 3.349240e-03
35 28 7.833850e-03
35 29 1.872490e-02
35 30 4.518590e-02
35 31 1.083550e-01
35 32 2.529970e-01
35 33 5.617880e-01
35 34 1.155760e+00
35 35 1.684490e+00
35 36 8.279970e-01
35 37 2.018300e-01
35 38 2.822780e-02
35 39 1.886110e-03
35 40 4.928420e-05
36 1 9.639600e-10
36 2 5.518100e-10
36 3 9.129600e-10
36 4 1.396580e-09
36 5 2.237780e-09
36 6 3.554940e-09
36 7 5.622340e-09
36 8 8.935310e-09
36 9 1.410340e-08
36 10 2.243930e-08
36 11 3.552520e-08
36 12 5.629470e-08
36 13 8.912240e-08
36 14 1.414810e-07
36 15 2.239350e-07
36 16 3.552100e-07
36 17 5.640230e-07
36 18 9.170010e-07
36 19 1.546960e-06
36 20 2.766150e-06
36 21 5.256900e-06
36 22 1.064750e-05
36 23 2.279300e-05
36 24 5.137280e-05
36 25 1.218240e-04
36 26 3.027570e-04
36 27 7.718830e-04
36 28 1.974240e-03
36 29 5.097210e-03
36 30 1.343290e-02
36 31 3.591260e-02
36 32 9.521100e-02
36 33 2.432650e-01
36 34 5.797870e-01
36 35 1.246060e+00
36 36 1.788150e+00
36 37 7.368710e-01
36 38 1.293080e-01
36 39 1.151450e-02
36 40 4.198480e-04
37 1 2.488100e-10
37 2 1.424300e-10
37 3 2.356500e-10
37 4 3.604800e-10
37 5 5.776000e-10
37 6 9.175800e-10
37 7 1.451200e-09
37 8 2.306320e-09
37 9 3.640260e-09
37 10 5.791890e-09
37 11 9.169510e-09
37 12 1.453040e-08
37 13 2.300370e-08
37 14 3.651810e-08
37 15 5.780070e-08
37 16 9.168430e-08
37 17 1.453090e-07
37 18 2.303180e-07
37 19 3.647730e-07
37 20 5.784420e-07
37 21 9.170500e-07
37 22 1.491820e-06
37 23 2.736300e-06
37 24 5.838340e-06
37 25 1.443200e-05
37 26 3.991250e-05
37 27 1.181950e-04
37 28 3.563300e-04
37 29 1.059560e-03
37 30 3.107240e-03
37 31 9.142920e-03
37 32 2.733670e-02
37 33 8.119340e-02
37 34 2.301230e-01
37 35 5.946650e-01
37 36 1.339990e+00
37 37 1.881700e+00
37 38 6.309240e-01
37 39 7.455840e-02
37 40 3.919720e-03
38 1 6.855700e-11
38 2 3.924400e-11
38 3 6.492900e-11
38 4 9.932400e-11
38 5 1.591500e-10
38 6 2.528300e-10
38 7 3.998600e-10
38 8 6.354800e-10
38 9 1.003030e-09
38 10 1.595880e-09
38 11 2.526540e-09
38 12 4.003650e-09
38 13 6.338350e-09
38 14 1.006210e-08
38 15 1.592620e-08
38 16 2.526240e-08
38 17 4.003800e-08
38 18 6.346100e-08
38 19 1.005080e-07
38 20 1.593820e-07
38 21 2.525450e-07
38 22 4.003620e-07
38 23 6.373700e-07
38 24 1.043410e-06
38 25 1.866770e-06
38 26 4.192990e-06
38 27 1.282000e-05
38 28 4.687080e-05
38 29 1.667350e-04
38 30 5.519730e-04
38 31 1.787420e-03
38 32 5.878820e-03
38 33 1.984990e-02
38 34 6.702680e-02
38 35 2.140170e-01
38 36 6.063410e-01
38 37 1.436850e+00
38 38 1.960930e+00
38 39 5.180160e-01
38 40 3.903960e-02
39 1 1.307400e-11
39 2 7.483800e-12
39 3 1.238200e-11
39 4 1.894100e-11
39 5 3.034900e-11
39 6 4.821300e-11
39 7 7.625200e-11
39 8 1.211800e-10
39 9 1.912700e-10
39 10 3.043300e-10
39 11 4.818000e-10
39 12 7.634900e-10
39 13 1.208710e-09
39 14 1.918810e-09
39 15 3.037090e-09
39 16 4.817470e-09
39 17 7.635160e-09
39 18 1.210190e-08
39 19 1.916670e-08
39 20 3.039370e-08
39 21 4.815970e-08
39 22 7.634340e-08
39 23 1.209960e-07
39 24 1.918280e-07
39 25 3.092930e-07
39 26 5.359710e-07
39 27 1.151050e-06
39 28 3.688020e-06
39 29 1.659920e-05
39 30 7.051930e-05
39 31 2.622170e-04
39 32 9.437540e-04
39 33 3.499020e-03
39 34 1.359050e-02
39 35 5.332700e-02
39 36 1.956390e-01
39 37 6.152640e-01
39 38 1.536260e+00
39 39 2.021440e+00
39 40 4.239590e-01
40 1 4.107900e-12
40 2 2.351500e-12
40 3 3.890600e-12
40 4 5.951500e-12
40 5 9.536200e-12
40 6 1.514900e-11
40 7 2.396000e-11
40 8 3.807800e-11
40 9 6.010100e-11
40 10 9.562500e-11
40 11 1.513900e-10
40 12 2.399000e-10
40 13 3.797900e-10
40 14 6.029200e-10
40 15 9.543000e-10
40 16 1.513720e-09
40 17 2.399080e-09
40 18 3.802580e-09
40 19 6.022450e-09
40 20 9.550150e-09
40 21 1.513250e-08
40 22 2.398820e-08
40 23 3.801860e-08
40 24 6.024790e-08
40 25 9.549180e-08
40 26 1.513440e-07
40 27 2.409350e-07
40 28 4.128130e-07
40 29 9.618120e-07
40 30 4.033120e-06
40 31 1.968380e-05
40 32 8.525130e-05
40 33 3.663700e-04
40 34 1.674060e-03
40 35 8.169960e-03
40 36 3.985070e-02
40 37 1.752360e-01
40 38 6.232710e-01
40 39 1.639490e+00
40 40 2.371200e+00
