1 2.550080e+01
2 2.283980e+01
3 2.044780e+01
4 1.832950e+01
5 1.647180e+01
6 1.481880e+01
7 1.336720e+01
8 1.208470e+01
9 1.096800e+01
10 9.988790e+00
11 9.138560e+00
12 8.407610e+00
13 7.779030e+00
14 7.245840e+00
15 6.794810e+00
16 6.418890e+00
17 6.109490e+00
18 5.854920e+00
19 5.650080e+00
20 5.484370e+00
21 5.352400e+00
22 5.247230e+00
23 5.163300e+00
24 5.096930e+00
25 5.044220e+00
26 5.002120e+00
27 4.968860e+00
28 4.942370e+00
29 4.921260e+00
30 4.904590e+00
31 4.891300e+00
32 4.880720e+00
33 4.872370e+00
34 4.865780e+00
35 4.860450e+00
36 4.856210e+00
37 4.852910e+00
38 4.850300e+00
39 4.848160e+00
40 4.846470e+00
