1 3.578520e+01
2 3.198880e+01
3 2.856860e+01
4 2.553130e+01
5 2.285830e+01
6 2.046950e+01
7 1.836020e+01
8 1.648440e+01
9 1.483740e+01
10 1.337850e+01
11 1.209600e+01
12 1.097680e+01
13 9.997290e+00
14 9.148800e+00
15 8.413770e+00
16 7.784410e+00
17 7.250910e+00
18 6.798650e+00
19 6.423580e+00
20 6.111890e+00
21 5.857890e+00
22 5.652000e+00
23 5.485880e+00
24 5.353680e+00
25 5.248410e+00
26 5.164240e+00
27 5.097720e+00
28 5.044740e+00
29 5.002520e+00
30 4.969170e+00
31 4.942610e+00
32 4.921430e+00
33 4.904740e+00
34 4.891550e+00
35 4.880890e+00
36 4.872420e+00
37 4.865810e+00
38 4.860600e+00
39 4.856320e+00
40 4.852940e+00
