1 8.273560e-02
2 7.381070e-02
3 6.575210e-02
4 5.857500e-02
5 5.223640e-02
6 4.654590e-02
7 4.149280e-02
8 3.696750e-02
9 3.295820e-02
10 2.936820e-02
11 2.616860e-02
12 2.332780e-02
13 2.078900e-02
14 1.853140e-02
15 1.651300e-02
16 1.471620e-02
17 1.311940e-02
18 1.168930e-02
19 1.042170e-02
20 9.286560e-03
21 8.277710e-03
22 7.378230e-03
23 6.574410e-03
24 5.860500e-03
25 5.224380e-03
26 4.655150e-03
27 4.149880e-03
28 3.698630e-03
29 3.295520e-03
30 2.937760e-03
31 2.618050e-03
32 2.332270e-03
33 2.079200e-03
34 1.854960e-03
35 1.652720e-03
36 1.471920e-03
37 1.312970e-03
38 1.172270e-03
39 1.043590e-03
40 9.296320e-04
