1 5.041030e+01
2 4.501770e+01
3 4.015400e+01
4 3.582860e+01
5 3.201530e+01
6 2.859980e+01
7 2.557540e+01
8 2.287660e+01
9 2.049630e+01
10 1.837680e+01
11 1.650110e+01
12 1.485040e+01
13 1.339120e+01
14 1.211150e+01
15 1.098640e+01
16 1.000580e+01
17 9.156940e+00
18 8.420160e+00
19 7.792230e+00
20 7.255190e+00
21 6.803960e+00
22 6.427140e+00
23 6.114770e+00
24 5.860380e+00
25 5.654320e+00
26 5.487740e+00
27 5.355250e+00
28 5.249430e+00
29 5.165030e+00
30 5.098350e+00
31 5.045220e+00
32 5.002860e+00
33 4.969470e+00
34 4.943100e+00
35 4.921790e+00
36 4.904840e+00
37 4.891620e+00
38 4.881190e+00
39 4.872630e+00
40 4.865880e+00
