1 8.272920e-02
2 7.380500e-02
3 6.574700e-02
4 5.857050e-02
5 5.223240e-02
6 4.654240e-02
7 4.148960e-02
8 3.696470e-02
9 3.295580e-02
10 2.936610e-02
11 2.616670e-02
12 2.332610e-02
13 2.078760e-02
14 1.853020e-02
15 1.651200e-02
16 1.471530e-02
17 1.311870e-02
18 1.168880e-02
19 1.042130e-02
20 9.286310e-03
21 8.277630e-03
22 7.378330e-03
23 6.574660e-03
24 5.860790e-03
25 5.224580e-03
26 4.655180e-03
27 4.149840e-03
28 3.698600e-03
29 3.295560e-03
30 2.937940e-03
31 2.618250e-03
32 2.332290e-03
33 2.078950e-03
34 1.854740e-03
35 1.652970e-03
36 1.471950e-03
37 1.312840e-03
38 1.172300e-03
39 1.043530e-03
40 9.296560e-04
