1 1 2.719700e-01
1 2 1.006500e-01
1 3 1.315150e-01
1 4 1.587700e-01
1 5 2.008930e-01
1 6 2.511170e-01
1 7 3.118040e-01
1 8 3.878520e-01
1 9 4.774900e-01
1 10 5.897000e-01
1 11 7.201930e-01
1 12 8.740010e-01
1 13 1.049860e+00
1 14 1.249300e+00
1 15 1.460220e+00
1 16 1.678650e+00
1 17 1.882840e+00
1 18 2.050260e+00
1 19 2.149640e+00
1 20 2.152910e+00
1 21 2.030180e+00
1 22 1.778270e+00
1 23 1.418800e+00
1 24 1.007210e+00
1 25 6.178450e-01
1 26 3.155920e-01
1 27 1.282430e-01
1 28 3.918090e-02
1 29 8.393210e-03
1 30 1.156050e-03
1 31 9.217830e-05
1 32 4.381270e-06
1 33 1.876070e-07
1 34 0.000000e+00
1 35 0.000000e+00
1 36 0.000000e+00
1 37 0.000000e+00
1 38 0.000000e+00
1 39 0.000000e+00
1 40 0.000000e+00
2 1 2.151600e-01
2 2 8.822110e-02
2 3 1.177360e-01
2 4 1.421530e-01
2 5 1.798690e-01
2 6 2.248410e-01
2 7 2.791820e-01
2 8 3.472820e-01
2 9 4.275570e-01
2 10 5.280580e-01
2 11 6.449370e-01
2 12 7.827240e-01
2 13 9.402490e-01
2 14 1.119040e+00
2 15 1.308100e+00
2 16 1.504010e+00
2 17 1.687260e+00
2 18 1.837730e+00
2 19 1.927210e+00
2 20 1.931030e+00
2 21 1.821820e+00
2 22 1.596710e+00
2 23 1.274810e+00
2 24 9.058420e-01
2 25 5.563170e-01
2 26 2.845680e-01
2 27 1.158410e-01
2 28 3.547090e-02
2 29 7.618870e-03
2 30 1.052860e-03
2 31 8.436340e-05
2 32 4.024290e-06
2 33 1.731380e-07
2 34 0.000000e+00
2 35 0.000000e+00
2 36 0.000000e+00
2 37 0.000000e+00
2 38 0.000000e+00
2 39 0.000000e+00
2 40 0.000000e+00
3 1 1.692230e-01
3 2 7.126010e-02
3 3 1.030780e-01
3 4 1.272030e-01
3 5 1.609660e-01
3 6 2.012150e-01
3 7 2.498520e-01
3 8 3.108070e-01
3 9 3.826650e-01
3 10 4.726370e-01
3 11 5.772880e-01
3 12 7.006690e-01
3 13 8.417420e-01
3 14 1.001950e+00
3 15 1.171420e+00
3 16 1.347120e+00
3 17 1.511590e+00
3 18 1.646890e+00
3 19 1.727660e+00
3 20 1.731960e+00
3 21 1.634990e+00
3 22 1.434030e+00
3 23 1.145960e+00
3 24 8.152200e-01
3 25 5.014010e-01
3 26 2.569390e-01
3 27 1.048260e-01
3 28 3.218750e-02
3 29 6.936920e-03
3 30 9.626240e-04
3 31 7.756770e-05
3 32 3.718450e-06
3 33 1.608970e-07
3 34 0.000000e+00
3 35 0.000000e+00
3 36 0.000000e+00
3 37 0.000000e+00
3 38 0.000000e+00
3 39 0.000000e+00
3 40 0.000000e+00
4 1 1.314730e-01
4 2 5.580750e-02
4 3 8.321090e-02
4 4 1.116030e-01
4 5 1.442120e-01
4 6 1.802850e-01
4 7 2.238690e-01
4 8 2.784970e-01
4 9 3.429000e-01
4 10 4.235480e-01
4 11 5.173730e-01
4 12 6.279960e-01
4 13 7.545390e-01
4 14 8.982640e-01
4 15 1.050460e+00
4 16 1.208280e+00
4 17 1.356190e+00
4 18 1.478120e+00
4 19 1.551430e+00
4 20 1.556110e+00
4 21 1.470080e+00
4 22 1.290620e+00
4 23 1.032560e+00
4 24 7.355690e-01
4 25 4.532410e-01
4 26 2.327820e-01
4 27 9.523400e-02
4 28 2.934240e-02
4 29 6.350220e-03
4 30 8.857960e-04
4 31 7.182700e-05
4 32 3.466110e-06
4 33 1.509950e-07
4 34 0.000000e+00
4 35 0.000000e+00
4 36 0.000000e+00
4 37 0.000000e+00
4 38 0.000000e+00
4 39 0.000000e+00
4 40 0.000000e+00
5 1 1.053820e-01
5 2 4.424500e-02
5 3 6.576510e-02
5 4 9.033810e-02
5 5 1.268030e-01
5 6 1.619200e-01
5 7 2.010760e-01
5 8 2.501540e-01
5 9 3.080210e-01
5 10 3.804950e-01
5 11 4.648230e-01
5 12 5.642760e-01
5 13 6.780830e-01
5 14 8.073860e-01
5 15 9.444390e-01
5 16 1.086640e+00
5 17 1.220100e+00
5 18 1.330390e+00
5 19 1.397190e+00
5 20 1.402410e+00
5 21 1.326120e+00
5 22 1.165560e+00
5 23 9.338650e-01
5 24 6.664100e-01
5 25 4.115390e-01
5 26 2.119470e-01
5 27 8.700400e-02
5 28 2.691860e-02
5 29 5.855400e-03
5 30 8.218970e-04
5 31 6.716930e-05
5 32 3.623420e-06
5 33 1.434510e-07
5 34 0.000000e+00
5 35 0.000000e+00
5 36 0.000000e+00
5 37 0.000000e+00
5 38 0.000000e+00
5 39 0.000000e+00
5 40 0.000000e+00
6 1 8.316380e-02
6 2 3.474530e-02
6 3 5.173020e-02
6 4 7.110990e-02
6 5 1.024450e-01
6 6 1.425040e-01
6 7 1.807930e-01
6 8 2.249350e-01
6 9 2.769890e-01
6 10 3.421920e-01
6 11 4.180810e-01
6 12 5.076070e-01
6 13 6.100960e-01
6 14 7.266190e-01
6 15 8.502020e-01
6 16 9.785840e-01
6 17 1.099300e+00
6 18 1.199310e+00
6 19 1.260350e+00
6 20 1.266310e+00
6 21 1.198810e+00
6 22 1.055160e+00
6 23 8.469360e-01
6 24 6.057100e-01
6 25 3.750710e-01
6 26 1.938280e-01
6 27 7.990110e-02
6 28 2.484840e-02
6 29 5.439230e-03
6 30 7.693420e-04
6 31 6.348860e-05
6 32 4.121940e-06
6 33 1.381700e-07
6 34 0.000000e+00
6 35 0.000000e+00
6 36 0.000000e+00
6 37 0.000000e+00
6 38 0.000000e+00
6 39 0.000000e+00
6 40 0.000000e+00
7 1 6.355450e-02
7 2 2.647100e-02
7 3 3.987500e-02
7 4 5.534430e-02
7 5 8.017510e-02
7 6 1.148780e-01
7 7 1.594810e-01
7 8 2.028000e-01
7 9 2.497540e-01
7 10 3.085810e-01
7 11 3.770700e-01
7 12 4.579010e-01
7 13 5.504850e-01
7 14 6.558150e-01
7 15 7.676040e-01
7 16 8.839580e-01
7 17 9.935710e-01
7 18 1.084700e+00
7 19 1.140920e+00
7 20 1.147590e+00
7 21 1.087960e+00
7 22 9.592740e-01
7 23 7.716600e-01
7 24 5.534000e-01
7 25 3.438170e-01
7 26 1.784240e-01
7 27 7.393080e-02
7 28 2.313600e-02
7 29 5.103390e-03
7 30 7.285490e-04
7 31 6.078970e-05
7 32 4.056170e-06
7 33 1.352140e-07
7 34 0.000000e+00
7 35 0.000000e+00
7 36 0.000000e+00
7 37 0.000000e+00
7 38 0.000000e+00
7 39 0.000000e+00
7 40 0.000000e+00
8 1 4.927540e-02
8 2 2.053490e-02
8 3 3.096230e-02
8 4 4.309620e-02
8 5 6.258870e-02
8 6 8.982810e-02
8 7 1.282750e-01
8 8 1.791420e-01
8 9 2.257150e-01
8 10 2.789180e-01
8 11 3.408870e-01
8 12 4.140530e-01
8 13 4.979140e-01
8 14 5.933360e-01
8 15 6.948600e-01
8 16 8.006490e-01
8 17 9.005670e-01
8 18 9.840140e-01
8 19 1.036160e+00
8 20 1.043660e+00
8 21 9.911260e-01
8 22 8.757830e-01
8 23 7.063930e-01
8 24 5.083070e-01
8 25 3.170930e-01
8 26 1.653990e-01
8 27 6.896430e-02
8 28 2.174640e-02
8 29 4.841470e-03
8 30 6.988810e-04
8 31 5.908620e-05
8 32 3.976390e-06
8 33 1.347490e-07
8 34 0.000000e+00
8 35 0.000000e+00
8 36 0.000000e+00
8 37 0.000000e+00
8 38 0.000000e+00
8 39 0.000000e+00
8 40 0.000000e+00
9 1 3.989050e-02
9 2 1.628710e-02
9 3 2.414910e-02
9 4 3.337510e-02
9 5 4.866540e-02
9 6 7.014560e-02
9 7 1.003560e-01
9 8 1.442030e-01
9 9 2.001340e-01
9 10 2.531110e-01
9 11 3.094130e-01
9 12 3.759330e-01
9 13 4.522330e-01
9 14 5.390120e-01
9 15 6.317370e-01
9 16 7.284190e-01
9 17 8.200580e-01
9 18 8.970270e-01
9 19 9.458320e-01
9 20 9.543260e-01
9 21 9.082050e-01
9 22 8.046440e-01
9 23 6.511490e-01
9 24 4.704800e-01
9 25 2.949830e-01
9 26 1.548180e-01
9 27 6.504300e-02
9 28 2.069860e-02
9 29 4.659290e-03
9 30 6.814880e-04
9 31 5.851490e-05
9 32 3.976540e-06
9 33 1.372080e-07
9 34 0.000000e+00
9 35 0.000000e+00
9 36 0.000000e+00
9 37 0.000000e+00
9 38 0.000000e+00
9 39 0.000000e+00
9 40 0.000000e+00
10 1 3.079570e-02
10 2 1.255830e-02
10 3 1.870130e-02
10 4 2.590470e-02
10 5 3.775370e-02
10 6 5.450200e-02
10 7 7.812490e-02
10 8 1.123790e-01
10 9 1.606630e-01
10 10 2.250330e-01
10 11 2.819310e-01
10 12 3.426570e-01
10 13 4.123830e-01
10 14 4.918580e-01
10 15 5.767490e-01
10 16 6.656150e-01
10 17 7.501680e-01
10 18 8.216630e-01
10 19 8.677510e-01
10 20 8.773410e-01
10 21 8.371630e-01
10 22 7.441020e-01
10 23 6.045650e-01
10 24 4.389740e-01
10 25 2.769170e-01
10 26 1.464150e-01
10 27 6.207350e-02
10 28 1.997090e-02
10 29 4.554750e-03
10 30 6.766510e-04
10 31 5.916800e-05
10 32 4.065120e-06
10 33 1.434070e-07
10 34 0.000000e+00
10 35 0.000000e+00
10 36 0.000000e+00
10 37 0.000000e+00
10 38 0.000000e+00
10 39 0.000000e+00
10 40 0.000000e+00
11 1 2.332240e-02
11 2 9.510270e-03
11 3 1.413170e-02
11 4 1.953320e-02
11 5 2.849440e-02
11 6 4.142520e-02
11 7 5.987890e-02
11 8 8.664300e-02
11 9 1.243510e-01
11 10 1.800090e-01
11 11 2.516290e-01
11 12 3.140450e-01
11 13 3.781440e-01
11 14 4.513540e-01
11 15 5.296800e-01
11 16 6.118860e-01
11 17 6.905150e-01
11 18 7.575310e-01
11 19 8.015940e-01
11 20 8.124070e-01
11 21 7.776780e-01
11 22 6.939100e-01
11 23 5.665160e-01
11 24 4.137610e-01
11 25 2.629140e-01
11 26 1.402470e-01
11 27 6.010290e-02
11 28 1.958870e-02
11 29 4.537350e-03
11 30 6.865620e-04
11 31 6.133560e-05
11 32 4.267140e-06
11 33 1.544350e-07
11 34 0.000000e+00
11 35 0.000000e+00
11 36 0.000000e+00
11 37 0.000000e+00
11 38 0.000000e+00
11 39 0.000000e+00
11 40 0.000000e+00
12 1 1.867720e-02
12 2 7.603230e-03
12 3 1.124930e-02
12 4 1.542980e-02
12 5 2.224100e-02
12 6 3.181080e-02
12 7 4.570120e-02
12 8 6.646230e-02
12 9 9.587750e-02
12 10 1.391500e-01
12 11 2.011120e-01
12 12 2.818040e-01
12 13 3.489770e-01
12 14 4.168810e-01
12 15 4.896960e-01
12 16 5.664140e-01
12 17 6.402320e-01
12 18 7.037630e-01
12 19 7.464970e-01
12 20 7.588150e-01
12 21 7.291730e-01
12 22 6.536870e-01
12 23 5.367700e-01
12 24 3.948470e-01
12 25 2.530700e-01
12 26 1.364260e-01
12 27 5.921390e-02
12 28 1.959390e-02
12 29 4.620680e-03
12 30 7.140420e-04
12 31 6.535460e-05
12 32 4.588990e-06
12 33 1.712860e-07
12 34 0.000000e+00
12 35 0.000000e+00
12 36 0.000000e+00
12 37 0.000000e+00
12 38 0.000000e+00
12 39 0.000000e+00
12 40 0.000000e+00
13 1 1.342390e-02
13 2 5.471210e-03
13 3 8.098200e-03
13 4 1.109900e-02
13 5 1.601110e-02
13 6 2.307310e-02
13 7 3.341650e-02
13 8 4.904880e-02
13 9 7.177930e-02
13 10 1.053960e-01
13 11 1.535290e-01
13 12 2.239070e-01
13 13 3.150710e-01
13 14 3.883400e-01
13 15 4.566540e-01
13 16 5.289900e-01
13 17 5.990240e-01
13 18 6.599840e-01
13 19 7.020150e-01
13 20 7.160640e-01
13 21 6.911370e-01
13 22 6.229680e-01
13 23 5.149840e-01
13 24 3.819460e-01
13 25 2.472660e-01
13 26 1.349320e-01
13 27 5.943460e-02
13 28 2.001680e-02
13 29 4.820330e-03
13 30 7.635460e-04
13 31 7.190970e-05
13 32 4.668540e-06
13 33 1.978690e-07
13 34 0.000000e+00
13 35 0.000000e+00
13 36 0.000000e+00
13 37 0.000000e+00
13 38 0.000000e+00
13 39 0.000000e+00
13 40 0.000000e+00
14 1 1.104340e-02
14 2 4.497610e-03
14 3 6.653830e-03
14 4 9.115670e-03
14 5 1.311230e-02
14 6 1.873790e-02
14 7 2.677790e-02
14 8 3.856630e-02
14 9 5.536500e-02
14 10 8.085000e-02
14 11 1.176240e-01
14 12 1.713520e-01
14 13 2.500810e-01
14 14 3.528560e-01
14 15 4.292010e-01
14 16 4.981210e-01
14 17 5.653330e-01
14 18 6.246570e-01
14 19 6.667990e-01
14 20 6.830420e-01
14 21 6.628720e-01
14 22 6.014970e-01
14 23 5.013080e-01
14 24 3.755280e-01
14 25 2.460520e-01
14 26 1.362180e-01
14 27 6.104070e-02
14 28 2.097860e-02
14 29 5.172410e-03
14 30 8.419190e-04
14 31 8.175990e-05
14 32 4.803160e-06
14 33 2.357250e-07
14 34 0.000000e+00
14 35 0.000000e+00
14 36 0.000000e+00
14 37 0.000000e+00
14 38 0.000000e+00
14 39 0.000000e+00
14 40 0.000000e+00
15 1 8.336550e-03
15 2 3.396130e-03
15 3 5.025760e-03
15 4 6.886170e-03
15 5 9.905040e-03
15 6 1.413980e-02
15 7 2.015800e-02
15 8 2.905290e-02
15 9 4.190110e-02
15 10 6.121150e-02
15 11 8.905840e-02
15 12 1.298250e-01
15 13 1.896530e-01
15 14 2.790420e-01
15 15 3.936210e-01
15 16 4.743920e-01
15 17 5.398560e-01
15 18 5.984690e-01
15 19 6.414740e-01
15 20 6.603680e-01
15 21 6.447910e-01
15 22 5.896340e-01
15 23 4.960510e-01
15 24 3.758410e-01
15 25 2.496720e-01
15 26 1.405110e-01
15 27 6.421240e-02
15 28 2.258530e-02
15 29 5.720940e-03
15 30 9.607960e-04
15 31 9.669670e-05
15 32 5.725940e-06
15 33 2.941240e-07
15 34 0.000000e+00
15 35 0.000000e+00
15 36 0.000000e+00
15 37 0.000000e+00
15 38 0.000000e+00
15 39 0.000000e+00
15 40 0.000000e+00
16 1 6.074360e-03
16 2 2.476430e-03
16 3 3.665910e-03
16 4 5.024950e-03
16 5 7.231810e-03
16 6 1.032850e-02
16 7 1.471800e-02
16 8 2.117290e-02
16 9 3.048960e-02
16 10 4.461260e-02
16 11 6.536930e-02
16 12 9.615470e-02
16 13 1.414010e-01
16 14 2.090870e-01
16 15 3.097020e-01
16 16 4.400210e-01
16 17 5.226550e-01
16 18 5.816030e-01
16 19 6.263010e-01
16 20 6.484740e-01
16 21 6.375660e-01
16 22 5.881480e-01
16 23 5.000810e-01
16 24 3.838160e-01
16 25 2.589770e-01
16 26 1.484930e-01
16 27 6.938080e-02
16 28 2.505260e-02
16 29 6.543600e-03
16 30 1.138860e-03
16 31 1.193410e-04
16 32 7.142590e-06
16 33 3.859390e-07
16 34 0.000000e+00
16 35 0.000000e+00
16 36 0.000000e+00
16 37 0.000000e+00
16 38 0.000000e+00
16 39 0.000000e+00
16 40 0.000000e+00
17 1 4.636900e-03
17 2 1.890310e-03
17 3 2.798260e-03
17 4 3.835790e-03
17 5 5.520300e-03
17 6 7.884500e-03
17 7 1.123640e-02
17 8 1.614290e-02
17 9 2.315000e-02
17 10 3.366210e-02
17 11 4.898860e-02
17 12 7.170180e-02
17 13 1.052050e-01
17 14 1.554580e-01
17 15 2.303590e-01
17 16 3.444050e-01
17 17 4.903860e-01
17 18 5.730090e-01
17 19 6.204530e-01
17 20 6.468290e-01
17 21 6.412040e-01
17 22 5.975500e-01
17 23 5.144200e-01
17 24 4.007790e-01
17 25 2.753200e-01
17 26 1.612790e-01
17 27 7.727110e-02
17 28 2.873740e-02
17 29 7.766770e-03
17 30 1.405820e-03
17 31 1.539750e-04
17 32 9.446330e-06
17 33 5.292060e-07
17 34 0.000000e+00
17 35 0.000000e+00
17 36 0.000000e+00
17 37 0.000000e+00
17 38 0.000000e+00
17 39 0.000000e+00
17 40 0.000000e+00
18 1 3.287380e-03
18 2 1.341440e-03
18 3 1.986720e-03
18 4 2.724790e-03
18 5 3.923920e-03
18 6 5.608570e-03
18 7 7.999610e-03
18 8 1.149830e-02
18 9 1.648560e-02
18 10 2.396930e-02
18 11 3.492660e-02
18 12 5.132290e-02
18 13 7.581080e-02
18 14 1.127560e-01
18 15 1.680130e-01
18 16 2.524650e-01
18 17 3.816470e-01
18 18 5.465340e-01
18 19 6.258670e-01
18 20 6.573360e-01
18 21 6.576510e-01
18 22 6.197040e-01
18 23 5.408790e-01
18 24 4.284260e-01
18 25 3.002270e-01
18 26 1.801020e-01
18 27 8.874770e-02
18 28 3.411450e-02
18 29 9.583090e-03
18 30 1.813830e-03
18 31 2.091170e-04
18 32 1.349460e-05
18 33 7.705760e-07
18 34 0.000000e+00
18 35 0.000000e+00
18 36 0.000000e+00
18 37 0.000000e+00
18 38 0.000000e+00
18 39 0.000000e+00
18 40 0.000000e+00
19 1 2.177670e-03
19 2 8.901580e-04
19 3 1.319120e-03
19 4 1.810720e-03
19 5 2.610240e-03
19 6 3.735760e-03
19 7 5.337050e-03
19 8 7.685710e-03
19 9 1.103560e-02
19 10 1.606080e-02
19 11 2.344390e-02
19 12 3.460000e-02
19 13 5.158660e-02
19 14 7.794590e-02
19 15 1.180360e-01
19 16 1.796730e-01
19 17 2.746470e-01
19 18 4.222450e-01
19 19 6.093190e-01
19 20 6.829170e-01
19 21 6.899320e-01
19 22 6.579700e-01
19 23 5.827710e-01
19 24 4.699530e-01
19 25 3.365310e-01
19 26 2.071900e-01
19 27 1.053180e-01
19 28 4.200070e-02
19 29 1.232410e-02
19 30 2.455160e-03
19 31 3.005100e-04
19 32 2.058550e-05
19 33 1.204660e-06
19 34 0.000000e+00
19 35 0.000000e+00
19 36 0.000000e+00
19 37 0.000000e+00
19 38 0.000000e+00
19 39 0.000000e+00
19 40 0.000000e+00
20 1 1.559060e-03
20 2 6.375940e-04
20 3 9.450120e-04
20 4 1.297260e-03
20 5 1.870450e-03
20 6 2.677780e-03
20 7 3.826800e-03
20 8 5.513060e-03
20 9 7.920320e-03
20 10 1.152330e-02
20 11 1.677480e-02
20 12 2.461690e-02
20 13 3.638790e-02
20 14 5.438210e-02
20 15 8.212750e-02
20 16 1.257920e-01
20 17 1.935960e-01
20 18 2.997750e-01
20 19 4.666260e-01
20 20 6.767210e-01
20 21 7.369400e-01
20 22 7.128540e-01
20 23 6.422540e-01
20 24 5.288730e-01
20 25 3.883240e-01
20 26 2.463080e-01
20 27 1.296800e-01
20 28 5.387880e-02
20 29 1.657760e-02
20 30 3.486790e-03
20 31 4.538090e-04
20 32 3.288850e-05
20 33 1.946070e-06
20 34 0.000000e+00
20 35 0.000000e+00
20 36 0.000000e+00
20 37 0.000000e+00
20 38 0.000000e+00
20 39 0.000000e+00
20 40 0.000000e+00
21 1 1.043860e-03
21 2 4.272030e-04
21 3 6.334510e-04
21 4 8.701910e-04
21 5 1.255590e-03
21 6 1.799080e-03
21 7 2.574140e-03
21 8 3.713830e-03
21 9 5.344740e-03
21 10 7.793200e-03
21 11 1.137420e-02
21 12 1.673800e-02
21 13 2.482760e-02
21 14 3.731770e-02
21 15 5.648550e-02
21 16 8.642680e-02
21 17 1.333270e-01
21 18 2.075710e-01
21 19 3.255830e-01
21 20 5.146020e-01
21 21 7.493450e-01
21 22 7.908740e-01
21 23 7.261860e-01
21 24 6.117080e-01
21 25 4.616340e-01
21 26 3.025500e-01
21 27 1.655800e-01
21 28 7.199250e-02
21 29 2.335150e-02
21 30 5.220850e-03
21 31 7.286710e-04
21 32 5.639930e-05
21 33 3.359430e-06
21 34 1.383400e-07
21 35 8.041180e-08
21 36 0.000000e+00
21 37 0.000000e+00
21 38 0.000000e+00
21 39 0.000000e+00
21 40 0.000000e+00
22 1 6.441400e-04
22 2 2.644250e-04
22 3 3.924060e-04
22 4 5.395440e-04
22 5 7.794390e-04
22 6 1.118500e-03
22 7 1.603210e-03
22 8 2.318280e-03
22 9 3.345640e-03
22 10 4.894530e-03
22 11 7.172440e-03
22 12 1.060320e-02
22 13 1.580760e-02
22 14 2.389450e-02
22 15 3.643070e-02
22 16 5.626060e-02
22 17 8.769820e-02
22 18 1.381250e-01
22 19 2.194540e-01
22 20 3.518130e-01
22 21 5.663600e-01
22 22 8.298980e-01
22 23 8.434050e-01
22 24 7.279140e-01
22 25 5.657030e-01
22 26 3.840940e-01
22 27 2.192830e-01
22 28 1.002340e-01
22 29 3.447880e-02
22 30 8.255610e-03
22 31 1.247230e-03
22 32 1.053380e-04
22 33 5.376150e-06
22 34 1.484750e-06
22 35 2.561320e-07
22 36 0.000000e+00
22 37 0.000000e+00
22 38 0.000000e+00
22 39 0.000000e+00
22 40 0.000000e+00
23 1 3.618270e-04
23 2 1.491390e-04
23 3 2.215390e-04
23 4 3.050110e-04
23 5 4.413000e-04
23 6 6.345070e-04
23 7 9.117140e-04
23 8 1.322270e-03
23 9 1.915280e-03
23 10 2.814750e-03
23 11 4.147480e-03
23 12 6.172040e-03
23 13 9.270260e-03
23 14 1.412620e-02
23 15 2.174900e-02
23 16 3.403220e-02
23 17 5.394690e-02
23 18 8.658840e-02
23 19 1.402940e-01
23 20 2.295330e-01
23 21 3.774830e-01
23 22 6.222790e-01
23 23 9.183130e-01
23 24 8.925730e-01
23 25 7.154750e-01
23 26 5.043980e-01
23 27 3.013390e-01
23 28 1.454400e-01
23 29 5.336860e-02
23 30 1.379010e-02
23 31 2.278300e-03
23 32 2.133040e-04
23 33 1.077570e-05
23 34 1.530640e-06
23 35 3.546120e-08
23 36 0.000000e+00
23 37 0.000000e+00
23 38 0.000000e+00
23 39 0.000000e+00
23 40 0.000000e+00
24 1 1.953150e-04
24 2 8.084570e-05
24 3 1.202130e-04
24 4 1.657060e-04
24 5 2.401450e-04
24 6 3.459780e-04
24 7 4.983960e-04
24 8 7.251240e-04
24 9 1.054320e-03
24 10 1.556600e-03
24 11 2.306600e-03
24 12 3.455970e-03
24 13 5.232920e-03
24 14 8.047130e-03
24 15 1.251350e-02
24 16 1.979850e-02
24 17 3.177910e-02
24 18 5.176560e-02
24 19 8.537190e-02
24 20 1.425020e-01
24 21 2.396160e-01
24 22 4.047310e-01
24 23 6.824700e-01
24 24 1.011620e+00
24 25 9.332020e-01
24 26 6.852880e-01
24 27 4.301870e-01
24 28 2.203550e-01
24 29 8.677460e-02
24 30 2.436210e-02
24 31 4.433640e-03
24 32 4.639430e-04
24 33 2.497770e-05
24 34 1.682450e-06
24 35 1.543910e-08
24 36 0.000000e+00
24 37 0.000000e+00
24 38 0.000000e+00
24 39 0.000000e+00
24 40 0.000000e+00
25 1 9.471220e-05
25 2 3.942590e-05
25 3 5.870630e-05
25 4 8.106180e-05
25 5 1.177100e-04
25 6 1.700150e-04
25 7 2.456580e-04
25 8 3.587780e-04
25 9 5.241530e-04
25 10 7.784070e-04
25 11 1.161640e-03
25 12 1.755310e-03
25 13 2.684950e-03
25 14 4.179190e-03
25 15 6.590490e-03
25 16 1.059170e-02
25 17 1.729470e-02
25 18 2.870720e-02
25 19 4.835190e-02
25 20 8.265700e-02
25 21 1.427220e-01
25 22 2.482000e-01
25 23 4.319730e-01
25 24 7.469260e-01
25 25 1.111290e+00
25 26 9.634080e-01
25 27 6.373000e-01
25 28 3.479490e-01
25 29 1.479020e-01
25 30 4.546810e-02
25 31 9.204400e-03
25 32 1.090200e-03
25 33 6.571910e-05
25 34 2.879560e-06
25 35 4.972200e-08
25 36 1.449200e-09
25 37 0.000000e+00
25 38 0.000000e+00
25 39 0.000000e+00
25 40 0.000000e+00
26 1 3.778940e-05
26 2 1.604850e-05
26 3 2.390800e-05
26 4 3.303150e-05
26 5 4.800690e-05
26 6 6.942190e-05
26 7 1.004670e-04
26 8 1.470450e-04
26 9 2.154540e-04
26 10 3.212480e-04
26 11 4.820810e-04
26 12 7.340520e-04
26 13 1.134520e-03
26 14 1.790290e-03
26 15 2.874120e-03
26 16 4.725340e-03
26 17 7.936390e-03
26 18 1.360510e-02
26 19 2.372400e-02
26 20 4.207050e-02
26 21 7.554660e-02
26 22 1.371390e-01
26 23 2.501920e-01
26 24 4.547880e-01
26 25 8.152930e-01
26 26 1.222190e+00
26 27 9.833860e-01
26 28 5.723190e-01
26 29 2.632350e-01
26 30 8.911800e-02
26 31 2.028070e-02
26 32 2.768760e-03
26 33 1.964900e-04
26 34 6.839490e-06
26 35 1.802930e-07
26 36 5.275490e-09
26 37 0.000000e+00
26 38 0.000000e+00
26 39 0.000000e+00
26 40 0.000000e+00
27 1 1.387810e-05
27 2 6.179740e-06
27 3 9.227870e-06
27 4 1.278530e-05
27 5 1.864330e-05
27 6 2.706770e-05
27 7 3.936990e-05
27 8 5.797060e-05
27 9 8.555500e-05
27 10 1.286710e-04
27 11 1.950490e-04
27 12 3.004790e-04
27 13 4.706780e-04
27 14 7.543290e-04
27 15 1.232330e-03
27 16 2.066860e-03
27 17 3.552200e-03
27 18 6.255110e-03
27 19 1.123240e-02
27 20 2.052750e-02
27 21 3.798610e-02
27 22 7.122870e-02
27 23 1.349860e-01
27 24 2.563970e-01
27 25 4.826810e-01
27 26 8.885160e-01
27 27 1.328730e+00
27 28 9.806320e-01
27 29 4.918660e-01
27 30 1.848930e-01
27 31 4.762660e-02
27 32 7.512640e-03
27 33 6.295090e-04
27 34 2.403100e-05
27 35 5.992410e-07
27 36 1.738140e-08
27 37 0.000000e+00
27 38 0.000000e+00
27 39 0.000000e+00
27 40 0.000000e+00
28 1 3.586210e-06
28 2 1.857820e-06
28 3 2.819200e-06
28 4 3.930960e-06
28 5 5.748970e-06
28 6 8.374420e-06
28 7 1.222770e-05
28 8 1.808990e-05
28 9 2.685190e-05
28 10 4.067260e-05
28 11 6.220480e-05
28 12 9.689500e-05
28 13 1.538400e-04
28 14 2.506360e-04
28 15 4.178690e-04
28 16 7.185110e-04
28 17 1.273080e-03
28 18 2.328330e-03
28 19 4.380250e-03
28 20 8.424770e-03
28 21 1.640180e-02
28 22 3.220800e-02
28 23 6.394540e-02
28 24 1.283040e-01
28 25 2.573100e-01
28 26 5.073190e-01
28 27 9.664370e-01
28 28 1.441740e+00
28 29 9.589900e-01
28 30 4.015340e-01
28 31 1.180710e-01
28 32 2.182730e-02
28 33 2.206410e-03
28 34 1.028330e-04
28 35 2.547010e-06
28 36 6.174430e-08
28 37 0.000000e+00
28 38 0.000000e+00
28 39 0.000000e+00
28 40 0.000000e+00
29 1 6.274460e-07
29 2 3.591730e-07
29 3 5.942480e-07
29 4 9.077950e-07
29 5 1.424560e-06
29 6 2.158670e-06
29 7 3.198830e-06
29 8 4.729350e-06
29 9 6.982880e-06
29 10 1.051570e-05
29 11 1.599660e-05
29 12 2.481050e-05
29 13 3.931750e-05
29 14 6.418880e-05
29 15 1.078590e-04
29 16 1.883930e-04
29 17 3.423770e-04
29 18 6.495630e-04
29 19 1.285600e-03
29 20 2.652220e-03
29 21 5.653730e-03
29 22 1.217510e-02
29 23 2.593640e-02
29 24 5.512020e-02
29 25 1.176180e-01
29 26 2.511420e-01
29 27 5.252570e-01
29 28 1.046970e+00
29 29 1.561500e+00
29 30 9.161810e-01
29 31 3.076220e-01
29 32 6.713940e-02
29 33 8.324930e-03
29 34 4.942360e-04
29 35 1.275260e-05
29 36 2.402130e-07
29 37 5.476600e-10
29 38 0.000000e+00
29 39 0.000000e+00
29 40 0.000000e+00
30 1 8.432460e-08
30 2 4.827050e-08
30 3 7.986300e-08
30 4 1.221690e-07
30 5 1.957540e-07
30 6 3.109750e-07
30 7 4.918660e-07
30 8 7.808030e-07
30 9 1.222600e-06
30 10 1.930210e-06
30 11 3.060030e-06
30 12 4.928030e-06
30 13 8.091130e-06
30 14 1.370060e-05
30 15 2.395510e-05
30 16 4.371670e-05
30 17 8.340720e-05
30 18 1.671600e-04
30 19 3.520930e-04
30 20 7.789310e-04
30 21 1.769670e-03
30 22 4.038690e-03
30 23 9.189340e-03
30 24 2.087780e-02
30 25 4.761570e-02
30 26 1.095830e-01
30 27 2.502410e-01
30 28 5.505940e-01
30 29 1.132080e+00
30 30 1.666740e+00
30 31 8.488210e-01
30 32 2.198940e-01
30 33 3.358030e-02
30 34 2.554430e-03
30 35 7.929810e-05
30 36 1.424200e-06
30 37 2.879410e-08
30 38 0.000000e+00
30 39 0.000000e+00
30 40 0.000000e+00
31 1 1.234480e-08
31 2 7.066600e-09
31 3 1.169160e-08
31 4 1.788500e-08
31 5 2.865750e-08
31 6 4.552540e-08
31 7 7.200110e-08
31 8 1.144280e-07
31 9 1.806110e-07
31 10 2.873640e-07
31 11 4.550280e-07
31 12 7.308930e-07
31 13 1.212990e-06
31 14 2.075030e-06
31 15 3.673920e-06
31 16 6.826340e-06
31 17 1.337730e-05
31 18 2.773900e-05
31 19 6.098380e-05
31 20 1.425510e-04
31 21 3.525670e-04
31 22 9.062300e-04
31 23 2.341400e-03
31 24 6.015750e-03
31 25 1.533990e-02
31 26 3.863750e-02
31 27 9.761020e-02
31 28 2.426840e-01
31 29 5.711560e-01
31 30 1.223820e+00
31 31 1.769720e+00
31 32 7.600870e-01
31 33 1.441200e-01
31 34 1.431790e-02
31 35 6.023820e-04
31 36 9.091990e-06
31 37 3.005490e-07
31 38 0.000000e+00
31 39 0.000000e+00
31 40 0.000000e+00
32 1 1.951620e-09
32 2 1.117180e-09
32 3 1.848360e-09
32 4 2.827490e-09
32 5 4.530550e-09
32 6 7.197260e-09
32 7 1.138290e-08
32 8 1.809030e-08
32 9 2.855340e-08
32 10 4.543020e-08
32 11 7.192350e-08
32 12 1.139730e-07
32 13 1.804350e-07
32 14 2.864400e-07
32 15 4.593180e-07
32 16 7.838230e-07
32 17 1.469250e-06
32 18 3.063460e-06
32 19 7.031810e-06
32 20 1.769720e-05
32 21 4.807000e-05
32 22 1.399360e-04
32 23 4.259050e-04
32 24 1.297160e-03
32 25 3.829790e-03
32 26 1.071020e-02
32 27 2.987030e-02
32 28 8.420320e-02
32 29 2.313160e-01
32 30 5.881940e-01
32 31 1.317980e+00
32 32 1.864220e+00
32 33 6.562190e-01
32 34 8.532540e-02
32 35 5.038480e-03
32 36 1.037460e-04
32 37 1.708000e-06
32 38 0.000000e+00
32 39 0.000000e+00
32 40 0.000000e+00
33 1 5.632400e-10
33 2 3.224200e-10
33 3 5.334400e-10
33 4 8.160100e-10
33 5 1.307520e-09
33 6 2.077130e-09
33 7 3.285100e-09
33 8 5.220840e-09
33 9 8.240500e-09
33 10 1.311120e-08
33 11 2.075710e-08
33 12 3.289260e-08
33 13 5.207360e-08
33 14 8.266640e-08
33 15 1.308440e-07
33 16 2.075470e-07
33 17 3.289380e-07
33 18 5.219150e-07
33 19 8.680390e-07
33 20 1.705640e-06
33 21 4.414320e-06
33 22 1.393310e-05
33 23 4.929140e-05
33 24 1.838690e-04
33 25 6.714730e-04
33 26 2.189780e-03
33 27 6.835370e-03
33 28 2.177470e-02
33 29 7.022350e-02
33 30 2.170820e-01
33 31 6.026710e-01
33 32 1.414800e+00
33 33 1.944850e+00
33 34 5.440600e-01
33 35 4.486530e-02
33 36 1.410320e-03
33 37 1.318910e-05
33 38 5.974750e-08
33 39 0.000000e+00
33 40 0.000000e+00
34 1 2.394200e-10
34 2 1.370500e-10
34 3 2.267500e-10
34 4 3.468600e-10
34 5 5.557900e-10
34 6 8.829300e-10
34 7 1.396400e-09
34 8 2.219230e-09
34 9 3.502800e-09
34 10 5.573170e-09
34 11 8.823240e-09
34 12 1.398170e-08
34 13 2.213500e-08
34 14 3.513910e-08
34 15 5.561790e-08
34 16 8.822200e-08
34 17 1.398220e-07
34 18 2.216210e-07
34 19 3.509980e-07
34 20 5.565980e-07
34 21 8.840600e-07
34 22 1.530200e-06
34 23 3.582370e-06
34 24 1.265880e-05
34 25 5.594880e-05
34 26 2.516350e-04
34 27 9.874300e-04
34 28 3.726570e-03
34 29 1.443620e-02
34 30 5.574470e-02
34 31 1.998890e-01
34 32 6.151740e-01
34 33 1.515850e+00
34 34 2.007070e+00
34 35 4.315350e-01
34 36 2.056370e-02
34 37 3.011800e-04
34 38 1.140150e-06
34 39 0.000000e+00
34 40 0.000000e+00
35 1 1.020700e-10
35 2 5.843000e-11
35 3 9.667200e-11
35 4 1.478800e-10
35 5 2.369500e-10
35 6 3.764300e-10
35 7 5.953400e-10
35 8 9.461500e-10
35 9 1.493380e-09
35 10 2.376060e-09
35 11 3.761700e-09
35 12 5.960950e-09
35 13 9.437020e-09
35 14 1.498120e-08
35 15 2.371210e-08
35 16 3.761250e-08
35 17 5.961170e-08
35 18 9.448560e-08
35 19 1.496440e-07
35 20 2.373000e-07
35 21 3.760080e-07
35 22 5.960530e-07
35 23 9.447030e-07
35 24 1.525460e-06
35 25 3.062190e-06
35 26 1.045930e-05
35 27 4.980250e-05
35 28 2.669270e-04
35 29 1.488060e-03
35 30 8.161620e-03
35 31 4.138250e-02
35 32 1.803970e-01
35 33 6.261310e-01
35 34 1.618390e+00
35 35 2.048500e+00
35 36 3.276150e-01
35 37 8.005960e-03
35 38 4.657690e-05
35 39 1.014050e-07
35 40 0.000000e+00
36 1 4.818800e-11
36 2 2.758500e-11
36 3 4.563900e-11
36 4 6.981500e-11
36 5 1.118700e-10
36 6 1.777100e-10
36 7 2.810600e-10
36 8 4.466700e-10
36 9 7.050200e-10
36 10 1.121730e-09
36 11 1.775890e-09
36 12 2.814150e-09
36 13 4.455190e-09
36 14 7.072580e-09
36 15 1.119440e-08
36 16 1.775680e-08
36 17 2.814250e-08
36 18 4.460640e-08
36 19 7.064670e-08
36 20 1.120290e-07
36 21 1.775120e-07
36 22 2.813950e-07
36 23 4.459790e-07
36 24 7.067420e-07
36 25 1.120690e-06
36 26 1.869410e-06
36 27 4.421050e-06
36 28 1.781420e-05
36 29 1.041190e-04
36 30 6.981310e-04
36 31 4.773470e-03
36 32 3.015200e-02
36 33 1.588540e-01
36 34 6.287170e-01
36 35 1.718280e+00
36 36 2.073650e+00
36 37 2.383900e-01
36 38 2.561420e-03
36 39 5.714040e-06
36 40 0.000000e+00
37 1 2.280300e-11
37 2 1.305300e-11
37 3 2.159600e-11
37 4 3.303700e-11
37 5 5.293500e-11
37 6 8.409300e-11
37 7 1.330000e-10
37 8 2.113700e-10
37 9 3.336200e-10
37 10 5.308100e-10
37 11 8.403600e-10
37 12 1.331670e-09
37 13 2.108220e-09
37 14 3.346780e-09
37 15 5.297270e-09
37 16 8.402610e-09
37 17 1.331720e-08
37 18 2.110800e-08
37 19 3.343040e-08
37 20 5.301260e-08
37 21 8.399990e-08
37 22 1.331580e-07
37 23 2.110400e-07
37 24 3.344340e-07
37 25 5.300720e-07
37 26 8.402960e-07
37 27 1.368790e-06
37 28 2.612630e-06
37 29 7.693580e-06
37 30 4.281180e-05
37 31 3.239910e-04
37 32 2.690770e-03
37 33 2.119970e-02
37 34 1.370340e-01
37 35 6.272040e-01
37 36 1.817540e+00
37 37 2.079730e+00
37 38 1.664850e-01
37 39 6.519530e-04
37 40 9.323000e-07
38 1 1.069000e-11
38 2 6.119300e-12
38 3 1.012400e-11
38 4 1.548800e-11
38 5 2.481600e-11
38 6 3.942300e-11
38 7 6.234900e-11
38 8 9.908900e-11
38 9 1.564000e-10
38 10 2.488400e-10
38 11 3.939600e-10
38 12 6.242800e-10
38 13 9.883300e-10
38 14 1.568970e-09
38 15 2.483350e-09
38 16 3.939130e-09
38 17 6.243070e-09
38 18 9.895390e-09
38 19 1.567210e-08
38 20 2.485220e-08
38 21 3.937900e-08
38 22 6.242400e-08
38 23 9.893500e-08
38 24 1.567820e-07
38 25 2.484970e-07
38 26 3.938380e-07
38 27 6.243150e-07
38 28 1.012310e-06
38 29 1.886210e-06
38 30 5.012080e-06
38 31 2.267340e-05
38 32 1.643460e-04
38 33 1.508620e-03
38 34 1.444460e-02
38 35 1.158880e-01
38 36 6.222700e-01
38 37 1.914790e+00
38 38 2.068740e+00
38 39 1.123420e-01
38 40 1.290790e-04
39 1 4.165700e-12
39 2 2.384600e-12
39 3 3.945300e-12
39 4 6.035200e-12
39 5 9.670400e-12
39 6 1.536200e-11
39 7 2.429600e-11
39 8 3.861300e-11
39 9 6.094600e-11
39 10 9.697000e-11
39 11 1.535200e-10
39 12 2.432700e-10
39 13 3.851300e-10
39 14 6.114000e-10
39 15 9.677200e-10
39 16 1.535010e-09
39 17 2.432820e-09
39 18 3.856060e-09
39 19 6.107150e-09
39 20 9.684460e-09
39 21 1.534530e-08
39 22 2.432560e-08
39 23 3.855320e-08
39 24 6.109520e-08
39 25 9.683470e-08
39 26 1.534720e-07
39 27 2.432340e-07
39 28 3.855000e-07
39 29 6.130710e-07
39 30 1.026760e-06
39 31 2.184850e-06
39 32 8.770520e-06
39 33 6.950040e-05
39 34 7.717700e-04
39 35 9.330120e-03
39 36 9.581180e-02
39 37 6.153540e-01
39 38 2.009670e+00
39 39 2.043370e+00
39 40 7.377130e-02
40 1 3.440300e-12
40 2 1.969400e-12
40 3 3.258300e-12
40 4 4.984300e-12
40 5 7.986400e-12
40 6 1.268700e-11
40 7 2.006600e-11
40 8 3.188900e-11
40 9 5.033400e-11
40 10 8.008400e-11
40 11 1.267900e-10
40 12 2.009100e-10
40 13 3.180700e-10
40 14 5.049300e-10
40 15 7.992100e-10
40 16 1.267710e-09
40 17 2.009180e-09
40 18 3.184590e-09
40 19 5.043690e-09
40 20 7.998060e-09
40 21 1.267320e-08
40 22 2.008960e-08
40 23 3.183980e-08
40 24 5.045650e-08
40 25 7.997250e-08
40 26 1.267470e-07
40 27 2.008790e-07
40 28 3.183710e-07
40 29 5.045810e-07
40 30 7.996520e-07
40 31 1.266780e-06
40 32 2.006480e-06
40 33 3.561950e-06
40 34 1.658690e-05
40 35 2.599110e-04
40 36 5.006780e-03
40 37 7.522500e-02
40 38 6.078680e-01
40 39 2.105510e+00
40 40 2.052590e+00
