1 6.107970e-02
2 6.107970e-02
3 6.107970e-02
4 6.107970e-02
5 6.107970e-02
6 6.107970e-02
7 6.107970e-02
8 6.107970e-02
9 6.107970e-02
10 6.107970e-02
11 6.107970e-02
12 6.107970e-02
13 6.107970e-02
14 6.107970e-02
15 6.107970e-02
16 6.107970e-02
17 6.107970e-02
18 6.107970e-02
19 6.107970e-02
20 6.107970e-02
21 6.107970e-02
22 6.107970e-02
23 6.107970e-02
24 6.107970e-02
25 6.107970e-02
26 6.107970e-02
27 6.107970e-02
28 6.107970e-02
29 6.107970e-02
30 6.107970e-02
31 6.107970e-02
32 6.107970e-02
33 6.107970e-02
34 6.107970e-02
35 6.107970e-02
36 6.107970e-02
37 6.107970e-02
38 6.107970e-02
39 6.107970e-02
40 6.107970e-02
