1 1 1.924640e-01
1 2 7.128300e-02
1 3 9.338470e-02
1 4 1.130650e-01
1 5 1.435800e-01
1 6 1.802990e-01
1 7 2.251630e-01
1 8 2.821190e-01
1 9 3.505010e-01
1 10 4.378730e-01
1 11 5.425610e-01
1 12 6.705100e-01
1 13 8.240620e-01
1 14 1.009390e+00
1 15 1.223550e+00
1 16 1.472300e+00
1 17 1.748930e+00
1 18 2.046900e+00
1 19 2.349390e+00
1 20 2.636630e+00
1 21 2.870090e+00
1 22 3.011410e+00
1 23 3.013410e+00
1 24 2.841300e+00
1 25 2.487750e+00
1 26 1.984210e+00
1 27 1.408050e+00
1 28 8.631170e-01
1 29 4.405460e-01
1 30 1.788750e-01
1 31 5.459530e-02
1 32 1.167780e-02
1 33 1.606050e-03
1 34 1.276840e-04
1 35 5.713840e-06
1 36 2.542890e-07
1 37 0.000000e+00
1 38 0.000000e+00
1 39 0.000000e+00
1 40 0.000000e+00
2 1 1.525850e-01
2 2 6.226480e-02
2 3 8.343390e-02
2 4 1.010510e-01
2 5 1.283230e-01
2 6 1.611420e-01
2 7 2.012390e-01
2 8 2.521460e-01
2 9 3.132640e-01
2 10 3.913570e-01
2 11 4.849320e-01
2 12 5.993050e-01
2 13 7.365530e-01
2 14 9.022180e-01
2 15 1.093660e+00
2 16 1.316120e+00
2 17 1.563440e+00
2 18 1.829890e+00
2 19 2.100450e+00
2 20 2.357520e+00
2 21 2.566620e+00
2 22 2.693290e+00
2 23 2.695580e+00
2 24 2.542210e+00
2 25 2.226560e+00
2 26 1.776560e+00
2 27 1.261300e+00
2 28 7.736260e-01
2 29 3.951640e-01
2 30 1.605920e-01
2 31 4.906800e-02
2 32 1.051080e-02
2 33 1.448080e-03
2 34 1.154040e-04
2 35 5.362050e-06
2 36 2.308520e-07
2 37 0.000000e+00
2 38 0.000000e+00
2 39 0.000000e+00
2 40 0.000000e+00
3 1 1.202240e-01
3 2 5.045580e-02
3 3 7.280330e-02
3 4 9.020470e-02
3 5 1.145760e-01
3 6 1.438790e-01
3 7 1.796820e-01
3 8 2.251370e-01
3 9 2.797110e-01
3 10 3.494440e-01
3 11 4.330060e-01
3 12 5.351440e-01
3 13 6.577100e-01
3 14 8.056640e-01
3 15 9.766450e-01
3 16 1.175390e+00
3 17 1.396360e+00
3 18 1.634430e+00
3 19 1.876260e+00
3 20 2.106150e+00
3 21 2.293350e+00
3 22 2.406830e+00
3 23 2.409530e+00
3 24 2.273110e+00
3 25 1.991610e+00
3 26 1.589840e+00
3 27 1.129430e+00
3 28 6.932660e-01
3 29 3.544470e-01
3 30 1.442070e-01
3 31 4.412380e-02
3 32 9.468790e-03
3 33 1.307340e-03
3 34 1.045190e-04
3 35 4.976940e-06
3 36 2.102860e-07
3 37 0.000000e+00
3 38 0.000000e+00
3 39 0.000000e+00
3 40 0.000000e+00
4 1 9.362470e-02
4 2 3.961650e-02
4 3 5.894910e-02
4 4 7.886350e-02
4 5 1.023480e-01
4 6 1.285440e-01
4 7 1.605330e-01
4 8 2.011450e-01
4 9 2.499060e-01
4 10 3.122140e-01
4 11 3.868820e-01
4 12 4.781490e-01
4 13 5.876860e-01
4 14 7.199100e-01
4 15 8.727350e-01
4 16 1.050380e+00
4 17 1.247990e+00
4 18 1.460880e+00
4 19 1.677260e+00
4 20 1.883010e+00
4 21 2.050800e+00
4 22 2.152610e+00
4 23 2.155850e+00
4 24 2.034560e+00
4 25 1.783390e+00
4 26 1.424450e+00
4 27 1.012710e+00
4 28 6.222130e-01
4 29 3.184870e-01
4 30 1.297600e-01
4 31 3.977540e-02
4 32 8.554480e-03
4 33 1.184250e-03
4 34 9.506670e-05
4 35 4.539920e-06
4 36 1.925410e-07
4 37 0.000000e+00
4 38 0.000000e+00
4 39 0.000000e+00
4 40 0.000000e+00
5 1 7.521720e-02
5 2 3.148040e-02
5 3 4.672030e-02
5 4 6.403050e-02
5 5 8.966000e-02
5 6 1.150330e-01
5 7 1.436770e-01
5 8 1.800260e-01
5 9 2.236710e-01
5 10 2.794420e-01
5 11 3.462810e-01
5 12 4.279830e-01
5 13 5.260490e-01
5 14 6.444350e-01
5 15 7.812900e-01
5 16 9.403550e-01
5 17 1.117430e+00
5 18 1.308200e+00
5 19 1.502190e+00
5 20 1.686750e+00
5 21 1.837460e+00
5 22 1.929180e+00
5 23 1.932900e+00
5 24 1.825030e+00
5 25 1.600650e+00
5 26 1.279390e+00
5 27 9.104200e-01
5 28 5.600250e-01
5 29 2.870650e-01
5 30 1.171630e-01
5 31 3.599360e-02
5 32 7.762000e-03
5 33 1.078070e-03
5 34 8.694080e-05
5 35 4.167940e-06
5 36 1.776010e-07
5 37 0.000000e+00
5 38 0.000000e+00
5 39 0.000000e+00
5 40 0.000000e+00
6 1 5.955320e-02
6 2 2.480250e-02
6 3 3.686140e-02
6 4 5.056570e-02
6 5 7.265630e-02
6 6 1.008190e-01
6 7 1.285970e-01
6 8 1.611460e-01
6 9 2.002180e-01
6 10 2.501470e-01
6 11 3.099870e-01
6 12 3.831430e-01
6 13 4.709530e-01
6 14 5.769790e-01
6 15 6.995580e-01
6 16 8.420510e-01
6 17 1.000750e+00
6 18 1.171810e+00
6 19 1.345800e+00
6 20 1.511510e+00
6 21 1.646950e+00
6 22 1.729890e+00
6 23 1.734020e+00
6 24 1.638250e+00
6 25 1.437920e+00
6 26 1.150330e+00
6 27 8.195180e-01
6 28 5.048480e-01
6 29 2.592450e-01
6 30 1.060430e-01
6 31 3.266710e-02
6 32 7.068220e-03
6 33 9.857820e-04
6 34 7.990810e-05
6 35 3.851270e-06
6 36 1.650610e-07
6 37 0.000000e+00
6 38 0.000000e+00
6 39 0.000000e+00
6 40 0.000000e+00
7 1 4.572800e-02
7 2 1.897910e-02
7 3 2.853670e-02
7 4 3.951800e-02
7 5 5.709520e-02
7 6 8.153930e-02
7 7 1.128890e-01
7 8 1.444630e-01
7 9 1.795030e-01
7 10 2.242720e-01
7 11 2.779340e-01
7 12 3.435400e-01
7 13 4.223030e-01
7 14 5.174150e-01
7 15 6.273870e-01
7 16 7.552790e-01
7 17 8.977390e-01
7 18 1.051440e+00
7 19 1.207830e+00
7 20 1.356940e+00
7 21 1.479070e+00
7 22 1.554380e+00
7 23 1.558890e+00
7 24 1.473870e+00
7 25 1.294850e+00
7 26 1.037090e+00
7 27 7.398510e-01
7 28 4.565980e-01
7 29 2.349910e-01
7 30 9.638600e-02
7 31 2.979290e-02
7 32 6.473120e-03
7 33 9.074460e-04
7 34 7.401610e-05
7 35 3.590900e-06
7 36 1.549990e-07
7 37 0.000000e+00
7 38 0.000000e+00
7 39 0.000000e+00
7 40 0.000000e+00
8 1 3.564220e-02
8 2 1.479890e-02
8 3 2.227030e-02
8 4 3.092680e-02
8 5 4.479340e-02
8 6 6.407630e-02
8 7 9.113240e-02
8 8 1.268810e-01
8 9 1.610740e-01
8 10 2.012600e-01
8 11 2.494260e-01
8 12 3.083210e-01
8 13 3.790380e-01
8 14 4.644470e-01
8 15 5.632320e-01
8 16 6.781420e-01
8 17 8.061950e-01
8 18 9.444750e-01
8 19 1.085260e+00
8 20 1.219700e+00
8 21 1.330070e+00
8 22 1.398610e+00
8 23 1.403670e+00
8 24 1.328340e+00
8 25 1.168340e+00
8 26 9.371230e-01
8 27 6.696920e-01
8 28 4.142160e-01
8 29 2.137680e-01
8 30 8.797910e-02
8 31 2.730800e-02
8 32 5.963670e-03
8 33 8.413030e-04
8 34 6.915550e-05
8 35 3.666310e-06
8 36 1.471970e-07
8 37 0.000000e+00
8 38 0.000000e+00
8 39 0.000000e+00
8 40 0.000000e+00
9 1 2.903630e-02
9 2 1.181560e-02
9 3 1.748610e-02
9 4 2.410940e-02
9 5 3.505320e-02
9 6 5.035090e-02
9 7 7.173890e-02
9 8 1.025670e-01
9 9 1.418560e-01
9 10 1.810440e-01
9 11 2.243870e-01
9 12 2.773900e-01
9 13 3.410440e-01
9 14 4.179430e-01
9 15 5.069110e-01
9 16 6.104440e-01
9 17 7.258930e-01
9 18 8.506330e-01
9 19 9.777970e-01
9 20 1.099450e+00
9 21 1.199570e+00
9 22 1.262210e+00
9 23 1.268020e+00
9 24 1.201370e+00
9 25 1.058150e+00
9 26 8.502650e-01
9 27 6.089620e-01
9 28 3.776700e-01
9 29 1.955730e-01
9 30 8.082810e-02
9 31 2.521690e-02
9 32 5.541640e-03
9 33 7.877320e-04
9 34 6.537380e-05
9 35 4.122530e-06
9 36 1.417830e-07
9 37 0.000000e+00
9 38 0.000000e+00
9 39 0.000000e+00
9 40 0.000000e+00
10 1 2.260370e-02
10 2 9.185440e-03
10 3 1.365100e-02
10 4 1.886240e-02
10 5 2.740860e-02
10 6 3.942700e-02
10 7 5.627670e-02
10 8 8.053830e-02
10 9 1.144340e-01
10 10 1.596420e-01
10 11 2.022170e-01
10 12 2.500060e-01
10 13 3.074110e-01
10 14 3.767780e-01
10 15 4.570670e-01
10 16 5.505540e-01
10 17 6.548680e-01
10 18 7.676560e-01
10 19 8.828590e-01
10 20 9.932630e-01
10 21 1.084450e+00
10 22 1.142070e+00
10 23 1.148640e+00
10 24 1.089790e+00
10 25 9.615520e-01
10 26 7.743370e-01
10 27 5.561080e-01
10 28 3.460310e-01
10 29 1.799410e-01
10 30 7.474960e-02
10 31 2.346650e-02
10 32 5.196410e-03
10 33 7.454830e-04
10 34 6.255940e-05
10 35 4.166140e-06
10 36 1.388240e-07
10 37 0.000000e+00
10 38 0.000000e+00
10 39 0.000000e+00
10 40 0.000000e+00
11 1 1.730720e-02
11 2 7.030790e-03
11 3 1.042610e-02
11 4 1.437370e-02
11 5 2.090180e-02
11 6 3.027110e-02
11 7 4.355790e-02
11 8 6.268980e-02
11 9 8.939620e-02
11 10 1.284190e-01
11 11 1.786560e-01
11 12 2.259680e-01
11 13 2.778920e-01
11 14 3.406610e-01
11 15 4.133440e-01
11 16 4.980270e-01
11 17 5.925420e-01
11 18 6.949800e-01
11 19 7.997370e-01
11 20 9.003750e-01
11 21 9.838850e-01
11 22 1.037310e+00
11 23 1.044690e+00
11 24 9.928590e-01
11 25 8.779100e-01
11 26 7.088660e-01
11 27 5.108020e-01
11 28 3.191350e-01
11 29 1.668000e-01
11 30 6.972410e-02
11 31 2.205540e-02
11 32 4.929160e-03
11 33 7.150270e-04
11 34 6.080010e-05
11 35 4.084010e-06
11 36 1.386690e-07
11 37 0.000000e+00
11 38 0.000000e+00
11 39 0.000000e+00
11 40 0.000000e+00
12 1 1.403330e-02
12 2 5.692280e-03
12 3 8.405100e-03
12 4 1.149980e-02
12 5 1.652620e-02
12 6 2.354840e-02
12 7 3.367170e-02
12 8 4.868560e-02
12 9 6.975560e-02
12 10 1.004250e-01
12 11 1.437700e-01
12 12 2.003210e-01
12 13 2.521480e-01
12 14 3.091680e-01
12 15 3.752400e-01
12 16 4.522770e-01
12 17 5.382180e-01
12 18 6.317600e-01
12 19 7.274880e-01
12 20 8.197670e-01
12 21 8.967760e-01
12 22 9.467340e-01
12 23 9.551100e-01
12 24 9.096350e-01
12 25 8.064520e-01
12 26 6.532950e-01
12 27 4.726850e-01
12 28 2.968130e-01
12 29 1.560880e-01
12 30 6.573990e-02
12 31 2.098580e-02
12 32 4.741960e-03
12 33 6.969570e-04
12 34 6.018380e-05
12 35 4.081220e-06
12 36 1.415490e-07
12 37 0.000000e+00
12 38 0.000000e+00
12 39 0.000000e+00
12 40 0.000000e+00
13 1 1.028170e-02
13 2 4.172990e-03
13 3 6.162480e-03
13 4 8.422310e-03
13 5 1.210720e-02
13 6 1.737090e-02
13 7 2.502400e-02
13 8 3.649800e-02
13 9 5.302010e-02
13 10 7.718170e-02
13 11 1.112810e-01
13 12 1.603830e-01
13 13 2.241430e-01
13 14 2.818050e-01
13 15 3.421410e-01
13 16 4.125560e-01
13 17 4.912940e-01
13 18 5.769170e-01
13 19 6.649520e-01
13 20 7.500940e-01
13 21 8.216230e-01
13 22 8.687560e-01
13 23 8.782170e-01
13 24 8.385720e-01
13 25 7.458130e-01
13 26 6.065540e-01
13 27 4.409950e-01
13 28 2.785900e-01
13 29 1.475830e-01
13 30 6.272030e-02
13 31 2.024100e-02
13 32 4.634090e-03
13 33 6.918620e-04
13 34 6.085660e-05
13 35 4.173490e-06
13 36 1.480070e-07
13 37 0.000000e+00
13 38 0.000000e+00
13 39 0.000000e+00
13 40 0.000000e+00
14 1 8.601690e-03
14 2 3.489330e-03
14 3 5.150980e-03
14 4 7.037730e-03
14 5 1.008980e-02
14 6 1.435990e-02
14 7 2.042000e-02
14 8 2.923530e-02
14 9 4.166230e-02
14 10 6.029880e-02
14 11 8.681960e-02
14 12 1.249120e-01
14 13 1.796990e-01
14 14 2.515610e-01
14 15 3.134770e-01
14 16 3.781900e-01
14 17 4.507380e-01
14 18 5.296960e-01
14 19 6.111370e-01
14 20 6.902870e-01
14 21 7.573570e-01
14 22 8.024060e-01
14 23 8.131330e-01
14 24 7.789530e-01
14 25 6.955130e-01
14 26 5.684250e-01
14 27 4.157280e-01
14 28 2.645570e-01
14 29 1.414010e-01
14 30 6.074500e-02
14 31 1.985750e-02
14 32 4.616410e-03
14 33 7.017280e-04
14 34 6.302120e-05
14 35 4.372280e-06
14 36 1.586690e-07
14 37 0.000000e+00
14 38 0.000000e+00
14 39 0.000000e+00
14 40 0.000000e+00
15 1 6.658800e-03
15 2 2.701560e-03
15 3 3.988590e-03
15 4 5.449410e-03
15 5 7.811070e-03
15 6 1.110210e-02
15 7 1.574340e-02
15 8 2.254150e-02
15 9 3.225770e-02
15 10 4.668740e-02
15 11 6.718040e-02
15 12 9.668600e-02
15 13 1.391160e-01
15 14 2.011580e-01
15 15 2.812220e-01
15 16 3.488870e-01
15 17 4.161240e-01
15 18 4.895420e-01
15 19 5.654860e-01
15 20 6.397710e-01
15 21 7.033050e-01
15 22 7.469310e-01
15 23 7.591440e-01
15 24 7.300300e-01
15 25 6.548810e-01
15 26 5.383010e-01
15 27 3.965050e-01
15 28 2.545030e-01
15 29 1.374610e-01
15 30 5.980520e-02
15 31 1.984820e-02
15 32 4.697480e-03
15 33 7.292130e-04
15 34 6.709960e-05
15 35 4.693620e-06
15 36 1.761730e-07
15 37 0.000000e+00
15 38 0.000000e+00
15 39 0.000000e+00
15 40 0.000000e+00
16 1 5.015660e-03
16 2 2.035660e-03
16 3 3.006030e-03
16 4 4.107910e-03
16 5 5.888870e-03
16 6 8.370640e-03
16 7 1.185900e-02
16 8 1.693820e-02
16 9 2.418340e-02
16 10 3.502730e-02
16 11 5.071150e-02
16 12 7.355430e-02
16 13 1.064370e-01
16 14 1.544690e-01
16 15 2.240250e-01
16 16 3.149420e-01
16 17 3.873500e-01
16 18 4.562000e-01
16 19 5.277210e-01
16 20 5.982060e-01
16 21 6.591580e-01
16 22 7.020360e-01
16 23 7.160210e-01
16 24 6.916530e-01
16 25 6.238870e-01
16 26 5.163160e-01
16 27 3.834830e-01
16 28 2.486370e-01
16 29 1.359490e-01
16 30 6.002570e-02
16 31 2.027420e-02
16 32 4.898860e-03
16 33 7.791880e-04
16 34 7.373480e-05
16 35 4.612450e-06
16 36 2.027540e-07
16 37 0.000000e+00
16 38 0.000000e+00
16 39 0.000000e+00
16 40 0.000000e+00
17 1 3.971930e-03
17 2 1.611820e-03
17 3 2.379820e-03
17 4 3.251770e-03
17 5 4.661600e-03
17 6 6.625000e-03
17 7 9.384690e-03
17 8 1.338500e-02
17 9 1.902400e-02
17 10 2.736960e-02
17 11 3.933490e-02
17 12 5.671830e-02
17 13 8.179420e-02
17 14 1.184890e-01
17 15 1.716580e-01
17 16 2.502940e-01
17 17 3.521380e-01
17 18 4.289320e-01
17 19 4.970730e-01
17 20 5.646320e-01
17 21 6.239940e-01
17 22 6.669390e-01
17 23 6.830840e-01
17 24 6.633850e-01
17 25 6.023690e-01
17 26 5.025510e-01
17 27 3.769590e-01
17 28 2.473390e-01
17 29 1.371870e-01
17 30 6.161680e-02
17 31 2.123650e-02
17 32 5.253930e-03
17 33 8.588510e-04
17 34 8.383790e-05
17 35 4.832820e-06
17 36 2.418500e-07
17 37 0.000000e+00
17 38 0.000000e+00
17 39 0.000000e+00
17 40 0.000000e+00
18 1 2.962900e-03
18 2 1.202790e-03
18 3 1.776110e-03
18 4 2.427430e-03
18 5 3.480470e-03
18 6 4.947710e-03
18 7 7.010440e-03
18 8 9.994510e-03
18 9 1.418790e-02
18 10 2.038520e-02
18 11 2.929130e-02
18 12 4.234680e-02
18 13 6.138140e-02
18 14 8.932070e-02
18 15 1.298260e-01
18 16 1.898000e-01
18 17 2.785740e-01
18 18 3.934220e-01
18 19 4.734780e-01
18 20 5.392440e-01
18 21 5.977900e-01
18 22 6.415780e-01
18 23 6.603560e-01
18 24 6.451970e-01
18 25 5.903630e-01
18 26 4.971280e-01
18 27 3.771220e-01
18 28 2.508570e-01
18 29 1.414290e-01
18 30 6.477470e-02
18 31 2.284660e-02
18 32 5.806860e-03
18 33 9.794680e-04
18 34 9.909720e-05
18 35 5.892080e-06
18 36 3.017770e-07
18 37 0.000000e+00
18 38 0.000000e+00
18 39 0.000000e+00
18 40 0.000000e+00
19 1 2.094520e-03
19 2 8.512550e-04
19 3 1.257360e-03
19 4 1.718870e-03
19 5 2.465570e-03
19 6 3.506890e-03
19 7 4.971970e-03
19 8 7.093670e-03
19 9 1.007160e-02
19 10 1.446050e-02
19 11 2.077270e-02
19 12 3.009450e-02
19 13 4.392820e-02
19 14 6.480590e-02
19 15 9.551060e-02
19 16 1.409880e-01
19 17 2.084260e-01
19 18 3.094540e-01
19 19 4.393820e-01
19 20 5.225920e-01
19 21 5.814850e-01
19 22 6.268650e-01
19 23 6.488470e-01
19 24 6.382760e-01
19 25 5.890450e-01
19 26 5.012120e-01
19 27 3.850770e-01
19 28 2.601170e-01
19 29 1.493810e-01
19 30 6.994040e-02
19 31 2.532390e-02
19 32 6.637890e-03
19 33 1.160770e-03
19 34 1.224130e-04
19 35 7.449980e-06
19 36 3.976960e-07
19 37 0.000000e+00
19 38 0.000000e+00
19 39 0.000000e+00
19 40 0.000000e+00
20 1 1.621280e-03
20 2 6.586880e-04
20 3 9.728300e-04
20 4 1.329760e-03
20 5 1.907010e-03
20 6 2.712080e-03
20 7 3.844500e-03
20 8 5.483410e-03
20 9 7.782710e-03
20 10 1.115840e-02
20 11 1.596050e-02
20 12 2.294160e-02
20 13 3.310730e-02
20 14 4.813240e-02
20 15 7.046120e-02
20 16 1.042710e-01
20 17 1.545560e-01
20 18 2.299600e-01
20 19 3.437700e-01
20 20 4.900410e-01
20 21 5.725620e-01
20 22 6.206730e-01
20 23 6.468180e-01
20 24 6.415270e-01
20 25 5.980890e-01
20 26 5.152380e-01
20 27 4.018160e-01
20 28 2.763310e-01
20 29 1.621190e-01
20 30 7.783050e-02
20 31 2.902190e-02
20 32 7.870210e-03
20 33 1.430920e-03
20 34 1.576220e-04
20 35 9.759310e-06
20 36 5.436100e-07
20 37 0.000000e+00
20 38 0.000000e+00
20 39 0.000000e+00
20 40 0.000000e+00
21 1 1.194280e-03
21 2 4.853450e-04
21 3 7.169080e-04
21 4 9.801200e-04
21 5 1.405910e-03
21 6 1.999850e-03
21 7 2.835640e-03
21 8 4.046120e-03
21 9 5.744690e-03
21 10 8.239780e-03
21 11 1.179090e-02
21 12 1.695100e-02
21 13 2.447240e-02
21 14 3.566700e-02
21 15 5.214040e-02
21 16 7.672520e-02
21 17 1.134050e-01
21 18 1.687190e-01
21 19 2.525900e-01
21 20 3.813540e-01
21 21 5.454220e-01
21 22 6.252030e-01
21 23 6.565020e-01
21 24 6.572950e-01
21 25 6.197470e-01
21 26 5.414130e-01
21 27 4.293770e-01
21 28 3.012850e-01
21 29 1.810410e-01
21 30 8.939390e-02
21 31 3.444910e-02
21 32 9.705770e-03
21 33 1.843800e-03
21 34 2.134830e-04
21 35 1.382730e-05
21 36 7.862730e-07
21 37 0.000000e+00
21 38 0.000000e+00
21 39 0.000000e+00
21 40 0.000000e+00
22 1 8.351500e-04
22 2 3.397800e-04
22 3 5.019800e-04
22 4 6.864390e-04
22 5 9.849620e-04
22 6 1.401520e-03
22 7 1.988210e-03
22 8 2.838730e-03
22 9 4.033750e-03
22 10 5.791360e-03
22 11 8.296940e-03
22 12 1.194080e-02
22 13 1.725300e-02
22 14 2.516630e-02
22 15 3.687050e-02
22 16 5.446510e-02
22 17 8.083990e-02
22 18 1.208100e-01
22 19 1.817790e-01
22 20 2.760110e-01
22 21 4.219230e-01
22 22 6.070920e-01
22 23 6.799090e-01
22 24 6.877600e-01
22 25 6.565480e-01
22 26 5.824140e-01
22 27 4.705140e-01
22 28 3.375720e-01
22 29 2.082870e-01
22 30 1.061270e-01
22 31 4.242590e-02
22 32 1.247760e-02
22 33 2.490750e-03
22 34 3.052460e-04
22 35 2.084210e-05
22 36 1.208380e-06
22 37 0.000000e+00
22 38 0.000000e+00
22 39 0.000000e+00
22 40 0.000000e+00
23 1 5.489110e-04
23 2 2.238520e-04
23 3 3.308440e-04
23 4 4.525830e-04
23 5 6.497190e-04
23 6 9.251600e-04
23 7 1.313420e-03
23 8 1.877030e-03
23 9 2.670510e-03
23 10 3.839980e-03
23 11 5.511490e-03
23 12 7.950230e-03
23 13 1.151210e-02
23 14 1.681780e-02
23 15 2.469430e-02
23 16 3.668740e-02
23 17 5.499520e-02
23 18 8.316050e-02
23 19 1.265040e-01
23 20 1.940490e-01
23 21 2.996560e-01
23 22 4.660710e-01
23 23 6.753700e-01
23 24 7.360840e-01
23 25 7.123520e-01
23 26 6.423350e-01
23 27 5.295030e-01
23 28 3.892200e-01
23 29 2.472410e-01
23 30 1.304100e-01
23 31 5.430590e-02
23 32 1.675640e-02
23 33 3.537340e-03
23 34 4.625240e-04
23 35 3.358730e-05
23 36 1.985580e-06
23 37 0.000000e+00
23 38 0.000000e+00
23 39 0.000000e+00
23 40 0.000000e+00
24 1 3.601090e-04
24 2 1.472180e-04
24 3 2.176180e-04
24 4 2.978160e-04
24 5 4.277330e-04
24 6 6.093380e-04
24 7 8.656890e-04
24 8 1.238230e-03
24 9 1.763320e-03
24 10 2.538760e-03
24 11 3.649750e-03
24 12 5.274620e-03
24 13 7.655650e-03
24 14 1.120950e-02
24 15 1.648820e-02
24 16 2.453210e-02
24 17 3.685290e-02
24 18 5.596550e-02
24 19 8.576800e-02
24 20 1.326940e-01
24 21 2.068520e-01
24 22 3.251160e-01
24 23 5.140300e-01
24 24 7.491030e-01
24 25 7.908310e-01
24 26 7.264410e-01
24 27 6.123260e-01
24 28 4.624300e-01
24 29 3.034030e-01
24 30 1.663000e-01
24 31 7.246010e-02
24 32 2.357090e-02
24 33 5.291260e-03
24 34 7.424980e-04
24 35 5.786170e-05
24 36 3.441020e-06
24 37 0.000000e+00
24 38 0.000000e+00
24 39 0.000000e+00
24 40 0.000000e+00
25 1 2.230800e-04
25 2 9.150900e-05
25 3 1.353270e-04
25 4 1.852700e-04
25 5 2.662380e-04
25 6 3.795780e-04
25 7 5.397150e-04
25 8 7.728110e-04
25 9 1.102120e-03
25 10 1.589400e-03
25 11 2.289700e-03
25 12 3.317810e-03
25 13 4.830600e-03
25 14 7.099840e-03
25 15 1.048620e-02
25 16 1.566900e-02
25 17 2.366130e-02
25 18 3.615960e-02
25 19 5.585600e-02
25 20 8.729030e-02
25 21 1.376310e-01
25 22 2.190840e-01
25 23 3.512840e-01
25 24 5.658760e-01
25 25 8.295060e-01
25 26 8.433100e-01
25 27 7.282490e-01
25 28 5.663590e-01
25 29 3.849350e-01
25 30 2.200740e-01
25 31 1.007940e-01
25 32 3.476390e-02
25 33 8.354930e-03
25 34 1.268560e-03
25 35 1.078690e-04
25 36 5.697450e-06
25 37 1.607520e-06
25 38 4.802580e-07
25 39 0.000000e+00
25 40 0.000000e+00
26 1 1.186760e-04
26 2 4.927740e-05
26 3 7.291160e-05
26 4 9.988450e-05
26 5 1.436480e-04
26 6 2.050040e-04
26 7 2.918710e-04
26 8 4.186140e-04
26 9 5.982100e-04
26 10 8.649160e-04
26 11 1.250000e-03
26 12 1.818470e-03
26 13 2.660670e-03
26 14 3.934380e-03
26 15 5.853770e-03
26 16 8.819520e-03
26 17 1.343640e-02
26 18 2.077250e-02
26 19 3.260500e-02
26 20 5.205600e-02
26 21 8.424040e-02
26 22 1.378520e-01
26 23 2.270330e-01
26 24 3.755430e-01
26 25 6.218220e-01
26 26 9.203510e-01
26 27 8.948260e-01
26 28 7.168280e-01
26 29 5.052490e-01
26 30 3.019170e-01
26 31 1.458710e-01
26 32 5.364900e-02
26 33 1.392280e-02
26 34 2.316780e-03
26 35 2.193560e-04
26 36 1.118040e-05
26 37 1.448570e-06
26 38 3.502420e-08
26 39 0.000000e+00
26 40 0.000000e+00
27 1 6.649010e-05
27 2 2.777180e-05
27 3 4.110570e-05
27 4 5.634690e-05
27 5 8.109550e-05
27 6 1.158200e-04
27 7 1.650730e-04
27 8 2.370680e-04
27 9 3.393200e-04
27 10 4.916180e-04
27 11 7.122890e-04
27 12 1.039380e-03
27 13 1.526540e-03
27 14 2.267750e-03
27 15 3.393150e-03
27 16 5.147130e-03
27 17 7.902890e-03
27 18 1.231160e-02
27 19 1.946030e-02
27 20 3.128260e-02
27 21 5.101100e-02
27 22 8.441780e-02
27 23 1.413330e-01
27 24 2.383600e-01
27 25 4.035170e-01
27 26 6.817660e-01
27 27 1.012060e+00
27 28 9.341330e-01
27 29 6.861370e-01
27 30 4.310040e-01
27 31 2.210070e-01
27 32 8.719470e-02
27 33 2.455920e-02
27 34 4.492430e-03
27 35 4.739000e-04
27 36 2.569730e-05
27 37 1.476670e-06
27 38 1.921400e-08
27 39 0.000000e+00
27 40 0.000000e+00
28 1 3.119370e-05
28 2 1.345230e-05
28 3 1.992510e-05
28 4 2.733070e-05
28 5 3.936820e-05
28 6 5.629490e-05
28 7 8.034580e-05
28 8 1.155800e-04
28 9 1.657830e-04
28 10 2.408320e-04
28 11 3.501090e-04
28 12 5.130380e-04
28 13 7.574170e-04
28 14 1.132360e-03
28 15 1.707580e-03
28 16 2.615360e-03
28 17 4.062670e-03
28 18 6.415610e-03
28 19 1.030090e-02
28 20 1.685270e-02
28 21 2.801850e-02
28 22 4.738260e-02
28 23 8.133090e-02
28 24 1.410920e-01
28 25 2.463430e-01
28 26 4.303100e-01
28 27 7.464180e-01
28 28 1.112420e+00
28 29 9.646900e-01
28 30 6.383050e-01
28 31 3.486200e-01
28 32 1.483790e-01
28 33 4.573220e-02
28 34 9.300950e-03
28 35 1.110590e-03
28 36 6.770150e-05
28 37 2.419420e-06
28 38 5.374170e-08
28 39 9.994100e-10
28 40 0.000000e+00
29 1 1.158250e-05
29 2 5.561170e-06
29 3 8.291120e-06
29 4 1.138460e-05
29 5 1.640890e-05
29 6 2.347890e-05
29 7 3.354020e-05
29 8 4.830570e-05
29 9 6.939480e-05
29 10 1.010050e-04
29 11 1.471970e-04
29 12 2.163830e-04
29 13 3.207720e-04
29 14 4.821530e-04
29 15 7.322520e-04
29 16 1.131840e-03
29 17 1.779070e-03
29 18 2.852200e-03
29 19 4.667570e-03
29 20 7.819670e-03
29 21 1.338070e-02
29 22 2.336710e-02
29 23 4.148810e-02
29 24 7.469790e-02
29 25 1.359730e-01
29 26 2.487810e-01
29 27 4.535660e-01
29 28 8.150550e-01
29 29 1.222880e+00
29 30 9.836700e-01
29 31 5.729400e-01
29 32 2.639400e-01
29 33 8.958450e-02
29 34 2.046640e-02
29 35 2.809360e-03
29 36 2.007360e-04
29 37 6.871580e-06
29 38 1.851720e-07
29 39 5.458210e-09
29 40 0.000000e+00
30 1 4.075510e-06
30 2 2.073910e-06
30 3 3.147020e-06
30 4 4.363500e-06
30 5 6.305220e-06
30 6 9.042350e-06
30 7 1.294910e-05
30 8 1.870530e-05
30 9 2.696690e-05
30 10 3.942590e-05
30 11 5.777360e-05
30 12 8.550680e-05
30 13 1.278120e-04
30 14 1.940580e-04
30 15 2.982780e-04
30 16 4.677140e-04
30 17 7.479310e-04
30 18 1.223660e-03
30 19 2.050530e-03
30 20 3.530550e-03
30 21 6.223160e-03
30 22 1.119720e-02
30 23 2.047070e-02
30 24 3.791280e-02
30 25 7.104570e-02
30 26 1.345930e-01
30 27 2.557290e-01
30 28 4.816440e-01
30 29 8.872060e-01
30 30 1.328620e+00
30 31 9.814910e-01
30 32 4.927610e-01
30 33 1.855340e-01
30 34 4.792020e-02
30 35 7.594790e-03
30 36 6.412000e-04
30 37 2.479110e-05
30 38 6.183190e-07
30 39 1.810100e-08
30 40 0.000000e+00
31 1 9.155570e-07
31 2 5.239040e-07
31 3 8.552910e-07
31 4 1.257850e-06
31 5 1.899020e-06
31 6 2.781040e-06
31 7 4.021670e-06
31 8 5.834550e-06
31 9 8.449900e-06
31 10 1.241920e-05
31 11 1.831470e-05
31 12 2.731230e-05
31 13 4.119870e-05
31 14 6.323880e-05
31 15 9.846540e-05
31 16 1.567420e-04
31 17 2.550540e-04
31 18 4.258010e-04
31 19 7.304120e-04
31 20 1.292450e-03
31 21 2.356010e-03
31 22 4.418940e-03
31 23 8.463730e-03
31 24 1.645360e-02
31 25 3.235180e-02
31 26 6.423490e-02
31 27 1.287240e-01
31 28 2.577550e-01
31 29 5.075120e-01
31 30 9.657360e-01
31 31 1.439980e+00
31 32 9.589160e-01
31 33 4.025120e-01
31 34 1.187420e-01
31 35 2.204090e-02
31 36 2.237960e-03
31 37 1.048010e-04
31 38 2.564790e-06
31 39 6.133680e-08
31 40 0.000000e+00
32 1 1.452150e-07
32 2 8.312640e-08
32 3 1.375320e-07
32 4 2.103860e-07
32 5 3.371060e-07
32 6 5.355280e-07
32 7 8.468060e-07
32 8 1.327450e-06
32 9 2.009790e-06
32 10 3.019120e-06
32 11 4.515700e-06
32 12 6.805930e-06
32 13 1.036080e-05
32 14 1.607580e-05
32 15 2.536580e-05
32 16 4.104680e-05
32 17 6.814760e-05
32 18 1.165830e-04
32 19 2.059480e-04
32 20 3.773200e-04
32 21 7.165830e-04
32 22 1.412490e-03
32 23 2.876920e-03
32 24 5.988510e-03
32 25 1.258410e-02
32 26 2.645990e-02
32 27 5.615900e-02
32 28 1.203340e-01
32 29 2.563320e-01
32 30 5.313180e-01
32 31 1.047940e+00
32 32 1.552630e+00
32 33 9.145850e-01
32 34 3.093000e-01
32 35 6.792400e-02
32 36 8.441290e-03
32 37 4.985530e-04
32 38 1.252570e-05
32 39 2.264380e-07
32 40 9.584000e-10
33 1 2.075820e-08
33 2 1.188280e-08
33 3 1.965990e-08
33 4 3.007430e-08
33 5 4.818880e-08
33 6 7.655290e-08
33 7 1.210730e-07
33 8 1.924150e-07
33 9 3.037050e-07
33 10 4.832130e-07
33 11 7.651430e-07
33 12 1.215210e-06
33 13 1.930520e-06
33 14 3.074950e-06
33 15 4.940950e-06
33 16 8.149100e-06
33 17 1.385030e-05
33 18 2.437590e-05
33 19 4.455350e-05
33 20 8.502670e-05
33 21 1.694590e-04
33 22 3.533910e-04
33 23 7.695720e-04
33 24 1.738350e-03
33 25 3.999290e-03
33 26 9.086420e-03
33 27 2.060590e-02
33 28 4.740120e-02
33 29 1.100420e-01
33 30 2.519490e-01
33 31 5.534780e-01
33 32 1.133930e+00
33 33 1.662550e+00
33 34 8.478030e-01
33 35 2.210560e-01
33 36 3.398620e-02
33 37 2.595040e-03
33 38 7.985560e-05
33 39 1.166090e-06
33 40 3.106730e-08
34 1 3.467210e-09
34 2 1.984760e-09
34 3 3.283760e-09
34 4 5.023260e-09
34 5 8.048880e-09
34 6 1.278650e-08
34 7 2.022260e-08
34 8 3.213880e-08
34 9 5.072730e-08
34 10 8.071030e-08
34 11 1.277780e-07
34 12 2.024820e-07
34 13 3.205580e-07
34 14 5.088820e-07
34 15 8.058750e-07
34 16 1.294410e-06
34 17 2.146230e-06
34 18 3.763100e-06
34 19 7.002820e-06
34 20 1.387350e-05
34 21 2.897460e-05
34 22 6.375260e-05
34 23 1.475290e-04
34 24 3.579990e-04
34 25 9.040700e-04
34 26 2.329010e-03
34 27 5.895720e-03
34 28 1.488120e-02
34 29 3.813420e-02
34 30 9.794720e-02
34 31 2.446550e-01
34 32 5.743360e-01
34 33 1.224710e+00
34 34 1.765760e+00
34 35 7.599870e-01
34 36 1.450590e-01
34 37 1.451050e-02
34 38 6.125290e-04
34 39 9.089230e-06
34 40 3.061190e-07
35 1 6.585100e-10
35 2 3.769600e-10
35 3 6.236700e-10
35 4 9.540400e-10
35 5 1.528680e-09
35 6 2.428470e-09
35 7 3.840770e-09
35 8 6.103950e-09
35 9 9.634380e-09
35 10 1.532890e-08
35 11 2.426820e-08
35 12 3.845640e-08
35 13 6.088190e-08
35 14 9.664940e-08
35 15 1.529760e-07
35 16 2.426530e-07
35 17 3.845840e-07
35 18 6.117420e-07
35 19 1.002480e-06
35 20 1.801250e-06
35 21 3.642800e-06
35 22 8.152250e-06
35 23 1.977040e-05
35 24 5.103110e-05
35 25 1.385060e-04
35 26 3.856690e-04
35 27 1.091950e-03
35 28 3.191720e-03
35 29 9.561980e-03
35 30 2.874330e-02
35 31 8.441100e-02
35 32 2.344900e-01
35 33 5.937010e-01
35 34 1.318780e+00
35 35 1.858180e+00
35 36 6.568050e-01
35 37 8.607090e-02
35 38 5.116060e-03
35 39 1.053960e-04
35 40 1.841480e-06
36 1 1.737600e-10
36 2 9.946700e-11
36 3 1.645700e-10
36 4 2.517400e-10
36 5 4.033700e-10
36 6 6.408000e-10
36 7 1.013460e-09
36 8 1.610640e-09
36 9 2.542210e-09
36 10 4.044820e-09
36 11 6.403610e-09
36 12 1.014740e-08
36 13 1.606480e-08
36 14 2.550280e-08
36 15 4.036560e-08
36 16 6.402850e-08
36 17 1.014780e-07
36 18 1.608450e-07
36 19 2.547430e-07
36 20 4.039600e-07
36 21 6.408670e-07
36 22 1.051960e-06
36 23 2.030980e-06
36 24 4.947860e-06
36 25 1.468350e-05
36 26 4.852260e-05
36 27 1.636340e-04
36 28 5.389130e-04
36 29 1.782530e-03
36 30 6.056220e-03
36 31 2.085780e-02
36 32 7.004220e-02
36 33 2.190790e-01
36 34 6.064610e-01
36 35 1.414620e+00
36 36 1.940760e+00
36 37 5.451920e-01
36 38 4.526190e-02
36 39 1.432220e-03
36 40 1.489650e-05
37 1 5.739700e-11
37 2 3.285600e-11
37 3 5.436000e-11
37 4 8.315600e-11
37 5 1.332400e-10
37 6 2.116700e-10
37 7 3.347700e-10
37 8 5.320300e-10
37 9 8.397500e-10
37 10 1.336090e-09
37 11 2.115260e-09
37 12 3.351920e-09
37 13 5.306570e-09
37 14 8.424130e-09
37 15 1.333370e-08
37 16 2.115010e-08
37 17 3.352050e-08
37 18 5.313060e-08
37 19 8.414710e-08
37 20 1.334370e-07
37 21 2.114350e-07
37 22 3.351690e-07
37 23 5.312740e-07
37 24 8.505200e-07
37 25 1.515970e-06
37 26 3.938060e-06
37 27 1.484780e-05
37 28 6.151010e-05
37 29 2.437890e-04
37 30 9.382250e-04
37 31 3.635940e-03
37 32 1.442210e-02
37 33 5.613900e-02
37 34 2.008990e-01
37 35 6.155520e-01
37 36 1.512990e+00
37 37 2.006790e+00
37 38 4.329940e-01
37 39 2.072130e-02
37 40 3.078530e-04
38 1 1.873000e-11
38 2 1.072200e-11
38 3 1.773900e-11
38 4 2.713600e-11
38 5 4.348100e-11
38 6 6.907400e-11
38 7 1.092400e-10
38 8 1.736200e-10
38 9 2.740300e-10
38 10 4.360100e-10
38 11 6.902700e-10
38 12 1.093830e-09
38 13 1.731690e-09
38 14 2.749040e-09
38 15 4.351170e-09
38 16 6.901880e-09
38 17 1.093870e-08
38 18 1.733810e-08
38 19 2.745970e-08
38 20 4.354440e-08
38 21 6.899730e-08
38 22 1.093750e-07
38 23 1.733480e-07
38 24 2.747350e-07
38 25 4.397320e-07
38 26 7.555140e-07
38 27 1.719860e-06
38 28 6.558960e-06
38 29 2.895980e-05
38 30 1.187710e-04
38 31 4.844250e-04
38 32 2.083620e-03
38 33 9.493250e-03
38 34 4.336570e-02
38 35 1.807430e-01
38 36 6.210680e-01
38 37 1.613020e+00
38 38 2.053170e+00
38 39 3.288310e-01
38 40 8.114200e-03
39 1 1.224000e-11
39 2 7.006800e-12
39 3 1.159300e-11
39 4 1.773400e-11
39 5 2.841500e-11
39 6 4.514000e-11
39 7 7.139100e-11
39 8 1.134600e-10
39 9 1.790800e-10
39 10 2.849300e-10
39 11 4.510900e-10
39 12 7.148200e-10
39 13 1.131660e-09
39 14 1.796500e-09
39 15 2.843490e-09
39 16 4.510380e-09
39 17 7.148450e-09
39 18 1.133040e-08
39 19 1.794490e-08
39 20 2.845630e-08
39 21 4.508980e-08
39 22 7.147690e-08
39 23 1.132830e-07
39 24 1.795190e-07
39 25 2.845340e-07
39 26 4.509530e-07
39 27 7.153930e-07
39 28 1.208160e-06
39 29 3.078520e-06
39 30 1.197310e-05
39 31 5.019480e-05
39 32 2.227530e-04
39 33 1.087080e-03
39 34 5.825220e-03
39 35 3.204240e-02
39 36 1.594270e-01
39 37 6.237900e-01
39 38 1.714180e+00
39 39 2.077980e+00
39 40 2.416720e-01
40 1 8.662700e-12
40 2 4.958800e-12
40 3 8.204300e-12
40 4 1.255000e-11
40 5 2.011000e-11
40 6 3.194600e-11
40 7 5.052500e-11
40 8 8.029700e-11
40 9 1.267400e-10
40 10 2.016500e-10
40 11 3.192500e-10
40 12 5.058900e-10
40 13 8.009000e-10
40 14 1.271420e-09
40 15 2.012400e-09
40 16 3.192090e-09
40 17 5.059110e-09
40 18 8.018790e-09
40 19 1.270000e-08
40 20 2.013910e-08
40 21 3.191100e-08
40 22 5.058570e-08
40 23 8.017250e-08
40 24 1.270490e-07
40 25 2.013710e-07
40 26 3.191490e-07
40 27 5.058130e-07
40 28 8.016580e-07
40 29 1.270830e-06
40 30 2.111850e-06
40 31 4.478230e-06
40 32 1.390650e-05
40 33 6.428950e-05
40 34 4.028840e-04
40 35 2.926680e-03
40 36 2.155610e-02
40 37 1.366270e-01
40 38 6.257140e-01
40 39 1.818250e+00
40 40 2.247390e+00
