1 5.981200e-03
2 5.981200e-03
3 5.981200e-03
4 5.981200e-03
5 5.981200e-03
6 5.981200e-03
7 5.981200e-03
8 5.981200e-03
9 5.981200e-03
10 5.981200e-03
11 5.981200e-03
12 5.981200e-03
13 5.981200e-03
14 5.981200e-03
15 5.981200e-03
16 5.981200e-03
17 5.981200e-03
18 5.981200e-03
19 5.981200e-03
20 5.981200e-03
21 5.981200e-03
22 5.981200e-03
23 5.981200e-03
24 5.981200e-03
25 5.981200e-03
26 5.981200e-03
27 5.981200e-03
28 5.981200e-03
29 5.981200e-03
30 5.981200e-03
31 5.981200e-03
32 5.981200e-03
33 5.981200e-03
34 5.981200e-03
35 5.981200e-03
36 5.981200e-03
37 5.981200e-03
38 5.981200e-03
39 5.981200e-03
40 5.981200e-03
41 5.981200e-03
42 5.981200e-03
43 5.981200e-03
44 5.981200e-03
45 5.981200e-03
46 5.981200e-03
47 5.981200e-03
48 5.981200e-03
49 5.981200e-03
50 5.981200e-03
51 5.981200e-03
52 5.981200e-03
53 5.981200e-03
54 5.981200e-03
55 5.981200e-03
56 5.981200e-03
57 5.981200e-03
58 5.981200e-03
59 5.981200e-03
60 5.981200e-03
61 5.981200e-03
62 5.981200e-03
63 5.981200e-03
64 5.981200e-03
65 5.981200e-03
66 5.981200e-03
67 5.981200e-03
68 5.981200e-03
69 5.981200e-03
70 5.981200e-03
71 5.981200e-03
72 5.981200e-03
73 5.981200e-03
74 5.981200e-03
75 5.981200e-03
76 5.981200e-03
77 5.981200e-03
78 5.981200e-03
79 5.981200e-03
80 5.981200e-03
81 5.981200e-03
82 5.981200e-03
83 5.981200e-03
84 5.981200e-03
85 5.981200e-03
86 5.981200e-03
87 5.981200e-03
88 5.981200e-03
89 5.981200e-03
90 5.981200e-03
91 5.981200e-03
92 5.981200e-03
93 5.981200e-03
94 5.981200e-03
95 5.981200e-03
96 5.981200e-03
97 5.981200e-03
98 5.981200e-03
99 5.981200e-03
100 5.981200e-03
101 5.981200e-03
102 5.981200e-03
103 5.981200e-03
104 5.981200e-03
105 5.981200e-03
106 5.981200e-03
107 5.981200e-03
108 5.981200e-03
109 5.981200e-03
110 5.981200e-03
111 5.981200e-03
112 5.981200e-03
113 5.981200e-03
114 5.981200e-03
115 5.981200e-03
116 5.981200e-03
117 5.981200e-03
118 5.981200e-03
119 5.981200e-03
120 5.981200e-03
121 5.981200e-03
122 5.981200e-03
123 5.981200e-03
124 5.981200e-03
125 5.981200e-03
126 5.981200e-03
127 5.981200e-03
128 5.981200e-03
129 5.981200e-03
130 5.981200e-03
131 5.981200e-03
132 5.981200e-03
133 5.981200e-03
134 5.981200e-03
135 5.981200e-03
136 5.981200e-03
137 5.981200e-03
138 5.981200e-03
139 5.981200e-03
140 5.981200e-03
141 5.981200e-03
142 5.981200e-03
143 5.981200e-03
144 5.981200e-03
145 5.981200e-03
146 5.981200e-03
147 5.981200e-03
148 5.981200e-03
149 5.981200e-03
150 5.981200e-03
151 5.981200e-03
152 5.981200e-03
153 5.981200e-03
154 5.981200e-03
155 5.981200e-03
156 5.981200e-03
157 5.981200e-03
158 5.981200e-03
159 5.981200e-03
160 5.981200e-03
161 5.981200e-03
162 5.981200e-03
163 5.981200e-03
164 5.981200e-03
165 5.981200e-03
166 5.981200e-03
167 5.981200e-03
168 5.981200e-03
169 5.981200e-03
170 5.981200e-03
171 5.981200e-03
172 5.981200e-03
173 5.981200e-03
174 5.981200e-03
175 5.981200e-03
176 5.981200e-03
177 5.981200e-03
178 5.981200e-03
179 5.981200e-03
180 5.981200e-03
181 5.981200e-03
182 5.981200e-03
183 5.981200e-03
184 5.981200e-03
185 5.981200e-03
186 5.981200e-03
187 5.981200e-03
188 5.981200e-03
189 5.981200e-03
190 5.981200e-03
191 5.981200e-03
192 5.981200e-03
193 5.981200e-03
194 5.981200e-03
195 5.981200e-03
196 5.981200e-03
197 5.981200e-03
198 5.981200e-03
199 5.981200e-03
200 5.981200e-03
