1 1.505330e+01
2 1.409590e+01
3 1.315730e+01
4 1.233080e+01
5 1.151100e+01
6 1.078670e+01
7 1.007630e+01
8 9.445390e+00
9 8.833910e+00
10 8.286740e+00
11 7.757760e+00
12 7.278770e+00
13 6.814910e+00
14 6.394580e+00
15 5.991560e+00
16 5.619990e+00
17 5.279170e+00
18 4.955320e+00
19 4.657640e+00
20 4.374330e+00
21 4.113590e+00
22 3.862320e+00
23 3.632950e+00
24 3.411620e+00
25 3.207550e+00
26 3.015460e+00
27 2.835520e+00
28 2.670230e+00
29 2.512860e+00
30 2.365420e+00
31 2.227530e+00
32 2.097130e+00
33 1.975040e+00
34 1.864390e+00
35 1.757300e+00
36 1.651980e+00
37 1.558390e+00
38 1.464350e+00
39 1.380590e+00
40 1.299720e+00
41 1.223930e+00
42 1.153520e+00
43 1.086200e+00
44 1.025910e+00
45 9.673660e-01
46 9.140530e-01
47 8.623630e-01
48 8.146380e-01
49 7.692600e-01
50 7.270690e-01
51 6.857930e-01
52 6.486400e-01
53 6.119110e-01
54 5.783260e-01
55 5.453430e-01
56 5.155690e-01
57 4.865030e-01
58 4.598010e-01
59 4.342490e-01
60 4.108940e-01
61 3.893200e-01
62 3.691210e-01
63 3.503380e-01
64 3.323200e-01
65 3.156440e-01
66 2.990940e-01
67 2.841200e-01
68 2.693250e-01
69 2.558870e-01
70 2.424820e-01
71 2.300790e-01
72 2.184210e-01
73 2.076490e-01
74 1.967390e-01
75 1.869180e-01
76 1.774170e-01
77 1.687230e-01
78 1.613560e-01
79 1.539320e-01
80 1.473050e-01
81 1.407660e-01
82 1.346130e-01
83 1.288050e-01
84 1.229870e-01
85 1.176520e-01
86 1.124740e-01
87 1.077570e-01
88 1.029650e-01
89 9.837510e-02
90 9.426020e-02
91 9.007620e-02
92 8.671160e-02
93 8.383350e-02
94 8.123540e-02
95 7.869710e-02
96 7.612630e-02
97 7.376870e-02
98 7.142650e-02
99 6.910630e-02
100 6.699730e-02
101 6.489680e-02
102 6.278280e-02
103 6.084700e-02
104 5.907680e-02
105 5.726580e-02
106 5.555820e-02
107 5.524560e-02
108 5.529150e-02
109 5.533850e-02
110 5.538660e-02
111 5.543580e-02
112 5.548610e-02
113 5.553760e-02
114 5.559030e-02
115 5.565210e-02
116 5.574460e-02
117 5.584210e-02
118 5.594190e-02
119 5.606210e-02
120 5.622090e-02
121 5.776030e-02
122 6.380300e-02
123 7.779570e-02
124 1.174260e-01
125 2.339090e-01
126 1.729550e+00
127 6.785150e+00
128 1.495400e+00
129 2.070190e-01
130 1.074170e-01
131 7.756560e-02
132 7.011160e-02
133 7.126560e-02
134 7.537750e-02
135 7.983470e-02
136 8.850250e-02
137 1.080560e-01
138 1.336920e-01
139 1.650220e-01
140 2.080560e-01
141 3.146640e-01
142 6.184640e-01
143 2.096860e+00
144 4.549740e+01
145 6.357460e+01
146 2.898760e+00
147 1.113720e+00
148 4.108930e-01
149 1.720180e-01
150 1.171070e-01
151 8.954540e-02
152 7.545900e-02
153 6.451060e-02
154 5.551700e-02
155 5.176740e-02
156 5.046810e-02
157 4.922320e-02
158 4.797890e-02
159 4.675240e-02
160 4.570190e-02
161 4.468500e-02
162 4.611940e-02
163 4.932500e-02
164 5.296820e-02
165 5.687120e-02
166 6.091920e-02
167 6.548830e-02
168 7.036830e-02
169 8.127480e-02
170 1.001270e-01
171 1.233750e-01
172 1.524230e-01
173 1.953100e-01
174 3.015040e-01
175 7.404630e-01
176 2.226650e+00
177 1.201040e+02
178 5.036480e+01
179 1.201230e+00
180 8.016930e-01
181 1.571750e+01
182 3.449970e+00
183 5.504220e+01
184 1.379070e+00
185 3.607740e-01
186 1.667920e-01
187 1.518580e-01
188 1.580810e-01
189 1.864380e-01
190 2.444640e-01
191 3.638430e-01
192 2.719120e+00
193 4.255920e+01
194 2.407100e+01
195 2.783070e+01
196 1.417660e+02
197 2.942240e+00
198 7.220190e-01
199 4.395280e-01
200 1.886890e+01
