1 1.503850e+01
2 1.408150e+01
3 1.314340e+01
4 1.231830e+01
5 1.149990e+01
6 1.077600e+01
7 1.006590e+01
8 9.435680e+00
9 8.825050e+00
10 8.279280e+00
11 7.751750e+00
12 7.273080e+00
13 6.809410e+00
14 6.389800e+00
15 5.987130e+00
16 5.615060e+00
17 5.274540e+00
18 4.951560e+00
19 4.654640e+00
20 4.372020e+00
21 4.111420e+00
22 3.860070e+00
23 3.630860e+00
24 3.409730e+00
25 3.205770e+00
26 3.013850e+00
27 2.834130e+00
28 2.668930e+00
29 2.511670e+00
30 2.364380e+00
31 2.226610e+00
32 2.096280e+00
33 1.974170e+00
34 1.863680e+00
35 1.756860e+00
36 1.651720e+00
37 1.558000e+00
38 1.463810e+00
39 1.380120e+00
40 1.299390e+00
41 1.223590e+00
42 1.153000e+00
43 1.085620e+00
44 1.025510e+00
45 9.670970e-01
46 9.138070e-01
47 8.621340e-01
48 8.144200e-01
49 7.690440e-01
50 7.268400e-01
51 6.855720e-01
52 6.484820e-01
53 6.118040e-01
54 5.782090e-01
55 5.452210e-01
56 5.154970e-01
57 4.864710e-01
58 4.597530e-01
59 4.341760e-01
60 4.107900e-01
61 3.892080e-01
62 3.690180e-01
63 3.502470e-01
64 3.322460e-01
65 3.155940e-01
66 2.990620e-01
67 2.840730e-01
68 2.692610e-01
69 2.558200e-01
70 2.424170e-01
71 2.300170e-01
72 2.183520e-01
73 2.075750e-01
74 1.966600e-01
75 1.868210e-01
76 1.772960e-01
77 1.686090e-01
78 1.612960e-01
79 1.539230e-01
80 1.472960e-01
81 1.407440e-01
82 1.345850e-01
83 1.287760e-01
84 1.229580e-01
85 1.176220e-01
86 1.124440e-01
87 1.077250e-01
88 1.029320e-01
89 9.833600e-02
90 9.420410e-02
91 9.000310e-02
92 8.665460e-02
93 8.381160e-02
94 8.122390e-02
95 7.868740e-02
96 7.611810e-02
97 7.375920e-02
98 7.141500e-02
99 6.909530e-02
100 6.699630e-02
101 6.489650e-02
102 6.277270e-02
103 6.082150e-02
104 5.903060e-02
105 5.719840e-02
106 5.547140e-02
107 5.516250e-02
108 5.521810e-02
109 5.527500e-02
110 5.533310e-02
111 5.539270e-02
112 5.545360e-02
113 5.551600e-02
114 5.557980e-02
115 5.565070e-02
116 5.574400e-02
117 5.584150e-02
118 5.594130e-02
119 5.604730e-02
120 5.616480e-02
121 5.762340e-02
122 6.358720e-02
123 7.712100e-02
124 1.163600e-01
125 2.200310e-01
126 1.466970e+00
127 7.314710e+00
128 1.255580e+00
129 1.967270e-01
130 1.062370e-01
131 7.717560e-02
132 6.993480e-02
133 7.136440e-02
134 7.537170e-02
135 7.973760e-02
136 8.820340e-02
137 1.079470e-01
138 1.335710e-01
139 1.648700e-01
140 2.069030e-01
141 3.119570e-01
142 6.078080e-01
143 1.887320e+00
144 4.409150e+01
145 6.567970e+01
146 2.491350e+00
147 1.130260e+00
148 3.875800e-01
149 1.709400e-01
150 1.167580e-01
151 8.936480e-02
152 7.543960e-02
153 6.448800e-02
154 5.551500e-02
155 5.175250e-02
156 5.046870e-02
157 4.922390e-02
158 4.797950e-02
159 4.674560e-02
160 4.565490e-02
161 4.459440e-02
162 4.606480e-02
163 4.932230e-02
164 5.296560e-02
165 5.686760e-02
166 6.090940e-02
167 6.541970e-02
168 7.022490e-02
169 8.119930e-02
170 1.000800e-01
171 1.233300e-01
172 1.523500e-01
173 1.947560e-01
174 3.003090e-01
175 7.302160e-01
176 2.112100e+00
177 1.253690e+02
178 4.529080e+01
179 1.172530e+00
180 7.199660e-01
181 1.598470e+01
182 2.409920e+00
183 5.605500e+01
184 1.218850e+00
185 3.484850e-01
186 1.663770e-01
187 1.517440e-01
188 1.580880e-01
189 1.862710e-01
190 2.442410e-01
191 3.620260e-01
192 2.586040e+00
193 4.433440e+01
194 2.247220e+01
195 2.315730e+01
196 1.465590e+02
197 2.820120e+00
198 7.174300e-01
199 4.347640e-01
200 1.976570e+01
