1 1.506940e+01
2 1.411070e+01
3 1.317080e+01
4 1.234330e+01
5 1.152240e+01
6 1.079760e+01
7 1.008680e+01
8 9.455090e+00
9 8.842630e+00
10 8.294130e+00
11 7.763800e+00
12 7.284370e+00
13 6.820230e+00
14 6.399410e+00
15 5.996120e+00
16 5.624730e+00
17 5.283520e+00
18 4.958920e+00
19 4.660600e+00
20 4.376740e+00
21 4.115800e+00
22 3.864450e+00
23 3.634860e+00
24 3.413360e+00
25 3.209380e+00
26 3.017260e+00
27 2.837110e+00
28 2.671540e+00
29 2.513950e+00
30 2.366390e+00
31 2.228420e+00
32 2.097980e+00
33 1.975900e+00
34 1.865120e+00
35 1.757830e+00
36 1.652380e+00
37 1.558850e+00
38 1.464890e+00
39 1.381090e+00
40 1.300110e+00
41 1.224320e+00
42 1.154000e+00
43 1.086690e+00
44 1.026270e+00
45 9.676210e-01
46 9.142800e-01
47 8.625680e-01
48 8.148290e-01
49 7.694490e-01
50 7.272680e-01
51 6.859870e-01
52 6.487800e-01
53 6.120070e-01
54 5.784350e-01
55 5.454600e-01
56 5.156570e-01
57 4.865720e-01
58 4.598910e-01
59 4.343590e-01
60 4.110160e-01
61 3.894270e-01
62 3.691950e-01
63 3.503970e-01
64 3.323700e-01
65 3.156870e-01
66 2.991310e-01
67 2.841610e-01
68 2.693690e-01
69 2.559310e-01
70 2.425250e-01
71 2.301220e-01
72 2.184660e-01
73 2.076970e-01
74 1.967910e-01
75 1.869840e-01
76 1.775030e-01
77 1.688050e-01
78 1.614030e-01
79 1.539440e-01
80 1.473150e-01
81 1.407810e-01
82 1.346310e-01
83 1.288230e-01
84 1.230060e-01
85 1.176710e-01
86 1.124940e-01
87 1.077770e-01
88 1.029860e-01
89 9.840230e-02
90 9.430070e-02
91 9.013010e-02
92 8.675330e-02
93 8.384880e-02
94 8.124330e-02
95 7.870420e-02
96 7.613270e-02
97 7.377590e-02
98 7.143470e-02
99 6.911360e-02
100 6.699700e-02
101 6.489610e-02
102 6.278970e-02
103 6.086570e-02
104 5.911160e-02
105 5.731700e-02
106 5.562440e-02
107 5.530910e-02
108 5.534760e-02
109 5.538710e-02
110 5.542740e-02
111 5.546870e-02
112 5.551100e-02
113 5.555420e-02
114 5.559850e-02
115 5.565340e-02
116 5.574530e-02
117 5.584270e-02
118 5.594250e-02
119 5.607980e-02
120 5.628800e-02
121 5.789110e-02
122 6.401500e-02
123 7.847930e-02
124 1.187550e-01
125 2.516270e-01
126 1.936700e+00
127 6.349700e+00
128 1.690950e+00
129 2.199500e-01
130 1.085990e-01
131 7.790170e-02
132 7.029300e-02
133 7.132090e-02
134 7.538370e-02
135 7.994860e-02
136 8.877100e-02
137 1.081700e-01
138 1.338180e-01
139 1.652030e-01
140 2.091920e-01
141 3.176750e-01
142 6.299050e-01
143 2.395670e+00
144 4.629640e+01
145 6.189490e+01
146 3.477670e+00
147 1.101820e+00
148 4.295380e-01
149 1.730590e-01
150 1.174520e-01
151 8.972640e-02
152 7.549020e-02
153 6.453030e-02
154 5.559550e-02
155 5.178840e-02
156 5.046840e-02
157 4.922250e-02
158 4.797820e-02
159 4.672640e-02
160 4.553990e-02
161 4.456900e-02
162 4.616180e-02
163 4.932790e-02
164 5.297110e-02
165 5.687540e-02
166 6.092960e-02
167 6.555270e-02
168 7.050050e-02
169 8.135340e-02
170 1.001730e-01
171 1.234280e-01
172 1.525230e-01
173 1.958560e-01
174 3.028060e-01
175 7.493990e-01
176 2.391680e+00
177 1.164680e+02
178 5.371920e+01
179 1.235610e+00
180 9.237810e-01
181 1.538690e+01
182 4.645770e+00
183 5.379900e+01
184 1.644480e+00
185 3.696750e-01
186 1.672120e-01
187 1.519660e-01
188 1.582300e-01
189 1.867250e-01
190 2.447140e-01
191 3.657010e-01
192 2.811270e+00
193 4.137590e+01
194 2.510740e+01
195 3.173530e+01
196 1.377420e+02
197 3.084540e+00
198 7.267530e-01
199 4.449010e-01
200 1.820430e+01
