1 1.510380e+01
2 1.414120e+01
3 1.319770e+01
4 1.236820e+01
5 1.154560e+01
6 1.081960e+01
7 1.010760e+01
8 9.474170e+00
9 8.859770e+00
10 8.308990e+00
11 7.776380e+00
12 7.295790e+00
13 6.830780e+00
14 6.409260e+00
15 6.005460e+00
16 5.633930e+00
17 5.291910e+00
18 4.966050e+00
19 4.666640e+00
20 4.381790e+00
21 4.120330e+00
22 3.868650e+00
23 3.638670e+00
24 3.416900e+00
25 3.213020e+00
26 3.020780e+00
27 2.840280e+00
28 2.674210e+00
29 2.516160e+00
30 2.368350e+00
31 2.230220e+00
32 2.099680e+00
33 1.977550e+00
34 1.866560e+00
35 1.758980e+00
36 1.653310e+00
37 1.559850e+00
38 1.465960e+00
39 1.382080e+00
40 1.300950e+00
41 1.225130e+00
42 1.154910e+00
43 1.087600e+00
44 1.026980e+00
45 9.681630e-01
46 9.147490e-01
47 8.629810e-01
48 8.152140e-01
49 7.698160e-01
50 7.276300e-01
51 6.863230e-01
52 6.490380e-01
53 6.122050e-01
54 5.786590e-01
55 5.457030e-01
56 5.158600e-01
57 4.867480e-01
58 4.601060e-01
59 4.346020e-01
60 4.112620e-01
61 3.896290e-01
62 3.693220e-01
63 3.504960e-01
64 3.324560e-01
65 3.157670e-01
66 2.992060e-01
67 2.842340e-01
68 2.694410e-01
69 2.559990e-01
70 2.425910e-01
71 2.301910e-01
72 2.185320e-01
73 2.077640e-01
74 1.968600e-01
75 1.870760e-01
76 1.776270e-01
77 1.689300e-01
78 1.614760e-01
79 1.539710e-01
80 1.473340e-01
81 1.408040e-01
82 1.346560e-01
83 1.288470e-01
84 1.230310e-01
85 1.176960e-01
86 1.125190e-01
87 1.078050e-01
88 1.030160e-01
89 9.844060e-02
90 9.436060e-02
91 9.021170e-02
92 8.681680e-02
93 8.387160e-02
94 8.125470e-02
95 7.871450e-02
96 7.614210e-02
97 7.378600e-02
98 7.144600e-02
99 6.912330e-02
100 6.699490e-02
101 6.489340e-02
102 6.279880e-02
103 6.080920e-02
104 5.891990e-02
105 5.720440e-02
106 5.569210e-02
107 5.536370e-02
108 5.533840e-02
109 5.531250e-02
110 5.528600e-02
111 5.529410e-02
112 5.537840e-02
113 5.546730e-02
114 5.555820e-02
115 5.565130e-02
116 5.574650e-02
117 5.584400e-02
118 5.594370e-02
119 5.611550e-02
120 5.642320e-02
121 5.814560e-02
122 6.445290e-02
123 7.985800e-02
124 1.221420e-01
125 3.037040e-01
126 2.225630e+00
127 5.679340e+00
128 1.971060e+00
129 2.580710e-01
130 1.112390e-01
131 7.879310e-02
132 7.065910e-02
133 7.144140e-02
134 7.540090e-02
135 8.018200e-02
136 8.935230e-02
137 1.084090e-01
138 1.340770e-01
139 1.656340e-01
140 2.114590e-01
141 3.240440e-01
142 6.572670e-01
143 3.292830e+00
144 4.681320e+01
145 5.889060e+01
146 4.988110e+00
147 1.093530e+00
148 4.555130e-01
149 1.760140e-01
150 1.181490e-01
151 9.008710e-02
152 7.556520e-02
153 6.457020e-02
154 5.574280e-02
155 5.184210e-02
156 5.047300e-02
157 4.922110e-02
158 4.797690e-02
159 4.672520e-02
160 4.554030e-02
161 4.462910e-02
162 4.606780e-02
163 4.933190e-02
164 5.297730e-02
165 5.688460e-02
166 6.092760e-02
167 6.541680e-02
168 7.062760e-02
169 8.151350e-02
170 1.002620e-01
171 1.235340e-01
172 1.523570e-01
173 1.969370e-01
174 3.057450e-01
175 7.651450e-01
176 2.976530e+00
177 1.114700e+02
178 5.812560e+01
179 1.335900e+00
180 1.236600e+00
181 1.462610e+01
182 6.993940e+00
183 5.110750e+01
184 2.414690e+00
185 3.823830e-01
186 1.680920e-01
187 1.521840e-01
188 1.584960e-01
189 1.870740e-01
190 2.452830e-01
191 3.697120e-01
192 2.954880e+00
193 3.980480e+01
194 2.638080e+01
195 3.779020e+01
196 1.314780e+02
197 3.490510e+00
198 7.366680e-01
199 4.616440e-01
200 1.728000e+01
