1 1.508630e+01
2 1.412580e+01
3 1.318420e+01
4 1.235570e+01
5 1.153400e+01
6 1.080860e+01
7 1.009730e+01
8 9.464670e+00
9 8.851240e+00
10 8.301550e+00
11 7.770030e+00
12 7.290040e+00
13 6.825500e+00
14 6.404320e+00
15 6.000770e+00
16 5.629370e+00
17 5.287750e+00
18 4.962490e+00
19 4.663600e+00
20 4.379240e+00
21 4.118050e+00
22 3.866550e+00
23 3.636760e+00
24 3.415110e+00
25 3.211210e+00
26 3.019030e+00
27 2.838700e+00
28 2.672870e+00
29 2.515050e+00
30 2.367370e+00
31 2.229310e+00
32 2.098830e+00
33 1.976730e+00
34 1.865840e+00
35 1.758400e+00
36 1.652830e+00
37 1.559340e+00
38 1.465430e+00
39 1.381580e+00
40 1.300520e+00
41 1.224720e+00
42 1.154460e+00
43 1.087160e+00
44 1.026630e+00
45 9.678870e-01
46 9.145120e-01
47 8.627730e-01
48 8.150200e-01
49 7.696330e-01
50 7.274530e-01
51 6.861600e-01
52 6.489100e-01
53 6.121050e-01
54 5.785460e-01
55 5.455810e-01
56 5.157560e-01
57 4.866560e-01
58 4.599960e-01
59 4.344790e-01
60 4.111400e-01
61 3.895300e-01
62 3.692590e-01
63 3.504470e-01
64 3.324140e-01
65 3.157270e-01
66 2.991690e-01
67 2.841980e-01
68 2.694070e-01
69 2.559670e-01
70 2.425600e-01
71 2.301580e-01
72 2.185020e-01
73 2.077330e-01
74 1.968290e-01
75 1.870340e-01
76 1.775700e-01
77 1.688720e-01
78 1.614420e-01
79 1.539570e-01
80 1.473250e-01
81 1.407930e-01
82 1.346450e-01
83 1.288370e-01
84 1.230200e-01
85 1.176850e-01
86 1.125080e-01
87 1.077930e-01
88 1.030030e-01
89 9.842340e-02
90 9.433320e-02
91 9.017400e-02
92 8.678740e-02
93 8.386100e-02
94 8.124940e-02
95 7.870980e-02
96 7.613790e-02
97 7.378150e-02
98 7.144100e-02
99 6.911900e-02
100 6.699610e-02
101 6.489480e-02
102 6.279480e-02
103 6.088090e-02
104 5.914040e-02
105 5.735980e-02
106 5.567990e-02
107 5.536240e-02
108 5.539480e-02
109 5.542790e-02
110 5.546180e-02
111 5.549650e-02
112 5.553190e-02
113 5.556820e-02
114 5.560540e-02
115 5.565450e-02
116 5.574590e-02
117 5.584340e-02
118 5.594310e-02
119 5.609780e-02
120 5.635620e-02
121 5.801910e-02
122 6.423040e-02
123 7.916690e-02
124 1.203060e-01
125 2.748830e-01
126 2.097520e+00
127 5.986720e+00
128 1.846340e+00
129 2.367650e-01
130 1.098540e-01
131 7.833660e-02
132 7.047530e-02
133 7.137990e-02
134 7.539130e-02
135 8.006460e-02
136 8.902160e-02
137 1.082880e-01
138 1.339470e-01
139 1.654070e-01
140 2.103230e-01
141 3.208010e-01
142 6.426500e-01
143 2.796510e+00
144 4.670300e+01
145 6.034210e+01
146 4.191530e+00
147 1.094370e+00
148 4.437000e-01
149 1.744600e-01
150 1.177980e-01
151 8.990720e-02
152 7.552650e-02
153 6.454990e-02
154 5.567050e-02
155 5.181360e-02
156 5.047000e-02
157 4.922180e-02
158 4.797760e-02
159 4.672580e-02
160 4.553990e-02
161 4.459840e-02
162 4.604900e-02
163 4.932880e-02
164 5.297410e-02
165 5.687990e-02
166 6.094000e-02
167 6.561210e-02
168 7.062110e-02
169 8.143330e-02
170 1.002180e-01
171 1.234780e-01
172 1.522550e-01
173 1.963980e-01
174 3.042140e-01
175 7.582790e-01
176 2.636630e+00
177 1.137600e+02
178 5.623070e+01
179 1.278930e+00
180 1.073030e+00
181 1.501210e+01
182 5.845980e+00
183 5.246770e+01
184 1.998660e+00
185 3.765200e-01
186 1.676350e-01
187 1.520740e-01
188 1.583640e-01
189 1.868980e-01
190 2.449900e-01
191 3.676340e-01
192 2.886180e+00
193 4.046760e+01
194 2.584650e+01
195 3.501910e+01
196 1.343740e+02
197 3.263180e+00
198 7.316350e-01
199 4.518780e-01
200 1.769480e+01
