1 5.623920e-04
2 5.570820e-04
3 5.516500e-04
4 5.460900e-04
5 5.404010e-04
6 5.345800e-04
7 5.286230e-04
8 5.225270e-04
9 5.162890e-04
10 5.099540e-04
11 5.042020e-04
12 4.985620e-04
13 4.927890e-04
14 4.868840e-04
15 4.808400e-04
16 4.746540e-04
17 4.683260e-04
18 4.620220e-04
19 4.572550e-04
20 4.528040e-04
21 4.482500e-04
22 4.435900e-04
23 4.388210e-04
24 4.339410e-04
25 4.289480e-04
26 4.238370e-04
27 4.186080e-04
28 4.132580e-04
29 4.077830e-04
30 4.021790e-04
31 3.973070e-04
32 3.936010e-04
33 3.898200e-04
34 3.859510e-04
35 3.819920e-04
36 3.779410e-04
37 3.737960e-04
38 3.695540e-04
39 3.652120e-04
40 3.607700e-04
41 3.562250e-04
42 3.515730e-04
43 3.468140e-04
44 3.419470e-04
45 3.379370e-04
46 3.345930e-04
47 3.311710e-04
48 3.276690e-04
49 3.240850e-04
50 3.204190e-04
51 3.166660e-04
52 3.128260e-04
53 3.088980e-04
54 3.048770e-04
55 3.010300e-04
56 2.982340e-04
57 2.955020e-04
58 2.927050e-04
59 2.898430e-04
60 2.869150e-04
61 2.839190e-04
62 2.808520e-04
63 2.777150e-04
64 2.745040e-04
65 2.712180e-04
66 2.678560e-04
67 2.644160e-04
68 2.608950e-04
69 2.572930e-04
70 2.536150e-04
71 2.508210e-04
72 2.486280e-04
73 2.463830e-04
74 2.440860e-04
75 2.417350e-04
76 2.393300e-04
77 2.368690e-04
78 2.343500e-04
79 2.317730e-04
80 2.291360e-04
81 2.264370e-04
82 2.236750e-04
83 2.208500e-04
84 2.179570e-04
85 2.149990e-04
86 2.119710e-04
87 2.088720e-04
88 2.058580e-04
89 2.037540e-04
90 2.017690e-04
91 1.997380e-04
92 1.976600e-04
93 1.955330e-04
94 1.933570e-04
95 1.911300e-04
96 1.888510e-04
97 1.865190e-04
98 1.841330e-04
99 1.816910e-04
100 1.791920e-04
101 1.771670e-04
102 1.756300e-04
103 1.740570e-04
104 1.724480e-04
105 1.708010e-04
106 1.691160e-04
107 1.673920e-04
108 1.656270e-04
109 1.638220e-04
110 1.619740e-04
111 1.600830e-04
112 1.581490e-04
113 1.561690e-04
114 1.541430e-04
115 1.520700e-04
116 1.499490e-04
117 1.477780e-04
118 1.456250e-04
119 1.440890e-04
120 1.426870e-04
121 1.412530e-04
122 1.397850e-04
123 1.382820e-04
124 1.367450e-04
125 1.351720e-04
126 1.335620e-04
127 1.319150e-04
128 1.302300e-04
129 1.285050e-04
130 1.267400e-04
131 1.251940e-04
132 1.239980e-04
133 1.227780e-04
134 1.215290e-04
135 1.202520e-04
136 1.189440e-04
137 1.176060e-04
138 1.162370e-04
139 1.148360e-04
140 1.134030e-04
141 1.119360e-04
142 1.104360e-04
143 1.091640e-04
144 1.080530e-04
145 1.069150e-04
146 1.057510e-04
147 1.045600e-04
148 1.033410e-04
149 1.020930e-04
150 1.008170e-04
151 9.951080e-05
152 9.834730e-05
153 9.750340e-05
154 9.664910e-05
155 9.577510e-05
156 9.488070e-05
157 9.396530e-05
158 9.302880e-05
159 9.207050e-05
160 9.108970e-05
161 9.008610e-05
162 8.905920e-05
163 8.800840e-05
164 8.693290e-05
165 8.583270e-05
166 8.470670e-05
167 8.355420e-05
168 8.237530e-05
169 8.116880e-05
170 7.993610e-05
171 7.891990e-05
172 7.804800e-05
173 7.715580e-05
174 7.624270e-05
175 7.539170e-05
176 7.461760e-05
177 7.382560e-05
178 7.301520e-05
179 7.218580e-05
180 7.133720e-05
181 7.046890e-05
182 6.958020e-05
183 6.875150e-05
184 6.803000e-05
185 6.729330e-05
186 6.653950e-05
187 6.576800e-05
188 6.497850e-05
189 6.417120e-05
190 6.347060e-05
191 6.285070e-05
192 6.221630e-05
193 6.156710e-05
194 6.090290e-05
195 6.022320e-05
196 5.952760e-05
197 5.881570e-05
198 5.808750e-05
199 5.734210e-05
200 5.657940e-05
