1 5.603700e-02
2 5.603700e-02
3 5.603700e-02
4 5.603700e-02
5 5.603700e-02
6 5.603700e-02
7 5.603700e-02
8 5.603700e-02
9 5.603700e-02
10 5.603700e-02
11 5.603700e-02
12 5.603700e-02
13 5.603700e-02
14 5.603700e-02
15 5.603700e-02
16 5.603700e-02
17 5.603700e-02
18 5.603700e-02
19 5.603700e-02
20 5.603700e-02
21 5.603700e-02
22 5.603700e-02
23 5.603700e-02
24 5.603700e-02
25 5.603700e-02
26 5.603700e-02
27 5.603700e-02
28 5.603700e-02
29 5.603700e-02
30 5.603700e-02
31 5.603700e-02
32 5.603700e-02
33 5.603700e-02
34 5.603700e-02
35 5.603700e-02
36 5.603700e-02
37 5.603700e-02
38 5.603700e-02
39 5.603700e-02
40 5.603700e-02
41 5.603700e-02
42 5.603700e-02
43 5.603700e-02
44 5.603700e-02
45 5.603700e-02
46 5.603700e-02
47 5.603700e-02
48 5.603700e-02
49 5.603700e-02
50 5.603700e-02
51 5.603700e-02
52 5.603700e-02
53 5.603700e-02
54 5.603700e-02
55 5.603700e-02
56 5.603700e-02
57 5.603700e-02
58 5.603700e-02
59 5.603700e-02
60 5.603700e-02
61 5.603700e-02
62 5.603700e-02
63 5.603700e-02
64 5.603700e-02
65 5.603700e-02
66 5.603700e-02
67 5.603700e-02
68 5.603700e-02
69 5.603700e-02
70 5.603700e-02
71 5.603700e-02
72 5.603710e-02
73 5.603720e-02
74 5.603720e-02
75 5.603730e-02
76 5.603730e-02
77 5.603740e-02
78 5.603740e-02
79 5.603750e-02
80 5.603760e-02
81 5.603760e-02
82 5.603770e-02
83 5.603780e-02
84 5.603790e-02
85 5.603790e-02
86 5.603800e-02
87 5.603810e-02
88 5.603820e-02
89 5.603820e-02
90 5.603830e-02
91 5.603840e-02
92 5.603850e-02
93 5.603850e-02
94 5.603870e-02
95 5.603870e-02
96 5.603890e-02
97 5.603900e-02
98 5.603900e-02
99 5.603920e-02
100 5.603930e-02
101 5.603930e-02
102 5.603940e-02
103 5.603940e-02
104 5.603950e-02
105 5.603950e-02
106 5.603960e-02
107 5.603960e-02
108 5.603970e-02
109 5.603980e-02
110 5.603980e-02
111 5.603990e-02
112 5.604000e-02
113 5.604000e-02
114 5.604010e-02
115 5.604020e-02
116 5.604020e-02
117 5.604030e-02
118 5.604040e-02
119 5.604050e-02
120 5.604060e-02
121 5.604070e-02
122 5.604070e-02
123 5.604080e-02
124 5.604090e-02
125 5.604100e-02
126 5.604110e-02
127 5.604120e-02
128 5.604130e-02
129 5.604140e-02
130 5.604150e-02
131 5.604160e-02
132 5.604170e-02
133 5.604180e-02
134 5.604190e-02
135 5.604200e-02
136 5.604220e-02
137 5.604230e-02
138 5.604240e-02
139 5.604250e-02
140 5.604270e-02
141 5.604280e-02
142 5.604290e-02
143 5.604300e-02
144 5.604320e-02
145 5.604340e-02
146 5.604350e-02
147 5.604360e-02
148 5.604380e-02
149 5.604390e-02
150 5.604410e-02
151 5.604430e-02
152 5.604440e-02
153 5.604460e-02
154 5.604480e-02
155 5.604500e-02
156 5.604520e-02
157 5.604530e-02
158 5.604560e-02
159 5.604570e-02
160 5.604600e-02
161 5.604620e-02
162 5.604640e-02
163 5.604660e-02
164 5.604680e-02
165 5.604710e-02
166 5.604730e-02
167 5.604750e-02
168 5.604780e-02
169 5.604800e-02
170 5.604830e-02
171 5.604850e-02
172 5.604880e-02
173 5.604910e-02
174 5.604930e-02
175 5.604970e-02
176 5.605000e-02
177 5.605020e-02
178 5.605060e-02
179 5.605080e-02
180 5.605120e-02
181 5.605150e-02
182 5.605190e-02
183 5.605220e-02
184 5.605250e-02
185 5.605290e-02
186 5.605330e-02
187 5.605360e-02
188 5.605400e-02
189 5.605450e-02
190 5.605490e-02
191 5.605530e-02
192 5.605570e-02
193 5.605610e-02
194 5.605660e-02
195 5.605700e-02
196 5.605750e-02
197 5.605800e-02
198 5.605840e-02
199 5.605900e-02
200 5.605950e-02
