1 5.630600e-04
2 5.575750e-04
3 5.519650e-04
4 5.462220e-04
5 5.403460e-04
6 5.343330e-04
7 5.281810e-04
8 5.218840e-04
9 5.154410e-04
10 5.089160e-04
11 5.032640e-04
12 4.978250e-04
13 4.922590e-04
14 4.865640e-04
15 4.807370e-04
16 4.747720e-04
17 4.686710e-04
18 4.625410e-04
19 4.573950e-04
20 4.524130e-04
21 4.473170e-04
22 4.421020e-04
23 4.367640e-04
24 4.313030e-04
25 4.259990e-04
26 4.214160e-04
27 4.167810e-04
28 4.120370e-04
29 4.071840e-04
30 4.022180e-04
31 3.977290e-04
32 3.940200e-04
33 3.902320e-04
34 3.863560e-04
35 3.823900e-04
36 3.783310e-04
37 3.741790e-04
38 3.699290e-04
39 3.655800e-04
40 3.611300e-04
41 3.565760e-04
42 3.519160e-04
43 3.471480e-04
44 3.422730e-04
45 3.382600e-04
46 3.349190e-04
47 3.315010e-04
48 3.280020e-04
49 3.244220e-04
50 3.207590e-04
51 3.170100e-04
52 3.131740e-04
53 3.092490e-04
54 3.052330e-04
55 3.013890e-04
56 2.985980e-04
57 2.958700e-04
58 2.930790e-04
59 2.902210e-04
60 2.872980e-04
61 2.843070e-04
62 2.812460e-04
63 2.781130e-04
64 2.749080e-04
65 2.716280e-04
66 2.682710e-04
67 2.648370e-04
68 2.613220e-04
69 2.577260e-04
70 2.540540e-04
71 2.512590e-04
72 2.490580e-04
73 2.468060e-04
74 2.445020e-04
75 2.421440e-04
76 2.397310e-04
77 2.372620e-04
78 2.347350e-04
79 2.321490e-04
80 2.295040e-04
81 2.267960e-04
82 2.240260e-04
83 2.211910e-04
84 2.182890e-04
85 2.153210e-04
86 2.122830e-04
87 2.091740e-04
88 2.061510e-04
89 2.040370e-04
90 2.020430e-04
91 2.000020e-04
92 1.979130e-04
93 1.957760e-04
94 1.935900e-04
95 1.913520e-04
96 1.890620e-04
97 1.867190e-04
98 1.843210e-04
99 1.818670e-04
100 1.793560e-04
101 1.773200e-04
102 1.757760e-04
103 1.741960e-04
104 1.725790e-04
105 1.709250e-04
106 1.692320e-04
107 1.674990e-04
108 1.657260e-04
109 1.639120e-04
110 1.620560e-04
111 1.601560e-04
112 1.582120e-04
113 1.562230e-04
114 1.541870e-04
115 1.521040e-04
116 1.499730e-04
117 1.477920e-04
118 1.456290e-04
119 1.440940e-04
120 1.426950e-04
121 1.412640e-04
122 1.397990e-04
123 1.383000e-04
124 1.367660e-04
125 1.351970e-04
126 1.335900e-04
127 1.319470e-04
128 1.302650e-04
129 1.285440e-04
130 1.267820e-04
131 1.252380e-04
132 1.240400e-04
133 1.228180e-04
134 1.215680e-04
135 1.202880e-04
136 1.189790e-04
137 1.176390e-04
138 1.162680e-04
139 1.148650e-04
140 1.134290e-04
141 1.119600e-04
142 1.104580e-04
143 1.091870e-04
144 1.080780e-04
145 1.069440e-04
146 1.057830e-04
147 1.045950e-04
148 1.033790e-04
149 1.021360e-04
150 1.008630e-04
151 9.956020e-05
152 9.839870e-05
153 9.755310e-05
154 9.669710e-05
155 9.582130e-05
156 9.492510e-05
157 9.400790e-05
158 9.306940e-05
159 9.210920e-05
160 9.112650e-05
161 9.012080e-05
162 8.909190e-05
163 8.803890e-05
164 8.696120e-05
165 8.585880e-05
166 8.473050e-05
167 8.357570e-05
168 8.239440e-05
169 8.118540e-05
170 7.995020e-05
171 7.893350e-05
172 7.806230e-05
173 7.717090e-05
174 7.625850e-05
175 7.540810e-05
176 7.463420e-05
177 7.384250e-05
178 7.303240e-05
179 7.220330e-05
180 7.135500e-05
181 7.048700e-05
182 6.959860e-05
183 6.877010e-05
184 6.804880e-05
185 6.731220e-05
186 6.655860e-05
187 6.578720e-05
188 6.499790e-05
189 6.419070e-05
190 6.349040e-05
191 6.287080e-05
192 6.223680e-05
193 6.158800e-05
194 6.092400e-05
195 6.024470e-05
196 5.954950e-05
197 5.883800e-05
198 5.811020e-05
199 5.736520e-05
200 5.660280e-05
