1 5.617710e-04
2 5.565830e-04
3 5.512760e-04
4 5.458450e-04
5 5.402860e-04
6 5.345990e-04
7 5.287800e-04
8 5.228240e-04
9 5.167300e-04
10 5.105280e-04
11 5.047070e-04
12 4.989270e-04
13 4.930110e-04
14 4.869600e-04
15 4.807660e-04
16 4.744270e-04
17 4.679420e-04
18 4.614910e-04
19 4.567050e-04
20 4.522680e-04
21 4.477280e-04
22 4.430830e-04
23 4.383280e-04
24 4.334630e-04
25 4.284860e-04
26 4.233910e-04
27 4.181780e-04
28 4.128440e-04
29 4.073860e-04
30 4.018000e-04
31 3.969410e-04
32 3.932410e-04
33 3.894660e-04
34 3.856050e-04
35 3.816520e-04
36 3.776080e-04
37 3.734700e-04
38 3.692350e-04
39 3.649010e-04
40 3.604670e-04
41 3.559300e-04
42 3.512860e-04
43 3.465340e-04
44 3.416760e-04
45 3.376710e-04
46 3.343280e-04
47 3.309080e-04
48 3.274080e-04
49 3.238270e-04
50 3.201620e-04
51 3.164120e-04
52 3.125740e-04
53 3.086480e-04
54 3.046290e-04
55 3.007840e-04
56 2.979870e-04
57 2.952540e-04
58 2.924560e-04
59 2.895930e-04
60 2.866640e-04
61 2.836670e-04
62 2.805990e-04
63 2.774600e-04
64 2.742480e-04
65 2.709610e-04
66 2.675980e-04
67 2.641570e-04
68 2.606350e-04
69 2.570310e-04
70 2.533510e-04
71 2.505600e-04
72 2.483710e-04
73 2.461300e-04
74 2.438380e-04
75 2.414920e-04
76 2.390920e-04
77 2.366350e-04
78 2.341210e-04
79 2.315490e-04
80 2.289170e-04
81 2.262230e-04
82 2.234680e-04
83 2.206470e-04
84 2.177610e-04
85 2.148080e-04
86 2.117860e-04
87 2.086930e-04
88 2.056860e-04
89 2.035870e-04
90 2.016080e-04
91 1.995830e-04
92 1.975100e-04
93 1.953890e-04
94 1.932190e-04
95 1.909980e-04
96 1.887260e-04
97 1.864000e-04
98 1.840210e-04
99 1.815860e-04
100 1.790940e-04
101 1.770740e-04
102 1.755420e-04
103 1.739750e-04
104 1.723710e-04
105 1.707290e-04
106 1.690490e-04
107 1.673310e-04
108 1.655710e-04
109 1.637720e-04
110 1.619300e-04
111 1.600450e-04
112 1.581170e-04
113 1.561430e-04
114 1.541240e-04
115 1.520570e-04
116 1.499430e-04
117 1.477790e-04
118 1.456320e-04
119 1.440960e-04
120 1.426910e-04
121 1.412540e-04
122 1.397840e-04
123 1.382780e-04
124 1.367390e-04
125 1.351630e-04
126 1.335500e-04
127 1.319000e-04
128 1.302120e-04
129 1.284840e-04
130 1.267150e-04
131 1.251680e-04
132 1.239740e-04
133 1.227560e-04
134 1.215090e-04
135 1.202330e-04
136 1.189280e-04
137 1.175920e-04
138 1.162250e-04
139 1.148260e-04
140 1.133940e-04
141 1.119300e-04
142 1.104320e-04
143 1.091590e-04
144 1.080450e-04
145 1.069050e-04
146 1.057380e-04
147 1.045440e-04
148 1.033230e-04
149 1.020730e-04
150 1.007930e-04
151 9.948430e-05
152 9.831910e-05
153 9.747590e-05
154 9.662260e-05
155 9.574950e-05
156 9.485610e-05
157 9.394170e-05
158 9.300620e-05
159 9.204890e-05
160 9.106920e-05
161 9.006660e-05
162 8.904090e-05
163 8.799120e-05
164 8.691680e-05
165 8.581780e-05
166 8.469300e-05
167 8.354180e-05
168 8.236410e-05
169 8.115890e-05
170 7.992750e-05
171 7.891170e-05
172 7.803950e-05
173 7.714710e-05
174 7.623360e-05
175 7.538240e-05
176 7.460810e-05
177 7.381610e-05
178 7.300560e-05
179 7.217600e-05
180 7.132730e-05
181 7.045880e-05
182 6.957000e-05
183 6.874120e-05
184 6.801970e-05
185 6.728290e-05
186 6.652910e-05
187 6.575760e-05
188 6.496800e-05
189 6.416070e-05
190 6.346000e-05
191 6.283990e-05
192 6.220540e-05
193 6.155610e-05
194 6.089160e-05
195 6.021170e-05
196 5.951600e-05
197 5.880400e-05
198 5.807550e-05
199 5.733000e-05
200 5.656700e-05
