1 5.627170e-04
2 5.573270e-04
3 5.518140e-04
4 5.461720e-04
5 5.403970e-04
6 5.344890e-04
7 5.284430e-04
8 5.222560e-04
9 5.159250e-04
10 5.095030e-04
11 5.037980e-04
12 4.982510e-04
13 4.925740e-04
14 4.867660e-04
15 4.808220e-04
16 4.747390e-04
17 4.685160e-04
18 4.623100e-04
19 4.575580e-04
20 4.531000e-04
21 4.485390e-04
22 4.438710e-04
23 4.390940e-04
24 4.342070e-04
25 4.292060e-04
26 4.240870e-04
27 4.188500e-04
28 4.134910e-04
29 4.080070e-04
30 4.023950e-04
31 3.975160e-04
32 3.938060e-04
33 3.900210e-04
34 3.861500e-04
35 3.821870e-04
36 3.781320e-04
37 3.739830e-04
38 3.697370e-04
39 3.653910e-04
40 3.609460e-04
41 3.563960e-04
42 3.517400e-04
43 3.469760e-04
44 3.421050e-04
45 3.380930e-04
46 3.347490e-04
47 3.313280e-04
48 3.278260e-04
49 3.242420e-04
50 3.205760e-04
51 3.168240e-04
52 3.129840e-04
53 3.090560e-04
54 3.050360e-04
55 3.011890e-04
56 2.983940e-04
57 2.956630e-04
58 2.928680e-04
59 2.900080e-04
60 2.870810e-04
61 2.840870e-04
62 2.810210e-04
63 2.778860e-04
64 2.746770e-04
65 2.713920e-04
66 2.680320e-04
67 2.645940e-04
68 2.610750e-04
69 2.574740e-04
70 2.537980e-04
71 2.510030e-04
72 2.488070e-04
73 2.465590e-04
74 2.442590e-04
75 2.419050e-04
76 2.394970e-04
77 2.370320e-04
78 2.345100e-04
79 2.319290e-04
80 2.292880e-04
81 2.265860e-04
82 2.238210e-04
83 2.209910e-04
84 2.180950e-04
85 2.151320e-04
86 2.121000e-04
87 2.089970e-04
88 2.059790e-04
89 2.038710e-04
90 2.018820e-04
91 1.998470e-04
92 1.977650e-04
93 1.956340e-04
94 1.934530e-04
95 1.912220e-04
96 1.889380e-04
97 1.866020e-04
98 1.842110e-04
99 1.817640e-04
100 1.792610e-04
101 1.772310e-04
102 1.756900e-04
103 1.741150e-04
104 1.725020e-04
105 1.708520e-04
106 1.691640e-04
107 1.674360e-04
108 1.656670e-04
109 1.638580e-04
110 1.620070e-04
111 1.601120e-04
112 1.581730e-04
113 1.561900e-04
114 1.541590e-04
115 1.520820e-04
116 1.499560e-04
117 1.477810e-04
118 1.456240e-04
119 1.440890e-04
120 1.426880e-04
121 1.412550e-04
122 1.397880e-04
123 1.382870e-04
124 1.367520e-04
125 1.351810e-04
126 1.335720e-04
127 1.319270e-04
128 1.302430e-04
129 1.285200e-04
130 1.267570e-04
131 1.252110e-04
132 1.240150e-04
133 1.227940e-04
134 1.215440e-04
135 1.202660e-04
136 1.189570e-04
137 1.176190e-04
138 1.162490e-04
139 1.148470e-04
140 1.134120e-04
141 1.119440e-04
142 1.104430e-04
143 1.091720e-04
144 1.080610e-04
145 1.069250e-04
146 1.057630e-04
147 1.045730e-04
148 1.033560e-04
149 1.021100e-04
150 1.008350e-04
151 9.953050e-05
152 9.836790e-05
153 9.752330e-05
154 9.666840e-05
155 9.579370e-05
156 9.489850e-05
157 9.398250e-05
158 9.304510e-05
159 9.208610e-05
160 9.110450e-05
161 9.010010e-05
162 8.907240e-05
163 8.802070e-05
164 8.694440e-05
165 8.584330e-05
166 8.471640e-05
167 8.356300e-05
168 8.238310e-05
169 8.117570e-05
170 7.994200e-05
171 7.892550e-05
172 7.805390e-05
173 7.716200e-05
174 7.624920e-05
175 7.539840e-05
176 7.462430e-05
177 7.383250e-05
178 7.302220e-05
179 7.219290e-05
180 7.134440e-05
181 7.047620e-05
182 6.958760e-05
183 6.875900e-05
184 6.803760e-05
185 6.730080e-05
186 6.654710e-05
187 6.577570e-05
188 6.498620e-05
189 6.417890e-05
190 6.347840e-05
191 6.285860e-05
192 6.222440e-05
193 6.157540e-05
194 6.091120e-05
195 6.023170e-05
196 5.953620e-05
197 5.882450e-05
198 5.809640e-05
199 5.735120e-05
200 5.658860e-05
