1 5.629200e-04
2 5.574760e-04
3 5.519060e-04
4 5.462060e-04
5 5.403720e-04
6 5.344040e-04
7 5.282960e-04
8 5.220450e-04
9 5.156500e-04
10 5.091680e-04
11 5.034940e-04
12 4.980110e-04
13 4.923990e-04
14 4.866580e-04
15 4.807820e-04
16 4.747690e-04
17 4.686170e-04
18 4.624420e-04
19 4.573000e-04
20 4.523360e-04
21 4.472570e-04
22 4.420600e-04
23 4.367420e-04
24 4.312990e-04
25 4.260060e-04
26 4.214090e-04
27 4.167570e-04
28 4.119960e-04
29 4.071260e-04
30 4.021420e-04
31 3.976430e-04
32 3.939350e-04
33 3.901480e-04
34 3.862740e-04
35 3.823090e-04
36 3.782520e-04
37 3.741010e-04
38 3.698530e-04
39 3.655050e-04
40 3.610570e-04
41 3.565050e-04
42 3.518460e-04
43 3.470800e-04
44 3.422060e-04
45 3.381940e-04
46 3.348510e-04
47 3.314300e-04
48 3.279300e-04
49 3.243480e-04
50 3.206830e-04
51 3.169320e-04
52 3.130940e-04
53 3.091670e-04
54 3.051480e-04
55 3.013030e-04
56 2.985100e-04
57 2.957800e-04
58 2.929870e-04
59 2.901280e-04
60 2.872030e-04
61 2.842100e-04
62 2.811470e-04
63 2.780130e-04
64 2.748060e-04
65 2.715240e-04
66 2.681650e-04
67 2.647290e-04
68 2.612120e-04
69 2.576130e-04
70 2.539390e-04
71 2.511440e-04
72 2.489450e-04
73 2.466950e-04
74 2.443930e-04
75 2.420370e-04
76 2.396260e-04
77 2.371580e-04
78 2.346340e-04
79 2.320510e-04
80 2.294070e-04
81 2.267010e-04
82 2.239340e-04
83 2.211010e-04
84 2.182020e-04
85 2.152360e-04
86 2.122010e-04
87 2.090940e-04
88 2.060740e-04
89 2.039620e-04
90 2.019710e-04
91 1.999320e-04
92 1.978470e-04
93 1.957120e-04
94 1.935280e-04
95 1.912930e-04
96 1.890060e-04
97 1.866660e-04
98 1.842720e-04
99 1.818210e-04
100 1.793130e-04
101 1.772800e-04
102 1.757380e-04
103 1.741600e-04
104 1.725450e-04
105 1.708920e-04
106 1.692010e-04
107 1.674700e-04
108 1.656990e-04
109 1.638870e-04
110 1.620330e-04
111 1.601360e-04
112 1.581940e-04
113 1.562070e-04
114 1.541740e-04
115 1.520940e-04
116 1.499650e-04
117 1.477860e-04
118 1.456260e-04
119 1.440910e-04
120 1.426910e-04
121 1.412590e-04
122 1.397930e-04
123 1.382940e-04
124 1.367590e-04
125 1.351890e-04
126 1.335820e-04
127 1.319370e-04
128 1.302550e-04
129 1.285330e-04
130 1.267700e-04
131 1.252260e-04
132 1.240280e-04
133 1.228070e-04
134 1.215570e-04
135 1.202780e-04
136 1.189690e-04
137 1.176290e-04
138 1.162590e-04
139 1.148560e-04
140 1.134210e-04
141 1.119520e-04
142 1.104510e-04
143 1.091790e-04
144 1.080700e-04
145 1.069350e-04
146 1.057730e-04
147 1.045840e-04
148 1.033680e-04
149 1.021240e-04
150 1.008500e-04
151 9.954660e-05
152 9.838460e-05
153 9.753940e-05
154 9.668390e-05
155 9.580860e-05
156 9.491290e-05
157 9.399630e-05
158 9.305830e-05
159 9.209860e-05
160 9.111640e-05
161 9.011130e-05
162 8.908300e-05
163 8.803060e-05
164 8.695360e-05
165 8.585170e-05
166 8.472410e-05
167 8.357000e-05
168 8.238930e-05
169 8.118100e-05
170 7.994650e-05
171 7.892990e-05
172 7.805850e-05
173 7.716690e-05
174 7.625430e-05
175 7.540370e-05
176 7.462970e-05
177 7.383790e-05
178 7.302780e-05
179 7.219860e-05
180 7.135010e-05
181 7.048200e-05
182 6.959360e-05
183 6.876500e-05
184 6.804370e-05
185 6.730700e-05
186 6.655330e-05
187 6.578190e-05
188 6.499250e-05
189 6.418530e-05
190 6.348490e-05
191 6.286520e-05
192 6.223110e-05
193 6.158210e-05
194 6.091810e-05
195 6.023870e-05
196 5.954330e-05
197 5.883180e-05
198 5.810380e-05
199 5.735870e-05
200 5.659620e-05
