1 1 2.49262E-1
1 2 9.24607E-2
1 3 1.20301E-1
1 4 1.44399E-1
1 5 1.81403E-1
1 6 2.24701E-1
1 7 2.75827E-1
1 8 3.38191E-1
1 9 4.08867E-1
1 10 4.9354E-1
1 11 5.85663E-1
1 12 6.85435E-1
1 13 7.86676E-1
1 14 8.84075E-1
1 15 9.61739E-1
1 16 1.0102E0
1 17 1.0115E0
1 18 9.54665E-1
1 19 8.36141E-1
1 20 6.68118E-1
1 21 4.74796E-1
1 22 2.91701E-1
1 23 1.49222E-1
1 24 6.0747E-2
1 25 1.86052E-2
1 26 3.99593E-3
1 27 5.52119E-4
1 28 4.42704E-5
1 29 2.62843E-6
1 30 8.1186E-8
1 31 0E0
1 32 0E0
1 33 0E0
1 34 0E0
1 35 0E0
1 36 0E0
1 37 0E0
1 38 0E0
1 39 0E0
1 40 0E0
2 1 1.9671E-1
2 2 8.10504E-2
2 3 1.08072E-1
2 4 1.29771E-1
2 5 1.63035E-1
2 6 2.01964E-1
2 7 2.4794E-1
2 8 3.0403E-1
2 9 3.67624E-1
2 10 4.43843E-1
2 11 5.26796E-1
2 12 6.1674E-1
2 13 7.08089E-1
2 14 7.96106E-1
2 15 8.66506E-1
2 16 9.10848E-1
2 17 9.12829E-1
2 18 8.62503E-1
2 19 7.56492E-1
2 20 6.05556E-1
2 21 4.3124E-1
2 22 2.65668E-1
2 23 1.3636E-1
2 24 5.57413E-2
2 25 1.71587E-2
2 26 3.70825E-3
2 27 5.16236E-4
2 28 4.17796E-5
2 29 2.4964E-6
2 30 7.80666E-8
2 31 0E0
2 32 0E0
2 33 0E0
2 34 0E0
2 35 0E0
2 36 0E0
2 37 0E0
2 38 0E0
2 39 0E0
2 40 0E0
3 1 1.54015E-1
3 2 6.54164E-2
3 3 9.47162E-2
3 4 1.16635E-1
3 5 1.46575E-1
3 6 1.81591E-1
3 7 2.22954E-1
3 8 2.73432E-1
3 9 3.30687E-1
3 10 3.99341E-1
3 11 4.74111E-1
3 12 5.55269E-1
3 13 6.37801E-1
3 14 7.17483E-1
3 15 7.81467E-1
3 16 8.22199E-1
3 17 8.24905E-1
3 18 7.80517E-1
3 19 6.85785E-1
3 20 5.50177E-1
3 21 3.92844E-1
3 22 2.42832E-1
3 23 1.2516E-1
3 24 5.14251E-2
3 25 1.59292E-2
3 26 3.46897E-3
3 27 4.87397E-4
3 28 3.98913E-5
3 29 2.4023E-6
3 30 7.62641E-8
3 31 0E0
3 32 0E0
3 33 0E0
3 34 0E0
3 35 0E0
3 36 0E0
3 37 0E0
3 38 0E0
3 39 0E0
3 40 0E0
4 1 1.18881E-1
4 2 5.09457E-2
4 3 7.63128E-2
4 4 1.02552E-1
4 5 1.32063E-1
4 6 1.63656E-1
4 7 2.00962E-1
4 8 2.46506E-1
4 9 2.9819E-1
4 10 3.60202E-1
4 11 4.27807E-1
4 12 5.01247E-1
4 13 5.76087E-1
4 14 6.48521E-1
4 15 7.06972E-1
4 16 7.44614E-1
4 17 7.48128E-1
4 18 7.09085E-1
4 19 6.24368E-1
4 20 5.02269E-1
4 21 3.5984E-1
4 22 2.23345E-1
4 23 1.15707E-1
4 24 4.78397E-2
4 25 1.49317E-2
4 26 3.28192E-3
4 27 4.66256E-4
4 28 3.86707E-5
4 29 2.35066E-6
4 30 7.59568E-8
4 31 0E0
4 32 0E0
4 33 0E0
4 34 0E0
4 35 0E0
4 36 0E0
4 37 0E0
4 38 0E0
4 39 0E0
4 40 0E0
5 1 9.46467E-2
5 2 4.01083E-2
5 3 5.99063E-2
5 4 8.27597E-2
5 5 1.16509E-1
5 6 1.48021E-1
5 7 1.81813E-1
5 8 2.23066E-1
5 9 2.69911E-1
5 10 3.26159E-1
5 11 3.87546E-1
5 12 4.54319E-1
5 13 5.22528E-1
5 14 5.8874E-1
5 15 6.42479E-1
5 16 6.77573E-1
5 17 6.81969E-1
5 18 6.4773E-1
5 19 5.71841E-1
5 20 4.61524E-1
5 21 3.32005E-1
5 22 2.07089E-1
5 23 1.0795E-1
5 24 4.49675E-2
5 25 1.4163E-2
5 26 3.14718E-3
5 27 4.52973E-4
5 28 3.81538E-5
5 29 2.34432E-6
5 30 7.72794E-8
5 31 0E0
5 32 0E0
5 33 0E0
5 34 0E0
5 35 0E0
5 36 0E0
5 37 0E0
5 38 0E0
5 39 0E0
5 40 0E0
6 1 7.40146E-2
6 2 3.12181E-2
6 3 4.67092E-2
6 4 6.45966E-2
6 5 9.373E-2
6 6 1.30936E-1
6 7 1.64969E-1
6 8 2.0247E-1
6 9 2.45073E-1
6 10 2.96272E-1
6 11 3.52223E-1
6 12 4.13204E-1
6 13 4.75647E-1
6 14 5.36488E-1
6 15 5.86213E-1
6 16 6.19253E-1
6 17 6.24598E-1
6 18 5.94783E-1
6 19 5.268E-1
6 20 4.26859E-1
6 21 3.08607E-1
6 22 1.93662E-1
6 23 1.01708E-1
6 24 4.27528E-2
6 25 1.36137E-2
6 26 3.065E-3
6 27 4.48061E-4
6 28 3.84377E-5
6 29 2.39189E-6
6 30 8.06817E-8
6 31 0E0
6 32 0E0
6 33 0E0
6 34 0E0
6 35 0E0
6 36 0E0
6 37 0E0
6 38 0E0
6 39 0E0
6 40 0E0
7 1 5.58051E-2
7 2 2.34855E-2
7 3 3.5571E-2
7 4 4.96894E-2
7 5 7.25366E-2
7 6 1.04891E-1
7 7 1.46449E-1
7 8 1.84567E-1
7 9 2.23506E-1
7 10 2.70341E-1
7 11 3.21605E-1
7 12 3.77591E-1
7 13 4.35103E-1
7 14 4.9141E-1
7 15 5.37813E-1
7 16 5.69248E-1
7 17 5.75604E-1
7 18 5.49863E-1
7 19 4.88917E-1
7 20 3.98073E-1
7 21 2.89503E-1
7 22 1.83007E-1
7 23 9.69709E-2
7 24 4.12036E-2
7 25 1.3292E-2
7 26 3.03925E-3
7 27 4.52534E-4
7 28 3.96644E-5
7 29 2.50471E-6
7 30 8.67292E-8
7 31 0E0
7 32 0E0
7 33 0E0
7 34 0E0
7 35 0E0
7 36 0E0
7 37 0E0
7 38 0E0
7 39 0E0
7 40 0E0
8 1 4.26372E-2
8 2 1.79594E-2
8 3 2.72303E-2
8 4 3.81523E-2
8 5 5.58442E-2
8 6 8.09159E-2
8 7 1.1687E-1
8 8 1.64427E-1
8 9 2.04841E-1
8 10 2.47929E-1
8 11 2.95181E-1
8 12 3.4691E-1
8 13 4.00256E-1
8 14 4.52768E-1
8 15 4.96496E-1
8 16 5.26772E-1
8 17 5.34261E-1
8 18 5.12314E-1
8 19 4.57669E-1
8 20 3.74809E-1
8 21 2.74512E-1
8 22 1.75048E-1
8 23 9.37396E-2
8 24 4.03423E-2
8 25 1.32142E-2
8 26 3.07669E-3
8 27 4.68E-4
8 28 4.20501E-5
8 29 2.70039E-6
8 30 9.63049E-8
8 31 0E0
8 32 0E0
8 33 0E0
8 34 0E0
8 35 0E0
8 36 0E0
8 37 0E0
8 38 0E0
8 39 0E0
8 40 0E0
9 1 3.38877E-2
9 2 1.39784E-2
9 3 2.08406E-2
9 4 2.90031E-2
9 5 4.26467E-2
9 6 6.20873E-2
9 7 8.98947E-2
9 8 1.31013E-1
9 9 1.83553E-1
9 10 2.28846E-1
9 11 2.72731E-1
9 12 3.20926E-1
9 13 3.70837E-1
9 14 4.20291E-1
9 15 4.61993E-1
9 16 4.91593E-1
9 17 5.00387E-1
9 18 4.82067E-1
9 19 4.33086E-1
9 20 3.57143E-1
9 21 2.63805E-1
9 22 1.69963E-1
9 23 9.21567E-2
9 24 4.02586E-2
9 25 1.34223E-2
9 26 3.19082E-3
9 27 4.97272E-4
9 28 4.59329E-5
9 29 3.00401E-6
9 30 1.10536E-7
9 31 0E0
9 32 0E0
9 33 0E0
9 34 0E0
9 35 0E0
9 36 0E0
9 37 0E0
9 38 0E0
9 39 0E0
9 40 0E0
10 1 2.55512E-2
10 2 1.05353E-2
10 3 1.57826E-2
10 4 2.20198E-2
10 5 3.23682E-2
10 6 4.72089E-2
10 7 6.85025E-2
10 8 1.00009E-1
10 9 1.45499E-1
10 10 2.06197E-1
10 11 2.53837E-1
10 12 2.9913E-1
10 13 3.46287E-1
10 14 3.9336E-1
10 15 4.33613E-1
10 16 4.62991E-1
10 17 4.73268E-1
10 18 4.58443E-1
10 19 4.1461E-1
10 20 3.44705E-1
10 21 2.57157E-1
10 22 1.67679E-1
10 23 9.22457E-2
10 24 4.10019E-2
10 25 1.39525E-2
10 26 3.39738E-3
10 27 5.44452E-4
10 28 5.1873E-5
10 29 3.46743E-6
10 30 1.32208E-7
10 31 0E0
10 32 0E0
10 33 0E0
10 34 0E0
10 35 0E0
10 36 0E0
10 37 0E0
10 38 0E0
10 39 0E0
10 40 0E0
11 1 1.87768E-2
11 2 7.74841E-3
11 3 1.15874E-2
11 4 1.614E-2
11 5 2.37613E-2
11 6 3.49219E-2
11 7 5.11322E-2
11 8 7.51257E-2
11 9 1.09822E-1
11 10 1.62446E-1
11 11 2.30405E-1
11 12 2.81518E-1
11 13 3.26585E-1
11 14 3.71964E-1
11 15 4.11374E-1
11 16 4.41024E-1
11 17 4.53024E-1
11 18 4.41611E-1
11 19 4.02462E-1
11 20 3.37756E-1
11 21 2.54879E-1
11 22 1.68504E-1
11 23 9.42545E-2
11 24 4.27375E-2
11 25 1.48894E-2
11 26 3.72713E-3
11 27 6.16899E-4
11 28 6.09599E-5
11 29 3.96957E-6
11 30 1.66059E-7
11 31 0E0
11 32 0E0
11 33 0E0
11 34 0E0
11 35 0E0
11 36 0E0
11 37 0E0
11 38 0E0
11 39 0E0
11 40 0E0
12 1 1.44997E-2
12 2 5.97249E-3
12 3 8.89271E-3
12 4 1.22922E-2
12 5 1.78826E-2
12 6 2.58712E-2
12 7 3.76944E-2
12 8 5.57434E-2
12 9 8.19884E-2
12 10 1.21743E-1
12 11 1.8068E-1
12 12 2.57664E-1
12 13 3.11046E-1
12 14 3.55381E-1
12 15 3.94581E-1
12 16 4.25093E-1
12 17 4.39255E-1
12 18 4.31329E-1
12 19 3.96687E-1
12 20 3.36605E-1
12 21 2.57428E-1
12 22 1.72949E-1
12 23 9.86087E-2
12 24 4.5738E-2
12 25 1.63636E-2
12 26 4.22423E-3
12 27 7.24383E-4
12 28 7.4502E-5
12 29 4.53219E-6
12 30 2.16692E-7
12 31 0E0
12 32 0E0
12 33 0E0
12 34 0E0
12 35 0E0
12 36 0E0
12 37 0E0
12 38 0E0
12 39 0E0
12 40 0E0
13 1 9.9107E-3
13 2 4.09345E-3
13 3 6.10306E-3
13 4 8.43977E-3
13 5 1.23076E-2
13 6 1.79696E-2
13 7 2.64293E-2
13 8 3.94906E-2
13 9 5.90056E-2
13 10 8.87685E-2
13 11 1.32999E-1
13 12 2.00322E-1
13 13 2.87995E-1
13 14 3.4437E-1
13 15 3.83996E-1
13 16 4.15903E-1
13 17 4.32581E-1
13 18 4.28169E-1
13 19 3.97735E-1
13 20 3.41618E-1
13 21 2.65146E-1
13 22 1.81343E-1
13 23 1.05628E-1
13 24 5.0262E-2
13 25 1.85358E-2
13 26 4.95891E-3
13 27 8.86729E-4
13 28 9.57307E-5
13 29 5.85059E-6
13 30 3.02825E-7
13 31 0E0
13 32 0E0
13 33 0E0
13 34 0E0
13 35 0E0
13 36 0E0
13 37 0E0
13 38 0E0
13 39 0E0
13 40 0E0
14 1 7.73756E-3
14 2 3.19283E-3
14 3 4.75755E-3
14 4 6.57456E-3
14 5 9.55781E-3
14 6 1.38374E-2
14 7 2.00818E-2
14 8 2.94622E-2
14 9 4.32398E-2
14 10 6.48082E-2
14 11 9.71798E-2
14 12 1.46522E-1
14 13 2.22227E-1
14 14 3.21559E-1
14 15 3.77464E-1
14 16 4.11534E-1
14 17 4.31532E-1
14 18 4.3133E-1
14 19 4.05546E-1
14 20 3.5346E-1
14 21 2.79197E-1
14 22 1.94993E-1
14 23 1.16417E-1
14 24 5.70167E-2
14 25 2.17426E-2
14 26 6.04376E-3
14 27 1.12865E-3
14 28 1.279E-4
14 29 8.0509E-6
14 30 4.33847E-7
14 31 0E0
14 32 0E0
14 33 0E0
14 34 0E0
14 35 0E0
14 36 0E0
14 37 0E0
14 38 0E0
14 39 0E0
14 40 0E0
15 1 5.43171E-3
15 2 2.24478E-3
15 3 3.34788E-3
15 4 4.63128E-3
15 5 6.73958E-3
15 6 9.75859E-3
15 7 1.41523E-2
15 8 2.08147E-2
15 9 3.07444E-2
15 10 4.61765E-2
15 11 6.93856E-2
15 12 1.0497E-1
15 13 1.59886E-1
15 14 2.46313E-1
15 15 3.58035E-1
15 16 4.13913E-1
15 17 4.37891E-1
15 18 4.42462E-1
15 19 4.21506E-1
15 20 3.73314E-1
15 21 3.00634E-1
15 22 2.14867E-1
15 23 1.31852E-1
15 24 6.66864E-2
15 25 2.64082E-2
15 26 7.66831E-3
15 27 1.50579E-3
15 28 1.80706E-4
15 29 1.20358E-5
15 30 6.67057E-7
15 31 0E0
15 32 0E0
15 33 0E0
15 34 0E0
15 35 0E0
15 36 0E0
15 37 0E0
15 38 0E0
15 39 0E0
15 40 0E0
16 1 3.60567E-3
16 2 1.4936E-3
16 3 2.23019E-3
16 4 3.0896E-3
16 5 4.50409E-3
16 6 6.53579E-3
16 7 9.49425E-3
16 8 1.39743E-2
16 9 2.06699E-2
16 10 3.11917E-2
16 11 4.73409E-2
16 12 7.24862E-2
16 13 1.11567E-1
16 14 1.7356E-1
16 15 2.71571E-1
16 16 3.99701E-1
16 17 4.52537E-1
16 18 4.62643E-1
16 19 4.47045E-1
16 20 4.02913E-1
16 21 3.31383E-1
16 22 2.42927E-1
16 23 1.53649E-1
16 24 8.05445E-2
16 25 3.32692E-2
16 26 1.01491E-2
16 27 2.11035E-3
16 28 2.70571E-4
16 29 1.92642E-5
16 30 1.1E-6
16 31 0E0
16 32 0E0
16 33 0E0
16 34 0E0
16 35 0E0
16 36 0E0
16 37 0E0
16 38 0E0
16 39 0E0
16 40 0E0
17 1 2.46676E-3
17 2 1.02306E-3
17 3 1.52848E-3
17 4 2.11924E-3
17 5 3.09252E-3
17 6 4.49268E-3
17 7 6.53594E-3
17 8 9.62527E-3
17 9 1.42103E-2
17 10 2.13718E-2
17 11 3.23329E-2
17 12 4.9465E-2
17 13 7.63235E-2
17 14 1.19285E-1
17 15 1.87846E-1
17 16 2.99446E-1
17 17 4.44086E-1
17 18 4.9136E-1
17 19 4.82665E-1
17 20 4.43736E-1
17 21 3.73841E-1
17 22 2.82036E-1
17 23 1.8456E-1
17 24 1.00701E-1
17 25 4.35756E-2
17 26 1.40297E-2
17 27 3.10279E-3
17 28 4.26707E-4
17 29 3.25077E-5
17 30 1.89588E-6
17 31 2.78907E-8
17 32 1.66058E-8
17 33 0E0
17 34 0E0
17 35 0E0
17 36 0E0
17 37 0E0
17 38 0E0
17 39 0E0
17 40 0E0
18 1 1.51372E-3
18 2 6.29639E-4
18 3 9.42216E-4
18 4 1.30884E-3
18 5 1.91432E-3
18 6 2.78923E-3
18 7 4.0721E-3
18 8 6.01931E-3
18 9 8.92113E-3
18 10 1.34808E-2
18 11 2.05284E-2
18 12 3.16998E-2
18 13 4.9501E-2
18 14 7.83474E-2
18 15 1.24994E-1
18 16 2.02001E-1
18 17 3.29265E-1
18 18 4.9402E-1
18 19 5.31817E-1
18 20 4.99333E-1
18 21 4.31589E-1
18 22 3.35806E-1
18 23 2.28027E-1
18 24 1.30009E-1
18 25 5.92489E-2
18 26 2.02702E-2
18 27 4.81076E-3
18 28 7.17765E-4
18 29 5.96232E-5
18 30 3.16962E-6
18 31 9.81585E-7
18 32 3.13839E-7
18 33 0E0
18 34 0E0
18 35 0E0
18 36 0E0
18 37 0E0
18 38 0E0
18 39 0E0
18 40 0E0
19 1 8.40242E-4
19 2 3.50946E-4
19 3 5.25986E-4
19 4 7.32145E-4
19 5 1.07365E-3
19 6 1.56943E-3
19 7 2.30075E-3
19 8 3.41857E-3
19 9 5.09648E-3
19 10 7.75332E-3
19 11 1.19103E-2
19 12 1.86146E-2
19 13 2.95563E-2
19 14 4.78178E-2
19 15 7.80651E-2
19 16 1.29004E-1
19 17 2.15054E-1
19 18 3.61245E-1
19 19 5.50155E-1
19 20 5.74869E-1
19 21 5.10261E-1
19 22 4.10126E-1
19 23 2.89629E-1
19 24 1.73125E-1
19 25 8.34998E-2
19 26 3.05638E-2
19 27 7.86224E-3
19 28 1.29065E-3
19 29 1.1992E-4
19 30 6.14386E-6
19 31 9.49894E-7
19 32 1.80249E-8
19 33 0E0
19 34 0E0
19 35 0E0
19 36 0E0
19 37 0E0
19 38 0E0
19 39 0E0
19 40 0E0
20 1 4.78675E-4
20 2 2.00814E-4
20 3 3.0156E-4
20 4 4.20712E-4
20 5 6.18624E-4
20 6 9.07257E-4
20 7 1.33519E-3
20 8 1.9928E-3
20 9 2.98602E-3
20 10 4.5661E-3
20 11 7.04337E-3
20 12 1.10392E-2
20 13 1.75608E-2
20 14 2.84695E-2
20 15 4.69237E-2
20 16 7.88448E-2
20 17 1.33896E-1
20 18 2.29568E-1
20 19 3.95721E-1
20 20 6.09587E-1
20 21 6.13402E-1
20 22 5.11707E-1
20 23 3.78035E-1
20 24 2.38353E-1
20 25 1.22436E-1
20 26 4.8222E-2
20 27 1.34926E-2
20 28 2.43523E-3
20 29 2.51306E-4
20 30 1.34834E-5
20 31 9.13213E-7
20 32 1.18644E-8
20 33 4.8542E-11
20 34 0E0
20 35 0E0
20 36 0E0
20 37 0E0
20 38 0E0
20 39 0E0
20 40 0E0
21 1 2.41764E-4
21 2 1.02135E-4
21 3 1.53773E-4
21 4 2.15246E-4
21 5 3.17747E-4
21 6 4.68237E-4
21 7 6.93077E-4
21 8 1.04162E-3
21 9 1.57369E-3
21 10 2.42953E-3
21 11 3.78949E-3
21 12 6.01574E-3
21 13 9.70923E-3
21 14 1.59966E-2
21 15 2.67365E-2
21 16 4.55316E-2
21 17 7.86785E-2
21 18 1.37753E-1
21 19 2.43279E-1
21 20 4.32082E-1
21 21 6.73683E-1
21 22 6.51087E-1
21 23 5.04571E-1
21 24 3.3716E-1
21 25 1.85469E-1
21 26 7.91769E-2
21 27 2.43368E-2
21 28 4.89617E-3
21 29 5.72008E-4
21 30 3.39315E-5
21 31 1.14111E-6
21 32 2.47633E-8
21 33 7.7082E-10
21 34 0E0
21 35 0E0
21 36 0E0
21 37 0E0
21 38 0E0
21 39 0E0
21 40 0E0
22 1 1.04595E-4
22 2 4.46165E-5
22 3 6.73931E-5
22 4 9.46989E-5
22 5 1.40476E-4
22 6 2.08248E-4
22 7 3.10485E-4
22 8 4.70693E-4
22 9 7.18485E-4
22 10 1.12292E-3
22 11 1.77712E-3
22 12 2.86931E-3
22 13 4.72086E-3
22 14 7.94062E-3
22 15 1.35697E-2
22 16 2.36872E-2
22 17 4.20888E-2
22 18 7.59982E-2
22 19 1.38804E-1
22 20 2.55663E-1
22 21 4.7074E-1
22 22 7.45598E-1
22 23 6.8633E-1
22 24 4.87319E-1
22 25 2.88665E-1
22 26 1.34609E-1
22 27 4.59095E-2
22 28 1.04343E-2
22 29 1.40426E-3
22 30 9.66838E-5
22 31 3.208E-6
22 32 9.02806E-8
22 33 2.72684E-9
22 34 0E0
22 35 0E0
22 36 0E0
22 37 0E0
22 38 0E0
22 39 0E0
22 40 0E0
23 1 3.76272E-5
23 2 1.64542E-5
23 3 2.49196E-5
23 4 3.51345E-5
23 5 5.23346E-5
23 6 7.79925E-5
23 7 1.17055E-4
23 8 1.78963E-4
23 9 2.76102E-4
23 10 4.37316E-4
23 11 7.0364E-4
23 12 1.1594E-3
23 13 1.95599E-3
23 14 3.39106E-3
23 15 5.99385E-3
23 16 1.08318E-2
23 17 1.99271E-2
23 18 3.73398E-2
23 19 7.11128E-2
23 20 1.37199E-1
23 21 2.65547E-1
23 22 5.11381E-1
23 23 8.24788E-1
23 24 7.17311E-1
23 25 4.58879E-1
23 26 2.35053E-1
23 27 8.97743E-2
23 28 2.33413E-2
23 29 3.68324E-3
23 30 3.05245E-4
23 31 1.15614E-5
23 32 3.49083E-7
23 33 1.07788E-8
23 34 0E0
23 35 0E0
23 36 0E0
23 37 0E0
23 38 0E0
23 39 0E0
23 40 0E0
24 1 1.12489E-5
24 2 5.1774E-6
24 3 7.8765E-6
24 4 1.11656E-5
24 5 1.67408E-5
24 6 2.51483E-5
24 7 3.81089E-5
24 8 5.89347E-5
24 9 9.2161E-5
24 10 1.48317E-4
24 11 2.43134E-4
24 12 4.09431E-4
24 13 7.08366E-4
24 14 1.26567E-3
24 15 2.31762E-3
24 16 4.35267E-3
24 17 8.33691E-3
24 18 1.62795E-2
24 19 3.23772E-2
24 20 6.56271E-2
24 21 1.34261E-1
24 22 2.74579E-1
24 23 5.54006E-1
24 24 9.08219E-1
24 25 7.39788E-1
24 26 4.18871E-1
24 27 1.80622E-1
24 28 5.42641E-2
24 29 1.0143E-2
24 30 1.02251E-3
24 31 4.687E-5
24 32 1.31534E-6
24 33 4.20231E-8
24 34 0E0
24 35 0E0
24 36 0E0
24 37 0E0
24 38 0E0
24 39 0E0
24 40 0E0
25 1 2.22921E-6
25 2 1.21773E-6
25 3 1.92041E-6
25 4 2.77674E-6
25 5 4.20746E-6
25 6 6.38043E-6
25 7 9.77682E-6
25 8 1.53243E-5
25 9 2.43538E-5
25 10 3.99513E-5
25 11 6.69912E-5
25 12 1.15844E-4
25 13 2.06756E-4
25 14 3.83198E-4
25 15 7.33898E-4
25 16 1.45091E-3
25 17 2.91834E-3
25 18 5.98209E-3
25 19 1.25214E-2
25 20 2.68574E-2
25 21 5.8605E-2
25 22 1.28783E-1
25 23 2.80836E-1
25 24 5.9773E-1
25 25 9.96989E-1
25 26 7.52246E-1
25 27 3.68622E-1
25 28 1.29322E-1
25 29 2.90712E-2
25 30 3.63914E-3
25 31 2.12507E-4
25 32 5.31866E-6
25 33 1.71154E-7
25 34 0E0
25 35 0E0
25 36 0E0
25 37 0E0
25 38 0E0
25 39 0E0
25 40 0E0
26 1 3.22436E-7
26 2 1.84574E-7
26 3 3.05398E-7
26 4 4.67544E-7
26 5 7.50783E-7
26 6 1.19179E-6
26 7 1.87393E-6
26 8 2.96767E-6
26 9 4.7112E-6
26 10 7.6869E-6
26 11 1.28677E-5
26 12 2.24217E-5
26 13 4.08607E-5
26 14 7.86728E-5
26 15 1.59823E-4
26 16 3.44764E-4
26 17 7.78583E-4
26 18 1.7717E-3
26 19 4.01805E-3
26 20 9.15741E-3
26 21 2.10997E-2
26 22 4.96006E-2
26 23 1.18406E-1
26 24 2.80299E-1
26 25 6.40435E-1
26 26 1.09494E0
26 27 7.54136E-1
26 28 3.09725E-1
26 29 8.46674E-2
26 30 1.3489E-2
26 31 1.05949E-3
26 32 3.36335E-5
26 33 8.32198E-7
26 34 3.59247E-9
26 35 0E0
26 36 0E0
26 37 0E0
26 38 0E0
26 39 0E0
26 40 0E0
27 1 4.92953E-8
27 2 2.82184E-8
27 3 4.66871E-8
27 4 7.14186E-8
27 5 1.14436E-7
27 6 1.81793E-7
27 7 2.87516E-7
27 8 4.59631E-7
27 9 7.4693E-7
27 10 1.24702E-6
27 11 2.12598E-6
27 12 3.78209E-6
27 13 7.09052E-6
27 14 1.40627E-5
27 15 2.94564E-5
27 16 6.57675E-5
27 17 1.56151E-4
27 18 3.8693E-4
27 19 9.68982E-4
27 20 2.43983E-3
27 21 6.18362E-3
27 22 1.58818E-2
27 23 4.14982E-2
27 24 1.09215E-1
27 25 2.81148E-1
27 26 6.85296E-1
27 27 1.18929E0
27 28 7.39919E-1
27 29 2.48502E-1
27 30 5.05796E-2
27 31 5.28074E-3
27 32 2.2956E-4
27 33 4.22952E-6
27 34 7.65593E-8
27 35 0E0
27 36 0E0
27 37 0E0
27 38 0E0
27 39 0E0
27 40 0E0
28 1 1.00504E-8
28 2 5.7532E-9
28 3 9.5186E-9
28 4 1.45609E-8
28 5 2.33312E-8
28 6 3.70641E-8
28 7 5.86189E-8
28 8 9.31603E-8
28 9 1.47043E-7
28 10 2.33954E-7
28 11 3.70388E-7
28 12 5.86945E-7
28 13 9.433E-7
28 14 1.67153E-6
28 15 3.3902E-6
28 16 7.73619E-6
28 17 1.95963E-5
28 18 5.4746E-5
28 19 1.62316E-4
28 20 4.80621E-4
28 21 1.3957E-3
28 22 3.9404E-3
28 23 1.116E-2
28 24 3.26766E-2
28 25 9.65993E-2
28 26 2.76033E-1
28 27 7.29609E-1
28 28 1.28989E0
28 29 7.11572E-1
28 30 1.87757E-1
28 31 2.68379E-2
28 32 1.69145E-3
28 33 3.73958E-5
28 34 3.51096E-7
28 35 0E0
28 36 0E0
28 37 0E0
28 38 0E0
28 39 0E0
28 40 0E0
29 1 2.47086E-9
29 2 1.41441E-9
29 3 2.34013E-9
29 4 3.57976E-9
29 5 5.73593E-9
29 6 9.11213E-9
29 7 1.44114E-8
29 8 2.29033E-8
29 9 3.61502E-8
29 10 5.75172E-8
29 11 9.10592E-8
29 12 1.44296E-7
29 13 2.28441E-7
29 14 3.62649E-7
29 15 5.74668E-7
29 16 9.48519E-7
29 17 1.79258E-6
29 18 4.35427E-6
29 19 1.40432E-5
29 20 5.32664E-5
29 21 2.16255E-4
29 22 7.94525E-4
29 23 2.52699E-3
29 24 7.83221E-3
29 25 2.49922E-2
29 26 8.22097E-2
29 27 2.64049E-1
29 28 7.70681E-1
29 29 1.39709E0
29 30 6.68315E-1
29 31 1.32102E-1
29 32 1.2455E-2
29 33 4.34893E-4
29 34 4.6501E-6
29 35 0E0
29 36 0E0
29 37 0E0
29 38 0E0
29 39 0E0
29 40 0E0
30 1 7.112E-10
30 2 4.0712E-10
30 3 6.7357E-10
30 4 1.03038E-9
30 5 1.651E-9
30 6 2.62279E-9
30 7 4.14809E-9
30 8 6.59236E-9
30 9 1.04053E-8
30 10 1.65554E-8
30 11 2.621E-8
30 12 4.15335E-8
30 13 6.57533E-8
30 14 1.04383E-7
30 15 1.65218E-7
30 16 2.62596E-7
30 17 4.24432E-7
30 18 7.40056E-7
30 19 1.67384E-6
30 20 6.13416E-6
30 21 2.47998E-5
30 22 9.14894E-5
30 23 3.24488E-4
30 24 1.17095E-3
30 25 4.42156E-3
30 26 1.74371E-2
30 27 6.88932E-2
30 28 2.54291E-1
30 29 8.13886E-1
30 30 1.49547E0
30 31 6.1308E-1
30 32 8.6503E-2
30 33 4.91089E-3
30 34 8.28113E-5
30 35 8.24326E-7
30 36 1.78526E-7
30 37 0E0
30 38 0E0
30 39 0E0
30 40 0E0
31 1 1.8753E-10
31 2 1.0735E-10
31 3 1.7761E-10
31 4 2.7169E-10
31 5 4.3533E-10
31 6 6.9157E-10
31 7 1.09376E-9
31 8 1.73825E-9
31 9 2.74363E-9
31 10 4.36529E-9
31 11 6.91097E-9
31 12 1.09514E-8
31 13 1.73376E-8
31 14 2.75233E-8
31 15 4.35638E-8
31 16 6.91015E-8
31 17 1.09518E-7
31 18 1.73588E-7
31 19 2.74956E-7
31 20 4.45463E-7
31 21 1.00087E-6
31 22 3.98283E-6
31 23 1.89202E-5
31 24 9.50844E-5
31 25 4.86901E-4
31 26 2.32652E-3
31 27 1.12918E-2
31 28 5.43649E-2
31 29 2.37797E-1
31 30 8.56606E-1
31 31 1.59509E0
31 32 5.46226E-1
31 33 5.1887E-2
31 34 1.60475E-3
31 35 1.20046E-5
31 36 3.97731E-7
31 37 0E0
31 38 0E0
31 39 0E0
31 40 0E0
32 1 1.6435E-10
32 2 9.4082E-11
32 3 1.5566E-10
32 4 2.3811E-10
32 5 3.8154E-10
32 6 6.0611E-10
32 7 9.586E-10
32 8 1.52345E-9
32 9 2.4046E-9
32 10 3.82586E-9
32 11 6.05697E-9
32 12 9.59813E-9
32 13 1.51952E-8
32 14 2.41222E-8
32 15 3.81806E-8
32 16 6.05625E-8
32 17 9.59849E-8
32 18 1.52138E-7
32 19 2.40953E-7
32 20 3.82093E-7
32 21 6.05436E-7
32 22 9.63466E-7
32 23 1.7126E-6
32 24 5.7984E-6
32 25 3.45283E-5
32 26 1.92908E-4
32 27 1.10755E-3
32 28 6.75945E-3
32 29 4.09011E-2
32 30 2.17729E-1
32 31 8.96007E-1
32 32 1.69221E0
32 33 4.72762E-1
32 34 2.80861E-2
32 35 4.19284E-4
32 36 2.05581E-6
32 37 3.9695E-10
32 38 0E0
32 39 0E0
32 40 0E0
33 1 9.1286E-11
33 2 5.2256E-11
33 3 8.6456E-11
33 4 1.3225E-10
33 5 2.1191E-10
33 6 3.3665E-10
33 7 5.3243E-10
33 8 8.4616E-10
33 9 1.33557E-9
33 10 2.12498E-9
33 11 3.36419E-9
33 12 5.33104E-9
33 13 8.4398E-9
33 14 1.33981E-8
33 15 2.12064E-8
33 16 3.3638E-8
33 17 5.33124E-8
33 18 8.45012E-8
33 19 1.33831E-7
33 20 2.12224E-7
33 21 3.36275E-7
33 22 5.33067E-7
33 23 8.44856E-7
33 24 1.34459E-6
33 25 2.71262E-6
33 26 1.00415E-5
33 27 5.86124E-5
33 28 4.3856E-4
33 29 3.61801E-3
33 30 2.90955E-2
33 31 1.95408E-1
33 32 9.32826E-1
33 33 1.78321E0
33 34 3.97283E-1
33 35 1.35191E-2
33 36 8.42365E-5
33 37 1.13312E-7
33 38 1.1276E-10
33 39 0E0
33 40 0E0
34 1 4.0591E-11
34 2 2.3236E-11
34 3 3.8443E-11
34 4 5.8808E-11
34 5 9.4229E-11
34 6 1.4969E-10
34 7 2.3675E-10
34 8 3.7625E-10
34 9 5.9387E-10
34 10 9.4488E-10
34 11 1.4959E-9
34 12 2.37047E-9
34 13 3.75278E-9
34 14 5.95751E-9
34 15 9.42951E-9
34 16 1.49572E-8
34 17 2.37055E-8
34 18 3.75737E-8
34 19 5.95085E-8
34 20 9.43661E-8
34 21 1.49526E-7
34 22 2.3703E-7
34 23 3.75665E-7
34 24 5.95315E-7
34 25 9.43305E-7
34 26 1.50731E-6
34 27 3.01546E-6
34 28 1.34808E-5
34 29 1.33592E-4
34 30 1.65441E-3
34 31 1.91867E-2
34 32 1.71142E-1
34 33 9.67902E-1
34 34 1.86619E0
34 35 3.24046E-1
34 36 5.69507E-3
34 37 1.25412E-5
34 38 1.33143E-8
34 39 0E0
34 40 0E0
35 1 3.3657E-11
35 2 1.9267E-11
35 3 3.1876E-11
35 4 4.8762E-11
35 5 7.8132E-11
35 6 1.2412E-10
35 7 1.9631E-10
35 8 3.1198E-10
35 9 4.9242E-10
35 10 7.8347E-10
35 11 1.24037E-9
35 12 1.96554E-9
35 13 3.11173E-9
35 14 4.93985E-9
35 15 7.81876E-9
35 16 1.24022E-8
35 17 1.96562E-8
35 18 3.11554E-8
35 19 4.93432E-8
35 20 7.82464E-8
35 21 1.23984E-7
35 22 1.9654E-7
35 23 3.11494E-7
35 24 4.93624E-7
35 25 7.8245E-7
35 26 1.24097E-6
35 27 1.96962E-6
35 28 3.12633E-6
35 29 5.01765E-6
35 30 2.26927E-5
35 31 5.45944E-4
35 32 1.13311E-2
35 33 1.46446E-1
35 34 1.00066E0
35 35 1.9395E0
35 36 2.56957E-1
35 37 2.04191E-3
35 38 1.72368E-6
35 39 2.1725E-10
35 40 0E0
36 1 1.4387E-11
36 2 8.2354E-12
36 3 1.3625E-11
36 4 2.0843E-11
36 5 3.3397E-11
36 6 5.3055E-11
36 7 8.391E-11
36 8 1.3335E-10
36 9 2.1048E-10
36 10 3.3489E-10
36 11 5.3019E-10
36 12 8.4016E-10
36 13 1.3301E-9
36 14 2.11152E-9
36 15 3.3421E-9
36 16 5.30129E-9
36 17 8.40195E-9
36 18 1.33173E-8
36 19 2.10916E-8
36 20 3.34462E-8
36 21 5.29963E-8
36 22 8.40105E-8
36 23 1.33147E-7
36 24 2.10998E-7
36 25 3.34427E-7
36 26 5.30161E-7
36 27 8.42553E-7
36 28 1.34714E-6
36 29 2.16748E-6
36 30 3.49224E-6
36 31 7.63516E-6
36 32 1.90065E-4
36 33 6.48782E-3
36 34 1.22196E-1
36 35 1.02776E0
36 36 2.00469E0
36 37 1.98214E-1
36 38 6.04686E-4
36 39 2.5718E-7
36 40 0E0
37 1 5.675E-12
37 2 3.2486E-12
37 3 5.3747E-12
37 4 8.2218E-12
37 5 1.3174E-11
37 6 2.0928E-11
37 7 3.3099E-11
37 8 5.2603E-11
37 9 8.3028E-11
37 10 1.321E-10
37 11 2.0914E-10
37 12 3.3141E-10
37 13 5.2467E-10
37 14 8.3291E-10
37 15 1.31833E-9
37 16 2.09116E-9
37 17 3.31425E-9
37 18 5.25315E-9
37 19 8.31982E-9
37 20 1.31932E-8
37 21 2.0905E-8
37 22 3.31389E-8
37 23 5.25214E-8
37 24 8.32306E-8
37 25 1.31919E-7
37 26 2.09076E-7
37 27 3.31291E-7
37 28 5.23825E-7
37 29 8.24062E-7
37 30 1.29231E-6
37 31 2.02156E-6
37 32 3.54154E-6
37 33 6.23255E-5
37 34 3.49485E-3
37 35 9.96831E-2
37 36 1.05136E0
37 37 2.06038E0
37 38 1.4896E-1
37 39 1.43247E-4
37 40 3.19984E-8
38 1 5.415E-12
38 2 3.0998E-12
38 3 5.1285E-12
38 4 7.8453E-12
38 5 1.2571E-11
38 6 1.997E-11
38 7 3.1583E-11
38 8 5.0194E-11
38 9 7.9225E-11
38 10 1.2605E-10
38 11 1.9956E-10
38 12 3.1623E-10
38 13 5.0064E-10
38 14 7.9476E-10
38 15 1.25795E-9
38 16 1.99538E-9
38 17 3.16245E-9
38 18 5.01254E-9
38 19 7.93876E-9
38 20 1.2589E-8
38 21 1.99475E-8
38 22 3.16211E-8
38 23 5.01158E-8
38 24 7.94185E-8
38 25 1.25877E-7
38 26 1.995E-7
38 27 3.16184E-7
38 28 5.01268E-7
38 29 7.96417E-7
38 30 1.27115E-6
38 31 2.04043E-6
38 32 3.28993E-6
38 33 5.3674E-6
38 34 2.51193E-5
38 35 1.77988E-3
38 36 7.96863E-2
38 37 1.07206E0
38 38 2.10663E0
38 39 1.09352E-1
38 40 2.61184E-5
39 1 1.6793E-12
39 2 0E0
39 3 1.5904E-12
39 4 2.4329E-12
39 5 3.8983E-12
39 6 6.1929E-12
39 7 9.7944E-12
39 8 1.5566E-11
39 9 2.4569E-11
39 10 3.9091E-11
39 11 6.1887E-11
39 12 9.8069E-11
39 13 1.5526E-10
39 14 2.4647E-10
39 15 3.9011E-10
39 16 6.188E-10
39 17 9.8072E-10
39 18 1.55446E-9
39 19 2.46193E-9
39 20 3.90402E-9
39 21 6.18603E-9
39 22 9.80617E-9
39 23 1.55417E-8
39 24 2.46288E-8
39 25 3.90362E-8
39 26 6.18679E-8
39 27 9.80532E-8
39 28 1.55404E-7
39 29 2.46474E-7
39 30 3.93052E-7
39 31 6.34554E-7
39 32 1.04006E-6
39 33 1.7248E-6
39 34 2.87535E-6
39 35 9.40383E-6
39 36 8.33725E-4
39 37 6.22406E-2
39 38 1.09139E0
39 39 2.1439E0
39 40 7.83992E-2
40 1 1.5951E-12
40 2 0E0
40 3 1.5107E-12
40 4 2.3109E-12
40 5 3.7028E-12
40 6 5.8823E-12
40 7 9.3032E-12
40 8 1.4785E-11
40 9 2.3337E-11
40 10 3.713E-11
40 11 5.8783E-11
40 12 9.315E-11
40 13 1.4747E-10
40 14 2.3411E-10
40 15 3.7054E-10
40 16 5.8776E-10
40 17 9.3153E-10
40 18 1.47649E-9
40 19 2.33844E-9
40 20 3.7082E-9
40 21 5.87575E-9
40 22 9.31431E-9
40 23 1.47621E-8
40 24 2.33935E-8
40 25 3.70782E-8
40 26 5.87647E-8
40 27 9.3135E-8
40 28 1.47609E-7
40 29 2.33943E-7
40 30 3.70717E-7
40 31 5.8657E-7
40 32 9.25207E-7
40 33 1.45207E-6
40 34 2.26816E-6
40 35 3.54143E-6
40 36 5.89926E-6
40 37 3.07462E-4
40 38 4.67889E-2
40 39 1.11064E0
40 40 2.2279E0
