1 9.50319E-1
2 8.47875E-1
3 7.55247E-1
4 6.72779E-1
5 5.99966E-1
6 5.34725E-1
7 4.76542E-1
8 4.24554E-1
9 3.78493E-1
10 3.37247E-1
11 3.00485E-1
12 2.67869E-1
13 2.38678E-1
14 2.12732E-1
15 1.8954E-1
16 1.68937E-1
17 1.50551E-1
18 1.34126E-1
19 1.19571E-1
20 1.06543E-1
21 9.49495E-2
22 8.46608E-2
23 7.54525E-2
24 6.72613E-2
25 5.99807E-2
26 5.34875E-2
27 4.76838E-2
28 4.2516E-2
29 3.79275E-2
30 3.3813E-2
31 3.01401E-2
32 2.68918E-2
33 2.40015E-2
34 2.14213E-2
35 1.90832E-2
36 1.70372E-2
37 1.52364E-2
38 1.36333E-2
39 1.21281E-2
40 1.07795E-2
