1 1 1.44249E-1
1 2 5.35529E-2
1 3 7.02609E-2
1 4 8.49865E-2
1 5 1.07791E-1
1 6 1.35148E-1
1 7 1.68447E-1
1 8 2.10539E-1
1 9 2.60762E-1
1 10 3.24497E-1
1 11 4.00109E-1
1 12 4.91423E-1
1 13 5.99286E-1
1 14 7.26947E-1
1 15 8.70304E-1
1 16 1.03107E0
1 17 1.20118E0
1 18 1.37178E0
1 19 1.52676E0
1 20 1.64864E0
1 21 1.70974E0
1 22 1.68684E0
1 23 1.56261E0
1 24 1.33765E0
1 25 1.03753E0
1 26 7.10854E-1
1 27 4.17003E-1
1 28 2.01456E-1
1 29 7.6362E-2
1 30 2.1395E-2
1 31 4.11509E-3
1 32 4.95756E-4
1 33 3.3786E-5
1 34 1.44433E-6
1 35 0E0
1 36 0E0
1 37 0E0
1 38 0E0
1 39 0E0
1 40 0E0
2 1 1.14663E-1
2 2 4.64553E-2
2 3 6.27197E-2
2 4 7.60102E-2
2 5 9.64075E-2
2 6 1.20876E-1
2 7 1.50661E-1
2 8 1.8831E-1
2 9 2.33235E-1
2 10 2.90248E-1
2 11 3.57893E-1
2 12 4.39581E-1
2 13 5.3609E-1
2 14 6.50308E-1
2 15 7.78635E-1
2 16 9.22541E-1
2 17 1.07484E0
2 18 1.22767E0
2 19 1.36659E0
2 20 1.47596E0
2 21 1.53099E0
2 22 1.51106E0
2 23 1.40033E0
2 24 1.19933E0
2 25 9.30857E-1
2 26 6.38298E-1
2 27 3.74823E-1
2 28 1.81301E-1
2 29 6.88294E-2
2 30 1.93225E-2
2 31 3.72518E-3
2 32 4.50072E-4
2 33 3.08896E-5
2 34 1.61136E-6
2 35 0E0
2 36 0E0
2 37 0E0
2 38 0E0
2 39 0E0
2 40 0E0
3 1 9.03199E-2
3 2 3.79073E-2
3 3 5.44136E-2
3 4 6.7821E-2
3 5 8.61435E-2
3 6 1.08008E-1
3 7 1.34624E-1
3 8 1.68269E-1
3 9 2.08416E-1
3 10 2.5937E-1
3 11 3.1983E-1
3 12 3.92847E-1
3 13 4.79121E-1
3 14 5.81225E-1
3 15 6.96003E-1
3 16 8.24727E-1
3 17 9.61004E-1
3 18 1.09782E0
3 19 1.2223E0
3 20 1.32044E0
3 21 1.37009E0
3 22 1.35286E0
3 23 1.25438E0
3 24 1.075E0
3 25 8.35039E-1
3 26 5.73191E-1
3 27 3.37023E-1
3 28 1.63272E-1
3 29 6.21066E-2
3 30 1.74777E-2
3 31 3.3795E-3
3 32 4.09801E-4
3 33 2.83136E-5
3 34 1.64845E-6
3 35 0E0
3 36 0E0
3 37 0E0
3 38 0E0
3 39 0E0
3 40 0E0
4 1 7.02346E-2
4 2 2.97764E-2
4 3 4.43018E-2
4 4 5.90078E-2
4 5 7.69522E-2
4 6 9.65919E-2
4 7 1.20397E-1
4 8 1.50489E-1
4 9 1.86399E-1
4 10 2.31978E-1
4 11 2.86065E-1
4 12 3.51395E-1
4 13 4.28589E-1
4 14 5.19965E-1
4 15 6.22712E-1
4 16 7.38001E-1
4 17 8.60092E-1
4 18 9.8272E-1
4 19 1.09445E0
4 20 1.18269E0
4 21 1.22767E0
4 22 1.21287E0
4 23 1.12533E0
4 24 9.65172E-1
4 25 7.50469E-1
4 26 5.15811E-1
4 27 3.03767E-1
4 28 1.47452E-1
4 29 5.62267E-2
4 30 1.58703E-2
4 31 3.08E-3
4 32 3.75208E-4
4 33 2.60673E-5
4 34 1.52479E-6
4 35 0E0
4 36 0E0
4 37 0E0
4 38 0E0
4 39 0E0
4 40 0E0
5 1 5.63439E-2
5 2 2.36287E-2
5 3 3.51E-2
5 4 4.81252E-2
5 5 6.71659E-2
5 6 8.64962E-2
5 7 1.07891E-1
5 8 1.34861E-1
5 9 1.67047E-1
5 10 2.07903E-1
5 11 2.5639E-1
5 12 3.14964E-1
5 13 3.84185E-1
5 14 4.66142E-1
5 15 5.58315E-1
5 16 6.61821E-1
5 17 7.71461E-1
5 18 8.81673E-1
5 19 9.82229E-1
5 20 1.06184E0
5 21 1.10279E0
5 22 1.0902E0
5 23 1.01234E0
5 24 8.69142E-1
5 25 6.76617E-1
5 26 4.65789E-1
5 27 2.74848E-1
5 28 1.33737E-1
5 29 5.11502E-2
5 30 1.44903E-2
5 31 2.82491E-3
5 32 3.46049E-4
5 33 2.42322E-5
5 34 1.42324E-6
5 35 0E0
5 36 0E0
5 37 0E0
5 38 0E0
5 39 0E0
5 40 0E0
6 1 4.45264E-2
6 2 1.85812E-2
6 3 2.76478E-2
6 4 3.79778E-2
6 5 5.4621E-2
6 6 7.5627E-2
6 7 9.67089E-2
6 8 1.20939E-1
6 9 1.49809E-1
6 10 1.86458E-1
6 11 2.2996E-1
6 12 2.82517E-1
6 13 3.44646E-1
6 14 4.18219E-1
6 15 5.00991E-1
6 16 5.94012E-1
6 17 6.92589E-1
6 18 7.91807E-1
6 19 8.82435E-1
6 20 9.54464E-1
6 21 9.91899E-1
6 22 9.81364E-1
6 23 9.12192E-1
6 24 7.84191E-1
6 25 6.11407E-1
6 26 4.2172E-1
6 27 2.49458E-1
6 28 1.21748E-1
6 29 4.67385E-2
6 30 1.33009E-2
6 31 2.60767E-3
6 32 3.21618E-4
6 33 2.27615E-5
6 34 1.34235E-6
6 35 0E0
6 36 0E0
6 37 0E0
6 38 0E0
6 39 0E0
6 40 0E0
7 1 3.40819E-2
7 2 1.41773E-2
7 3 2.13411E-2
7 4 2.95963E-2
7 5 4.28352E-2
7 6 6.12735E-2
7 7 8.47294E-2
7 8 1.08582E-1
7 9 1.34551E-1
7 10 1.67478E-1
7 11 2.06568E-1
7 12 2.53807E-1
7 13 3.09657E-1
7 14 3.75827E-1
7 15 4.50308E-1
7 16 5.34034E-1
7 17 6.22884E-1
7 18 7.12409E-1
7 19 7.94324E-1
7 20 8.5969E-1
7 21 8.94119E-1
7 22 8.85538E-1
7 23 8.24128E-1
7 24 7.09605E-1
7 25 5.54341E-1
7 26 3.83259E-1
7 27 2.27396E-1
7 28 1.11394E-1
7 29 4.29596E-2
7 30 1.22941E-2
7 31 2.42688E-3
7 32 3.01808E-4
7 33 2.15736E-5
7 34 1.28227E-6
7 35 0E0
7 36 0E0
7 37 0E0
7 38 0E0
7 39 0E0
7 40 0E0
8 1 2.6477E-2
8 2 1.1019E-2
8 3 1.66023E-2
8 4 2.30892E-2
8 5 3.34999E-2
8 6 4.80243E-2
8 7 6.84585E-2
8 8 9.52855E-2
8 9 1.2102E-1
8 10 1.50679E-1
8 11 1.85866E-1
8 12 2.28399E-1
8 13 2.78704E-1
8 14 3.38328E-1
8 15 4.05484E-1
8 16 4.81018E-1
8 17 5.61293E-1
8 18 6.42284E-1
8 19 7.1657E-1
8 20 7.76135E-1
8 21 8.08E-1
8 22 8.01275E-1
8 23 7.46831E-1
8 24 6.44298E-1
8 25 5.04549E-1
8 26 3.49858E-1
8 27 2.0835E-1
8 28 1.02531E-1
8 29 3.97632E-2
8 30 1.14575E-2
8 31 2.28061E-3
8 32 2.86471E-4
8 33 2.07165E-5
8 34 1.24323E-6
8 35 0E0
8 36 0E0
8 37 0E0
8 38 0E0
8 39 0E0
8 40 0E0
9 1 2.14838E-2
9 2 8.76121E-3
9 3 1.29812E-2
9 4 1.7925E-2
9 5 2.61094E-2
9 6 3.75872E-2
9 7 5.36982E-2
9 8 7.70064E-2
9 9 1.06569E-1
9 10 1.35946E-1
9 11 1.67737E-1
9 12 2.06154E-1
9 13 2.5161E-1
9 14 3.05514E-1
9 15 3.66268E-1
9 16 4.34684E-1
9 17 5.07475E-1
9 18 5.81057E-1
9 19 6.48769E-1
9 20 7.03378E-1
9 21 7.33122E-1
9 22 7.28163E-1
9 23 6.79971E-1
9 24 5.8801E-1
9 25 4.61848E-1
9 26 3.21423E-1
9 27 1.92283E-1
9 28 9.51542E-2
9 29 3.71536E-2
9 30 1.07946E-2
9 31 2.17018E-3
9 32 2.75871E-4
9 33 2.02264E-5
9 34 1.22733E-6
9 35 0E0
9 36 0E0
9 37 0E0
9 38 0E0
9 39 0E0
9 40 0E0
10 1 1.66361E-2
10 2 6.77541E-3
10 3 1.00827E-2
10 4 1.39538E-2
10 5 2.03139E-2
10 6 2.92875E-2
10 7 4.19186E-2
10 8 6.0192E-2
10 9 8.5858E-2
10 10 1.1997E-1
10 11 1.51742E-1
10 12 1.86547E-1
10 13 2.27738E-1
10 14 2.76582E-1
10 15 3.31713E-1
10 16 3.93908E-1
10 17 4.60146E-1
10 18 5.27286E-1
10 19 5.89299E-1
10 20 6.39639E-1
10 21 6.67724E-1
10 22 6.64418E-1
10 23 6.21906E-1
10 24 5.39349E-1
10 25 4.25166E-1
10 26 2.97227E-1
10 27 1.78782E-1
10 28 8.90737E-2
10 29 3.50661E-2
10 30 1.029E-2
10 31 2.09357E-3
10 32 2.69949E-4
10 33 2.01182E-5
10 34 1.23674E-6
10 35 0E0
10 36 0E0
10 37 0E0
10 38 0E0
10 39 0E0
10 40 0E0
11 1 1.26501E-2
11 2 5.1515E-3
11 3 7.6489E-3
11 4 1.05625E-2
11 5 1.53902E-2
11 6 2.23427E-2
11 7 3.22425E-2
11 8 4.65657E-2
11 9 6.66841E-2
11 10 9.6272E-2
11 11 1.34298E-1
11 12 1.69436E-1
11 13 2.06921E-1
11 14 2.51408E-1
11 15 3.01639E-1
11 16 3.58378E-1
11 17 4.19004E-1
11 18 4.80592E-1
11 19 5.37745E-1
11 20 5.845E-1
11 21 6.11305E-1
11 22 6.09624E-1
11 23 5.72268E-1
11 24 4.98043E-1
11 25 3.94321E-1
11 26 2.77162E-1
11 27 1.67815E-1
11 28 8.42931E-2
11 29 3.3513E-2
11 30 9.95183E-3
11 31 2.05382E-3
11 32 2.69349E-4
11 33 2.04656E-5
11 34 1.27757E-6
11 35 0E0
11 36 0E0
11 37 0E0
11 38 0E0
11 39 0E0
11 40 0E0
12 1 1.01778E-2
12 2 4.13762E-3
12 3 6.11724E-3
12 4 8.38293E-3
12 5 1.207E-2
12 6 1.72399E-2
12 7 2.47251E-2
12 8 3.58817E-2
12 9 5.1637E-2
12 10 7.47361E-2
12 11 1.0767E-1
12 12 1.5061E-1
12 13 1.88886E-1
12 14 2.29624E-1
12 15 2.75673E-1
12 16 3.27752E-1
12 17 3.83528E-1
12 18 4.40406E-1
12 19 4.93505E-1
12 20 5.37359E-1
12 21 5.63191E-1
12 22 5.63276E-1
12 23 5.30589E-1
12 24 4.63781E-1
12 25 3.69136E-1
12 26 2.61156E-1
12 27 1.59393E-1
12 28 8.08458E-2
12 29 3.25209E-2
12 30 9.79345E-3
12 31 2.05496E-3
12 32 2.74818E-4
12 33 2.13436E-5
12 34 1.35549E-6
12 35 0E0
12 36 0E0
12 37 0E0
12 38 0E0
12 39 0E0
12 40 0E0
13 1 7.36773E-3
13 2 2.99772E-3
13 3 4.4332E-3
13 4 6.06939E-3
13 5 8.74417E-3
13 6 1.25807E-2
13 7 1.81844E-2
13 8 2.66294E-2
13 9 3.88667E-2
13 10 5.68949E-2
13 11 8.25826E-2
13 12 1.19971E-1
13 13 1.68567E-1
13 14 2.10901E-1
13 15 2.53385E-1
13 16 3.01518E-1
13 17 3.53187E-1
13 18 4.06129E-1
13 19 4.55867E-1
13 20 4.97421E-1
13 21 5.22646E-1
13 22 5.24505E-1
13 23 4.96073E-1
13 24 4.35814E-1
13 25 3.49055E-1
13 26 2.48846E-1
13 27 1.53311E-1
13 28 7.8654E-2
13 29 3.2078E-2
13 30 9.82085E-3
13 31 2.1015E-3
13 32 2.87639E-4
13 33 2.29284E-5
13 34 1.48643E-6
13 35 0E0
13 36 0E0
13 37 0E0
13 38 0E0
13 39 0E0
13 40 0E0
14 1 6.09777E-3
14 2 2.47955E-3
14 3 3.66517E-3
14 4 5.01592E-3
14 5 7.20557E-3
14 6 1.02806E-2
14 7 1.46644E-2
14 8 2.10735E-2
14 9 3.01716E-2
14 10 4.392E-2
14 11 6.36725E-2
14 12 9.23701E-2
14 13 1.34187E-1
14 14 1.89144E-1
14 15 2.34228E-1
14 16 2.79029E-1
14 17 3.27296E-1
14 18 3.76999E-1
14 19 4.24061E-1
14 20 4.63951E-1
14 21 4.89043E-1
14 22 4.92763E-1
14 23 4.68452E-1
14 24 4.14106E-1
14 25 3.34215E-1
14 26 2.40479E-1
14 27 1.49833E-1
14 28 7.79146E-2
14 29 3.22926E-2
14 30 1.00755E-2
14 31 2.20417E-3
14 32 3.09502E-4
14 33 2.53608E-5
14 34 1.67953E-6
14 35 7.15389E-8
14 36 0E0
14 37 0E0
14 38 0E0
14 39 0E0
14 40 0E0
15 1 4.64519E-3
15 2 1.88945E-3
15 3 2.79351E-3
15 4 3.82332E-3
15 5 5.49187E-3
15 6 7.82641E-3
15 7 1.11345E-2
15 8 1.60064E-2
15 9 2.30175E-2
15 10 3.35099E-2
15 11 4.85586E-2
15 12 7.04713E-2
15 13 1.0244E-1
15 14 1.49934E-1
15 15 2.11431E-1
15 16 2.60297E-1
15 17 3.05815E-1
15 18 3.52968E-1
15 19 3.9803E-1
15 20 4.36815E-1
15 21 4.62191E-1
15 22 4.67869E-1
15 23 4.47458E-1
15 24 3.98433E-1
15 25 3.24429E-1
15 26 2.35972E-1
15 27 1.48947E-1
15 28 7.86747E-2
15 29 3.32199E-2
15 30 1.05942E-2
15 31 2.37759E-3
15 32 3.43881E-4
15 33 2.90436E-5
15 34 1.96146E-6
15 35 9.1284E-8
15 36 0E0
15 37 0E0
15 38 0E0
15 39 0E0
15 40 0E0
16 1 3.42675E-3
16 2 1.39445E-3
16 3 2.06218E-3
16 4 2.82316E-3
16 5 4.05646E-3
16 6 5.78262E-3
16 7 8.22143E-3
16 8 1.17942E-2
16 9 1.69288E-2
16 10 2.46764E-2
16 11 3.59962E-2
16 12 5.26755E-2
16 13 7.7026E-2
16 14 1.13217E-1
16 15 1.66671E-1
16 16 2.36853E-1
16 17 2.88644E-1
16 18 3.33917E-1
16 19 3.77644E-1
16 20 4.15944E-1
16 21 4.42061E-1
16 22 4.49917E-1
16 23 4.33255E-1
16 24 3.89032E-1
16 25 3.20025E-1
16 26 2.35682E-1
16 27 1.51E-1
16 28 8.12013E-2
16 29 3.5026E-2
16 30 1.14535E-2
16 31 2.64678E-3
16 32 3.96029E-4
16 33 3.46565E-5
16 34 2.03922E-6
16 35 1.13101E-7
16 36 0E0
16 37 0E0
16 38 0E0
16 39 0E0
16 40 0E0
17 1 2.65096E-3
17 2 1.0786E-3
17 3 1.59483E-3
17 4 2.18325E-3
17 5 3.13701E-3
17 6 4.47106E-3
17 7 6.35605E-3
17 8 9.10504E-3
17 9 1.30097E-2
17 10 1.88372E-2
17 11 2.72818E-2
17 12 3.97101E-2
17 13 5.79107E-2
17 14 8.49959E-2
17 15 1.25073E-1
17 16 1.85684E-1
17 17 2.64699E-1
17 18 3.18975E-1
17 19 3.61995E-1
17 20 4.00432E-1
17 21 4.27865E-1
17 22 4.38293E-1
17 23 4.25486E-1
17 24 3.85848E-1
17 25 3.21239E-1
17 26 2.40026E-1
17 27 1.56468E-1
17 28 8.58868E-2
17 29 3.79561E-2
17 30 1.27666E-2
17 31 3.04791E-3
17 32 4.73387E-4
17 33 4.31261E-5
17 34 2.31567E-6
17 35 1.45715E-7
17 36 0E0
17 37 0E0
17 38 0E0
17 39 0E0
17 40 0E0
18 1 1.91523E-3
18 2 7.79645E-4
18 3 1.15307E-3
18 4 1.57886E-3
18 5 2.26935E-3
18 6 3.23627E-3
18 7 4.60295E-3
18 8 6.59319E-3
18 9 9.41452E-3
18 10 1.36222E-2
18 11 1.97385E-2
18 12 2.88201E-2
18 13 4.22677E-2
18 14 6.23801E-2
18 15 9.21961E-2
18 16 1.37402E-1
18 17 2.06116E-1
18 18 2.95844E-1
18 19 3.51611E-1
18 20 3.90836E-1
18 21 4.20146E-1
18 22 4.33565E-1
18 23 4.24689E-1
18 24 3.89442E-1
18 25 3.28632E-1
18 26 2.49574E-1
18 27 1.65902E-1
18 28 9.31926E-2
18 29 4.23274E-2
18 30 1.46998E-2
18 31 3.64213E-3
18 32 5.90405E-4
18 33 5.63579E-5
18 34 3.09523E-6
18 35 1.98906E-7
18 36 0E0
18 37 0E0
18 38 0E0
18 39 0E0
18 40 0E0
19 1 1.29921E-3
19 2 5.29516E-4
19 3 7.8358E-4
19 4 1.0736E-3
19 5 1.54411E-3
19 6 2.20372E-3
19 7 3.13769E-3
19 8 4.50004E-3
19 9 6.43023E-3
19 10 9.30581E-3
19 11 1.34957E-2
19 12 1.97717E-2
19 13 2.92386E-2
19 14 4.37833E-2
19 15 6.56629E-2
19 16 9.89534E-2
19 17 1.49796E-1
19 18 2.28383E-1
19 19 3.30783E-1
19 20 3.87763E-1
19 21 4.19582E-1
19 22 4.3652E-1
19 23 4.31807E-1
19 24 4.00841E-1
19 25 3.43302E-1
19 26 2.65441E-1
19 27 1.80303E-1
19 28 1.03928E-1
19 29 4.86713E-2
19 30 1.75269E-2
19 31 4.53113E-3
19 32 7.71933E-4
19 33 7.79632E-5
19 34 4.44037E-6
19 35 2.91577E-7
19 36 0E0
19 37 0E0
19 38 0E0
19 39 0E0
19 40 0E0
20 1 9.57542E-4
20 2 3.90321E-4
20 3 5.77511E-4
20 4 7.91226E-4
20 5 1.13805E-3
20 6 1.62418E-3
20 7 2.31238E-3
20 8 3.31629E-3
20 9 4.7383E-3
20 10 6.84861E-3
20 11 9.89334E-3
20 12 1.43917E-2
20 13 2.1065E-2
20 14 3.11429E-2
20 15 4.64878E-2
20 16 7.03461E-2
20 17 1.06973E-1
20 18 1.63846E-1
20 19 2.52867E-1
20 20 3.68999E-1
20 21 4.24252E-1
20 22 4.45653E-1
20 23 4.46083E-1
20 24 4.20075E-1
20 25 3.66094E-1
20 26 2.89041E-1
20 27 2.01275E-1
20 28 1.19476E-1
20 29 5.79014E-2
20 30 2.16983E-2
20 31 5.87129E-3
20 32 1.05342E-3
20 33 1.1273E-4
20 34 6.77904E-6
20 35 4.40301E-7
20 36 0E0
20 37 0E0
20 38 0E0
20 39 0E0
20 40 0E0
21 1 6.63951E-4
21 2 2.70839E-4
21 3 4.00844E-4
21 4 5.49326E-4
21 5 7.90394E-4
21 6 1.12856E-3
21 7 1.60771E-3
21 8 2.30745E-3
21 9 3.29994E-3
21 10 4.77523E-3
21 11 6.90727E-3
21 12 1.00601E-2
21 13 1.47491E-2
21 14 2.18867E-2
21 15 3.26732E-2
21 16 4.92647E-2
21 17 7.4879E-2
21 18 1.14961E-1
21 19 1.78186E-1
21 20 2.7939E-1
21 21 4.10723E-1
21 22 4.62846E-1
21 23 4.6936E-1
21 24 4.49035E-1
21 25 3.98967E-1
21 26 3.22366E-1
21 27 2.30761E-1
21 28 1.41522E-1
21 29 7.12544E-2
21 30 2.79165E-2
21 31 7.95155E-3
21 32 1.51292E-3
21 33 1.73041E-4
21 34 1.10168E-5
21 35 7.17032E-7
21 36 0E0
21 37 0E0
21 38 0E0
21 39 0E0
21 40 0E0
22 1 4.29388E-4
22 2 1.75374E-4
22 3 2.59679E-4
22 4 3.56076E-4
22 5 5.12648E-4
22 6 7.32612E-4
22 7 1.04475E-3
22 8 1.50132E-3
22 9 2.1505E-3
22 10 3.11808E-3
22 11 4.52096E-3
22 12 6.60131E-3
22 13 9.7042E-3
22 14 1.44434E-2
22 15 2.16577E-2
22 16 3.28613E-2
22 17 5.03E-2
22 18 7.78297E-2
22 19 1.217E-1
22 20 1.92685E-1
22 21 3.07948E-1
22 22 4.57548E-1
22 23 5.03381E-1
22 24 4.89914E-1
22 25 4.44423E-1
22 26 3.68262E-1
22 27 2.71698E-1
22 28 1.72719E-1
22 29 9.07315E-2
22 30 3.73539E-2
22 31 1.12727E-2
22 32 2.29249E-3
22 33 2.82997E-4
22 34 1.91453E-5
22 35 1.26498E-6
22 36 0E0
22 37 0E0
22 38 0E0
22 39 0E0
22 40 0E0
23 1 2.55249E-4
23 2 1.04624E-4
23 3 1.55001E-4
23 4 2.12698E-4
23 5 3.06536E-4
23 6 4.38554E-4
23 7 6.2632E-4
23 8 9.01733E-4
23 9 1.29451E-3
23 10 1.88212E-3
23 11 2.73838E-3
23 12 4.01531E-3
23 13 5.9295E-3
23 14 8.86595E-3
23 15 1.33731E-2
23 16 2.04828E-2
23 17 3.17698E-2
23 18 4.99046E-2
23 19 7.92068E-2
23 20 1.27294E-1
23 21 2.06659E-1
23 22 3.38827E-1
23 23 5.09708E-1
23 24 5.4538E-1
23 25 5.05859E-1
23 26 4.30649E-1
23 27 3.28258E-1
23 28 2.17005E-1
23 29 1.19433E-1
23 30 5.19519E-2
23 31 1.67265E-2
23 32 3.66824E-3
23 33 4.94266E-4
23 34 3.63707E-5
23 35 2.18114E-6
23 36 9.12741E-7
23 37 0E0
23 38 0E0
23 39 0E0
23 40 0E0
24 1 1.48059E-4
24 2 6.08171E-5
24 3 9.01562E-5
24 4 1.23813E-4
24 5 1.78582E-4
24 6 2.55796E-4
24 7 3.6585E-4
24 8 5.276E-4
24 9 7.59057E-4
24 10 1.1066E-3
24 11 1.61523E-3
24 12 2.37782E-3
24 13 3.52824E-3
24 14 5.30329E-3
24 15 8.04317E-3
24 16 1.23924E-2
24 17 1.9358E-2
24 18 3.06943E-2
24 19 4.93305E-2
24 20 8.03973E-2
24 21 1.32556E-1
24 22 2.21108E-1
24 23 3.71847E-1
24 24 5.66148E-1
24 25 5.86646E-1
24 26 5.14511E-1
24 27 4.06569E-1
24 28 2.80641E-1
24 29 1.62606E-1
24 30 7.51523E-2
24 31 2.59707E-2
24 32 6.18324E-3
24 33 9.15581E-4
24 34 7.43405E-5
24 35 3.77761E-6
24 36 6.07173E-7
24 37 0E0
24 38 0E0
24 39 0E0
24 40 0E0
25 1 7.82337E-5
25 2 3.23673E-5
25 3 4.80173E-5
25 4 6.59978E-5
25 5 9.53055E-5
25 6 1.36706E-4
25 7 1.95865E-4
25 8 2.83118E-4
25 9 4.08456E-4
25 10 5.97476E-4
25 11 8.75769E-4
25 12 1.29584E-3
25 13 1.93469E-3
25 14 2.92968E-3
25 15 4.48119E-3
25 16 6.97095E-3
25 17 1.10095E-2
25 18 1.76749E-2
25 19 2.88115E-2
25 20 4.77553E-2
25 21 8.02357E-2
25 22 1.36617E-1
25 23 2.35039E-1
25 24 4.06949E-1
25 25 6.27889E-1
25 26 6.26818E-1
25 27 5.14865E-1
25 28 3.72498E-1
25 29 2.28233E-1
25 30 1.12734E-1
25 31 4.21249E-2
25 32 1.09866E-2
25 33 1.80737E-3
25 34 1.65236E-4
25 35 8.37269E-6
25 36 4.32068E-7
25 37 1.48796E-9
25 38 0E0
25 39 0E0
25 40 0E0
26 1 3.46653E-5
26 2 1.45135E-5
26 3 2.15413E-5
26 4 2.96264E-5
26 5 4.28158E-5
26 6 6.1475E-5
26 7 8.81903E-5
26 8 1.27688E-4
26 9 1.84615E-4
26 10 2.7084E-4
26 11 3.98532E-4
26 12 5.92679E-4
26 13 8.90786E-4
26 14 1.36076E-3
26 15 2.10518E-3
26 16 3.32191E-3
26 17 5.33995E-3
26 18 8.7633E-3
26 19 1.46659E-2
26 20 2.50491E-2
26 21 4.34977E-2
26 22 7.67087E-2
26 23 1.36882E-1
26 24 2.46188E-1
26 25 4.43917E-1
26 26 6.98081E-1
26 27 6.66959E-1
26 28 5.06001E-1
26 29 3.28709E-1
26 30 1.7426E-1
26 31 7.09241E-2
26 32 2.04991E-2
26 33 3.81493E-3
26 34 4.04008E-4
26 35 2.17339E-5
26 36 8.83127E-7
26 37 9.50969E-9
26 38 1.6705E-10
26 39 0E0
26 40 0E0
27 1 1.47149E-5
27 2 6.40963E-6
27 3 9.52526E-6
27 4 1.31207E-5
27 5 1.89957E-5
27 6 2.73336E-5
27 7 3.93196E-5
27 8 5.71174E-5
27 9 8.29142E-5
27 10 1.2223E-4
27 11 1.80898E-4
27 12 2.70902E-4
27 13 4.10485E-4
27 14 6.32998E-4
27 15 9.90016E-4
27 16 1.58198E-3
27 17 2.58034E-3
27 18 4.3032E-3
27 19 7.32585E-3
27 20 1.27394E-2
27 21 2.25481E-2
27 22 4.06622E-2
27 23 7.45685E-2
27 24 1.38427E-1
27 25 2.58662E-1
27 26 4.82735E-1
27 27 7.69203E-1
27 28 6.99332E-1
27 29 4.8495E-1
27 30 2.7812E-1
27 31 1.2421E-1
27 32 4.00003E-2
27 33 8.43519E-3
27 34 1.03048E-3
27 35 6.28642E-5
27 36 1.93742E-6
27 37 4.26085E-8
27 38 1.37974E-9
27 39 0E0
27 40 0E0
28 1 4.55971E-6
28 2 2.28E-6
28 3 3.42507E-6
28 4 4.73185E-6
28 5 6.86321E-6
28 6 9.89552E-6
28 7 1.42689E-5
28 8 2.07892E-5
28 9 3.02913E-5
28 10 4.48621E-5
28 11 6.67728E-5
28 12 1.00691E-4
28 13 1.53887E-4
28 14 2.39834E-4
28 15 3.80026E-4
28 16 6.16953E-4
28 17 1.02576E-3
28 18 1.75202E-3
28 19 3.07331E-3
28 20 5.53109E-3
28 21 1.0148E-2
28 22 1.89509E-2
28 23 3.60362E-2
28 24 6.9749E-2
28 25 1.36637E-1
28 26 2.68433E-1
28 27 5.23458E-1
28 28 8.4793E-1
28 29 7.26827E-1
28 30 4.52555E-1
28 31 2.23306E-1
28 32 8.10185E-2
28 33 1.96565E-2
28 34 2.82897E-3
28 35 2.08047E-4
28 36 7.13257E-6
28 37 2.07805E-7
28 38 6.70265E-9
28 39 0E0
28 40 0E0
29 1 9.56265E-7
29 2 5.46053E-7
29 3 8.96954E-7
29 4 1.34556E-6
29 5 2.04869E-6
29 6 3.02221E-6
29 7 4.38422E-6
29 8 6.38087E-6
29 9 9.27907E-6
29 10 1.37109E-5
29 11 2.03654E-5
29 12 3.06664E-5
29 13 4.6853E-5
29 14 7.31332E-5
29 15 1.16379E-4
29 16 1.90525E-4
29 17 3.21209E-4
29 18 5.60128E-4
29 19 1.01203E-3
29 20 1.90046E-3
29 21 3.69722E-3
29 22 7.37192E-3
29 23 1.48398E-2
29 24 3.02103E-2
29 25 6.23969E-2
29 26 1.30612E-1
29 27 2.73762E-1
29 28 5.65074E-1
29 29 9.35654E-1
29 30 7.47448E-1
29 31 4.08582E-1
29 32 1.68142E-1
29 33 4.75458E-2
29 34 8.2252E-3
29 35 7.51611E-4
29 36 3.06091E-5
29 37 9.89091E-7
29 38 3.28221E-8
29 39 0E0
29 40 0E0
30 1 1.79827E-7
30 2 1.0294E-7
30 3 1.70313E-7
30 4 2.6053E-7
30 5 4.15544E-7
30 6 6.42892E-7
30 7 9.7821E-7
30 8 1.47876E-6
30 9 2.20647E-6
30 10 3.3174E-6
30 11 5.0011E-6
30 12 7.66065E-6
30 13 1.19379E-5
30 14 1.90622E-5
30 15 3.11339E-5
30 16 5.24837E-5
30 17 9.14411E-5
30 18 1.65486E-4
30 19 3.11865E-4
30 20 6.14303E-4
30 21 1.25187E-3
30 22 2.60614E-3
30 23 5.49977E-3
30 24 1.17476E-2
30 25 2.54719E-2
30 26 5.63502E-2
30 27 1.26095E-1
30 28 2.80453E-1
30 29 6.07793E-1
30 30 1.02192E0
30 31 7.56067E-1
30 32 3.56076E-1
30 33 1.18268E-1
30 34 2.47118E-2
30 35 2.81451E-3
30 36 1.46027E-4
30 37 3.66184E-6
30 38 1.51775E-7
30 39 0E0
30 40 0E0
31 1 2.60545E-8
31 2 1.49145E-8
31 3 2.46759E-8
31 4 3.77474E-8
31 5 6.04835E-8
31 6 9.60844E-8
31 7 1.51963E-7
31 8 2.41493E-7
31 9 3.80655E-7
31 10 6.03361E-7
31 11 9.40418E-7
31 12 1.45616E-6
31 13 2.28891E-6
31 14 3.69234E-6
31 15 6.1154E-6
31 16 1.0495E-5
31 17 1.86897E-5
31 18 3.47119E-5
31 19 6.74429E-5
31 20 1.37777E-4
31 21 2.95779E-4
31 22 6.63401E-4
31 23 1.52516E-3
31 24 3.55685E-3
31 25 8.38718E-3
31 26 1.9916E-2
31 27 4.81858E-2
31 28 1.17613E-1
31 29 2.82817E-1
31 30 6.52673E-1
31 31 1.11537E0
31 32 7.52288E-1
31 33 2.96792E-1
31 34 7.62796E-2
31 35 1.10713E-2
31 36 7.5808E-4
31 37 2.00284E-5
31 38 6.68862E-7
31 39 0E0
31 40 0E0
32 1 3.90982E-9
32 2 2.23812E-9
32 3 3.70295E-9
32 4 5.66451E-9
32 5 9.07636E-9
32 6 1.44188E-8
32 7 2.28041E-8
32 8 3.62414E-8
32 9 5.72029E-8
32 10 9.10134E-8
32 11 1.44089E-7
32 12 2.2833E-7
32 13 3.61469E-7
32 14 5.73174E-7
32 15 9.12829E-7
32 16 1.51119E-6
32 17 2.66584E-6
32 18 5.03052E-6
32 19 1.01216E-5
32 20 2.1766E-5
32 21 4.97997E-5
32 22 1.21235E-4
32 23 3.10923E-4
32 24 8.19449E-4
32 25 2.16264E-3
32 26 5.5896E-3
32 27 1.46435E-2
32 28 3.9418E-2
32 29 1.06712E-1
32 30 2.81222E-1
32 31 6.97455E-1
32 32 1.21356E0
32 33 7.35314E-1
32 34 2.34918E-1
32 35 4.43865E-2
32 36 4.15052E-3
32 37 1.53519E-4
32 38 3.10172E-6
32 39 2.09448E-8
32 40 0E0
33 1 6.6613E-10
33 2 3.8132E-10
33 3 6.3089E-10
33 4 9.6508E-10
33 5 1.54637E-9
33 6 2.45658E-9
33 7 3.88522E-9
33 8 6.17459E-9
33 9 9.74587E-9
33 10 1.55063E-8
33 11 2.4549E-8
33 12 3.89014E-8
33 13 6.15864E-8
33 14 9.77679E-8
33 15 1.54747E-7
33 16 2.45461E-7
33 17 3.90618E-7
33 18 6.48215E-7
33 19 1.17352E-6
33 20 2.42051E-6
33 21 5.69432E-6
33 22 1.49857E-5
33 23 4.28532E-5
33 24 1.3005E-4
33 25 4.0156E-4
33 26 1.17331E-3
33 27 3.37211E-3
33 28 1.00109E-2
33 29 3.07038E-2
33 30 9.40587E-2
33 31 2.75897E-1
33 32 7.4193E-1
33 33 1.31468E0
33 34 7.04004E-1
33 35 1.75125E-1
33 36 2.28864E-2
33 37 1.25783E-3
33 38 2.2657E-5
33 39 2.09933E-7
33 40 0E0
34 1 1.3413E-10
34 2 7.678E-11
34 3 1.2703E-10
34 4 1.9433E-10
34 5 3.1137E-10
34 6 4.9465E-10
34 7 7.8231E-10
34 8 1.24329E-9
34 9 1.96239E-9
34 10 3.12228E-9
34 11 4.94309E-9
34 12 7.83303E-9
34 13 1.24008E-8
34 14 1.96861E-8
34 15 3.11591E-8
34 16 4.94251E-8
34 17 7.83332E-8
34 18 1.2416E-7
34 19 1.96762E-7
34 20 3.26047E-7
34 21 6.05536E-7
34 22 1.32562E-6
34 23 3.54228E-6
34 24 1.14389E-5
34 25 4.09857E-5
34 26 1.5066E-4
34 27 5.15894E-4
34 28 1.74695E-3
34 29 6.17116E-3
34 30 2.24189E-2
34 31 8.00627E-2
34 32 2.66806E-1
34 33 7.86521E-1
34 34 1.41709E0
34 35 6.58291E-1
34 36 1.21901E-1
34 37 1.02437E-2
34 38 2.94252E-4
34 39 2.4403E-6
34 40 0E0
35 1 7.7882E-11
35 2 4.4582E-11
35 3 7.3761E-11
35 4 1.1283E-10
35 5 1.808E-10
35 6 2.8721E-10
35 7 4.5425E-10
35 8 7.2191E-10
35 9 1.13946E-9
35 10 1.81294E-9
35 11 2.87019E-9
35 12 4.54822E-9
35 13 7.20048E-9
35 14 1.14307E-8
35 15 1.80924E-8
35 16 2.86985E-8
35 17 4.54839E-8
35 18 7.20929E-8
35 19 1.14179E-7
35 20 1.81061E-7
35 21 2.86895E-7
35 22 4.5479E-7
35 23 7.22566E-7
35 24 1.21282E-6
35 25 2.70601E-6
35 26 8.85012E-6
35 27 3.49688E-5
35 28 1.51578E-4
35 29 6.94424E-4
35 30 3.25632E-3
35 31 1.50534E-2
35 32 6.54824E-2
35 33 2.54133E-1
35 34 8.30112E-1
35 35 1.51911E0
35 36 6.00268E-1
35 37 7.83235E-2
35 38 3.87035E-3
35 39 5.12277E-5
35 40 4.07723E-7
36 1 2.5763E-11
36 2 1.4748E-11
36 3 2.44E-11
36 4 3.7326E-11
36 5 5.9808E-11
36 6 9.5011E-11
36 7 1.5027E-10
36 8 2.3881E-10
36 9 3.7693E-10
36 10 5.9972E-10
36 11 9.4946E-10
36 12 1.50456E-9
36 13 2.38193E-9
36 14 3.78129E-9
36 15 5.985E-9
36 16 9.4935E-9
36 17 1.50461E-8
36 18 2.38484E-8
36 19 3.77706E-8
36 20 5.98951E-8
36 21 9.49054E-8
36 22 1.50445E-7
36 23 2.38439E-7
36 24 3.77853E-7
36 25 6.01097E-7
36 26 1.04391E-6
36 27 2.64556E-6
36 28 1.01904E-5
36 29 5.04426E-5
36 30 2.8019E-4
36 31 1.63852E-3
36 32 9.49622E-3
36 33 5.10498E-2
36 34 2.3623E-1
36 35 8.71057E-1
36 36 1.62156E0
36 37 5.32193E-1
36 38 4.58204E-2
36 39 1.20419E-3
36 40 8.2318E-6
37 1 1.6592E-11
37 2 9.4979E-12
37 3 1.5714E-11
37 4 2.4038E-11
37 5 3.8517E-11
37 6 6.1189E-11
37 7 9.6774E-11
37 8 1.538E-10
37 9 2.4275E-10
37 10 3.8623E-10
37 11 6.1147E-10
37 12 9.6896E-10
37 13 1.53401E-9
37 14 2.43522E-9
37 15 3.85445E-9
37 16 6.11399E-9
37 17 9.68999E-9
37 18 1.53588E-8
37 19 2.4325E-8
37 20 3.85736E-8
37 21 6.11208E-8
37 22 9.68895E-8
37 23 1.53559E-7
37 24 2.43344E-7
37 25 3.85696E-7
37 26 6.11284E-7
37 27 9.77512E-7
37 28 1.67587E-6
37 29 3.86305E-6
37 30 1.64505E-5
37 31 1.03146E-4
37 32 7.4915E-4
37 33 5.54643E-3
37 34 3.79184E-2
37 35 2.15055E-1
37 36 9.09928E-1
37 37 1.72075E0
37 38 4.57959E-1
37 39 2.41638E-2
37 40 2.993E-4
38 1 6.557E-12
38 2 3.7535E-12
38 3 6.2101E-12
38 4 9.4998E-12
38 5 1.5222E-11
38 6 2.4181E-11
38 7 3.8244E-11
38 8 6.0779E-11
38 9 9.5933E-11
38 10 1.5264E-10
38 11 2.4165E-10
38 12 3.8293E-10
38 13 6.0622E-10
38 14 9.6238E-10
38 15 1.52324E-9
38 16 2.41619E-9
38 17 3.82939E-9
38 18 6.06966E-9
38 19 9.613E-9
38 20 1.52439E-8
38 21 2.41544E-8
38 22 3.82898E-8
38 23 6.0685E-8
38 24 9.61674E-8
38 25 1.52423E-7
38 26 2.41574E-7
38 27 3.82929E-7
38 28 6.14455E-7
38 29 1.05509E-6
38 30 2.17928E-6
38 31 6.62714E-6
38 32 3.72567E-5
38 33 3.14302E-4
38 34 2.98536E-3
38 35 2.67375E-2
38 36 1.91651E-1
38 37 9.46412E-1
38 38 1.8143E0
38 39 3.82522E-1
38 40 1.13674E-2
39 1 3.0521E-12
39 2 1.7471E-12
39 3 2.8906E-12
39 4 4.4219E-12
39 5 7.0853E-12
39 6 1.1256E-11
39 7 1.7802E-11
39 8 2.8291E-11
39 9 4.4654E-11
39 10 7.1048E-11
39 11 1.1248E-10
39 12 1.7824E-10
39 13 2.8218E-10
39 14 4.4796E-10
39 15 7.0903E-10
39 16 1.12467E-9
39 17 1.78248E-9
39 18 2.82526E-9
39 19 4.47459E-9
39 20 7.09562E-9
39 21 1.12432E-8
39 22 1.78229E-8
39 23 2.82472E-8
39 24 4.47633E-8
39 25 7.0949E-8
39 26 1.12446E-7
39 27 1.78213E-7
39 28 2.82449E-7
39 29 4.47616E-7
39 30 7.09368E-7
39 31 1.16481E-6
39 32 2.49714E-6
39 33 1.16108E-5
39 34 1.13949E-4
39 35 1.44419E-3
39 36 1.77447E-2
39 37 1.67115E-1
39 38 9.80793E-1
39 39 1.90004E0
39 40 3.14957E-1
40 1 2.871E-12
40 2 1.6435E-12
40 3 2.7191E-12
40 4 4.1595E-12
40 5 6.6648E-12
40 6 1.0588E-11
40 7 1.6745E-11
40 8 2.6612E-11
40 9 4.2004E-11
40 10 6.6831E-11
40 11 1.058E-10
40 12 1.6766E-10
40 13 2.6543E-10
40 14 4.2137E-10
40 15 6.6695E-10
40 16 1.05792E-9
40 17 1.67669E-9
40 18 2.65758E-9
40 19 4.20903E-9
40 20 6.6745E-9
40 21 1.05759E-8
40 22 1.67651E-8
40 23 2.65708E-8
40 24 4.21066E-8
40 25 6.67382E-8
40 26 1.05772E-7
40 27 1.67636E-7
40 28 2.65685E-7
40 29 4.2108E-7
40 30 6.67369E-7
40 31 1.05845E-6
40 32 1.68161E-6
40 33 2.67883E-6
40 34 4.99949E-6
40 35 2.98E-5
40 36 5.58619E-4
40 37 1.07094E-2
40 38 1.42154E-1
40 39 1.01419E0
40 40 2.22235E0
