1 1 1.24871E-1
1 2 4.63674E-2
1 3 6.09783E-2
1 4 7.38293E-2
1 5 9.37532E-2
1 6 1.17727E-1
1 7 1.47018E-1
1 8 1.84202E-1
1 9 2.28841E-1
1 10 2.85872E-1
1 11 3.54198E-1
1 12 4.37694E-1
1 13 5.37882E-1
1 14 6.58765E-1
1 15 7.98428E-1
1 16 9.60524E-1
1 17 1.14073E0
1 18 1.33471E0
1 19 1.53132E0
1 20 1.71781E0
1 21 1.86892E0
1 22 1.95936E0
1 23 1.95888E0
1 24 1.84486E0
1 25 1.61295E0
1 26 1.28411E0
1 27 9.09156E-1
1 28 5.55703E-1
1 29 2.82616E-1
1 30 1.1423E-1
1 31 3.46665E-2
1 32 7.36386E-3
1 33 1.00397E-3
1 34 7.90147E-5
1 35 3.56447E-6
1 36 1.36231E-7
1 37 0E0
1 38 0E0
1 39 0E0
1 40 0E0
2 1 9.9442E-2
2 2 4.01067E-2
2 3 5.43459E-2
2 4 6.59924E-2
2 5 8.38016E-2
2 6 1.05232E-1
2 7 1.31414E-1
2 8 1.64653E-1
2 9 2.04556E-1
2 10 2.55537E-1
2 11 3.16621E-1
2 12 3.91266E-1
2 13 4.80831E-1
2 14 5.88912E-1
2 15 7.13793E-1
2 16 8.58772E-1
2 17 1.01992E0
2 18 1.19344E0
2 19 1.36938E0
2 20 1.53633E0
2 21 1.67171E0
2 22 1.75291E0
2 23 1.75287E0
2 24 1.65131E0
2 25 1.44427E0
2 26 1.15036E0
2 27 8.14943E-1
2 28 4.98486E-1
2 29 2.53745E-1
2 30 1.02671E-1
2 31 3.12026E-2
2 32 6.63966E-3
2 33 9.07126E-4
2 34 7.15752E-5
2 35 3.23845E-6
2 36 1.24168E-7
2 37 0E0
2 38 0E0
2 39 0E0
2 40 0E0
3 1 7.84283E-2
3 2 3.28314E-2
3 3 4.70135E-2
3 4 5.87996E-2
3 5 7.48216E-2
3 6 9.39569E-2
3 7 1.17335E-1
3 8 1.47014E-1
3 9 1.82644E-1
3 10 2.28168E-1
3 11 2.82716E-1
3 12 3.49377E-1
3 13 4.29362E-1
3 14 5.25895E-1
3 15 6.37431E-1
3 16 7.66977E-1
3 17 9.10957E-1
3 18 1.06603E0
3 19 1.22333E0
3 20 1.37268E0
3 21 1.49391E0
3 22 1.56683E0
3 23 1.56725E0
3 24 1.47698E0
3 25 1.29239E0
3 26 1.02999E0
3 27 7.30218E-1
3 28 4.47077E-1
3 29 2.27834E-1
3 30 9.23134E-2
3 31 2.81047E-2
3 32 5.99343E-3
3 33 8.20994E-4
3 34 6.49961E-5
3 35 3.11272E-6
3 36 1.13625E-7
3 37 0E0
3 38 0E0
3 39 0E0
3 40 0E0
4 1 6.10449E-2
4 2 2.58506E-2
4 3 3.8394E-2
4 4 5.10155E-2
4 5 6.67399E-2
4 6 8.39451E-2
4 7 1.04834E-1
4 8 1.31352E-1
4 9 1.63188E-1
4 10 2.03867E-1
4 11 2.52611E-1
4 12 3.12182E-1
4 13 3.8367E-1
4 14 4.6995E-1
4 15 5.69636E-1
4 16 6.85476E-1
4 17 8.14253E-1
4 18 9.52957E-1
4 19 1.09374E0
4 20 1.22749E0
4 21 1.33622E0
4 22 1.40183E0
4 23 1.40274E0
4 24 1.32258E0
4 25 1.15792E0
4 26 9.2349E-1
4 27 6.55328E-1
4 28 4.01692E-1
4 29 2.04992E-1
4 30 8.32049E-2
4 31 2.53877E-2
4 32 5.42837E-3
4 33 7.46031E-4
4 34 5.93179E-5
4 35 3.22345E-6
4 36 1.04684E-7
4 37 0E0
4 38 0E0
4 39 0E0
4 40 0E0
5 1 4.90174E-2
5 2 2.053E-2
5 3 3.04811E-2
5 4 4.17289E-2
5 5 5.81025E-2
5 6 7.50508E-2
5 7 9.3832E-2
5 8 1.17569E-1
5 9 1.46068E-1
5 10 1.82483E-1
5 11 2.26121E-1
5 12 2.79455E-1
5 13 3.43466E-1
5 14 4.20727E-1
5 15 5.1001E-1
5 16 6.13766E-1
5 17 7.29196E-1
5 18 8.53521E-1
5 19 9.79788E-1
5 20 1.09986E0
5 21 1.19764E0
5 22 1.25687E0
5 23 1.25828E0
5 24 1.18708E0
5 25 1.04002E0
5 26 8.30183E-1
5 27 5.89794E-1
5 28 3.62038E-1
5 29 1.85077E-1
5 30 7.52848E-2
5 31 2.30328E-2
5 32 4.94094E-3
5 33 6.818E-4
5 34 5.44899E-5
5 35 3.1797E-6
5 36 9.72688E-8
5 37 0E0
5 38 0E0
5 39 0E0
5 40 0E0
6 1 3.87905E-2
6 2 1.61674E-2
6 3 2.40374E-2
6 4 3.29908E-2
6 5 4.73824E-2
6 6 6.54484E-2
6 7 8.39579E-2
6 8 1.05272E-1
6 9 1.30794E-1
6 10 1.63406E-1
6 11 2.02489E-1
6 12 2.50263E-1
6 13 3.07603E-1
6 14 3.76825E-1
6 15 4.56843E-1
6 16 5.49815E-1
6 17 6.53354E-1
6 18 7.64888E-1
6 19 8.78241E-1
6 20 9.86138E-1
6 21 1.07422E0
6 22 1.12783E0
6 23 1.12977E0
6 24 1.06662E0
6 25 9.35347E-1
6 26 7.47432E-1
6 27 5.31764E-1
6 28 3.26998E-1
6 29 1.6753E-1
6 30 6.83327E-2
6 31 2.09754E-2
6 32 4.51801E-3
6 33 6.26618E-4
6 34 5.03991E-5
6 35 2.95466E-6
6 36 9.12087E-8
6 37 0E0
6 38 0E0
6 39 0E0
6 40 0E0
7 1 2.97487E-2
7 2 1.23571E-2
7 3 1.85878E-2
7 4 2.57538E-2
7 5 3.7232E-2
7 6 5.31722E-2
7 7 7.33633E-2
7 8 9.43226E-2
7 9 1.17248E-1
7 10 1.46487E-1
7 11 1.81533E-1
7 12 2.24374E-1
7 13 2.75804E-1
7 14 3.37903E-1
7 15 4.09694E-1
7 16 4.93157E-1
7 17 5.86121E-1
7 18 6.86355E-1
7 19 7.88303E-1
7 20 8.85454E-1
7 21 9.64964E-1
7 22 1.01372E0
7 23 1.01618E0
7 24 9.60259E-1
7 25 8.43045E-1
7 26 6.74615E-1
7 27 4.80781E-1
7 28 2.96299E-1
7 29 1.52215E-1
7 30 6.22943E-2
7 31 1.92003E-2
7 32 4.15675E-3
7 33 5.80097E-4
7 34 4.70614E-5
7 35 2.77206E-6
7 36 8.65172E-8
7 37 0E0
7 38 0E0
7 39 0E0
7 40 0E0
8 1 2.31612E-2
8 2 9.62481E-3
8 3 1.44902E-2
8 4 2.01329E-2
8 5 2.91781E-2
8 6 4.17716E-2
8 7 5.94328E-2
8 8 8.25472E-2
8 9 1.05193E-1
8 10 1.31475E-1
8 11 1.62938E-1
8 12 2.01406E-1
8 13 2.47595E-1
8 14 3.03376E-1
8 15 3.67881E-1
8 16 4.4292E-1
8 17 5.26517E-1
8 18 6.1676E-1
8 19 7.08624E-1
8 20 7.96301E-1
8 21 8.68268E-1
8 22 9.1282E-1
8 23 9.15838E-1
8 24 8.66416E-1
8 25 7.61729E-1
8 26 6.10627E-1
8 27 4.36097E-1
8 28 2.69494E-1
8 29 1.38909E-1
8 30 5.70845E-2
8 31 1.76836E-2
8 32 3.85228E-3
8 33 5.41674E-4
8 34 4.43775E-5
8 35 2.63073E-6
8 36 8.32026E-8
8 37 0E0
8 38 0E0
8 39 0E0
8 40 0E0
9 1 1.88411E-2
9 2 7.67288E-3
9 3 1.13607E-2
9 4 1.56725E-2
9 5 2.28015E-2
9 6 3.27786E-2
9 7 4.67484E-2
9 8 6.68929E-2
9 9 9.23677E-2
9 10 1.18261E-1
9 11 1.46606E-1
9 12 1.81235E-1
9 13 2.22822E-1
9 14 2.73061E-1
9 15 3.31184E-1
9 16 3.98826E-1
9 17 4.74237E-1
9 18 5.55732E-1
9 19 6.38783E-1
9 20 7.18223E-1
9 21 7.83654E-1
9 22 8.24616E-1
9 23 8.2827E-1
9 24 7.8465E-1
9 25 6.91032E-1
9 26 5.55195E-1
9 27 3.97549E-1
9 28 2.46493E-1
9 29 1.2758E-1
9 30 5.26951E-2
9 31 1.64249E-2
9 32 3.60517E-3
9 33 5.11548E-4
9 34 4.23651E-5
9 35 2.53286E-6
9 36 8.13596E-8
9 37 0E0
9 38 0E0
9 39 0E0
9 40 0E0
10 1 1.46416E-2
10 2 5.95476E-3
10 3 8.85341E-3
10 4 1.224E-2
10 5 1.77978E-2
10 6 2.5623E-2
10 7 3.66098E-2
10 8 5.24575E-2
10 9 7.46258E-2
10 10 1.04014E-1
10 11 1.32126E-1
10 12 1.63379E-1
10 13 2.00897E-1
10 14 2.46236E-1
10 15 2.98717E-1
10 16 3.59828E-1
10 17 4.28028E-1
10 18 5.01785E-1
10 19 5.77114E-1
10 20 6.49341E-1
10 21 7.09099E-1
10 22 7.46956E-1
10 23 7.51324E-1
10 24 7.12958E-1
10 25 6.2923E-1
10 26 5.069E-1
10 27 3.64173E-1
10 28 2.26712E-1
10 29 1.17937E-1
10 30 4.90136E-2
10 31 1.53925E-2
10 32 3.4095E-3
10 33 4.89102E-4
10 34 4.10391E-5
10 35 2.47757E-6
10 36 8.10659E-8
10 37 0E0
10 38 0E0
10 39 0E0
10 40 0E0
11 1 1.11841E-2
11 2 4.54736E-3
11 3 6.74657E-3
11 4 9.3065E-3
11 5 1.35426E-2
11 6 1.96296E-2
11 7 2.82744E-2
11 8 4.07444E-2
11 9 5.81921E-2
11 10 8.37326E-2
11 11 1.16479E-1
11 12 1.47693E-1
11 13 1.81658E-1
11 14 2.22704E-1
11 15 2.70243E-1
11 16 3.25644E-1
11 17 3.87531E-1
11 18 4.54551E-1
11 19 5.23165E-1
11 20 5.89148E-1
11 21 6.44038E-1
11 22 6.79295E-1
11 23 6.84454E-1
11 24 6.50855E-1
11 25 5.75917E-1
11 26 4.6545E-1
11 27 3.35761E-1
11 28 2.10056E-1
11 29 1.09945E-1
11 30 4.60344E-2
11 31 1.4589E-2
11 32 3.26715E-3
11 33 4.74879E-4
11 34 4.04752E-5
11 35 2.47196E-6
11 36 8.25875E-8
11 37 0E0
11 38 0E0
11 39 0E0
11 40 0E0
12 1 9.04443E-3
12 2 3.67164E-3
12 3 5.42384E-3
12 4 7.42499E-3
12 5 1.06777E-2
12 6 1.52278E-2
12 7 2.17977E-2
12 8 3.15583E-2
12 9 4.52876E-2
12 10 6.53269E-2
12 11 9.37321E-2
12 12 1.30707E-1
12 13 1.64875E-1
12 14 2.02197E-1
12 15 2.45443E-1
12 16 2.95884E-1
12 17 3.52305E-1
12 18 4.13523E-1
12 19 4.76345E-1
12 20 5.36995E-1
12 21 5.87779E-1
12 22 6.2097E-1
12 23 6.27004E-1
12 24 5.97764E-1
12 25 5.30649E-1
12 26 4.30551E-1
12 27 3.12129E-1
12 28 1.9645E-1
12 29 1.03588E-1
12 30 4.37639E-2
12 31 1.4021E-2
12 32 3.18095E-3
12 33 4.69528E-4
12 34 4.07514E-5
12 35 2.52186E-6
12 36 8.61448E-8
12 37 0E0
12 38 0E0
12 39 0E0
12 40 0E0
13 1 6.59869E-3
13 2 2.68067E-3
13 3 3.96068E-3
13 4 5.41655E-3
13 5 7.79253E-3
13 6 1.11914E-2
13 7 1.6141E-2
13 8 2.35749E-2
13 9 3.43037E-2
13 10 5.00364E-2
13 11 7.23204E-2
13 12 1.04535E-1
13 13 1.46345E-1
13 14 1.84353E-1
13 15 2.2388E-1
13 16 2.70031E-1
13 17 3.21728E-1
13 18 3.77934E-1
13 19 4.35792E-1
13 20 4.91913E-1
13 21 5.39278E-1
13 22 5.70837E-1
13 23 5.77796E-1
13 24 5.52569E-1
13 25 4.92413E-1
13 26 4.01429E-1
13 27 2.92712E-1
13 28 1.85562E-1
13 29 9.87117E-2
13 30 4.21525E-2
13 31 1.368E-2
13 32 3.15193E-3
13 33 4.73884E-4
13 34 4.20286E-5
13 35 2.64268E-6
13 36 9.26697E-8
13 37 0E0
13 38 0E0
13 39 0E0
13 40 0E0
14 1 5.49969E-3
14 2 2.23284E-3
14 3 3.29768E-3
14 4 4.50814E-3
14 5 6.46774E-3
14 6 9.21313E-3
14 7 1.31156E-2
14 8 1.88027E-2
14 9 2.68397E-2
14 10 3.89252E-2
14 11 5.6186E-2
14 12 8.10863E-2
14 13 1.17079E-1
14 14 1.64342E-1
14 15 2.05182E-1
14 16 2.47641E-1
14 17 2.95293E-1
14 18 3.47226E-1
14 19 4.00905E-1
14 20 4.53253E-1
14 21 4.97883E-1
14 22 5.28301E-1
14 23 5.36371E-1
14 24 5.14929E-1
14 25 4.61042E-1
14 26 3.78066E-1
14 27 2.77638E-1
14 28 1.77547E-1
14 29 9.54506E-2
14 30 4.12804E-2
14 31 1.36006E-2
14 32 3.18984E-3
14 33 4.89657E-4
14 34 4.44771E-5
14 35 2.84377E-6
14 36 1.02458E-7
14 37 0E0
14 38 0E0
14 39 0E0
14 40 0E0
15 1 4.2339E-3
15 2 1.71924E-3
15 3 2.53949E-3
15 4 3.47162E-3
15 5 4.97975E-3
15 6 7.08429E-3
15 7 1.00572E-2
15 8 1.44199E-2
15 9 2.06707E-2
15 10 2.99799E-2
15 11 4.32499E-2
15 12 6.24388E-2
15 13 9.01839E-2
15 14 1.31004E-1
15 15 1.83839E-1
15 16 2.28536E-1
15 17 2.72779E-1
15 18 3.2115E-1
15 19 3.71351E-1
15 20 4.20635E-1
15 21 4.63157E-1
15 22 4.92869E-1
15 23 5.0219E-1
15 24 4.84337E-1
15 25 4.36082E-1
15 26 3.60062E-1
15 27 2.66652E-1
15 28 1.72275E-1
15 29 9.37664E-2
15 30 4.11586E-2
15 31 1.38014E-2
15 32 3.30469E-3
15 33 5.19717E-4
15 34 4.85339E-5
15 35 3.16382E-6
15 36 1.17704E-7
15 37 0E0
15 38 0E0
15 39 0E0
15 40 0E0
16 1 3.16613E-3
16 2 1.28622E-3
16 3 1.90029E-3
16 4 2.5985E-3
16 5 3.72798E-3
16 6 5.30421E-3
16 7 7.52375E-3
16 8 1.07625E-2
16 9 1.53942E-2
16 10 2.23461E-2
16 11 3.24374E-2
16 12 4.71978E-2
16 13 6.85597E-2
16 14 9.99832E-2
16 15 1.4585E-1
16 16 2.06073E-1
16 17 2.54049E-1
16 18 2.99531E-1
16 19 3.46981E-1
16 20 3.93912E-1
16 21 4.3494E-1
16 22 4.64421E-1
16 23 4.75181E-1
16 24 4.60766E-1
16 25 4.17589E-1
16 26 3.47581E-1
16 27 2.59951E-1
16 28 1.6995E-1
16 29 9.38401E-2
16 30 4.19062E-2
16 31 1.43409E-2
16 32 3.51701E-3
16 33 5.68764E-4
16 34 5.47929E-5
16 35 3.65628E-6
16 36 1.40751E-7
16 37 0E0
16 38 0E0
16 39 0E0
16 40 0E0
17 1 2.48635E-3
17 2 1.00995E-3
17 3 1.49186E-3
17 4 2.03978E-3
17 5 2.92647E-3
17 6 4.16307E-3
17 7 5.90428E-3
17 8 8.43345E-3
17 9 1.2008E-2
17 10 1.73141E-2
17 11 2.49502E-2
17 12 3.60944E-2
17 13 5.22593E-2
17 14 7.60665E-2
17 15 1.10862E-1
17 16 1.62813E-1
17 17 2.30543E-1
17 18 2.81632E-1
17 19 3.26958E-1
17 20 3.72181E-1
17 21 4.1234E-1
17 22 4.42116E-1
17 23 4.54631E-1
17 24 4.43689E-1
17 25 4.05269E-1
17 26 3.40556E-1
17 27 2.5767E-1
17 28 1.70818E-1
17 29 9.5905E-2
17 30 4.36851E-2
17 31 1.53005E-2
17 32 3.85495E-3
17 33 6.43108E-4
17 34 6.41394E-5
17 35 4.03754E-6
17 36 1.74831E-7
17 37 0E0
17 38 0E0
17 39 0E0
17 40 0E0
18 1 1.83437E-3
18 2 7.45282E-4
18 3 1.10115E-3
18 4 1.50577E-3
18 5 2.16067E-3
18 6 3.0748E-3
18 7 4.36191E-3
18 8 6.2285E-3
18 9 8.85986E-3
18 10 1.27597E-2
18 11 1.83863E-2
18 12 2.66723E-2
18 13 3.88191E-2
18 14 5.67751E-2
18 15 8.30343E-2
18 16 1.22291E-1
18 17 1.81079E-1
18 18 2.57873E-1
18 19 3.1147E-1
18 20 3.55642E-1
18 21 3.95549E-1
18 22 4.26166E-1
18 23 4.40797E-1
18 24 4.3329E-1
18 25 3.99343E-1
18 26 3.39252E-1
18 27 2.60095E-1
18 28 1.75191E-1
18 29 1.00241E-1
18 30 4.67011E-2
18 31 1.67956E-2
18 32 4.36408E-3
18 33 7.54465E-4
18 34 7.8363E-5
18 35 4.68454E-6
18 36 2.28417E-7
18 37 0E0
18 38 0E0
18 39 0E0
18 40 0E0
19 1 1.27834E-3
19 2 5.19847E-4
19 3 7.68281E-4
19 4 1.05103E-3
19 5 1.50883E-3
19 6 2.14838E-3
19 7 3.05011E-3
19 8 4.35894E-3
19 9 6.20154E-3
19 10 8.92741E-3
19 11 1.2865E-2
19 12 1.87087E-2
19 13 2.74309E-2
19 14 4.06821E-2
19 15 6.03367E-2
19 16 8.9758E-2
19 17 1.33922E-1
19 18 2.01013E-1
19 19 2.88482E-1
19 20 3.44619E-1
19 21 3.8495E-1
19 22 4.16981E-1
19 23 4.34144E-1
19 24 4.30177E-1
19 25 4.00467E-1
19 26 3.44375E-1
19 27 2.67951E-1
19 28 1.83734E-1
19 29 1.07393E-1
19 30 5.13217E-2
19 31 1.90212E-2
19 32 5.11989E-3
19 33 9.22386E-4
19 34 1.00471E-4
19 35 6.21234E-6
19 36 3.17407E-7
19 37 0E0
19 38 0E0
19 39 0E0
19 40 0E0
20 1 9.72468E-4
20 2 3.95477E-4
20 3 5.84449E-4
20 4 7.99495E-4
20 5 1.14768E-3
20 6 1.63388E-3
20 7 2.31913E-3
20 8 3.31343E-3
20 9 4.7124E-3
20 10 6.77326E-3
20 11 9.71862E-3
20 12 1.40241E-2
20 13 2.03339E-2
20 14 2.97301E-2
20 15 4.38201E-2
20 16 6.53732E-2
20 17 9.78368E-2
20 18 1.47253E-1
20 19 2.23106E-1
20 20 3.22231E-1
20 21 3.78738E-1
20 22 4.12906E-1
20 23 4.33337E-1
20 24 4.33512E-1
20 25 4.08389E-1
20 26 3.56275E-1
20 27 2.82046E-1
20 28 1.97438E-1
20 29 1.18259E-1
20 30 5.81574E-2
20 31 2.2287E-2
20 32 6.23374E-3
20 33 1.17329E-3
20 34 1.34249E-4
20 35 8.5324E-6
20 36 4.56037E-7
20 37 0E0
20 38 0E0
20 39 0E0
20 40 0E0
21 1 7.01057E-4
21 2 2.85278E-4
21 3 4.21607E-4
21 4 5.76811E-4
21 5 8.28142E-4
21 6 1.17934E-3
21 7 1.67463E-3
21 8 2.39364E-3
21 9 3.40602E-3
21 10 4.89853E-3
21 11 7.03307E-3
21 12 1.01527E-2
21 13 1.47304E-2
21 14 2.15962E-2
21 15 3.17953E-2
21 16 4.71851E-2
21 17 7.04523E-2
21 18 1.06076E-1
21 19 1.61062E-1
21 20 2.47181E-1
21 21 3.59165E-1
21 22 4.15135E-1
21 23 4.39594E-1
21 24 4.44598E-1
21 25 4.24396E-1
21 26 3.76256E-1
21 27 3.03694E-1
21 28 2.17561E-1
21 29 1.33932E-1
21 30 6.80071E-2
21 31 2.70566E-2
21 32 7.90165E-3
21 33 1.56263E-3
21 34 1.89136E-4
21 35 1.26969E-5
21 36 6.96742E-7
21 37 0E0
21 38 0E0
21 39 0E0
21 40 0E0
22 1 4.77071E-4
22 2 1.94298E-4
22 3 2.87232E-4
22 4 3.93072E-4
22 5 5.64554E-4
22 6 8.04331E-4
22 7 1.14273E-3
22 8 1.63457E-3
22 9 2.3281E-3
22 10 3.3523E-3
22 11 4.81996E-3
22 12 6.96744E-3
22 13 1.01213E-2
22 14 1.48583E-2
22 15 2.19337E-2
22 16 3.26937E-2
22 17 4.90503E-2
22 18 7.42396E-2
22 19 1.13379E-1
22 20 1.7513E-1
22 21 2.73106E-1
22 22 4.00642E-1
22 23 4.53864E-1
22 24 4.64518E-1
22 25 4.49864E-1
22 26 4.05956E-1
22 27 3.34715E-1
22 28 2.45983E-1
22 29 1.56091E-1
22 30 8.21438E-2
22 31 3.40768E-2
22 32 1.0448E-2
22 33 2.18529E-3
22 34 2.82044E-4
22 35 2.01842E-5
22 36 1.13647E-6
22 37 0E0
22 38 0E0
22 39 0E0
22 40 0E0
23 1 3.02495E-4
23 2 1.23549E-4
23 3 1.82714E-4
23 4 2.50169E-4
23 5 3.59522E-4
23 6 5.1259E-4
23 7 7.28953E-4
23 8 1.04391E-3
23 9 1.48892E-3
23 10 2.14781E-3
23 11 3.09493E-3
23 12 4.48579E-3
23 13 6.53378E-3
23 14 9.61348E-3
23 15 1.42364E-2
23 16 2.13618E-2
23 17 3.23934E-2
23 18 4.96452E-2
23 19 7.67179E-2
23 20 1.19849E-1
23 21 1.89008E-1
23 22 3.01168E-1
23 23 4.46784E-1
23 24 4.94588E-1
23 25 4.86508E-1
23 26 4.47483E-1
23 27 3.77603E-1
23 28 2.85342E-1
23 29 1.87198E-1
23 30 1.02491E-1
23 31 4.45428E-2
23 32 1.44245E-2
23 33 3.21493E-3
23 34 4.46615E-4
23 35 3.44548E-5
23 36 1.99188E-6
23 37 0E0
23 38 0E0
23 39 0E0
23 40 0E0
24 1 1.89893E-4
24 2 7.77507E-5
24 3 1.15028E-4
24 4 1.57552E-4
24 5 2.26537E-4
24 6 3.23216E-4
24 7 4.5998E-4
24 8 6.59382E-4
24 9 9.41691E-4
24 10 1.36038E-3
24 11 1.96397E-3
24 12 2.85335E-3
24 13 4.16778E-3
24 14 6.14979E-3
24 15 9.13019E-3
24 16 1.37341E-2
24 17 2.08958E-2
24 18 3.22001E-2
24 19 5.01863E-2
24 20 7.91764E-2
24 21 1.26239E-1
24 22 2.03597E-1
24 23 3.31462E-1
24 24 4.96913E-1
24 25 5.35634E-1
24 26 5.03217E-1
24 27 4.35712E-1
24 28 3.39603E-1
24 29 2.31195E-1
24 30 1.32254E-1
24 31 6.05146E-2
24 32 2.08103E-2
24 33 4.97192E-3
24 34 7.48022E-4
24 35 6.27846E-5
24 36 3.36093E-6
24 37 9.26591E-7
24 38 3.18673E-7
24 39 0E0
24 40 0E0
25 1 1.11055E-4
25 2 4.57148E-5
25 3 6.76562E-5
25 4 9.27206E-5
25 5 1.33412E-4
25 6 1.90496E-4
25 7 2.71405E-4
25 8 3.89583E-4
25 9 5.57251E-4
25 10 8.06674E-4
25 11 1.16754E-3
25 12 1.70141E-3
25 13 2.49457E-3
25 14 3.69771E-3
25 15 5.51756E-3
25 16 8.34531E-3
25 17 1.27803E-2
25 18 1.98475E-2
25 19 3.1228E-2
25 20 4.98473E-2
25 21 8.05179E-2
25 22 1.31751E-1
25 23 2.17999E-1
25 24 3.63885E-1
25 25 5.52138E-1
25 26 5.76947E-1
25 27 5.13625E-1
25 28 4.14051E-1
25 29 2.93508E-1
25 30 1.76186E-1
25 31 8.53357E-2
25 32 3.13641E-2
25 33 8.09645E-3
25 34 1.33161E-3
25 35 1.23614E-4
25 36 6.25347E-6
25 37 1.42382E-6
25 38 4.18208E-8
25 39 0E0
25 40 0E0
26 1 5.48455E-5
26 2 2.30095E-5
26 3 3.40703E-5
26 4 4.67196E-5
26 5 6.72713E-5
26 6 9.61467E-5
26 7 1.37148E-4
26 8 1.9717E-4
26 9 2.82593E-4
26 10 4.10116E-4
26 11 5.95469E-4
26 12 8.7126E-4
26 13 1.28395E-3
26 14 1.91545E-3
26 15 2.88109E-3
26 16 4.3992E-3
26 17 6.81121E-3
26 18 1.07312E-2
26 19 1.72074E-2
26 20 2.81284E-2
26 21 4.67231E-2
26 22 7.87321E-2
26 23 1.34086E-1
26 24 2.30428E-1
26 25 3.98384E-1
26 26 6.15015E-1
26 27 6.19724E-1
26 28 5.17033E-1
26 29 3.82256E-1
26 30 2.41435E-1
26 31 1.24339E-1
26 32 4.91993E-2
26 33 1.38729E-2
26 34 2.53453E-3
26 35 2.66454E-4
26 36 1.45204E-5
26 37 1.37114E-6
26 38 5.6108E-8
26 39 0E0
26 40 0E0
27 1 2.76562E-5
27 2 1.18846E-5
27 3 1.76079E-5
27 4 2.41647E-5
27 5 3.48252E-5
27 6 4.98291E-5
27 7 7.11783E-5
27 8 1.02501E-4
27 9 1.47216E-4
27 10 2.14209E-4
27 11 3.1201E-4
27 12 4.58282E-4
27 13 6.78495E-4
27 14 1.01791E-3
27 15 1.54141E-3
27 16 2.37231E-3
27 17 3.70631E-3
27 18 5.89272E-3
27 19 9.53543E-3
27 20 1.5737E-2
27 21 2.64149E-2
27 22 4.51388E-2
27 23 7.83598E-2
27 24 1.37709E-1
27 25 2.44221E-1
27 26 4.34767E-1
27 27 6.79361E-1
27 28 6.56936E-1
27 29 5.09401E-1
27 30 3.40798E-1
27 31 1.87841E-1
27 32 8.05116E-2
27 33 2.49074E-2
27 34 5.06359E-3
27 35 6.0125E-4
27 36 3.64779E-5
27 37 1.23371E-6
27 38 3.3641E-8
27 39 8.0302E-10
27 40 0E0
28 1 1.15269E-5
28 2 5.16615E-6
28 3 7.66055E-6
28 4 1.05216E-5
28 5 1.51795E-5
28 6 2.17473E-5
28 7 3.1112E-5
28 8 4.48919E-5
28 9 6.46338E-5
28 10 9.43245E-5
28 11 1.37901E-4
28 12 2.035E-4
28 13 3.0303E-4
28 14 4.57826E-4
28 15 6.99296E-4
28 16 1.08773E-3
28 17 1.72169E-3
28 18 2.7811E-3
28 19 4.58597E-3
28 20 7.73373E-3
28 21 1.32926E-2
28 22 2.32968E-2
28 23 4.15886E-2
28 24 7.54293E-2
28 25 1.38507E-1
28 26 2.56059E-1
28 27 4.73296E-1
28 28 7.50972E-1
28 29 6.91685E-1
28 30 4.91376E-1
28 31 2.91408E-1
28 32 1.36276E-1
28 33 4.6723E-2
28 34 1.07189E-2
28 35 1.46495E-3
28 36 1.03408E-4
28 37 3.50964E-6
28 38 1.03772E-7
28 39 3.32252E-9
28 40 0E0
29 1 3.60668E-6
29 2 1.87396E-6
29 3 2.82976E-6
29 4 3.90539E-6
29 5 5.63811E-6
29 6 8.08092E-6
29 7 1.1565E-5
29 8 1.66923E-5
29 9 2.40438E-5
29 10 3.51145E-5
29 11 5.13925E-5
29 12 7.5963E-5
29 13 1.13396E-4
29 14 1.71965E-4
29 15 2.64117E-4
29 16 4.14083E-4
29 17 6.62644E-4
29 18 1.08639E-3
29 19 1.82756E-3
29 20 3.16649E-3
29 21 5.64153E-3
29 22 1.03078E-2
29 23 1.91745E-2
29 24 3.62525E-2
29 25 6.96171E-2
29 26 1.35364E-1
29 27 2.64407E-1
29 28 5.13281E-1
29 29 8.31325E-1
29 30 7.22391E-1
29 31 4.6171E-1
29 32 2.36696E-1
29 33 9.07545E-2
29 34 2.38081E-2
29 35 3.8169E-3
29 36 3.24425E-4
29 37 1.27363E-5
29 38 3.90829E-7
29 39 1.24982E-8
29 40 0E0
30 1 9.07436E-7
30 2 5.14458E-7
30 3 8.19855E-7
30 4 1.18816E-6
30 5 1.7728E-6
30 6 2.58935E-6
30 7 3.73652E-6
30 8 5.41728E-6
30 9 7.8434E-6
30 10 1.15258E-5
30 11 1.69954E-5
30 12 2.53483E-5
30 13 3.82509E-5
30 14 5.87601E-5
30 15 9.16259E-5
30 16 1.46225E-4
30 17 2.38903E-4
30 18 4.01273E-4
30 19 6.94245E-4
30 20 1.24218E-3
30 21 2.28853E-3
30 22 4.31997E-3
30 23 8.30951E-3
30 24 1.62404E-2
30 25 3.22587E-2
30 26 6.52757E-2
30 27 1.3372E-1
30 28 2.74053E-1
30 29 5.54422E-1
30 30 9.11323E-1
30 31 7.43186E-1
30 32 4.21071E-1
30 33 1.8197E-1
30 34 5.49466E-2
30 35 1.03773E-2
30 36 1.06663E-3
30 37 5.05523E-5
30 38 1.45001E-6
30 39 4.7598E-8
30 40 0E0
31 1 1.63292E-7
31 2 9.34741E-8
31 3 1.54652E-7
31 4 2.36575E-7
31 5 3.78692E-7
31 6 5.92878E-7
31 7 9.05708E-7
31 8 1.36155E-6
31 9 2.00343E-6
31 10 2.97032E-6
31 11 4.40975E-6
31 12 6.63004E-6
31 13 1.01007E-5
31 14 1.56929E-5
31 15 2.48025E-5
31 16 4.02166E-5
31 17 6.69237E-5
31 18 1.14797E-4
31 19 2.03473E-4
31 20 3.7447E-4
31 21 7.15473E-4
31 22 1.41724E-3
31 23 2.88188E-3
31 24 5.97342E-3
31 25 1.25803E-2
31 26 2.68603E-2
31 27 5.83918E-2
31 28 1.28284E-1
31 29 2.80291E-1
31 30 5.98106E-1
31 31 9.98811E-1
31 32 7.54383E-1
31 33 3.70348E-1
31 34 1.30418E-1
31 35 2.95272E-2
31 36 3.74341E-3
31 37 2.23306E-4
31 38 6.08589E-6
31 39 1.83243E-7
31 40 0E0
32 1 2.33069E-8
32 2 1.33417E-8
32 3 2.20738E-8
32 4 3.37669E-8
32 5 5.41054E-8
32 6 8.5952E-8
32 7 1.35938E-7
32 8 2.16038E-7
32 9 3.40784E-7
32 10 5.40648E-7
32 11 8.41212E-7
32 12 1.29119E-6
32 13 1.98652E-6
32 14 3.11513E-6
32 15 4.98096E-6
32 16 8.20148E-6
32 17 1.39266E-5
32 18 2.45018E-5
32 19 4.48039E-5
32 20 8.56272E-5
32 21 1.71126E-4
32 22 3.5846E-4
32 23 7.83698E-4
32 24 1.76435E-3
32 25 4.02438E-3
32 26 9.17327E-3
32 27 2.12488E-2
32 28 5.03427E-2
32 29 1.20215E-1
32 30 2.83147E-1
32 31 6.4235E-1
32 32 1.09188E0
32 33 7.5445E-1
32 34 3.12279E-1
32 35 8.60027E-2
32 36 1.37527E-2
32 37 1.07485E-3
32 38 3.35172E-5
32 39 7.72121E-7
32 40 6.83678E-9
33 1 2.9486E-9
33 2 1.68789E-9
33 3 2.79259E-9
33 4 4.27191E-9
33 5 6.84497E-9
33 6 1.0874E-8
33 7 1.71978E-8
33 8 2.73316E-8
33 9 4.31398E-8
33 10 6.8638E-8
33 11 1.08665E-7
33 12 1.72282E-7
33 13 2.75225E-7
33 14 4.47814E-7
33 15 7.37618E-7
33 16 1.23379E-6
33 17 2.1132E-6
33 18 3.79293E-6
33 19 7.15376E-6
33 20 1.42494E-5
33 21 3.00077E-5
33 22 6.69218E-5
33 23 1.57874E-4
33 24 3.91165E-4
33 25 9.94686E-4
33 26 2.48366E-3
33 27 6.19415E-3
33 28 1.58621E-2
33 29 4.17006E-2
33 30 1.09966E-1
33 31 2.82649E-1
33 32 6.86927E-1
33 33 1.18911E0
33 34 7.41346E-1
33 35 2.50628E-1
33 36 5.14083E-2
33 37 5.40075E-3
33 38 2.34563E-4
33 39 4.44814E-6
33 40 1.29067E-7
34 1 5.6866E-10
34 2 3.2552E-10
34 3 5.3857E-10
34 4 8.2386E-10
34 5 1.3201E-9
34 6 2.09711E-9
34 7 3.3167E-9
34 8 5.27107E-9
34 9 8.31977E-9
34 10 1.32373E-8
34 11 2.09568E-8
34 12 3.3209E-8
34 13 5.25746E-8
34 14 8.34616E-8
34 15 1.32103E-7
34 16 2.09543E-7
34 17 3.32484E-7
34 18 5.3673E-7
34 19 9.26681E-7
34 20 1.75418E-6
34 21 3.65501E-6
34 22 8.40058E-6
34 23 2.10396E-5
34 24 5.63419E-5
34 25 1.59319E-4
34 26 4.63607E-4
34 27 1.31468E-3
34 28 3.73153E-3
34 29 1.09432E-2
34 30 3.28392E-2
34 31 9.77891E-2
34 32 2.78687E-1
34 33 7.32121E-1
34 34 1.28938E0
34 35 7.13655E-1
34 36 1.89986E-1
34 37 2.73896E-2
34 38 1.72749E-3
34 39 3.71807E-5
34 40 4.00203E-7
35 1 1.445E-10
35 2 8.2715E-11
35 3 1.3685E-10
35 4 2.0934E-10
35 5 3.3544E-10
35 6 5.3288E-10
35 7 8.4277E-10
35 8 1.33938E-9
35 9 2.11405E-9
35 10 3.36359E-9
35 11 5.32512E-9
35 12 8.43841E-9
35 13 1.33592E-8
35 14 2.12076E-8
35 15 3.35673E-8
35 16 5.32449E-8
35 17 8.43872E-8
35 18 1.33755E-7
35 19 2.11884E-7
35 20 3.43733E-7
35 21 5.84078E-7
35 22 1.046E-6
35 23 2.13252E-6
35 24 5.35777E-6
35 25 1.58447E-5
35 26 4.94614E-5
35 27 1.58647E-4
35 28 5.34271E-4
35 29 1.87921E-3
35 30 6.76655E-3
35 31 2.42942E-2
35 32 8.42025E-2
35 33 2.7112E-1
35 34 7.76854E-1
35 35 1.39142E0
35 36 6.71941E-1
35 37 1.34706E-1
35 38 1.27135E-2
35 39 4.3175E-4
35 40 4.36984E-6
36 1 5.8591E-11
36 2 3.354E-11
36 3 5.5491E-11
36 4 8.4886E-11
36 5 1.3602E-10
36 6 2.1607E-10
36 7 3.4173E-10
36 8 5.431E-10
36 9 8.5722E-10
36 10 1.36389E-9
36 11 2.15927E-9
36 12 3.42167E-9
36 13 5.41699E-9
36 14 8.59942E-9
36 15 1.36111E-8
36 16 2.15901E-8
36 17 3.4218E-8
36 18 5.42362E-8
36 19 8.58981E-8
36 20 1.36214E-7
36 21 2.15834E-7
36 22 3.42143E-7
36 23 5.42376E-7
36 24 8.73524E-7
36 25 1.60202E-6
36 26 4.28293E-6
36 27 1.51397E-5
36 28 5.67173E-5
36 29 2.21414E-4
36 30 9.14159E-4
36 31 3.92707E-3
36 32 1.68891E-2
36 33 6.9374E-2
36 34 2.57995E-1
36 35 8.19985E-1
36 36 1.4962E0
36 37 6.16898E-1
36 38 8.82321E-2
36 39 5.0273E-3
36 40 8.37085E-5
37 1 1.485E-11
37 2 8.5008E-12
37 3 1.4065E-11
37 4 2.1515E-11
37 5 3.4474E-11
37 6 5.4765E-11
37 7 8.6614E-11
37 8 1.3765E-10
37 9 2.1727E-10
37 10 3.4569E-10
37 11 5.4728E-10
37 12 8.6724E-10
37 13 1.37297E-9
37 14 2.17957E-9
37 15 3.44981E-9
37 16 5.47214E-9
37 17 8.67273E-9
37 18 1.37465E-8
37 19 2.17713E-8
37 20 3.45241E-8
37 21 5.47043E-8
37 22 8.6718E-8
37 23 1.37438E-7
37 24 2.17798E-7
37 25 3.46159E-7
37 26 5.74849E-7
37 27 1.22825E-6
37 28 4.23074E-6
37 29 1.81463E-5
37 30 8.32729E-5
37 31 4.03776E-4
37 32 2.08599E-3
37 33 1.0964E-2
37 34 5.47796E-2
37 35 2.40905E-1
37 36 8.61725E-1
37 37 1.60032E0
37 38 5.50815E-1
37 39 5.2918E-2
37 40 1.66427E-3
38 1 9.4809E-12
38 2 5.4272E-12
38 3 8.9793E-12
38 4 1.3736E-11
38 5 2.2009E-11
38 6 3.4964E-11
38 7 5.5298E-11
38 8 8.7882E-11
38 9 1.3871E-10
38 10 2.207E-10
38 11 3.494E-10
38 12 5.5368E-10
38 13 8.7655E-10
38 14 1.39151E-9
38 15 2.20248E-9
38 16 3.4936E-9
38 17 5.53697E-9
38 18 8.7762E-9
38 19 1.38996E-8
38 20 2.20413E-8
38 21 3.49251E-8
38 22 5.53637E-8
38 23 8.77452E-8
38 24 1.3905E-7
38 25 2.20391E-7
38 26 3.49294E-7
38 27 5.56852E-7
38 28 9.82368E-7
38 29 2.2495E-6
38 30 7.1591E-6
38 31 3.0676E-5
38 32 1.64078E-4
38 33 1.01057E-3
38 34 6.60342E-3
38 35 4.12937E-2
38 36 2.20552E-1
38 37 9.01652E-1
38 38 1.70155E0
38 39 4.7771E-1
38 40 2.91466E-2
39 1 6.7732E-12
39 2 3.8772E-12
39 3 6.4148E-12
39 4 9.8129E-12
39 5 1.5723E-11
39 6 2.4978E-11
39 7 3.9505E-11
39 8 6.2783E-11
39 9 9.9096E-11
39 10 1.5767E-10
39 11 2.4961E-10
39 12 3.9555E-10
39 13 6.2621E-10
39 14 9.941E-10
39 15 1.57346E-9
39 16 2.49584E-9
39 17 3.95563E-9
39 18 6.26975E-9
39 19 9.9299E-9
39 20 1.57464E-8
39 21 2.49506E-8
39 22 3.95521E-8
39 23 6.26855E-8
39 24 9.93376E-8
39 25 1.57448E-7
39 26 2.49537E-7
39 27 3.95486E-7
39 28 6.26803E-7
39 29 1.00168E-6
39 30 1.71372E-6
39 31 3.57272E-6
39 32 1.10391E-5
39 33 5.79652E-5
39 34 4.30378E-4
39 35 3.62449E-3
39 36 2.95203E-2
39 37 1.97886E-1
39 38 9.39801E-1
39 39 1.79734E0
39 40 4.16268E-1
40 1 2.1385E-12
40 2 1.2242E-12
40 3 2.0254E-12
40 4 3.0983E-12
40 5 4.9645E-12
40 6 7.8866E-12
40 7 1.2473E-11
40 8 1.9823E-11
40 9 3.1288E-11
40 10 4.9781E-11
40 11 7.8812E-11
40 12 1.2489E-10
40 13 1.9772E-10
40 14 3.1387E-10
40 15 4.968E-10
40 16 7.8803E-10
40 17 1.24893E-9
40 18 1.97958E-9
40 19 3.13522E-9
40 20 4.9717E-9
40 21 7.87779E-9
40 22 1.2488E-8
40 23 1.9792E-8
40 24 3.13644E-8
40 25 4.97119E-8
40 26 7.87877E-8
40 27 1.24869E-7
40 28 1.97904E-7
40 29 3.13654E-7
40 30 4.97305E-7
40 31 7.95437E-7
40 32 1.35922E-6
40 33 3.03747E-6
40 34 1.37178E-5
40 35 1.34818E-4
40 36 1.67616E-3
40 37 1.95559E-2
40 38 1.73703E-1
40 39 9.77015E-1
40 40 2.21992E0
