1 1 1.76675E-1
1 2 6.55551E-2
1 3 8.57772E-2
1 4 1.03553E-1
1 5 1.31023E-1
1 6 1.63774E-1
1 7 2.03345E-1
1 8 2.52928E-1
1 9 3.11366E-1
1 10 3.84506E-1
1 11 4.69549E-1
1 12 5.69743E-1
1 13 6.84276E-1
1 14 8.14098E-1
1 15 9.51319E-1
1 16 1.09328E0
1 17 1.22583E0
1 18 1.33426E0
1 19 1.39803E0
1 20 1.3991E0
1 21 1.31807E0
1 22 1.15315E0
1 23 9.18658E-1
1 24 6.50949E-1
1 25 3.98367E-1
1 26 2.02867E-1
1 27 8.21261E-2
1 28 2.49765E-2
1 29 5.31913E-3
1 30 7.2731E-4
1 31 5.74824E-5
1 32 3.35489E-6
1 33 1.01271E-7
1 34 0E0
1 35 0E0
1 36 0E0
1 37 0E0
1 38 0E0
1 39 0E0
1 40 0E0
2 1 1.4008E-1
2 2 5.70909E-2
2 3 7.67186E-2
2 4 9.27268E-2
2 5 1.17326E-1
2 6 1.46657E-1
2 7 1.82096E-1
2 8 2.26505E-1
2 9 2.78848E-1
2 10 3.44368E-1
2 11 4.20555E-1
2 12 5.10336E-1
2 13 6.12963E-1
2 14 7.29377E-1
2 15 8.52451E-1
2 16 9.79822E-1
2 17 1.09886E0
2 18 1.1964E0
2 19 1.25403E0
2 20 1.25558E0
2 21 1.18357E0
2 22 1.03622E0
2 23 8.26217E-1
2 24 5.86126E-1
2 25 3.59209E-1
2 26 1.83246E-1
2 27 7.4345E-2
2 28 2.26708E-2
2 29 4.84391E-3
2 30 6.6505E-4
2 31 5.2828E-5
2 32 3.09445E-6
2 33 9.41239E-8
2 34 0E0
2 35 0E0
2 36 0E0
2 37 0E0
2 38 0E0
2 39 0E0
2 40 0E0
3 1 1.10143E-1
3 2 4.63918E-2
3 3 6.68088E-2
3 4 8.29156E-2
3 5 1.04996E-1
3 6 1.31247E-1
3 7 1.62967E-1
3 8 2.02718E-1
3 9 2.49575E-1
3 10 3.08236E-1
3 11 3.76458E-1
3 12 4.56869E-1
3 13 5.48792E-1
3 14 6.53142E-1
3 15 7.63499E-1
3 16 8.77778E-1
3 17 9.847E-1
3 18 1.0725E0
3 19 1.12466E0
3 20 1.12671E0
3 21 1.06289E0
3 22 9.31405E-1
3 23 7.43466E-1
3 24 5.28176E-1
3 25 3.24274E-1
3 26 1.65788E-1
3 27 6.74461E-2
3 28 2.06362E-2
3 29 4.42737E-3
3 30 6.10966E-4
3 31 4.88559E-5
3 32 2.87389E-6
3 33 8.82376E-8
3 34 0E0
3 35 0E0
3 36 0E0
3 37 0E0
3 38 0E0
3 39 0E0
3 40 0E0
4 1 8.54892E-2
4 2 3.63414E-2
4 3 5.41847E-2
4 4 7.2422E-2
4 5 9.40304E-2
4 6 1.176E-1
4 7 1.46028E-1
4 8 1.81656E-1
4 9 2.23656E-1
4 10 2.76247E-1
4 11 3.37422E-1
4 12 4.09537E-1
4 13 4.92017E-1
4 14 5.85676E-1
4 15 6.848E-1
4 16 7.87542E-1
4 17 8.83775E-1
4 18 9.63025E-1
4 19 1.01044E0
4 20 1.01301E0
4 21 9.56511E-1
4 22 8.39163E-1
4 23 6.70775E-1
4 24 4.77363E-1
4 25 2.93731E-1
4 26 1.50584E-1
4 27 6.14684E-2
4 28 1.88853E-2
4 29 4.07252E-3
4 30 5.6552E-4
4 31 4.56124E-5
4 32 2.69591E-6
4 33 8.37097E-8
4 34 0E0
4 35 0E0
4 36 0E0
4 37 0E0
4 38 0E0
4 39 0E0
4 40 0E0
5 1 6.84492E-2
5 2 2.87807E-2
5 3 4.28129E-2
5 4 5.88327E-2
5 5 8.23807E-2
5 6 1.05598E-1
5 7 1.31172E-1
5 8 1.63185E-1
5 9 2.0093E-1
5 10 2.48199E-1
5 11 3.03196E-1
5 12 3.68047E-1
5 13 4.42263E-1
5 14 5.2656E-1
5 15 6.15873E-1
5 16 7.08532E-1
5 17 7.95455E-1
5 18 8.6727E-1
5 19 9.10625E-1
5 20 9.13745E-1
5 21 8.63762E-1
5 22 7.5886E-1
5 23 6.0766E-1
5 24 4.3336E-1
5 25 2.67383E-1
5 26 1.37536E-1
5 27 5.6374E-2
5 28 1.74074E-2
5 29 3.77713E-3
5 30 5.28447E-4
5 31 4.30336E-5
5 32 2.55926E-6
5 33 8.05289E-8
5 34 0E0
5 35 0E0
5 36 0E0
5 37 0E0
5 38 0E0
5 39 0E0
5 40 0E0
6 1 5.39495E-2
6 2 2.25739E-2
6 3 3.36356E-2
6 4 4.6282E-2
6 5 6.67309E-2
6 6 9.2672E-2
6 7 1.17953E-1
6 8 1.46784E-1
6 9 1.80751E-1
6 10 2.23298E-1
6 11 2.72816E-1
6 12 3.31226E-1
6 13 3.98115E-1
6 14 4.74134E-1
6 15 5.54763E-1
6 16 6.38511E-1
6 17 7.17248E-1
6 18 7.82532E-1
6 19 8.224E-1
6 20 8.26138E-1
6 21 7.82029E-1
6 22 6.88244E-1
6 23 5.52353E-1
6 24 3.9495E-1
6 25 2.44505E-1
6 26 1.26291E-1
6 27 5.20291E-2
6 28 1.61657E-2
6 29 3.53442E-3
6 30 4.99024E-4
6 31 4.10833E-5
6 32 2.46325E-6
6 33 7.87389E-8
6 34 0E0
6 35 0E0
6 36 0E0
6 37 0E0
6 38 0E0
6 39 0E0
6 40 0E0
7 1 4.11367E-2
7 2 1.71612E-2
7 3 2.58731E-2
7 4 3.59472E-2
7 5 5.21399E-2
7 6 7.47994E-2
7 7 1.03748E-1
7 8 1.32305E-1
7 9 1.62966E-1
7 10 2.01354E-1
7 11 2.46051E-1
7 12 2.98802E-1
7 13 3.59236E-1
7 14 4.27994E-1
7 15 5.00982E-1
7 16 5.76949E-1
7 17 6.48551E-1
7 18 7.08183E-1
7 19 7.45056E-1
7 20 7.49496E-1
7 21 7.10682E-1
7 22 6.26789E-1
7 23 5.04386E-1
7 24 3.61855E-1
7 25 2.24925E-1
7 26 1.16769E-1
7 27 4.84053E-2
7 28 1.51536E-2
7 29 3.34367E-3
7 30 4.77319E-4
7 31 3.98187E-5
7 32 2.41135E-6
7 33 7.84512E-8
7 34 0E0
7 35 0E0
7 36 0E0
7 37 0E0
7 38 0E0
7 39 0E0
7 40 0E0
8 1 3.18208E-2
8 2 1.32829E-2
8 3 2.00448E-2
8 4 2.79289E-2
8 5 4.06118E-2
8 6 5.83775E-2
8 7 8.35018E-2
8 8 1.16607E-1
8 9 1.47287E-1
8 10 1.82032E-1
8 11 2.22489E-1
8 12 2.70267E-1
8 13 3.2504E-1
8 14 3.87421E-1
8 15 4.53734E-1
8 16 5.22912E-1
8 17 5.88318E-1
8 18 6.43081E-1
8 19 6.77447E-1
8 20 6.82676E-1
8 21 6.48676E-1
8 22 5.73601E-1
8 23 4.6309E-1
8 24 3.33593E-1
8 25 2.08383E-1
8 26 1.08851E-1
8 27 4.54627E-2
8 28 1.43627E-2
8 29 3.2042E-3
8 30 4.63467E-4
8 31 3.92734E-5
8 32 2.40558E-6
8 33 7.98578E-8
8 34 0E0
8 35 0E0
8 36 0E0
8 37 0E0
8 38 0E0
8 39 0E0
8 40 0E0
9 1 2.5685E-2
9 2 1.05037E-2
9 3 1.55874E-2
9 4 2.15658E-2
9 5 3.14869E-2
9 6 4.54569E-2
9 7 6.5162E-2
9 8 9.38422E-2
9 9 1.30346E-1
9 10 1.65202E-1
9 11 2.01986E-1
9 12 2.45445E-1
9 13 2.95314E-1
9 14 3.52179E-1
9 15 4.12752E-1
9 16 4.76084E-1
9 17 5.36208E-1
9 18 5.86875E-1
9 19 6.19253E-1
9 20 6.25358E-1
9 21 5.9575E-1
9 22 5.28511E-1
9 23 4.28372E-1
9 24 3.10124E-1
9 25 1.94896E-1
9 26 1.02566E-1
9 27 4.32254E-2
9 28 1.38056E-2
9 29 3.12024E-3
9 30 4.58344E-4
9 31 3.95506E-5
9 32 2.45314E-6
9 33 8.3278E-8
9 34 0E0
9 35 0E0
9 36 0E0
9 37 0E0
9 38 0E0
9 39 0E0
9 40 0E0
10 1 1.9755E-2
10 2 8.06969E-3
10 3 1.2028E-2
10 4 1.66793E-2
10 5 2.43407E-2
10 6 3.51955E-2
10 7 5.05504E-2
10 8 7.28926E-2
10 9 1.04512E-1
10 10 1.46634E-1
10 11 1.84073E-1
10 12 2.23779E-1
10 13 2.69389E-1
10 14 3.21471E-1
10 15 3.7707E-1
10 16 4.35382E-1
10 17 4.91014E-1
10 18 5.38271E-1
10 19 5.69094E-1
10 20 5.76145E-1
10 21 5.50609E-1
10 22 4.90373E-1
10 23 3.99381E-1
10 24 2.90849E-1
10 25 1.84122E-1
10 26 9.77599E-2
10 27 4.16451E-2
10 28 1.34738E-2
10 29 3.09244E-3
10 30 4.62602E-4
10 31 4.07751E-5
10 32 2.56736E-6
10 33 8.94003E-8
10 34 0E0
10 35 0E0
10 36 0E0
10 37 0E0
10 38 0E0
10 39 0E0
10 40 0E0
11 1 1.48896E-2
11 2 6.08219E-3
11 3 9.04655E-3
11 4 1.25192E-2
11 5 1.82885E-2
11 6 2.6633E-2
11 7 3.8575E-2
11 8 5.5956E-2
11 9 8.05549E-2
11 10 1.17038E-1
11 11 1.64045E-1
11 12 2.05137E-1
11 13 2.47108E-1
11 14 2.95117E-1
11 15 3.46496E-1
11 16 4.00587E-1
11 17 4.52477E-1
11 18 4.96991E-1
11 19 5.26698E-1
11 20 5.34819E-1
11 21 5.13048E-1
11 22 4.59048E-1
11 23 3.76039E-1
11 24 2.75777E-1
11 25 1.76097E-1
11 26 9.44884E-2
11 27 4.07668E-2
11 28 1.33919E-2
11 29 3.12978E-3
11 30 4.78312E-4
11 31 4.32218E-5
11 32 2.76987E-6
11 33 9.93004E-8
11 34 0E0
11 35 0E0
11 36 0E0
11 37 0E0
11 38 0E0
11 39 0E0
11 40 0E0
12 1 1.18572E-2
12 2 4.83508E-3
12 3 7.16018E-3
12 4 9.83205E-3
12 5 1.41915E-2
12 6 2.0333E-2
12 7 2.92757E-2
12 8 4.26881E-2
12 9 6.17756E-2
12 10 9.00025E-2
12 11 1.30683E-1
12 12 1.83814E-1
12 13 2.28095E-1
12 14 2.72679E-1
12 15 3.20549E-1
12 16 3.71146E-1
12 17 4.2002E-1
12 18 4.62448E-1
12 19 4.9151E-1
12 20 5.00884E-1
12 21 4.82723E-1
12 22 4.34349E-1
12 23 3.58268E-1
12 24 2.64975E-1
12 25 1.70947E-1
12 26 9.28691E-2
12 27 4.06698E-2
12 28 1.35982E-2
12 29 3.24463E-3
12 30 5.08022E-4
12 31 4.71949E-5
12 32 3.08189E-6
12 33 1.13904E-7
12 34 0E0
12 35 0E0
12 36 0E0
12 37 0E0
12 38 0E0
12 39 0E0
12 40 0E0
13 1 8.45254E-3
13 2 3.45158E-3
13 3 5.11423E-3
13 4 7.01855E-3
13 5 1.01412E-2
13 6 1.46429E-2
13 7 2.12568E-2
13 8 3.12866E-2
13 9 4.59357E-2
13 10 6.7717E-2
13 11 9.9118E-2
13 12 1.45391E-1
13 13 2.05623E-1
13 14 2.54038E-1
13 15 2.9906E-1
13 16 3.46848E-1
13 17 3.93411E-1
13 18 4.3434E-1
13 19 4.63185E-1
13 20 4.73962E-1
13 21 4.59201E-1
13 22 4.15866E-1
13 23 3.45764E-1
13 24 2.58224E-1
13 25 1.68569E-1
13 26 9.28987E-2
13 27 4.13904E-2
13 28 1.41256E-2
13 29 3.45331E-3
13 30 5.56352E-4
13 31 5.33864E-5
13 32 3.5702E-6
13 33 1.36988E-7
13 34 0E0
13 35 0E0
13 36 0E0
13 37 0E0
13 38 0E0
13 39 0E0
13 40 0E0
14 1 6.89734E-3
14 2 2.81409E-3
14 3 4.16729E-3
14 4 5.71577E-3
14 5 8.23365E-3
14 6 1.17879E-2
14 7 1.68839E-2
14 8 2.43848E-2
14 9 3.51251E-2
14 10 5.1505E-2
14 11 7.53041E-2
14 12 1.10361E-1
14 13 1.6222E-1
14 14 2.30378E-1
14 15 2.81046E-1
14 16 3.26665E-1
14 17 3.71544E-1
14 18 4.11613E-1
14 19 4.40795E-1
14 20 4.53346E-1
14 21 4.42105E-1
14 22 4.03562E-1
14 23 3.38781E-1
14 24 2.55992E-1
14 25 1.69471E-1
14 26 9.49763E-2
14 27 4.31657E-2
14 28 1.50774E-2
14 29 3.78633E-3
14 30 6.29089E-4
14 31 6.24478E-5
14 32 4.21143E-6
14 33 1.69809E-7
14 34 0E0
14 35 0E0
14 36 0E0
14 37 0E0
14 38 0E0
14 39 0E0
14 40 0E0
15 1 5.14751E-3
15 2 2.10098E-3
15 3 3.11221E-3
15 4 4.26975E-3
15 5 6.15127E-3
15 6 8.79822E-3
15 7 1.25723E-2
15 8 1.81701E-2
15 9 2.62978E-2
15 10 3.85818E-2
15 11 5.64251E-2
15 12 8.27638E-2
15 13 1.21801E-1
15 14 1.80801E-1
15 15 2.57209E-1
15 16 3.11078E-1
15 17 3.54884E-1
15 18 3.94698E-1
15 19 4.2474E-1
15 20 4.39412E-1
15 21 4.31648E-1
15 22 3.97606E-1
15 23 3.3747E-1
15 24 2.58417E-1
15 25 1.73837E-1
15 26 9.92961E-2
15 27 4.61612E-2
15 28 1.65567E-2
15 29 4.2878E-3
15 30 7.38153E-4
15 31 7.62732E-5
15 32 4.72029E-6
15 33 2.2185E-7
15 34 0E0
15 35 0E0
15 36 0E0
15 37 0E0
15 38 0E0
15 39 0E0
15 40 0E0
16 1 3.69627E-3
16 2 1.50974E-3
16 3 2.23738E-3
16 4 3.07104E-3
16 5 4.42688E-3
16 6 6.3359E-3
16 7 9.05234E-3
16 8 1.3064E-2
16 9 1.88852E-2
16 10 2.7759E-2
16 11 4.08892E-2
16 12 6.05305E-2
16 13 8.97087E-2
16 14 1.33881E-1
16 15 2.0046E-1
16 16 2.8783E-1
16 17 3.43462E-1
16 18 3.83668E-1
16 19 4.15149E-1
16 20 4.32387E-1
16 21 4.28241E-1
16 22 3.98523E-1
16 23 3.42468E-1
16 24 2.66211E-1
16 25 1.82348E-1
16 26 1.0642E-1
16 27 5.07526E-2
16 28 1.87588E-2
16 29 5.03109E-3
16 30 9.01942E-4
16 31 9.76162E-5
16 32 6.0559E-6
16 33 3.06255E-7
16 34 0E0
16 35 0E0
16 36 0E0
16 37 0E0
16 38 0E0
16 39 0E0
16 40 0E0
17 1 2.77337E-3
17 2 1.13295E-3
17 3 1.67893E-3
17 4 2.30463E-3
17 5 3.32243E-3
17 6 4.75511E-3
17 7 6.79433E-3
17 8 9.79329E-3
17 9 1.40984E-2
17 10 2.0596E-2
17 11 3.01421E-2
17 12 4.44098E-2
17 13 6.56915E-2
17 14 9.80242E-2
17 15 1.46932E-1
17 16 2.22572E-1
17 17 3.21078E-1
17 18 3.77464E-1
17 19 4.11085E-1
17 20 4.31594E-1
17 21 4.31575E-1
17 22 4.06437E-1
17 23 3.54337E-1
17 24 2.80251E-1
17 25 1.95981E-1
17 26 1.17213E-1
17 27 5.75293E-2
17 28 2.19889E-2
17 29 6.1296E-3
17 30 1.14853E-3
17 31 1.30678E-4
17 32 8.35018E-6
17 33 4.41914E-7
17 34 0E0
17 35 0E0
17 36 0E0
17 37 0E0
17 38 0E0
17 39 0E0
17 40 0E0
18 1 1.92204E-3
18 2 7.85959E-4
18 3 1.16527E-3
18 4 1.60055E-3
18 5 2.30914E-3
18 6 3.30807E-3
18 7 4.7317E-3
18 8 6.82467E-3
18 9 9.82616E-3
18 10 1.43596E-2
18 11 2.10515E-2
18 12 3.11569E-2
18 13 4.6414E-2
18 14 6.97342E-2
18 15 1.05176E-1
18 16 1.60296E-1
18 17 2.46283E-1
18 18 3.58349E-1
18 19 4.13788E-1
18 20 4.38243E-1
18 21 4.42925E-1
18 22 4.22557E-1
18 23 3.74285E-1
18 24 3.01742E-1
18 25 2.15895E-1
18 26 1.32694E-1
18 27 6.72493E-2
18 28 2.66927E-2
18 29 7.7742E-3
18 30 1.53231E-3
18 31 1.84754E-4
18 32 1.23332E-5
18 33 6.81807E-7
18 34 0E0
18 35 0E0
18 36 0E0
18 37 0E0
18 38 0E0
18 39 0E0
18 40 0E0
19 1 1.23725E-3
19 2 5.06999E-4
19 3 7.52251E-4
19 4 1.03413E-3
19 5 1.49362E-3
19 6 2.14283E-3
19 7 3.0705E-3
19 8 4.4381E-3
19 9 6.4019E-3
19 10 9.36987E-3
19 11 1.37701E-2
19 12 2.0486E-2
19 13 3.08274E-2
19 14 4.70772E-2
19 15 7.21855E-2
19 16 1.11519E-1
19 17 1.73438E-1
19 18 2.72038E-1
19 19 4.00236E-1
19 20 4.53724E-1
19 21 4.63851E-1
19 22 4.48682E-1
19 23 4.04256E-1
19 24 3.32696E-1
19 25 2.44043E-1
19 26 1.5454E-1
19 27 8.11557E-2
19 28 3.36002E-2
19 29 1.02861E-2
19 30 2.14962E-3
19 31 2.77587E-4
19 32 1.98482E-5
19 33 1.13957E-6
19 34 0E0
19 35 0E0
19 36 0E0
19 37 0E0
19 38 0E0
19 39 0E0
19 40 0E0
20 1 8.55708E-4
20 2 3.50714E-4
20 3 5.20505E-4
20 4 7.15761E-4
20 5 1.03404E-3
20 6 1.48407E-3
20 7 2.12767E-3
20 8 3.07731E-3
20 9 4.44197E-3
20 10 6.50039E-3
20 11 9.53048E-3
20 12 1.41053E-2
20 13 2.10603E-2
20 14 3.18505E-2
20 15 4.87686E-2
20 16 7.58892E-2
20 17 1.18965E-1
20 18 1.8815E-1
20 19 3.0009E-1
20 20 4.45515E-1
20 21 4.92746E-1
20 22 4.84518E-1
20 23 4.45274E-1
20 24 3.7536E-1
20 25 2.83354E-1
20 26 1.8564E-1
20 27 1.01466E-1
20 28 4.40029E-2
20 29 1.42122E-2
20 30 3.15657E-3
20 31 4.36548E-4
20 32 3.33856E-5
20 33 1.94596E-6
20 34 0E0
20 35 0E0
20 36 0E0
20 37 0E0
20 38 0E0
20 39 0E0
20 40 0E0
21 1 5.48257E-4
21 2 2.25132E-4
21 3 3.34315E-4
21 4 4.60061E-4
21 5 6.65318E-4
21 6 9.55977E-4
21 7 1.37246E-3
21 8 1.9886E-3
21 9 2.87692E-3
21 10 4.2215E-3
21 11 6.2088E-3
21 12 9.22155E-3
21 13 1.38279E-2
21 14 2.1048E-2
21 15 3.23269E-2
21 16 5.0311E-2
21 17 7.91573E-2
21 18 1.26059E-1
21 19 2.02901E-1
21 20 3.30282E-1
21 21 4.94714E-1
21 22 5.33156E-1
21 23 5.00748E-1
21 24 4.33318E-1
21 25 3.37543E-1
21 26 2.29568E-1
21 27 1.31135E-1
21 28 5.98794E-2
21 29 2.05331E-2
21 30 4.8857E-3
21 31 7.3098E-4
21 32 6.09042E-5
21 33 3.2883E-6
21 34 7.66685E-7
21 35 2.43771E-7
21 36 0E0
21 37 0E0
21 38 0E0
21 39 0E0
21 40 0E0
22 1 3.20102E-4
22 2 1.31877E-4
22 3 1.96014E-4
22 4 2.70061E-4
22 5 3.91104E-4
22 6 5.62953E-4
22 7 8.10003E-4
22 8 1.1768E-3
22 9 1.70808E-3
22 10 2.51645E-3
22 11 3.71909E-3
22 12 5.55447E-3
22 13 8.38143E-3
22 14 1.28472E-2
22 15 1.99031E-2
22 16 3.13094E-2
22 17 4.98571E-2
22 18 8.0455E-2
22 19 1.31406E-1
22 20 2.17399E-1
22 21 3.62665E-1
22 22 5.50126E-1
22 23 5.74694E-1
22 24 5.11357E-1
22 25 4.12006E-1
22 26 2.91799E-1
22 27 1.74934E-1
22 28 8.45726E-2
22 29 3.10037E-2
22 30 7.97385E-3
22 31 1.30484E-3
22 32 1.20298E-4
22 33 6.10386E-6
22 34 1.13888E-6
22 35 2.62076E-8
22 36 0E0
22 37 0E0
22 38 0E0
22 39 0E0
22 40 0E0
23 1 1.67721E-4
23 2 6.94426E-5
23 3 1.03334E-4
23 4 1.4256E-4
23 5 2.06811E-4
23 6 2.98351E-4
23 7 4.30436E-4
23 8 6.27444E-4
23 9 9.1452E-4
23 10 1.35425E-3
23 11 2.01408E-3
23 12 3.03105E-3
23 13 4.61423E-3
23 14 7.14414E-3
23 15 1.12025E-2
23 16 1.78952E-2
23 17 2.90313E-2
23 18 4.7833E-2
23 19 7.98373E-2
23 20 1.35098E-1
23 21 2.30839E-1
23 22 3.97336E-1
23 23 6.11635E-1
23 24 6.16312E-1
23 25 5.14585E-1
23 26 3.80615E-1
23 27 2.40368E-1
23 28 1.23667E-1
23 29 4.88103E-2
23 30 1.3695E-2
23 31 2.4811E-3
23 32 2.57387E-4
23 33 1.38672E-5
23 34 9.62488E-7
23 35 8.22241E-9
23 36 0E0
23 37 0E0
23 38 0E0
23 39 0E0
23 40 0E0
24 1 8.30059E-5
24 2 3.45131E-5
24 3 5.14177E-5
24 4 7.10504E-5
24 5 1.0327E-4
24 6 1.49334E-4
24 7 2.16106E-4
24 8 3.16191E-4
24 9 4.62932E-4
24 10 6.89292E-4
24 11 1.03194E-3
24 12 1.5654E-3
24 13 2.40548E-3
24 14 3.76451E-3
24 15 5.9746E-3
24 16 9.67459E-3
24 17 1.59362E-2
24 18 2.67169E-2
24 19 4.5506E-2
24 20 7.87884E-2
24 21 1.38078E-1
24 22 2.44353E-1
24 23 4.34169E-1
24 24 6.7754E-1
24 25 6.55016E-1
24 26 5.07833E-1
24 27 3.39605E-1
24 28 1.87035E-1
24 29 8.00062E-2
24 30 2.46702E-2
24 31 4.98741E-3
24 32 5.86831E-4
24 33 3.52358E-5
24 34 1.71759E-6
24 35 2.64955E-8
24 36 7.8569E-10
24 37 0E0
24 38 0E0
24 39 0E0
24 40 0E0
25 1 3.55831E-5
25 2 1.50858E-5
25 3 2.25126E-5
25 4 3.11686E-5
25 5 4.54126E-5
25 6 6.58641E-5
25 7 9.56605E-5
25 8 1.40598E-4
25 9 2.07E-4
25 10 3.1032E-4
25 11 4.68419E-4
25 12 7.17588E-4
25 13 1.11582E-3
25 14 1.77096E-3
25 15 2.8575E-3
25 16 4.71493E-3
25 17 7.92547E-3
25 18 1.35805E-2
25 19 2.3696E-2
25 20 4.21546E-2
25 21 7.61482E-2
25 22 1.39315E-1
25 23 2.56651E-1
25 24 4.72895E-1
25 25 7.4928E-1
25 26 6.89996E-1
25 27 4.90249E-1
25 28 2.90678E-1
25 29 1.3577E-1
25 30 4.64326E-2
25 31 1.05951E-2
25 32 1.43441E-3
25 33 9.96389E-5
25 34 3.41222E-6
25 35 9.48705E-8
25 36 2.89432E-9
25 37 0E0
25 38 0E0
25 39 0E0
25 40 0E0
26 1 1.23011E-5
26 2 5.46374E-6
26 3 8.15314E-6
26 4 1.12867E-5
26 5 1.64431E-5
26 6 2.38486E-5
26 7 3.46441E-5
26 8 5.09492E-5
26 9 7.51035E-5
26 10 1.12842E-4
26 11 1.70991E-4
26 12 2.63582E-4
26 13 4.13733E-4
26 14 6.65716E-4
26 15 1.09494E-3
26 16 1.85476E-3
26 17 3.22881E-3
26 18 5.75978E-3
26 19 1.0478E-2
26 20 1.943E-2
26 21 3.6603E-2
26 22 7.00986E-2
26 23 1.35962E-1
26 24 2.64831E-1
26 25 5.12908E-1
26 26 8.30175E-1
26 27 7.21711E-1
26 28 4.61025E-1
26 29 2.36046E-1
26 30 9.02881E-2
26 31 2.35935E-2
26 32 3.76316E-3
26 33 3.17916E-4
26 34 1.23745E-5
26 35 3.82859E-7
26 36 1.2203E-8
26 37 0E0
26 38 0E0
26 39 0E0
26 40 0E0
27 1 3.50651E-6
27 2 1.74313E-6
27 3 2.63751E-6
27 4 3.67107E-6
27 5 5.37296E-6
27 6 7.83602E-6
27 7 1.1459E-5
27 8 1.69843E-5
27 9 2.52713E-5
27 10 3.83872E-5
27 11 5.8903E-5
27 12 9.20988E-5
27 13 1.4688E-4
27 14 2.40539E-4
27 15 4.03411E-4
27 16 6.98246E-4
27 17 1.24589E-3
27 18 2.2909E-3
27 19 4.31363E-3
27 20 8.29555E-3
27 21 1.62117E-2
27 22 3.22564E-2
27 23 6.53283E-2
27 24 1.33852E-1
27 25 2.74307E-1
27 26 5.54738E-1
27 27 9.10772E-1
27 28 7.42217E-1
27 29 4.20267E-1
27 30 1.81378E-1
27 31 5.46274E-2
27 32 1.02678E-2
27 33 1.04672E-3
27 34 4.9029E-5
27 35 1.39946E-6
27 36 4.55543E-8
27 37 0E0
27 38 0E0
27 39 0E0
27 40 0E0
28 1 5.92738E-7
28 2 3.39305E-7
28 3 5.61364E-7
28 4 8.50083E-7
28 5 1.30497E-6
28 6 1.94905E-6
28 7 2.89624E-6
28 8 4.33768E-6
28 9 6.49608E-6
28 10 9.93654E-6
28 11 1.53805E-5
28 12 2.43131E-5
28 13 3.93083E-5
28 14 6.54739E-5
28 15 1.12131E-4
28 16 1.99205E-4
28 17 3.67221E-4
28 18 7.04715E-4
28 19 1.40314E-3
28 20 2.87173E-3
28 21 5.96813E-3
28 22 1.25276E-2
28 23 2.67065E-2
28 24 5.81163E-2
28 25 1.27877E-1
28 26 2.79818E-1
28 27 5.97843E-1
28 28 9.9907E-1
28 29 7.53961E-1
28 30 3.69362E-1
28 31 1.29715E-1
28 32 2.92708E-2
28 33 3.6995E-3
28 34 2.2051E-4
28 35 6.14978E-6
28 36 1.8813E-7
28 37 0E0
28 38 0E0
28 39 0E0
28 40 0E0
29 1 8.9531E-8
29 2 5.12508E-8
29 3 8.47939E-8
29 4 1.29712E-7
29 5 2.0784E-7
29 6 3.30175E-7
29 7 5.22204E-7
29 8 8.30862E-7
29 9 1.31058E-6
29 10 2.0579E-6
29 11 3.20202E-6
29 12 5.0198E-6
29 13 8.02455E-6
29 14 1.32671E-5
29 15 2.27E-5
29 16 4.0672E-5
29 17 7.65574E-5
29 18 1.52242E-4
29 19 3.20139E-4
29 20 7.1211E-4
29 21 1.66083E-3
29 22 3.92125E-3
29 23 9.08598E-3
29 24 2.10389E-2
29 25 4.94026E-2
29 26 1.17821E-1
29 27 2.79562E-1
29 28 6.40676E-1
29 29 1.0963E0
29 30 7.54605E-1
29 31 3.10343E-1
29 32 8.51091E-2
29 33 1.36331E-2
29 34 1.07767E-3
29 35 3.46312E-5
29 36 8.40364E-7
29 37 4.063E-9
29 38 0E0
29 39 0E0
29 40 0E0
30 1 1.27655E-8
30 2 7.30742E-9
30 3 1.209E-8
30 4 1.84945E-8
30 5 2.96341E-8
30 6 4.70769E-8
30 7 7.44548E-8
30 8 1.18327E-7
30 9 1.86766E-7
30 10 2.97157E-7
30 11 4.7138E-7
30 12 7.6193E-7
30 13 1.24887E-6
30 14 2.12091E-6
30 15 3.75678E-6
30 16 7.0589E-6
30 17 1.40558E-5
30 18 2.97563E-5
30 19 6.72364E-5
30 20 1.62277E-4
30 21 4.04885E-4
30 22 1.01172E-3
30 23 2.52042E-3
30 24 6.30444E-3
30 25 1.60013E-2
30 26 4.16159E-2
30 27 1.09249E-1
30 28 2.809E-1
30 29 6.84688E-1
30 30 1.19004E0
30 31 7.41065E-1
30 32 2.49145E-1
30 33 5.08612E-2
30 34 5.34725E-3
30 35 2.35696E-4
30 36 4.28191E-6
30 37 6.89392E-8
30 38 0E0
30 39 0E0
30 40 0E0
31 1 2.77865E-9
31 2 1.5906E-9
31 3 2.63163E-9
31 4 4.02568E-9
31 5 6.45044E-9
31 6 1.02472E-8
31 7 1.62065E-8
31 8 2.57562E-8
31 9 4.06532E-8
31 10 6.46818E-8
31 11 1.02402E-7
31 12 1.62271E-7
31 13 2.56897E-7
31 14 4.07822E-7
31 15 6.45536E-7
31 16 1.03075E-6
31 17 1.78232E-6
31 18 3.56769E-6
31 19 8.02692E-6
31 20 2.00335E-5
31 21 5.46211E-5
31 22 1.57479E-4
31 23 4.57864E-4
31 24 1.33203E-3
31 25 3.87959E-3
31 26 1.11769E-2
31 27 3.28278E-2
31 28 9.6992E-2
31 29 2.76699E-1
31 30 7.30123E-1
31 31 1.28965E0
31 32 7.12415E-1
31 33 1.88652E-1
31 34 2.70833E-2
31 35 1.71242E-3
31 36 3.75871E-5
31 37 3.27694E-7
31 38 0E0
31 39 0E0
31 40 0E0
32 1 6.7832E-10
32 2 3.8829E-10
32 3 6.4243E-10
32 4 9.8274E-10
32 5 1.57467E-9
32 6 2.50153E-9
32 7 3.95631E-9
32 8 6.28757E-9
32 9 9.92421E-9
32 10 1.579E-8
32 11 2.49982E-8
32 12 3.96133E-8
32 13 6.27134E-8
32 14 9.95569E-8
32 15 1.57578E-7
32 16 2.49953E-7
32 17 3.9615E-7
32 18 6.28739E-7
32 19 1.03722E-6
32 20 2.0191E-6
32 21 5.05038E-6
32 22 1.57126E-5
32 23 5.49403E-5
32 24 1.96529E-4
32 25 6.82694E-4
32 26 2.20965E-3
32 27 7.21883E-3
32 28 2.44804E-2
32 29 8.31786E-2
32 30 2.68052E-1
32 31 7.74317E-1
32 32 1.3921E0
32 33 6.69747E-1
32 34 1.33497E-1
32 35 1.25714E-2
32 36 4.30358E-4
32 37 4.27285E-6
32 38 0E0
32 39 0E0
32 40 0E0
33 1 1.3052E-10
33 2 7.4716E-11
33 3 1.2362E-10
33 4 1.891E-10
33 5 3.03E-10
33 6 4.8135E-10
33 7 7.6128E-10
33 8 1.20986E-9
33 9 1.90962E-9
33 10 3.03833E-9
33 11 4.81018E-9
33 12 7.62242E-9
33 13 1.20674E-8
33 14 1.91568E-8
33 15 3.03213E-8
33 16 4.80961E-8
33 17 7.6227E-8
33 18 1.20821E-7
33 19 1.91354E-7
33 20 3.06208E-7
33 21 5.48244E-7
33 22 1.27021E-6
33 23 4.17942E-6
33 24 1.73495E-5
33 25 7.64554E-5
33 26 2.94911E-4
33 27 1.08846E-3
33 28 4.21275E-3
33 29 1.7092E-2
33 30 6.87525E-2
33 31 2.55575E-1
33 32 8.17336E-1
33 33 1.49471E0
33 34 6.14104E-1
33 35 8.74322E-2
33 36 4.96703E-3
33 37 8.13028E-5
33 38 6.88127E-7
33 39 1.56392E-7
33 40 0E0
34 1 3.6804E-11
34 2 2.1068E-11
34 3 3.4857E-11
34 4 5.3322E-11
34 5 8.5439E-11
34 6 1.3573E-10
34 7 2.1466E-10
34 8 3.4115E-10
34 9 5.3847E-10
34 10 8.5674E-10
34 11 1.35636E-9
34 12 2.14934E-9
34 13 3.40271E-9
34 14 5.40176E-9
34 15 8.54988E-9
34 16 1.35619E-8
34 17 2.14942E-8
34 18 3.40687E-8
34 19 5.39573E-8
34 20 8.55631E-8
34 21 1.35577E-7
34 22 2.15068E-7
34 23 3.70208E-7
34 24 8.90792E-7
34 25 3.66523E-6
34 26 1.95878E-5
34 27 9.25672E-5
34 28 4.28426E-4
34 29 2.11705E-3
34 30 1.08912E-2
34 31 5.42205E-2
34 32 2.39387E-1
34 33 8.59693E-1
34 34 1.59541E0
34 35 5.47796E-1
34 36 5.24703E-2
34 37 1.62214E-3
34 38 1.17539E-5
34 39 6.42918E-7
34 40 0E0
35 1 4.0022E-11
35 2 2.291E-11
35 3 3.7904E-11
35 4 5.7983E-11
35 5 9.2908E-11
35 6 1.4759E-10
35 7 2.3343E-10
35 8 3.7098E-10
35 9 5.8554E-10
35 10 9.3164E-10
35 11 1.47494E-9
35 12 2.33724E-9
35 13 3.70019E-9
35 14 5.87401E-9
35 15 9.29736E-9
35 16 1.47476E-8
35 17 2.33733E-8
35 18 3.70471E-8
35 19 5.86745E-8
35 20 9.30435E-8
35 21 1.4743E-7
35 22 2.33708E-7
35 23 3.704E-7
35 24 5.86973E-7
35 25 9.30213E-7
35 26 1.49498E-6
35 27 3.15461E-6
35 28 1.44135E-5
35 29 1.05144E-4
35 30 8.15386E-4
35 31 6.0813E-3
35 32 4.0442E-2
35 33 2.20258E-1
35 34 9.00286E-1
35 35 1.69222E0
35 36 4.74936E-1
35 37 2.84277E-2
35 38 4.22246E-4
35 39 1.83044E-6
35 40 3.2665E-10
36 1 2.4642E-11
36 2 1.4106E-11
36 3 2.3338E-11
36 4 3.5701E-11
36 5 5.7204E-11
36 6 9.0874E-11
36 7 1.4372E-10
36 8 2.2841E-10
36 9 3.6052E-10
36 10 5.7361E-10
36 11 9.0812E-10
36 12 1.43905E-9
36 13 2.27822E-9
36 14 3.61666E-9
36 15 5.72443E-9
36 16 9.08017E-9
36 17 1.43911E-8
36 18 2.28101E-8
36 19 3.61262E-8
36 20 5.72874E-8
36 21 9.07734E-8
36 22 1.43895E-7
36 23 2.28057E-7
36 24 3.61402E-7
36 25 5.72815E-7
36 26 9.07868E-7
36 27 1.44067E-6
36 28 2.33126E-6
36 29 5.11033E-6
36 30 3.13828E-5
36 31 3.16862E-4
36 32 3.23092E-3
36 33 2.8694E-2
36 34 1.97307E-1
36 35 9.36874E-1
36 36 1.78563E0
36 37 3.99507E-1
36 38 1.36804E-2
36 39 8.51831E-5
36 40 1.12163E-7
37 1 8.6645E-12
37 2 4.9599E-12
37 3 8.2061E-12
37 4 1.2553E-11
37 5 2.0114E-11
37 6 3.1953E-11
37 7 5.0536E-11
37 8 8.0314E-11
37 9 1.2677E-10
37 10 2.0169E-10
37 11 3.1931E-10
37 12 5.06E-10
37 13 8.0107E-10
37 14 1.27169E-9
37 15 2.01282E-9
37 16 3.19277E-9
37 17 5.06018E-9
37 18 8.02049E-9
37 19 1.27027E-8
37 20 2.01434E-8
37 21 3.19177E-8
37 22 5.05964E-8
37 23 8.01895E-8
37 24 1.27076E-7
37 25 2.01413E-7
37 26 3.19217E-7
37 27 5.0586E-7
37 28 8.00668E-7
37 29 1.26501E-6
37 30 2.23749E-6
37 31 9.59939E-6
37 32 1.1226E-4
37 33 1.57492E-3
37 34 1.92594E-2
37 35 1.7274E-1
37 36 9.70594E-1
37 37 1.87217E0
37 38 3.26046E-1
37 39 5.7644E-3
37 40 1.29942E-5
38 1 8.8415E-12
38 2 5.0612E-12
38 3 8.3737E-12
38 4 1.2809E-11
38 5 2.0525E-11
38 6 3.2606E-11
38 7 5.1568E-11
38 8 8.1955E-11
38 9 1.2936E-10
38 10 2.0581E-10
38 11 3.2584E-10
38 12 5.1634E-10
38 13 8.1743E-10
38 14 1.29767E-9
38 15 2.05394E-9
38 16 3.25799E-9
38 17 5.16355E-9
38 18 8.18432E-9
38 19 1.29622E-8
38 20 2.05549E-8
38 21 3.25697E-8
38 22 5.16299E-8
38 23 8.18276E-8
38 24 1.29672E-7
38 25 2.05528E-7
38 26 3.25738E-7
38 27 5.16255E-7
38 28 8.18304E-7
38 29 1.29826E-6
38 30 2.06358E-6
38 31 3.31465E-6
38 32 6.56939E-6
38 33 4.13099E-5
38 34 7.08398E-4
38 35 1.21995E-2
38 36 1.47851E-1
38 37 1.00133E0
38 38 1.95012E0
38 39 2.58614E-1
38 40 2.07728E-3
39 1 3.1972E-12
39 2 1.8302E-12
39 3 3.028E-12
39 4 4.6321E-12
39 5 7.4221E-12
39 6 1.1791E-11
39 7 1.8648E-11
39 8 2.9636E-11
39 9 4.6777E-11
39 10 7.4425E-11
39 11 1.1783E-10
39 12 1.8671E-10
39 13 2.9559E-10
39 14 4.6925E-10
39 15 7.4273E-10
39 16 1.17813E-9
39 17 1.86721E-9
39 18 2.95956E-9
39 19 4.68729E-9
39 20 7.43291E-9
39 21 1.17776E-8
39 22 1.86701E-8
39 23 2.95899E-8
39 24 4.68911E-8
39 25 7.43215E-8
39 26 1.17791E-7
39 27 1.86685E-7
39 28 2.95875E-7
39 29 4.69276E-7
39 30 7.48662E-7
39 31 1.20992E-6
39 32 1.98853E-6
39 33 3.60319E-6
39 34 1.45728E-5
39 35 2.8271E-4
39 36 7.19409E-3
39 37 1.2365E-1
39 38 1.02992E0
39 39 2.0181E0
39 40 2.00354E-1
40 1 1.6563E-12
40 2 0E0
40 3 1.5687E-12
40 4 2.3996E-12
40 5 3.845E-12
40 6 6.1082E-12
40 7 9.6604E-12
40 8 1.5353E-11
40 9 2.4233E-11
40 10 3.8556E-11
40 11 6.104E-11
40 12 9.6727E-11
40 13 1.5313E-10
40 14 2.431E-10
40 15 3.8477E-10
40 16 6.1033E-10
40 17 9.673E-10
40 18 1.5332E-9
40 19 2.42824E-9
40 20 3.85061E-9
40 21 6.10139E-9
40 22 9.672E-9
40 23 1.5329E-8
40 24 2.42919E-8
40 25 3.85021E-8
40 26 6.10214E-8
40 27 9.67116E-8
40 28 1.53277E-7
40 29 2.42927E-7
40 30 3.84997E-7
40 31 6.09831E-7
40 32 9.64616E-7
40 33 1.5237E-6
40 34 2.40518E-6
40 35 4.7469E-6
40 36 8.18769E-5
40 37 3.72072E-3
40 38 1.00447E-1
40 39 1.05768E0
40 40 2.22602E0
