1 1 1.11634E-1
1 2 4.14587E-2
1 3 5.46317E-2
1 4 6.61854E-2
1 5 8.41076E-2
1 6 1.05713E-1
1 7 1.32168E-1
1 8 1.65837E-1
1 9 2.06405E-1
1 10 2.58443E-1
1 11 3.21148E-1
1 12 3.9831E-1
1 13 4.91746E-1
1 14 6.05772E-1
1 15 7.3957E-1
1 16 8.98011E-1
1 17 1.07894E0
1 18 1.28092E0
1 19 1.49687E0
1 20 1.71825E0
1 21 1.92418E0
1 22 2.09202E0
1 23 2.18949E0
1 24 2.18477E0
1 25 2.05328E0
1 26 1.78986E0
1 27 1.41985E0
1 28 1.00071E0
1 29 6.082E-1
1 30 3.0714E-1
1 31 1.23057E-1
1 32 3.69357E-2
1 33 7.73969E-3
1 34 1.03739E-3
1 35 7.99388E-5
1 36 3.5707E-6
1 37 1.36966E-7
1 38 0E0
1 39 0E0
1 40 0E0
2 1 8.90334E-2
2 2 3.57759E-2
2 3 4.86138E-2
2 4 5.91388E-2
2 5 7.51531E-2
2 6 9.44586E-2
2 7 1.18098E-1
2 8 1.48183E-1
2 9 1.84434E-1
2 10 2.30934E-1
2 11 2.86968E-1
2 12 3.55922E-1
2 13 4.39417E-1
2 14 5.41324E-1
2 15 6.60889E-1
2 16 8.02534E-1
2 17 9.64255E-1
2 18 1.1448E0
2 19 1.33786E0
2 20 1.53585E0
2 21 1.72009E0
2 22 1.87027E0
2 23 1.95772E0
2 24 1.95388E0
2 25 1.83672E0
2 26 1.60157E0
2 27 1.27097E0
2 28 8.96207E-1
2 29 5.45014E-1
2 30 2.75435E-1
2 31 1.10451E-1
2 32 3.3188E-2
2 33 6.96455E-3
2 34 9.35109E-4
2 35 7.22221E-5
2 36 3.23279E-6
2 37 1.24342E-7
2 38 0E0
2 39 0E0
2 40 0E0
3 1 7.02888E-2
3 2 2.93608E-2
3 3 4.19602E-2
3 4 5.26257E-2
3 5 6.70688E-2
3 6 8.42991E-2
3 7 1.05397E-1
3 8 1.32247E-1
3 9 1.646E-1
3 10 2.06102E-1
3 11 2.56115E-1
3 12 3.17661E-1
3 13 3.92185E-1
3 14 4.8315E-1
3 15 5.89878E-1
3 16 7.16341E-1
3 17 8.60753E-1
3 18 1.02196E0
3 19 1.19438E0
3 20 1.37127E0
3 21 1.53595E0
3 22 1.67027E0
3 23 1.74871E0
3 24 1.7457E0
3 25 1.64151E0
3 26 1.43189E0
3 27 1.13686E0
3 28 8.02126E-1
3 29 4.88168E-1
3 30 2.46935E-1
3 31 9.91317E-2
3 32 2.98292E-2
3 33 6.27096E-3
3 34 8.4379E-4
3 35 6.53556E-5
3 36 3.10954E-6
3 37 1.1321E-7
3 38 0E0
3 39 0E0
3 40 0E0
4 1 5.47415E-2
4 2 2.31621E-2
4 3 3.43525E-2
4 4 4.55567E-2
4 5 5.97619E-2
4 6 7.52721E-2
4 7 9.41118E-2
4 8 1.18089E-1
4 9 1.46979E-1
4 10 1.8404E-1
4 11 2.28704E-1
4 12 2.83668E-1
4 13 3.5023E-1
4 14 4.31467E-1
4 15 5.26804E-1
4 16 6.39756E-1
4 17 7.68816E-1
4 18 9.12864E-1
4 19 1.06696E0
4 20 1.22513E0
4 21 1.37246E0
4 22 1.49281E0
4 23 1.56326E0
4 24 1.56103E0
4 25 1.46839E0
4 26 1.28146E0
4 27 1.01804E0
4 28 7.1884E-1
4 29 4.37895E-1
4 30 2.21756E-1
4 31 8.91494E-2
4 32 2.68746E-2
4 33 5.66212E-3
4 34 7.63879E-4
4 35 5.93752E-5
4 36 3.23984E-6
4 37 1.0364E-7
4 38 0E0
4 39 0E0
4 40 0E0
5 1 4.39816E-2
5 2 1.84067E-2
5 3 2.73199E-2
5 4 3.73501E-2
5 5 5.19122E-2
5 6 6.72198E-2
5 7 8.41745E-2
5 8 1.05621E-1
5 9 1.31463E-1
5 10 1.64613E-1
5 11 2.04567E-1
5 12 2.53736E-1
5 13 3.13285E-1
5 14 3.85967E-1
5 15 4.71272E-1
5 16 5.72338E-1
5 17 6.87871E-1
5 18 8.16836E-1
5 19 9.54834E-1
5 20 1.09653E0
5 21 1.22862E0
5 22 1.33668E0
5 23 1.40017E0
5 24 1.3987E0
5 25 1.3163E0
5 26 1.14938E0
5 27 9.13767E-1
5 28 6.45825E-1
5 29 3.93873E-1
5 30 1.99744E-1
5 31 8.04413E-2
5 32 2.43032E-2
5 33 5.13404E-3
5 34 6.94912E-4
5 35 5.42436E-5
5 36 3.1952E-6
5 37 9.55756E-8
5 38 0E0
5 39 0E0
5 40 0E0
6 1 3.48337E-2
6 2 1.45066E-2
6 3 2.15593E-2
6 4 2.95806E-2
6 5 4.24264E-2
6 6 5.8493E-2
6 7 7.52144E-2
6 8 9.4488E-2
6 9 1.17608E-1
6 10 1.47268E-1
6 11 1.83015E-1
6 12 2.27012E-1
6 13 2.80297E-1
6 14 3.4535E-1
6 15 4.21696E-1
6 16 5.1217E-1
6 17 6.15603E-1
6 18 7.31135E-1
6 19 8.54791E-1
6 20 9.81804E-1
6 21 1.10033E0
6 22 1.19744E0
6 23 1.25479E0
6 24 1.25407E0
6 25 1.18091E0
6 26 1.0319E0
6 27 8.21093E-1
6 28 5.81012E-1
6 29 3.54858E-1
6 30 1.80279E-1
6 31 7.27637E-2
6 32 2.20437E-2
6 33 4.67222E-3
6 34 6.35038E-4
6 35 4.98326E-5
6 36 2.94615E-6
6 37 8.8815E-8
6 38 0E0
6 39 0E0
6 40 0E0
7 1 2.67467E-2
7 2 1.11013E-2
7 3 1.66897E-2
7 4 2.31105E-2
7 5 3.33905E-2
7 6 4.76243E-2
7 7 6.5593E-2
7 8 8.45428E-2
7 9 1.05306E-1
7 10 1.31866E-1
7 11 1.6388E-1
7 12 2.03285E-1
7 13 2.51013E-1
7 14 3.09286E-1
7 15 3.7769E-1
7 16 4.58765E-1
7 17 5.5146E-1
7 18 6.55083E-1
7 19 7.66016E-1
7 20 8.80053E-1
7 21 9.86567E-1
7 22 1.07403E0
7 23 1.12598E0
7 24 1.126E0
7 25 1.06111E0
7 26 9.28086E-1
7 27 7.3929E-1
7 28 5.23886E-1
7 29 3.20544E-1
7 30 1.63207E-1
7 31 6.60545E-2
7 32 2.00787E-2
7 33 4.27341E-3
7 34 5.8383E-4
7 35 4.61427E-5
7 36 2.73849E-6
7 37 8.33373E-8
7 38 0E0
7 39 0E0
7 40 0E0
8 1 2.08509E-2
8 2 8.65687E-3
8 3 1.30281E-2
8 4 1.8091E-2
8 5 2.61999E-2
8 6 3.74756E-2
8 7 5.32493E-2
8 8 7.3836E-2
8 9 9.4329E-2
8 10 1.18181E-1
8 11 1.46877E-1
8 12 1.82203E-1
8 13 2.24994E-1
8 14 2.77246E-1
8 15 3.38598E-1
8 16 4.11325E-1
8 17 4.94507E-1
8 18 5.87543E-1
8 19 6.8721E-1
8 20 7.89754E-1
8 21 8.85644E-1
8 22 9.64594E-1
8 23 1.01184E0
8 24 1.01259E0
8 25 9.55132E-1
8 26 8.36362E-1
8 27 6.67158E-1
8 28 4.73604E-1
8 29 2.90426E-1
8 30 1.48278E-1
8 31 6.02167E-2
8 32 1.83805E-2
8 33 3.93211E-3
8 34 5.40585E-4
8 35 4.30824E-5
8 36 2.56953E-6
8 37 7.90983E-8
8 38 0E0
8 39 0E0
8 40 0E0
9 1 1.69889E-2
9 2 6.91292E-3
9 3 1.02303E-2
9 4 1.41048E-2
9 5 2.05064E-2
9 6 2.94542E-2
9 7 4.19631E-2
9 8 5.9958E-2
9 9 8.26508E-2
9 10 1.06101E-1
9 11 1.31916E-1
9 12 1.63652E-1
9 13 2.02102E-1
9 14 2.49061E-1
9 15 3.04211E-1
9 16 3.69598E-1
9 17 4.44444E-1
9 18 5.28168E-1
9 19 6.1797E-1
9 20 7.10436E-1
9 21 7.97046E-1
9 22 8.68579E-1
9 23 9.11798E-1
9 24 9.13305E-1
9 25 8.62455E-1
9 26 7.56297E-1
9 27 6.0438E-1
9 28 4.29955E-1
9 29 2.64391E-1
9 30 1.35443E-1
9 31 5.5235E-2
9 32 1.69464E-2
9 33 3.64818E-3
9 34 5.05369E-4
9 35 4.06578E-5
9 36 2.4403E-6
9 37 7.61507E-8
9 38 0E0
9 39 0E0
9 40 0E0
10 1 1.32288E-2
10 2 5.37555E-3
10 3 7.98864E-3
10 4 1.10378E-2
10 5 1.60379E-2
10 6 2.30688E-2
10 7 3.29257E-2
10 8 4.71182E-2
10 9 6.6917E-2
10 10 9.31117E-2
10 11 1.1861E-1
10 12 1.47191E-1
10 13 1.81791E-1
10 14 2.24055E-1
10 15 2.73705E-1
10 16 3.32605E-1
10 17 4.00044E-1
10 18 4.75545E-1
10 19 5.56609E-1
10 20 6.40187E-1
10 21 7.18638E-1
10 22 7.83675E-1
10 23 8.23413E-1
10 24 8.25693E-1
10 25 7.80822E-1
10 26 6.8591E-1
10 27 5.49359E-1
10 28 3.91858E-1
10 29 2.41781E-1
10 30 1.24378E-1
10 31 5.0983E-2
10 32 1.574E-2
10 33 3.41444E-3
10 34 4.77363E-4
10 35 3.88349E-5
10 36 2.34992E-6
10 37 7.4538E-8
10 38 0E0
10 39 0E0
10 40 0E0
11 1 1.0133E-2
11 2 4.1162E-3
11 3 6.10378E-3
11 4 8.41449E-3
11 5 1.22352E-2
11 6 1.7718E-2
11 7 2.54925E-2
11 8 3.66865E-2
11 9 5.2312E-2
11 10 7.51176E-2
11 11 1.04305E-1
11 12 1.32674E-1
11 13 1.63906E-1
11 14 2.02041E-1
11 15 2.46855E-1
11 16 3.00048E-1
11 17 3.60987E-1
11 18 4.29278E-1
11 19 5.02663E-1
11 20 5.78483E-1
11 21 6.49832E-1
11 22 7.09244E-1
11 23 7.46006E-1
11 24 7.49134E-1
11 25 7.09642E-1
11 26 6.24725E-1
11 27 5.01717E-1
11 28 3.59066E-1
11 29 2.22461E-1
11 30 1.15026E-1
11 31 4.74449E-2
11 32 1.47597E-2
11 33 3.23153E-3
11 34 4.56845E-4
11 35 3.76636E-5
11 36 2.30112E-6
11 37 7.44331E-8
11 38 0E0
11 39 0E0
11 40 0E0
12 1 8.21959E-3
12 2 3.33391E-3
12 3 4.92257E-3
12 4 6.73477E-3
12 5 9.67806E-3
12 6 1.37897E-2
12 7 1.97162E-2
12 8 2.85042E-2
12 9 4.08358E-2
12 10 5.87858E-2
12 11 8.41349E-2
12 12 1.17079E-1
12 13 1.48241E-1
12 14 1.82783E-1
12 15 2.23375E-1
12 16 2.71587E-1
12 17 3.26864E-1
12 18 3.88867E-1
12 19 4.55594E-1
12 20 5.24696E-1
12 21 5.89927E-1
12 22 6.44545E-1
12 23 6.78832E-1
12 24 6.8289E-1
12 25 6.48275E-1
12 26 5.72223E-1
12 27 4.61073E-1
12 28 3.31343E-1
12 29 2.06313E-1
12 30 1.07344E-1
12 31 4.46124E-2
12 32 1.40064E-2
12 33 3.10064E-3
12 34 4.44146E-4
12 35 3.71919E-5
12 36 2.29639E-6
12 37 7.59513E-8
12 38 0E0
12 39 0E0
12 40 0E0
13 1 6.0264E-3
13 2 2.44576E-3
13 3 3.61157E-3
13 4 4.93577E-3
13 5 7.09483E-3
13 6 1.01785E-2
13 7 1.46611E-2
13 8 2.13799E-2
13 9 3.10523E-2
13 10 4.51957E-2
13 11 6.51556E-2
13 12 9.38855E-2
13 13 1.31117E-1
13 14 1.65902E-1
13 15 2.02815E-1
13 16 2.4667E-1
13 17 2.97002E-1
13 18 3.53533E-1
13 19 4.1448E-1
13 20 4.77746E-1
13 21 5.37713E-1
13 22 5.88252E-1
13 23 6.20567E-1
13 24 6.25559E-1
13 25 5.95391E-1
13 26 5.27226E-1
13 27 4.26496E-1
13 28 3.0802E-1
13 29 1.92949E-1
13 30 1.01143E-1
13 31 4.24184E-2
13 32 1.34647E-2
13 33 3.02042E-3
13 34 4.39545E-4
13 35 3.75018E-5
13 36 2.34471E-6
13 37 7.94885E-8
13 38 0E0
13 39 0E0
13 40 0E0
14 1 5.04219E-3
14 2 2.04567E-3
14 3 3.01986E-3
14 4 4.12547E-3
14 5 5.91422E-3
14 6 8.41646E-3
14 7 1.1967E-2
14 8 1.71315E-2
14 9 2.44109E-2
14 10 3.53249E-2
14 11 5.08546E-2
14 12 7.31609E-2
14 13 1.05239E-1
14 14 1.47314E-1
14 15 1.84889E-1
14 16 2.24973E-1
14 17 2.71021E-1
14 18 3.22828E-1
14 19 3.78803E-1
14 20 4.37077E-1
14 21 4.92609E-1
14 22 5.3979E-1
14 23 5.70602E-1
14 24 5.76685E-1
14 25 5.50625E-1
14 26 4.8953E-1
14 27 3.97938E-1
14 28 2.89135E-1
14 29 1.82462E-1
14 30 9.65079E-2
14 31 4.09157E-2
14 32 1.31576E-2
14 33 2.99729E-3
14 34 4.44148E-4
14 35 3.8699E-5
14 36 2.45197E-6
14 37 8.52914E-8
14 38 0E0
14 39 0E0
14 40 0E0
15 1 3.90605E-3
15 2 1.58469E-3
15 3 2.33956E-3
15 4 3.19636E-3
15 5 4.58132E-3
15 6 6.51108E-3
15 7 9.23247E-3
15 8 1.32173E-2
15 9 1.8911E-2
15 10 2.7365E-2
15 11 3.937E-2
15 12 5.66535E-2
15 13 8.15106E-2
15 14 1.17862E-1
15 15 1.64869E-1
15 16 2.06226E-1
15 17 2.48614E-1
15 18 2.96377E-1
15 19 3.48122E-1
15 20 4.02191E-1
15 21 4.54013E-1
15 22 4.98487E-1
15 23 5.28223E-1
15 24 5.35488E-1
15 25 5.13257E-1
15 26 4.58478E-1
15 27 3.749E-1
15 28 2.74335E-1
15 29 1.74651E-1
15 30 9.33641E-2
15 31 4.00929E-2
15 32 1.30915E-2
15 33 3.03656E-3
15 34 4.59622E-4
15 35 4.10422E-5
15 36 2.64198E-6
15 37 9.47913E-8
15 38 0E0
15 39 0E0
15 40 0E0
16 1 2.94633E-3
16 2 1.19566E-3
16 3 1.76534E-3
16 4 2.41206E-3
16 5 3.45749E-3
16 6 4.91417E-3
16 7 6.96137E-3
16 8 9.94167E-3
16 9 1.41915E-2
16 10 2.05504E-2
16 11 2.97443E-2
16 12 4.31323E-2
16 13 6.24034E-2
16 14 9.0559E-2
16 15 1.31349E-1
16 16 1.84884E-1
16 17 2.29627E-1
16 18 2.74013E-1
16 19 3.22245E-1
16 20 3.72872E-1
16 21 4.21716E-1
16 22 4.6412E-1
16 23 4.93228E-1
16 24 5.01814E-1
16 25 4.83201E-1
16 26 4.34055E-1
16 27 3.57387E-1
16 28 2.63744E-1
16 29 1.69643E-1
16 30 9.18241E-2
16 31 4.00273E-2
16 32 1.33047E-2
16 33 3.15156E-3
16 34 4.88918E-4
16 35 4.49132E-5
16 36 2.94424E-6
16 37 1.09129E-7
16 38 0E0
16 39 0E0
16 40 0E0
17 1 2.33399E-3
17 2 9.47195E-4
17 3 1.39847E-3
17 4 1.91075E-3
17 5 2.73893E-3
17 6 3.89195E-3
17 7 5.51221E-3
17 8 7.86039E-3
17 9 1.11694E-2
17 10 1.60653E-2
17 11 2.30823E-2
17 12 3.32736E-2
17 13 4.79723E-2
17 14 6.9483E-2
17 15 1.00664E-1
17 16 1.46819E-1
17 17 2.06984E-1
17 18 2.55091E-1
17 19 3.00436E-1
17 20 3.48288E-1
17 21 3.94834E-1
17 22 4.35783E-1
17 23 4.64742E-1
17 24 4.74872E-1
17 25 4.59805E-1
17 26 4.15837E-1
17 27 3.45226E-1
17 28 2.57342E-1
17 29 1.67543E-1
17 30 9.20204E-2
17 31 4.08169E-2
17 32 1.38478E-2
17 33 3.35952E-3
17 34 5.35808E-4
17 35 5.07498E-5
17 36 3.3957E-6
17 37 1.30093E-7
17 38 0E0
17 39 0E0
17 40 0E0
18 1 1.74359E-3
18 2 7.07789E-4
18 3 1.0451E-3
18 4 1.42806E-3
18 5 2.04728E-3
18 6 2.91009E-3
18 7 4.12233E-3
18 8 5.87574E-3
18 9 8.33937E-3
18 10 1.1978E-2
18 11 1.72051E-2
18 12 2.48641E-2
18 13 3.60222E-2
18 14 5.23984E-2
18 15 7.61491E-2
18 16 1.11335E-1
18 17 1.63499E-1
18 18 2.31648E-1
18 19 2.8271E-1
18 20 3.28448E-1
18 21 3.73346E-1
18 22 4.13462E-1
18 23 4.42761E-1
18 24 4.54671E-1
18 25 4.43086E-1
18 26 4.03856E-1
18 27 3.38486E-1
18 28 2.55268E-1
18 29 1.68525E-1
18 30 9.41247E-2
18 31 4.25928E-2
18 32 1.47936E-2
18 33 3.68882E-3
18 34 6.07343E-4
18 35 5.96027E-5
18 36 3.71142E-6
18 37 1.62442E-7
18 38 0E0
18 39 0E0
18 40 0E0
19 1 1.23534E-3
19 2 5.01746E-4
19 3 7.41042E-4
19 4 1.0129E-3
19 5 1.45262E-3
19 6 2.06567E-3
19 7 2.92786E-3
19 8 4.17584E-3
19 9 5.92649E-3
19 10 8.50559E-3
19 11 1.22127E-2
19 12 1.76839E-2
19 13 2.58018E-2
19 14 3.8045E-2
19 15 5.60393E-2
19 16 8.27004E-2
19 17 1.22283E-1
19 18 1.81722E-1
19 19 2.59228E-1
19 20 3.13506E-1
19 21 3.57464E-1
19 22 3.97385E-1
19 23 4.27562E-1
19 24 4.41594E-1
19 25 4.3341E-1
19 26 3.98559E-1
19 27 3.37673E-1
19 28 2.58018E-1
19 29 1.73065E-1
19 30 9.85127E-2
19 31 4.56025E-2
19 32 1.627E-2
19 33 4.18688E-3
19 34 7.15198E-4
19 35 7.32306E-5
19 36 4.32968E-6
19 37 2.1448E-7
19 38 0E0
19 39 0E0
19 40 0E0
20 1 9.57615E-4
20 2 3.88886E-4
20 3 5.74249E-4
20 4 7.84891E-4
20 5 1.12545E-3
20 6 1.60003E-3
20 7 2.26756E-3
20 8 3.23316E-3
20 9 4.58644E-3
20 10 6.57229E-3
20 11 9.39465E-3
20 12 1.34949E-2
20 13 1.94606E-2
20 14 2.82696E-2
20 15 4.13569E-2
20 16 6.11733E-2
20 17 9.06498E-2
20 18 1.34946E-1
20 19 2.02047E-1
20 20 2.89814E-1
20 21 3.45596E-1
20 22 3.85968E-1
20 23 4.17667E-1
20 24 4.34407E-1
20 25 4.29995E-1
20 26 3.99621E-1
20 27 3.4293E-1
20 28 2.66106E-1
20 29 1.81821E-1
20 30 1.05778E-1
20 31 5.0243E-2
20 32 1.84713E-2
20 33 4.92025E-3
20 34 8.74263E-4
20 35 9.35578E-5
20 36 5.73928E-6
20 37 2.92991E-7
20 38 0E0
20 39 0E0
20 40 0E0
21 1 7.06955E-4
21 2 2.87179E-4
21 3 4.24136E-4
21 4 5.79694E-4
21 5 8.31317E-4
21 6 1.18219E-3
21 7 1.67557E-3
21 8 2.38961E-3
21 9 3.39098E-3
21 10 4.86048E-3
21 11 6.94978E-3
21 12 9.98259E-3
21 13 1.43979E-2
21 14 2.09628E-2
21 15 3.06132E-2
21 16 4.50047E-2
21 17 6.64792E-2
21 18 9.88974E-2
21 19 1.48192E-1
21 20 2.24282E-1
21 21 3.23345E-1
21 22 3.8005E-1
21 23 4.13933E-1
21 24 4.34013E-1
21 25 4.3377E-1
21 26 4.07979E-1
21 27 3.55209E-1
21 28 2.80472E-1
21 29 1.95666E-1
21 30 1.16671E-1
21 31 5.70405E-2
21 32 2.169E-2
21 33 6.0067E-3
21 34 1.11594E-3
21 35 1.25579E-4
21 36 7.83739E-6
21 37 4.24353E-7
21 38 0E0
21 39 0E0
21 40 0E0
22 1 4.95842E-4
22 2 2.01643E-4
22 3 2.97836E-4
22 4 4.07168E-4
22 5 5.84077E-4
22 6 8.3078E-4
22 7 1.17794E-3
22 8 1.68086E-3
22 9 2.38676E-3
22 10 3.42375E-3
22 11 4.90006E-3
22 12 7.04386E-3
22 13 1.01644E-2
22 14 1.48055E-2
22 15 2.16592E-2
22 16 3.1949E-2
22 17 4.73609E-2
22 18 7.07231E-2
22 19 1.06425E-1
22 20 1.61839E-1
22 21 2.48277E-1
22 22 3.60981E-1
22 23 4.16894E-1
22 24 4.40997E-1
22 25 4.45567E-1
22 26 4.24611E-1
22 27 3.75685E-1
22 28 3.02434E-1
22 29 2.15922E-1
22 30 1.32341E-1
22 31 6.68225E-2
22 32 2.63909E-2
22 33 7.63629E-3
22 34 1.49218E-3
22 35 1.77885E-4
22 36 1.17516E-5
22 37 6.5374E-7
22 38 0E0
22 39 0E0
22 40 0E0
23 1 3.27469E-4
23 2 1.33282E-4
23 3 1.9693E-4
23 4 2.69314E-4
23 5 3.86449E-4
23 6 5.49994E-4
23 7 7.80355E-4
23 8 1.11433E-3
23 9 1.58391E-3
23 10 2.275E-3
23 11 3.26108E-3
23 12 4.69668E-3
23 13 6.78898E-3
23 14 9.89898E-3
23 15 1.45062E-2
23 16 2.15086E-2
23 17 3.21826E-2
23 18 4.85924E-2
23 19 7.38581E-2
23 20 1.13339E-1
23 21 1.75438E-1
23 22 2.74272E-1
23 23 4.02854E-1
23 24 4.56032E-1
23 25 4.66239E-1
23 26 4.50716E-1
23 27 4.05855E-1
23 28 3.33729E-1
23 29 2.44415E-1
23 30 1.54427E-1
23 31 8.08289E-2
23 32 3.33013E-2
23 33 1.01244E-2
23 34 2.09516E-3
23 35 2.66866E-4
23 36 1.88355E-5
23 37 1.07928E-6
23 38 0E0
23 39 0E0
23 40 0E0
24 1 2.15432E-4
24 2 8.79949E-5
24 3 1.30036E-4
24 4 1.77876E-4
24 5 2.55339E-4
24 6 3.63531E-4
24 7 5.16044E-4
24 8 7.3741E-4
24 9 1.04893E-3
24 10 1.50804E-3
24 11 2.16441E-3
24 12 3.12199E-3
24 13 4.52095E-3
24 14 6.60268E-3
24 15 9.68528E-3
24 16 1.43696E-2
24 17 2.15271E-2
24 18 3.26112E-2
24 19 4.98842E-2
24 20 7.71163E-2
24 21 1.20336E-1
24 22 1.89852E-1
24 23 3.02426E-1
24 24 4.48533E-1
24 25 4.96205E-1
24 26 4.87509E-1
24 27 4.47651E-1
24 28 3.76944E-1
24 29 2.84039E-1
24 30 1.85645E-1
24 31 1.01139E-1
24 32 4.36645E-2
24 33 1.40196E-2
24 34 3.08937E-3
24 35 4.22884E-4
24 36 3.20565E-5
24 37 1.87971E-6
24 38 0E0
24 39 0E0
24 40 0E0
25 1 1.3411E-4
25 2 5.4951E-5
25 3 8.12263E-5
25 4 1.11151E-4
25 5 1.59623E-4
25 6 2.27386E-4
25 7 3.23018E-4
25 8 4.61966E-4
25 9 6.57834E-4
25 10 9.47053E-4
25 11 1.36143E-3
25 12 1.96777E-3
25 13 2.85679E-3
25 14 4.18507E-3
25 15 6.15874E-3
25 16 9.16723E-3
25 17 1.37895E-2
25 18 2.09953E-2
25 19 3.23289E-2
25 20 5.04108E-2
25 21 7.94368E-2
25 22 1.26705E-1
25 23 2.04344E-1
25 24 3.32736E-1
25 25 4.98904E-1
25 26 5.37281E-1
25 27 5.04012E-1
25 28 4.35547E-1
25 29 3.38597E-1
25 30 2.29714E-1
25 31 1.30804E-1
25 32 5.94811E-2
25 33 2.02915E-2
25 34 4.7964E-3
25 35 7.11659E-4
25 36 5.86921E-5
25 37 3.09617E-6
25 38 9.30953E-7
25 39 2.70319E-7
25 40 0E0
26 1 7.15721E-5
26 2 2.97464E-5
26 3 4.39892E-5
26 4 6.02239E-5
26 5 8.6542E-5
26 6 1.2338E-4
26 7 1.75444E-4
26 8 2.5124E-4
26 9 3.58351E-4
26 10 5.16957E-4
26 11 7.45072E-4
26 12 1.08039E-3
26 13 1.57483E-3
26 14 2.31854E-3
26 15 3.43295E-3
26 16 5.14557E-3
26 17 7.79793E-3
26 18 1.19961E-2
26 19 1.87493E-2
26 20 2.98361E-2
26 21 4.81919E-2
26 22 7.88677E-2
26 23 1.30319E-1
26 24 2.17337E-1
26 25 3.65208E-1
26 26 5.56416E-1
26 27 5.80668E-1
26 28 5.15258E-1
26 29 4.13751E-1
26 30 2.91947E-1
26 31 1.74318E-1
26 32 8.39174E-2
26 33 3.06418E-2
26 34 7.85438E-3
26 35 1.28265E-3
26 36 1.18284E-4
26 37 5.98818E-6
26 38 8.06472E-7
26 39 1.25111E-8
26 40 0E0
27 1 4.01971E-5
27 2 1.68737E-5
27 3 2.49626E-5
27 4 3.41908E-5
27 5 4.91542E-5
27 6 7.01244E-5
27 7 9.97982E-5
27 8 1.43056E-4
27 9 2.04311E-4
27 10 2.95208E-4
27 11 4.26288E-4
27 12 6.1961E-4
27 13 9.05805E-4
27 14 1.33838E-3
27 15 1.99025E-3
27 16 2.9987E-3
27 17 4.57144E-3
27 18 7.07021E-3
27 19 1.11001E-2
27 20 1.77412E-2
27 21 2.88101E-2
27 22 4.75893E-2
27 23 7.97633E-2
27 24 1.35268E-1
27 25 2.31749E-1
27 26 3.99614E-1
27 27 6.15734E-1
27 28 6.20015E-1
27 29 5.16687E-1
27 30 3.81255E-1
27 31 2.40103E-1
27 32 1.23068E-1
27 33 4.83541E-2
27 34 1.34914E-2
27 35 2.42789E-3
27 36 2.49956E-4
27 37 1.33325E-5
27 38 7.62433E-7
27 39 8.52821E-9
27 40 0E0
28 1 1.8879E-5
28 2 8.23814E-6
28 3 1.21925E-5
28 4 1.67091E-5
28 5 2.40418E-5
28 6 3.43273E-5
28 7 4.89026E-5
28 8 7.01922E-5
28 9 1.0041E-4
28 10 1.45387E-4
28 11 2.1051E-4
28 12 3.06989E-4
28 13 4.50618E-4
28 14 6.69178E-4
28 15 1.00139E-3
28 16 1.52045E-3
28 17 2.3396E-3
28 18 3.65866E-3
28 19 5.81859E-3
28 20 9.43907E-3
28 21 1.55877E-2
28 22 2.62449E-2
28 23 4.49823E-2
28 24 7.82361E-2
28 25 1.3777E-1
28 26 2.44699E-1
28 27 4.36228E-1
28 28 6.81891E-1
28 29 6.58341E-1
28 30 5.09125E-1
28 31 3.3947E-1
28 32 1.8624E-1
28 33 7.9325E-2
28 34 2.4337E-2
28 35 4.89324E-3
28 36 5.72836E-4
28 37 3.41144E-5
28 38 1.17629E-6
28 39 2.63143E-8
28 40 5.5482E-10
29 1 6.8587E-6
29 2 3.40614E-6
29 3 5.10775E-6
29 4 7.01903E-6
29 5 1.01027E-5
29 6 1.44325E-5
29 7 2.05755E-5
29 8 2.95593E-5
29 9 4.23337E-5
29 10 6.13825E-5
29 11 8.90345E-5
29 12 1.30147E-4
29 13 1.9162E-4
29 14 2.85721E-4
29 15 4.29847E-4
29 16 6.57227E-4
29 17 1.0206E-3
29 18 1.61503E-3
29 19 2.60767E-3
29 20 4.31259E-3
29 21 7.29739E-3
29 22 1.26443E-2
29 23 2.23683E-2
29 24 4.03002E-2
29 25 7.37711E-2
29 26 1.36677E-1
29 27 2.54851E-1
29 28 4.74636E-1
29 29 7.5644E-1
29 30 6.94502E-1
29 31 4.90915E-1
29 32 2.89429E-1
29 33 1.34483E-1
29 34 4.58119E-2
29 35 1.04338E-2
29 36 1.41547E-3
29 37 9.89683E-5
29 38 3.40115E-6
29 39 9.81596E-8
29 40 3.17784E-9
30 1 2.28263E-6
30 2 1.23017E-6
30 3 1.90815E-6
30 4 2.69021E-6
30 5 3.92248E-6
30 6 5.62388E-6
30 7 8.03362E-6
30 8 1.15679E-5
30 9 1.66146E-5
30 10 2.41767E-5
30 11 3.5225E-5
30 12 5.17715E-5
30 13 7.67383E-5
30 14 1.15354E-4
30 15 1.75257E-4
30 16 2.71149E-4
30 17 4.27051E-4
30 18 6.87195E-4
30 19 1.1317E-3
30 20 1.91525E-3
30 21 3.32405E-3
30 22 5.90732E-3
30 23 1.07099E-2
30 24 1.97635E-2
30 25 3.70994E-2
30 26 7.08735E-2
30 27 1.3709E-1
30 28 2.66285E-1
30 29 5.143E-1
30 30 8.31271E-1
30 31 7.22451E-1
30 32 4.61007E-1
30 33 2.3549E-1
30 34 8.96881E-2
30 35 2.32644E-2
30 36 3.66959E-3
30 37 3.0505E-4
30 38 1.15744E-5
30 39 3.61356E-7
30 40 1.16681E-8
31 1 5.04674E-7
31 2 2.8889E-7
31 3 4.77855E-7
31 4 7.27004E-7
31 5 1.13145E-6
31 6 1.70446E-6
31 7 2.50019E-6
31 8 3.64564E-6
31 9 5.26502E-6
31 10 7.69454E-6
31 11 1.12689E-5
31 12 1.66655E-5
31 13 2.48902E-5
31 14 3.77533E-5
31 15 5.79726E-5
31 16 9.08217E-5
31 17 1.45141E-4
31 18 2.37522E-4
31 19 3.98849E-4
31 20 6.90365E-4
31 21 1.23138E-3
31 22 2.26497E-3
31 23 4.27318E-3
31 24 8.22973E-3
31 25 1.61365E-2
31 26 3.21714E-2
31 27 6.52852E-2
31 28 1.34013E-1
31 29 2.74998E-1
31 30 5.56685E-1
31 31 9.13584E-1
31 32 7.43095E-1
31 33 4.19847E-1
31 34 1.80573E-1
31 35 5.41002E-2
31 36 1.00891E-2
31 37 1.01583E-3
31 38 4.64744E-5
31 39 1.33591E-6
31 40 4.41786E-8
32 1 9.50207E-8
32 2 5.43933E-8
32 3 8.99932E-8
32 4 1.37665E-7
32 5 2.2056E-7
32 6 3.4864E-7
32 7 5.41977E-7
32 8 8.35424E-7
32 9 1.26979E-6
32 10 1.90997E-6
32 11 2.82439E-6
32 12 4.20233E-6
32 13 6.32101E-6
32 14 9.67103E-6
32 15 1.50106E-5
32 16 2.38313E-5
32 17 3.87146E-5
32 18 6.4637E-5
32 19 1.11174E-4
32 20 1.98026E-4
32 21 3.65505E-4
32 22 7.00999E-4
32 23 1.39401E-3
32 24 2.8519E-3
32 25 5.94014E-3
32 26 1.24834E-2
32 27 2.66941E-2
32 28 5.82415E-2
32 29 1.283E-1
32 30 2.80847E-1
32 31 6.00031E-1
32 32 1.00185E0
32 33 7.54654E-1
32 34 3.6888E-1
32 35 1.29054E-1
32 36 2.89349E-2
32 37 3.61439E-3
32 38 2.10814E-4
32 39 5.77261E-6
32 40 1.77192E-7
33 1 1.41091E-8
33 2 8.07657E-9
33 3 1.33626E-8
33 4 2.04412E-8
33 5 3.27533E-8
33 6 5.2032E-8
33 7 8.22916E-8
33 8 1.30782E-7
33 9 2.06414E-7
33 10 3.2818E-7
33 11 5.15006E-7
33 12 7.93629E-7
33 13 1.2134E-6
33 14 1.87678E-6
33 15 2.94884E-6
33 16 4.75175E-6
33 17 7.86319E-6
33 18 1.34361E-5
33 19 2.37722E-5
33 20 4.38078E-5
33 21 8.41893E-5
33 22 1.69313E-4
33 23 3.56424E-4
33 24 7.82689E-4
33 25 1.76757E-3
33 26 3.98831E-3
33 27 9.06357E-3
33 28 2.10928E-2
33 29 5.02193E-2
33 30 1.20265E-1
33 31 2.83727E-1
33 32 6.44129E-1
33 33 1.09503E0
33 34 7.54629E-1
33 35 3.10679E-1
33 36 8.4864E-2
33 37 1.34047E-2
33 38 1.02885E-3
33 39 3.13747E-5
33 40 7.51565E-7
34 1 1.96691E-9
34 2 1.12593E-9
34 3 1.86284E-9
34 4 2.84964E-9
34 5 4.56604E-9
34 6 7.25362E-9
34 7 1.1472E-8
34 8 1.82319E-8
34 9 2.8777E-8
34 10 4.5786E-8
34 11 7.24868E-8
34 12 1.14866E-7
34 13 1.81849E-7
34 14 2.88682E-7
34 15 4.56914E-7
34 16 7.31313E-7
34 17 1.19922E-6
34 18 2.05318E-6
34 19 3.6995E-6
34 20 7.04388E-6
34 21 1.40919E-5
34 22 2.96801E-5
34 23 6.58202E-5
34 24 1.53599E-4
34 25 3.75547E-4
34 26 9.46767E-4
34 27 2.37563E-3
34 28 6.00982E-3
34 29 1.56332E-2
34 30 4.15243E-2
34 31 1.10074E-1
34 32 2.83485E-1
34 33 6.8927E-1
34 34 1.19217E0
34 35 7.40991E-1
34 36 2.49107E-1
34 37 5.06065E-2
34 38 5.22977E-3
34 39 2.20903E-4
34 40 4.32196E-6
35 1 3.5955E-10
35 2 2.0582E-10
35 3 3.4053E-10
35 4 5.2092E-10
35 5 8.3468E-10
35 6 1.32597E-9
35 7 2.0971E-9
35 8 3.33282E-9
35 9 5.26048E-9
35 10 8.36975E-9
35 11 1.32507E-8
35 12 2.09976E-8
35 13 3.32422E-8
35 14 5.27717E-8
35 15 8.35267E-8
35 16 1.32491E-7
35 17 2.09995E-7
35 18 3.34271E-7
35 19 5.43701E-7
35 20 9.40712E-7
35 21 1.77812E-6
35 22 3.73237E-6
35 23 8.58313E-6
35 24 2.11141E-5
35 25 5.48354E-5
35 26 1.47299E-4
35 27 4.06195E-4
35 28 1.16731E-3
35 29 3.48488E-3
35 30 1.06465E-2
35 31 3.26415E-2
35 32 9.80239E-2
35 33 2.79841E-1
35 34 7.34371E-1
35 35 1.29234E0
35 36 7.13399E-1
35 37 1.88544E-1
35 38 2.68373E-2
35 39 1.65777E-3
35 40 3.51438E-5
36 1 9.24E-11
36 2 5.2893E-11
36 3 8.7511E-11
36 4 1.3387E-10
36 5 2.145E-10
36 6 3.4076E-10
36 7 5.3892E-10
36 8 8.5649E-10
36 9 1.35186E-9
36 10 2.1509E-9
36 11 3.40523E-9
36 12 5.39607E-9
36 13 8.54274E-9
36 14 1.35615E-8
36 15 2.14651E-8
36 16 3.40483E-8
36 17 5.39627E-8
36 18 8.55319E-8
36 19 1.35464E-7
36 20 2.14813E-7
36 21 3.40765E-7
36 22 5.49528E-7
36 23 9.45165E-7
36 24 1.99423E-6
36 25 5.30613E-6
36 26 1.63841E-5
36 27 5.29195E-5
36 28 1.70199E-4
36 29 5.58269E-4
36 30 1.91099E-3
36 31 6.7766E-3
36 32 2.41816E-2
36 33 8.38143E-2
36 34 2.70693E-1
36 35 7.78558E-1
36 36 1.39691E0
36 37 6.71414E-1
36 38 1.33163E-1
36 39 1.23952E-2
36 40 4.18794E-4
37 1 3.0561E-11
37 2 1.7494E-11
37 3 2.8944E-11
37 4 4.4276E-11
37 5 7.0945E-11
37 6 1.127E-10
37 7 1.7825E-10
37 8 2.8328E-10
37 9 4.4712E-10
37 10 7.114E-10
37 11 1.12627E-9
37 12 1.78473E-9
37 13 2.82548E-9
37 14 4.48543E-9
37 15 7.09951E-9
37 16 1.12614E-8
37 17 1.7848E-8
37 18 2.82894E-8
37 19 4.48042E-8
37 20 7.10485E-8
37 21 1.12578E-7
37 22 1.78461E-7
37 23 2.8284E-7
37 24 4.48882E-7
37 25 7.31582E-7
37 26 1.44148E-6
37 27 4.30881E-6
37 28 1.61494E-5
37 29 6.24776E-5
37 30 2.41102E-4
37 31 9.5576E-4
37 32 3.97755E-3
37 33 1.68505E-2
37 34 6.89924E-2
37 35 2.57372E-1
37 36 8.21981E-1
37 37 1.50258E0
37 38 6.15832E-1
37 39 8.70436E-2
37 40 4.96323E-3
38 1 1.3684E-11
38 2 7.833E-12
38 3 1.296E-11
38 4 1.9825E-11
38 5 3.1766E-11
38 6 5.0463E-11
38 7 7.981E-11
38 8 1.2684E-10
38 9 2.002E-10
38 10 3.1853E-10
38 11 5.0428E-10
38 12 7.9911E-10
38 13 1.2651E-9
38 14 2.00834E-9
38 15 3.17879E-9
38 16 5.04225E-9
38 17 7.9914E-9
38 18 1.26665E-8
38 19 2.0061E-8
38 20 3.18118E-8
38 21 5.04067E-8
38 22 7.99054E-8
38 23 1.26641E-7
38 24 2.00688E-7
38 25 3.18086E-7
38 26 5.06295E-7
38 27 8.62596E-7
38 28 1.95749E-6
38 29 6.27133E-6
38 30 2.35222E-5
38 31 9.67232E-5
38 32 4.35382E-4
38 33 2.13777E-3
38 34 1.09673E-2
38 35 5.44693E-2
38 36 2.4028E-1
38 37 8.64084E-1
38 38 1.60737E0
38 39 5.49525E-1
38 40 5.37018E-2
39 1 7.5235E-12
39 2 4.3067E-12
39 3 7.1254E-12
39 4 1.09E-11
39 5 1.7465E-11
39 6 2.7745E-11
39 7 4.3881E-11
39 8 6.9738E-11
39 9 1.1007E-10
39 10 1.7513E-10
39 11 2.7726E-10
39 12 4.3937E-10
39 13 6.9558E-10
39 14 1.10422E-9
39 15 1.74776E-9
39 16 2.77232E-9
39 17 4.39382E-9
39 18 6.96428E-9
39 19 1.10299E-8
39 20 1.74907E-8
39 21 2.77145E-8
39 22 4.39334E-8
39 23 6.96295E-8
39 24 1.10342E-7
39 25 1.7489E-7
39 26 2.7718E-7
39 27 4.39296E-7
39 28 6.99809E-7
39 29 1.23073E-6
39 30 2.80975E-6
39 31 8.45325E-6
39 32 3.38919E-5
39 33 1.72204E-4
39 34 1.02347E-3
39 35 6.57405E-3
39 36 4.10176E-2
39 37 2.20142E-1
39 38 9.0477E-1
39 39 1.70884E0
39 40 5.05065E-1
40 1 3.2808E-12
40 2 1.878E-12
40 3 3.1072E-12
40 4 4.7532E-12
40 5 7.6161E-12
40 6 1.2099E-11
40 7 1.9135E-11
40 8 3.0411E-11
40 9 4.8E-11
40 10 7.637E-11
40 11 1.2091E-10
40 12 1.9159E-10
40 13 3.0332E-10
40 14 4.8152E-10
40 15 7.6215E-10
40 16 1.20893E-9
40 17 1.91602E-9
40 18 3.03692E-9
40 19 4.80981E-9
40 20 7.6272E-9
40 21 1.20855E-8
40 22 1.91581E-8
40 23 3.03634E-8
40 24 4.81168E-8
40 25 7.62642E-8
40 26 1.2087E-7
40 27 1.91564E-7
40 28 3.03608E-7
40 29 4.81184E-7
40 30 7.65512E-7
40 31 1.2872E-6
40 32 2.62937E-6
40 33 8.25606E-6
40 34 4.70652E-5
40 35 3.82492E-4
40 36 3.42806E-3
40 37 2.89689E-2
40 38 1.97751E-1
40 39 9.4466E-1
40 40 2.21881E0
