1 9.49935E-1
2 8.47536E-1
3 7.54949E-1
4 6.72518E-1
5 5.99738E-1
6 5.34528E-1
7 4.76372E-1
8 4.24409E-1
9 3.78371E-1
10 3.37146E-1
11 3.00403E-1
12 2.67805E-1
13 2.3863E-1
14 2.12699E-1
15 1.8952E-1
16 1.68928E-1
17 1.50551E-1
18 1.34133E-1
19 1.19583E-1
20 1.06557E-1
21 9.49632E-2
22 8.4673E-2
23 7.54626E-2
24 6.7269E-2
25 5.99858E-2
26 5.34902E-2
27 4.76858E-2
28 4.25181E-2
29 3.79274E-2
30 3.38114E-2
31 3.0143E-2
32 2.68959E-2
33 2.40013E-2
34 2.14179E-2
35 1.90858E-2
36 1.70392E-2
37 1.52359E-2
38 1.36321E-2
39 1.21276E-2
40 1.0781E-2
