1 9.51864E-1
2 8.49251E-1
3 7.5647E-1
4 6.73866E-1
5 6.00931E-1
6 5.35579E-1
7 4.77294E-1
8 4.25212E-1
9 3.79064E-1
10 3.37736E-1
11 3.00894E-1
12 2.68202E-1
13 2.38935E-1
14 2.12916E-1
15 1.89656E-1
16 1.68992E-1
17 1.50556E-1
18 1.34096E-1
19 1.19522E-1
20 1.0649E-1
21 9.49063E-2
22 8.46351E-2
23 7.54393E-2
24 6.72454E-2
25 5.99471E-2
26 5.34826E-2
27 4.76922E-2
28 4.25047E-2
29 3.792E-2
30 3.3829E-2
31 3.01333E-2
32 2.69137E-2
33 2.40034E-2
34 2.14325E-2
35 1.91207E-2
36 1.70527E-2
37 1.52412E-2
38 1.36314E-2
39 1.2128E-2
40 1.08097E-2
