1 9.50978E-1
2 8.48458E-1
3 7.5576E-1
4 6.7323E-1
5 6.0036E-1
6 5.35069E-1
7 4.76839E-1
8 4.24808E-1
9 3.78708E-1
10 3.37426E-1
11 3.00631E-1
12 2.67985E-1
13 2.38765E-1
14 2.12793E-1
15 1.89578E-1
16 1.68955E-1
17 1.50552E-1
18 1.34115E-1
19 1.19554E-1
20 1.06524E-1
21 9.49326E-2
22 8.46477E-2
23 7.54423E-2
24 6.72525E-2
25 5.99743E-2
26 5.34857E-2
27 4.76836E-2
28 4.2512E-2
29 3.79265E-2
30 3.38175E-2
31 3.01369E-2
32 2.68862E-2
33 2.40018E-2
34 2.14259E-2
35 1.90805E-2
36 1.70342E-2
37 1.5238E-2
38 1.36339E-2
39 1.2128E-2
40 1.07783E-2
