1 9.49721E-1
2 8.47347E-1
3 7.54783E-1
4 6.72373E-1
5 5.99611E-1
6 5.34418E-1
7 4.76278E-1
8 4.24329E-1
9 3.78303E-1
10 3.37091E-1
11 3.00359E-1
12 2.67771E-1
13 2.38606E-1
14 2.12682E-1
15 1.89511E-1
16 1.68926E-1
17 1.50554E-1
18 1.3414E-1
19 1.19593E-1
20 1.06568E-1
21 9.49749E-2
22 8.46838E-2
23 7.54717E-2
24 6.7276E-2
25 5.99906E-2
26 5.34934E-2
27 4.76881E-2
28 4.25195E-2
29 3.79273E-2
30 3.38112E-2
31 3.01456E-2
32 2.68991E-2
33 2.40009E-2
34 2.14155E-2
35 1.9088E-2
36 1.70407E-2
37 1.52358E-2
38 1.36308E-2
39 1.21271E-2
40 1.07826E-2
