1 1.65773E1
2 1.48547E1
3 1.33048E1
4 1.19336E1
5 1.07323E1
6 9.66649E0
7 8.72745E0
8 7.90092E0
9 7.18249E0
10 6.55376E0
11 6.00924E0
12 5.54294E0
13 5.14273E0
14 4.8049E0
15 4.52061E0
16 4.28563E0
17 4.09257E0
18 3.93553E0
19 3.81059E0
20 3.71101E0
21 3.63316E0
22 3.57311E0
23 3.52644E0
24 3.49023E0
25 3.4615E0
26 3.43797E0
27 3.41851E0
28 3.40282E0
29 3.39056E0
30 3.3811E0
31 3.37406E0
32 3.36908E0
33 3.36582E0
34 3.36417E0
35 3.36402E0
36 3.36536E0
37 3.36829E0
38 3.37294E0
39 3.3795E0
40 3.38795E0
