1 1 3.02493E-1
1 2 1.12191E-1
1 3 1.4734E-1
1 4 1.78593E-1
1 5 2.27111E-1
1 6 2.857E-1
1 7 3.57591E-1
1 8 4.4931E-1
1 9 5.60195E-1
1 10 7.02967E-1
1 11 8.75952E-1
1 12 1.0902E0
1 13 1.35183E0
1 14 1.67451E0
1 15 2.05858E0
1 16 2.52161E0
1 17 3.06325E0
1 18 3.68741E0
1 19 4.38476E0
1 20 5.1449E0
1 21 5.92232E0
1 22 6.66414E0
1 23 7.28411E0
1 24 7.67693E0
1 25 7.7285E0
1 26 7.3445E0
1 27 6.49278E0
1 28 5.24189E0
1 29 3.77679E0
1 30 2.35967E0
1 31 1.23346E0
1 32 5.15923E-1
1 33 1.6343E-1
1 34 3.66149E-2
1 35 5.33205E-3
1 36 4.54932E-4
1 37 2.11638E-5
1 38 1.43064E-6
1 39 3.97101E-8
1 40 0E0
2 1 2.40498E-1
2 2 9.7434E-2
2 3 1.31427E-1
2 4 1.59521E-1
2 5 2.02856E-1
2 6 2.55188E-1
2 7 3.19402E-1
2 8 4.01326E-1
2 9 5.00374E-1
2 10 6.27901E-1
2 11 7.82418E-1
2 12 9.73806E-1
2 13 1.2075E0
2 14 1.49573E0
2 15 1.83883E0
2 16 2.25244E0
2 17 2.73645E0
2 18 3.29406E0
2 19 3.91708E0
2 20 4.59625E0
2 21 5.29099E0
2 22 5.95418E0
2 23 6.5085E0
2 24 6.86011E0
2 25 6.90705E0
2 26 6.56489E0
2 27 5.80472E0
2 28 4.68755E0
2 29 3.37844E0
2 30 2.11161E0
2 31 1.10434E0
2 32 4.62194E-1
2 33 1.46514E-1
2 34 3.28528E-2
2 35 4.79001E-3
2 36 4.0929E-4
2 37 1.9633E-5
2 38 1.29009E-6
2 39 3.59123E-8
2 40 0E0
3 1 1.89685E-1
3 2 7.94233E-2
3 3 1.14085E-1
3 4 1.4217E-1
3 5 1.80954E-1
3 6 2.27636E-1
3 7 2.84918E-1
3 8 3.57997E-1
3 9 4.46352E-1
3 10 5.60117E-1
3 11 6.97955E-1
3 12 8.68693E-1
3 13 1.07717E0
3 14 1.33429E0
3 15 1.6404E0
3 16 2.0094E0
3 17 2.4413E0
3 18 2.93889E0
3 19 3.49482E0
3 20 4.10091E0
3 21 4.72102E0
3 22 5.31326E0
3 23 5.80841E0
3 24 6.12291E0
3 25 6.16575E0
3 26 5.86144E0
3 27 5.18403E0
3 28 4.18764E0
3 29 3.01933E0
3 30 1.88809E0
3 31 9.8805E-1
3 32 4.13836E-1
3 33 1.31303E-1
3 34 2.94753E-2
3 35 4.30396E-3
3 36 3.68461E-4
3 37 1.81026E-5
3 38 1.16512E-6
3 39 3.25235E-8
3 40 0E0
4 1 1.47832E-1
4 2 6.24833E-2
4 3 9.28392E-2
4 4 1.23715E-1
4 5 1.61385E-1
4 6 2.03146E-1
4 7 2.54265E-1
4 8 3.19485E-1
4 9 3.98336E-1
4 10 4.99865E-1
4 11 6.22883E-1
4 12 7.75259E-1
4 13 9.61336E-1
4 14 1.19083E0
4 15 1.46402E0
4 16 1.79339E0
4 17 2.17892E0
4 18 2.62327E0
4 19 3.11957E0
4 20 3.66073E0
4 21 4.21457E0
4 22 4.74382E0
4 23 5.18654E0
4 24 5.46813E0
4 25 5.50745E0
4 26 5.23687E0
4 27 4.63309E0
4 28 3.74408E0
4 29 2.70086E0
4 30 1.68999E0
4 31 8.85069E-1
4 32 3.71044E-1
4 33 1.17859E-1
4 34 2.64974E-2
4 35 3.8761E-3
4 36 3.32638E-4
4 37 1.65369E-5
4 38 1.05643E-6
4 39 2.95589E-8
4 40 0E0
5 1 1.18859E-1
5 2 4.96938E-2
5 3 7.3717E-2
5 4 1.00887E-1
5 5 1.40792E-1
5 6 1.81482E-1
5 7 2.27254E-1
5 8 2.85546E-1
5 9 3.56024E-1
5 10 4.4677E-1
5 11 5.56728E-1
5 12 6.92929E-1
5 13 8.59259E-1
5 14 1.06442E0
5 15 1.30862E0
5 16 1.60307E0
5 17 1.94773E0
5 18 2.34514E0
5 19 2.78898E0
5 20 3.273E0
5 21 3.7685E0
5 22 4.2423E0
5 23 4.63907E0
5 24 4.89169E0
5 25 4.92805E0
5 26 4.68734E0
5 27 4.14845E0
5 28 3.35407E0
5 29 2.42101E0
5 30 1.51605E0
5 31 7.94725E-1
5 32 3.33549E-1
5 33 1.061E-1
5 34 2.38976E-2
5 35 3.50344E-3
5 36 3.01509E-4
5 37 1.51207E-5
5 38 9.62571E-7
5 39 2.704E-8
5 40 0E0
6 1 9.4234E-2
6 2 3.92033E-2
6 3 5.82315E-2
6 4 7.98452E-2
6 5 1.14564E-1
6 6 1.58464E-1
6 7 2.03043E-1
6 8 2.55213E-1
6 9 3.18206E-1
6 10 3.99317E-1
6 11 4.97603E-1
6 12 6.1935E-1
6 13 7.68035E-1
6 14 9.51434E-1
6 15 1.16977E0
6 16 1.43301E0
6 17 1.74116E0
6 18 2.09656E0
6 19 2.49361E0
6 20 2.92667E0
6 21 3.37011E0
6 22 3.7944E0
6 23 4.15032E0
6 24 4.37716E0
6 25 4.41106E0
6 26 4.19721E0
6 27 3.71634E0
6 28 3.0065E0
6 29 2.17181E0
6 30 1.36132E0
6 31 7.14457E-1
6 32 3.00292E-1
6 33 9.56975E-2
6 34 2.1603E-2
6 35 3.17562E-3
6 36 2.74229E-4
6 37 1.40841E-5
6 38 8.8102E-7
6 39 2.48956E-8
6 40 0E0
7 1 7.24632E-2
7 2 3.00423E-2
7 3 4.51384E-2
7 4 6.24615E-2
7 5 9.01822E-2
7 6 1.28596E-1
7 7 1.77533E-1
7 8 2.28197E-1
7 9 2.84592E-1
7 10 3.57139E-1
7 11 4.45051E-1
7 12 5.5395E-1
7 13 6.86951E-1
7 14 8.51012E-1
7 15 1.04635E0
7 16 1.28188E0
7 17 1.55764E0
7 18 1.87567E0
7 19 2.23121E0
7 20 2.61899E0
7 21 3.01628E0
7 22 3.39661E0
7 23 3.71594E0
7 24 3.92036E0
7 25 3.95232E0
7 26 3.76256E0
7 27 3.3335E0
7 28 2.69869E0
7 29 1.95133E0
7 30 1.22459E0
7 31 6.43641E-1
7 32 2.71019E-1
7 33 8.65659E-2
7 34 1.95955E-2
7 35 2.89032E-3
7 36 2.50718E-4
7 37 1.45896E-5
7 38 8.11541E-7
7 39 2.31006E-8
7 40 0E0
8 1 5.65822E-2
8 2 2.34659E-2
8 3 3.52917E-2
8 4 4.89707E-2
8 5 7.08587E-2
8 6 1.01263E-1
8 7 1.43783E-1
8 8 1.99677E-1
8 9 2.54639E-1
8 10 3.19607E-1
8 11 3.98287E-1
8 12 4.95756E-1
8 13 6.14802E-1
8 14 7.61664E-1
8 15 9.36535E-1
8 16 1.14743E0
8 17 1.39437E0
8 18 1.6792E0
8 19 1.99778E0
8 20 2.34537E0
8 21 2.70169E0
8 22 3.04303E0
8 23 3.32996E0
8 24 3.51459E0
8 25 3.54501E0
8 26 3.37686E0
8 27 2.99407E0
8 28 2.42611E0
8 29 1.75629E0
8 30 1.10384E0
8 31 5.81232E-1
8 32 2.45295E-1
8 33 7.85703E-2
8 34 1.78465E-2
8 35 2.64352E-3
8 36 2.30558E-4
8 37 1.4522E-5
8 38 7.53217E-7
8 39 2.1633E-8
8 40 0E0
9 1 4.61913E-2
9 2 1.87764E-2
9 3 2.77729E-2
9 4 3.82638E-2
9 5 5.55766E-2
9 6 7.97317E-2
9 7 1.13442E-1
9 8 1.61888E-1
9 9 2.2338E-1
9 10 2.86492E-1
9 11 3.57067E-1
9 12 4.44461E-1
9 13 5.51212E-1
9 14 6.82917E-1
9 15 8.39761E-1
9 16 1.02894E0
9 17 1.25049E0
9 18 1.50613E0
9 19 1.79211E0
9 20 2.10441E0
9 21 2.42472E0
9 22 2.73185E0
9 23 2.99051E0
9 24 3.15783E0
9 25 3.18708E0
9 26 3.03823E0
9 27 2.69639E0
9 28 2.18748E0
9 29 1.58578E0
9 30 9.98518E-1
9 31 5.26976E-1
9 32 2.23022E-1
9 33 7.16838E-2
9 34 1.63513E-2
9 35 2.4348E-3
9 36 2.13722E-4
9 37 1.35341E-5
9 38 7.0611E-7
9 39 2.04948E-8
9 40 0E0
10 1 3.60624E-2
10 2 1.46376E-2
10 3 2.17394E-2
10 4 3.00141E-2
10 5 4.35708E-2
10 6 6.26039E-2
10 7 8.92268E-2
10 8 1.2747E-1
10 9 1.80714E-1
10 10 2.51532E-1
10 11 3.20378E-1
10 12 3.98835E-1
10 13 4.94651E-1
10 14 6.12877E-1
10 15 7.5369E-1
10 16 9.23569E-1
10 17 1.12256E0
10 18 1.35224E0
10 19 1.60932E0
10 20 1.89031E0
10 21 2.17862E0
10 22 2.45553E0
10 23 2.68925E0
10 24 2.84143E0
10 25 2.86986E0
10 26 2.7384E0
10 27 2.43312E0
10 28 1.97685E0
10 29 1.43562E0
10 30 9.06021E-1
10 31 4.79509E-1
10 32 2.03639E-1
10 33 6.57332E-2
10 34 1.50725E-2
10 35 2.25881E-3
10 36 1.99819E-4
10 37 1.27355E-5
10 38 6.68607E-7
10 39 1.96825E-8
10 40 0E0
11 1 2.77205E-2
11 2 1.12473E-2
11 3 1.66665E-2
11 4 2.29571E-2
11 5 3.33478E-2
11 6 4.82333E-2
11 7 6.92979E-2
11 8 9.95538E-2
11 9 1.41654E-1
11 10 2.02936E-1
11 11 2.8165E-1
11 12 3.5851E-1
11 13 4.44683E-1
11 14 5.51008E-1
11 15 6.77665E-1
11 16 8.3051E-1
11 17 1.00961E0
11 18 1.21639E0
11 19 1.44801E0
11 20 1.70135E0
11 21 1.96157E0
11 22 2.21195E0
11 23 2.42385E0
11 24 2.56291E0
11 25 2.59094E0
11 26 2.47512E0
11 27 2.20236E0
11 28 1.79264E0
11 29 1.30475E0
11 30 8.2571E-1
11 31 4.38528E-1
11 32 1.87032E-1
11 33 6.06893E-2
11 34 1.40055E-2
11 35 2.11535E-3
11 36 1.88902E-4
11 37 1.21347E-5
11 38 6.4156E-7
11 39 1.92198E-8
11 40 0E0
12 1 2.25714E-2
12 2 9.14512E-3
12 3 1.34957E-2
12 4 1.84507E-2
12 5 2.64877E-2
12 6 3.76942E-2
12 7 5.38127E-2
12 8 7.76548E-2
12 9 1.11005E-1
12 10 1.59372E-1
12 11 2.27396E-1
12 12 3.16056E-1
12 13 4.00806E-1
12 14 4.96696E-1
12 15 6.10942E-1
12 16 7.48849E-1
12 17 9.10502E-1
12 18 1.09727E0
12 19 1.30659E0
12 20 1.53569E0
12 21 1.77149E0
12 22 1.99878E0
12 23 2.19177E0
12 24 2.31959E0
12 25 2.34773E0
12 26 2.24598E0
12 27 2.00206E0
12 28 1.63323E0
12 29 1.19211E0
12 30 7.56971E-1
12 31 4.03744E-1
12 32 1.73101E-1
12 33 5.6528E-2
12 34 1.31472E-2
12 35 2.0044E-3
12 36 1.81025E-4
12 37 1.17365E-5
12 38 6.25445E-7
12 39 1.91306E-8
12 40 0E0
13 1 1.66526E-2
13 2 6.74973E-3
13 3 9.96011E-3
13 4 1.36001E-2
13 5 1.95279E-2
13 6 2.79782E-2
13 7 4.02319E-2
13 8 5.85496E-2
13 9 8.48333E-2
13 10 1.23122E-1
13 11 1.76893E-1
13 12 2.53883E-1
13 13 3.53838E-1
13 14 4.48821E-1
13 15 5.52138E-1
13 16 6.76893E-1
13 17 8.23205E-1
13 18 9.92353E-1
13 19 1.18208E0
13 20 1.38998E0
13 21 1.60433E0
13 22 1.81148E0
13 23 1.98811E0
13 24 2.10637E0
13 25 2.13494E0
13 26 2.04596E0
13 27 1.82775E0
13 28 1.49507E0
13 29 1.09499E0
13 30 6.98199E-1
13 31 3.74325E-1
13 32 1.61509E-1
13 33 5.31521E-2
13 34 1.24789E-2
13 35 1.92419E-3
13 36 1.76185E-4
13 37 1.1548E-5
13 38 6.21079E-7
13 39 1.94885E-8
13 40 0E0
14 1 1.40027E-2
14 2 5.67447E-3
14 3 8.37157E-3
14 4 1.14276E-2
14 5 1.63664E-2
14 6 2.32625E-2
14 7 3.30263E-2
14 8 4.71917E-2
14 9 6.70899E-2
14 10 9.68088E-2
14 11 1.38888E-1
14 12 1.98978E-1
14 13 2.8481E-1
14 14 3.97516E-1
14 15 5.00668E-1
14 16 6.13933E-1
14 17 7.46853E-1
14 18 9.00643E-1
14 19 1.07333E0
14 20 1.26282E0
14 21 1.45858E0
14 22 1.64843E0
14 23 1.81118E0
14 24 1.92158E0
14 25 1.95101E0
14 26 1.87378E0
14 27 1.6785E0
14 28 1.37761E0
14 29 1.01319E0
14 30 6.49374E-1
14 31 3.50348E-1
14 32 1.52333E-1
14 33 5.06006E-2
14 34 1.20135E-2
14 35 1.87726E-3
14 36 1.74647E-4
14 37 1.15862E-5
14 38 6.28988E-7
14 39 2.03635E-8
14 40 0E0
15 1 1.09337E-2
15 2 4.43072E-3
15 3 6.53716E-3
15 4 8.92398E-3
15 5 1.27771E-2
15 6 1.8136E-2
15 7 2.56753E-2
15 8 3.66859E-2
15 9 5.23637E-2
15 10 7.55525E-2
15 11 1.08315E-1
15 12 1.55206E-1
15 13 2.22155E-1
15 14 3.19258E-1
15 15 4.44806E-1
15 16 5.59025E-1
15 17 6.803E-1
15 18 8.20745E-1
15 19 9.78643E-1
15 20 1.15224E0
15 21 1.33201E0
15 22 1.50705E0
15 23 1.6581E0
15 24 1.76203E0
15 25 1.79288E0
15 26 1.72646E0
15 27 1.55163E0
15 28 1.2787E0
15 29 9.45153E-1
15 30 6.09543E-1
15 31 3.31351E-1
15 32 1.45409E-1
15 33 4.88398E-2
15 34 1.17508E-2
15 35 1.86541E-3
15 36 1.76809E-4
15 37 1.18947E-5
15 38 6.52648E-7
15 39 2.19517E-8
15 40 0E0
16 1 8.3356E-3
16 2 3.3782E-3
16 3 4.98435E-3
16 4 6.80487E-3
16 5 9.74395E-3
16 6 1.38306E-2
16 7 1.95599E-2
16 8 2.78751E-2
16 9 3.96889E-2
16 10 5.72926E-2
16 11 8.26136E-2
16 12 1.19262E-1
16 13 1.71623E-1
16 14 2.47449E-1
16 15 3.56161E-1
16 16 4.98731E-1
16 17 6.23114E-1
16 18 7.52154E-1
16 19 8.97416E-1
16 20 1.05751E0
16 21 1.22383E0
16 22 1.38645E0
16 23 1.52797E0
16 24 1.62696E0
16 25 1.65969E0
16 26 1.60333E0
16 27 1.44665E0
16 28 1.19804E0
16 29 8.90862E-1
16 30 5.78793E-1
16 31 3.17476E-1
16 32 1.40855E-1
16 33 4.79355E-2
16 34 1.17153E-2
16 35 1.89457E-3
16 36 1.83518E-4
16 37 1.25484E-5
16 38 6.96364E-7
16 39 2.45093E-8
16 40 0E0
17 1 6.67801E-3
17 2 2.70662E-3
17 3 3.99347E-3
17 4 5.45132E-3
17 5 7.80548E-3
17 6 1.10768E-2
17 7 1.56627E-2
17 8 2.22894E-2
17 9 3.15927E-2
17 10 4.53011E-2
17 11 6.48444E-2
17 12 9.30505E-2
17 13 1.33422E-1
17 14 1.91991E-1
17 15 2.75929E-1
17 16 3.98642E-1
17 17 5.58346E-1
17 18 6.93183E-1
17 19 8.27766E-1
17 20 9.76363E-1
17 21 1.1314E0
17 22 1.28383E0
17 23 1.41776E0
17 24 1.51334E0
17 25 1.54859E0
17 26 1.50209E0
17 27 1.36185E0
17 28 1.13446E0
17 29 8.49638E-1
17 30 5.56949E-1
17 31 3.08771E-1
17 32 1.38772E-1
17 33 4.79533E-2
17 34 1.19346E-2
17 35 1.97152E-3
17 36 1.95695E-4
17 37 1.36203E-5
17 38 7.63863E-7
17 39 2.84282E-8
17 40 0E0
18 1 5.06837E-3
18 2 2.05485E-3
18 3 3.03201E-3
18 4 4.13946E-3
18 5 5.92787E-3
18 6 8.41405E-3
18 7 1.18977E-2
18 8 1.6921E-2
18 9 2.39513E-2
18 10 3.42879E-2
18 11 4.90525E-2
18 12 7.05475E-2
18 13 1.01616E-1
18 14 1.46788E-1
18 15 2.11566E-1
18 16 3.06261E-1
18 17 4.44538E-1
18 18 6.24722E-1
18 19 7.69238E-1
18 20 9.08483E-1
18 21 1.05429E0
18 22 1.19861E0
18 23 1.32682E0
18 24 1.42049E0
18 25 1.45886E0
18 26 1.42176E0
18 27 1.29649E0
18 28 1.08751E0
18 29 8.21434E-1
18 30 5.44034E-1
18 31 3.05412E-1
18 32 1.39339E-1
18 33 4.90178E-2
18 34 1.24588E-2
18 35 2.10942E-3
18 36 2.15351E-4
18 37 1.52907E-5
18 38 8.66241E-7
18 39 3.44975E-8
18 40 0E0
19 1 3.66857E-3
19 2 1.48786E-3
19 3 2.19571E-3
19 4 2.99824E-3
19 5 4.29459E-3
19 6 6.09758E-3
19 7 8.62589E-3
19 8 1.22728E-2
19 9 1.73656E-2
19 10 2.48307E-2
19 11 3.54934E-2
19 12 5.11183E-2
19 13 7.4107E-2
19 14 1.08458E-1
19 15 1.58349E-1
19 16 2.31233E-1
19 17 3.3772E-1
19 18 4.94785E-1
19 19 6.98758E-1
19 20 8.54017E-1
19 21 9.92855E-1
19 22 1.13126E0
19 23 1.25574E0
19 24 1.349E0
19 25 1.39127E0
19 26 1.36293E0
19 27 1.25104E0
19 28 1.05789E0
19 29 8.07032E-1
19 30 5.40839E-1
19 31 3.0802E-1
19 32 1.42985E-1
19 33 5.13545E-2
19 34 1.33738E-2
19 35 2.32987E-3
19 36 2.45843E-4
19 37 1.69488E-5
19 38 1.02304E-6
19 39 4.41431E-8
19 40 0E0
20 1 2.91141E-3
20 2 1.18077E-3
20 3 1.74227E-3
20 4 2.37882E-3
20 5 3.40671E-3
20 6 4.83571E-3
20 7 6.84002E-3
20 8 9.72933E-3
20 9 1.37608E-2
20 10 1.96467E-2
20 11 2.79559E-2
20 12 3.99357E-2
20 13 5.72125E-2
20 14 8.24478E-2
20 15 1.19462E-1
20 16 1.74708E-1
20 17 2.55487E-1
20 18 3.74581E-1
20 19 5.51282E-1
20 20 7.81299E-1
20 21 9.43172E-1
20 22 1.07761E0
20 23 1.20026E0
20 24 1.29477E0
20 25 1.34217E0
20 26 1.32311E0
20 27 1.22417E0
20 28 1.04515E0
20 29 8.06636E-1
20 30 5.48242E-1
20 31 3.17513E-1
20 32 1.50359E-1
20 33 5.52825E-2
20 34 1.47941E-2
20 35 2.65943E-3
20 36 2.90804E-4
20 37 1.88409E-5
20 38 1.24598E-6
20 39 5.8966E-8
20 40 0E0
21 1 2.21315E-3
21 2 8.98074E-4
21 3 1.32522E-3
21 4 1.80936E-3
21 5 2.59138E-3
21 6 3.67885E-3
21 7 5.20355E-3
21 8 7.40246E-3
21 9 1.04715E-2
21 10 1.49513E-2
21 11 2.12766E-2
21 12 3.03821E-2
21 13 4.35123E-2
21 14 6.28185E-2
21 15 9.08158E-2
21 16 1.31938E-1
21 17 1.92177E-1
21 18 2.81274E-1
21 19 4.13769E-1
21 20 6.13464E-1
21 21 8.71701E-1
21 22 1.0392E0
21 23 1.16207E0
21 24 1.25974E0
21 25 1.31364E0
21 26 1.30435E0
21 27 1.21786E0
21 28 1.05129E0
21 29 8.22275E-1
21 30 5.67921E-1
21 31 3.35253E-1
21 32 1.6239E-1
21 33 6.13125E-2
21 34 1.69208E-2
21 35 3.15154E-3
21 36 3.58764E-4
21 37 2.36696E-5
21 38 1.58745E-6
21 39 8.33956E-8
21 40 0E0
22 1 1.61523E-3
22 2 6.55819E-4
22 3 9.67818E-4
22 4 1.3216E-3
22 5 1.89297E-3
22 6 2.68774E-3
22 7 3.8024E-3
22 8 5.41042E-3
22 9 7.65613E-3
22 10 1.0936E-2
22 11 1.55696E-2
22 12 2.22391E-2
22 13 3.18436E-2
22 14 4.59558E-2
22 15 6.64995E-2
22 16 9.68306E-2
22 17 1.41385E-1
22 18 2.07438E-1
22 19 3.05935E-1
22 20 4.54859E-1
22 21 6.80778E-1
22 22 9.72819E-1
22 23 1.14197E0
22 24 1.24475E0
22 25 1.30699E0
22 26 1.30846E0
22 27 1.23408E0
22 28 1.07869E0
22 29 8.56493E-1
22 30 6.0233E-1
22 31 3.63317E-1
22 32 1.80509E-1
22 33 7.02258E-2
22 34 2.00667E-2
22 35 3.89063E-3
22 36 4.6372E-4
22 37 3.10323E-5
22 38 2.13125E-6
22 39 1.2561E-7
22 40 0E0
23 1 1.12083E-3
23 2 4.55973E-4
23 3 6.73013E-4
23 4 9.19203E-4
23 5 1.31701E-3
23 6 1.87055E-3
23 7 2.6475E-3
23 8 3.76914E-3
23 9 5.33672E-3
23 10 7.62914E-3
23 11 1.08718E-2
23 12 1.55458E-2
23 13 2.22752E-2
23 14 3.21392E-2
23 15 4.65144E-2
23 16 6.79741E-2
23 17 1.00021E-1
23 18 1.48154E-1
23 19 2.20301E-1
23 20 3.29798E-1
23 21 4.96727E-1
23 22 7.54082E-1
23 23 1.08505E0
23 24 1.25084E0
23 25 1.32328E0
23 26 1.33712E0
23 27 1.27512E0
23 28 1.13023E0
23 29 9.12538E-1
23 30 6.54769E-1
23 31 4.04565E-1
23 32 2.06798E-1
23 33 8.31973E-2
23 34 2.47246E-2
23 35 5.01704E-3
23 36 6.3022E-4
23 37 4.42489E-5
23 38 3.03947E-6
23 39 2.0245E-7
23 40 0E0
24 1 7.87309E-4
24 2 3.20261E-4
24 3 4.72744E-4
24 4 6.4576E-4
24 5 9.25322E-4
24 6 1.31457E-3
24 7 1.86087E-3
24 8 2.64995E-3
24 9 3.7537E-3
24 10 5.36836E-3
24 11 7.65519E-3
24 12 1.09554E-2
24 13 1.57132E-2
24 14 2.26831E-2
24 15 3.28136E-2
24 16 4.78982E-2
24 17 7.04239E-2
24 18 1.04432E-1
24 19 1.55924E-1
24 20 2.34534E-1
24 21 3.55058E-1
24 22 5.42095E-1
24 23 8.34122E-1
24 24 1.20787E0
24 25 1.36316E0
24 26 1.39202E0
24 27 1.34454E0
24 28 1.21038E0
24 29 9.95933E-1
24 30 7.30987E-1
24 31 4.64E-1
24 32 2.44872E-1
24 33 1.02258E-1
24 34 3.17427E-2
24 35 6.77283E-3
24 36 9.01194E-4
24 37 6.71231E-5
24 38 4.57894E-6
24 39 3.45774E-7
24 40 0E0
25 1 5.30274E-4
25 2 2.16276E-4
25 3 3.19292E-4
25 4 4.36219E-4
25 5 6.25243E-4
25 6 8.88456E-4
25 7 1.2582E-3
25 8 1.79261E-3
25 9 2.54058E-3
25 10 3.63614E-3
25 11 5.1897E-3
25 12 7.4348E-3
25 13 1.06778E-2
25 14 1.54399E-2
25 15 2.23691E-2
25 16 3.26878E-2
25 17 4.81372E-2
25 18 7.15469E-2
25 19 1.07218E-1
25 20 1.62164E-1
25 21 2.4703E-1
25 22 3.79805E-1
25 23 5.89061E-1
25 24 9.20938E-1
25 25 1.34364E0
25 26 1.47853E0
25 27 1.44839E0
25 28 1.32626E0
25 29 1.11438E0
25 30 8.38664E-1
25 31 5.48503E-1
25 32 2.99901E-1
25 33 1.30548E-1
25 34 4.25395E-2
25 35 9.60048E-3
25 36 1.36255E-3
25 37 1.08574E-4
25 38 7.34036E-6
25 39 6.2234E-7
25 40 0E0
26 1 3.14084E-4
26 2 1.29199E-4
26 3 1.90806E-4
26 4 2.6078E-4
26 5 3.73953E-4
26 6 5.31708E-4
26 7 7.53539E-4
26 8 1.07459E-3
26 9 1.52478E-3
26 10 2.18549E-3
26 11 3.12487E-3
26 12 4.48687E-3
26 13 6.46197E-3
26 14 9.37553E-3
26 15 1.36385E-2
26 16 2.00145E-2
26 17 2.95832E-2
26 18 4.42295E-2
26 19 6.69695E-2
26 20 1.02947E-1
26 21 1.60195E-1
26 22 2.51776E-1
26 23 3.98104E-1
26 24 6.33691E-1
26 25 1.01495E0
26 26 1.49786E0
26 27 1.60034E0
26 28 1.49156E0
26 29 1.28052E0
26 30 9.89479E-1
26 31 6.68085E-1
26 32 3.79545E-1
26 33 1.72965E-1
26 34 5.95134E-2
26 35 1.43274E-2
26 36 2.19412E-3
26 37 1.90285E-4
26 38 1.11197E-5
26 39 6.85425E-7
26 40 0E0
27 1 2.00169E-4
27 2 8.27368E-5
27 3 1.22201E-4
27 4 1.67054E-4
27 5 2.39593E-4
27 6 3.40761E-4
27 7 4.83142E-4
27 8 6.8929E-4
27 9 9.78599E-4
27 10 1.40368E-3
27 11 2.00878E-3
27 12 2.88751E-3
27 13 4.16444E-3
27 14 6.05255E-3
27 15 8.82365E-3
27 16 1.29839E-2
27 17 1.92487E-2
27 18 2.88207E-2
27 19 4.36282E-2
27 20 6.70009E-2
27 21 1.04229E-1
27 22 1.64399E-1
27 23 2.62198E-1
27 24 4.21827E-1
27 25 6.84229E-1
27 26 1.1162E0
27 27 1.65793E0
27 28 1.71179E0
27 29 1.50678E0
27 30 1.2002E0
27 31 8.40354E-1
27 32 4.98472E-1
27 33 2.38993E-1
27 34 8.72405E-2
27 35 2.24906E-2
27 36 3.72513E-3
27 37 3.5247E-4
27 38 1.86153E-5
27 39 5.92211E-7
27 40 0E0
28 1 1.12581E-4
28 2 4.70905E-5
28 3 6.95697E-5
28 4 9.51295E-5
28 5 1.36507E-4
28 6 1.9424E-4
28 7 2.75538E-4
28 8 3.93443E-4
28 9 5.59161E-4
28 10 8.03005E-4
28 11 1.151E-3
28 12 1.65777E-3
28 13 2.39659E-3
28 14 3.4938E-3
28 15 5.1127E-3
28 16 7.55795E-3
28 17 1.12677E-2
28 18 1.69809E-2
28 19 2.58844E-2
28 20 4.00529E-2
28 21 6.28649E-2
28 22 1.00362E-1
28 23 1.62626E-1
28 24 2.66387E-1
28 25 4.40434E-1
28 26 7.33418E-1
28 27 1.22572E0
28 28 1.83603E0
28 29 1.82028E0
28 30 1.49678E0
28 31 1.08942E0
28 32 6.7697E-1
28 33 3.43074E-1
28 34 1.3371E-1
28 35 3.72194E-2
28 36 6.74126E-3
28 37 7.07107E-4
28 38 3.84733E-5
28 39 1.24702E-6
28 40 0E0
29 1 5.37845E-5
29 2 2.3541E-5
29 3 3.47982E-5
29 4 4.76099E-5
29 5 6.8345E-5
29 6 9.73131E-5
29 7 1.38166E-4
29 8 1.97458E-4
29 9 2.80952E-4
29 10 4.04102E-4
29 11 5.80316E-4
29 12 8.37869E-4
29 13 1.21502E-3
29 14 1.77789E-3
29 15 2.61385E-3
29 16 3.88645E-3
29 17 5.83548E-3
29 18 8.87107E-3
29 19 1.3663E-2
29 20 2.13943E-2
29 21 3.40251E-2
29 22 5.51483E-2
29 23 9.11938E-2
29 24 1.53438E-1
29 25 2.61749E-1
29 26 4.5029E-1
29 27 7.77929E-1
29 28 1.34297E0
29 29 2.03603E0
29 30 1.92298E0
29 31 1.45641E0
29 32 9.50176E-1
29 33 5.10855E-1
29 34 2.13799E-1
29 35 6.4802E-2
29 36 1.29868E-2
29 37 1.53421E-3
29 38 9.34978E-5
29 39 3.2123E-6
29 40 0E0
30 1 2.49045E-5
30 2 1.16234E-5
30 3 1.72362E-5
30 4 2.35939E-5
30 5 3.38933E-5
30 6 4.82919E-5
30 7 6.86223E-5
30 8 9.81856E-5
30 9 1.39897E-4
30 10 2.01561E-4
30 11 2.90053E-4
30 12 4.19863E-4
30 13 6.10839E-4
30 14 8.97498E-4
30 15 1.3262E-3
30 16 1.98422E-3
30 17 3.00231E-3
30 18 4.60743E-3
30 19 7.17815E-3
30 20 1.13949E-2
30 21 1.84145E-2
30 22 3.03356E-2
30 23 5.08791E-2
30 24 8.67775E-2
30 25 1.50274E-1
30 26 2.63629E-1
30 27 4.66625E-1
30 28 8.28706E-1
30 29 1.46608E0
30 30 2.23637E0
30 31 2.0005E0
30 32 1.37825E0
30 33 7.91076E-1
30 34 3.578E-1
30 35 1.18785E-1
30 36 2.6464E-2
30 37 3.53387E-3
30 38 2.45948E-4
30 39 8.95336E-6
30 40 0E0
31 1 9.17833E-6
31 2 4.69932E-6
31 3 7.17133E-6
31 4 9.93014E-6
31 5 1.42877E-5
31 6 2.0386E-5
31 7 2.90089E-5
31 8 4.15733E-5
31 9 5.93497E-5
31 10 8.57241E-5
31 11 1.23757E-4
31 12 1.79828E-4
31 13 2.62835E-4
31 14 3.88357E-4
31 15 5.77734E-4
31 16 8.71445E-4
31 17 1.33128E-3
31 18 2.06613E-3
31 19 3.26158E-3
31 20 5.25767E-3
31 21 8.65141E-3
31 22 1.45578E-2
31 23 2.49967E-2
31 24 4.37076E-2
31 25 7.7726E-2
31 26 1.40498E-1
31 27 2.57349E-1
31 28 4.74885E-1
31 29 8.75995E-1
31 30 1.60005E0
31 31 2.45532E0
31 32 2.05623E0
31 33 1.2648E0
31 34 6.22086E-1
31 35 2.28247E-1
31 36 5.71878E-2
31 37 8.75119E-3
31 38 7.10626E-4
31 39 2.75893E-5
31 40 2.73238E-6
32 1 2.28636E-6
32 2 1.3087E-6
32 3 2.15268E-6
32 4 3.21962E-6
32 5 4.88435E-6
32 6 7.14142E-6
32 7 1.02586E-5
32 8 1.47493E-5
32 9 2.11091E-5
32 10 3.05728E-5
32 11 4.4283E-5
32 12 6.46121E-5
32 13 9.49209E-5
32 14 1.41134E-4
32 15 2.11589E-4
32 16 3.22155E-4
32 17 4.97772E-4
32 18 7.8316E-4
32 19 1.25672E-3
32 20 2.06573E-3
32 21 3.47785E-3
32 22 6.01216E-3
32 23 1.06651E-2
32 24 1.93539E-2
32 25 3.57613E-2
32 26 6.70245E-2
32 27 1.27542E-1
32 28 2.45963E-1
32 29 4.76917E-1
32 30 9.19523E-1
32 31 1.74091E0
32 32 2.68809E0
32 33 2.08358E0
32 34 1.11885E0
32 35 4.56855E-1
32 36 1.30084E-1
32 37 2.31435E-2
32 38 2.23924E-3
32 39 1.00176E-4
32 40 6.27104E-6
33 1 4.48141E-7
33 2 2.56532E-7
33 3 4.2443E-7
33 4 6.49262E-7
33 5 1.04031E-6
33 6 1.65172E-6
33 7 2.59613E-6
33 8 4.03311E-6
33 9 6.02929E-6
33 10 8.90798E-6
33 11 1.3028E-5
33 12 1.91162E-5
33 13 2.82504E-5
33 14 4.23121E-5
33 15 6.40042E-5
33 16 9.85264E-5
33 17 1.54288E-4
33 18 2.467E-4
33 19 4.03558E-4
33 20 6.78648E-4
33 21 1.17377E-3
33 22 2.09442E-3
33 23 3.85645E-3
33 24 7.31801E-3
33 25 1.42212E-2
33 26 2.79356E-2
33 27 5.55491E-2
33 28 1.12335E-1
33 29 2.30261E-1
33 30 4.72963E-1
33 31 9.59126E-1
33 32 1.88885E0
33 33 2.93067E0
33 34 2.07417E0
33 35 9.47276E-1
33 36 3.09114E-1
33 37 6.47405E-2
33 38 7.59274E-3
33 39 4.20002E-4
33 40 1.29169E-5
34 1 8.27248E-8
34 2 4.73547E-8
34 3 7.83478E-8
34 4 1.19851E-7
34 5 1.9204E-7
34 6 3.05075E-7
34 7 4.82452E-7
34 8 7.63871E-7
34 9 1.18989E-6
34 10 1.84717E-6
34 11 2.83974E-6
34 12 4.35215E-6
34 13 6.59037E-6
34 14 9.99993E-6
34 15 1.5312E-5
34 16 2.39136E-5
34 17 3.80875E-5
34 18 6.21115E-5
34 19 1.03939E-4
34 20 1.79386E-4
34 21 3.19515E-4
34 22 5.89203E-4
34 23 1.12562E-3
34 24 2.22853E-3
34 25 4.56336E-3
34 26 9.58784E-3
34 27 2.03336E-2
34 28 4.36284E-2
34 29 9.53116E-2
34 30 2.10559E-1
34 31 4.63058E-1
34 32 9.94824E-1
34 33 2.04516E0
34 34 3.17902E0
34 35 2.02171E0
34 36 7.61218E-1
34 37 1.89763E-1
34 38 2.73938E-2
34 39 1.93072E-3
34 40 5.63583E-5
35 1 1.18481E-8
35 2 6.78226E-9
35 3 1.12212E-8
35 4 1.71653E-8
35 5 2.75044E-8
35 6 4.36936E-8
35 7 6.91039E-8
35 8 1.09824E-7
35 9 1.73344E-7
35 10 2.75801E-7
35 11 4.36638E-7
35 12 6.91915E-7
35 13 1.09539E-6
35 14 1.73626E-6
35 15 2.7405E-6
35 16 4.36906E-6
35 17 7.10932E-6
35 18 1.1908E-5
35 19 2.05473E-5
35 20 3.66627E-5
35 21 6.76515E-5
35 22 1.29519E-4
35 23 2.57511E-4
35 24 5.32118E-4
35 25 1.14214E-3
35 26 2.52473E-3
35 27 5.7138E-3
35 28 1.33106E-2
35 29 3.18073E-2
35 30 7.71479E-2
35 31 1.87303E-1
35 32 4.469E-1
35 33 1.02556E0
35 34 2.2078E0
35 35 3.42895E0
35 36 1.9247E0
35 37 5.75091E-1
35 38 1.03623E-1
35 39 9.51907E-3
35 40 3.6578E-4
36 1 1.57335E-9
36 2 9.0064E-10
36 3 1.4901E-9
36 4 2.27945E-9
36 5 3.65241E-9
36 6 5.80224E-9
36 7 9.17657E-9
36 8 1.45839E-8
36 9 2.3019E-8
36 10 3.66246E-8
36 11 5.79828E-8
36 12 9.1882E-8
36 13 1.45462E-7
36 14 2.3092E-7
36 15 3.65633E-7
36 16 5.83069E-7
36 17 9.42561E-7
36 18 1.58087E-6
36 19 2.74458E-6
36 20 4.9703E-6
36 21 9.46242E-6
36 22 1.88983E-5
36 23 3.97352E-5
36 24 8.80533E-5
36 25 2.05536E-4
36 26 5.03646E-4
36 27 1.27022E-3
36 28 3.22792E-3
36 29 8.31517E-3
36 30 2.19648E-2
36 31 5.92229E-2
36 32 1.59719E-1
36 33 4.1988E-1
36 34 1.04393E0
36 35 2.37564E0
36 36 3.68259E0
36 37 1.78351E0
36 38 4.03165E-1
36 39 4.91118E-2
36 40 2.66627E-3
37 1 3.4728E-10
37 2 1.988E-10
37 3 3.2891E-10
37 4 5.0314E-10
37 5 8.0619E-10
37 6 1.28072E-9
37 7 2.02552E-9
37 8 3.21907E-9
37 9 5.08093E-9
37 10 8.08407E-9
37 11 1.27984E-8
37 12 2.02809E-8
37 13 3.21076E-8
37 14 5.09705E-8
37 15 8.06758E-8
37 16 1.27969E-7
37 17 2.02817E-7
37 18 3.21468E-7
37 19 5.09135E-7
37 20 8.07365E-7
37 21 1.30238E-6
37 22 2.30513E-6
37 23 4.42487E-6
37 24 9.56947E-6
37 25 2.35266E-5
37 26 6.39827E-5
37 27 1.86141E-4
37 28 5.5464E-4
37 29 1.64066E-3
37 30 4.81232E-3
37 31 1.42451E-2
37 32 4.31618E-2
37 33 1.31244E-1
37 34 3.86111E-1
37 35 1.05315E0
37 36 2.54929E0
37 37 3.92861E0
37 38 1.60083E0
37 39 2.59253E-1
37 40 2.02894E-2
38 1 1.369E-10
38 2 7.8369E-11
38 3 1.2966E-10
38 4 1.9835E-10
38 5 3.1781E-10
38 6 5.0488E-10
38 7 7.985E-10
38 8 1.26901E-9
38 9 2.00299E-9
38 10 3.18688E-9
38 11 5.04535E-9
38 12 7.99508E-9
38 13 1.26573E-8
38 14 2.00934E-8
38 15 3.18037E-8
38 16 5.04475E-8
38 17 7.99537E-8
38 18 1.26728E-7
38 19 2.0071E-7
38 20 3.18277E-7
38 21 5.04318E-7
38 22 7.99458E-7
38 23 1.2677E-6
38 24 2.0316E-6
38 25 3.44152E-6
38 26 7.02515E-6
38 27 1.95377E-5
38 28 6.8281E-5
38 29 2.40527E-4
38 30 7.9626E-4
38 31 2.59248E-3
38 32 8.62483E-3
38 33 2.9704E-2
38 34 1.03541E-1
38 35 3.46976E-1
38 36 1.05298E0
38 37 2.7279E0
38 38 4.15863E0
38 39 1.38749E0
38 40 1.5744E-1
39 1 2.5896E-11
39 2 1.4824E-11
39 3 2.4525E-11
39 4 3.7517E-11
39 5 6.0115E-11
39 6 9.5499E-11
39 7 1.5104E-10
39 8 2.4003E-10
39 9 3.7887E-10
39 10 6.028E-10
39 11 9.5433E-10
39 12 1.51228E-9
39 13 2.39415E-9
39 14 3.80069E-9
39 15 6.01571E-9
39 16 9.54221E-9
39 17 1.51233E-8
39 18 2.39708E-8
39 19 3.79644E-8
39 20 6.02024E-8
39 21 9.53924E-8
39 22 1.51224E-7
39 23 2.4068E-7
39 24 3.90727E-7
39 25 6.57044E-7
39 26 1.1696E-6
39 27 2.38495E-6
39 28 6.34838E-6
39 29 2.35923E-5
39 30 9.42742E-5
39 31 3.48174E-4
39 32 1.26359E-3
39 33 4.76724E-3
39 34 1.90375E-2
39 35 7.79212E-2
39 36 3.04254E-1
39 37 1.04391E0
39 38 2.91107E0
39 39 4.36283E0
39 40 1.23793E0
40 1 1.2396E-11
40 2 7.0962E-12
40 3 1.1741E-11
40 4 1.796E-11
40 5 2.8777E-11
40 6 4.5716E-11
40 7 7.2302E-11
40 8 1.1491E-10
40 9 1.8137E-10
40 10 2.8857E-10
40 11 4.5685E-10
40 12 7.2394E-10
40 13 1.1461E-9
40 14 1.81943E-9
40 15 2.87978E-9
40 16 4.56794E-9
40 17 7.23968E-9
40 18 1.1475E-8
40 19 1.81739E-8
40 20 2.88194E-8
40 21 4.56652E-8
40 22 7.2389E-8
40 23 1.14728E-7
40 24 1.8181E-7
40 25 2.88165E-7
40 26 4.56708E-7
40 27 7.23828E-7
40 28 1.15781E-6
40 29 2.16879E-6
40 30 6.36555E-6
40 31 2.53285E-5
40 32 1.03887E-4
40 33 4.47646E-4
40 34 2.08953E-3
40 35 1.05608E-2
40 36 5.4358E-2
40 37 2.58867E-1
40 38 1.02828E0
40 39 3.10143E0
40 40 5.49657E0
