1 1.13076E0
2 1.00887E0
3 8.98665E-1
4 8.0055E-1
5 7.13922E-1
6 6.36305E-1
7 5.67086E-1
8 5.05238E-1
9 4.50443E-1
10 4.01378E-1
11 3.57648E-1
12 3.18852E-1
13 2.8413E-1
14 2.53269E-1
15 2.25683E-1
16 2.01175E-1
17 1.79301E-1
18 1.59756E-1
19 1.42431E-1
20 1.26915E-1
21 1.131E-1
22 1.00831E-1
23 8.98423E-2
24 8.00615E-2
25 7.13478E-2
26 6.3604E-2
27 5.66707E-2
28 5.0499E-2
29 4.50174E-2
30 4.01064E-2
31 3.57344E-2
32 3.18574E-2
33 2.83845E-2
34 2.52827E-2
35 2.25405E-2
36 2.00944E-2
37 1.79234E-2
38 1.60685E-2
39 1.43022E-2
40 1.27093E-2
