1 4.80211E-2
2 4.80211E-2
3 4.80211E-2
4 4.80211E-2
5 4.80211E-2
6 4.80211E-2
7 4.80211E-2
8 4.80211E-2
9 4.80211E-2
10 4.80211E-2
11 4.80211E-2
12 4.80211E-2
13 4.80211E-2
14 4.80211E-2
15 4.80211E-2
16 4.80211E-2
17 4.80211E-2
18 4.80211E-2
19 4.80211E-2
20 4.80211E-2
21 4.80211E-2
22 4.80211E-2
23 4.80211E-2
24 4.80211E-2
25 4.80211E-2
26 4.80212E-2
27 4.80212E-2
28 4.80212E-2
29 4.80212E-2
30 4.80212E-2
31 4.80212E-2
32 4.80212E-2
33 4.80212E-2
34 4.80213E-2
35 4.80213E-2
36 4.80213E-2
37 4.80214E-2
38 4.80214E-2
39 4.80214E-2
40 4.80214E-2
