1 1.13075E0
2 1.00887E0
3 8.9866E-1
4 8.00545E-1
5 7.13916E-1
6 6.363E-1
7 5.6708E-1
8 5.05233E-1
9 4.50437E-1
10 4.01373E-1
11 3.57643E-1
12 3.18847E-1
13 2.84126E-1
14 2.53265E-1
15 2.2568E-1
16 2.01173E-1
17 1.793E-1
18 1.59757E-1
19 1.42433E-1
20 1.26919E-1
21 1.13104E-1
22 1.00835E-1
23 8.98462E-2
24 8.00644E-2
25 7.135E-2
26 6.36054E-2
27 5.66709E-2
28 5.04987E-2
29 4.50195E-2
30 4.0109E-2
31 3.57316E-2
32 3.18563E-2
33 2.83893E-2
34 2.52808E-2
35 2.25373E-2
36 2.00971E-2
37 1.79152E-2
38 1.60721E-2
39 1.4304E-2
40 1.27061E-2
