1 1 4.28294E-1
1 2 1.58703E-1
1 3 2.07841E-1
1 4 2.51477E-1
1 5 3.19085E-1
1 6 4.00271E-1
1 7 4.99219E-1
1 8 6.24471E-1
1 9 7.7423E-1
1 10 9.64708E-1
1 11 1.19144E0
1 12 1.46636E0
1 13 1.79281E0
1 14 2.18173E0
1 15 2.62281E0
1 16 3.12336E0
1 17 3.66221E0
1 18 4.21638E0
1 19 4.74066E0
1 20 5.18475E0
1 21 5.46314E0
1 22 5.50026E0
1 23 5.22644E0
1 24 4.61945E0
1 25 3.72941E0
1 26 2.68676E0
1 27 1.6784E0
1 28 8.77185E-1
1 29 3.66822E-1
1 30 1.16143E-1
1 31 2.6009E-2
1 32 3.78591E-3
1 33 3.22954E-4
1 34 1.58342E-5
1 35 1.04153E-6
1 36 2.64216E-8
1 37 0E0
1 38 0E0
1 39 0E0
1 40 0E0
2 1 3.39592E-1
2 2 1.3853E-1
2 3 1.85762E-1
2 4 2.24868E-1
2 5 2.85323E-1
2 6 3.57923E-1
2 7 4.46404E-1
2 8 5.5841E-1
2 9 6.92337E-1
2 10 8.62679E-1
2 11 1.06546E0
2 12 1.31133E0
2 13 1.60332E0
2 14 1.95116E0
2 15 2.34585E0
2 16 2.7937E0
2 17 3.27589E0
2 18 3.77194E0
2 19 4.24146E0
2 20 4.63941E0
2 21 4.88964E0
2 22 4.924E0
2 23 4.68023E0
2 24 4.1382E0
2 25 3.34253E0
2 26 2.40953E0
2 27 1.50638E0
2 28 7.88032E-1
2 29 3.29913E-1
2 30 1.04609E-1
2 31 2.34692E-2
2 32 3.42367E-3
2 33 2.92871E-4
2 34 1.45289E-5
2 35 9.49034E-7
2 36 2.42064E-8
2 37 0E0
2 38 0E0
2 39 0E0
2 40 0E0
3 1 2.6743E-1
3 2 1.1233E-1
3 3 1.62006E-1
3 4 2.00803E-1
3 5 2.54874E-1
3 6 3.19728E-1
3 7 3.98773E-1
3 8 4.98832E-1
3 9 6.1848E-1
3 10 7.70666E-1
3 11 9.51843E-1
3 12 1.17153E0
3 13 1.43245E0
3 14 1.74328E0
3 15 2.09607E0
3 16 2.49648E0
3 17 2.92763E0
3 18 3.37133E0
3 19 3.79155E0
3 20 4.14804E0
3 21 4.3729E0
3 22 4.40501E0
3 23 4.18852E0
3 24 3.70519E0
3 25 2.99457E0
3 26 2.16037E0
3 27 1.35193E0
3 28 7.08077E-1
3 29 2.96869E-1
3 30 9.4304E-2
3 31 2.12055E-2
3 32 3.10196E-3
3 33 2.66303E-4
3 34 1.39943E-5
3 35 8.68082E-7
3 36 2.23088E-8
3 37 0E0
3 38 0E0
3 39 0E0
3 40 0E0
4 1 2.08098E-1
4 2 8.81497E-2
4 3 1.3123E-1
4 4 1.75512E-1
4 5 2.27796E-1
4 6 2.85831E-1
4 7 3.565E-1
4 8 4.45961E-1
4 9 5.52937E-1
4 10 6.89013E-1
4 11 8.51019E-1
4 12 1.04749E0
4 13 1.28084E0
4 14 1.55888E0
4 15 1.87443E0
4 16 2.23282E0
4 17 2.61873E0
4 18 3.01612E0
4 19 3.39266E0
4 20 3.71256E0
4 21 3.91492E0
4 22 3.9453E0
4 23 3.75327E0
4 24 3.32218E0
4 25 2.68694E0
4 26 1.94032E0
4 27 1.2157E0
4 28 6.37668E-1
4 29 2.67839E-1
4 30 8.52789E-2
4 31 1.92294E-2
4 32 2.82253E-3
4 33 2.43419E-4
4 34 1.43658E-5
4 35 7.99268E-7
4 36 2.06806E-8
4 37 0E0
4 38 0E0
4 39 0E0
4 40 0E0
5 1 1.67052E-1
5 2 6.99894E-2
5 3 1.03929E-1
5 4 1.42526E-1
5 5 1.99553E-1
5 6 2.55981E-1
5 7 3.19327E-1
5 8 3.99467E-1
5 9 4.95304E-1
5 10 6.17215E-1
5 11 7.62367E-1
5 12 9.38416E-1
5 13 1.14755E0
5 14 1.39676E0
5 15 1.67961E0
5 16 2.00105E0
5 17 2.34729E0
5 18 2.70402E0
5 19 3.04229E0
5 20 3.33018E0
5 21 3.51293E0
5 22 3.54194E0
5 23 3.37163E0
5 24 2.98663E0
5 25 2.41774E0
5 26 1.74797E0
5 27 1.09682E0
5 28 5.76363E-1
5 29 2.42636E-1
5 30 7.74716E-2
5 31 1.75285E-2
5 32 2.58376E-3
5 33 2.2403E-4
5 34 1.41258E-5
5 35 7.4177E-7
5 36 1.93758E-8
5 37 0E0
5 38 0E0
5 39 0E0
5 40 0E0
6 1 1.32153E-1
6 2 5.50971E-2
6 3 8.1931E-2
6 4 1.12469E-1
6 5 1.61727E-1
6 6 2.24446E-1
6 7 2.86164E-1
6 8 3.58029E-1
6 9 4.43937E-1
6 10 5.53228E-1
6 11 6.83363E-1
6 12 8.41217E-1
6 13 1.02877E0
6 14 1.2523E0
6 15 1.50608E0
6 16 1.79457E0
6 17 2.10559E0
6 18 2.42616E0
6 19 2.73046E0
6 20 2.98998E0
6 21 3.15553E0
6 22 3.1835E0
6 23 3.03277E0
6 24 2.68901E0
6 25 2.1794E0
6 26 1.5779E0
6 27 9.91948E-1
6 28 5.22448E-1
6 29 2.2056E-1
6 30 7.06683E-2
6 31 1.60574E-2
6 32 2.37944E-3
6 33 2.07652E-4
6 34 1.31634E-5
6 35 6.94407E-7
6 36 1.83585E-8
6 37 0E0
6 38 0E0
6 39 0E0
6 40 0E0
7 1 1.01293E-1
7 2 4.20895E-2
7 3 6.33243E-2
7 4 8.77569E-2
7 5 1.26902E-1
7 6 1.81418E-1
7 7 2.51271E-1
7 8 3.213E-1
7 9 3.98437E-1
7 10 4.96551E-1
7 11 6.13394E-1
7 12 7.55138E-1
7 13 9.23585E-1
7 14 1.12439E0
7 15 1.35247E0
7 16 1.61183E0
7 17 1.89171E0
7 18 2.18033E0
7 19 2.45475E0
7 20 2.68925E0
7 21 2.8399E0
7 22 2.86721E0
7 23 2.73402E0
7 24 2.42695E0
7 25 1.96997E0
7 26 1.42879E0
7 27 9.00261E-1
7 28 4.75499E-1
7 29 2.01441E-1
7 30 6.48195E-2
7 31 1.4806E-2
7 32 2.20819E-3
7 33 1.94213E-4
7 34 1.23944E-5
7 35 6.57904E-7
7 36 1.76234E-8
7 37 0E0
7 38 0E0
7 39 0E0
7 40 0E0
8 1 7.8815E-2
8 2 3.27637E-2
8 3 4.9336E-2
8 4 6.85645E-2
8 5 9.93955E-2
8 6 1.42341E-1
8 7 2.02709E-1
8 8 2.8242E-1
8 9 3.58113E-1
8 10 4.4634E-1
8 11 5.51411E-1
8 12 6.78895E-1
8 13 8.30433E-1
8 14 1.01114E0
8 15 1.21647E0
8 16 1.45011E0
8 17 1.70242E0
8 18 1.96291E0
8 19 2.21103E0
8 20 2.42357E0
8 21 2.56128E0
8 22 2.58832E0
8 23 2.47094E0
8 24 2.19662E0
8 25 1.78628E0
8 26 1.29847E0
8 27 8.20429E-1
8 28 4.34849E-1
8 29 1.85012E-1
8 30 5.98466E-2
8 31 1.37584E-2
8 32 2.06807E-3
8 33 1.83613E-4
8 34 1.18105E-5
8 35 6.31331E-7
8 36 1.72184E-8
8 37 0E0
8 38 0E0
8 39 0E0
8 40 0E0
9 1 6.40748E-2
9 2 2.61025E-2
9 3 3.86528E-2
9 4 5.33346E-2
9 5 7.76178E-2
9 6 1.11619E-1
9 7 1.59252E-1
9 8 2.28065E-1
9 9 3.15737E-1
9 10 4.02315E-1
9 11 4.97078E-1
9 12 6.12075E-1
9 13 7.48809E-1
9 14 9.11921E-1
9 15 1.09738E0
9 16 1.30854E0
9 17 1.53673E0
9 18 1.77278E0
9 19 1.99804E0
9 20 2.19163E0
9 21 2.31825E0
9 22 2.3455E0
9 23 2.24234E0
9 24 1.997E0
9 25 1.62758E0
9 26 1.18649E0
9 27 7.52215E-1
9 28 4.0041E-1
9 29 1.71257E-1
9 30 5.57529E-2
9 31 1.29177E-2
9 32 1.96004E-3
9 33 1.75999E-4
9 34 1.14227E-5
9 35 6.15252E-7
9 36 1.71762E-8
9 37 0E0
9 38 0E0
9 39 0E0
9 40 0E0
10 1 4.97427E-2
10 2 2.02374E-2
10 3 3.00955E-2
10 4 4.1618E-2
10 5 6.05328E-2
10 6 8.71772E-2
10 7 1.24609E-1
10 8 1.78636E-1
10 9 2.54343E-1
10 10 3.55284E-1
10 11 4.49106E-1
10 12 5.5309E-1
10 13 6.76768E-1
10 14 8.2437E-1
10 15 9.92306E-1
10 16 1.1837E0
10 17 1.39077E0
10 18 1.60536E0
10 19 1.81066E0
10 20 1.98784E0
10 21 2.10502E0
10 22 2.13284E0
10 23 2.04263E0
10 24 1.82317E0
10 25 1.48998E0
10 26 1.08994E0
10 27 6.93901E-1
10 28 3.71301E-1
10 29 1.59824E-1
10 30 5.2436E-2
10 31 1.22643E-2
10 32 1.88202E-3
10 33 1.71329E-4
10 34 1.12366E-5
10 35 6.10899E-7
10 36 1.75158E-8
10 37 0E0
10 38 0E0
10 39 0E0
10 40 0E0
11 1 3.79483E-2
11 2 1.54351E-2
11 3 2.29047E-2
11 4 3.16039E-2
11 5 4.60043E-2
11 6 6.67086E-2
11 7 9.61313E-2
11 8 1.38601E-1
11 9 1.98075E-1
11 10 2.85278E-1
11 11 3.97558E-1
11 12 5.01521E-1
11 13 6.13808E-1
11 14 7.47891E-1
11 15 9.00555E-1
11 16 1.07476E0
11 17 1.2635E0
11 18 1.45944E0
11 19 1.64758E0
11 20 1.8108E0
11 21 1.92014E0
11 22 1.94888E0
11 23 1.87051E0
11 24 1.67404E0
11 25 1.37267E0
11 26 1.00831E0
11 27 6.45233E-1
11 28 3.47437E-1
11 29 1.5071E-1
11 30 4.99104E-2
11 31 1.18062E-2
11 32 1.83641E-3
11 33 1.69921E-4
11 34 1.12842E-5
11 35 6.19864E-7
11 36 1.83684E-8
11 37 0E0
11 38 0E0
11 39 0E0
11 40 0E0
12 1 3.0649E-2
12 2 1.24459E-2
12 3 1.8389E-2
12 4 2.51797E-2
12 5 3.62209E-2
12 6 5.16749E-2
12 7 7.40041E-2
12 8 1.07205E-1
12 9 1.53947E-1
12 10 2.22236E-1
12 11 3.19192E-1
12 12 4.45715E-1
12 13 5.59172E-1
12 14 6.81578E-1
12 15 8.2108E-1
12 16 9.8042E-1
12 17 1.15339E0
12 18 1.33343E0
12 19 1.50701E0
12 20 1.65857E0
12 21 1.76163E0
12 22 1.79184E0
12 23 1.72435E0
12 24 1.54835E0
12 25 1.27484E0
12 26 9.41149E-1
12 27 6.06031E-1
12 28 3.28812E-1
12 29 1.43958E-1
12 30 4.82089E-2
12 31 1.1557E-2
12 32 1.8263E-3
12 33 1.7216E-4
12 34 1.1595E-5
12 35 6.43403E-7
12 36 1.98566E-8
12 37 0E0
12 38 0E0
12 39 0E0
12 40 0E0
13 1 2.23126E-2
13 2 9.06685E-3
13 3 1.33993E-2
13 4 1.83297E-2
13 5 2.63791E-2
13 6 3.79017E-2
13 7 5.46951E-2
13 8 7.99394E-2
13 9 1.1641E-1
13 10 1.69943E-1
13 11 2.45866E-1
13 12 3.55804E-1
13 13 4.98644E-1
13 14 6.24361E-1
13 15 7.5255E-1
13 16 8.99171E-1
13 17 1.05864E0
13 18 1.22515E0
13 19 1.3865E0
13 20 1.52846E0
13 21 1.62664E0
13 22 1.65873E0
13 23 1.60139E0
13 24 1.44349E0
13 25 1.19434E0
13 26 8.86965E-1
13 27 5.75367E-1
13 28 3.15007E-1
13 29 1.39424E-1
13 30 4.73102E-2
13 31 1.15221E-2
13 32 1.85532E-3
13 33 1.78779E-4
13 34 1.2245E-5
13 35 6.87466E-7
13 36 2.23016E-8
13 37 0E0
13 38 0E0
13 39 0E0
13 40 0E0
14 1 1.85621E-2
14 2 7.53907E-3
14 3 1.11369E-2
14 4 1.5229E-2
14 5 2.18557E-2
14 6 3.11453E-2
14 7 4.43592E-2
14 8 6.36318E-2
14 9 9.08967E-2
14 10 1.31946E-1
14 11 1.90645E-1
14 12 2.75437E-1
14 13 3.98225E-1
14 14 5.59392E-1
14 15 6.93586E-1
14 16 8.29394E-1
14 17 9.77538E-1
14 18 1.13256E0
14 19 1.28399E0
14 20 1.41838E0
14 21 1.51325E0
14 22 1.54796E0
14 23 1.50045E0
14 24 1.35897E0
14 25 1.13118E0
14 26 8.46191E-1
14 27 5.53824E-1
14 28 3.06519E-1
14 29 1.37429E-1
14 30 4.7358E-2
14 31 1.17452E-2
14 32 1.93177E-3
14 33 1.90708E-4
14 34 1.32907E-5
14 35 7.5358E-7
14 36 2.59377E-8
14 37 0E0
14 38 0E0
14 39 0E0
14 40 0E0
15 1 1.4248E-2
15 2 5.78842E-3
15 3 8.55207E-3
15 4 1.16945E-2
15 5 1.67807E-2
15 6 2.38831E-2
15 7 3.39243E-2
15 8 4.86733E-2
15 9 6.98281E-2
15 10 1.01371E-1
15 11 1.46397E-1
15 12 2.1161E-1
15 13 3.06054E-1
15 14 4.45261E-1
15 15 6.25086E-1
15 16 7.70754E-1
15 17 9.09548E-1
15 18 1.05555E0
15 19 1.19883E0
15 20 1.32749E0
15 21 1.42054E0
15 22 1.45843E0
15 23 1.42039E0
15 24 1.29405E0
15 25 1.08464E0
15 26 8.184E-1
15 27 5.41208E-1
15 28 3.03295E-1
15 29 1.38067E-1
15 30 4.84395E-2
15 31 1.22683E-2
15 32 2.0678E-3
15 33 2.09987E-4
15 34 1.48694E-5
15 35 8.55399E-7
15 36 3.15533E-8
15 37 0E0
15 38 0E0
15 39 0E0
15 40 0E0
16 1 1.06161E-2
16 2 4.3145E-3
16 3 6.37599E-3
16 4 8.72146E-3
16 5 1.25176E-2
16 6 1.78191E-2
16 7 2.52903E-2
16 8 3.6203E-2
16 9 5.18297E-2
16 10 7.53153E-2
16 11 1.09463E-1
16 12 1.59495E-1
16 13 2.32042E-1
16 14 3.38968E-1
16 15 4.9535E-1
16 16 6.99933E-1
16 17 8.5454E-1
16 18 9.93546E-1
16 19 1.13092E0
16 20 1.25585E0
16 21 1.34855E0
16 22 1.39045E0
16 23 1.36144E0
16 24 1.24876E0
16 25 1.0552E0
16 26 8.04171E-1
16 27 5.38221E-1
16 28 3.06016E-1
16 29 1.41758E-1
16 30 5.07716E-2
16 31 1.31749E-2
16 32 2.28452E-3
16 33 2.39689E-4
16 34 1.58211E-5
16 35 1.0082E-6
16 36 4.04477E-8
16 37 0E0
16 38 0E0
16 39 0E0
16 40 0E0
17 1 8.30494E-3
17 2 3.37459E-3
17 3 4.98614E-3
17 4 6.81971E-3
17 5 9.78816E-3
17 6 1.39314E-2
17 7 1.9771E-2
17 8 2.82623E-2
17 9 4.02783E-2
17 10 5.81406E-2
17 11 8.38921E-2
17 12 1.21545E-1
17 13 1.76284E-1
17 14 2.57071E-1
17 15 3.75413E-1
17 16 5.52437E-1
17 17 7.81985E-1
17 18 9.44169E-1
17 19 1.07765E0
17 20 1.2008E0
17 21 1.29484E0
17 22 1.34193E0
17 23 1.32222E0
17 24 1.22247E0
17 25 1.04298E0
17 26 8.04175E-1
17 27 5.45876E-1
17 28 3.15629E-1
17 29 1.49161E-1
17 30 5.46935E-2
17 31 1.45867E-2
17 32 2.61061E-3
17 33 2.83881E-4
17 34 1.80125E-5
17 35 1.22957E-6
17 36 5.43732E-8
17 37 0E0
17 38 0E0
17 39 0E0
17 40 0E0
18 1 6.09176E-3
18 2 2.47661E-3
18 3 3.6601E-3
18 4 5.00725E-3
18 5 7.18836E-3
18 6 1.02351E-2
18 7 1.45308E-2
18 8 2.07664E-2
18 9 2.95682E-2
18 10 4.26389E-2
18 11 6.15329E-2
18 12 8.94158E-2
18 13 1.30392E-1
18 14 1.91108E-1
18 15 2.80167E-1
18 16 4.13638E-1
18 17 6.13846E-1
18 18 8.7344E-1
18 19 1.04027E0
18 20 1.16359E0
18 21 1.2608E0
18 22 1.31432E0
18 23 1.30425E0
18 24 1.21675E0
18 25 1.04948E0
18 26 8.19954E-1
18 27 5.65543E-1
18 28 3.33282E-1
18 29 1.61106E-1
18 30 6.06712E-2
18 31 1.66919E-2
18 32 3.09696E-3
18 33 3.50928E-4
18 34 2.30322E-5
18 35 1.57159E-6
18 36 7.76647E-8
18 37 0E0
18 38 0E0
18 39 0E0
18 40 0E0
19 1 4.21328E-3
19 2 1.7153E-3
19 3 2.53605E-3
19 4 3.47099E-3
19 5 4.98604E-3
19 6 7.10461E-3
19 7 1.00949E-2
19 8 1.44416E-2
19 9 2.05725E-2
19 10 2.96581E-2
19 11 4.28134E-2
19 12 6.23861E-2
19 13 9.16765E-2
19 14 1.36296E-1
19 15 2.02668E-1
19 16 3.02363E-1
19 17 4.52455E-1
19 18 6.80809E-1
19 19 9.75442E-1
19 20 1.14605E0
19 21 1.2484E0
19 22 1.30998E0
19 23 1.31031E0
19 24 1.23439E0
19 25 1.07771E0
19 26 8.54463E-1
19 27 5.99881E-1
19 28 3.61132E-1
19 29 1.79039E-1
19 30 6.94858E-2
19 31 1.98058E-2
19 32 3.83019E-3
19 33 4.55444E-4
19 34 3.08569E-5
19 35 2.13153E-6
19 36 1.19218E-7
19 37 0E0
19 38 0E0
19 39 0E0
19 40 0E0
20 1 3.17944E-3
20 2 1.29439E-3
20 3 1.9135E-3
20 4 2.61871E-3
20 5 3.76104E-3
20 6 5.35858E-3
20 7 7.61376E-3
20 8 1.08911E-2
20 9 1.55113E-2
20 10 2.23321E-2
20 11 3.21077E-2
20 12 4.64369E-2
20 13 6.75042E-2
20 14 9.89928E-2
20 15 1.46379E-1
20 16 2.19118E-1
20 17 3.29063E-1
20 18 4.96893E-1
20 19 7.54714E-1
20 20 1.08683E0
20 21 1.25241E0
20 22 1.32452E0
20 23 1.33776E0
20 24 1.2748E0
20 25 1.12911E0
20 26 9.10742E-1
20 27 6.52684E-1
20 28 4.02657E-1
20 29 2.05438E-1
20 30 8.24502E-2
20 31 2.44297E-2
20 32 4.9383E-3
20 33 6.17382E-4
20 34 4.32439E-5
20 35 2.99735E-6
20 36 1.90421E-7
20 37 0E0
20 38 0E0
20 39 0E0
20 40 0E0
21 1 2.27034E-3
21 2 9.24347E-4
21 3 1.36675E-3
21 4 1.87083E-3
21 5 2.68783E-3
21 6 3.83091E-3
21 7 5.44507E-3
21 8 7.79269E-3
21 9 1.1106E-2
21 10 1.60036E-2
21 11 2.30298E-2
21 12 3.33333E-2
21 13 4.85104E-2
21 14 7.13655E-2
21 15 1.05469E-1
21 16 1.57165E-1
21 17 2.35666E-1
21 18 3.5629E-1
21 19 5.42885E-1
21 20 8.35146E-1
21 21 1.20853E0
21 22 1.36364E0
21 23 1.3921E0
21 24 1.34392E0
21 25 1.20927E0
21 26 9.94317E-1
21 27 7.29104E-1
21 28 4.62205E-1
21 29 2.43512E-1
21 30 1.01452E-1
21 31 3.13954E-2
21 32 6.67103E-3
21 33 8.82877E-4
21 34 6.53435E-5
21 35 4.493E-6
21 36 3.25245E-7
21 37 0E0
21 38 0E0
21 39 0E0
21 40 0E0
22 1 1.52415E-3
22 2 6.21402E-4
22 3 9.19081E-4
22 4 1.25861E-3
22 5 1.80919E-3
22 6 2.58007E-3
22 7 3.67012E-3
22 8 5.25776E-3
22 9 7.50197E-3
22 10 1.08261E-2
22 11 1.56076E-2
22 12 2.26328E-2
22 13 3.29979E-2
22 14 4.86409E-2
22 15 7.21298E-2
22 16 1.08047E-1
22 17 1.62953E-1
22 18 2.47931E-1
22 19 3.80463E-1
22 20 5.90012E-1
22 21 9.21889E-1
22 22 1.34465E0
22 23 1.47913E0
22 24 1.44836E0
22 25 1.32569E0
22 26 1.11314E0
22 27 8.36992E-1
22 28 5.46739E-1
22 29 2.98463E-1
22 30 1.29633E-1
22 31 4.21188E-2
22 32 9.46828E-3
22 33 1.33693E-3
22 34 1.05851E-4
22 35 7.22383E-6
22 36 5.96721E-7
22 37 0E0
22 38 0E0
22 39 0E0
22 40 0E0
23 1 9.50939E-4
23 2 3.88737E-4
23 3 5.7529E-4
23 4 7.88257E-4
23 5 1.1339E-3
23 6 1.61869E-3
23 7 2.30523E-3
23 8 3.30721E-3
23 9 4.7277E-3
23 10 6.83763E-3
23 11 9.88429E-3
23 12 1.43813E-2
23 13 2.10401E-2
23 14 3.11138E-2
23 15 4.63337E-2
23 16 6.99415E-2
23 17 1.06725E-1
23 18 1.64606E-1
23 19 2.55951E-1
23 20 4.02059E-1
23 21 6.36585E-1
23 22 1.0158E0
23 23 1.49535E0
23 24 1.59716E0
23 25 1.48894E0
23 26 1.27846E0
23 27 9.87835E-1
23 28 6.6668E-1
23 29 3.78385E-1
23 30 1.72109E-1
23 31 5.90343E-2
23 32 1.41412E-2
23 33 2.14954E-3
23 34 1.8447E-4
23 35 1.09465E-5
23 36 7.05359E-7
23 37 0E0
23 38 0E0
23 39 0E0
23 40 0E0
24 1 5.8499E-4
24 2 2.39812E-4
24 3 3.55017E-4
24 4 4.86748E-4
24 5 7.00686E-4
24 6 1.00103E-3
24 7 1.42719E-3
24 8 2.05028E-3
24 9 2.93549E-3
24 10 4.25436E-3
24 11 6.16553E-3
24 12 8.9976E-3
24 13 1.32123E-2
24 14 1.96149E-2
24 15 2.93207E-2
24 16 4.44347E-2
24 17 6.81357E-2
24 18 1.05835E-1
24 19 1.66251E-1
24 20 2.6422E-1
24 21 4.23807E-1
24 22 6.86044E-1
24 23 1.11736E0
24 24 1.65769E0
24 25 1.7107E0
24 26 1.50555E0
24 27 1.19879E0
24 28 8.38807E-1
24 29 4.97043E-1
24 30 2.37895E-1
24 31 8.66155E-2
24 32 2.22415E-2
24 33 3.66276E-3
24 34 3.43649E-4
24 35 1.83325E-5
24 36 5.44457E-7
24 37 0E0
24 38 0E0
24 39 0E0
24 40 0E0
25 1 3.34252E-4
25 2 1.37561E-4
25 3 2.03772E-4
25 4 2.79556E-4
25 5 4.02766E-4
25 6 5.76093E-4
25 7 8.22456E-4
25 8 1.18357E-3
25 9 1.69829E-3
25 10 2.46769E-3
25 11 3.58781E-3
25 12 5.25693E-3
25 13 7.75674E-3
25 14 1.15827E-2
25 15 1.74277E-2
25 16 2.66017E-2
25 17 4.11356E-2
25 18 6.45228E-2
25 19 1.02528E-1
25 20 1.65211E-1
25 21 2.69151E-1
25 22 4.43282E-1
25 23 7.35814E-1
25 24 1.22652E0
25 25 1.83468E0
25 26 1.8183E0
25 27 1.49512E0
25 28 1.08792E0
25 29 6.75637E-1
25 30 3.41952E-1
25 31 1.32975E-1
25 32 3.68752E-2
25 33 6.63949E-3
25 34 6.9001E-4
25 35 3.78446E-5
25 36 1.19292E-6
25 37 0E0
25 38 0E0
25 39 0E0
25 40 0E0
26 1 1.61087E-4
26 2 6.72848E-5
26 3 9.97295E-5
26 4 1.36921E-4
26 5 1.97447E-4
26 6 2.82732E-4
26 7 4.04219E-4
26 8 5.82803E-4
26 9 8.38277E-4
26 10 1.22181E-3
26 11 1.78338E-3
26 12 2.62596E-3
26 13 3.89889E-3
26 14 5.86803E-3
26 15 8.91594E-3
26 16 1.37688E-2
26 17 2.15818E-2
26 18 3.44343E-2
26 19 5.59066E-2
26 20 9.24702E-2
26 21 1.5522E-1
26 22 2.63932E-1
26 23 4.52537E-1
26 24 7.79697E-1
26 25 1.34349E0
26 26 2.03535E0
26 27 1.92273E0
26 28 1.45554E0
26 29 9.48853E-1
26 30 5.09415E-1
26 31 2.12734E-1
26 32 6.42719E-2
26 33 1.28245E-2
26 34 1.5064E-3
26 35 9.12855E-5
26 36 3.12611E-6
26 37 0E0
26 38 0E0
26 39 0E0
26 40 0E0
27 1 7.84294E-5
27 2 3.34704E-5
27 3 4.96453E-5
27 4 6.82307E-5
27 5 9.85162E-5
27 6 1.41279E-4
27 7 2.02378E-4
27 8 2.92427E-4
27 9 4.21791E-4
27 10 6.16917E-4
27 11 9.04263E-4
27 12 1.33829E-3
27 13 1.99923E-3
27 14 3.03086E-3
27 15 4.6457E-3
27 16 7.24854E-3
27 17 1.14965E-2
27 18 1.85724E-2
27 19 3.05378E-2
27 20 5.11782E-2
27 21 8.71372E-2
27 22 1.50775E-1
27 23 2.64417E-1
27 24 4.67722E-1
27 25 8.30228E-1
27 26 1.46809E0
27 27 2.23707E0
27 28 1.99979E0
27 29 1.37693E0
27 30 7.89497E-1
27 31 3.56524E-1
27 32 1.18059E-1
27 33 2.61993E-2
27 34 3.4773E-3
27 35 2.39746E-4
27 36 8.71095E-6
27 37 0E0
27 38 0E0
27 39 0E0
27 40 0E0
28 1 3.08705E-5
28 2 1.38969E-5
28 3 2.06364E-5
28 4 2.83937E-5
28 5 4.10476E-5
28 6 5.89589E-5
28 7 8.4626E-5
28 8 1.22603E-4
28 9 1.77394E-4
28 10 2.60466E-4
28 11 3.83614E-4
28 12 5.71104E-4
28 13 8.59424E-4
28 14 1.31467E-3
28 15 2.03713E-3
28 16 3.22103E-3
28 17 5.19198E-3
28 18 8.5545E-3
28 19 1.4403E-2
28 20 2.47893E-2
28 21 4.34116E-2
28 22 7.73306E-2
28 23 1.39975E-1
28 24 2.56697E-1
28 25 4.74299E-1
28 26 8.75895E-1
28 27 1.60142E0
28 28 2.45854E0
28 29 2.05752E0
28 30 1.26359E0
28 31 6.20208E-1
28 32 2.26952E-1
28 33 5.66841E-2
28 34 8.64299E-3
28 35 6.99432E-4
28 36 2.7242E-5
28 37 1.54151E-6
28 38 8.39863E-7
28 39 0E0
28 40 0E0
29 1 8.88832E-6
29 2 4.73982E-6
29 3 7.2327E-6
29 4 1.00507E-5
29 5 1.45506E-5
29 6 2.09083E-5
29 7 3.00153E-5
29 8 4.34891E-5
29 9 6.29368E-5
29 10 9.24523E-5
29 11 1.3629E-4
29 12 2.0326E-4
29 13 3.06747E-4
29 14 4.71369E-4
29 15 7.3545E-4
29 16 1.17463E-3
29 17 1.92045E-3
29 18 3.22553E-3
29 19 5.57076E-3
29 20 9.92073E-3
29 21 1.81621E-2
29 22 3.39905E-2
29 23 6.44326E-2
29 24 1.2357E-1
29 25 2.39689E-1
29 26 4.68302E-1
29 27 9.11335E-1
29 28 1.74108E0
29 29 2.70303E0
29 30 2.08943E0
29 31 1.11652E0
29 32 4.53701E-1
29 33 1.28761E-1
29 34 2.29021E-2
29 35 2.2264E-3
29 36 1.00741E-4
29 37 5.8796E-6
29 38 1.63611E-6
29 39 0E0
29 40 0E0
30 1 2.09337E-6
30 2 1.19409E-6
30 3 1.91793E-6
30 4 2.79852E-6
30 5 4.20924E-6
30 6 6.19076E-6
30 7 8.99683E-6
30 8 1.31193E-5
30 9 1.91182E-5
30 10 2.83156E-5
30 11 4.21567E-5
30 12 6.36133E-5
30 13 9.7353E-5
30 14 1.52074E-4
30 15 2.41866E-4
30 16 3.94984E-4
30 17 6.62568E-4
30 18 1.14622E-3
30 19 2.04824E-3
30 20 3.79224E-3
30 21 7.224E-3
30 22 1.40506E-2
30 23 2.7719E-2
30 24 5.53082E-2
30 25 1.11642E-1
30 26 2.28461E-1
30 27 4.69752E-1
30 28 9.55107E-1
30 29 1.88719E0
30 30 2.93795E0
30 31 2.07788E0
30 32 9.45019E-1
30 33 3.07054E-1
30 34 6.40567E-2
30 35 7.50481E-3
30 36 4.1728E-4
30 37 1.32241E-5
30 38 1.5457E-6
30 39 0E0
30 40 0E0
31 1 3.54399E-7
31 2 2.02871E-7
31 3 3.35648E-7
31 4 5.1345E-7
31 5 8.22504E-7
31 6 1.29495E-6
31 7 1.99401E-6
31 8 3.03568E-6
31 9 4.50968E-6
31 10 6.75033E-6
31 11 1.01306E-5
31 12 1.54327E-5
31 13 2.38851E-5
31 14 3.78126E-5
31 15 6.10964E-5
31 16 1.01638E-4
31 17 1.74214E-4
31 18 3.09049E-4
31 19 5.68482E-4
31 20 1.08901E-3
31 21 2.16984E-3
31 22 4.48026E-3
31 23 9.45588E-3
31 24 2.02198E-2
31 25 4.36493E-2
31 26 9.48958E-2
31 27 2.08717E-1
31 28 4.59394E-1
31 29 9.90531E-1
31 30 2.04489E0
31 31 3.18666E0
31 32 2.0235E0
31 33 7.5869E-1
31 34 1.88267E-1
31 35 2.70833E-2
31 36 1.90909E-3
31 37 5.53494E-5
31 38 9.92895E-7
31 39 6.6951E-9
31 40 0E0
32 1 4.89485E-8
32 2 2.80199E-8
32 3 4.63586E-8
32 4 7.09161E-8
32 5 1.1363E-7
32 6 1.80514E-7
32 7 2.85493E-7
32 8 4.5372E-7
32 9 7.16144E-7
32 10 1.13932E-6
32 11 1.78862E-6
32 12 2.77062E-6
32 13 4.30655E-6
32 14 6.86148E-6
32 15 1.12193E-5
32 16 1.90004E-5
32 17 3.33738E-5
32 18 6.10559E-5
32 19 1.16656E-4
32 20 2.34001E-4
32 21 4.9253E-4
32 22 1.08849E-3
32 23 2.50711E-3
32 24 5.9087E-3
32 25 1.39721E-2
32 26 3.26724E-2
32 27 7.71293E-2
32 28 1.84877E-1
32 29 4.41086E-1
32 30 1.01826E0
32 31 2.20809E0
32 32 3.44041E0
32 33 1.92503E0
32 34 5.72153E-1
32 35 1.02626E-1
32 36 9.41014E-3
32 37 3.58067E-4
32 38 5.31878E-6
32 39 4.5637E-8
32 40 0E0
33 1 7.72419E-9
33 2 4.42161E-9
33 3 7.3155E-9
33 4 1.11907E-8
33 5 1.79312E-8
33 6 2.84855E-8
33 7 4.50514E-8
33 8 7.15981E-8
33 9 1.13009E-7
33 10 1.79805E-7
33 11 2.84661E-7
33 12 4.51086E-7
33 13 7.14132E-7
33 14 1.13368E-6
33 15 1.79513E-6
33 16 2.88722E-6
33 17 4.83682E-6
33 18 8.74904E-6
33 19 1.71191E-5
33 20 3.59473E-5
33 21 8.05556E-5
33 22 1.92006E-4
33 23 4.84666E-4
33 24 1.28048E-3
33 25 3.43589E-3
33 26 8.90112E-3
33 27 2.2802E-2
33 28 5.96185E-2
33 29 1.58563E-1
33 30 4.1615E-1
33 31 1.039E0
33 32 2.37688E0
33 33 3.69098E0
33 34 1.78186E0
33 35 4.00998E-1
33 36 4.86411E-2
33 37 2.58372E-3
33 38 4.81736E-5
33 39 6.09137E-7
33 40 6.81101E-9
34 1 1.64003E-9
34 2 9.3881E-10
34 3 1.55325E-9
34 4 2.37606E-9
34 5 3.8072E-9
34 6 6.04814E-9
34 7 9.56548E-9
34 8 1.5202E-8
34 9 2.39945E-8
34 10 3.81768E-8
34 11 6.04402E-8
34 12 9.57761E-8
34 13 1.51627E-7
34 14 2.40707E-7
34 15 3.80989E-7
34 16 6.0433E-7
34 17 9.57796E-7
34 18 1.51981E-6
34 19 2.48095E-6
34 20 4.42509E-6
34 21 9.13522E-6
34 22 2.20476E-5
34 23 5.95538E-5
34 24 1.72648E-4
34 25 5.26411E-4
34 26 1.63392E-3
34 27 4.84855E-3
34 28 1.42438E-2
34 29 4.28933E-2
34 30 1.30417E-1
34 31 3.84795E-1
34 32 1.05287E0
34 33 2.55348E0
34 34 3.93099E0
34 35 1.59791E0
34 36 2.58081E-1
34 37 1.95561E-2
34 38 5.3445E-4
34 39 5.78053E-6
34 40 9.14356E-8
35 1 4.5803E-10
35 2 2.6219E-10
35 3 4.3379E-10
35 4 6.6358E-10
35 5 1.06328E-9
35 6 1.68912E-9
35 7 2.67145E-9
35 8 4.2456E-9
35 9 6.70119E-9
35 10 1.0662E-8
35 11 1.68797E-8
35 12 2.67483E-8
35 13 4.23464E-8
35 14 6.72245E-8
35 15 1.06403E-7
35 16 1.68777E-7
35 17 2.67493E-7
35 18 4.23982E-7
35 19 6.71494E-7
35 20 1.06484E-6
35 21 1.69778E-6
35 22 2.83962E-6
35 23 5.63726E-6
35 24 1.48217E-5
35 25 4.75336E-5
35 26 1.60471E-4
35 27 5.52281E-4
35 28 1.98737E-3
35 29 7.40669E-3
35 30 2.78264E-2
35 31 1.01815E-1
35 32 3.48014E-1
35 33 1.05964E0
35 34 2.73488E0
35 35 4.15294E0
35 36 1.38492E0
35 37 1.50277E-1
35 38 6.44798E-3
35 39 8.06803E-5
35 40 7.15768E-7
36 1 1.7414E-10
36 2 9.9683E-11
36 3 1.6493E-10
36 4 2.5229E-10
36 5 4.0425E-10
36 6 6.4219E-10
36 7 1.01567E-9
36 8 1.61415E-9
36 9 2.54775E-9
36 10 4.05363E-9
36 11 6.41757E-9
36 12 1.01696E-8
36 13 1.60998E-8
36 14 2.55584E-8
36 15 4.04536E-8
36 16 6.41681E-8
36 17 1.01699E-7
36 18 1.61195E-7
36 19 2.55298E-7
36 20 4.04841E-7
36 21 6.41481E-7
36 22 1.01688E-6
36 23 1.61191E-6
36 24 2.59658E-6
36 25 4.82554E-6
36 26 1.37876E-5
36 27 5.32406E-5
36 28 2.1453E-4
36 29 8.92446E-4
36 30 3.8964E-3
36 31 1.74332E-2
36 32 7.60424E-2
36 33 3.04665E-1
36 34 1.05E0
36 35 2.91689E0
36 36 4.35763E0
36 37 1.15633E0
36 38 7.76767E-2
36 39 1.68022E-3
36 40 9.68568E-6
37 1 6.7477E-11
37 2 3.8626E-11
37 3 6.3907E-11
37 4 9.776E-11
37 5 1.5664E-10
37 6 2.4884E-10
37 7 3.9356E-10
37 8 6.2547E-10
37 9 9.8723E-10
37 10 1.57075E-9
37 11 2.48675E-9
37 12 3.94061E-9
37 13 6.23855E-9
37 14 9.90364E-9
37 15 1.56754E-8
37 16 2.48646E-8
37 17 3.94076E-8
37 18 6.24618E-8
37 19 9.89257E-8
37 20 1.56872E-7
37 21 2.48568E-7
37 22 3.94034E-7
37 23 6.24498E-7
37 24 9.89641E-7
37 25 1.56895E-6
37 26 2.55065E-6
37 27 5.23786E-6
37 28 1.77663E-5
37 29 7.83542E-5
37 30 3.77994E-4
37 31 1.92079E-3
37 32 1.02482E-2
37 33 5.40762E-2
37 34 2.59289E-1
37 35 1.02954E0
37 36 3.10155E0
37 37 4.53284E0
37 38 9.2734E-1
37 39 3.50639E-2
37 40 3.35971E-4
38 1 3.838E-11
38 2 2.197E-11
38 3 3.635E-11
38 4 5.5605E-11
38 5 8.9097E-11
38 6 1.4154E-10
38 7 2.2385E-10
38 8 3.5576E-10
38 9 5.6153E-10
38 10 8.9342E-10
38 11 1.41444E-9
38 12 2.24137E-9
38 13 3.54841E-9
38 14 5.63307E-9
38 15 8.91599E-9
38 16 1.41427E-8
38 17 2.24146E-8
38 18 3.55275E-8
38 19 5.62677E-8
38 20 8.9227E-8
38 21 1.41383E-7
38 22 2.24122E-7
38 23 3.55207E-7
38 24 5.62896E-7
38 25 8.92179E-7
38 26 1.41409E-6
38 27 2.2703E-6
38 28 4.22779E-6
38 29 1.08406E-5
38 30 3.70873E-5
38 31 1.6648E-4
38 32 9.12606E-4
38 33 5.67583E-3
38 34 3.65324E-2
38 35 2.14283E-1
38 36 9.99405E-1
38 37 3.28779E0
38 38 4.67155E0
38 39 7.1445E-1
38 40 1.35646E-2
39 1 2.0592E-11
39 2 1.1788E-11
39 3 1.9503E-11
39 4 2.9834E-11
39 5 4.7804E-11
39 6 7.5941E-11
39 7 1.2011E-10
39 8 1.9088E-10
39 9 3.0128E-10
39 10 4.7935E-10
39 11 7.589E-10
39 12 1.20258E-9
39 13 1.90385E-9
39 14 3.02235E-9
39 15 4.78376E-9
39 16 7.58807E-9
39 17 1.20262E-8
39 18 1.90618E-8
39 19 3.01897E-8
39 20 4.78736E-8
39 21 7.5857E-8
39 22 1.2025E-7
39 23 1.90582E-7
39 24 3.02015E-7
39 25 4.78687E-7
39 26 7.58664E-7
39 27 1.20239E-6
39 28 1.90596E-6
39 29 3.10918E-6
39 30 5.94935E-6
39 31 1.57106E-5
39 32 6.36542E-5
39 33 3.8056E-4
39 34 2.85042E-3
39 35 2.31116E-2
39 36 1.71407E-1
39 37 9.61544E-1
39 38 3.47562E0
39 39 4.76869E0
39 40 5.33772E-1
40 1 6.1051E-12
40 2 3.4948E-12
40 3 5.7821E-12
40 4 8.8451E-12
40 5 1.4173E-11
40 6 2.2515E-11
40 7 3.5608E-11
40 8 5.6591E-11
40 9 8.9322E-11
40 10 1.4212E-10
40 11 2.2499E-10
40 12 3.5653E-10
40 13 5.6444E-10
40 14 8.9605E-10
40 15 1.41827E-9
40 16 2.24967E-9
40 17 3.56548E-9
40 18 5.65135E-9
40 19 8.9505E-9
40 20 1.41933E-8
40 21 2.24897E-8
40 22 3.5651E-8
40 23 5.65027E-8
40 24 8.95398E-8
40 25 1.41919E-7
40 26 2.24925E-7
40 27 3.56479E-7
40 28 5.6498E-7
40 29 8.95427E-7
40 30 1.4232E-6
40 31 2.36084E-6
40 32 4.64741E-6
40 33 1.49678E-5
40 34 9.92897E-5
40 35 1.06395E-3
40 36 1.26193E-2
40 37 1.30044E-1
40 38 9.17798E-1
40 39 3.6697E0
40 40 5.20062E0
