1 1 6.05001E-1
1 2 2.24018E-1
1 3 2.92434E-1
1 4 3.52581E-1
1 5 4.45399E-1
1 6 5.55606E-1
1 7 6.88092E-1
1 8 8.53132E-1
1 9 1.04601E0
1 10 1.28516E0
1 11 1.55938E0
1 12 1.87696E0
1 13 2.23144E0
1 14 2.62113E0
1 15 3.01421E0
1 16 3.39477E0
1 17 3.71129E0
1 18 3.91279E0
1 19 3.93774E0
1 20 3.74605E0
1 21 3.31264E0
1 22 2.67684E0
1 23 1.93039E0
1 24 1.20738E0
1 25 6.32062E-1
1 26 2.64807E-1
1 27 8.40465E-2
1 28 1.88766E-2
1 29 2.75739E-3
1 30 2.36345E-4
1 31 1.24787E-5
1 32 7.87577E-7
1 33 1.83585E-8
1 34 0E0
1 35 0E0
1 36 0E0
1 37 0E0
1 38 0E0
1 39 0E0
1 40 0E0
2 1 4.78376E-1
2 2 1.96358E-1
2 3 2.62019E-1
2 4 3.15966E-1
2 5 3.99152E-1
2 6 4.97929E-1
2 7 6.16679E-1
2 8 7.64621E-1
2 9 9.3753E-1
2 10 1.15196E0
2 11 1.39787E0
2 12 1.68268E0
2 13 2.00076E0
2 14 2.35058E0
2 15 2.70359E0
2 16 3.04564E0
2 17 3.33058E0
2 18 3.51272E0
2 19 3.53684E0
2 20 3.36672E0
2 21 2.97952E0
2 22 2.40983E0
2 23 1.73988E0
2 24 1.08985E0
2 25 5.71582E-1
2 26 2.40012E-1
2 27 7.6391E-2
2 28 1.7216E-2
2 29 2.52555E-3
2 30 2.17647E-4
2 31 1.29069E-5
2 32 7.31264E-7
2 33 1.72203E-8
2 34 0E0
2 35 0E0
2 36 0E0
2 37 0E0
2 38 0E0
2 39 0E0
2 40 0E0
3 1 3.75846E-1
3 2 1.58567E-1
3 3 2.29429E-1
3 4 2.83003E-1
3 5 3.57557E-1
3 6 4.46055E-1
3 7 5.52455E-1
3 8 6.85023E-1
3 9 8.3998E-1
3 10 1.03219E0
3 11 1.25263E0
3 12 1.50805E0
3 13 1.79338E0
3 14 2.10743E0
3 15 2.42449E0
3 16 2.73205E0
3 17 2.98872E0
3 18 3.1537E0
3 19 3.17729E0
3 20 3.02679E0
3 21 2.68124E0
3 22 2.17115E0
3 23 1.56983E0
3 24 9.85161E-1
3 25 5.17869E-1
3 26 2.18075E-1
3 27 6.96526E-2
3 28 1.57649E-2
3 29 2.32495E-3
3 30 2.01684E-4
3 31 1.28134E-5
3 32 6.84559E-7
3 33 1.63337E-8
3 34 0E0
3 35 0E0
3 36 0E0
3 37 0E0
3 38 0E0
3 39 0E0
3 40 0E0
4 1 2.91577E-1
4 2 1.24031E-1
4 3 1.85127E-1
4 4 2.4841E-1
4 5 3.20747E-1
4 6 4.00177E-1
4 7 4.95658E-1
4 8 6.14635E-1
4 9 7.53727E-1
4 10 9.26286E-1
4 11 1.12425E0
4 12 1.35369E0
4 13 1.61012E0
4 14 1.89262E0
4 15 2.17799E0
4 16 2.45522E0
4 17 2.68707E0
4 18 2.83715E0
4 19 2.86056E0
4 20 2.72768E0
4 21 2.41911E0
4 22 1.96188E0
4 23 1.42104E0
4 24 8.93845E-1
4 25 4.7121E-1
4 26 1.99126E-1
4 27 6.3876E-2
4 28 1.45343E-2
4 29 2.15743E-3
4 30 1.88634E-4
4 31 1.20626E-5
4 32 6.48163E-7
4 33 1.57253E-8
4 34 0E0
4 35 0E0
4 36 0E0
4 37 0E0
4 38 0E0
4 39 0E0
4 40 0E0
5 1 2.33356E-1
5 2 9.818E-2
5 3 1.46094E-1
5 4 2.00944E-1
5 5 2.82244E-1
5 6 3.59989E-1
5 7 4.45926E-1
5 8 5.53006E-1
5 9 6.78217E-1
5 10 8.33586E-1
5 11 1.0119E0
5 12 1.21863E0
5 13 1.44984E0
5 14 1.70471E0
5 15 1.96252E0
5 16 2.21337E0
5 17 2.42372E0
5 18 2.56101E0
5 19 2.58458E0
5 20 2.46741E0
5 21 2.19145E0
5 22 1.78052E0
5 23 1.29257E0
5 24 8.15303E-1
5 25 4.31306E-1
5 26 1.83045E-1
5 27 5.90259E-2
5 28 1.3517E-2
5 29 2.0221E-3
5 30 1.78471E-4
5 31 1.14989E-5
5 32 6.22171E-7
5 33 1.53867E-8
5 34 0E0
5 35 0E0
5 36 0E0
5 37 0E0
5 38 0E0
5 39 0E0
5 40 0E0
6 1 1.8381E-1
6 2 7.69583E-2
6 3 1.14706E-1
6 4 1.57895E-1
6 5 2.27845E-1
6 6 3.17244E-1
6 7 4.0185E-1
6 8 4.98401E-1
6 9 6.11325E-1
6 10 7.51477E-1
6 11 9.12392E-1
6 12 1.09908E0
6 13 1.308E0
6 14 1.53844E0
6 15 1.77203E0
6 16 1.99971E0
6 17 2.19129E0
6 18 2.31752E0
6 19 2.34161E0
6 20 2.23867E0
6 21 1.9919E0
6 22 1.62201E0
6 23 1.18088E0
6 24 7.47393E-1
6 25 3.97089E-1
6 26 1.69416E-1
6 27 5.49833E-2
6 28 1.26905E-2
6 29 1.91649E-3
6 30 1.71094E-4
6 31 1.11236E-5
6 32 6.06756E-7
6 33 1.53526E-8
6 34 0E0
6 35 0E0
6 36 0E0
6 37 0E0
6 38 0E0
6 39 0E0
6 40 0E0
7 1 1.40011E-1
7 2 5.84518E-2
7 3 8.81582E-2
7 4 1.22537E-1
7 5 1.77824E-1
7 6 2.55328E-1
7 7 3.5493E-1
7 8 4.50406E-1
7 9 5.52537E-1
7 10 6.7934E-1
7 11 8.24985E-1
7 12 9.94071E-1
7 13 1.18349E0
7 14 1.39266E0
7 15 1.60504E0
7 16 1.81259E0
7 17 1.98799E0
7 18 2.10485E0
7 19 2.12981E0
7 20 2.03977E0
7 21 1.81896E0
7 22 1.48525E0
7 23 1.08506E0
7 24 6.89635E-1
7 25 3.68326E-1
7 26 1.58154E-1
7 27 5.173E-2
7 28 1.20532E-2
7 29 1.84108E-3
7 30 1.66651E-4
7 31 1.09483E-5
7 32 6.02331E-7
7 33 1.57006E-8
7 34 0E0
7 35 0E0
7 36 0E0
7 37 0E0
7 38 0E0
7 39 0E0
7 40 0E0
8 1 1.0819E-1
8 2 4.51951E-2
8 3 6.82302E-2
8 4 9.51109E-2
8 5 1.38375E-1
8 6 1.99029E-1
8 7 2.84956E-1
8 8 3.9864E-1
8 9 5.00958E-1
8 10 6.16065E-1
8 11 7.48362E-1
8 12 9.02054E-1
8 13 1.07444E0
8 14 1.26507E0
8 15 1.45901E0
8 16 1.64918E0
8 17 1.81077E0
8 18 1.91982E0
8 19 1.94597E0
8 20 1.86778E0
8 21 1.67011E0
8 22 1.3683E0
8 23 1.0038E0
8 24 6.41286E-1
8 25 3.44674E-1
8 26 1.4915E-1
8 27 4.92446E-2
8 28 1.16049E-2
8 29 1.79677E-3
8 30 1.65303E-4
8 31 1.09944E-5
8 32 6.10835E-7
8 33 1.65012E-8
8 34 0E0
8 35 0E0
8 36 0E0
8 37 0E0
8 38 0E0
8 39 0E0
8 40 0E0
9 1 8.72235E-2
9 2 3.56932E-2
9 3 5.29879E-2
9 4 7.33453E-2
9 5 1.07149E-1
9 6 1.54793E-1
9 7 2.22062E-1
9 8 3.20125E-1
9 9 4.45261E-1
9 10 5.61252E-1
9 11 6.82037E-1
9 12 8.22484E-1
9 13 9.80175E-1
9 14 1.1549E0
9 15 1.33311E0
9 16 1.50857E0
9 17 1.65866E0
9 18 1.76148E0
9 19 1.78932E0
9 20 1.722E0
9 21 1.54489E0
9 22 1.27094E0
9 23 9.37091E-1
9 24 6.02436E-1
9 25 3.26267E-1
9 26 1.42504E-1
9 27 4.75793E-2
9 28 1.13635E-2
9 29 1.78751E-3
9 30 1.67545E-4
9 31 1.1301E-5
9 32 6.34554E-7
9 33 1.78826E-8
9 34 0E0
9 35 0E0
9 36 0E0
9 37 0E0
9 38 0E0
9 39 0E0
9 40 0E0
10 1 6.69756E-2
10 2 2.73782E-2
10 3 4.08245E-2
10 4 5.66401E-2
10 5 8.27069E-2
10 6 1.19675E-1
10 7 1.72025E-1
10 8 2.48286E-1
10 9 3.56394E-1
10 10 5.00551E-1
10 11 6.24529E-1
10 12 7.5355E-1
10 13 8.9858E-1
10 14 1.05968E0
10 15 1.22454E0
10 16 1.38754E0
10 17 1.52817E0
10 18 1.62617E0
10 19 1.65616E0
10 20 1.59901E0
10 21 1.44027E0
10 22 1.19076E0
10 23 8.83309E-1
10 24 5.72121E-1
10 25 3.12678E-1
10 26 1.38081E-1
10 27 4.67163E-2
10 28 1.13346E-2
10 29 1.81643E-3
10 30 1.73995E-4
10 31 1.19237E-5
10 32 6.76861E-7
10 33 2.01101E-8
10 34 0E0
10 35 0E0
10 36 0E0
10 37 0E0
10 38 0E0
10 39 0E0
10 40 0E0
11 1 5.03677E-2
11 2 2.05917E-2
11 3 3.06411E-2
11 4 4.24262E-2
11 5 6.20173E-2
11 6 9.03844E-2
11 7 1.31031E-1
11 8 1.90265E-1
11 9 2.74223E-1
11 10 3.98953E-1
11 11 5.596E-1
11 12 6.94896E-1
11 13 8.29342E-1
11 14 9.78921E-1
11 15 1.13272E0
11 16 1.28553E0
11 17 1.41868E0
11 18 1.51332E0
11 19 1.54597E0
11 20 1.49848E0
11 21 1.35616E0
11 22 1.12782E0
11 23 8.42668E-1
11 24 5.50607E-1
11 25 3.04168E-1
11 26 1.36075E-1
11 27 4.67582E-2
11 28 1.15557E-2
11 29 1.8925E-3
11 30 1.85915E-4
11 31 1.29789E-5
11 32 7.45641E-7
11 33 2.35925E-8
11 34 0E0
11 35 0E0
11 36 0E0
11 37 0E0
11 38 0E0
11 39 0E0
11 40 0E0
12 1 4.00074E-2
12 2 1.63273E-2
12 3 2.41899E-2
12 4 3.32351E-2
12 5 4.80035E-2
12 6 6.88312E-2
12 7 9.91988E-2
12 8 1.44809E-1
12 9 2.0983E-1
12 10 3.06143E-1
12 11 4.45213E-1
12 12 6.26469E-1
12 13 7.71053E-1
12 14 9.11294E-1
12 15 1.05605E0
12 16 1.20084E0
12 17 1.32842E0
12 18 1.42132E0
12 19 1.45733E0
12 20 1.41938E0
12 21 1.29207E0
12 22 1.08208E0
12 23 8.1549E-1
12 24 5.38432E-1
12 25 3.01203E-1
12 26 1.36811E-1
12 27 4.78653E-2
12 28 1.20815E-2
12 29 2.02759E-3
12 30 2.04843E-4
12 31 1.45395E-5
12 32 8.46944E-7
12 33 2.88203E-8
12 34 0E0
12 35 0E0
12 36 0E0
12 37 0E0
12 38 0E0
12 39 0E0
12 40 0E0
13 1 2.84142E-2
13 2 1.16146E-2
13 3 1.72184E-2
13 4 2.36444E-2
13 5 3.41897E-2
13 6 4.94134E-2
13 7 7.18125E-2
13 8 1.05836E-1
13 9 1.5562E-1
13 10 2.29781E-1
13 11 3.36922E-1
13 12 4.95126E-1
13 13 7.00338E-1
13 14 8.56845E-1
13 15 9.94681E-1
13 16 1.1336E0
13 17 1.25748E0
13 18 1.35002E0
13 19 1.39003E0
13 20 1.36096E0
13 21 1.2471E0
13 22 1.05282E0
13 23 8.01275E-1
13 24 5.35382E-1
13 25 3.03847E-1
13 26 1.40434E-1
13 27 5.01623E-2
13 28 1.29759E-2
13 29 2.24173E-3
13 30 2.34198E-4
13 31 1.58542E-5
13 32 1.00325E-6
13 33 3.7305E-8
13 34 0E0
13 35 0E0
13 36 0E0
13 37 0E0
13 38 0E0
13 39 0E0
13 40 0E0
14 1 2.31075E-2
14 2 9.43653E-3
14 3 1.3982E-2
14 4 1.91911E-2
14 5 2.76671E-2
14 6 3.96473E-2
14 7 5.685E-2
14 8 8.22062E-2
14 9 1.18594E-1
14 10 1.74213E-1
14 11 2.55217E-1
14 12 3.7479E-1
14 13 5.52047E-1
14 14 7.8376E-1
14 15 9.45008E-1
14 16 1.07997E0
14 17 1.20219E0
14 18 1.29613E0
14 19 1.34151E0
14 20 1.32185E0
14 21 1.22107E0
14 22 1.04094E0
14 23 8.01622E-1
14 24 5.43304E-1
14 25 3.1361E-1
14 26 1.47886E-1
14 27 5.40818E-2
14 28 1.43769E-2
14 29 2.56306E-3
14 30 2.77405E-4
14 31 1.77564E-5
14 32 1.22071E-6
14 33 5.02449E-8
14 34 0E0
14 35 0E0
14 36 0E0
14 37 0E0
14 38 0E0
14 39 0E0
14 40 0E0
15 1 1.71597E-2
15 2 7.01134E-3
15 3 1.03923E-2
15 4 1.42673E-2
15 5 2.05718E-2
15 6 2.94555E-2
15 7 4.21468E-2
15 8 6.10126E-2
15 9 8.84503E-2
15 10 1.30001E-1
15 11 1.90519E-1
15 12 2.80144E-1
15 13 4.1328E-1
15 14 6.14892E-1
15 15 8.74067E-1
15 16 1.0423E0
15 17 1.16483E0
15 18 1.26198E0
15 19 1.31398E0
15 20 1.30407E0
15 21 1.21562E0
15 22 1.04776E0
15 23 8.17715E-1
15 24 5.63195E-1
15 25 3.31373E-1
15 26 1.59851E-1
15 27 6.00419E-2
15 28 1.64651E-2
15 29 3.04273E-3
15 30 3.43061E-4
15 31 2.23247E-5
15 32 1.55689E-6
15 33 7.20762E-8
15 34 0E0
15 35 0E0
15 36 0E0
15 37 0E0
15 38 0E0
15 39 0E0
15 40 0E0
16 1 1.22427E-2
16 2 5.00743E-3
16 3 7.42568E-3
16 4 1.02009E-2
16 5 1.47195E-2
16 6 2.10922E-2
16 7 3.01787E-2
16 8 4.36244E-2
16 9 6.31862E-2
16 10 9.30878E-2
16 11 1.37473E-1
16 12 2.04056E-1
16 13 3.0329E-1
16 14 4.53925E-1
16 15 6.81379E-1
16 16 9.76787E-1
16 17 1.14611E0
16 18 1.24854E0
16 19 1.30876E0
16 20 1.30949E0
16 21 1.2329E0
16 22 1.07595E0
16 23 8.52361E-1
16 24 5.97709E-1
16 25 3.59345E-1
16 26 1.77815E-1
16 27 6.8834E-2
16 28 1.95523E-2
16 29 3.76393E-3
16 30 4.44784E-4
16 31 2.96733E-5
16 32 2.09344E-6
16 33 1.10188E-7
16 34 0E0
16 35 0E0
16 36 0E0
16 37 0E0
16 38 0E0
16 39 0E0
16 40 0E0
17 1 9.11587E-3
17 2 3.72962E-3
17 3 5.53118E-3
17 4 7.59976E-3
17 5 1.09685E-2
17 6 1.57204E-2
17 7 2.24981E-2
17 8 3.24894E-2
17 9 4.68775E-2
17 10 6.86581E-2
17 11 1.00772E-1
17 12 1.48953E-1
17 13 2.21086E-1
17 14 3.31043E-1
17 15 4.97775E-1
17 16 7.55897E-1
17 17 1.08737E0
17 18 1.2531E0
17 19 1.32393E0
17 20 1.33753E0
17 21 1.27389E0
17 22 1.12786E0
17 23 9.09007E-1
17 24 6.50705E-1
17 25 4.00917E-1
17 26 2.04173E-1
17 27 8.17416E-2
17 28 2.41409E-2
17 29 4.85949E-3
17 30 6.0417E-4
17 31 4.19555E-5
17 32 2.94795E-6
17 33 1.77865E-7
17 34 0E0
17 35 0E0
17 36 0E0
17 37 0E0
17 38 0E0
17 39 0E0
17 40 0E0
18 1 6.25462E-3
18 2 2.56156E-3
18 3 3.80138E-3
18 4 5.22668E-3
18 5 7.54987E-3
18 6 1.08336E-2
18 7 1.55264E-2
18 8 2.24463E-2
18 9 3.24055E-2
18 10 4.75025E-2
18 11 6.98817E-2
18 12 1.03821E-1
18 13 1.55292E-1
18 14 2.34311E-1
18 15 3.54859E-1
18 16 5.4272E-1
18 17 8.35853E-1
18 18 1.21129E0
18 19 1.36539E0
18 20 1.39399E0
18 21 1.34464E0
18 22 1.20903E0
18 23 9.93013E-1
18 24 7.27119E-1
18 25 4.60253E-1
18 26 2.4202E-1
18 27 1.00599E-1
18 28 3.10461E-2
18 29 6.57579E-3
18 30 8.669E-4
18 31 6.39177E-5
18 32 4.44586E-6
18 33 3.08956E-7
18 34 0E0
18 35 0E0
18 36 0E0
18 37 0E0
18 38 0E0
18 39 0E0
18 40 0E0
19 1 3.97646E-3
19 2 1.63223E-3
19 3 2.42429E-3
19 4 3.33714E-3
19 5 4.82748E-3
19 6 6.93879E-3
19 7 9.96558E-3
19 8 1.4444E-2
19 9 2.09025E-2
19 10 3.07061E-2
19 11 4.53136E-2
19 12 6.77177E-2
19 13 1.0239E-1
19 14 1.57138E-1
19 15 2.42176E-1
19 16 3.7596E-1
19 17 5.87031E-1
19 18 9.22782E-1
19 19 1.35015E0
19 20 1.48623E0
19 21 1.45324E0
19 22 1.32814E0
19 23 1.11311E0
19 24 8.35136E-1
19 25 5.44333E-1
19 26 2.96445E-1
19 27 1.2846E-1
19 28 4.16537E-2
19 29 9.35199E-3
19 30 1.32035E-3
19 31 1.04731E-4
19 32 7.28219E-6
19 33 5.83588E-7
19 34 0E0
19 35 0E0
19 36 0E0
19 37 0E0
19 38 0E0
19 39 0E0
19 40 0E0
20 1 2.70445E-3
20 2 1.11124E-3
20 3 1.6512E-3
20 4 2.27378E-3
20 5 3.291E-3
20 6 4.73378E-3
20 7 6.80436E-3
20 8 9.87282E-3
20 9 1.43061E-2
20 10 2.10293E-2
20 11 3.09881E-2
20 12 4.61224E-2
20 13 6.92863E-2
20 14 1.05462E-1
20 15 1.62515E-1
20 16 2.54439E-1
20 17 4.01045E-1
20 18 6.36878E-1
20 19 1.01721E0
20 20 1.4984E0
20 21 1.59903E0
20 22 1.48982E0
20 23 1.27799E0
20 24 9.86268E-1
20 25 6.64781E-1
20 26 3.76683E-1
20 27 1.70983E-1
20 28 5.84959E-2
20 29 1.39669E-2
20 30 2.11391E-3
20 31 1.80389E-4
20 32 1.18273E-5
20 33 9.74748E-7
20 34 0E0
20 35 0E0
20 36 0E0
20 37 0E0
20 38 0E0
20 39 0E0
20 40 0E0
21 1 1.69905E-3
21 2 6.99503E-4
21 3 1.0402E-3
21 4 1.43401E-3
21 5 2.07812E-3
21 6 2.99372E-3
21 7 4.31181E-3
21 8 6.27112E-3
21 9 9.11318E-3
21 10 1.34434E-2
21 11 1.98928E-2
21 12 2.97486E-2
21 13 4.49436E-2
21 14 6.89501E-2
21 15 1.06756E-1
21 16 1.67482E-1
21 17 2.65462E-1
21 18 4.25289E-1
21 19 6.8706E-1
21 20 1.11857E0
21 21 1.65809E0
21 22 1.71068E0
21 23 1.50496E0
21 24 1.19747E0
21 25 8.37235E-1
21 26 4.95487E-1
21 27 2.36717E-1
21 28 8.59596E-2
21 29 2.19929E-2
21 30 3.60307E-3
21 31 3.357E-4
21 32 1.79719E-5
21 33 5.78463E-7
21 34 0E0
21 35 0E0
21 36 0E0
21 37 0E0
21 38 0E0
21 39 0E0
21 40 0E0
22 1 9.67856E-4
22 2 3.99729E-4
22 3 5.95159E-4
22 4 8.21687E-4
22 5 1.193E-3
22 6 1.72263E-3
22 7 2.48795E-3
22 8 3.63108E-3
22 9 5.29914E-3
22 10 7.85702E-3
22 11 1.16978E-2
22 12 1.76167E-2
22 13 2.68278E-2
22 14 4.15257E-2
22 15 6.49775E-2
22 16 1.03238E-1
22 17 1.65975E-1
22 18 2.70139E-1
22 19 4.44084E-1
22 20 7.37004E-1
22 21 1.22761E0
22 22 1.8357E0
22 23 1.81861E0
22 24 1.49444E0
22 25 1.08665E0
22 26 6.74071E-1
22 27 3.40595E-1
22 28 1.32133E-1
22 29 3.65219E-2
22 30 6.54514E-3
22 31 6.75868E-4
22 32 3.63393E-5
22 33 1.1605E-6
22 34 0E0
22 35 0E0
22 36 0E0
22 37 0E0
22 38 0E0
22 39 0E0
22 40 0E0
23 1 4.91716E-4
23 2 2.04216E-4
23 3 3.0447E-4
23 4 4.21095E-4
23 5 6.12701E-4
23 6 8.87176E-4
23 7 1.28578E-3
23 8 1.88449E-3
23 9 2.76453E-3
23 10 4.12526E-3
23 11 6.19015E-3
23 12 9.41077E-3
23 13 1.44886E-2
23 14 2.2706E-2
23 15 3.60564E-2
23 16 5.83262E-2
23 17 9.57666E-2
23 18 1.59513E-1
23 19 2.6875E-1
23 20 4.57822E-1
23 21 7.84068E-1
23 22 1.34454E0
23 23 2.03058E0
23 24 1.91809E0
23 25 1.45317E0
23 26 9.47664E-1
23 27 5.08607E-1
23 28 2.1206E-1
23 29 6.38412E-2
23 30 1.26534E-2
23 31 1.46984E-3
23 32 8.77618E-5
23 33 2.94647E-6
23 34 0E0
23 35 0E0
23 36 0E0
23 37 0E0
23 38 0E0
23 39 0E0
23 40 0E0
24 1 2.32504E-4
24 2 9.7711E-5
24 3 1.45925E-4
24 4 2.02232E-4
24 5 2.94988E-4
24 6 4.28451E-4
24 7 6.23334E-4
24 8 9.17955E-4
24 9 1.35444E-3
24 10 2.03526E-3
24 11 3.07952E-3
24 12 4.72864E-3
24 13 7.36654E-3
24 14 1.17031E-2
24 15 1.887E-2
24 16 3.10425E-2
24 17 5.19253E-2
24 18 8.83195E-2
24 19 1.52387E-1
24 20 2.66611E-1
24 21 4.70286E-1
24 22 8.32888E-1
24 23 1.46961E0
24 24 2.23623E0
24 25 1.9979E0
24 26 1.37535E0
24 27 7.88113E-1
24 28 3.55427E-1
24 29 1.17408E-1
24 30 2.59396E-2
24 31 3.41754E-3
24 32 2.32964E-4
24 33 8.47511E-6
24 34 0E0
24 35 0E0
24 36 0E0
24 37 0E0
24 38 0E0
24 39 0E0
24 40 0E0
25 1 9.51565E-5
25 2 4.07436E-5
25 3 6.09733E-5
25 4 8.47161E-5
25 5 1.23964E-4
25 6 1.80758E-4
25 7 2.64237E-4
25 8 3.91391E-4
25 9 5.81595E-4
25 10 8.81484E-4
25 11 1.34771E-3
25 12 2.09508E-3
25 13 3.31173E-3
25 14 5.35243E-3
25 15 8.80654E-3
25 16 1.48263E-2
25 17 2.54137E-2
25 18 4.43576E-2
25 19 7.87078E-2
25 20 1.42113E-1
25 21 2.5969E-1
25 22 4.78068E-1
25 23 8.79571E-1
25 24 1.60262E0
25 25 2.45623E0
25 26 2.0549E0
25 27 1.26193E0
25 28 6.19072E-1
25 29 2.26178E-1
25 30 5.62858E-2
25 31 8.523E-3
25 32 6.81133E-4
25 33 2.64777E-5
25 34 5.42776E-7
25 35 3.59987E-7
25 36 0E0
25 37 0E0
25 38 0E0
25 39 0E0
25 40 0E0
26 1 3.08739E-5
26 2 1.40509E-5
26 3 2.10235E-5
26 4 2.91994E-5
26 5 4.27098E-5
26 6 6.22532E-5
26 7 9.09983E-5
26 8 1.34862E-4
26 9 2.00699E-4
26 10 3.05066E-4
26 11 4.68784E-4
26 12 7.34768E-4
26 13 1.17616E-3
26 14 1.93561E-3
26 15 3.26479E-3
26 16 5.68278E-3
26 17 1.017E-2
26 18 1.86073E-2
26 19 3.45981E-2
26 20 6.5334E-2
26 21 1.24858E-1
26 22 2.41632E-1
26 23 4.71028E-1
26 24 9.13965E-1
26 25 1.74155E0
26 26 2.70174E0
26 27 2.08905E0
26 28 1.11533E0
26 29 4.52385E-1
26 30 1.27971E-1
26 31 2.26525E-2
26 32 2.18832E-3
26 33 9.88596E-5
26 34 4.54296E-6
26 35 1.60814E-6
26 36 0E0
26 37 0E0
26 38 0E0
26 39 0E0
26 40 0E0
27 1 7.40933E-6
27 2 3.97926E-6
27 3 6.15886E-6
27 4 8.75829E-6
27 5 1.29978E-5
27 6 1.91084E-5
27 7 2.81703E-5
27 8 4.21677E-5
27 9 6.34859E-5
27 10 9.78228E-5
27 11 1.52659E-4
27 12 2.4346E-4
27 13 3.97239E-4
27 14 6.67637E-4
27 15 1.15249E-3
27 16 2.05852E-3
27 17 3.79778E-3
27 18 7.21851E-3
27 19 1.40089E-2
27 20 2.76505E-2
27 21 5.52116E-2
27 22 1.1172E-1
27 23 2.28907E-1
27 24 4.70799E-1
27 25 9.57092E-1
27 26 1.89005E0
27 27 2.93835E0
27 28 2.07617E0
27 29 9.43373E-1
27 30 3.05927E-1
27 31 6.36055E-2
27 32 7.40561E-3
27 33 4.07568E-4
27 34 1.14071E-5
27 35 2.26004E-7
27 36 0E0
27 37 0E0
27 38 0E0
27 39 0E0
27 40 0E0
28 1 1.3297E-6
28 2 7.60379E-7
28 3 1.24388E-6
28 4 1.85379E-6
28 5 2.87774E-6
28 6 4.40756E-6
28 7 6.61378E-6
28 8 9.96464E-6
28 9 1.51059E-5
28 10 2.34721E-5
28 11 3.70188E-5
28 12 5.98234E-5
28 13 9.92411E-5
28 14 1.70312E-4
28 15 3.01792E-4
28 16 5.56908E-4
28 17 1.07E-3
28 18 2.14488E-3
28 19 4.45801E-3
28 20 9.47387E-3
28 21 2.02915E-2
28 22 4.3565E-2
28 23 9.4463E-2
28 24 2.07938E-1
28 25 4.58393E-1
28 26 9.89866E-1
28 27 2.0461E0
28 28 3.19047E0
28 29 2.02356E0
28 30 7.56608E-1
28 31 1.87082E-1
28 32 2.67981E-2
28 33 1.88172E-3
28 34 5.46445E-5
28 35 7.35978E-7
28 36 6.03376E-9
28 37 0E0
28 38 0E0
28 39 0E0
28 40 0E0
29 1 2.10761E-7
29 2 1.20647E-7
29 3 1.9961E-7
29 4 3.05349E-7
29 5 4.89267E-7
29 6 7.77252E-7
29 7 1.22807E-6
29 8 1.92393E-6
29 9 2.94976E-6
29 10 4.54598E-6
29 11 7.05852E-6
29 12 1.12311E-5
29 13 1.83975E-5
29 14 3.13752E-5
29 15 5.57501E-5
29 16 1.04504E-4
29 17 2.07239E-4
29 18 4.36519E-4
29 19 9.74871E-4
29 20 2.29996E-3
29 21 5.65462E-3
29 22 1.3869E-2
29 23 3.28647E-2
29 24 7.70985E-2
29 25 1.82075E-1
29 26 4.32542E-1
29 27 1.00555E0
29 28 2.2043E0
29 29 3.45912E0
29 30 1.92693E0
29 31 5.68263E-1
29 32 1.01389E-1
29 33 9.3134E-3
29 34 3.59376E-4
29 35 5.53865E-6
29 36 4.79753E-8
29 37 0E0
29 38 0E0
29 39 0E0
29 40 0E0
30 1 2.6864E-8
30 2 1.53779E-8
30 3 2.54426E-8
30 4 3.89203E-8
30 5 6.23628E-8
30 6 9.90698E-8
30 7 1.56685E-7
30 8 2.49011E-7
30 9 3.93036E-7
30 10 6.25344E-7
30 11 9.90244E-7
30 12 1.606E-6
30 13 2.67021E-6
30 14 4.64888E-6
30 15 8.54782E-6
30 16 1.68734E-5
30 17 3.57033E-5
30 18 8.09702E-5
30 19 1.97101E-4
30 20 5.12776E-4
30 21 1.36194E-3
30 22 3.56104E-3
30 23 9.16616E-3
30 24 2.34839E-2
30 25 6.05889E-2
30 26 1.58815E-1
30 27 4.14094E-1
30 28 1.0336E0
30 29 2.37202E0
30 30 3.69975E0
30 31 1.78341E0
30 32 3.98433E-1
30 33 4.80187E-2
30 34 2.55256E-3
30 35 4.81691E-5
30 36 6.33129E-7
30 37 6.88332E-9
30 38 0E0
30 39 0E0
30 40 0E0
31 1 6.4243E-9
31 2 3.67751E-9
31 3 6.08439E-9
31 4 9.30747E-9
31 5 1.49136E-8
31 6 2.36918E-8
31 7 3.74699E-8
31 8 5.95491E-8
31 9 9.39913E-8
31 10 1.49546E-7
31 11 2.36756E-7
31 12 3.75174E-7
31 13 5.93953E-7
31 14 9.42895E-7
31 15 1.49248E-6
31 16 2.38089E-6
31 17 4.14683E-6
31 18 8.68352E-6
31 19 2.10087E-5
31 20 5.71759E-5
31 21 1.70727E-4
31 22 5.33797E-4
31 23 1.64917E-3
31 24 5.01784E-3
31 25 1.50919E-2
31 26 4.43209E-2
31 27 1.31057E-1
31 28 3.82479E-1
31 29 1.04682E0
31 30 2.55071E0
31 31 3.93929E0
31 32 1.5976E0
31 33 2.56186E-1
31 34 1.92914E-2
31 35 5.2824E-4
31 36 5.55705E-6
31 37 9.4975E-8
31 38 0E0
31 39 0E0
31 40 0E0
32 1 1.75068E-9
32 2 1.00215E-9
32 3 1.65805E-9
32 4 2.53637E-9
32 5 4.06407E-9
32 6 6.4562E-9
32 7 1.02109E-8
32 8 1.62276E-8
32 9 2.56134E-8
32 10 4.07525E-8
32 11 6.4518E-8
32 12 1.02238E-7
32 13 1.61857E-7
32 14 2.56947E-7
32 15 4.06694E-7
32 16 6.45104E-7
32 17 1.02243E-6
32 18 1.6229E-6
32 19 2.68231E-6
32 20 5.38189E-6
32 21 1.45796E-5
32 22 5.04854E-5
32 23 1.9495E-4
32 24 7.51066E-4
32 25 2.74364E-3
32 26 9.14272E-3
32 27 3.03967E-2
32 28 1.03467E-1
32 29 3.44578E-1
32 30 1.04908E0
32 31 2.73162E0
32 32 4.16527E0
32 33 1.38305E0
32 34 1.48884E-1
32 35 6.35747E-3
32 36 7.92757E-5
32 37 7.42803E-7
32 38 0E0
32 39 0E0
32 40 0E0
33 1 3.5987E-10
33 2 2.06E-10
33 3 3.4083E-10
33 4 5.2137E-10
33 5 8.3541E-10
33 6 1.32713E-9
33 7 2.09893E-9
33 8 3.33573E-9
33 9 5.26506E-9
33 10 8.37704E-9
33 11 1.32622E-8
33 12 2.10159E-8
33 13 3.32711E-8
33 14 5.28176E-8
33 15 8.35995E-8
33 16 1.32607E-7
33 17 2.10167E-7
33 18 3.33119E-7
33 19 5.27586E-7
33 20 8.4387E-7
33 21 1.53618E-6
33 22 3.78841E-6
33 23 1.40771E-5
33 24 6.59908E-5
33 25 3.1656E-4
33 26 1.2778E-3
33 27 4.85367E-3
33 28 1.91209E-2
33 29 7.76E-2
33 30 3.02841E-1
33 31 1.04264E0
33 32 2.91587E0
33 33 4.36616E0
33 34 1.15366E0
33 35 7.69815E-2
33 36 1.65549E-3
33 37 9.54923E-6
33 38 5.63832E-8
33 39 0E0
33 40 0E0
34 1 1.5591E-10
34 2 8.925E-11
34 3 1.4766E-10
34 4 2.2588E-10
34 5 3.6194E-10
34 6 5.7498E-10
34 7 9.0936E-10
34 8 1.44521E-9
34 9 2.28109E-9
34 10 3.62936E-9
34 11 5.74587E-9
34 12 9.10515E-9
34 13 1.44147E-8
34 14 2.28833E-8
34 15 3.62195E-8
34 16 5.74519E-8
34 17 9.10549E-8
34 18 1.44324E-7
34 19 2.28577E-7
34 20 3.62468E-7
34 21 5.7434E-7
34 22 9.1073E-7
34 23 1.54608E-6
34 24 3.58882E-6
34 25 1.49371E-5
34 26 8.56856E-5
34 27 4.28184E-4
34 28 2.06575E-3
34 29 1.04748E-2
34 30 5.39183E-2
34 31 2.57556E-1
34 32 1.02743E0
34 33 3.10696E0
34 34 4.53429E0
34 35 9.24544E-1
34 36 3.48083E-2
34 37 3.27469E-4
34 38 2.44797E-6
34 39 0E0
34 40 0E0
35 1 1.1558E-10
35 2 6.616E-11
35 3 1.0946E-10
35 4 1.6745E-10
35 5 2.683E-10
35 6 4.2623E-10
35 7 6.741E-10
35 8 1.07132E-9
35 9 1.69095E-9
35 10 2.6904E-9
35 11 4.25935E-9
35 12 6.74955E-9
35 13 1.06855E-8
35 14 1.69631E-8
35 15 2.68491E-8
35 16 4.25885E-8
35 17 6.7498E-8
35 18 1.06986E-7
35 19 1.69442E-7
35 20 2.68693E-7
35 21 4.25752E-7
35 22 6.74908E-7
35 23 1.06965E-6
35 24 1.6951E-6
35 25 2.71567E-6
35 26 4.72927E-6
35 27 1.18832E-5
35 28 6.62195E-5
35 29 5.34205E-4
35 30 4.41135E-3
35 31 3.33913E-2
35 32 2.10912E-1
35 33 1.00529E0
35 34 3.30044E0
35 35 4.66342E0
35 36 7.12383E-1
35 37 1.34107E-2
35 38 4.81174E-5
35 39 3.93049E-8
35 40 0E0
36 1 6.8313E-11
36 2 3.9105E-11
36 3 6.4699E-11
36 4 9.8971E-11
36 5 1.5858E-10
36 6 2.5193E-10
36 7 3.9844E-10
36 8 6.3322E-10
36 9 9.9946E-10
36 10 1.5902E-9
36 11 2.51755E-9
36 12 3.98941E-9
36 13 6.31581E-9
36 14 1.00263E-8
36 15 1.58696E-8
36 16 2.51725E-8
36 17 3.98956E-8
36 18 6.32353E-8
36 19 1.00151E-7
36 20 1.58815E-7
36 21 2.51647E-7
36 22 3.98913E-7
36 23 6.32232E-7
36 24 1.0019E-6
36 25 1.58799E-6
36 26 2.51615E-6
36 27 3.98525E-6
36 28 6.76583E-6
36 29 2.19623E-5
36 30 1.84339E-4
36 31 2.01002E-3
36 32 2.04725E-2
36 33 1.67894E-1
36 34 9.67216E-1
36 35 3.48636E0
36 36 4.76107E0
36 37 5.28269E-1
36 38 4.26362E-3
36 39 5.01019E-6
36 40 0E0
37 1 3.029E-11
37 2 1.7339E-11
37 3 2.8688E-11
37 4 4.3884E-11
37 5 7.0316E-11
37 6 1.1171E-10
37 7 1.7667E-10
37 8 2.8077E-10
37 9 4.4316E-10
37 10 7.051E-10
37 11 1.11629E-9
37 12 1.76892E-9
37 13 2.80045E-9
37 14 4.44569E-9
37 15 7.03661E-9
37 16 1.11616E-8
37 17 1.76898E-8
37 18 2.80387E-8
37 19 4.44072E-8
37 20 7.0419E-8
37 21 1.11581E-7
37 22 1.76879E-7
37 23 2.80334E-7
37 24 4.44244E-7
37 25 7.04119E-7
37 26 1.11595E-6
37 27 1.76884E-6
37 28 2.80823E-6
37 29 4.59931E-6
37 30 1.00237E-5
37 31 6.61966E-5
37 32 8.79933E-4
37 33 1.19612E-2
37 34 1.29576E-1
37 35 9.20617E-1
37 36 3.66959E0
37 37 4.82087E0
37 38 3.77329E-1
37 39 1.08278E-3
37 40 8.17651E-7
38 1 2.1811E-11
38 2 1.2485E-11
38 3 2.0657E-11
38 4 3.1599E-11
38 5 5.0632E-11
38 6 8.0434E-11
38 7 1.2721E-10
38 8 2.0217E-10
38 9 3.191E-10
38 10 5.0771E-10
38 11 8.038E-10
38 12 1.27373E-9
38 13 2.01649E-9
38 14 3.20117E-9
38 15 5.06679E-9
38 16 8.03701E-9
38 17 1.27378E-8
38 18 2.01896E-8
38 19 3.19759E-8
38 20 5.0706E-8
38 21 8.03451E-8
38 22 1.27364E-7
38 23 2.01858E-7
38 24 3.19883E-7
38 25 5.07009E-7
38 26 8.0355E-7
38 27 1.27353E-6
38 28 2.0184E-6
38 29 3.199E-6
38 30 5.08858E-6
38 31 9.11529E-6
38 32 3.39838E-5
38 33 4.03097E-4
38 34 6.75029E-3
38 35 9.70915E-2
38 36 8.68122E-1
38 37 3.84898E0
38 38 4.84518E0
38 39 2.61032E-1
38 40 2.12876E-4
39 1 1.7591E-11
39 2 1.007E-11
39 3 1.666E-11
39 4 2.5486E-11
39 5 4.0837E-11
39 6 6.4873E-11
39 7 1.026E-10
39 8 1.6306E-10
39 9 2.5737E-10
39 10 4.0949E-10
39 11 6.4829E-10
39 12 1.02731E-9
39 13 1.62637E-9
39 14 2.58185E-9
39 15 4.08654E-9
39 16 6.48213E-9
39 17 1.02735E-8
39 18 1.62836E-8
39 19 2.57897E-8
39 20 4.08962E-8
39 21 6.48011E-8
39 22 1.02724E-7
39 23 1.62805E-7
39 24 2.57997E-7
39 25 4.0892E-7
39 26 6.48091E-7
39 27 1.02715E-6
39 28 1.62791E-6
39 29 2.58036E-6
39 30 4.09434E-6
39 31 6.51129E-6
39 32 1.04459E-5
39 33 2.1748E-5
39 34 1.68949E-4
39 35 3.52653E-3
39 36 7.00165E-2
39 37 8.12366E-1
39 38 4.02549E0
39 39 4.83714E0
39 40 1.75624E-1
40 1 9.9684E-12
40 2 5.7063E-12
40 3 9.4409E-12
40 4 1.4442E-11
40 5 2.3141E-11
40 6 3.6762E-11
40 7 5.8141E-11
40 8 9.24E-11
40 9 1.4584E-10
40 10 2.3205E-10
40 11 3.6737E-10
40 12 5.8214E-10
40 13 9.2161E-10
40 14 1.46306E-9
40 15 2.31572E-9
40 16 3.67322E-9
40 17 5.82165E-9
40 18 9.22742E-9
40 19 1.46142E-8
40 20 2.31746E-8
40 21 3.67208E-8
40 22 5.82102E-8
40 23 9.22565E-8
40 24 1.46199E-7
40 25 2.31722E-7
40 26 3.67253E-7
40 27 5.82052E-7
40 28 9.22488E-7
40 29 1.46204E-6
40 30 2.31746E-6
40 31 3.68211E-6
40 32 5.88288E-6
40 33 9.4512E-6
40 34 1.54033E-5
40 35 5.02982E-5
40 36 1.37697E-3
40 37 4.60615E-2
40 38 7.52657E-1
40 39 4.20658E0
40 40 4.91485E0
