1 1.02344E2
2 9.14056E1
3 8.15267E1
4 7.27446E1
5 6.50049E1
6 5.80863E1
7 5.1934E1
8 4.64568E1
9 4.16266E1
10 3.73259E1
11 3.35202E1
12 3.01745E1
13 2.72129E1
14 2.46173E1
15 2.23367E1
16 2.03538E1
17 1.863E1
18 1.71382E1
19 1.58676E1
20 1.47816E1
21 1.38678E1
22 1.31089E1
23 1.24786E1
24 1.19644E1
25 1.15492E1
26 1.12151E1
27 1.09472E1
28 1.07341E1
29 1.05655E1
30 1.04307E1
31 1.03238E1
32 1.02392E1
33 1.01716E1
34 1.0118E1
35 1.00756E1
36 1.00417E1
37 1.00156E1
38 9.99411E0
39 9.97684E0
40 9.96319E0
