1 1.13077E0
2 1.00888E0
3 8.98673E-1
4 8.00557E-1
5 7.13927E-1
6 6.3631E-1
7 5.6709E-1
8 5.05241E-1
9 4.50445E-1
10 4.0138E-1
11 3.57649E-1
12 3.18853E-1
13 2.84131E-1
14 2.53269E-1
15 2.25682E-1
16 2.01173E-1
17 1.79299E-1
18 1.59754E-1
19 1.42428E-1
20 1.26912E-1
21 1.13096E-1
22 1.00827E-1
23 8.98392E-2
24 8.0059E-2
25 7.13616E-2
26 6.36029E-2
27 5.667E-2
28 5.0498E-2
29 4.50159E-2
30 4.01058E-2
31 3.57356E-2
32 3.18571E-2
33 2.83821E-2
34 2.52843E-2
35 2.25422E-2
36 2.0094E-2
37 1.79294E-2
38 1.60656E-2
39 1.43002E-2
40 1.27127E-2
