1 9.16304E1
2 8.18579E1
3 7.30345E1
4 6.51934E1
5 5.82862E1
6 5.21153E1
7 4.66319E1
8 4.17544E1
9 3.7458E1
10 3.36378E1
11 3.02633E1
12 2.73029E1
13 2.46894E1
14 2.24063E1
15 2.04082E1
16 1.86792E1
17 1.71848E1
18 1.59001E1
19 1.48145E1
20 1.38946E1
21 1.3128E1
22 1.24976E1
23 1.19792E1
24 1.156E1
25 1.1224E1
26 1.09551E1
27 1.07402E1
28 1.05696E1
29 1.04347E1
30 1.03268E1
31 1.02413E1
32 1.01736E1
33 1.01196E1
34 1.00767E1
35 1.00428E1
36 1.00156E1
37 9.99416E0
38 9.97754E0
39 9.96371E0
40 9.95278E0
