1 1.13088E0
2 1.00898E0
3 8.98761E-1
4 8.00632E-1
5 7.1399E-1
6 6.36362E-1
7 5.67132E-1
8 5.05274E-1
9 4.50469E-1
10 4.01395E-1
11 3.57657E-1
12 3.18854E-1
13 2.84125E-1
14 2.53259E-1
15 2.25669E-1
16 2.0116E-1
17 1.79287E-1
18 1.59746E-1
19 1.42427E-1
20 1.2692E-1
21 1.13112E-1
22 1.00846E-1
23 8.98544E-2
24 8.00661E-2
25 7.13485E-2
26 6.36085E-2
27 5.66749E-2
28 5.04934E-2
29 4.5019E-2
30 4.01193E-2
31 3.57264E-2
32 3.18501E-2
33 2.83999E-2
34 2.53527E-2
35 2.25694E-2
36 2.0199E-2
37 1.79042E-2
38 1.60762E-2
39 1.43041E-2
40 1.27037E-2
