1 1 3.49556E-1
1 2 1.29605E-1
1 3 1.69989E-1
1 4 2.05923E-1
1 5 2.61671E-1
1 6 3.28866E-1
1 7 4.11132E-1
1 8 5.15815E-1
1 9 6.41912E-1
1 10 8.03614E-1
1 11 9.98388E-1
1 12 1.23795E0
1 13 1.52785E0
1 14 1.88136E0
1 15 2.29569E0
1 16 2.78568E0
1 17 3.3442E0
1 18 3.96624E0
1 19 4.62883E0
1 20 5.30474E0
1 21 5.92812E0
1 22 6.42867E0
1 23 6.70543E0
1 24 6.66206E0
1 25 6.22917E0
1 26 5.39517E0
1 27 4.24526E0
1 28 2.96186E0
1 29 1.77744E0
1 30 8.83461E-1
1 31 3.47026E-1
1 32 1.01628E-1
1 33 2.06514E-2
1 34 2.6644E-3
1 35 1.95877E-4
1 36 8.15942E-6
1 37 8.38549E-7
1 38 0E0
1 39 0E0
1 40 0E0
2 1 2.77594E-1
2 2 1.12805E-1
2 3 1.51766E-1
2 4 1.83999E-1
2 5 2.33812E-1
2 6 2.93855E-1
2 7 3.67364E-1
2 8 4.60903E-1
2 9 5.7358E-1
2 10 7.18072E-1
2 11 8.92127E-1
2 12 1.10621E0
2 13 1.36525E0
2 14 1.68117E0
2 15 2.05145E0
2 16 2.48945E0
2 17 2.98871E0
2 18 3.5447E0
2 19 4.13703E0
2 20 4.74144E0
2 21 5.29932E0
2 22 5.74706E0
2 23 5.99529E0
2 24 5.95755E0
2 25 5.57166E0
2 26 4.82703E0
2 27 3.79954E0
2 28 2.65205E0
2 29 1.5924E0
2 30 7.92026E-1
2 31 3.11363E-1
2 32 9.12721E-2
2 33 1.8572E-2
2 34 2.39995E-3
2 35 1.76887E-4
2 36 7.82727E-6
2 37 7.59228E-7
2 38 0E0
2 39 0E0
2 40 0E0
3 1 2.18803E-1
3 2 9.17414E-2
3 3 1.3201E-1
3 4 1.64113E-1
3 5 2.08665E-1
3 6 2.6225E-1
3 7 3.27855E-1
3 8 4.11337E-1
3 9 5.11899E-1
3 10 6.40859E-1
3 11 7.96209E-1
3 12 9.87285E-1
3 13 1.2185E0
3 14 1.50049E0
3 15 1.83101E0
3 16 2.22205E0
3 17 2.66787E0
3 18 3.16427E0
3 19 3.69326E0
3 20 4.23318E0
3 21 4.73192E0
3 22 5.13223E0
3 23 5.35484E0
3 24 5.32228E0
3 25 4.97888E0
3 26 4.31495E0
3 27 3.39796E0
3 28 2.37307E0
3 29 1.42587E0
3 30 7.09805E-1
3 31 2.79326E-1
3 32 8.19856E-2
3 33 1.67101E-2
3 34 2.16363E-3
3 35 1.59993E-4
3 36 7.35314E-6
3 37 6.88926E-7
3 38 0E0
3 39 0E0
3 40 0E0
4 1 1.70436E-1
4 2 7.20908E-2
4 3 1.07207E-1
4 4 1.43077E-1
4 5 1.86239E-1
4 6 2.34172E-1
4 7 2.92754E-1
4 8 3.67301E-1
4 9 4.57101E-1
4 10 5.72261E-1
4 11 7.10993E-1
4 12 8.81632E-1
4 13 1.08814E0
4 14 1.33999E0
4 15 1.63521E0
4 16 1.98447E0
4 17 2.38289E0
4 18 2.82641E0
4 19 3.29918E0
4 20 3.78189E0
4 21 4.22805E0
4 22 4.58656E0
4 23 4.78656E0
4 24 4.75874E0
4 25 4.45315E0
4 26 3.86093E0
4 27 3.04211E0
4 28 2.12603E0
4 29 1.27855E0
4 30 6.37139E-1
4 31 2.51051E-1
4 32 7.38094E-2
4 33 1.50741E-2
4 34 1.95655E-3
4 35 1.45288E-4
4 36 6.69185E-6
4 37 6.28038E-7
4 38 0E0
4 39 0E0
4 40 0E0
5 1 1.36965E-1
5 2 5.73029E-2
5 3 8.50361E-2
5 4 1.16471E-1
5 5 1.62758E-1
5 6 2.09382E-1
5 7 2.61846E-1
5 8 3.28525E-1
5 9 4.0885E-1
5 10 5.1186E-1
5 11 6.3596E-1
5 12 7.88609E-1
5 13 9.73355E-1
5 14 1.19868E0
5 15 1.46283E0
5 16 1.77534E0
5 17 2.13195E0
5 18 2.52902E0
5 19 2.95236E0
5 20 3.38476E0
5 21 3.78463E0
5 22 4.10641E0
5 23 4.28674E0
5 24 4.2633E0
5 25 3.99119E0
5 26 3.46219E0
5 27 2.72976E0
5 28 1.90938E0
5 29 1.14949E0
5 30 5.7357E-1
5 31 2.26365E-1
5 32 6.66873E-2
5 33 1.36532E-2
5 34 1.77745E-3
5 35 1.32613E-4
5 36 6.12566E-6
5 37 5.76148E-7
5 38 0E0
5 39 0E0
5 40 0E0
6 1 1.08508E-1
6 2 4.51741E-2
6 3 6.71252E-2
6 4 9.20788E-2
6 5 1.32225E-1
6 6 1.83148E-1
6 7 2.34197E-1
6 8 2.93902E-1
6 9 3.65766E-1
6 10 4.57932E-1
6 11 5.68969E-1
6 12 7.05556E-1
6 13 8.70876E-1
6 14 1.07253E0
6 15 1.30893E0
6 16 1.5887E0
6 17 1.90789E0
6 18 2.26364E0
6 19 2.64289E0
6 20 3.03049E0
6 21 3.38905E0
6 22 3.67815E0
6 23 3.84115E0
6 24 3.82186E0
6 25 3.57988E0
6 26 3.10744E0
6 27 2.45204E0
6 28 1.71698E0
6 29 1.03504E0
6 30 5.17306E-1
6 31 2.04576E-1
6 32 6.04204E-2
6 33 1.2408E-2
6 34 1.62147E-3
6 35 1.2162E-4
6 36 5.8878E-6
6 37 5.31941E-7
6 38 0E0
6 39 0E0
6 40 0E0
7 1 8.33486E-2
7 2 3.45823E-2
7 3 5.19819E-2
7 4 7.19645E-2
7 5 1.03949E-1
7 6 1.48369E-1
7 7 2.05116E-1
7 8 2.63119E-1
7 9 3.2751E-1
7 10 4.10044E-1
7 11 5.09484E-1
7 12 6.31812E-1
7 13 7.79888E-1
7 14 9.60528E-1
7 15 1.17233E0
7 16 1.42302E0
7 17 1.70907E0
7 18 2.0281E0
7 19 2.36829E0
7 20 2.71623E0
7 21 3.03833E0
7 22 3.29874E0
7 23 3.44628E0
7 24 3.4308E0
7 25 3.2158E0
7 26 2.7938E0
7 27 2.20678E0
7 28 1.54728E0
7 29 9.34286E-1
7 30 4.67902E-1
7 31 1.85505E-1
7 32 5.49584E-2
7 33 1.13293E-2
7 34 1.48755E-3
7 35 1.12268E-4
7 36 6.92954E-6
7 37 4.9518E-7
7 38 0E0
7 39 0E0
7 40 0E0
8 1 6.50048E-2
8 2 2.69792E-2
8 3 4.05948E-2
8 4 5.63582E-2
8 5 8.15977E-2
8 6 1.16676E-1
8 7 1.65842E-1
8 8 2.30629E-1
8 9 2.93487E-1
8 10 3.67493E-1
8 11 4.56628E-1
8 12 5.66292E-1
8 13 6.99046E-1
8 14 8.6102E-1
8 15 1.05098E0
8 16 1.27583E0
8 17 1.53253E0
8 18 1.81891E0
8 19 2.12451E0
8 20 2.4373E0
8 21 2.7272E0
8 22 2.96223E0
8 23 3.0963E0
8 24 3.08445E0
8 25 2.89361E0
8 26 2.51657E0
8 27 1.99038E0
8 28 1.39779E0
8 29 8.45753E-1
8 30 4.24637E-1
8 31 1.68879E-1
8 32 5.02249E-2
8 33 1.04024E-2
8 34 1.37381E-3
8 35 1.04438E-4
8 36 7.39884E-6
8 37 4.65243E-7
8 38 0E0
8 39 0E0
8 40 0E0
9 1 5.29939E-2
9 2 2.15565E-2
9 3 3.18953E-2
9 4 4.39648E-2
9 5 6.39008E-2
9 6 9.17525E-2
9 7 1.30663E-1
9 8 1.86691E-1
9 9 2.57933E-1
9 10 3.30032E-1
9 11 4.10124E-1
9 12 5.08648E-1
9 13 6.27932E-1
9 14 7.73489E-1
9 15 9.44237E-1
9 16 1.1464E0
9 17 1.37734E0
9 18 1.63498E0
9 19 1.91032E0
9 20 2.19226E0
9 21 2.45405E0
9 22 2.66684E0
9 23 2.78946E0
9 24 2.78116E0
9 25 2.61177E0
9 26 2.27444E0
9 27 1.8019E0
9 28 1.26788E0
9 29 7.69104E-1
9 30 3.87362E-1
9 31 1.5465E-1
9 32 4.62105E-2
9 33 9.62663E-3
9 34 1.28033E-3
9 35 9.81555E-5
9 36 6.98892E-6
9 37 4.42293E-7
9 38 0E0
9 39 0E0
9 40 0E0
10 1 4.12933E-2
10 2 1.67727E-2
10 3 2.4923E-2
10 4 3.44287E-2
10 5 5.00107E-2
10 6 7.19103E-2
10 7 1.02593E-1
10 8 1.46738E-1
10 9 2.08337E-1
10 10 2.9037E-1
10 11 3.68846E-1
10 12 4.57498E-1
10 13 5.64837E-1
10 14 6.95842E-1
10 15 8.49557E-1
10 16 1.03163E0
10 17 1.23969E0
10 18 1.47199E0
10 19 1.72049E0
10 20 1.97523E0
10 21 2.21226E0
10 22 2.40554E0
10 23 2.51832E0
10 24 2.51341E0
10 25 2.36339E0
10 26 2.06144E0
10 27 1.63649E0
10 28 1.15436E0
10 29 7.02408E-1
10 30 3.55136E-1
10 31 1.42456E-1
10 32 4.28136E-2
10 33 8.98222E-3
10 34 1.20488E-3
10 35 9.3324E-5
10 36 6.68252E-6
10 37 4.26275E-7
10 38 0E0
10 39 0E0
10 40 0E0
11 1 3.16615E-2
11 2 1.28569E-2
11 3 1.90591E-2
11 4 2.6268E-2
11 5 3.81847E-2
11 6 5.52769E-2
11 7 7.94996E-2
11 8 1.14348E-1
11 9 1.62943E-1
11 10 2.33857E-1
11 11 3.25059E-1
11 12 4.12452E-1
11 13 5.09282E-1
11 14 6.27488E-1
11 15 7.66222E-1
11 16 9.30633E-1
11 17 1.11861E0
11 18 1.3287E0
11 19 1.55358E0
11 20 1.7846E0
11 21 2.00005E0
11 22 2.17644E0
11 23 2.28083E0
11 24 2.2793E0
11 25 2.14666E0
11 26 1.87611E0
11 27 1.49305E0
11 28 1.05646E0
11 29 6.45261E-1
11 30 3.27786E-1
11 31 1.32247E-1
11 32 4.00262E-2
11 33 8.46982E-3
11 34 1.14794E-3
11 35 9.0038E-5
11 36 6.48896E-6
11 37 4.17921E-7
11 38 0E0
11 39 0E0
11 40 0E0
12 1 2.57102E-2
12 2 1.04248E-2
12 3 1.53906E-2
12 4 2.10523E-2
12 5 3.02421E-2
12 6 4.30722E-2
12 7 6.15537E-2
12 8 8.89408E-2
12 9 1.27333E-1
12 10 1.8315E-1
12 11 2.61909E-1
12 12 3.64639E-1
12 13 4.60686E-1
12 14 5.67705E-1
12 15 6.93369E-1
12 16 8.42352E-1
12 17 1.01285E0
12 18 1.20355E0
12 19 1.40796E0
12 20 1.61841E0
12 21 1.81528E0
12 22 1.97729E0
12 23 2.0747E0
12 24 2.07663E0
12 25 1.95962E0
12 26 1.71686E0
12 27 1.37045E0
12 28 9.73429E-1
12 29 5.97296E-1
12 30 3.05174E-1
12 31 1.2399E-1
12 32 3.78475E-2
12 33 8.09152E-3
12 34 1.11021E-3
12 35 8.83871E-5
12 36 6.41475E-6
12 37 4.17717E-7
12 38 0E0
12 39 0E0
12 40 0E0
13 1 1.88821E-2
13 2 7.65997E-3
13 3 1.13088E-2
13 4 1.5451E-2
13 5 2.22023E-2
13 6 3.18403E-2
13 7 4.58398E-2
13 8 6.68062E-2
13 9 9.69604E-2
13 10 1.41E-1
13 11 2.03055E-1
13 12 2.92249E-1
13 13 4.08108E-1
13 14 5.15347E-1
13 15 6.29582E-1
13 16 7.65102E-1
13 17 9.20315E-1
13 18 1.09414E0
13 19 1.28077E0
13 20 1.47335E0
13 21 1.6542E0
13 22 1.804E0
13 23 1.8957E0
13 24 1.90109E0
13 25 1.79823E0
13 26 1.58014E0
13 27 1.26594E0
13 28 9.03302E-1
13 29 5.57377E-1
13 30 2.8675E-1
13 31 1.1749E-1
13 32 3.62315E-2
13 33 7.84201E-3
13 34 1.09195E-3
13 35 8.84644E-5
13 36 6.47607E-6
13 37 4.27305E-7
13 38 0E0
13 39 0E0
13 40 0E0
14 1 1.58236E-2
14 2 6.41673E-3
14 3 9.47072E-3
14 4 1.29349E-2
14 5 1.85378E-2
14 6 2.63711E-2
14 7 3.74786E-2
14 8 5.36225E-2
14 9 7.63535E-2
14 10 1.10395E-1
14 11 1.58757E-1
14 12 2.28091E-1
14 13 3.27595E-1
14 14 4.58253E-1
14 15 5.74043E-1
14 16 6.97892E-1
14 17 8.39883E-1
14 18 9.99133E-1
14 19 1.17047E0
14 20 1.34777E0
14 21 1.51511E0
14 22 1.65482E0
14 23 1.74216E0
14 24 1.75128E0
14 25 1.66144E0
14 26 1.4653E0
14 27 1.17928E0
14 28 8.46159E-1
14 29 5.25718E-1
14 30 2.72725E-1
14 31 1.12878E-1
14 32 3.52338E-2
14 33 7.73676E-3
14 34 1.09574E-3
14 35 9.05254E-5
14 36 6.68634E-6
14 37 4.47272E-7
14 38 0E0
14 39 0E0
14 40 0E0
15 1 1.22859E-2
15 2 4.98201E-3
15 3 7.35367E-3
15 4 1.0044E-2
15 5 1.43915E-2
15 6 2.04457E-2
15 7 2.89775E-2
15 8 4.14602E-2
15 9 5.92771E-2
15 10 8.57006E-2
15 11 1.23163E-1
15 12 1.76997E-1
15 13 2.54238E-1
15 14 3.66898E-1
15 15 5.12546E-1
15 16 6.39915E-1
15 17 7.70522E-1
15 18 9.17289E-1
15 19 1.07565E0
15 20 1.24009E0
15 21 1.39609E0
15 22 1.52767E0
15 23 1.61189E0
15 24 1.62496E0
15 25 1.54708E0
15 26 1.37044E0
15 27 1.10896E0
15 28 8.0098E-1
15 29 5.01737E-1
15 30 2.62862E-1
15 31 1.10106E-1
15 32 3.4863E-2
15 33 7.78612E-3
15 34 1.12494E-3
15 35 9.50909E-5
15 36 7.09344E-6
15 37 4.8166E-7
15 38 0E0
15 39 0E0
15 40 0E0
16 1 9.29255E-3
16 2 3.76963E-3
16 3 5.56458E-3
16 4 7.60146E-3
16 5 1.08926E-2
16 6 1.54753E-2
16 7 2.19107E-2
16 8 3.12708E-2
16 9 4.4604E-2
16 10 6.45303E-2
16 11 9.32956E-2
16 12 1.35103E-1
16 13 1.95138E-1
16 14 2.82589E-1
16 15 4.08851E-1
16 16 5.74371E-1
16 17 7.11869E-1
16 18 8.48202E-1
16 19 9.95709E-1
16 20 1.14956E0
16 21 1.29645E0
16 22 1.4218E0
16 23 1.5042E0
16 24 1.52155E0
16 25 1.4551E0
16 26 1.29567E0
16 27 1.05522E0
16 28 7.68158E-1
16 29 4.8579E-1
16 30 2.57466E-1
16 31 1.0937E-1
16 32 3.52114E-2
16 33 8.02022E-3
16 34 1.1859E-3
16 35 1.02888E-4
16 36 7.76146E-6
16 37 5.36152E-7
16 38 0E0
16 39 0E0
16 40 0E0
17 1 7.38524E-3
17 2 2.99588E-3
17 3 4.42233E-3
17 4 6.04078E-3
17 5 8.65632E-3
17 6 1.22956E-2
17 7 1.74059E-2
17 8 2.48055E-2
17 9 3.52211E-2
17 10 5.06126E-2
17 11 7.26376E-2
17 12 1.04564E-1
17 13 1.505E-1
17 14 2.17525E-1
17 15 3.14317E-1
17 16 4.57008E-1
17 17 6.42528E-1
17 18 7.89984E-1
17 19 9.2856E-1
17 20 1.07385E0
17 21 1.21372E0
17 22 1.33461E0
17 23 1.4166E0
17 24 1.4388E0
17 25 1.38323E0
17 26 1.23951E0
17 27 1.01722E0
17 28 7.47498E-1
17 29 4.78087E-1
17 30 2.56876E-1
17 31 1.10917E-1
17 32 3.64043E-2
17 33 8.48091E-3
17 34 1.28727E-3
17 35 1.14973E-4
17 36 8.76416E-6
17 37 6.16404E-7
17 38 0E0
17 39 0E0
17 40 0E0
18 1 5.54317E-3
18 2 2.24885E-3
18 3 3.3199E-3
18 4 4.53525E-3
18 5 6.49968E-3
18 6 9.23509E-3
18 7 1.30754E-2
18 8 1.86249E-2
18 9 2.64133E-2
18 10 3.79008E-2
18 11 5.43751E-2
18 12 7.84674E-2
18 13 1.13483E-1
18 14 1.64725E-1
18 15 2.38752E-1
18 16 3.47947E-1
18 17 5.08984E-1
18 18 7.18481E-1
18 19 8.74398E-1
18 20 1.01314E0
18 21 1.14804E0
18 22 1.26628E0
18 23 1.34924E0
18 24 1.37687E0
18 25 1.3314E0
18 26 1.20184E0
18 27 9.95147E-1
18 28 7.39268E-1
18 29 4.7906E-1
18 30 2.61497E-1
18 31 1.1505E-1
18 32 3.86075E-2
18 33 9.23082E-3
18 34 1.44394E-3
18 35 1.33423E-4
18 36 8.81216E-6
18 37 7.37652E-7
18 38 0E0
18 39 0E0
18 40 0E0
19 1 3.95033E-3
19 2 1.60381E-3
19 3 2.36824E-3
19 4 3.23619E-3
19 5 4.63933E-3
19 6 6.59446E-3
19 7 9.3419E-3
19 8 1.33142E-2
19 9 1.88803E-2
19 10 2.70691E-2
19 11 3.88159E-2
19 12 5.61154E-2
19 13 8.17167E-2
19 14 1.20212E-1
19 15 1.76601E-1
19 16 2.59773E-1
19 17 3.82567E-1
19 18 5.65758E-1
19 19 8.03227E-1
19 20 9.68066E-1
19 21 1.1E0
19 22 1.21763E0
19 23 1.30307E0
19 24 1.33687E0
19 25 1.30125E0
19 26 1.18446E0
19 27 9.90708E-1
19 28 7.45065E-1
19 29 4.90059E-1
19 30 2.72309E-1
19 31 1.22393E-1
19 32 4.21245E-2
19 33 1.03756E-2
19 34 1.68048E-3
19 35 1.61517E-4
19 36 9.35566E-6
19 37 9.2517E-7
19 38 0E0
19 39 0E0
19 40 0E0
20 1 3.083E-3
20 2 1.25168E-3
20 3 1.8479E-3
20 4 2.52483E-3
20 5 3.61934E-3
20 6 5.14338E-3
20 7 7.28484E-3
20 8 1.03809E-2
20 9 1.47137E-2
20 10 2.10609E-2
20 11 3.00682E-2
20 12 4.3125E-2
20 13 6.20686E-2
20 14 8.99557E-2
20 15 1.31204E-1
20 16 1.9337E-1
20 17 2.85384E-1
20 18 4.22745E-1
20 19 6.29151E-1
20 20 8.97056E-1
20 21 1.06503E0
20 22 1.18401E0
20 23 1.27387E0
20 24 1.3155E0
20 25 1.29058E0
20 26 1.18647E0
20 27 1.00436E0
20 28 7.66346E-1
20 29 5.12903E-1
20 30 2.90925E-1
20 31 1.33976E-1
20 32 4.74396E-2
20 33 1.20737E-2
20 34 2.03021E-3
20 35 2.03336E-4
20 36 1.20557E-5
20 37 1.19742E-6
20 38 0E0
20 39 0E0
20 40 0E0
21 1 2.29614E-3
21 2 9.32377E-4
21 3 1.37664E-3
21 4 1.88108E-3
21 5 2.6968E-3
21 6 3.83311E-3
21 7 5.4295E-3
21 8 7.73817E-3
21 9 1.09717E-2
21 10 1.57092E-2
21 11 2.24323E-2
21 12 3.21697E-2
21 13 4.6307E-2
21 14 6.72567E-2
21 15 9.79324E-2
21 16 1.43466E-1
21 17 2.1101E-1
21 18 3.12261E-1
21 19 4.64988E-1
21 20 6.98569E-1
21 21 9.99388E-1
21 22 1.16834E0
21 23 1.26461E0
21 24 1.31591E0
21 25 1.30264E0
21 26 1.21103E0
21 27 1.03922E0
21 28 8.06039E-1
21 29 5.50135E-1
21 30 3.19391E-1
21 31 1.51153E-1
21 32 5.52602E-2
21 33 1.45927E-2
21 34 2.55988E-3
21 35 2.68928E-4
21 36 1.57414E-5
21 37 1.62737E-6
21 38 1.32611E-8
21 39 0E0
21 40 0E0
22 1 1.63031E-3
22 2 6.62286E-4
22 3 9.7804E-4
22 4 1.33664E-3
22 5 1.91653E-3
22 6 2.72491E-3
22 7 3.86159E-3
22 8 5.5061E-3
22 9 7.81086E-3
22 10 1.11921E-2
22 11 1.59959E-2
22 12 2.29544E-2
22 13 3.30526E-2
22 14 4.80206E-2
22 15 7.00331E-2
22 16 1.0292E-1
22 17 1.5188E-1
22 18 2.25575E-1
22 19 3.37245E-1
22 20 5.08893E-1
22 21 7.7359E-1
22 22 1.11383E0
22 23 1.27768E0
22 24 1.34054E0
22 25 1.3406E0
22 26 1.2616E0
22 27 1.09921E0
22 28 8.68232E-1
22 29 6.05649E-1
22 30 3.60874E-1
22 31 1.76073E-1
22 32 6.67195E-2
22 33 1.83671E-2
22 34 3.38017E-3
22 35 3.75035E-4
22 36 2.30941E-5
22 37 2.32886E-6
22 38 2.91689E-8
22 39 0E0
22 40 0E0
23 1 1.09185E-3
23 2 4.44362E-4
23 3 6.56347E-4
23 4 8.97283E-4
23 5 1.28716E-3
23 6 1.83085E-3
23 7 2.59596E-3
23 8 3.70441E-3
23 9 5.26028E-3
23 10 7.5459E-3
23 11 1.08007E-2
23 12 1.5527E-2
23 13 2.23923E-2
23 14 3.25576E-2
23 15 4.75485E-2
23 16 7.0216E-2
23 17 1.04559E-1
23 18 1.5698E-1
23 19 2.3699E-1
23 20 3.60754E-1
23 21 5.53115E-1
23 22 8.55069E-1
23 23 1.24116E0
23 24 1.39226E0
23 25 1.40798E0
23 26 1.34293E0
23 27 1.18955E0
23 28 9.58582E-1
23 29 6.84933E-1
23 30 4.19983E-1
23 31 2.12003E-1
23 32 8.36073E-2
23 33 2.41196E-2
23 34 4.68665E-3
23 35 5.53575E-4
23 36 3.61431E-5
23 37 3.52146E-6
23 38 5.73329E-8
23 39 0E0
23 40 0E0
24 1 7.32695E-4
24 2 2.98836E-4
24 3 4.41486E-4
24 4 6.03731E-4
24 5 8.66232E-4
24 6 1.23262E-3
24 7 1.74867E-3
24 8 2.49654E-3
24 9 3.54761E-3
24 10 5.09407E-3
24 11 7.29891E-3
24 12 1.05073E-2
24 13 1.51793E-2
24 14 2.2103E-2
24 15 3.2304E-2
24 16 4.77191E-2
24 17 7.112E-2
24 18 1.07088E-1
24 19 1.62643E-1
24 20 2.49306E-1
24 21 3.85159E-1
24 22 6.00585E-1
24 23 9.43706E-1
24 24 1.37969E0
24 25 1.50789E0
24 26 1.46031E0
24 27 1.31738E0
24 28 1.08573E0
24 29 7.96898E-1
24 30 5.04521E-1
24 31 2.64504E-1
24 32 1.09036E-1
24 33 3.31241E-2
24 34 6.83183E-3
24 35 8.64046E-4
24 36 6.02431E-5
24 37 5.55373E-6
24 38 1.28485E-7
24 39 0E0
24 40 0E0
25 1 4.66984E-4
25 2 1.91056E-4
25 3 2.82337E-4
25 4 3.86192E-4
25 5 5.54372E-4
25 6 7.89273E-4
25 7 1.12036E-3
25 8 1.60093E-3
25 9 2.27722E-3
25 10 3.27375E-3
25 11 4.69826E-3
25 12 6.77638E-3
25 13 9.81186E-3
25 14 1.43277E-2
25 15 2.10021E-2
25 16 3.11137E-2
25 17 4.65398E-2
25 18 7.03979E-2
25 19 1.07574E-1
25 20 1.66241E-1
25 21 2.59206E-1
25 22 4.08355E-1
25 23 6.49152E-1
25 24 1.03942E0
25 25 1.53192E0
25 26 1.62369E0
25 27 1.49434E0
25 28 1.26198E0
25 29 9.53969E-1
25 30 6.2561E-1
25 31 3.41973E-1
25 32 1.48073E-1
25 33 4.76389E-2
25 34 1.05015E-2
25 35 1.43376E-3
25 36 1.07723E-4
25 37 6.83376E-6
25 38 2.004E-7
25 39 0E0
25 40 0E0
26 1 2.57676E-4
26 2 1.06527E-4
26 3 1.5749E-4
26 4 2.15538E-4
26 5 3.09598E-4
26 6 4.41151E-4
26 7 6.26881E-4
26 8 8.96951E-4
26 9 1.27796E-3
26 10 1.84104E-3
26 11 2.64897E-3
26 12 3.83293E-3
26 13 5.57199E-3
26 14 8.17628E-3
26 15 1.2056E-2
26 16 1.79773E-2
26 17 2.70728E-2
26 18 4.13351E-2
26 19 6.40402E-2
26 20 1.009E-1
26 21 1.61153E-1
26 22 2.60363E-1
26 23 4.23765E-1
26 24 6.94312E-1
26 25 1.14294E0
26 26 1.70496E0
26 27 1.74307E0
26 28 1.50893E0
26 29 1.17597E0
26 30 8.00251E-1
26 31 4.57429E-1
26 32 2.08988E-1
26 33 7.16858E-2
26 34 1.70568E-2
26 35 2.54905E-3
26 36 2.11723E-4
26 37 1.0024E-5
26 38 3.29921E-7
26 39 0E0
26 40 0E0
27 1 1.50946E-4
27 2 6.27155E-5
27 3 9.27406E-5
27 4 1.2698E-4
27 5 1.82481E-4
27 6 2.60144E-4
27 7 3.69943E-4
27 8 5.29824E-4
27 9 7.55723E-4
27 10 1.09028E-3
27 11 1.57149E-3
27 12 2.2787E-3
27 13 3.32156E-3
27 14 4.89012E-3
27 15 7.23971E-3
27 16 1.08488E-2
27 17 1.64287E-2
27 18 2.52046E-2
27 19 3.92016E-2
27 20 6.1984E-2
27 21 9.94383E-2
27 22 1.61976E-1
27 23 2.6715E-1
27 24 4.4469E-1
27 25 7.45543E-1
27 26 1.25367E0
27 27 1.88221E0
27 28 1.84584E0
27 29 1.48951E0
27 30 1.05724E0
27 31 6.35474E-1
27 32 3.08092E-1
27 33 1.13276E-1
27 34 2.92085E-2
27 35 4.78726E-3
27 36 4.41181E-4
27 37 2.08487E-5
27 38 7.60668E-7
27 39 0E0
27 40 0E0
28 1 7.61883E-5
28 2 3.20861E-5
28 3 4.74712E-5
28 4 6.50265E-5
28 5 9.35112E-5
28 6 1.33435E-4
28 7 1.89943E-4
28 8 2.7235E-4
28 9 3.89088E-4
28 10 5.6248E-4
28 11 8.12812E-4
28 12 1.18239E-3
28 13 1.73029E-3
28 14 2.55974E-3
28 15 3.8125E-3
28 16 5.75559E-3
28 17 8.79425E-3
28 18 1.36343E-2
28 19 2.14594E-2
28 20 3.43913E-2
28 21 5.60158E-2
28 22 9.28858E-2
28 23 1.565E-1
28 24 2.66847E-1
28 25 4.59199E-1
28 26 7.94219E-1
28 27 1.37296E0
28 28 2.07865E0
28 29 1.93998E0
28 30 1.43902E0
28 31 9.12455E-1
28 32 4.71709E-1
28 33 1.87172E-1
28 34 5.27934E-2
28 35 9.61025E-3
28 36 1.00011E-3
28 37 5.20689E-5
28 38 1.94829E-6
28 39 0E0
28 40 0E0
29 1 3.16675E-5
29 2 1.41783E-5
29 3 2.09906E-5
29 4 2.8773E-5
29 5 4.14001E-5
29 6 5.91135E-5
29 7 8.42239E-5
29 8 1.20904E-4
29 9 1.72985E-4
29 10 2.50514E-4
29 11 3.628E-4
29 12 5.29263E-4
29 13 7.77301E-4
29 14 1.15525E-3
29 15 1.7309E-3
29 16 2.63274E-3
29 17 4.06144E-3
29 18 6.37348E-3
29 19 1.01837E-2
29 20 1.66237E-2
29 21 2.76829E-2
29 22 4.70837E-2
29 23 8.16421E-2
29 24 1.43936E-1
29 25 2.57173E-1
29 26 4.63295E-1
29 27 8.36178E-1
29 28 1.49986E0
29 29 2.2981E0
29 30 2.02088E0
29 31 1.35356E0
29 32 7.48341E-1
29 33 3.22214E-1
29 34 1.00282E-1
29 35 2.05332E-2
29 36 2.45602E-3
29 37 1.48311E-4
29 38 5.44185E-6
29 39 0E0
29 40 0E0
30 1 1.14636E-5
30 2 5.78036E-6
30 3 8.72399E-6
30 4 1.20478E-5
30 5 1.73659E-5
30 6 2.48357E-5
30 7 3.54473E-5
30 8 5.0988E-5
30 9 7.31319E-5
30 10 1.06243E-4
30 11 1.54473E-4
30 12 2.26446E-4
30 13 3.34564E-4
30 14 5.00902E-4
30 15 7.57195E-4
30 16 1.16422E-3
30 17 1.8195E-3
30 18 2.89993E-3
30 19 4.71935E-3
30 20 7.87143E-3
30 21 1.34269E-2
30 22 2.33992E-2
30 23 4.15217E-2
30 24 7.48529E-2
30 25 1.36928E-1
30 26 2.53878E-1
30 27 4.7429E-1
30 28 8.85055E-1
30 29 1.63257E0
30 30 2.51453E0
30 31 2.0689E0
30 32 1.23163E0
30 33 5.79566E-1
30 34 2.0037E-1
30 35 4.63914E-2
30 36 6.4009E-3
30 37 4.54602E-4
30 38 1.60134E-5
30 39 2.59418E-6
30 40 9.83846E-7
31 1 2.85492E-6
31 2 1.633E-6
31 3 2.65614E-6
31 4 3.88549E-6
31 5 5.82549E-6
31 6 8.48118E-6
31 7 1.21983E-5
31 8 1.7607E-5
31 9 2.53413E-5
31 10 3.69633E-5
31 11 5.4011E-5
31 12 7.96509E-5
31 13 1.18545E-4
31 14 1.79033E-4
31 15 2.73447E-4
31 16 4.25576E-4
31 17 6.74619E-4
31 18 1.0931E-3
31 19 1.81345E-3
31 20 3.09253E-3
31 21 5.41739E-3
31 22 9.75365E-3
31 23 1.79595E-2
31 24 3.36671E-2
31 25 6.40794E-2
31 26 1.23693E-1
31 27 2.41897E-1
31 28 4.75597E-1
31 29 9.28679E-1
31 30 1.77637E0
31 31 2.74881E0
31 32 2.08587E0
31 33 1.07813E0
31 34 4.17715E-1
31 35 1.10735E-1
31 36 1.78982E-2
31 37 1.52461E-3
31 38 5.85911E-5
31 39 4.78711E-6
31 40 3.96896E-7
32 1 5.40116E-7
32 2 3.09182E-7
32 3 5.11538E-7
32 4 7.82515E-7
32 5 1.25382E-6
32 6 1.985E-6
32 7 3.09264E-6
32 8 4.71918E-6
32 9 6.96855E-6
32 10 1.02785E-5
32 11 1.51088E-5
32 12 2.24134E-5
32 13 3.3596E-5
32 14 5.11878E-5
32 15 7.90363E-5
32 16 1.24666E-4
32 17 2.00876E-4
32 18 3.31977E-4
32 19 5.63826E-4
32 20 9.8879E-4
32 21 1.79057E-3
32 22 3.35506E-3
32 23 6.4888E-3
32 24 1.28598E-2
32 25 2.58768E-2
32 26 5.24801E-2
32 27 1.07891E-1
32 28 2.24856E-1
32 29 4.69655E-1
32 30 9.66897E-1
32 31 1.92702E0
32 32 2.99409E0
32 33 2.06602E0
32 34 9.01558E-1
32 35 2.76218E-1
32 36 5.30804E-2
32 37 5.54143E-3
32 38 2.62751E-4
32 39 8.57E-6
32 40 1.78431E-7
33 1 8.55509E-8
33 2 4.89724E-8
33 3 8.10244E-8
33 4 1.23945E-7
33 5 1.986E-7
33 6 3.15497E-7
33 7 4.98977E-7
33 8 7.93E-7
33 9 1.25158E-6
33 10 1.98841E-6
33 11 3.12142E-6
33 12 4.81454E-6
33 13 7.35944E-6
33 14 1.13638E-5
33 15 1.77807E-5
33 16 2.84864E-5
33 17 4.6783E-5
33 18 7.91148E-5
33 19 1.38147E-4
33 20 2.50409E-4
33 21 4.71486E-4
33 22 9.24664E-4
33 23 1.88796E-3
33 24 3.99781E-3
33 25 8.66664E-3
33 26 1.8774E-2
33 27 4.0896E-2
33 28 9.06741E-2
33 29 2.0393E-1
33 30 4.57176E-1
33 31 9.99926E-1
33 32 2.08412E0
33 33 3.24511E0
33 34 2.0031E0
33 35 7.13737E-1
33 36 1.6488E-1
33 37 2.14549E-2
33 38 1.31523E-3
33 39 3.32002E-5
33 40 4.02862E-7
34 1 1.27179E-8
34 2 7.28017E-9
34 3 1.2045E-8
34 4 1.84255E-8
34 5 2.95236E-8
34 6 4.69013E-8
34 7 7.41771E-8
34 8 1.17886E-7
34 9 1.8607E-7
34 10 2.96048E-7
34 11 4.68694E-7
34 12 7.42712E-7
34 13 1.17587E-6
34 14 1.87218E-6
34 15 2.99795E-6
34 16 4.8796E-6
34 17 8.134E-6
34 18 1.40686E-5
34 19 2.53195E-5
34 20 4.75427E-5
34 21 9.3168E-5
34 22 1.91144E-4
34 23 4.10527E-4
34 24 9.22049E-4
34 25 2.15562E-3
34 26 5.16956E-3
34 27 1.23481E-2
34 28 2.96459E-2
34 29 7.25757E-2
34 30 1.79524E-1
34 31 4.38265E-1
34 32 1.02774E0
34 33 2.24935E0
34 34 3.49656E0
34 35 1.89356E0
34 36 5.2981E-1
34 37 8.7176E-2
34 38 7.06764E-3
34 39 2.26381E-4
34 40 3.06519E-6
35 1 1.98766E-9
35 2 1.13781E-9
35 3 1.88249E-9
35 4 2.8797E-9
35 5 4.6142E-9
35 6 7.33014E-9
35 7 1.1593E-8
35 8 1.84243E-8
35 9 2.90806E-8
35 10 4.6269E-8
35 11 7.32515E-8
35 12 1.16077E-7
35 13 1.83767E-7
35 14 2.91732E-7
35 15 4.62755E-7
35 16 7.45135E-7
35 17 1.22698E-6
35 18 2.05233E-6
35 19 3.55714E-6
35 20 6.64591E-6
35 21 1.34121E-5
35 22 2.87495E-5
35 23 6.48919E-5
35 24 1.53904E-4
35 25 3.82474E-4
35 26 9.79244E-4
35 27 2.56267E-3
35 28 6.93521E-3
35 29 1.93169E-2
35 30 5.449E-2
35 31 1.52541E-1
35 32 4.13047E-1
35 33 1.04956E0
35 34 2.42037E0
35 35 3.74243E0
35 36 1.74068E0
35 37 3.64562E-1
35 38 3.98293E-2
35 39 1.81688E-3
35 40 2.8627E-5
36 1 3.8811E-10
36 2 2.2217E-10
36 3 3.6758E-10
36 4 5.6229E-10
36 5 9.0097E-10
36 6 1.43128E-9
36 7 2.26366E-9
36 8 3.59752E-9
36 9 5.67827E-9
36 10 9.03449E-9
36 11 1.43031E-8
36 12 2.26653E-8
36 13 3.58823E-8
36 14 5.69629E-8
36 15 9.01605E-8
36 16 1.43014E-7
36 17 2.26661E-7
36 18 3.59262E-7
36 19 5.68993E-7
36 20 9.07375E-7
36 21 1.55348E-6
36 22 2.97827E-6
36 23 6.62517E-6
36 24 1.6699E-5
36 25 4.62378E-5
36 26 1.37399E-4
36 27 4.18027E-4
36 28 1.26123E-3
36 29 3.84645E-3
36 30 1.20933E-2
36 31 3.88669E-2
36 32 1.23906E-1
36 33 3.77883E-1
36 34 1.05695E0
36 35 2.595E0
36 36 3.98422E0
36 37 1.55009E0
36 38 2.28971E-1
36 39 1.5278E-2
36 40 3.53879E-4
37 1 1.1653E-10
37 2 6.6704E-11
37 3 1.1036E-10
37 4 1.6882E-10
37 5 2.7051E-10
37 6 4.2973E-10
37 7 6.7964E-10
37 8 1.08012E-9
37 9 1.70484E-9
37 10 2.71251E-9
37 11 4.29435E-9
37 12 6.80501E-9
37 13 1.07733E-8
37 14 1.71025E-8
37 15 2.70697E-8
37 16 4.29384E-8
37 17 6.80526E-8
37 18 1.07865E-7
37 19 1.70834E-7
37 20 2.70901E-7
37 21 4.2925E-7
37 22 6.80453E-7
37 23 1.08154E-6
37 24 1.82344E-6
37 25 3.92919E-6
37 26 1.1366E-5
37 27 4.10202E-5
37 28 1.53802E-4
37 29 5.56903E-4
37 30 1.97437E-3
37 31 7.07822E-3
37 32 2.61507E-2
37 33 9.64831E-2
37 34 3.37405E-1
37 35 1.0542E0
37 36 2.77435E0
37 37 4.20902E0
37 38 1.33138E0
37 39 1.29576E-1
37 40 4.83063E-3
38 1 4.5445E-11
38 2 2.6014E-11
38 3 4.304E-11
38 4 6.584E-11
38 5 1.055E-10
38 6 1.6759E-10
38 7 2.6506E-10
38 8 4.2124E-10
38 9 6.6488E-10
38 10 1.05787E-9
38 11 1.67478E-9
38 12 2.65393E-9
38 13 4.20154E-9
38 14 6.66991E-9
38 15 1.05571E-8
38 16 1.67458E-8
38 17 2.65403E-8
38 18 4.20668E-8
38 19 6.66245E-8
38 20 1.0565E-7
38 21 1.67406E-7
38 22 2.65374E-7
38 23 4.20588E-7
38 24 6.66571E-7
38 25 1.06645E-6
38 26 1.84225E-6
38 27 4.2006E-6
38 28 1.54279E-5
38 29 6.40102E-5
38 30 2.49054E-4
38 31 9.60032E-4
38 32 3.87289E-3
38 33 1.6531E-2
38 34 7.17405E-2
38 35 2.93571E-1
38 36 1.04151E0
38 37 2.95751E0
38 38 4.40812E0
38 39 1.10048E0
38 40 6.61821E-2
39 1 2.2653E-11
39 2 1.2967E-11
39 3 2.1454E-11
39 4 3.2819E-11
39 5 5.2587E-11
39 6 8.354E-11
39 7 1.3212E-10
39 8 2.0998E-10
39 9 3.3142E-10
39 10 5.2731E-10
39 11 8.3483E-10
39 12 1.3229E-9
39 13 2.09434E-9
39 14 3.32475E-9
39 15 5.26239E-9
39 16 8.34728E-9
39 17 1.32295E-8
39 18 2.0969E-8
39 19 3.32103E-8
39 20 5.26635E-8
39 21 8.34467E-8
39 22 1.32281E-7
39 23 2.0965E-7
39 24 3.32232E-7
39 25 5.26581E-7
39 26 8.34571E-7
39 27 1.32951E-6
39 28 2.33868E-6
39 29 6.31296E-6
39 30 2.42243E-5
39 31 9.78593E-5
39 32 4.14211E-4
39 33 1.90685E-3
39 34 9.6227E-3
39 35 5.04866E-2
39 36 2.48407E-1
39 37 1.01993E0
39 38 3.14413E0
39 39 4.57283E0
39 40 9.02667E-1
40 1 8.6699E-12
40 2 4.963E-12
40 3 8.2112E-12
40 4 1.2561E-11
40 5 2.0127E-11
40 6 3.1973E-11
40 7 5.0567E-11
40 8 8.0364E-11
40 9 1.2685E-10
40 10 2.0182E-10
40 11 3.1951E-10
40 12 5.0632E-10
40 13 8.0157E-10
40 14 1.27248E-9
40 15 2.01408E-9
40 16 3.19476E-9
40 17 5.06334E-9
40 18 8.02549E-9
40 19 1.27106E-8
40 20 2.0156E-8
40 21 3.19377E-8
40 22 5.0628E-8
40 23 8.02396E-8
40 24 1.27156E-7
40 25 2.01539E-7
40 26 3.19416E-7
40 27 5.06236E-7
40 28 8.02329E-7
40 29 1.28556E-6
40 30 2.39064E-6
40 31 6.48825E-6
40 32 2.40089E-5
40 33 1.15283E-4
40 34 6.82802E-4
40 35 4.61029E-3
40 36 3.21484E-2
40 37 2.02322E-1
40 38 9.91846E-1
40 39 3.33763E0
40 40 5.37299E0
