1 1.13076E0
2 1.00888E0
3 8.98669E-1
4 8.00553E-1
5 7.13924E-1
6 6.36306E-1
7 5.67087E-1
8 5.05238E-1
9 4.50442E-1
10 4.01377E-1
11 3.57647E-1
12 3.1885E-1
13 2.84128E-1
14 2.53266E-1
15 2.25679E-1
16 2.0117E-1
17 1.79296E-1
18 1.5975E-1
19 1.42424E-1
20 1.26908E-1
21 1.13093E-1
22 1.00824E-1
23 8.98366E-2
24 8.00569E-2
25 7.13599E-2
26 6.36017E-2
27 5.6669E-2
28 5.04969E-2
29 4.5015E-2
30 4.01057E-2
31 3.5736E-2
32 3.18565E-2
33 2.8381E-2
34 2.52855E-2
35 2.25434E-2
36 2.0095E-2
37 1.79821E-2
38 1.6063E-2
39 1.42985E-2
40 1.27158E-2
