1 1 2.70316E-1
1 2 1.00306E-1
1 3 1.31852E-1
1 4 1.59876E-1
1 5 2.034E-1
1 6 2.56016E-1
1 7 3.20667E-1
1 8 4.03276E-1
1 9 5.03366E-1
1 10 6.3255E-1
1 11 7.89616E-1
1 12 9.84955E-1
1 13 1.2248E0
1 14 1.52256E0
1 15 1.88017E0
1 16 2.31607E0
1 17 2.83372E0
1 18 3.44175E0
1 19 4.13886E0
1 20 4.92561E0
1 21 5.77176E0
1 22 6.64231E0
1 23 7.46634E0
1 24 8.15213E0
1 25 8.5812E0
1 26 8.62365E0
1 27 8.17792E0
1 28 7.21034E0
1 29 5.80176E0
1 30 4.16276E0
1 31 2.58727E0
1 32 1.34351E0
1 33 5.5742E-1
1 34 1.74779E-1
1 35 3.86645E-2
1 36 5.54311E-3
1 37 4.63779E-4
1 38 2.08827E-5
1 39 1.52505E-6
1 40 3.96009E-8
2 1 2.15134E-1
2 2 8.6941E-2
2 3 1.17522E-1
2 4 1.42771E-1
2 5 1.81637E-1
2 6 2.28624E-1
2 7 2.86357E-1
2 8 3.60129E-1
2 9 4.49512E-1
2 10 5.64876E-1
2 11 7.0514E-1
2 12 8.79591E-1
2 13 1.09377E0
2 14 1.35967E0
2 15 1.67905E0
2 16 2.06833E0
2 17 2.53068E0
2 18 3.07384E0
2 19 3.69643E0
2 20 4.39914E0
2 21 5.15496E0
2 22 5.93261E0
2 23 6.66899E0
2 24 7.28196E0
2 25 7.66582E0
2 26 7.70451E0
2 27 7.3072E0
2 28 6.44367E0
2 29 5.1859E0
2 30 3.72182E0
2 31 2.31395E0
2 32 1.20205E0
2 33 4.98974E-1
2 34 1.56548E-1
2 35 3.46544E-2
2 36 4.97276E-3
2 37 4.16575E-4
2 38 1.87812E-5
2 39 1.37238E-6
2 40 3.57345E-8
3 1 1.69764E-1
3 2 7.10098E-2
3 3 1.01838E-1
3 4 1.27155E-1
3 5 1.6198E-1
3 6 2.03882E-1
3 7 2.55367E-1
3 8 3.21155E-1
3 9 4.00867E-1
3 10 5.03749E-1
3 11 6.28835E-1
3 12 7.84417E-1
3 13 9.75425E-1
3 14 1.21256E0
3 15 1.49739E0
3 16 1.84459E0
3 17 2.25695E0
3 18 2.74151E0
3 19 3.29684E0
3 20 3.92365E0
3 21 4.59791E0
3 22 5.29172E0
3 23 5.94902E0
3 24 6.49627E0
3 25 6.83932E0
3 26 6.8747E0
3 27 6.52122E0
3 28 5.75174E0
3 29 4.63021E0
3 30 3.32407E0
3 31 2.06748E0
3 32 1.07456E0
3 33 4.46325E-1
3 34 1.40133E-1
3 35 3.10485E-2
3 36 4.46056E-3
3 37 3.74257E-4
3 38 1.71262E-5
3 39 1.23593E-6
3 40 3.23262E-8
4 1 1.32346E-1
4 2 5.59154E-2
4 3 8.30278E-2
4 4 1.10455E-1
4 5 1.4437E-1
4 6 1.81882E-1
4 7 2.27812E-1
4 8 2.86502E-1
4 9 3.57614E-1
4 10 4.49397E-1
4 11 5.60991E-1
4 12 6.99791E-1
4 13 8.70203E-1
4 14 1.08177E0
4 15 1.33588E0
4 16 1.64566E0
4 17 2.01357E0
4 18 2.44599E0
4 19 2.94161E0
4 20 3.50095E0
4 21 4.1027E0
4 22 4.72204E0
4 23 5.30916E0
4 24 5.79806E0
4 25 6.10483E0
4 26 6.13739E0
4 27 5.82298E0
4 28 5.1372E0
4 29 4.13682E0
4 30 2.97105E0
4 31 1.84885E0
4 32 9.61526E-1
4 33 3.99684E-1
4 34 1.25599E-1
4 35 2.78619E-2
4 36 4.00876E-3
4 37 3.37018E-4
4 38 1.59731E-5
4 39 1.11636E-6
4 40 2.94014E-8
5 1 1.06442E-1
5 2 4.44836E-2
5 3 6.59739E-2
5 4 9.02373E-2
5 5 1.25755E-1
5 6 1.62391E-1
5 7 2.03523E-1
5 8 2.55955E-1
5 9 3.19486E-1
5 10 4.01485E-1
5 11 5.01186E-1
5 12 6.25195E-1
5 13 7.77449E-1
5 14 9.66486E-1
5 15 1.19352E0
5 16 1.47031E0
5 17 1.79906E0
5 18 2.18547E0
5 19 2.62851E0
5 20 3.12842E0
5 21 3.66631E0
5 22 4.22007E0
5 23 4.74529E0
5 24 5.18279E0
5 25 5.45791E0
5 26 5.48807E0
5 27 5.20815E0
5 28 4.59622E0
5 29 3.70266E0
5 30 2.66056E0
5 31 1.65666E0
5 32 8.62246E-1
5 33 3.58749E-1
5 34 1.12863E-1
5 35 2.5074E-2
5 36 3.61417E-3
5 37 3.0459E-4
5 38 1.48326E-5
5 39 1.01275E-6
5 40 2.67083E-8
6 1 8.4426E-2
6 2 3.51086E-2
6 3 5.21377E-2
6 4 7.14697E-2
6 5 1.02485E-1
6 6 1.41614E-1
6 7 1.81726E-1
6 8 2.28641E-1
6 9 2.85394E-1
6 10 3.58646E-1
6 11 4.47712E-1
6 12 5.58495E-1
6 13 6.94513E-1
6 14 8.634E-1
6 15 1.06625E0
6 16 1.31354E0
6 17 1.6073E0
6 18 1.95254E0
6 19 2.34859E0
6 20 2.79541E0
6 21 3.27626E0
6 22 3.77146E0
6 23 4.24134E0
6 24 4.6329E0
6 25 4.8801E0
6 26 4.90823E0
6 27 4.65924E0
6 28 4.1134E0
6 29 3.31535E0
6 30 2.38375E0
6 31 1.48547E0
6 32 7.73894E-1
6 33 3.2236E-1
6 34 1.01565E-1
6 35 2.26061E-2
6 36 3.26572E-3
6 37 2.76058E-4
6 38 1.36195E-5
6 39 9.22356E-7
6 40 2.44626E-8
7 1 6.49627E-2
7 2 2.69208E-2
7 3 4.04382E-2
7 4 5.59407E-2
7 5 8.07387E-2
7 6 1.15058E-1
7 7 1.58683E-1
7 8 2.04275E-1
7 9 2.55067E-1
7 10 3.20536E-1
7 11 4.00142E-1
7 12 4.99161E-1
7 13 6.20738E-1
7 14 7.71699E-1
7 15 9.53034E-1
7 16 1.1741E0
7 17 1.43672E0
7 18 1.74541E0
7 19 2.09956E0
7 20 2.49929E0
7 21 2.92943E0
7 22 3.37265E0
7 23 3.79339E0
7 24 4.14447E0
7 25 4.36665E0
7 26 4.39321E0
7 27 4.17197E0
7 28 3.68491E0
7 29 2.97177E0
7 30 2.1384E0
7 31 1.33388E0
7 32 6.95748E-1
7 33 2.90233E-1
7 34 9.16139E-2
7 35 2.04374E-2
7 36 2.96054E-3
7 37 2.51145E-4
7 38 1.2454E-5
7 39 8.44648E-7
7 40 2.25259E-8
8 1 5.0765E-2
8 2 2.10425E-2
8 3 3.16388E-2
8 4 4.38885E-2
8 5 6.34819E-2
8 6 9.068E-2
8 7 1.2867E-1
8 8 1.78503E-1
8 9 2.28002E-1
8 10 2.86595E-1
8 11 3.57776E-1
8 12 4.46317E-1
8 13 5.55036E-1
8 14 6.90034E-1
8 15 8.52204E-1
8 16 1.04994E0
8 17 1.28484E0
8 18 1.56099E0
8 19 1.87782E0
8 20 2.23564E0
8 21 2.62075E0
8 22 3.01772E0
8 23 3.39478E0
8 24 3.70994E0
8 25 3.90997E0
8 26 3.93531E0
8 27 3.73899E0
8 28 3.30446E0
8 29 2.66692E0
8 30 1.92089E0
8 31 1.19967E0
8 32 6.26673E-1
8 33 2.61898E-1
8 34 8.28615E-2
8 35 1.85367E-2
8 36 2.69446E-3
8 37 2.29583E-4
8 38 1.21638E-5
8 39 7.78098E-7
8 40 2.09315E-8
9 1 4.14764E-2
9 2 1.68521E-2
9 3 2.49207E-2
9 4 3.43236E-2
9 5 4.98344E-2
9 6 7.14606E-2
9 7 1.01617E-1
9 8 1.44899E-1
9 9 1.99736E-1
9 10 2.56604E-1
9 11 3.20394E-1
9 12 3.99691E-1
9 13 4.97065E-1
9 14 6.17981E-1
9 15 7.63247E-1
9 16 9.40382E-1
9 17 1.15086E0
9 18 1.39833E0
9 19 1.68225E0
9 20 2.00312E0
9 21 2.34862E0
9 22 2.70487E0
9 23 3.0435E0
9 24 3.32706E0
9 25 3.50776E0
9 26 3.53226E0
9 27 3.35813E0
9 28 2.9702E0
9 29 2.39933E0
9 30 1.73021E0
9 31 1.08222E0
9 32 5.66371E-1
9 33 2.37241E-1
9 34 7.52735E-2
9 35 1.68976E-2
9 36 2.46678E-3
9 37 2.11344E-4
9 38 1.2859E-5
9 39 7.22607E-7
9 40 1.96628E-8
10 1 3.24179E-2
10 2 1.31523E-2
10 3 1.95285E-2
10 4 2.69528E-2
10 5 3.91115E-2
10 6 5.61701E-2
10 7 8.00114E-2
10 8 1.14225E-1
10 9 1.61787E-1
10 10 2.2497E-1
10 11 2.87066E-1
10 12 3.58161E-1
10 13 4.4543E-1
10 14 5.53809E-1
10 15 6.84021E-1
10 16 8.42823E-1
10 17 1.03155E0
10 18 1.25347E0
10 19 1.50819E0
10 20 1.79609E0
10 21 2.10636E0
10 22 2.42649E0
10 23 2.73106E0
10 24 2.98654E0
10 25 3.15029E0
10 26 3.17429E0
10 27 3.0201E0
10 28 2.67379E0
10 29 2.16249E0
10 30 1.56166E0
10 31 9.78621E-1
10 32 5.13339E-1
10 33 2.15638E-1
10 34 6.86598E-2
10 35 1.54791E-2
10 36 2.27175E-3
10 37 1.95919E-4
10 38 1.24704E-5
10 39 6.77554E-7
10 40 1.86757E-8
11 1 2.49573E-2
11 2 1.01209E-2
11 3 1.4994E-2
11 4 2.06463E-2
11 5 2.99785E-2
11 6 4.33379E-2
11 7 6.22267E-2
11 8 8.93306E-2
11 9 1.26996E-1
11 10 1.81731E-1
11 11 2.51966E-1
11 12 3.21379E-1
11 13 3.99726E-1
11 14 4.97009E-1
11 15 6.13905E-1
11 16 7.56486E-1
11 17 9.25962E-1
11 18 1.12531E0
11 19 1.3542E0
11 20 1.613E0
11 21 1.89213E0
11 22 2.18037E0
11 23 2.455E0
11 24 2.68584E0
11 25 2.83483E0
11 26 2.85862E0
11 27 2.72234E0
11 28 2.41301E0
11 29 1.95454E0
11 30 1.41402E0
11 31 8.88136E-1
11 32 4.67209E-1
11 33 1.9695E-1
11 34 6.29813E-2
11 35 1.42744E-2
11 36 2.10863E-3
11 37 1.83295E-4
11 38 1.17434E-5
11 39 6.42473E-7
11 40 1.79942E-8
12 1 2.03551E-2
12 2 8.24325E-3
12 3 1.21608E-2
12 4 1.66198E-2
12 5 2.38515E-2
12 6 3.39282E-2
12 7 4.84069E-2
12 8 6.97999E-2
12 9 9.9685E-2
12 10 1.42962E-1
12 11 2.03702E-1
12 12 2.82801E-1
12 13 3.59499E-1
12 14 4.47033E-1
12 15 5.52217E-1
12 16 6.80536E-1
12 17 8.33096E-1
12 18 1.0126E0
12 19 1.21881E0
12 20 1.4521E0
12 21 1.70389E0
12 22 1.9642E0
12 23 2.21269E0
12 24 2.42213E0
12 25 2.55848E0
12 26 2.58231E0
12 27 2.46216E0
12 28 2.18555E0
12 29 1.77359E0
12 30 1.28604E0
12 31 8.10022E-1
12 32 4.27619E-1
12 33 1.81044E-1
12 34 5.82021E-2
12 35 1.32771E-2
12 36 1.97676E-3
12 37 1.73465E-4
12 38 1.11991E-5
12 39 6.17104E-7
12 40 1.76292E-8
13 1 1.50598E-2
13 2 6.10109E-3
13 3 9.00053E-3
13 4 1.22857E-2
13 5 1.7632E-2
13 6 2.52456E-2
13 7 3.62763E-2
13 8 5.27482E-2
13 9 7.63507E-2
13 10 1.10679E-1
13 11 1.58792E-1
13 12 2.27512E-1
13 13 3.1666E-1
13 14 4.02822E-1
13 15 4.9766E-1
13 16 6.13373E-1
13 17 7.5099E-1
13 18 9.1297E-1
13 19 1.09916E0
13 20 1.30993E0
13 21 1.53762E0
13 22 1.77341E0
13 23 1.99894E0
13 24 2.18968E0
13 25 2.31508E0
13 26 2.33933E0
13 27 2.23369E0
13 28 1.98634E0
13 29 1.61553E0
13 30 1.17475E0
13 31 7.42459E-1
13 32 3.93642E-1
13 33 1.67542E-1
13 34 5.42101E-2
13 35 1.24645E-2
13 36 1.87356E-3
13 37 1.66341E-4
13 38 1.08364E-5
13 39 6.02099E-7
13 40 1.7601E-8
14 1 1.26894E-2
14 2 5.1399E-3
14 3 7.58096E-3
14 4 1.0345E-2
14 5 1.48113E-2
14 6 2.10427E-2
14 7 2.98542E-2
14 8 4.26255E-2
14 9 6.05384E-2
14 10 8.72507E-2
14 11 1.24997E-1
14 12 1.78768E-1
14 13 2.55348E-1
14 14 3.55858E-1
14 15 4.49757E-1
14 16 5.54419E-1
14 17 6.78936E-1
14 18 8.25571E-1
14 19 9.94225E-1
14 20 1.18533E0
14 21 1.392E0
14 22 1.60644E0
14 23 1.81208E0
14 24 1.98676E0
14 25 2.10291E0
14 26 2.12805E0
14 27 2.03558E0
14 28 1.81427E0
14 29 1.47967E0
14 30 1.07974E0
14 31 6.85305E-1
14 32 3.65265E-1
14 33 1.5647E-1
14 34 5.10251E-2
14 35 1.18438E-2
14 36 1.80053E-3
14 37 1.62066E-4
14 38 1.0666E-5
14 39 5.97813E-7
14 40 1.79878E-8
15 1 9.94065E-3
15 2 4.02689E-3
15 3 5.93977E-3
15 4 8.10582E-3
15 5 1.1601E-2
15 6 1.64581E-2
15 7 2.3285E-2
15 8 3.32439E-2
15 9 4.74047E-2
15 10 6.83133E-2
15 11 9.7793E-2
15 12 1.39884E-1
15 13 1.99798E-1
15 14 2.86394E-1
15 15 3.98347E-1
15 16 5.02703E-1
15 17 6.15745E-1
15 18 7.48951E-1
15 19 9.02279E-1
15 20 1.07621E0
15 21 1.2646E0
15 22 1.46043E0
15 23 1.6489E0
15 24 1.80988E0
15 25 1.91831E0
15 26 1.94469E0
15 27 1.86429E0
15 28 1.66614E0
15 29 1.36348E0
15 30 9.9915E-1
15 31 6.37456E-1
15 32 3.41928E-1
15 33 1.47617E-1
15 34 4.85934E-2
15 35 1.1408E-2
15 36 1.75789E-3
15 37 1.60785E-4
15 38 1.07125E-5
15 39 6.0619E-7
15 40 1.89346E-8
16 1 7.61289E-3
16 2 3.08465E-3
16 3 4.55002E-3
16 4 6.20985E-3
16 5 8.88826E-3
16 6 1.26082E-2
16 7 1.78188E-2
16 8 2.53722E-2
16 9 3.60868E-2
16 10 5.20255E-2
16 11 7.49009E-2
16 12 1.07926E-1
16 13 1.54963E-1
16 14 2.22832E-1
16 15 3.19709E-1
16 16 4.46783E-1
16 17 5.61007E-1
16 18 6.82612E-1
16 19 8.22722E-1
16 20 9.81746E-1
16 21 1.15454E0
16 22 1.33449E0
16 23 1.5084E0
16 24 1.65793E0
16 25 1.76016E0
16 26 1.78823E0
16 27 1.71885E0
16 28 1.54126E0
16 29 1.26649E0
16 30 9.32765E-1
16 31 5.98846E-1
16 32 3.23673E-1
16 33 1.41045E-1
16 34 4.69542E-2
16 35 1.11726E-2
16 36 1.7494E-3
16 37 1.63054E-4
16 38 1.1016E-5
16 39 6.30442E-7
16 40 2.05688E-8
17 1 6.13051E-3
17 2 2.4833E-3
17 3 3.6629E-3
17 4 4.99839E-3
17 5 7.15405E-3
17 6 1.01475E-2
17 7 1.43389E-2
17 8 2.03885E-2
17 9 2.88684E-2
17 10 4.13416E-2
17 11 5.90843E-2
17 12 8.46255E-2
17 13 1.21067E-1
17 14 1.73738E-1
17 15 2.48878E-1
17 16 3.58166E-1
17 17 5.00449E-1
17 18 6.2509E-1
17 19 7.53782E-1
17 20 9.00079E-1
17 21 1.05943E0
17 22 1.22593E0
17 23 1.38755E0
17 24 1.5277E0
17 25 1.6252E0
17 26 1.65549E0
17 27 1.59647E0
17 28 1.4373E0
17 29 1.18701E0
17 30 8.79587E-1
17 31 5.68977E-1
17 32 3.10353E-1
17 33 1.36751E-1
17 34 4.61326E-2
17 35 1.11515E-2
17 36 1.7788E-3
17 37 1.69415E-4
17 38 1.16235E-5
17 39 6.72369E-7
17 40 2.31037E-8
18 1 4.68566E-3
18 2 1.89857E-3
18 3 2.80066E-3
18 4 3.82229E-3
18 5 5.47077E-3
18 6 7.76051E-3
18 7 1.09658E-2
18 8 1.55821E-2
18 9 2.2032E-2
18 10 3.14976E-2
18 11 4.49865E-2
18 12 6.45701E-2
18 13 9.27824E-2
18 14 1.33645E-1
18 15 1.91983E-1
18 16 2.76766E-1
18 17 3.99774E-1
18 18 5.60204E-1
18 19 6.94872E-1
18 20 8.3053E-1
18 21 9.78416E-1
18 22 1.13362E0
18 23 1.28519E0
18 24 1.41791E0
18 25 1.51212E0
18 26 1.5451E0
18 27 1.49603E0
18 28 1.3535E0
18 29 1.1244E0
18 30 8.39248E-1
18 31 5.47732E-1
18 32 3.02003E-1
18 33 1.34814E-1
18 34 4.61862E-2
18 35 1.13718E-2
18 36 1.8536E-3
18 37 1.80982E-4
18 38 1.26428E-5
18 39 7.39177E-7
18 40 2.70893E-8
19 1 3.42132E-3
19 2 1.38748E-3
19 3 2.04692E-3
19 4 2.79396E-3
19 5 4.00018E-3
19 6 5.67608E-3
19 7 8.02323E-3
19 8 1.14034E-2
19 9 1.61155E-2
19 10 2.30083E-2
19 11 3.28267E-2
19 12 4.71725E-2
19 13 6.82056E-2
19 14 9.95028E-2
19 15 1.44735E-1
19 16 2.1046E-1
19 17 3.05813E-1
19 18 4.45349E-1
19 19 6.26765E-1
19 20 7.72868E-1
19 21 9.11618E-1
19 22 1.05779E0
19 23 1.20148E0
19 24 1.32868E0
19 25 1.42116E0
19 26 1.45739E0
19 27 1.41778E0
19 28 1.29001E0
19 29 1.0791E0
19 30 8.12308E-1
19 31 5.35643E-1
19 32 2.9907E-1
19 33 1.35537E-1
19 34 4.72797E-2
19 35 1.18926E-2
19 36 1.98795E-3
19 37 1.99809E-4
19 38 1.34358E-5
19 39 8.42794E-7
19 40 3.32644E-8
20 1 2.7429E-3
20 2 1.11203E-3
20 3 1.64032E-3
20 4 2.23872E-3
20 5 3.20446E-3
20 6 4.54587E-3
20 7 6.42512E-3
20 8 9.13096E-3
20 9 1.2899E-2
20 10 1.83872E-2
20 11 2.61161E-2
20 12 3.72224E-2
20 13 5.318E-2
20 14 7.63917E-2
20 15 1.10246E-1
20 16 1.60468E-1
20 17 2.33362E-1
20 18 3.40009E-1
20 19 4.96844E-1
20 20 7.01329E-1
20 21 8.55738E-1
20 22 9.94824E-1
20 23 1.13259E0
20 24 1.25613E0
20 25 1.34843E0
20 26 1.38891E0
20 27 1.35859E0
20 28 1.24465E0
20 29 1.04992E0
20 30 7.98463E-1
20 31 5.32993E-1
20 32 3.02013E-1
20 33 1.39304E-1
20 34 4.96168E-2
20 35 1.2786E-2
20 36 2.19787E-3
20 37 2.28023E-4
20 38 1.41373E-5
20 39 9.89139E-7
20 40 4.24516E-8
21 1 2.1126E-3
21 2 8.56395E-4
21 3 1.26336E-3
21 4 1.72425E-3
21 5 2.46811E-3
21 6 3.50148E-3
21 7 4.94836E-3
21 8 7.03223E-3
21 9 9.93538E-3
21 10 1.41631E-2
21 11 2.01163E-2
21 12 2.86596E-2
21 13 4.09261E-2
21 14 5.88817E-2
21 15 8.47824E-2
21 16 1.22556E-1
21 17 1.77482E-1
21 18 2.57999E-1
21 19 3.76624E-1
21 20 5.53704E-1
21 21 7.83276E-1
21 22 9.45603E-1
21 23 1.07956E0
21 24 1.2014E0
21 25 1.2951E0
21 26 1.3409E0
21 27 1.31995E0
21 28 1.21898E0
21 29 1.03827E0
21 30 7.98922E-1
21 31 5.40927E-1
21 32 3.11723E-1
21 33 1.46703E-1
21 34 5.35046E-2
21 35 1.41722E-2
21 36 2.51473E-3
21 37 2.70481E-4
21 38 1.70117E-5
21 39 1.20808E-6
21 40 5.71365E-8
22 1 1.56715E-3
22 2 6.35863E-4
22 3 9.38048E-4
22 4 1.28029E-3
22 5 1.83285E-3
22 6 2.60051E-3
22 7 3.67564E-3
22 8 5.22449E-3
22 9 7.38246E-3
22 10 1.05271E-2
22 11 1.49569E-2
22 12 2.13079E-2
22 13 3.04139E-2
22 14 4.37264E-2
22 15 6.29839E-2
22 16 9.12293E-2
22 17 1.32368E-1
22 18 1.92786E-1
22 19 2.81939E-1
22 20 4.15344E-1
22 21 6.15436E-1
22 22 8.75026E-1
22 23 1.0424E0
22 24 1.16468E0
22 25 1.26168E0
22 26 1.31406E0
22 27 1.30291E0
22 28 1.21424E0
22 29 1.04571E0
22 30 8.15477E-1
22 31 5.6111E-1
22 32 3.29618E-1
22 33 1.58697E-1
22 34 5.94522E-2
22 35 1.62462E-2
22 36 2.98853E-3
22 37 3.34924E-4
22 38 2.18475E-5
22 39 1.54071E-6
22 40 8.17264E-8
23 1 1.1133E-3
23 2 4.5176E-4
23 3 6.66493E-4
23 4 9.09845E-4
23 5 1.30267E-3
23 6 1.84884E-3
23 7 2.61408E-3
23 8 3.71669E-3
23 9 5.25433E-3
23 10 7.49656E-3
23 11 1.06571E-2
23 12 1.51944E-2
23 13 2.16948E-2
23 14 3.11662E-2
23 15 4.48761E-2
23 16 6.5184E-2
23 17 9.52522E-2
23 18 1.39976E-1
23 19 2.06238E-1
23 20 3.05576E-1
23 21 4.55105E-1
23 22 6.82717E-1
23 23 9.76527E-1
23 24 1.1458E0
23 25 1.24801E0
23 26 1.30877E0
23 27 1.30829E0
23 28 1.23158E0
23 29 1.07397E0
23 30 8.502E-1
23 31 5.95669E-1
23 32 3.5758E-1
23 33 1.76616E-1
23 34 6.81966E-2
23 35 1.93047E-2
23 36 3.69945E-3
23 37 4.34575E-4
23 38 2.89777E-5
23 39 2.06607E-6
23 40 1.24557E-7
24 1 8.02127E-4
24 2 3.25704E-4
24 3 4.80572E-4
24 4 6.56085E-4
24 5 9.39439E-4
24 6 1.33334E-3
24 7 1.88549E-3
24 8 2.68147E-3
24 9 3.7919E-3
24 10 5.41178E-3
24 11 7.69731E-3
24 12 1.09798E-2
24 13 1.56855E-2
24 14 2.25348E-2
24 15 3.24127E-2
24 16 4.69944E-2
24 17 6.8555E-2
24 18 1.00749E-1
24 19 1.48895E-1
24 20 2.21404E-1
24 21 3.30958E-1
24 22 4.98498E-1
24 23 7.56487E-1
24 24 1.08822E0
24 25 1.25384E0
24 26 1.32516E0
24 27 1.33739E0
24 28 1.27337E0
24 29 1.12637E0
24 30 9.07047E-1
24 31 6.48651E-1
24 32 3.99018E-1
24 33 2.02832E-1
24 34 8.10097E-2
24 35 2.38507E-2
24 36 4.78233E-3
24 37 5.91642E-4
24 38 4.08751E-5
24 39 2.9153E-6
24 40 2.0098E-7
25 1 5.58576E-4
25 2 2.2734E-4
25 3 3.35457E-4
25 4 4.58015E-4
25 5 6.55952E-4
25 6 9.31168E-4
25 7 1.31708E-3
25 8 1.87355E-3
25 9 2.65019E-3
25 10 3.78409E-3
25 11 5.38495E-3
25 12 7.6871E-3
25 13 1.09916E-2
25 14 1.58084E-2
25 15 2.27556E-2
25 16 3.29991E-2
25 17 4.81665E-2
25 18 7.08674E-2
25 19 1.04983E-1
25 20 1.56735E-1
25 21 2.35353E-1
25 22 3.56271E-1
25 23 5.43674E-1
25 24 8.36664E-1
25 25 1.21183E0
25 26 1.36644E0
25 27 1.39386E0
25 28 1.34431E0
25 29 1.20791E0
25 30 9.91435E-1
25 31 7.25382E-1
25 32 4.58511E-1
25 33 2.40698E-1
25 34 9.98181E-2
25 35 3.07082E-2
25 36 6.47743E-3
25 37 8.49307E-4
25 38 6.22091E-5
25 39 4.37626E-6
25 40 3.45507E-7
26 1 3.45792E-4
26 2 1.41733E-4
26 3 2.09187E-4
26 4 2.85695E-4
26 5 4.0933E-4
26 6 5.81348E-4
26 7 8.22711E-4
26 8 1.17114E-3
26 9 1.65808E-3
26 10 2.36999E-3
26 11 3.37713E-3
26 12 4.82889E-3
26 13 6.91908E-3
26 14 9.97675E-3
26 15 1.44049E-2
26 16 2.0951E-2
26 17 3.06432E-2
26 18 4.52656E-2
26 19 6.76229E-2
26 20 1.02432E-1
26 21 1.56872E-1
26 22 2.42334E-1
26 23 3.7612E-1
26 24 5.87346E-1
26 25 9.2367E-1
26 26 1.35222E0
26 27 1.48687E0
26 28 1.45349E0
26 29 1.32749E0
26 30 1.1118E0
26 31 8.33487E-1
26 32 5.42528E-1
26 33 2.94998E-1
26 34 1.2756E-1
26 35 4.12415E-2
26 36 9.22377E-3
26 37 1.29548E-3
26 38 1.0214E-4
26 39 7.1537E-6
26 40 6.45445E-7
27 1 2.31762E-4
27 2 9.54578E-5
27 3 1.40897E-4
27 4 1.92452E-4
27 5 2.75732E-4
27 6 3.91684E-4
27 7 5.54439E-4
27 8 7.89395E-4
27 9 1.11802E-3
27 10 1.59877E-3
27 11 2.27921E-3
27 12 3.26112E-3
27 13 4.67651E-3
27 14 6.74941E-3
27 15 9.75758E-3
27 16 1.42148E-2
27 17 2.08247E-2
27 18 3.07526E-2
27 19 4.5832E-2
27 20 6.91855E-2
27 21 1.0565E-1
27 22 1.63356E-1
27 23 2.55062E-1
27 24 4.01404E-1
27 25 6.37002E-1
27 26 1.01785E0
27 27 1.49944E0
27 28 1.60084E0
27 29 1.49027E0
27 30 1.27756E0
27 31 9.85049E-1
27 32 6.62998E-1
27 33 3.75045E-1
27 34 1.6987E-1
27 35 5.7958E-2
27 36 1.37937E-2
27 37 2.07991E-3
27 38 1.76933E-4
27 39 1.13192E-5
27 40 1.00006E-6
28 1 1.39251E-4
28 2 5.7962E-5
28 3 8.55682E-5
28 4 1.169E-4
28 5 1.67547E-4
28 6 2.38069E-4
28 7 3.37127E-4
28 8 4.80314E-4
28 9 6.80689E-4
28 10 9.74136E-4
28 11 1.39034E-3
28 12 1.99191E-3
28 13 2.86101E-3
28 14 4.13802E-3
28 15 5.99757E-3
28 16 8.76456E-3
28 17 1.28901E-2
28 18 1.91183E-2
28 19 2.86116E-2
28 20 4.33758E-2
28 21 6.6592E-2
28 22 1.03866E-1
28 23 1.64245E-1
28 24 2.6223E-1
28 25 4.22414E-1
28 26 6.85841E-1
28 27 1.11983E0
28 28 1.66354E0
28 29 1.71528E0
28 30 1.50691E0
28 31 1.19725E0
28 32 8.35394E-1
28 33 4.93367E-1
28 34 2.35164E-1
28 35 8.5193E-2
28 36 2.17486E-2
28 37 3.55706E-3
28 38 3.31282E-4
28 39 1.79143E-5
28 40 9.32091E-7
29 1 7.29246E-5
29 2 3.13444E-5
29 3 4.6289E-5
29 4 6.32624E-5
29 5 9.07048E-5
29 6 1.2895E-4
29 7 1.82722E-4
29 8 2.60495E-4
29 9 3.69533E-4
29 10 5.29527E-4
29 11 7.56872E-4
29 12 1.08643E-3
29 13 1.56425E-3
29 14 2.26894E-3
29 15 3.30055E-3
29 16 4.84508E-3
29 17 7.1644E-3
29 18 1.06968E-2
29 19 1.61342E-2
29 20 2.46659E-2
29 21 3.81889E-2
29 22 6.01353E-2
29 23 9.65561E-2
29 24 1.57728E-1
29 25 2.61145E-1
29 26 4.35861E-1
29 27 7.31291E-1
29 28 1.22967E0
29 29 1.84831E0
29 30 1.82842E0
29 31 1.49815E0
29 32 1.08563E0
29 33 6.71204E-1
29 34 3.38099E-1
29 35 1.30855E-1
29 36 3.61346E-2
29 37 6.48449E-3
29 38 6.72732E-4
29 39 3.67516E-5
29 40 1.76387E-6
30 1 3.94081E-5
30 2 1.71454E-5
30 3 2.5329E-5
30 4 3.46299E-5
30 5 4.96737E-5
30 6 7.0645E-5
30 7 1.00158E-4
30 8 1.42901E-4
30 9 2.02877E-4
30 10 2.91009E-4
30 11 4.1652E-4
30 12 5.98886E-4
30 13 8.64085E-4
30 14 1.25674E-3
30 15 1.83413E-3
30 16 2.70342E-3
30 17 4.01802E-3
30 18 6.03695E-3
30 19 9.17555E-3
30 20 1.41585E-2
30 21 2.21713E-2
30 22 3.53218E-2
30 23 5.72225E-2
30 24 9.42253E-2
30 25 1.57518E-1
30 26 2.6662E-1
30 27 4.55523E-1
30 28 7.82672E-1
30 29 1.34538E0
30 30 2.03539E0
30 31 1.92208E0
30 32 1.45354E0
30 33 9.45999E-1
30 34 5.06522E-1
30 35 2.10641E-1
30 36 6.32489E-2
30 37 1.25074E-2
30 38 1.45093E-3
30 39 8.66255E-5
30 40 4.07466E-6
31 1 1.81223E-5
31 2 8.17879E-6
31 3 1.21064E-5
31 4 1.65673E-5
31 5 2.37803E-5
31 6 3.38494E-5
31 7 4.80291E-5
31 8 6.85991E-5
31 9 9.7529E-5
31 10 1.40128E-4
31 11 2.00973E-4
31 12 2.89669E-4
31 13 4.19235E-4
31 14 6.12068E-4
31 15 8.97446E-4
31 16 1.33026E-3
31 17 1.99053E-3
31 18 3.01481E-3
31 19 4.62679E-3
31 20 7.221E-3
31 21 1.14554E-2
31 22 1.85152E-2
31 23 3.04731E-2
31 24 5.10397E-2
31 25 8.69607E-2
31 26 1.50676E-1
31 27 2.645E-1
31 28 4.68292E-1
31 29 8.3172E-1
31 30 1.47141E0
31 31 2.24118E0
31 32 2.00038E0
31 33 1.37463E0
31 34 7.86094E-1
31 35 3.53662E-1
31 36 1.16514E-1
31 37 2.56695E-2
31 38 3.37268E-3
31 39 2.29394E-4
31 40 1.06852E-5
32 1 6.21187E-6
32 2 3.26981E-6
32 3 4.93563E-6
32 4 6.81037E-6
32 5 9.80658E-6
32 6 1.39827E-5
32 7 1.98655E-5
32 8 2.84108E-5
32 9 4.04521E-5
32 10 5.82346E-5
32 11 8.37253E-5
32 12 1.21053E-4
32 13 1.75857E-4
32 14 2.57927E-4
32 15 3.80303E-4
32 16 5.67594E-4
32 17 8.56408E-4
32 18 1.31024E-3
32 19 2.03495E-3
32 20 3.22146E-3
32 21 5.19756E-3
32 22 8.5705E-3
32 23 1.44437E-2
32 24 2.48478E-2
32 25 4.35416E-2
32 26 7.75798E-2
32 27 1.40433E-1
32 28 2.5754E-1
32 29 4.75695E-1
32 30 8.78127E-1
32 31 1.60485E0
32 32 2.46178E0
32 33 2.05681E0
32 34 1.26059E0
32 35 6.16951E-1
32 36 2.24813E-1
32 37 5.57887E-2
32 38 8.42316E-3
32 39 6.71284E-4
32 40 3.0677E-5
33 1 1.45116E-6
33 2 8.30666E-7
33 3 1.37279E-6
33 4 2.07991E-6
33 5 3.23178E-6
33 6 4.80534E-6
33 7 6.95798E-6
33 8 1.00306E-5
33 9 1.4323E-5
33 10 2.06721E-5
33 11 2.98068E-5
33 12 4.32448E-5
33 13 6.30942E-5
33 14 9.30312E-5
33 15 1.38081E-4
33 16 2.07753E-4
33 17 3.16554E-4
33 18 4.90047E-4
33 19 7.7196E-4
33 20 1.24299E-3
33 21 2.04627E-3
33 22 3.45465E-3
33 23 5.98464E-3
33 24 1.06382E-2
33 25 1.93445E-2
33 26 3.57147E-2
33 27 6.69385E-2
33 28 1.27536E-1
33 29 2.46254E-1
33 30 4.77831E-1
33 31 9.21685E-1
33 32 1.74521E0
33 33 2.69427E0
33 34 2.08324E0
33 35 1.11393E0
33 36 4.52099E-1
33 37 1.27629E-1
33 38 2.24351E-2
33 39 2.13491E-3
33 40 9.99608E-5
34 1 3.29947E-7
34 2 1.88874E-7
34 3 3.1249E-7
34 4 4.77927E-7
34 5 7.60956E-7
34 6 1.18361E-6
34 7 1.80077E-6
34 8 2.73047E-6
34 9 4.07218E-6
34 10 6.00072E-6
34 11 8.71713E-6
34 12 1.27194E-5
34 13 1.86719E-5
34 14 2.77343E-5
34 15 4.15278E-5
34 16 6.31403E-5
34 17 9.74212E-5
34 18 1.5306E-4
34 19 2.45291E-4
34 20 4.02807E-4
34 21 6.78101E-4
34 22 1.17411E-3
34 23 2.093E-3
34 24 3.84414E-3
34 25 7.26978E-3
34 26 1.40895E-2
34 27 2.77124E-2
34 28 5.53141E-2
34 29 1.12328E-1
34 30 2.3081E-1
34 31 4.74535E-1
34 32 9.6223E-1
34 33 1.89416E0
34 34 2.93576E0
34 35 2.07187E0
34 36 9.41897E-1
34 37 3.05235E-1
34 38 6.3263E-2
34 39 7.30354E-3
34 40 4.06929E-4
35 1 4.92075E-8
35 2 2.81682E-8
35 3 4.6604E-8
35 4 7.12914E-8
35 5 1.14232E-7
35 6 1.81469E-7
35 7 2.87004E-7
35 8 4.56121E-7
35 9 7.19934E-7
35 10 1.14525E-6
35 11 1.79747E-6
35 12 2.7765E-6
35 13 4.23429E-6
35 14 6.45127E-6
35 15 9.82792E-6
35 16 1.51888E-5
35 17 2.38648E-5
35 18 3.82753E-5
35 19 6.27638E-5
35 20 1.05708E-4
35 21 1.82932E-4
35 22 3.26326E-4
35 23 6.00608E-4
35 24 1.14179E-3
35 25 2.24277E-3
35 26 4.52954E-3
35 27 9.36346E-3
35 28 1.98671E-2
35 29 4.31595E-2
35 30 9.52744E-2
35 31 2.11432E-1
35 32 4.65305E-1
35 33 9.9871E-1
35 34 2.04985E0
35 35 3.18284E0
35 36 2.01897E0
35 37 7.55906E-1
35 38 1.8678E-1
35 39 2.66009E-2
35 40 1.89021E-3
36 1 7.06486E-9
36 2 4.04418E-9
36 3 6.69106E-9
36 4 1.02355E-8
36 5 1.64006E-8
36 6 2.6054E-8
36 7 4.12059E-8
36 8 6.54866E-8
36 9 1.03363E-7
36 10 1.64457E-7
36 11 2.60363E-7
36 12 4.12592E-7
36 13 6.53402E-7
36 14 1.03812E-6
36 15 1.64117E-6
36 16 2.59914E-6
36 17 4.14442E-6
36 18 6.73301E-6
36 19 1.12405E-5
36 20 1.94095E-5
36 21 3.46614E-5
36 22 6.42414E-5
36 23 1.23763E-4
36 24 2.48346E-4
36 25 5.19718E-4
36 26 1.13291E-3
36 27 2.54388E-3
36 28 5.79688E-3
36 29 1.34184E-2
36 30 3.17734E-2
36 31 7.67437E-2
36 32 1.86232E-1
36 33 4.45201E-1
36 34 1.02457E0
36 35 2.2117E0
36 36 3.4386E0
36 37 1.92187E0
36 38 5.69219E-1
36 39 1.01385E-1
36 40 9.52667E-3
37 1 1.14639E-9
37 2 6.5624E-10
37 3 1.08574E-9
37 4 1.66088E-9
37 5 2.66127E-9
37 6 4.2277E-9
37 7 6.68635E-9
37 8 1.06263E-8
37 9 1.67724E-8
37 10 2.66859E-8
37 11 4.22482E-8
37 12 6.69483E-8
37 13 1.05989E-7
37 14 1.68256E-7
37 15 2.66315E-7
37 16 4.22432E-7
37 17 6.69508E-7
37 18 1.06143E-6
37 19 1.68707E-6
37 20 2.75642E-6
37 21 4.77495E-6
37 22 8.85633E-6
37 23 1.76058E-5
37 24 3.71617E-5
37 25 8.31161E-5
37 26 1.96591E-4
37 27 4.899E-4
37 28 1.25807E-3
37 29 3.25581E-3
37 30 8.43696E-3
37 31 2.20866E-2
37 32 5.90086E-2
37 33 1.58705E-1
37 34 4.17832E-1
37 35 1.04238E0
37 36 2.38024E0
37 37 3.69323E0
37 38 1.7786E0
37 39 3.98021E-1
37 40 5.04023E-2
38 1 2.3894E-10
38 2 1.3678E-10
38 3 2.263E-10
38 4 3.4618E-10
38 5 5.5469E-10
38 6 8.8118E-10
38 7 1.39364E-9
38 8 2.21485E-9
38 9 3.49589E-9
38 10 5.56217E-9
38 11 8.80584E-9
38 12 1.39541E-8
38 13 2.20913E-8
38 14 3.50698E-8
38 15 5.55083E-8
38 16 8.8048E-8
38 17 1.39546E-7
38 18 2.21184E-7
38 19 3.50306E-7
38 20 5.555E-7
38 21 8.80247E-7
38 22 1.40078E-6
38 23 2.32952E-6
38 24 4.31159E-6
38 25 9.23446E-6
38 26 2.30585E-5
38 27 6.49844E-5
38 28 1.96067E-4
38 29 5.88955E-4
38 30 1.71145E-3
38 31 4.92662E-3
38 32 1.4386E-2
38 33 4.30743E-2
38 34 1.30384E-1
38 35 3.84037E-1
38 36 1.05141E0
38 37 2.55419E0
38 38 3.93852E0
38 39 1.59457E0
38 40 2.7489E-1
39 1 8.5218E-11
39 2 4.8782E-11
39 3 8.0709E-11
39 4 1.2346E-10
39 5 1.9783E-10
39 6 3.1427E-10
39 7 4.9703E-10
39 8 7.8991E-10
39 9 1.24678E-9
39 10 1.98371E-9
39 11 3.14054E-9
39 12 4.97663E-9
39 13 7.8787E-9
39 14 1.25074E-8
39 15 1.97966E-8
39 16 3.14016E-8
39 17 4.97681E-8
39 18 7.88834E-8
39 19 1.24934E-7
39 20 1.98115E-7
39 21 3.13918E-7
39 22 4.97628E-7
39 23 7.88683E-7
39 24 1.25025E-6
39 25 2.00731E-6
39 26 3.43024E-6
39 27 6.98635E-6
39 28 1.94724E-5
39 29 6.94262E-5
39 30 2.47888E-4
39 31 8.16884E-4
39 32 2.62919E-3
39 33 8.64375E-3
39 34 2.95351E-2
39 35 1.0277E-1
39 36 3.45266E-1
39 37 1.05189E0
39 38 2.73341E0
39 39 4.16611E0
39 40 1.5348E0
40 1 3.3039E-11
40 2 1.8913E-11
40 3 3.1291E-11
40 4 4.7867E-11
40 5 7.6698E-11
40 6 1.2184E-10
40 7 1.927E-10
40 8 3.0625E-10
40 9 4.8338E-10
40 10 7.6909E-10
40 11 1.21759E-9
40 12 1.92945E-9
40 13 3.05459E-9
40 14 4.84913E-9
40 15 7.67518E-9
40 16 1.21745E-8
40 17 1.92952E-8
40 18 3.05833E-8
40 19 4.84371E-8
40 20 7.68096E-8
40 21 1.21707E-7
40 22 1.92931E-7
40 23 3.05774E-7
40 24 4.8456E-7
40 25 7.68017E-7
40 26 1.21722E-6
40 27 1.93394E-6
40 28 3.22271E-6
40 29 6.57778E-6
40 30 2.01849E-5
40 31 7.79091E-5
40 32 2.93213E-4
40 33 1.10105E-3
40 34 4.33482E-3
40 35 1.80644E-2
40 36 7.62145E-2
40 37 3.02697E-1
40 38 1.04604E0
40 39 2.92016E0
40 40 5.59405E0
