1 6.51149E1
2 5.82432E1
3 5.20477E1
4 4.6552E1
5 4.17216E1
6 3.74184E1
7 3.3608E1
8 3.02334E1
9 2.72772E1
10 2.46661E1
11 2.23788E1
12 2.03928E1
13 1.86608E1
14 1.71705E1
15 1.58891E1
16 1.48035E1
17 1.38873E1
18 1.31206E1
19 1.24917E1
20 1.19744E1
21 1.15561E1
22 1.12213E1
23 1.09521E1
24 1.07381E1
25 1.0568E1
26 1.04334E1
27 1.03258E1
28 1.02405E1
29 1.01731E1
30 1.01191E1
31 1.00763E1
32 1.00425E1
33 1.00155E1
34 9.994E0
35 9.97703E0
36 9.96345E0
37 9.95271E0
38 9.94438E0
39 9.93744E0
40 9.93195E0
