1 1.296310e-01
2 1.156590e-01
3 1.030250e-01
4 9.177700e-02
5 8.184620e-02
6 7.294840e-02
7 6.501340e-02
8 5.792350e-02
9 5.164210e-02
10 4.601760e-02
11 4.100480e-02
12 3.655760e-02
13 3.257740e-02
14 2.903980e-02
15 2.587760e-02
16 2.306820e-02
17 2.056080e-02
18 1.832020e-02
19 1.633400e-02
20 1.455520e-02
21 1.297130e-02
22 1.156480e-02
23 1.030540e-02
24 9.184570e-03
25 8.188040e-03
26 7.299040e-03
27 6.504280e-03
28 5.799370e-03
29 5.166220e-03
30 4.601600e-03
31 4.101400e-03
32 3.653500e-03
33 3.256800e-03
34 2.902200e-03
35 2.588150e-03
36 2.305840e-03
37 2.057560e-03
38 1.836110e-03
39 1.638780e-03
40 1.457510e-03
