1 1 1.623180e-01
1 2 6.015850e-02
1 3 7.895760e-02
1 4 9.575840e-02
1 5 1.218560e-01
1 6 1.534250e-01
1 7 1.922410e-01
1 8 2.418820e-01
1 9 3.021000e-01
1 10 3.799200e-01
1 11 4.747120e-01
1 12 5.928640e-01
1 13 7.383410e-01
1 14 9.196130e-01
1 15 1.138330e+00
1 16 1.406490e+00
1 17 1.727470e+00
1 18 2.108310e+00
1 19 2.550690e+00
1 20 3.058670e+00
1 21 3.618560e+00
1 22 4.214860e+00
1 23 4.810550e+00
1 24 5.352380e+00
1 25 5.770430e+00
1 26 5.977940e+00
1 27 5.887730e+00
1 28 5.443560e+00
1 29 4.649070e+00
1 30 3.594460e+00
1 31 2.453170e+00
1 32 1.432040e+00
1 33 6.876750e-01
1 34 2.587430e-01
1 35 7.182600e-02
1 36 1.365640e-02
1 37 1.622020e-03
1 38 1.077240e-04
1 39 5.797440e-06
1 40 1.375750e-07
2 1 1.289230e-01
2 2 5.237790e-02
2 3 7.044800e-02
2 4 8.550230e-02
2 5 1.088050e-01
2 6 1.369920e-01
2 7 1.716520e-01
2 8 2.159750e-01
2 9 2.697450e-01
2 10 3.392300e-01
2 11 4.238720e-01
2 12 5.293770e-01
2 13 6.592750e-01
2 14 8.211210e-01
2 15 1.016430e+00
2 16 1.255890e+00
2 17 1.542480e+00
2 18 1.882630e+00
2 19 2.277700e+00
2 20 2.731310e+00
2 21 3.231310e+00
2 22 3.763860e+00
2 23 4.295930e+00
2 24 4.779900e+00
2 25 5.153470e+00
2 26 5.339210e+00
2 27 5.259060e+00
2 28 4.862810e+00
2 29 4.153610e+00
2 30 3.211910e+00
2 31 2.192530e+00
2 32 1.280220e+00
2 33 6.149620e-01
2 34 2.314760e-01
2 35 6.428820e-02
2 36 1.223030e-02
2 37 1.453560e-03
2 38 9.669310e-05
2 39 5.204290e-06
2 40 1.237620e-07
3 1 1.016980e-01
3 2 4.257710e-02
3 3 6.128270e-02
3 4 7.619570e-02
3 5 9.701430e-02
3 6 1.221470e-01
3 7 1.530500e-01
3 8 1.925720e-01
3 9 2.405150e-01
3 10 3.024720e-01
3 11 3.779420e-01
3 12 4.720200e-01
3 13 5.878470e-01
3 14 7.321530e-01
3 15 9.063080e-01
3 16 1.119830e+00
3 17 1.375390e+00
3 18 1.678740e+00
3 19 2.031090e+00
3 20 2.435600e+00
3 21 2.881510e+00
3 22 3.356480e+00
3 23 3.831090e+00
3 24 4.262860e+00
3 25 4.596290e+00
3 26 4.762360e+00
3 27 4.691360e+00
3 28 4.338440e+00
3 29 3.706310e+00
3 30 2.866610e+00
3 31 1.957320e+00
3 32 1.143250e+00
3 33 5.493870e-01
3 34 2.068960e-01
3 35 5.749630e-02
3 36 1.094610e-02
3 37 1.302100e-03
3 38 8.676610e-05
3 39 4.904050e-06
3 40 4.909390e-07
4 1 7.930880e-02
4 2 3.349090e-02
4 3 4.976710e-02
4 4 6.642250e-02
4 5 8.649490e-02
4 6 1.089460e-01
4 7 1.365090e-01
4 8 1.717590e-01
4 9 2.145200e-01
4 10 2.697820e-01
4 11 3.370960e-01
4 12 4.210090e-01
4 13 5.243230e-01
4 14 6.530460e-01
4 15 8.083800e-01
4 16 9.988300e-01
4 17 1.226810e+00
4 18 1.497390e+00
4 19 1.811800e+00
4 20 2.172660e+00
4 21 2.570470e+00
4 22 2.994260e+00
4 23 3.417800e+00
4 24 3.803220e+00
4 25 4.101000e+00
4 26 4.249590e+00
4 27 4.186770e+00
4 28 3.872440e+00
4 29 3.308890e+00
4 30 2.559890e+00
4 31 1.748450e+00
4 32 1.021660e+00
4 33 4.912070e-01
4 34 1.851020e-01
4 35 5.147720e-02
4 36 9.808800e-03
4 37 1.168280e-03
4 38 7.798120e-05
4 39 4.946490e-06
4 40 1.317880e-06
5 1 6.380730e-02
5 2 2.665380e-02
5 3 3.952080e-02
5 4 5.408050e-02
5 5 7.556000e-02
5 6 9.728030e-02
5 7 1.219240e-01
5 8 1.534070e-01
5 9 1.916010e-01
5 10 2.409590e-01
5 11 3.010830e-01
5 12 3.760320e-01
5 13 4.683140e-01
5 14 5.832940e-01
5 15 7.220450e-01
5 16 8.921540e-01
5 17 1.095800e+00
5 18 1.337510e+00
5 19 1.618430e+00
5 20 1.940870e+00
5 21 2.296270e+00
5 22 2.674950e+00
5 23 3.053490e+00
5 24 3.398140e+00
5 25 3.664530e+00
5 26 3.797620e+00
5 27 3.742180e+00
5 28 3.461930e+00
5 29 2.958860e+00
5 30 2.289820e+00
5 31 1.564620e+00
5 32 9.147020e-01
5 33 4.400570e-01
5 34 1.659540e-01
5 35 4.619350e-02
5 36 8.812200e-03
5 37 1.051160e-03
5 38 7.030150e-05
5 39 4.761860e-06
5 40 1.677610e-06
6 1 5.063270e-02
6 2 2.104600e-02
6 3 3.124660e-02
6 4 4.281980e-02
6 5 6.141310e-02
6 6 8.502610e-02
6 7 1.088610e-01
6 8 1.369940e-01
6 9 1.711020e-01
6 10 2.151810e-01
6 11 2.688730e-01
6 12 3.358060e-01
6 13 4.182180e-01
6 14 5.209030e-01
6 15 6.448290e-01
6 16 7.967580e-01
6 17 9.786280e-01
6 18 1.194530e+00
6 19 1.445450e+00
6 20 1.733580e+00
6 21 2.051090e+00
6 22 2.389440e+00
6 23 2.727760e+00
6 24 3.036070e+00
6 25 3.274440e+00
6 26 3.393630e+00
6 27 3.344910e+00
6 28 3.095190e+00
6 29 2.646240e+00
6 30 2.048720e+00
6 31 1.400590e+00
6 32 8.193230e-01
6 33 3.944810e-01
6 34 1.489050e-01
6 35 4.149550e-02
6 36 7.928140e-03
6 37 9.474250e-04
6 38 6.355780e-05
6 39 4.308040e-06
6 40 1.518490e-06
7 1 3.898580e-02
7 2 1.614790e-02
7 3 2.424960e-02
7 4 3.353530e-02
7 5 4.838290e-02
7 6 6.894130e-02
7 7 9.522870e-02
7 8 1.223740e-01
7 9 1.528590e-01
7 10 1.922380e-01
7 11 2.402090e-01
7 12 3.000070e-01
7 13 3.736380e-01
7 14 4.653820e-01
7 15 5.761040e-01
7 16 7.118660e-01
7 17 8.743740e-01
7 18 1.067310e+00
7 19 1.291530e+00
7 20 1.549120e+00
7 21 1.832950e+00
7 22 2.135490e+00
7 23 2.438040e+00
7 24 2.713960e+00
7 25 2.927560e+00
7 26 3.034810e+00
7 27 2.991870e+00
7 28 2.769330e+00
7 29 2.368520e+00
7 30 1.834640e+00
7 31 1.255030e+00
7 32 7.347520e-01
7 33 3.541070e-01
7 34 1.338210e-01
7 35 3.734750e-02
7 36 7.148980e-03
7 37 8.562200e-04
7 38 5.788580e-05
7 39 3.910930e-06
7 40 1.378990e-06
8 1 3.048820e-02
8 2 1.263120e-02
8 3 1.898660e-02
8 4 2.632920e-02
8 5 3.807000e-02
8 6 5.435850e-02
8 7 7.709820e-02
8 8 1.070860e-01
8 9 1.365940e-01
8 10 1.717960e-01
8 11 2.146670e-01
8 12 2.681090e-01
8 13 3.339160e-01
8 14 4.159130e-01
8 15 5.148750e-01
8 16 6.362260e-01
8 17 7.814980e-01
8 18 9.539670e-01
8 19 1.154420e+00
8 20 1.384760e+00
8 21 1.638650e+00
8 22 1.909320e+00
8 23 2.180060e+00
8 24 2.427140e+00
8 25 2.618720e+00
8 26 2.715410e+00
8 27 2.677760e+00
8 28 2.479530e+00
8 29 2.121680e+00
8 30 1.644430e+00
8 31 1.125800e+00
8 32 6.597480e-01
8 33 3.183430e-01
8 34 1.204820e-01
8 35 3.368780e-02
8 36 6.463240e-03
8 37 7.762360e-04
8 38 5.284010e-05
8 39 3.565380e-06
8 40 1.257500e-06
9 1 2.493140e-02
9 2 1.012530e-02
9 3 1.496920e-02
9 4 2.061040e-02
9 5 2.991210e-02
9 6 4.287250e-02
9 7 6.093970e-02
9 8 8.684060e-02
9 9 1.197880e-01
9 10 1.537410e-01
9 11 1.921170e-01
9 12 2.399490e-01
9 13 2.988490e-01
9 14 3.722430e-01
9 15 4.608270e-01
9 16 5.694540e-01
9 17 6.995140e-01
9 18 8.539250e-01
9 19 1.033430e+00
9 20 1.239670e+00
9 21 1.467210e+00
9 22 1.709770e+00
9 23 1.952540e+00
9 24 2.174170e+00
9 25 2.346360e+00
9 26 2.433740e+00
9 27 2.400980e+00
9 28 2.224370e+00
9 29 1.904510e+00
9 30 1.477170e+00
9 31 1.012290e+00
9 32 5.939610e-01
9 33 2.870280e-01
9 34 1.088310e-01
9 35 3.050120e-02
9 36 5.868250e-03
9 37 7.072060e-04
9 38 4.834780e-05
9 39 3.270290e-06
9 40 1.153630e-06
10 1 1.950900e-02
10 2 7.911780e-03
10 3 1.174450e-02
10 4 1.620430e-02
10 5 2.350500e-02
10 6 3.373720e-02
10 7 4.802630e-02
10 8 6.851820e-02
10 9 9.697000e-02
10 10 1.348750e-01
10 11 1.720120e-01
10 12 2.148470e-01
10 13 2.675900e-01
10 14 3.333160e-01
10 15 4.126500e-01
10 16 5.099420e-01
10 17 6.264380e-01
10 18 7.647730e-01
10 19 9.256090e-01
10 20 1.110410e+00
10 21 1.314430e+00
10 22 1.532000e+00
10 23 1.749870e+00
10 24 1.948940e+00
10 25 2.103910e+00
10 26 2.183110e+00
10 27 2.154800e+00
10 28 1.997550e+00
10 29 1.711650e+00
10 30 1.328830e+00
10 31 9.117200e-01
10 32 5.357650e-01
10 33 2.593900e-01
10 34 9.857810e-02
10 35 2.770690e-02
10 36 5.349230e-03
10 37 6.474490e-04
10 38 4.450810e-05
10 39 3.017380e-06
10 40 1.064730e-06
11 1 1.504430e-02
11 2 6.097860e-03
11 3 9.030840e-03
11 4 1.243070e-02
11 5 1.804160e-02
11 6 2.607030e-02
11 7 3.740870e-02
11 8 5.365820e-02
11 9 7.620710e-02
11 10 1.089370e-01
11 11 1.510230e-01
11 12 1.926030e-01
11 13 2.398930e-01
11 14 2.988250e-01
11 15 3.699650e-01
11 16 4.572160e-01
11 17 5.617000e-01
11 18 6.857990e-01
11 19 8.300990e-01
11 20 9.959670e-01
11 21 1.179110e+00
11 22 1.374610e+00
11 23 1.570470e+00
11 24 1.749660e+00
11 25 1.889500e+00
11 26 1.961560e+00
11 27 1.937330e+00
11 28 1.797330e+00
11 29 1.541610e+00
11 30 1.198250e+00
11 31 8.233210e-01
11 32 4.847310e-01
11 33 2.352280e-01
11 34 8.965170e-02
11 35 2.528710e-02
11 36 4.903190e-03
11 37 5.966500e-04
11 38 4.129000e-05
11 39 2.875910e-06
11 40 1.657080e-06
12 1 1.229130e-02
12 2 4.975300e-03
12 3 7.338360e-03
12 4 1.002610e-02
12 5 1.438190e-02
12 6 2.044620e-02
12 7 2.915190e-02
12 8 4.200170e-02
12 9 5.992650e-02
12 10 8.583770e-02
12 11 1.221370e-01
12 12 1.694860e-01
12 13 2.154960e-01
12 14 2.684450e-01
12 15 3.323680e-01
12 16 4.107790e-01
12 17 5.046910e-01
12 18 6.162500e-01
12 19 7.460050e-01
12 20 8.952300e-01
12 21 1.060020e+00
12 22 1.236130e+00
12 23 1.412650e+00
12 24 1.574470e+00
12 25 1.701130e+00
12 26 1.767060e+00
12 27 1.746590e+00
12 28 1.621930e+00
12 29 1.392830e+00
12 30 1.084270e+00
12 31 7.463330e-01
12 32 4.404290e-01
12 33 2.143450e-01
12 34 8.198200e-02
12 35 2.322450e-02
12 36 4.527250e-03
12 37 5.545100e-04
12 38 3.868680e-05
12 39 2.860790e-06
12 40 2.169910e-06
13 1 9.120030e-03
13 2 3.692710e-03
13 3 5.445930e-03
13 4 7.430830e-03
13 5 1.065930e-02
13 6 1.525330e-02
13 7 2.190180e-02
13 8 3.181760e-02
13 9 4.600500e-02
13 10 6.660490e-02
13 11 9.541190e-02
13 12 1.364570e-01
13 13 1.897610e-01
13 14 2.415240e-01
13 15 2.990540e-01
13 16 3.696330e-01
13 17 4.541840e-01
13 18 5.546410e-01
13 19 6.715230e-01
13 20 8.060100e-01
13 21 9.546180e-01
13 22 1.113550e+00
13 23 1.273060e+00
13 24 1.419580e+00
13 25 1.534640e+00
13 26 1.595330e+00
13 27 1.578320e+00
13 28 1.467410e+00
13 29 1.261990e+00
13 30 9.842270e-01
13 31 6.790260e-01
13 32 4.018360e-01
13 33 1.962550e-01
13 34 7.539010e-02
13 35 2.147090e-02
13 36 4.212800e-03
13 37 5.201070e-04
13 38 3.703040e-05
13 39 2.850610e-06
13 40 0.000000e+00
14 1 7.701780e-03
14 2 3.118130e-03
14 3 4.597810e-03
14 4 6.272100e-03
14 5 8.976050e-03
14 6 1.274570e-02
14 7 1.807090e-02
14 8 2.578070e-02
14 9 3.657780e-02
14 10 5.265090e-02
14 11 7.531230e-02
14 12 1.075080e-01
14 13 1.532190e-01
14 14 2.132480e-01
14 15 2.697660e-01
14 16 3.334620e-01
14 17 4.097900e-01
14 18 5.005040e-01
14 19 6.060930e-01
14 20 7.276380e-01
14 21 8.620980e-01
14 22 1.005960e+00
14 23 1.150700e+00
14 24 1.283870e+00
14 25 1.388910e+00
14 26 1.445210e+00
14 27 1.431490e+00
14 28 1.332850e+00
14 29 1.148370e+00
14 30 8.976660e-01
14 31 6.211080e-01
14 32 3.688310e-01
14 33 1.809220e-01
14 34 6.987240e-02
14 35 2.002880e-02
14 36 3.961000e-03
14 37 4.936860e-04
14 38 3.607400e-05
14 39 2.866140e-06
14 40 0.000000e+00
15 1 6.055150e-03
15 2 2.451670e-03
15 3 3.615280e-03
15 4 4.931970e-03
15 5 7.055820e-03
15 6 1.000480e-02
15 7 1.414570e-02
15 8 2.017800e-02
15 9 2.874160e-02
15 10 4.136500e-02
15 11 5.912370e-02
15 12 8.441070e-02
15 13 1.202850e-01
15 14 1.719350e-01
15 15 2.386840e-01
15 16 3.016460e-01
15 17 3.707400e-01
15 18 4.528940e-01
15 19 5.485780e-01
15 20 6.587880e-01
15 21 7.808020e-01
15 22 9.115480e-01
15 23 1.043340e+00
15 24 1.164940e+00
15 25 1.261360e+00
15 26 1.313960e+00
15 27 1.303420e+00
15 28 1.215800e+00
15 29 1.049870e+00
15 30 8.229620e-01
15 31 5.714250e-01
15 32 3.407750e-01
15 33 1.680470e-01
15 34 6.532150e-02
15 35 1.887200e-02
15 36 3.767950e-03
15 37 4.750120e-04
15 38 3.525150e-05
15 39 2.835670e-06
15 40 0.000000e+00
16 1 4.659960e-03
16 2 1.887150e-03
16 3 2.782840e-03
16 4 3.796620e-03
16 5 5.431720e-03
16 6 7.700640e-03
16 7 1.087530e-02
16 8 1.547140e-02
16 9 2.198130e-02
16 10 3.164670e-02
16 11 4.548580e-02
16 12 6.541060e-02
16 13 9.369340e-02
16 14 1.343330e-01
16 15 1.920540e-01
16 16 2.677050e-01
16 17 3.367830e-01
16 18 4.115060e-01
16 19 4.985870e-01
16 20 5.989490e-01
16 21 7.102460e-01
16 22 8.296600e-01
16 23 9.502720e-01
16 24 1.062040e+00
16 25 1.151190e+00
16 26 1.200830e+00
16 27 1.193350e+00
16 28 1.115570e+00
16 29 9.659720e-01
16 30 7.597760e-01
16 31 5.297820e-01
16 32 3.175930e-01
16 33 1.576170e-01
16 34 6.174710e-02
16 35 1.800880e-02
16 36 3.636820e-03
16 37 4.647590e-04
16 38 3.500780e-05
16 39 2.839560e-06
16 40 0.000000e+00
17 1 3.771530e-03
17 2 1.526950e-03
17 3 2.251690e-03
17 4 3.071620e-03
17 5 4.394480e-03
17 6 6.230030e-03
17 7 8.797010e-03
17 8 1.249760e-02
17 9 1.767710e-02
17 10 2.528030e-02
17 11 3.607080e-02
17 12 5.156160e-02
17 13 7.358720e-02
17 14 1.052900e-01
17 15 1.502800e-01
17 16 2.153250e-01
17 17 2.998910e-01
17 18 3.754800e-01
17 19 4.551000e-01
17 20 5.469570e-01
17 21 6.489550e-01
17 22 7.586140e-01
17 23 8.696580e-01
17 24 9.730590e-01
17 25 1.056230e+00
17 26 1.103610e+00
17 27 1.099140e+00
17 28 1.030280e+00
17 29 8.951410e-01
17 30 7.070110e-01
17 31 4.955080e-01
17 32 2.989400e-01
17 33 1.495040e-01
17 34 5.912160e-02
17 35 1.743830e-02
17 36 3.569340e-03
17 37 4.634670e-04
17 38 3.551470e-05
17 39 2.905390e-06
17 40 0.000000e+00
18 1 2.904140e-03
18 2 1.176100e-03
18 3 1.734370e-03
18 4 2.366110e-03
18 5 3.385030e-03
18 6 4.799110e-03
18 7 6.776660e-03
18 8 9.620900e-03
18 9 1.358790e-02
18 10 1.939940e-02
18 11 2.765960e-02
18 12 3.961640e-02
18 13 5.678120e-02
18 14 8.153670e-02
18 15 1.166920e-01
18 16 1.674600e-01
18 17 2.405710e-01
18 18 3.357270e-01
18 19 4.176800e-01
18 20 5.022750e-01
18 21 5.963320e-01
18 22 6.976790e-01
18 23 8.006900e-01
18 24 8.970890e-01
18 25 9.754360e-01
18 26 1.021230e+00
18 27 1.019780e+00
18 28 9.590400e-01
18 29 8.365980e-01
18 30 6.641020e-01
18 31 4.682920e-01
18 32 2.846550e-01
18 33 1.436690e-01
18 34 5.745020e-02
18 35 1.717240e-02
18 36 3.571070e-03
18 37 4.724430e-04
18 38 3.693670e-05
18 39 3.050090e-06
18 40 0.000000e+00
19 1 2.142100e-03
19 2 8.682180e-04
19 3 1.280470e-03
19 4 1.747100e-03
19 5 2.499900e-03
19 6 3.544810e-03
19 7 5.006480e-03
19 8 7.108950e-03
19 9 1.003410e-02
19 10 1.430340e-02
19 11 2.036820e-02
19 12 2.920170e-02
19 13 4.210460e-02
19 14 6.122610e-02
19 15 8.871440e-02
19 16 1.283940e-01
19 17 1.854830e-01
19 18 2.682830e-01
19 19 3.755680e-01
19 20 4.647940e-01
19 21 5.523130e-01
19 22 6.468550e-01
19 23 7.432700e-01
19 24 8.341100e-01
19 25 9.088020e-01
19 26 9.537780e-01
19 27 9.553210e-01
19 28 9.019310e-01
19 29 7.905580e-01
19 30 6.312530e-01
19 31 4.483660e-01
19 32 2.749580e-01
19 33 1.402780e-01
19 34 5.683000e-02
19 35 1.725410e-02
19 36 3.655190e-03
19 37 4.942780e-04
19 38 3.928540e-05
19 39 3.122840e-06
19 40 2.704910e-06
20 1 1.735210e-03
20 2 7.031170e-04
20 3 1.036850e-03
20 4 1.414590e-03
20 5 2.024060e-03
20 6 2.869710e-03
20 7 4.052600e-03
20 8 5.753090e-03
20 9 8.116920e-03
20 10 1.155410e-02
20 11 1.638070e-02
20 12 2.329430e-02
20 13 3.318920e-02
20 14 4.751100e-02
20 15 6.827930e-02
20 16 9.889370e-02
20 17 1.429980e-01
20 18 2.068530e-01
20 19 2.997160e-01
20 20 4.202070e-01
20 21 5.150730e-01
20 22 6.040470e-01
20 23 6.952100e-01
20 24 7.816980e-01
20 25 8.537980e-01
20 26 8.987980e-01
20 27 9.035970e-01
20 28 8.571510e-01
20 29 7.556860e-01
20 30 6.077230e-01
20 31 4.354450e-01
20 32 2.698580e-01
20 33 1.394430e-01
20 34 5.736030e-02
20 35 1.773240e-02
20 36 3.836870e-03
20 37 5.317660e-04
20 38 4.287290e-05
20 39 3.115880e-06
20 40 1.375910e-06
21 1 1.353710e-03
21 2 5.487090e-04
21 3 8.091780e-04
21 4 1.103930e-03
21 5 1.579510e-03
21 6 2.239480e-03
21 7 3.162450e-03
21 8 4.489880e-03
21 9 6.335680e-03
21 10 9.018240e-03
21 11 1.278400e-02
21 12 1.816890e-02
21 13 2.587240e-02
21 14 3.709490e-02
21 15 5.318730e-02
21 16 7.649440e-02
21 17 1.100980e-01
21 18 1.588680e-01
21 19 2.298960e-01
21 20 3.345610e-01
21 21 4.694160e-01
21 22 5.696520e-01
21 23 6.569110e-01
21 24 7.403660e-01
21 25 8.110130e-01
21 26 8.568720e-01
21 27 8.652400e-01
21 28 8.253430e-01
21 29 7.326260e-01
21 30 5.941250e-01
21 31 4.300560e-01
21 32 2.698160e-01
21 33 1.414920e-01
21 34 5.923600e-02
21 35 1.869660e-02
21 36 4.144710e-03
21 37 5.907870e-04
21 38 4.903230e-05
21 39 3.506960e-06
21 40 1.248500e-06
22 1 1.022730e-03
22 2 4.146490e-04
22 3 6.114950e-04
22 4 8.342990e-04
22 5 1.193730e-03
22 6 1.692560e-03
22 7 2.390440e-03
22 8 3.394090e-03
22 9 4.789930e-03
22 10 6.819130e-03
22 11 9.668740e-03
22 12 1.374040e-02
22 13 1.955220e-02
22 14 2.800590e-02
22 15 4.016280e-02
22 16 5.786190e-02
22 17 8.340820e-02
22 18 1.205430e-01
22 19 1.746710e-01
22 20 2.545140e-01
22 21 3.724420e-01
22 22 5.244980e-01
22 23 6.284020e-01
22 24 7.101910e-01
22 25 7.805820e-01
22 26 8.282260e-01
22 27 8.406060e-01
22 28 8.070020e-01
22 29 7.220090e-01
22 30 5.911870e-01
22 31 4.329600e-01
22 32 2.755110e-01
22 33 1.469310e-01
22 34 6.276190e-02
22 35 2.028460e-02
22 36 4.622570e-03
22 37 6.803080e-04
22 38 5.850490e-05
22 39 4.187370e-06
22 40 1.490170e-06
23 1 7.433650e-04
23 2 3.014350e-04
23 3 4.445690e-04
23 4 6.065940e-04
23 5 8.680010e-04
23 6 1.230910e-03
23 7 1.738770e-03
23 8 2.469380e-03
23 9 3.485910e-03
23 10 4.964700e-03
23 11 7.042550e-03
23 12 1.001340e-02
23 13 1.424940e-02
23 14 2.038660e-02
23 15 2.920840e-02
23 16 4.217760e-02
23 17 6.120050e-02
23 18 8.919370e-02
23 19 1.301310e-01
23 20 1.906050e-01
23 21 2.801190e-01
23 22 4.139230e-01
23 23 5.852920e-01
23 24 6.909270e-01
23 25 7.623880e-01
23 26 8.128070e-01
23 27 8.298540e-01
23 28 8.024330e-01
23 29 7.244150e-01
23 30 5.996760e-01
23 31 4.450450e-01
23 32 2.877780e-01
23 33 1.564380e-01
23 34 6.835740e-02
23 35 2.269440e-02
23 36 5.336320e-03
23 37 8.144380e-04
23 38 7.282800e-05
23 39 5.217800e-06
23 40 1.853540e-06
24 1 5.500510e-04
24 2 2.233880e-04
24 3 3.294830e-04
24 4 4.496200e-04
24 5 6.434480e-04
24 6 9.125640e-04
24 7 1.289140e-03
24 8 1.831080e-03
24 9 2.585320e-03
24 10 3.682500e-03
24 11 5.225120e-03
24 12 7.431740e-03
24 13 1.057830e-02
24 14 1.513080e-02
24 15 2.164750e-02
24 16 3.118390e-02
24 17 4.514510e-02
24 18 6.574790e-02
24 19 9.615120e-02
24 20 1.412260e-01
24 21 2.080990e-01
24 22 3.084050e-01
24 23 4.596250e-01
24 24 6.521760e-01
24 25 7.563210e-01
24 26 8.108990e-01
24 27 8.335570e-01
24 28 8.127220e-01
24 29 7.413270e-01
24 30 6.214280e-01
24 31 4.682540e-01
24 32 3.083550e-01
24 33 1.713170e-01
24 34 7.680020e-02
24 35 2.627840e-02
24 36 6.399280e-03
24 37 1.016940e-03
24 38 9.489680e-05
24 39 6.447200e-06
24 40 1.415320e-06
25 1 3.965090e-04
25 2 1.614410e-04
25 3 2.381240e-04
25 4 3.249480e-04
25 5 4.650780e-04
25 6 6.596940e-04
25 7 9.321000e-04
25 8 1.324210e-03
25 9 1.870130e-03
25 10 2.664730e-03
25 11 3.782370e-03
25 12 5.382360e-03
25 13 7.666200e-03
25 14 1.097260e-02
25 15 1.570170e-02
25 16 2.260860e-02
25 17 3.272420e-02
25 18 4.767380e-02
25 19 6.981350e-02
25 20 1.028390e-01
25 21 1.520460e-01
25 22 2.261490e-01
25 23 3.384130e-01
25 24 5.095770e-01
25 25 7.261510e-01
25 26 8.241260e-01
25 27 8.538170e-01
25 28 8.403540e-01
25 29 7.753830e-01
25 30 6.592250e-01
25 31 5.052800e-01
25 32 3.396150e-01
25 33 1.933430e-01
25 34 8.920230e-02
25 35 3.156810e-02
25 36 7.995310e-03
25 37 1.329420e-03
25 38 1.305180e-04
25 39 8.452850e-06
25 40 4.927790e-07
26 1 2.572960e-04
26 2 1.054170e-04
26 3 1.555140e-04
26 4 2.122610e-04
26 5 3.038790e-04
26 6 4.311830e-04
26 7 6.094680e-04
26 8 8.663010e-04
26 9 1.224250e-03
26 10 1.745800e-03
26 11 2.480540e-03
26 12 3.534210e-03
26 13 5.041450e-03
26 14 7.229490e-03
26 15 1.036870e-02
26 16 1.495870e-02
26 17 2.166590e-02
26 18 3.163850e-02
26 19 4.664340e-02
26 20 6.960090e-02
26 21 1.048140e-01
26 22 1.588650e-01
26 23 2.413140e-01
26 24 3.679730e-01
26 25 5.638050e-01
26 26 8.094650e-01
26 27 8.958370e-01
26 28 8.906650e-01
26 29 8.318420e-01
26 30 7.178940e-01
26 31 5.603500e-01
26 32 3.850260e-01
26 33 2.250780e-01
26 34 1.071900e-01
26 35 3.938510e-02
26 36 1.042950e-02
26 37 1.827270e-03
26 38 1.905850e-04
26 39 1.199680e-05
26 40 5.993100e-07
27 1 1.833560e-04
27 2 7.486940e-05
27 3 1.104500e-04
27 4 1.507640e-04
27 5 2.158360e-04
27 6 3.062670e-04
27 7 4.329790e-04
27 8 6.154860e-04
27 9 8.699100e-04
27 10 1.240870e-03
27 11 1.763520e-03
27 12 2.513390e-03
27 13 3.587090e-03
27 14 5.147060e-03
27 15 7.387510e-03
27 16 1.066790e-02
27 17 1.546410e-02
27 18 2.255120e-02
27 19 3.312020e-02
27 20 4.916650e-02
27 21 7.368120e-02
27 22 1.115460e-01
27 23 1.700750e-01
27 24 2.606820e-01
27 25 4.019810e-01
27 26 6.230070e-01
27 27 8.969700e-01
27 28 9.632990e-01
27 29 9.128260e-01
27 30 8.016400e-01
27 31 6.391140e-01
27 32 4.504380e-01
27 33 2.713940e-01
27 34 1.339390e-01
27 35 5.130750e-02
27 36 1.426030e-02
27 37 2.641610e-03
27 38 2.934880e-04
27 39 1.838470e-05
27 40 6.869230e-07
28 1 1.183650e-04
28 2 4.871220e-05
28 3 7.187620e-05
28 4 9.812520e-05
28 5 1.405060e-04
28 6 1.994200e-04
28 7 2.819880e-04
28 8 4.010330e-04
28 9 5.670710e-04
28 10 8.092850e-04
28 11 1.151070e-03
28 12 1.642080e-03
28 13 2.346080e-03
28 14 3.371140e-03
28 15 4.847120e-03
28 16 7.014620e-03
28 17 1.019550e-02
28 18 1.490980e-02
28 19 2.194430e-02
28 20 3.263350e-02
28 21 4.902770e-02
28 22 7.467100e-02
28 23 1.150080e-01
28 24 1.783270e-01
28 25 2.782140e-01
28 26 4.364900e-01
28 27 6.875220e-01
28 28 9.941520e-01
28 29 1.030080e+00
28 30 9.216390e-01
28 31 7.515610e-01
28 32 5.443630e-01
28 33 3.389130e-01
28 34 1.739130e-01
28 35 6.976360e-02
28 36 2.046510e-02
28 37 4.037580e-03
28 38 4.824120e-04
28 39 3.185670e-05
28 40 1.230400e-06
29 1 6.844120e-05
29 2 2.871790e-05
29 3 4.237920e-05
29 4 5.787070e-05
29 5 8.289360e-05
29 6 1.176970e-04
29 7 1.665210e-04
29 8 2.369560e-04
29 9 3.353220e-04
29 10 4.790440e-04
29 11 6.821030e-04
29 12 9.744620e-04
29 13 1.394890e-03
29 14 2.008830e-03
29 15 2.896480e-03
29 16 4.206450e-03
29 17 6.139440e-03
29 18 9.023870e-03
29 19 1.335960e-02
29 20 1.998070e-02
29 21 3.015610e-02
29 22 4.614790e-02
29 23 7.185610e-02
29 24 1.136040e-01
29 25 1.816110e-01
29 26 2.917720e-01
29 27 4.699290e-01
29 28 7.572220e-01
29 29 1.102410e+00
29 30 1.094600e+00
29 31 9.135820e-01
29 32 6.809270e-01
29 33 4.389180e-01
29 34 2.348310e-01
29 35 9.905540e-02
29 36 3.085100e-02
29 37 6.534010e-03
29 38 8.485580e-04
29 39 6.012090e-05
29 40 2.490660e-06
30 1 4.175590e-05
30 2 1.744230e-05
30 3 2.574580e-05
30 4 3.516310e-05
30 5 5.037960e-05
30 6 7.154890e-05
30 7 1.012620e-04
30 8 1.441560e-04
30 9 2.040960e-04
30 10 2.917700e-04
30 11 4.158480e-04
30 12 5.947820e-04
30 13 8.525690e-04
30 14 1.229990e-03
30 15 1.777320e-03
30 16 2.588090e-03
30 17 3.790280e-03
30 18 5.594400e-03
30 19 8.324850e-03
30 20 1.252950e-02
30 21 1.906430e-02
30 22 2.940930e-02
30 23 4.600690e-02
30 24 7.299100e-02
30 25 1.173020e-01
30 26 1.902440e-01
30 27 3.104480e-01
30 28 5.082720e-01
30 29 8.313080e-01
30 30 1.211460e+00
30 31 1.145330e+00
30 32 8.816100e-01
30 33 5.911510e-01
30 34 3.314210e-01
30 35 1.477680e-01
30 36 4.911000e-02
30 37 1.121690e-02
30 38 1.589850e-03
30 39 1.232690e-04
30 40 5.438950e-06
31 1 2.172840e-05
31 2 9.556600e-06
31 3 1.411290e-05
31 4 1.928040e-05
31 5 2.763370e-05
31 6 3.926630e-05
31 7 5.559960e-05
31 8 7.920760e-05
31 9 1.122530e-04
31 10 1.606310e-04
31 11 2.292310e-04
31 12 3.283680e-04
31 13 4.716510e-04
31 14 6.822070e-04
31 15 9.888960e-04
31 16 1.445500e-03
31 17 2.126860e-03
31 18 3.157030e-03
31 19 4.730310e-03
31 20 7.177810e-03
31 21 1.102170e-02
31 22 1.716740e-02
31 23 2.712890e-02
31 24 4.349540e-02
31 25 7.075740e-02
31 26 1.167900e-01
31 27 1.946500e-01
31 28 3.261460e-01
31 29 5.469170e-01
31 30 9.125570e-01
31 31 1.329970e+00
31 32 1.184380e+00
31 33 8.273600e-01
31 34 4.879460e-01
31 35 2.310770e-01
31 36 8.248430e-02
31 37 2.048360e-02
31 38 3.200220e-03
31 39 2.770670e-04
31 40 1.294560e-05
32 1 9.839840e-06
32 2 4.630080e-06
32 3 6.878120e-06
32 4 9.409170e-06
32 5 1.349550e-05
32 6 1.918820e-05
32 7 2.719120e-05
32 8 3.877050e-05
32 9 5.500280e-05
32 10 7.882550e-05
32 11 1.126890e-04
32 12 1.617820e-04
32 13 2.329930e-04
32 14 3.380920e-04
32 15 4.920430e-04
32 16 7.228270e-04
32 17 1.069960e-03
32 18 1.599900e-03
32 19 2.418360e-03
32 20 3.708730e-03
32 21 5.767160e-03
32 22 9.115150e-03
32 23 1.464340e-02
32 24 2.391100e-02
32 25 3.967320e-02
32 26 6.686110e-02
32 27 1.141540e-01
32 28 1.965910e-01
32 29 3.398430e-01
32 30 5.859370e-01
32 31 9.994790e-01
32 32 1.454870e+00
32 33 1.207000e+00
32 34 7.501670e-01
32 35 3.788200e-01
32 36 1.460880e-01
32 37 3.976900e-02
32 38 6.918890e-03
32 39 6.786990e-04
32 40 3.421200e-05
33 1 3.388380e-06
33 2 1.873880e-06
33 3 2.898730e-06
33 4 4.044780e-06
33 5 5.848410e-06
33 6 8.331200e-06
33 7 1.182000e-05
33 8 1.687330e-05
33 9 2.396950e-05
33 10 3.440440e-05
33 11 4.928550e-05
33 12 7.093720e-05
33 13 1.024860e-04
33 14 1.493030e-04
33 15 2.183450e-04
33 16 3.226380e-04
33 17 4.810390e-04
33 18 7.255800e-04
33 19 1.108290e-03
33 20 1.720900e-03
33 21 2.715730e-03
33 22 4.367570e-03
33 23 7.161490e-03
33 24 1.197430e-02
33 25 2.039020e-02
33 26 3.525010e-02
33 27 6.180730e-02
33 28 1.097270e-01
33 29 1.963690e-01
33 30 3.517940e-01
33 31 6.254850e-01
33 32 1.091950e+00
33 33 1.584120e+00
33 34 1.208190e+00
33 35 6.523930e-01
33 36 2.730950e-01
33 37 8.206220e-02
33 38 1.605460e-02
33 39 1.807610e-03
33 40 1.044580e-04
34 1 8.947810e-07
34 2 5.122050e-07
34 3 8.469240e-07
34 4 1.284400e-06
34 5 2.007640e-06
34 6 3.030640e-06
34 7 4.422090e-06
34 8 6.361320e-06
34 9 9.059530e-06
34 10 1.303390e-05
34 11 1.872190e-05
34 12 2.703900e-05
34 13 3.922440e-05
34 14 5.743250e-05
34 15 8.451030e-05
34 16 1.258160e-04
34 17 1.892780e-04
34 18 2.885420e-04
34 19 4.462460e-04
34 20 7.030580e-04
34 21 1.128350e-03
34 22 1.850140e-03
34 23 3.101090e-03
34 24 5.317070e-03
34 25 9.324130e-03
34 26 1.667640e-02
34 27 3.026960e-02
34 28 5.566810e-02
34 29 1.036010e-01
34 30 1.940240e-01
34 31 3.621320e-01
34 32 6.659060e-01
34 33 1.190670e+00
34 34 1.714680e+00
34 35 1.183040e+00
34 36 5.394280e-01
34 37 1.800340e-01
34 38 3.996440e-02
34 39 5.225560e-03
34 40 3.561530e-04
35 1 2.182770e-07
35 2 1.249500e-07
35 3 2.067280e-07
35 4 3.162380e-07
35 5 5.067070e-07
35 6 8.037050e-07
35 7 1.255910e-06
35 8 1.914550e-06
35 9 2.810110e-06
35 10 4.101100e-06
35 11 5.936950e-06
35 12 8.621110e-06
35 13 1.258220e-05
35 14 1.855510e-05
35 15 2.753830e-05
35 16 4.141590e-05
35 17 6.305010e-05
35 18 9.746050e-05
35 19 1.531540e-04
35 20 2.456890e-04
35 21 4.023390e-04
35 22 6.746110e-04
35 23 1.159080e-03
35 24 2.042760e-03
35 25 3.693790e-03
35 26 6.832270e-03
35 27 1.288540e-02
35 28 2.478790e-02
35 29 4.848760e-02
35 30 9.578250e-02
35 31 1.894070e-01
35 32 3.705010e-01
35 33 7.069380e-01
35 34 1.294800e+00
35 35 1.843510e+00
35 36 1.129590e+00
35 37 4.200130e-01
35 38 1.065400e-01
35 39 1.636190e-02
35 40 1.354340e-03
36 1 4.062260e-08
36 2 2.325390e-08
36 3 3.847330e-08
36 4 5.885360e-08
36 5 9.430250e-08
36 6 1.498090e-07
36 7 2.369320e-07
36 8 3.760660e-07
36 9 5.833980e-07
36 10 8.961360e-07
36 11 1.352980e-06
36 12 2.026170e-06
36 13 3.021290e-06
36 14 4.522940e-06
36 15 6.782340e-06
36 16 1.030210e-05
36 17 1.587190e-05
36 18 2.488950e-05
36 19 3.979730e-05
36 20 6.518940e-05
36 21 1.094580e-04
36 22 1.890810e-04
36 23 3.364730e-04
36 24 6.176820e-04
36 25 1.170870e-03
36 26 2.289550e-03
36 27 4.589030e-03
36 28 9.335740e-03
36 29 1.923730e-02
36 30 4.024490e-02
36 31 8.513270e-02
36 32 1.797400e-01
36 33 3.727480e-01
36 34 7.447090e-01
36 35 1.404370e+00
36 36 1.971190e+00
36 37 1.048050e+00
36 38 3.039790e-01
36 39 5.522650e-02
36 40 5.663960e-03
37 1 5.164290e-09
37 2 2.956230e-09
37 3 4.891050e-09
37 4 7.481970e-09
37 5 1.198850e-08
37 6 1.904500e-08
37 7 3.012080e-08
37 8 4.786950e-08
37 9 7.555650e-08
37 10 1.202150e-07
37 11 1.903200e-07
37 12 3.015970e-07
37 13 4.776270e-07
37 14 7.590940e-07
37 15 1.202980e-06
37 16 1.899710e-06
37 17 3.005490e-06
37 18 4.806590e-06
37 19 7.824250e-06
37 20 1.308220e-05
37 21 2.251110e-05
37 22 4.007000e-05
37 23 7.394470e-05
37 24 1.418140e-04
37 25 2.831810e-04
37 26 5.885970e-04
37 27 1.270730e-03
37 28 2.816190e-03
37 29 6.315170e-03
37 30 1.421620e-02
37 31 3.218140e-02
37 32 7.350860e-02
37 33 1.673570e-01
37 34 3.712060e-01
37 35 7.812500e-01
37 36 1.519370e+00
37 37 2.090290e+00
37 38 9.390390e-01
37 39 2.017030e-01
37 40 2.590010e-02
38 1 7.698700e-10
38 2 4.407000e-10
38 3 7.291400e-10
38 4 1.115390e-09
38 5 1.787210e-09
38 6 2.839170e-09
38 7 4.490310e-09
38 8 7.136230e-09
38 9 1.126370e-08
38 10 1.792130e-08
38 11 2.837230e-08
38 12 4.496000e-08
38 13 7.117800e-08
38 14 1.129940e-07
38 15 1.788470e-07
38 16 2.837030e-07
38 17 4.514360e-07
38 18 7.246890e-07
38 19 1.174620e-06
38 20 1.946460e-06
38 21 3.347090e-06
38 22 6.060750e-06
38 23 1.158710e-05
38 24 2.334430e-05
38 25 4.965160e-05
38 26 1.114900e-04
38 27 2.638100e-04
38 28 6.522620e-04
38 29 1.632170e-03
38 30 4.044730e-03
38 31 9.973280e-03
38 32 2.467660e-02
38 33 6.151910e-02
38 34 1.526960e-01
38 35 3.658860e-01
38 36 8.164250e-01
38 37 1.639070e+00
38 38 2.195150e+00
38 39 8.087350e-01
38 40 1.300550e-01
39 1 1.689100e-10
39 2 9.669100e-11
39 3 1.599700e-10
39 4 2.447200e-10
39 5 3.921200e-10
39 6 6.229200e-10
39 7 9.851800e-10
39 8 1.565700e-09
39 9 2.471270e-09
39 10 3.931940e-09
39 11 6.224920e-09
39 12 9.864260e-09
39 13 1.561650e-08
39 14 2.479110e-08
39 15 3.923920e-08
39 16 6.224180e-08
39 17 9.864630e-08
39 18 1.563560e-07
39 19 2.476340e-07
39 20 3.926870e-07
39 21 6.223150e-07
39 22 9.919360e-07
39 23 1.635540e-06
39 24 2.947490e-06
39 25 6.020890e-06
39 26 1.408810e-05
39 27 3.668210e-05
39 28 1.026200e-04
39 29 3.016110e-04
39 30 8.744180e-04
39 31 2.426270e-03
39 32 6.603340e-03
39 33 1.801510e-02
39 34 4.968880e-02
39 35 1.363860e-01
39 36 3.572330e-01
39 37 8.506670e-01
39 38 1.762780e+00
39 39 2.280080e+00
39 40 7.335290e-01
40 1 4.630800e-11
40 2 2.650800e-11
40 3 4.385800e-11
40 4 6.709100e-11
40 5 1.075000e-10
40 6 1.707800e-10
40 7 2.700900e-10
40 8 4.292500e-10
40 9 6.775100e-10
40 10 1.077970e-09
40 11 1.706600e-09
40 12 2.704350e-09
40 13 4.281370e-09
40 14 6.796640e-09
40 15 1.075770e-08
40 16 1.706400e-08
40 17 2.704450e-08
40 18 4.286610e-08
40 19 6.789050e-08
40 20 1.076580e-07
40 21 1.705870e-07
40 22 2.704160e-07
40 23 4.285790e-07
40 24 6.800580e-07
40 25 1.100700e-06
40 26 1.904070e-06
40 27 3.850730e-06
40 28 1.010520e-05
40 29 3.230080e-05
40 30 1.132450e-04
40 31 3.857300e-04
40 32 1.220300e-03
40 33 3.770380e-03
40 34 1.180470e-02
40 35 3.768750e-02
40 36 1.184550e-01
40 37 3.462280e-01
40 38 8.865390e-01
40 39 1.890740e+00
40 40 2.892560e+00
