1 7.904600e+01
2 7.057210e+01
3 6.291590e+01
4 5.610600e+01
5 5.010060e+01
6 4.472790e+01
7 3.994540e+01
8 3.568220e+01
9 3.191650e+01
10 2.855690e+01
11 2.557650e+01
12 2.294800e+01
13 2.061240e+01
14 1.855550e+01
15 1.673760e+01
16 1.514550e+01
17 1.374930e+01
18 1.252840e+01
19 1.147530e+01
20 1.056230e+01
21 9.781200e+00
22 9.120510e+00
23 8.561290e+00
24 8.095990e+00
25 7.713220e+00
26 7.400300e+00
27 7.146250e+00
28 6.943710e+00
29 6.780490e+00
30 6.650630e+00
31 6.548180e+00
32 6.466080e+00
33 6.401230e+00
34 6.349480e+00
35 6.308700e+00
36 6.275880e+00
37 6.250080e+00
38 6.229450e+00
39 6.213310e+00
40 6.200210e+00
