1 1.296850e-01
2 1.157060e-01
3 1.030670e-01
4 9.181400e-02
5 8.187880e-02
6 7.297700e-02
7 6.503840e-02
8 5.794520e-02
9 5.166090e-02
10 4.603380e-02
11 4.101850e-02
12 3.656910e-02
13 3.258700e-02
14 2.904770e-02
15 2.588400e-02
16 2.307330e-02
17 2.056470e-02
18 1.832330e-02
19 1.633640e-02
20 1.455720e-02
21 1.297290e-02
22 1.156610e-02
23 1.030620e-02
24 9.184790e-03
25 8.187450e-03
26 7.297630e-03
27 6.502310e-03
28 5.797350e-03
29 5.164740e-03
30 4.601070e-03
31 4.101670e-03
32 3.653990e-03
33 3.257090e-03
34 2.902340e-03
35 2.588420e-03
36 2.306560e-03
37 2.058050e-03
38 1.835610e-03
39 1.638080e-03
40 1.457610e-03
