1 1 1.875280e-01
1 2 6.946560e-02
1 3 9.111690e-02
1 4 1.104590e-01
1 5 1.404910e-01
1 6 1.767720e-01
1 7 2.213140e-01
1 8 2.781750e-01
1 9 3.469740e-01
1 10 4.356420e-01
1 11 5.432120e-01
1 12 6.766590e-01
1 13 8.399520e-01
1 14 1.041880e+00
1 15 1.283020e+00
1 16 1.575000e+00
1 17 1.918600e+00
1 18 2.317440e+00
1 19 2.767500e+00
1 20 3.264880e+00
1 21 3.783920e+00
1 22 4.294900e+00
1 23 4.745110e+00
1 24 5.068800e+00
1 25 5.191620e+00
1 26 5.040210e+00
1 27 4.576840e+00
1 28 3.821640e+00
1 29 2.872240e+00
1 30 1.891920e+00
1 31 1.056550e+00
1 32 4.799630e-01
1 33 1.685280e-01
1 34 4.292270e-02
1 35 7.331450e-03
1 36 7.621390e-04
1 37 4.333800e-05
1 38 3.438590e-06
1 39 2.819370e-07
1 40 0.000000e+00
2 1 1.488290e-01
2 2 6.059360e-02
2 3 8.133710e-02
2 4 9.865280e-02
2 5 1.254750e-01
2 6 1.578790e-01
2 7 1.976590e-01
2 8 2.484440e-01
2 9 3.098910e-01
2 10 3.890840e-01
2 11 4.851610e-01
2 12 6.043520e-01
2 13 7.501980e-01
2 14 9.305360e-01
2 15 1.145930e+00
2 16 1.406710e+00
2 17 1.713670e+00
2 18 2.069980e+00
2 19 2.472000e+00
2 20 2.916310e+00
2 21 3.380030e+00
2 22 3.836570e+00
2 23 4.239300e+00
2 24 4.528440e+00
2 25 4.638620e+00
2 26 4.503850e+00
2 27 4.090370e+00
2 28 3.416060e+00
2 29 2.568000e+00
2 30 1.692000e+00
2 31 9.452350e-01
2 32 4.295890e-01
2 33 1.509240e-01
2 34 3.846410e-02
2 35 6.574780e-03
2 36 6.842390e-04
2 37 3.900880e-05
2 38 4.045310e-06
2 39 7.720250e-07
2 40 0.000000e+00
3 1 1.173570e-01
3 2 4.917230e-02
3 3 7.086870e-02
3 4 8.796070e-02
3 5 1.119140e-01
3 6 1.408160e-01
3 7 1.762980e-01
3 8 2.215940e-01
3 9 2.764020e-01
3 10 3.470370e-01
3 11 4.327360e-01
3 12 5.390500e-01
3 13 6.691440e-01
3 14 8.299960e-01
3 15 1.022130e+00
3 16 1.254750e+00
3 17 1.528580e+00
3 18 1.846510e+00
3 19 2.205170e+00
3 20 2.601570e+00
3 21 3.015350e+00
3 22 3.422800e+00
3 23 3.782410e+00
3 24 4.040590e+00
3 25 4.139430e+00
3 26 4.019760e+00
3 27 3.651370e+00
3 28 3.050130e+00
3 29 2.293570e+00
3 30 1.511730e+00
3 31 8.449090e-01
3 32 3.842090e-01
3 33 1.350730e-01
3 34 3.445250e-02
3 35 5.895080e-03
3 36 6.143420e-04
3 37 3.511480e-05
3 38 4.193350e-06
3 39 9.965000e-07
3 40 0.000000e+00
4 1 9.149330e-02
4 2 3.865300e-02
4 3 5.746480e-02
4 4 7.678810e-02
4 5 9.983620e-02
4 6 1.256490e-01
4 7 1.573100e-01
4 8 1.977270e-01
4 9 2.466330e-01
4 10 3.096620e-01
4 11 3.861350e-01
4 12 4.810010e-01
4 13 5.970920e-01
4 14 7.406400e-01
4 15 9.120890e-01
4 16 1.119680e+00
4 17 1.364050e+00
4 18 1.647870e+00
4 19 1.968030e+00
4 20 2.321850e+00
4 21 2.691250e+00
4 22 3.055160e+00
4 23 3.376140e+00
4 24 3.607110e+00
4 25 3.695970e+00
4 26 3.589780e+00
4 27 3.261530e+00
4 28 2.725280e+00
4 29 2.050040e+00
4 30 1.351820e+00
4 31 7.559650e-01
4 32 3.440070e-01
4 33 1.210410e-01
4 34 3.090450e-02
4 35 5.295320e-03
4 36 5.527530e-04
4 37 3.166840e-05
4 38 3.783970e-06
4 39 9.002260e-07
4 40 0.000000e+00
5 1 7.358790e-02
5 2 3.075220e-02
5 3 4.560750e-02
5 4 6.243560e-02
5 5 8.732180e-02
5 6 1.122640e-01
5 7 1.405740e-01
5 8 1.766910e-01
5 9 2.203960e-01
5 10 2.767210e-01
5 11 3.450610e-01
5 12 4.298410e-01
5 13 5.335910e-01
5 14 6.618840e-01
5 15 8.151150e-01
5 16 1.000650e+00
5 17 1.219070e+00
5 18 1.472780e+00
5 19 1.759060e+00
5 20 2.075380e+00
5 21 2.405720e+00
5 22 2.731250e+00
5 23 3.018380e+00
5 24 3.225390e+00
5 25 3.305480e+00
5 26 3.211240e+00
5 27 2.918380e+00
5 28 2.439410e+00
5 29 1.835820e+00
5 30 1.211240e+00
5 31 6.778280e-01
5 32 3.087160e-01
5 33 1.087360e-01
5 34 2.779870e-02
5 35 4.771160e-03
5 36 4.990400e-04
5 37 2.883660e-05
5 38 3.426440e-06
5 39 8.158160e-07
5 40 0.000000e+00
6 1 5.836950e-02
6 2 2.427160e-02
6 3 3.604340e-02
6 4 4.940650e-02
6 5 7.088860e-02
6 6 9.823290e-02
6 7 1.256000e-01
6 8 1.578860e-01
6 9 1.969400e-01
6 10 2.472730e-01
6 11 3.083420e-01
6 12 3.841060e-01
6 13 4.768270e-01
6 14 5.914780e-01
6 15 7.284330e-01
6 16 8.942500e-01
6 17 1.089500e+00
6 18 1.316250e+00
6 19 1.572280e+00
6 20 1.855110e+00
6 21 2.150590e+00
6 22 2.441830e+00
6 23 2.698930e+00
6 24 2.884580e+00
6 25 2.956830e+00
6 26 2.873340e+00
6 27 2.612150e+00
6 28 2.184380e+00
6 29 1.644820e+00
6 30 1.085990e+00
6 31 6.082750e-01
6 32 2.773360e-01
6 33 9.780980e-02
6 34 2.504780e-02
6 35 4.307850e-03
6 36 4.516980e-04
6 37 2.649800e-05
6 38 3.112350e-06
6 39 7.417910e-07
6 40 0.000000e+00
7 1 4.491360e-02
7 2 1.861120e-02
7 3 2.795580e-02
7 4 3.867210e-02
7 5 5.581330e-02
7 6 7.956890e-02
7 7 1.100030e-01
7 8 1.411550e-01
7 9 1.760830e-01
7 10 2.210870e-01
7 11 2.756930e-01
7 12 3.434380e-01
7 13 4.263480e-01
7 14 5.288770e-01
7 15 6.513540e-01
7 16 7.996610e-01
7 17 9.742940e-01
7 18 1.177120e+00
7 19 1.406200e+00
7 20 1.659350e+00
7 21 1.923870e+00
7 22 2.184650e+00
7 23 2.415080e+00
7 24 2.581980e+00
7 25 2.647190e+00
7 26 2.573370e+00
7 27 2.340490e+00
7 28 1.958230e+00
7 29 1.475530e+00
7 30 9.750840e-01
7 31 5.467540e-01
7 32 2.496180e-01
7 33 8.818010e-02
7 34 2.262900e-02
7 35 3.901620e-03
7 36 4.103680e-04
7 37 2.419850e-05
7 38 2.839450e-06
7 39 6.775270e-07
7 40 0.000000e+00
8 1 3.509680e-02
8 2 1.454780e-02
8 3 2.187330e-02
8 4 3.034150e-02
8 5 4.388570e-02
8 6 6.268520e-02
8 7 8.897040e-02
8 8 1.236760e-01
8 9 1.575100e-01
8 10 1.977780e-01
8 11 2.466300e-01
8 12 3.072390e-01
8 13 3.814180e-01
8 14 4.731560e-01
8 15 5.827500e-01
8 16 7.154760e-01
8 17 8.717620e-01
8 18 1.053320e+00
8 19 1.258390e+00
8 20 1.485180e+00
8 21 1.722170e+00
8 22 1.955920e+00
8 23 2.162660e+00
8 24 2.312830e+00
8 25 2.372000e+00
8 26 2.306890e+00
8 27 2.099310e+00
8 28 1.757630e+00
8 29 1.325480e+00
8 30 8.768860e-01
8 31 4.923630e-01
8 32 2.251610e-01
8 33 7.970490e-02
8 34 2.050690e-02
8 35 3.546760e-03
8 36 3.744970e-04
8 37 2.218380e-05
8 38 2.604500e-06
8 39 6.224410e-07
8 40 0.000000e+00
9 1 2.867780e-02
9 2 1.165160e-02
9 3 1.722980e-02
9 4 2.373020e-02
9 5 3.445290e-02
9 6 4.940220e-02
9 7 7.024590e-02
9 8 1.001850e-01
9 9 1.383160e-01
9 10 1.772210e-01
9 11 2.210040e-01
9 12 2.753230e-01
9 13 3.418070e-01
9 14 4.240320e-01
9 15 5.222700e-01
9 16 6.412590e-01
9 17 7.813840e-01
9 18 9.442170e-01
9 19 1.128120e+00
9 20 1.331700e+00
9 21 1.544470e+00
9 22 1.754470e+00
9 23 1.940420e+00
9 24 2.075730e+00
9 25 2.129900e+00
9 26 2.072600e+00
9 27 1.887410e+00
9 28 1.581630e+00
9 29 1.193960e+00
9 30 7.909520e-01
9 31 4.448630e-01
9 32 2.038630e-01
9 33 7.235130e-02
9 34 1.867380e-02
9 35 3.242230e-03
9 36 3.440110e-04
9 37 2.049370e-05
9 38 2.418540e-06
9 39 6.142020e-07
9 40 0.000000e+00
10 1 2.241610e-02
10 2 9.093990e-03
10 3 1.350240e-02
10 4 1.863540e-02
10 5 2.704120e-02
10 6 3.883390e-02
10 7 5.531400e-02
10 8 7.896110e-02
10 9 1.118510e-01
10 10 1.557070e-01
10 11 1.981940e-01
10 12 2.469160e-01
10 13 3.065500e-01
10 14 3.803100e-01
10 15 4.684450e-01
10 16 5.752100e-01
10 17 7.009680e-01
10 18 8.471240e-01
10 19 1.012280e+00
10 20 1.195150e+00
10 21 1.386450e+00
10 22 1.575420e+00
10 23 1.742930e+00
10 24 1.865200e+00
10 25 1.914980e+00
10 26 1.864760e+00
10 27 1.699630e+00
10 28 1.425810e+00
10 29 1.077760e+00
10 30 7.151400e-01
10 31 4.030680e-01
10 32 1.851860e-01
10 33 6.593270e-02
10 34 1.708370e-02
10 35 2.980400e-03
10 36 3.181060e-04
10 37 1.908160e-05
10 38 2.519700e-06
10 39 1.463200e-06
10 40 0.000000e+00
11 1 1.725810e-02
11 2 6.998340e-03
11 3 1.036760e-02
11 4 1.427560e-02
11 5 2.072770e-02
11 6 2.996380e-02
11 7 4.302190e-02
11 8 6.175690e-02
11 9 8.778810e-02
11 10 1.256260e-01
11 11 1.743140e-01
11 12 2.217990e-01
11 13 2.753780e-01
11 14 3.416570e-01
11 15 4.208620e-01
11 16 5.168300e-01
11 17 6.298900e-01
11 18 7.613290e-01
11 19 9.099310e-01
11 20 1.074520e+00
11 21 1.246910e+00
11 22 1.417350e+00
11 23 1.568690e+00
11 24 1.679620e+00
11 25 1.725580e+00
11 26 1.681790e+00
11 27 1.534520e+00
11 28 1.289000e+00
11 29 9.759910e-01
11 30 6.489230e-01
11 31 3.666900e-01
11 32 1.690100e-01
11 33 6.041060e-02
11 34 1.572820e-02
11 35 2.760200e-03
11 36 2.967380e-04
11 37 1.824910e-05
11 38 1.254340e-07
11 39 9.982590e-08
11 40 0.000000e+00
12 1 1.407780e-02
12 2 5.700830e-03
12 3 8.409850e-03
12 4 1.149310e-02
12 5 1.649350e-02
12 6 2.346050e-02
12 7 3.347060e-02
12 8 4.826000e-02
12 9 6.891720e-02
12 10 9.882490e-02
12 11 1.408030e-01
12 12 1.955750e-01
12 13 2.479930e-01
12 14 3.077000e-01
12 15 3.790670e-01
12 16 4.655510e-01
12 17 5.674730e-01
12 18 6.860130e-01
12 19 8.200820e-01
12 20 9.686700e-01
12 21 1.124510e+00
12 22 1.278780e+00
12 23 1.416050e+00
12 24 1.517190e+00
12 25 1.559940e+00
12 26 1.522030e+00
12 27 1.390600e+00
12 28 1.170000e+00
12 29 8.877680e-01
12 30 5.917640e-01
12 31 3.354470e-01
12 32 1.552180e-01
12 33 5.574930e-02
12 34 1.460010e-02
12 35 2.580720e-03
12 36 2.798710e-04
12 37 1.805800e-05
12 38 0.000000e+00
12 39 0.000000e+00
12 40 0.000000e+00
13 1 1.041600e-02
13 2 4.219550e-03
13 3 6.224640e-03
13 4 8.496300e-03
13 5 1.219300e-02
13 6 1.745730e-02
13 7 2.508400e-02
13 8 3.647250e-02
13 9 5.279000e-02
13 10 7.651900e-02
13 11 1.097670e-01
13 12 1.572500e-01
13 13 2.189140e-01
13 14 2.777270e-01
13 15 3.421760e-01
13 16 4.203000e-01
13 17 5.124000e-01
13 18 6.195650e-01
13 19 7.408480e-01
13 20 8.753830e-01
13 21 1.016600e+00
13 22 1.156720e+00
13 23 1.281740e+00
13 24 1.374380e+00
13 25 1.414570e+00
13 26 1.381980e+00
13 27 1.264670e+00
13 28 1.066200e+00
13 29 8.110510e-01
13 30 5.423280e-01
13 31 3.086010e-01
13 32 1.434830e-01
13 33 5.183750e-02
13 34 1.367310e-02
13 35 2.438030e-03
13 36 2.671920e-04
13 37 1.768130e-05
13 38 0.000000e+00
13 39 0.000000e+00
13 40 0.000000e+00
14 1 8.779010e-03
14 2 3.555810e-03
14 3 5.244420e-03
14 4 7.156340e-03
14 5 1.024560e-02
14 6 1.455550e-02
14 7 2.064930e-02
14 8 2.948080e-02
14 9 4.186620e-02
14 10 6.033380e-02
14 11 8.642390e-02
14 12 1.235770e-01
14 13 1.764770e-01
14 14 2.459150e-01
14 15 3.098670e-01
14 16 3.806720e-01
14 17 4.641860e-01
14 18 5.614190e-01
14 19 6.715430e-01
14 20 7.938270e-01
14 21 9.223710e-01
14 22 1.050210e+00
14 23 1.164720e+00
14 24 1.250120e+00
14 25 1.288360e+00
14 26 1.260730e+00
14 27 1.156010e+00
14 28 9.770660e-01
14 29 7.455550e-01
14 30 5.004830e-01
14 31 2.861370e-01
14 32 1.338230e-01
14 33 4.869330e-02
14 34 1.295520e-02
14 35 2.334160e-03
14 36 2.589980e-04
14 37 1.740930e-05
14 38 0.000000e+00
14 39 0.000000e+00
14 40 0.000000e+00
15 1 6.879840e-03
15 2 2.786510e-03
15 3 4.110080e-03
15 4 5.608730e-03
15 5 8.026860e-03
15 6 1.138710e-02
15 7 1.610950e-02
15 8 2.299800e-02
15 9 3.279200e-02
15 10 4.725120e-02
15 11 6.763330e-02
15 12 9.672510e-02
15 13 1.381190e-01
15 14 1.979190e-01
15 15 2.751600e-01
15 16 3.460450e-01
15 17 4.220660e-01
15 18 5.106440e-01
15 19 6.110160e-01
15 20 7.227010e-01
15 21 8.402710e-01
15 22 9.575040e-01
15 23 1.063010e+00
15 24 1.142340e+00
15 25 1.179120e+00
15 26 1.156120e+00
15 27 1.062710e+00
15 28 9.009590e-01
15 29 6.900750e-01
15 30 4.654220e-01
15 31 2.676290e-01
15 32 1.260530e-01
15 33 4.626120e-02
15 34 1.243620e-02
15 35 2.268660e-03
15 36 2.554700e-04
15 37 1.743840e-05
15 38 0.000000e+00
15 39 0.000000e+00
15 40 0.000000e+00
16 1 5.270700e-03
16 2 2.135020e-03
16 3 3.149150e-03
16 4 4.297730e-03
16 5 6.151040e-03
16 6 8.725610e-03
16 7 1.233110e-02
16 8 1.755700e-02
16 9 2.496930e-02
16 10 3.599440e-02
16 11 5.181540e-02
16 12 7.465080e-02
16 13 1.071630e-01
16 14 1.540470e-01
16 15 2.209260e-01
16 16 3.084950e-01
16 17 3.857670e-01
16 18 4.669190e-01
16 19 5.589700e-01
16 20 6.615320e-01
16 21 7.696840e-01
16 22 8.780390e-01
16 23 9.760270e-01
16 24 1.050450e+00
16 25 1.086300e+00
16 26 1.067650e+00
16 27 9.843250e-01
16 28 8.375800e-01
16 29 6.444840e-01
16 30 4.371120e-01
16 31 2.530970e-01
16 32 1.202160e-01
16 33 4.457360e-02
16 34 1.213090e-02
16 35 2.245730e-03
16 36 2.573260e-04
16 37 1.787490e-05
16 38 0.000000e+00
16 39 0.000000e+00
16 40 0.000000e+00
17 1 4.244460e-03
17 2 1.719600e-03
17 3 2.536410e-03
17 4 3.461080e-03
17 5 4.953580e-03
17 6 7.025650e-03
17 7 9.927250e-03
17 8 1.411470e-02
17 9 1.998380e-02
17 10 2.861590e-02
17 11 4.089290e-02
17 12 5.856150e-02
17 13 8.376160e-02
17 14 1.201660e-01
17 15 1.720620e-01
17 16 2.474740e-01
17 17 3.453770e-01
17 18 4.292580e-01
17 19 5.142280e-01
17 20 6.090420e-01
17 21 7.092520e-01
17 22 8.101060e-01
17 23 9.018690e-01
17 24 9.724760e-01
17 25 1.007910e+00
17 26 9.935890e-01
17 27 9.193550e-01
17 28 7.858230e-01
17 29 6.080300e-01
17 30 4.151820e-01
17 31 2.424070e-01
17 32 1.163030e-01
17 33 4.364960e-02
17 34 1.205260e-02
17 35 2.269730e-03
17 36 2.653460e-04
17 37 1.880020e-05
17 38 0.000000e+00
17 39 0.000000e+00
17 40 0.000000e+00
18 1 3.246060e-03
18 2 1.315370e-03
18 3 1.940330e-03
18 4 2.648080e-03
18 5 3.790080e-03
18 6 5.376180e-03
18 7 7.596350e-03
18 8 1.079360e-02
18 9 1.526030e-02
18 10 2.181490e-02
18 11 3.115440e-02
18 12 4.471080e-02
18 13 6.423460e-02
18 14 9.249490e-02
18 15 1.328210e-01
18 16 1.913670e-01
18 17 2.762020e-01
18 18 3.864190e-01
18 19 4.764450e-01
18 20 5.648090e-01
18 21 6.585860e-01
18 22 7.531900e-01
18 23 8.400060e-01
18 24 9.078550e-01
18 25 9.434500e-01
18 26 9.332830e-01
18 27 8.673140e-01
18 28 7.453010e-01
18 29 5.804670e-01
18 30 3.995560e-01
18 31 2.355690e-01
18 32 1.143650e-01
18 33 4.353720e-02
18 34 1.222620e-02
18 35 2.348750e-03
18 36 2.810620e-04
18 37 1.976110e-05
18 38 0.000000e+00
18 39 0.000000e+00
18 40 0.000000e+00
19 1 2.373060e-03
19 2 9.618980e-04
19 3 1.419020e-03
19 4 1.936900e-03
19 5 2.772890e-03
19 6 3.934540e-03
19 7 5.561370e-03
19 8 7.904000e-03
19 9 1.116970e-02
19 10 1.594670e-02
19 11 2.274930e-02
19 12 3.268640e-02
19 13 4.725390e-02
19 14 6.892530e-02
19 15 1.002200e-01
19 16 1.456670e-01
19 17 2.115100e-01
19 18 3.077050e-01
19 19 4.320680e-01
19 20 5.289140e-01
19 21 6.175740e-01
19 22 7.074780e-01
19 23 7.906930e-01
19 24 8.568170e-01
19 25 8.932900e-01
19 26 8.871730e-01
19 27 8.286440e-01
19 28 7.165010e-01
19 29 5.622960e-01
19 30 3.906810e-01
19 31 2.329500e-01
19 32 1.146530e-01
19 33 4.437130e-02
19 34 1.270660e-02
19 35 2.498100e-03
19 36 3.071430e-04
19 37 2.157900e-05
19 38 2.756410e-06
19 39 1.787320e-06
19 40 0.000000e+00
20 1 1.903340e-03
20 2 7.715610e-04
20 3 1.138170e-03
20 4 1.553330e-03
20 5 2.223460e-03
20 6 3.154170e-03
20 7 4.457550e-03
20 8 6.334640e-03
20 9 8.948200e-03
20 10 1.275440e-02
20 11 1.811530e-02
20 12 2.581850e-02
20 13 3.687910e-02
20 14 5.296210e-02
20 15 7.641530e-02
20 16 1.111800e-01
20 17 1.615990e-01
20 18 2.352470e-01
20 19 3.432730e-01
20 20 4.829890e-01
20 21 5.841660e-01
20 22 6.706180e-01
20 23 7.514340e-01
20 24 8.168930e-01
20 25 8.550900e-01
20 26 8.533520e-01
20 27 8.019400e-01
20 28 6.986210e-01
20 29 5.532980e-01
20 30 3.887270e-01
20 31 2.349000e-01
20 32 1.174770e-01
20 33 4.633650e-02
20 34 1.356880e-02
20 35 2.737610e-03
20 36 3.467750e-04
20 37 2.516170e-05
20 38 2.850470e-06
20 39 9.397280e-07
20 40 0.000000e+00
21 1 1.467350e-03
21 2 5.948310e-04
21 3 8.774820e-04
21 4 1.197580e-03
21 5 1.714240e-03
21 6 2.431960e-03
21 7 3.436970e-03
21 8 4.884390e-03
21 9 6.900460e-03
21 10 9.836750e-03
21 11 1.397070e-02
21 12 1.990180e-02
21 13 2.841750e-02
21 14 4.087850e-02
21 15 5.884510e-02
21 16 8.504110e-02
21 17 1.230880e-01
21 18 1.787910e-01
21 19 2.606190e-01
21 20 3.824860e-01
21 21 5.388710e-01
21 22 6.435180e-01
21 23 7.232810e-01
21 24 7.892440e-01
21 25 8.300210e-01
21 26 8.330150e-01
21 27 7.884020e-01
21 28 6.928060e-01
21 29 5.545230e-01
21 30 3.945940e-01
21 31 2.421470e-01
21 32 1.233300e-01
21 33 4.971080e-02
21 34 1.493110e-02
21 35 3.102380e-03
21 36 4.065080e-04
21 37 3.059740e-05
21 38 3.306330e-06
21 39 9.076800e-07
21 40 0.000000e+00
22 1 1.090550e-03
22 2 4.422020e-04
22 3 6.523400e-04
22 4 8.904000e-04
22 5 1.274620e-03
22 6 1.808530e-03
22 7 2.556290e-03
22 8 3.633230e-03
22 9 5.134350e-03
22 10 7.321550e-03
22 11 1.040170e-02
22 12 1.481870e-02
22 13 2.115060e-02
22 14 3.040450e-02
22 15 4.379190e-02
22 16 6.341150e-02
22 17 9.196920e-02
22 18 1.338640e-01
22 19 1.955510e-01
22 20 2.875870e-01
22 21 4.251180e-01
22 22 6.011700e-01
22 23 7.067390e-01
22 24 7.745290e-01
22 25 8.188960e-01
22 26 8.272100e-01
22 27 7.891720e-01
22 28 7.003640e-01
22 29 5.673310e-01
22 30 4.096010e-01
22 31 2.557750e-01
22 32 1.329930e-01
22 33 5.493290e-02
22 34 1.698040e-02
22 35 3.647650e-03
22 36 4.966600e-04
22 37 3.887080e-05
22 38 4.066870e-06
22 39 1.153000e-06
22 40 0.000000e+00
23 1 7.746990e-04
23 2 3.146260e-04
23 3 4.642180e-04
23 4 6.337280e-04
23 5 9.074140e-04
23 6 1.287810e-03
23 7 1.820870e-03
23 8 2.589090e-03
23 9 3.660140e-03
23 10 5.222310e-03
23 11 7.424880e-03
23 12 1.058620e-02
23 13 1.511550e-02
23 14 2.171580e-02
23 15 3.126590e-02
23 16 4.541130e-02
23 17 6.634220e-02
23 18 9.743680e-02
23 19 1.434440e-01
23 20 2.122410e-01
23 21 3.154060e-01
23 22 4.716070e-01
23 23 6.702390e-01
23 24 7.732670e-01
23 25 8.225140e-01
23 26 8.369150e-01
23 27 8.055230e-01
23 28 7.228200e-01
23 29 5.934180e-01
23 30 4.354420e-01
23 31 2.772570e-01
23 32 1.475560e-01
23 33 6.264050e-02
23 34 1.999950e-02
23 35 4.461010e-03
23 36 6.344760e-04
23 37 5.171510e-05
23 38 4.547670e-06
23 39 8.690750e-07
23 40 0.000000e+00
24 1 5.589500e-04
24 2 2.272740e-04
24 3 3.353290e-04
24 4 4.578120e-04
24 5 6.555970e-04
24 6 9.305330e-04
24 7 1.316020e-03
24 8 1.871710e-03
24 9 2.646950e-03
24 10 3.778170e-03
24 11 5.374180e-03
24 12 7.666970e-03
24 13 1.095420e-02
24 14 1.573940e-02
24 15 2.264060e-02
24 16 3.282660e-02
24 17 4.788250e-02
24 18 7.034960e-02
24 19 1.039090e-01
24 20 1.543450e-01
24 21 2.303020e-01
24 22 3.459050e-01
24 23 5.226550e-01
24 24 7.456930e-01
24 25 8.414170e-01
24 26 8.634610e-01
24 27 8.395930e-01
24 28 7.628400e-01
24 29 6.358810e-01
24 30 4.752520e-01
24 31 3.093310e-01
24 32 1.689900e-01
24 33 7.397980e-02
24 34 2.448620e-02
24 35 5.695100e-03
24 36 8.499420e-04
24 37 7.304780e-05
24 38 5.215430e-06
24 39 1.166180e-07
24 40 0.000000e+00
25 1 3.913460e-04
25 2 1.590010e-04
25 3 2.346310e-04
25 4 3.203650e-04
25 5 4.588540e-04
25 6 6.514470e-04
25 7 9.214800e-04
25 8 1.311000e-03
25 9 1.854770e-03
25 10 2.648690e-03
25 11 3.770070e-03
25 12 5.383170e-03
25 13 7.699500e-03
25 14 1.107640e-02
25 15 1.594760e-02
25 16 2.313120e-02
25 17 3.376720e-02
25 18 4.968090e-02
25 19 7.357770e-02
25 20 1.097720e-01
25 21 1.646060e-01
25 22 2.486040e-01
25 23 3.779850e-01
25 24 5.782130e-01
25 25 8.286240e-01
25 26 9.104400e-01
25 27 8.955390e-01
25 28 8.249380e-01
25 29 6.993610e-01
25 30 5.334420e-01
25 31 3.557940e-01
25 32 2.001000e-01
25 33 9.065770e-02
25 34 3.123280e-02
25 35 7.611770e-03
25 36 1.198830e-03
25 37 1.093300e-04
25 38 6.664410e-06
25 39 1.756210e-07
25 40 0.000000e+00
26 1 2.436960e-04
26 2 9.945430e-05
26 3 1.468000e-04
26 4 2.005080e-04
26 5 2.872920e-04
26 6 4.080840e-04
26 7 5.776060e-04
26 8 8.223910e-04
26 9 1.164640e-03
26 10 1.665200e-03
26 11 2.373700e-03
26 12 3.395490e-03
26 13 4.867380e-03
26 14 7.021700e-03
26 15 1.014380e-02
26 16 1.476050e-02
26 17 2.159710e-02
26 18 3.190790e-02
26 19 4.766060e-02
26 20 7.215590e-02
26 21 1.103900e-01
26 22 1.702160e-01
26 23 2.633750e-01
26 24 4.092680e-01
26 25 6.386230e-01
26 26 9.222870e-01
26 27 9.821290e-01
26 28 9.178640e-01
26 29 7.918580e-01
26 30 6.170580e-01
26 31 4.223760e-01
26 32 2.450870e-01
26 33 1.152760e-01
26 34 4.152320e-02
26 35 1.066920e-02
26 36 1.788520e-03
26 37 1.751730e-04
26 38 9.926230e-06
26 39 3.102170e-07
26 40 0.000000e+00
27 1 1.637880e-04
27 2 6.722600e-05
27 3 9.923920e-05
27 4 1.355610e-04
27 5 1.942650e-04
27 6 2.759750e-04
27 7 3.907440e-04
27 8 5.565140e-04
27 9 7.883570e-04
27 10 1.127790e-03
27 11 1.608650e-03
27 12 2.302770e-03
27 13 3.304340e-03
27 14 4.772750e-03
27 15 6.905130e-03
27 16 1.006790e-02
27 17 1.476140e-02
27 18 2.181390e-02
27 19 3.252490e-02
27 20 4.910170e-02
27 21 7.494690e-02
27 22 1.157390e-01
27 23 1.802610e-01
27 24 2.824600e-01
27 25 4.451490e-01
27 26 7.040320e-01
27 27 1.019170e+00
27 28 1.045850e+00
27 29 9.209380e-01
27 30 7.356400e-01
27 31 5.187740e-01
27 32 3.118930e-01
27 33 1.529820e-01
27 34 5.788230e-02
27 35 1.574540e-02
27 36 2.818990e-03
27 37 2.974700e-04
27 38 1.736220e-05
27 39 6.026770e-07
27 40 1.286050e-08
28 1 9.963720e-05
28 2 4.101810e-05
28 3 6.056120e-05
28 4 8.274620e-05
28 5 1.186180e-04
28 6 1.685850e-04
28 7 2.387900e-04
28 8 3.403280e-04
28 9 4.825220e-04
28 10 6.908950e-04
28 11 9.866630e-04
28 12 1.414660e-03
28 13 2.033730e-03
28 14 2.944430e-03
28 15 4.272670e-03
28 16 6.252090e-03
28 17 9.207130e-03
28 18 1.367340e-02
28 19 2.048580e-02
28 20 3.107870e-02
28 21 4.771900e-02
28 22 7.438040e-02
28 23 1.174140e-01
28 24 1.868180e-01
28 25 2.991670e-01
28 26 4.812450e-01
28 27 7.751870e-01
28 28 1.126010e+00
28 29 1.105840e+00
28 30 9.064540e-01
28 31 6.598880e-01
28 32 4.120670e-01
28 33 2.115420e-01
28 34 8.447850e-02
28 35 2.448530e-02
28 36 4.721570e-03
28 37 5.429520e-04
28 38 3.323800e-05
28 39 1.287970e-06
28 40 3.199990e-08
29 1 5.323430e-05
29 2 2.231090e-05
29 3 3.295180e-05
29 4 4.504350e-05
29 5 6.460050e-05
29 6 9.186450e-05
29 7 1.302220e-04
29 8 1.857440e-04
29 9 2.636310e-04
29 10 3.780400e-04
29 11 5.408250e-04
29 12 7.770990e-04
29 13 1.120270e-03
29 14 1.627370e-03
29 15 2.371250e-03
29 16 3.487560e-03
29 17 5.167880e-03
29 18 7.732650e-03
29 19 1.168740e-02
29 20 1.789810e-02
29 21 2.773580e-02
29 22 4.366490e-02
29 23 7.000650e-02
29 24 1.140200e-01
29 25 1.878510e-01
29 26 3.110700e-01
29 27 5.155670e-01
29 28 8.517990e-01
29 29 1.244710e+00
29 30 1.159150e+00
29 31 8.713140e-01
29 32 5.662950e-01
29 33 3.050700e-01
29 34 1.291350e-01
29 35 4.012410e-02
29 36 8.406920e-03
29 37 1.066480e-03
29 38 7.209950e-05
29 39 2.972000e-06
29 40 7.293760e-08
30 1 2.807350e-05
30 2 1.229210e-05
30 3 1.816280e-05
30 4 2.483520e-05
30 5 3.563220e-05
30 6 5.069500e-05
30 7 7.190630e-05
30 8 1.026510e-04
30 9 1.458410e-04
30 10 2.093790e-04
30 11 3.000000e-04
30 12 4.319020e-04
30 13 6.241220e-04
30 14 9.094070e-04
30 15 1.330110e-03
30 16 1.965380e-03
30 17 2.929150e-03
30 18 4.414090e-03
30 19 6.729440e-03
30 20 1.041300e-02
30 21 1.634260e-02
30 22 2.606780e-02
30 23 4.222950e-02
30 24 6.942110e-02
30 25 1.156220e-01
30 26 1.944070e-01
30 27 3.285830e-01
30 28 5.553950e-01
30 29 9.328280e-01
30 30 1.361750e+00
30 31 1.193350e+00
30 32 8.107070e-01
30 33 4.609100e-01
30 34 2.080000e-01
30 35 6.969750e-02
30 36 1.594680e-02
30 37 2.240580e-03
30 38 1.695340e-04
30 39 6.949790e-06
30 40 2.176570e-07
31 1 1.301930e-05
31 2 5.922040e-06
31 3 8.764940e-06
31 4 1.199540e-05
31 5 1.722300e-05
31 6 2.452620e-05
31 7 3.482000e-05
31 8 4.976730e-05
31 9 7.081850e-05
31 10 1.018620e-04
31 11 1.462890e-04
31 12 2.112140e-04
31 13 3.062780e-04
31 14 4.481840e-04
31 15 6.589490e-04
31 16 9.798790e-04
31 17 1.471560e-03
31 18 2.237610e-03
31 19 3.448190e-03
31 20 5.404720e-03
31 21 8.607680e-03
31 22 1.395440e-02
31 23 2.300460e-02
31 24 3.852410e-02
31 25 6.546650e-02
31 26 1.128120e-01
31 27 1.962030e-01
31 28 3.423540e-01
31 29 5.951470e-01
31 30 1.021730e+00
31 31 1.487390e+00
31 32 1.210210e+00
31 33 7.277310e-01
31 34 3.517250e-01
31 35 1.279840e-01
31 36 3.227540e-02
31 37 5.079560e-03
31 38 4.374000e-04
31 39 1.858070e-05
31 40 7.379630e-07
32 1 4.496750e-06
32 2 2.382100e-06
32 3 3.613260e-06
32 4 4.994540e-06
32 5 7.189320e-06
32 6 1.025050e-05
32 7 1.457360e-05
32 8 2.086120e-05
32 9 2.973510e-05
32 10 4.286500e-05
32 11 6.173180e-05
32 12 8.943690e-05
32 13 1.302490e-04
32 14 1.916030e-04
32 15 2.835100e-04
32 16 4.248570e-04
32 17 6.440680e-04
32 18 9.905380e-04
32 19 1.547140e-03
32 20 2.463610e-03
32 21 3.997680e-03
32 22 6.625580e-03
32 23 1.120740e-02
32 24 1.931060e-02
32 25 3.380240e-02
32 26 5.998960e-02
32 27 1.077720e-01
32 28 1.951620e-01
32 29 3.535520e-01
32 30 6.346530e-01
32 31 1.116050e+00
32 32 1.617740e+00
32 33 1.205100e+00
32 34 6.253610e-01
32 35 2.482700e-01
32 36 6.953540e-02
32 37 1.239630e-02
32 38 1.235150e-03
32 39 5.924730e-05
32 40 2.401120e-06
33 1 1.305540e-06
33 2 7.257550e-07
33 3 1.148670e-06
33 4 1.662060e-06
33 5 2.497360e-06
33 6 3.638380e-06
33 7 5.211230e-06
33 8 7.481840e-06
33 9 1.069180e-05
33 10 1.545500e-05
33 11 2.232980e-05
33 12 3.248030e-05
33 13 4.753480e-05
33 14 7.034990e-05
33 15 1.048760e-04
33 16 1.586070e-04
33 17 2.431060e-04
33 18 3.788650e-04
33 19 6.012050e-04
33 20 9.755800e-04
33 21 1.618690e-03
33 22 2.753220e-03
33 23 4.799820e-03
33 24 8.568640e-03
33 25 1.559940e-02
33 26 2.873450e-02
33 27 5.354250e-02
33 28 1.009610e-01
33 29 1.916830e-01
33 30 3.625360e-01
33 31 6.743730e-01
33 32 1.215920e+00
33 33 1.749370e+00
33 34 1.173550e+00
33 35 5.098220e-01
33 36 1.595250e-01
33 37 3.250620e-02
33 38 3.796390e-03
33 39 2.164550e-04
33 40 6.459860e-06
34 1 2.508820e-07
34 2 1.436140e-07
34 3 2.376080e-07
34 4 3.634750e-07
34 5 5.824040e-07
34 6 9.188880e-07
34 7 1.406340e-06
34 8 2.114900e-06
34 9 3.112660e-06
34 10 4.577650e-06
34 11 6.668030e-06
34 12 9.756790e-06
34 13 1.437600e-05
34 14 2.145200e-05
34 15 3.229570e-05
34 16 4.941300e-05
34 17 7.679040e-05
34 18 1.216290e-04
34 19 1.966730e-04
34 20 3.260860e-04
34 21 5.544050e-04
34 22 9.693500e-04
34 23 1.743590e-03
34 24 3.226240e-03
34 25 6.130720e-03
34 26 1.189460e-02
34 27 2.332050e-02
34 28 4.618320e-02
34 29 9.247990e-02
34 30 1.858220e-01
34 31 3.694610e-01
34 32 7.147840e-01
34 33 1.322110e+00
34 34 1.878230e+00
34 35 1.112290e+00
34 36 3.901410e-01
34 37 9.155800e-02
34 38 1.267940e-02
34 39 8.832650e-04
34 40 2.722020e-05
35 1 4.178580e-08
35 2 2.391970e-08
35 3 3.957490e-08
35 4 6.053890e-08
35 5 9.700270e-08
35 6 1.540990e-07
35 7 2.437160e-07
35 8 3.873240e-07
35 9 6.108260e-07
35 10 9.661150e-07
35 11 1.496270e-06
35 12 2.270730e-06
35 13 3.410700e-06
35 14 5.161550e-06
35 15 7.886940e-06
35 16 1.227600e-05
35 17 1.945520e-05
35 18 3.149840e-05
35 19 5.218350e-05
35 20 8.885540e-05
35 21 1.555220e-04
35 22 2.806350e-04
35 23 5.222980e-04
35 24 1.003030e-03
35 25 1.986580e-03
35 26 4.033950e-03
35 27 8.352950e-03
35 28 1.766820e-02
35 29 3.801790e-02
35 30 8.240450e-02
35 31 1.775390e-01
35 32 3.740290e-01
35 33 7.556140e-01
35 34 1.433360e+00
35 35 2.000280e+00
35 36 1.022520e+00
35 37 2.769220e-01
35 38 4.585540e-02
35 39 3.967960e-03
35 40 1.512340e-04
36 1 5.844070e-09
36 2 3.345360e-09
36 3 5.534860e-09
36 4 8.466840e-09
36 5 1.356660e-08
36 6 2.155200e-08
36 7 3.408560e-08
36 8 5.417070e-08
36 9 8.550210e-08
36 10 1.360390e-07
36 11 2.153730e-07
36 12 3.412890e-07
36 13 5.401930e-07
36 14 8.567590e-07
36 15 1.354700e-06
36 16 2.155420e-06
36 17 3.477120e-06
36 18 5.741590e-06
36 19 9.737020e-06
36 20 1.707550e-05
36 21 3.097020e-05
36 22 5.830580e-05
36 23 1.140990e-04
36 24 2.323970e-04
36 25 4.928520e-04
36 26 1.085400e-03
36 27 2.450570e-03
36 28 5.581920e-03
36 29 1.283020e-02
36 30 2.993100e-02
36 31 7.049790e-02
36 32 1.645210e-01
36 33 3.717500e-01
36 34 7.921060e-01
36 35 1.549260e+00
36 36 2.115730e+00
36 37 9.079750e-01
36 38 1.794370e-01
36 39 1.944750e-02
36 40 9.702840e-04
37 1 9.239600e-10
37 2 5.289100e-10
37 3 8.750700e-10
37 4 1.338620e-09
37 5 2.144900e-09
37 6 3.407400e-09
37 7 5.388990e-09
37 8 8.564470e-09
37 9 1.351800e-08
37 10 2.150800e-08
37 11 3.405080e-08
37 12 5.395830e-08
37 13 8.542360e-08
37 14 1.356090e-07
37 15 2.146410e-07
37 16 3.404670e-07
37 17 5.396030e-07
37 18 8.608030e-07
37 19 1.419660e-06
37 20 2.424370e-06
37 21 4.370470e-06
37 22 8.412540e-06
37 23 1.726130e-05
37 24 3.739380e-05
37 25 8.546930e-05
37 26 2.057680e-04
37 27 5.190330e-04
37 28 1.338690e-03
37 29 3.450590e-03
37 30 8.832240e-03
37 31 2.262080e-02
37 32 5.838860e-02
37 33 1.492120e-01
37 34 3.653990e-01
37 35 8.268440e-01
37 36 1.669790e+00
37 37 2.216460e+00
37 38 7.739750e-01
37 39 1.044600e-01
37 40 6.946760e-03
38 1 2.319800e-10
38 2 1.327900e-10
38 3 2.197100e-10
38 4 3.360900e-10
38 5 5.385300e-10
38 6 8.555000e-10
38 7 1.353030e-09
38 8 2.150300e-09
38 9 3.394000e-09
38 10 5.400070e-09
38 11 8.549210e-09
38 12 1.354740e-08
38 13 2.144750e-08
38 14 3.404770e-08
38 15 5.389050e-08
38 16 8.548190e-08
38 17 1.354790e-07
38 18 2.147370e-07
38 19 3.400970e-07
38 20 5.393110e-07
38 21 8.551990e-07
38 22 1.370810e-06
38 23 2.330610e-06
38 24 4.505850e-06
38 25 1.023490e-05
38 26 2.692780e-05
38 27 7.788670e-05
38 28 2.373290e-04
38 29 7.112710e-04
38 30 2.044130e-03
38 31 5.769340e-03
38 32 1.633270e-02
38 33 4.669660e-02
38 34 1.322780e-01
38 35 3.551900e-01
38 36 8.598200e-01
38 37 1.793900e+00
38 38 2.296750e+00
38 39 6.308910e-01
38 40 5.552200e-02
39 1 7.162700e-11
39 2 4.100200e-11
39 3 6.783700e-11
39 4 1.037700e-10
39 5 1.662800e-10
39 6 2.641500e-10
39 7 4.177600e-10
39 8 6.639300e-10
39 9 1.047940e-09
39 10 1.667330e-09
39 11 2.639670e-09
39 12 4.182930e-09
39 13 6.622160e-09
39 14 1.051260e-08
39 15 1.663930e-08
39 16 2.639350e-08
39 17 4.183080e-08
39 18 6.630270e-08
39 19 1.050090e-07
39 20 1.665190e-07
39 21 2.638530e-07
39 22 4.182630e-07
39 23 6.629390e-07
39 24 1.056830e-06
39 25 1.754760e-06
39 26 3.293160e-06
39 27 8.020890e-06
39 28 2.609210e-05
39 29 9.810080e-05
39 30 3.490950e-04
39 31 1.129350e-03
39 32 3.533070e-03
39 33 1.113890e-02
39 34 3.582280e-02
39 35 1.144300e-01
39 36 3.417400e-01
39 37 8.917400e-01
39 38 1.920610e+00
39 39 2.351890e+00
39 40 5.145510e-01
40 1 2.005000e-11
40 2 1.147800e-11
40 3 1.898900e-11
40 4 2.904900e-11
40 5 4.654500e-11
40 6 7.394200e-11
40 7 1.169400e-10
40 8 1.858500e-10
40 9 2.933500e-10
40 10 4.667300e-10
40 11 7.389200e-10
40 12 1.170920e-09
40 13 1.853730e-09
40 14 2.942780e-09
40 15 4.657810e-09
40 16 7.388290e-09
40 17 1.170960e-08
40 18 1.856000e-08
40 19 2.939490e-08
40 20 4.661320e-08
40 21 7.385990e-08
40 22 1.170840e-07
40 23 1.855640e-07
40 24 2.940630e-07
40 25 4.660840e-07
40 26 7.421310e-07
40 27 1.243030e-06
40 28 2.498160e-06
40 29 7.245660e-06
40 30 3.036220e-05
40 31 1.283260e-04
40 32 4.806740e-04
40 33 1.746870e-03
40 34 6.525430e-03
40 35 2.518920e-02
40 36 9.530710e-02
40 37 3.257830e-01
40 38 9.256950e-01
40 39 2.050450e+00
40 40 2.748550e+00
