1 1 2.297530e-01
1 2 8.505890e-02
1 3 1.114630e-01
1 4 1.350120e-01
1 5 1.715440e-01
1 6 2.155630e-01
1 7 2.694360e-01
1 8 3.379620e-01
1 9 4.204550e-01
1 10 5.261790e-01
1 11 6.534050e-01
1 12 8.097150e-01
1 13 9.985960e-01
1 14 1.228510e+00
1 15 1.497330e+00
1 16 1.814310e+00
1 17 2.174030e+00
1 18 2.572380e+00
1 19 2.993390e+00
1 20 3.418060e+00
1 21 3.802540e+00
1 22 4.098960e+00
1 23 4.245200e+00
1 24 4.179530e+00
1 25 3.863180e+00
1 26 3.297960e+00
1 27 2.548490e+00
1 28 1.738130e+00
1 29 1.013850e+00
1 30 4.863470e-01
1 31 1.827620e-01
1 32 5.064970e-02
1 33 9.609740e-03
1 34 1.138410e-03
1 35 7.548710e-05
1 36 5.194840e-06
1 37 1.817630e-06
1 38 0.000000e+00
1 39 0.000000e+00
1 40 0.000000e+00
2 1 1.821550e-01
2 2 7.434910e-02
2 3 9.957430e-02
2 4 1.206440e-01
2 5 1.532870e-01
2 6 1.926220e-01
2 7 2.407630e-01
2 8 3.019970e-01
2 9 3.757150e-01
2 10 4.701910e-01
2 11 5.838880e-01
2 12 7.235760e-01
2 13 8.923620e-01
2 14 1.097840e+00
2 15 1.338080e+00
2 16 1.621440e+00
2 17 1.943000e+00
2 18 2.299050e+00
2 19 2.675420e+00
2 20 3.055180e+00
2 21 3.398930e+00
2 22 3.664640e+00
2 23 3.795570e+00
2 24 3.737460e+00
2 25 3.455270e+00
2 26 2.950480e+00
2 27 2.280700e+00
2 28 1.556120e+00
2 29 9.081440e-01
2 30 4.359120e-01
2 31 1.639340e-01
2 32 4.547200e-02
2 33 8.637750e-03
2 34 1.024790e-03
2 35 6.808950e-05
2 36 4.688790e-06
2 37 1.640920e-06
2 38 0.000000e+00
2 39 0.000000e+00
2 40 0.000000e+00
3 1 1.435580e-01
3 2 6.021430e-02
3 3 8.691490e-02
3 4 1.076560e-01
3 5 1.368090e-01
3 6 1.719160e-01
3 7 2.148830e-01
3 8 2.695350e-01
3 9 3.353320e-01
3 10 4.196570e-01
3 11 5.211400e-01
3 12 6.458270e-01
3 13 7.964860e-01
3 14 9.798990e-01
3 15 1.194360e+00
3 16 1.447340e+00
3 17 1.734490e+00
3 18 2.052410e+00
3 19 2.388520e+00
3 20 2.727750e+00
3 21 3.034860e+00
3 22 3.272700e+00
3 23 3.390060e+00
3 24 3.338840e+00
3 25 3.087520e+00
3 26 2.637260e+00
3 27 2.039420e+00
3 28 1.392210e+00
3 29 8.129990e-01
3 30 3.905500e-01
3 31 1.470150e-01
3 32 4.082610e-02
3 33 7.766970e-03
3 34 9.231810e-04
3 35 6.159930e-05
3 36 4.238570e-06
3 37 1.483520e-06
3 38 0.000000e+00
3 39 0.000000e+00
3 40 0.000000e+00
4 1 1.118500e-01
4 2 4.729370e-02
4 3 7.035300e-02
4 4 9.414040e-02
4 5 1.221570e-01
4 6 1.535220e-01
4 7 1.918920e-01
4 8 2.406990e-01
4 9 2.994580e-01
4 10 3.747660e-01
4 11 4.654000e-01
4 12 5.767590e-01
4 13 7.113290e-01
4 14 8.751460e-01
4 15 1.066720e+00
4 16 1.292660e+00
4 17 1.549290e+00
4 18 1.833370e+00
4 19 2.133780e+00
4 20 2.437010e+00
4 21 2.711740e+00
4 22 2.924610e+00
4 23 3.030260e+00
4 24 2.985220e+00
4 25 2.761340e+00
4 26 2.359550e+00
4 27 1.825590e+00
4 28 1.247030e+00
4 29 7.288050e-01
4 30 3.504480e-01
4 31 1.320740e-01
4 32 3.673230e-02
4 33 7.001370e-03
4 34 8.340560e-04
4 35 5.607190e-05
4 36 3.845400e-06
4 37 1.346220e-06
4 38 0.000000e+00
4 39 0.000000e+00
4 40 0.000000e+00
5 1 8.990570e-02
5 2 3.760200e-02
5 3 5.579020e-02
5 4 7.642490e-02
5 5 1.070210e-01
5 6 1.373150e-01
5 7 1.716480e-01
5 8 2.153080e-01
5 9 2.678720e-01
5 10 3.352390e-01
5 11 4.163210e-01
5 12 5.159480e-01
5 13 6.363470e-01
5 14 7.829230e-01
5 15 9.543410e-01
5 16 1.156520e+00
5 17 1.386220e+00
5 18 1.640570e+00
5 19 1.909590e+00
5 20 2.181190e+00
5 21 2.427430e+00
5 22 2.618440e+00
5 23 2.713780e+00
5 24 2.674300e+00
5 25 2.474700e+00
5 26 2.115620e+00
5 27 1.637860e+00
5 28 1.119680e+00
5 29 6.550210e-01
5 30 3.153480e-01
5 31 1.190200e-01
5 32 3.316350e-02
5 33 6.335600e-03
5 34 7.568320e-04
5 35 5.120300e-05
5 36 3.507610e-06
5 37 1.228250e-06
5 38 0.000000e+00
5 39 0.000000e+00
5 40 0.000000e+00
6 1 7.124940e-02
6 2 2.965260e-02
6 3 4.405340e-02
6 4 6.041630e-02
6 5 8.675640e-02
6 6 1.203620e-01
6 7 1.535670e-01
6 8 1.926380e-01
6 9 2.396710e-01
6 10 2.999490e-01
6 11 3.725040e-01
6 12 4.616580e-01
6 13 5.694050e-01
6 14 7.005950e-01
6 15 8.540260e-01
6 16 1.035020e+00
6 17 1.240650e+00
6 18 1.468520e+00
6 19 1.709550e+00
6 20 1.952990e+00
6 21 2.173830e+00
6 22 2.345480e+00
6 23 2.431610e+00
6 24 2.397230e+00
6 25 2.219430e+00
6 26 1.898560e+00
6 27 1.470900e+00
6 28 1.006540e+00
6 29 5.895600e-01
6 30 2.842590e-01
6 31 1.074860e-01
6 32 3.002000e-02
6 33 5.751190e-03
6 34 6.894060e-04
6 35 4.684590e-05
6 36 3.216270e-06
6 37 1.126560e-06
6 38 0.000000e+00
6 39 0.000000e+00
6 40 0.000000e+00
7 1 5.475430e-02
7 2 2.270990e-02
7 3 3.412940e-02
7 4 4.723830e-02
7 5 6.821350e-02
7 6 9.734880e-02
7 7 1.347360e-01
7 8 1.725080e-01
7 9 2.146350e-01
7 10 2.686220e-01
7 11 3.336080e-01
7 12 4.134660e-01
7 13 5.099860e-01
7 14 6.275150e-01
7 15 7.649950e-01
7 16 9.271980e-01
7 17 1.111480e+00
7 18 1.315830e+00
7 19 1.532060e+00
7 20 1.750590e+00
7 21 1.948980e+00
7 22 2.103490e+00
7 23 2.181600e+00
7 24 2.151830e+00
7 25 1.993480e+00
7 26 1.706630e+00
7 27 1.323440e+00
7 28 9.067150e-01
7 29 5.319020e-01
7 30 2.569410e-01
7 31 9.738170e-02
7 32 2.727610e-02
7 33 5.243840e-03
7 34 6.313360e-04
7 35 4.313940e-05
7 36 2.969920e-06
7 37 1.040660e-06
7 38 0.000000e+00
7 39 0.000000e+00
7 40 0.000000e+00
8 1 4.272630e-02
8 2 1.772610e-02
8 3 2.666690e-02
8 4 3.701330e-02
8 5 5.357390e-02
8 6 7.657720e-02
8 7 1.088160e-01
8 8 1.514360e-01
8 9 1.923900e-01
8 10 2.407910e-01
8 11 2.990530e-01
8 12 3.706550e-01
8 13 4.572030e-01
8 14 5.626030e-01
8 15 6.859190e-01
8 16 8.314290e-01
8 17 9.968050e-01
8 18 1.180240e+00
8 19 1.374510e+00
8 20 1.570960e+00
8 21 1.749510e+00
8 22 1.888910e+00
8 23 1.960010e+00
8 24 1.934470e+00
8 25 1.793520e+00
8 26 1.536940e+00
8 27 1.193280e+00
8 28 8.187370e-01
8 29 4.812020e-01
8 30 2.329940e-01
8 31 8.855910e-02
8 32 2.489300e-02
8 33 4.806500e-03
8 34 5.817980e-04
8 35 4.001820e-05
8 36 2.835690e-06
8 37 1.327890e-06
8 38 0.000000e+00
8 39 0.000000e+00
8 40 0.000000e+00
9 1 3.485500e-02
9 2 1.417300e-02
9 3 2.096640e-02
9 4 2.889310e-02
9 5 4.198230e-02
9 6 6.025850e-02
9 7 8.577370e-02
9 8 1.224970e-01
9 9 1.693150e-01
9 10 2.163100e-01
9 11 2.686590e-01
9 12 3.330000e-01
9 13 4.107820e-01
9 14 5.055200e-01
9 15 6.163790e-01
9 16 7.472280e-01
9 17 8.960160e-01
9 18 1.061070e+00
9 19 1.236090e+00
9 20 1.413150e+00
9 21 1.574410e+00
9 22 1.700680e+00
9 23 1.765740e+00
9 24 1.744100e+00
9 25 1.618580e+00
9 26 1.388710e+00
9 27 1.079840e+00
9 28 7.422340e-01
9 29 4.372590e-01
9 30 2.123300e-01
9 31 8.099160e-02
9 32 2.286550e-02
9 33 4.438630e-03
9 34 5.407940e-04
9 35 3.750940e-05
9 36 2.827300e-06
9 37 1.445560e-06
9 38 0.000000e+00
9 39 0.000000e+00
9 40 0.000000e+00
10 1 2.718230e-02
10 2 1.103680e-02
10 3 1.639650e-02
10 4 2.264460e-02
10 5 3.288340e-02
10 6 4.726550e-02
10 7 6.740170e-02
10 8 9.634850e-02
10 9 1.367080e-01
10 10 1.905580e-01
10 11 2.417000e-01
10 12 2.996010e-01
10 13 3.696100e-01
10 14 4.548960e-01
10 15 5.547250e-01
10 16 6.725900e-01
10 17 8.066690e-01
10 18 9.555150e-01
10 19 1.113430e+00
10 20 1.273480e+00
10 21 1.419470e+00
10 22 1.534180e+00
10 23 1.594020e+00
10 24 1.576060e+00
10 25 1.464370e+00
10 26 1.258260e+00
10 27 9.802380e-01
10 28 6.753350e-01
10 29 3.989750e-01
10 30 1.944300e-01
10 31 7.448850e-02
10 32 2.114220e-02
10 33 4.131040e-03
10 34 5.073230e-04
10 35 3.606080e-05
10 36 2.842620e-06
10 37 0.000000e+00
10 38 0.000000e+00
10 39 0.000000e+00
10 40 0.000000e+00
11 1 2.086510e-02
11 2 8.469330e-03
11 3 1.255220e-02
11 4 1.729520e-02
11 5 2.513340e-02
11 6 3.636980e-02
11 7 5.228320e-02
11 8 7.515790e-02
11 9 1.070210e-01
11 10 1.534680e-01
11 11 2.132650e-01
11 12 2.702080e-01
11 13 3.333790e-01
11 14 4.103550e-01
11 15 5.004810e-01
11 16 6.069390e-01
11 17 7.281080e-01
11 18 8.627350e-01
11 19 1.005660e+00
11 20 1.150840e+00
11 21 1.283510e+00
11 22 1.388200e+00
11 23 1.443670e+00
11 24 1.429120e+00
11 25 1.329790e+00
11 26 1.144710e+00
11 27 8.938110e-01
11 28 6.175680e-01
11 29 3.661140e-01
11 30 1.791960e-01
11 31 6.902020e-02
11 32 1.971820e-02
11 33 3.883580e-03
11 34 4.815390e-04
11 35 3.505840e-05
11 36 2.830890e-06
11 37 0.000000e+00
11 38 0.000000e+00
11 39 0.000000e+00
11 40 0.000000e+00
12 1 1.696520e-02
12 2 6.876340e-03
12 3 1.014980e-02
12 4 1.388000e-02
12 5 1.993260e-02
12 6 2.837770e-02
12 7 4.053400e-02
12 8 5.853400e-02
12 9 8.373980e-02
12 10 1.203380e-01
12 11 1.718990e-01
12 12 2.391640e-01
12 13 3.017160e-01
12 14 3.714320e-01
12 15 4.530900e-01
12 16 5.496030e-01
12 17 6.595280e-01
12 18 7.817620e-01
12 19 9.117330e-01
12 20 1.043970e+00
12 21 1.165190e+00
12 22 1.261350e+00
12 23 1.313300e+00
12 24 1.301930e+00
12 25 1.213630e+00
12 26 1.047090e+00
12 27 8.198790e-01
12 28 5.684900e-01
12 29 3.384620e-01
12 30 1.665450e-01
12 31 6.456640e-02
12 32 1.859180e-02
12 33 3.696900e-03
12 34 4.636700e-04
12 35 3.424240e-05
12 36 2.779830e-06
12 37 0.000000e+00
12 38 0.000000e+00
12 39 0.000000e+00
12 40 0.000000e+00
13 1 1.248320e-02
13 2 5.062000e-03
13 3 7.471700e-03
13 4 1.020540e-02
13 5 1.465930e-02
13 6 2.101350e-02
13 7 3.023650e-02
13 8 4.403840e-02
13 9 6.386800e-02
13 10 9.279180e-02
13 11 1.334770e-01
13 12 1.918430e-01
13 13 2.676040e-01
13 14 3.373850e-01
13 15 4.116420e-01
13 16 4.994490e-01
13 17 5.995870e-01
13 18 7.110510e-01
13 19 8.297490e-01
13 20 9.507470e-01
13 21 1.062130e+00
13 22 1.151050e+00
13 23 1.200070e+00
13 24 1.191810e+00
13 25 1.113430e+00
13 26 9.632550e-01
13 27 7.567990e-01
13 28 5.269650e-01
13 29 3.153720e-01
13 30 1.561760e-01
13 31 6.102210e-02
13 32 1.773870e-02
13 33 3.567970e-03
13 34 4.536920e-04
13 35 3.403190e-05
13 36 2.784040e-06
13 37 0.000000e+00
13 38 0.000000e+00
13 39 0.000000e+00
13 40 0.000000e+00
14 1 1.048050e-02
14 2 4.248050e-03
14 3 6.268250e-03
14 4 8.559630e-03
14 5 1.226340e-02
14 6 1.743840e-02
14 7 2.477200e-02
14 8 3.542090e-02
14 9 5.039750e-02
14 10 7.279840e-02
14 11 1.045690e-01
14 12 1.500220e-01
14 13 2.150920e-01
14 14 3.004110e-01
14 15 3.756360e-01
14 16 4.559270e-01
14 17 5.475430e-01
14 18 6.497400e-01
14 19 7.587750e-01
14 20 8.701860e-01
14 21 9.732760e-01
14 22 1.056220e+00
14 23 1.103030e+00
14 24 1.097900e+00
14 25 1.028490e+00
14 26 8.928200e-01
14 27 7.044110e-01
14 28 4.930130e-01
14 29 2.969450e-01
14 30 1.481920e-01
14 31 5.845070e-02
14 32 1.718440e-02
14 33 3.503420e-03
14 34 4.526380e-04
14 35 3.453750e-05
14 36 2.849170e-06
14 37 0.000000e+00
14 38 0.000000e+00
14 39 0.000000e+00
14 40 0.000000e+00
15 1 8.158280e-03
15 2 3.307160e-03
15 3 4.880480e-03
15 4 6.664200e-03
15 5 9.545610e-03
15 6 1.355550e-02
15 7 1.920150e-02
15 8 2.745590e-02
15 9 3.922500e-02
15 10 5.665710e-02
15 11 8.132930e-02
15 12 1.167100e-01
15 13 1.673390e-01
15 14 2.409600e-01
15 15 3.359040e-01
15 16 4.184860e-01
15 17 5.028570e-01
15 18 5.970290e-01
15 19 6.978700e-01
15 20 8.012580e-01
15 21 8.973860e-01
15 22 9.755530e-01
15 23 1.020870e+00
15 24 1.018780e+00
15 25 9.575420e-01
15 26 8.345990e-01
15 27 6.618180e-01
15 28 4.660620e-01
15 29 2.828460e-01
15 30 1.424600e-01
15 31 5.682170e-02
15 32 1.692990e-02
15 33 3.506800e-03
15 34 4.616410e-04
15 35 3.591820e-05
15 36 2.986250e-06
15 37 0.000000e+00
15 38 0.000000e+00
15 39 0.000000e+00
15 40 0.000000e+00
16 1 6.192430e-03
16 2 2.511210e-03
16 3 3.706130e-03
16 4 5.061370e-03
16 5 7.250250e-03
16 6 1.029600e-02
16 7 1.456940e-02
16 8 2.077880e-02
16 9 2.961360e-02
16 10 4.280020e-02
16 11 6.180510e-02
16 12 8.937140e-02
16 13 1.288510e-01
16 14 1.861800e-01
16 15 2.686260e-01
16 16 3.763160e-01
16 17 4.652100e-01
16 18 5.528360e-01
16 19 6.467630e-01
16 20 7.435860e-01
16 21 8.341410e-01
16 22 9.086800e-01
16 23 9.532530e-01
16 24 9.542320e-01
16 25 9.004140e-01
16 26 7.886190e-01
16 27 6.290880e-01
16 28 4.462720e-01
16 29 2.732590e-01
16 30 1.391340e-01
16 31 5.622670e-02
16 32 1.701690e-02
16 33 3.590720e-03
16 34 4.831020e-04
16 35 3.797500e-05
16 36 3.073100e-06
16 37 0.000000e+00
16 38 0.000000e+00
16 39 0.000000e+00
16 40 0.000000e+00
17 1 4.941810e-03
17 2 2.003710e-03
17 3 2.957200e-03
17 4 4.038180e-03
17 5 5.784550e-03
17 6 8.213010e-03
17 7 1.162030e-02
17 8 1.654870e-02
17 9 2.347770e-02
17 10 3.370370e-02
17 11 4.831290e-02
17 12 6.944440e-02
17 13 9.976560e-02
17 14 1.438930e-01
17 15 2.073450e-01
17 16 3.004100e-01
17 17 4.207740e-01
17 18 5.157420e-01
17 19 6.042220e-01
17 20 6.957000e-01
17 21 7.819140e-01
17 22 8.539740e-01
17 23 8.986100e-01
17 24 9.028940e-01
17 25 8.560310e-01
17 26 7.541270e-01
17 27 6.058910e-01
17 28 4.336000e-01
17 29 2.683150e-01
17 30 1.383760e-01
17 31 5.678320e-02
17 32 1.749950e-02
17 33 3.771880e-03
17 34 5.201770e-04
17 35 4.159970e-05
17 36 3.141000e-06
17 37 1.651880e-06
17 38 0.000000e+00
17 39 0.000000e+00
17 40 0.000000e+00
18 1 3.728110e-03
18 2 1.512090e-03
18 3 2.231730e-03
18 4 3.047960e-03
18 5 4.366670e-03
18 6 6.201300e-03
18 7 8.775700e-03
18 8 1.249140e-02
18 9 1.769830e-02
18 10 2.536990e-02
18 11 3.635040e-02
18 12 5.237430e-02
18 13 7.560980e-02
18 14 1.094830e-01
18 15 1.582450e-01
18 16 2.298380e-01
18 17 3.347410e-01
18 18 4.701910e-01
18 19 5.701460e-01
18 20 6.577220e-01
18 21 7.409140e-01
18 22 8.115560e-01
18 23 8.570680e-01
18 24 8.648960e-01
18 25 8.245350e-01
18 26 7.313170e-01
18 27 5.924610e-01
18 28 4.283030e-01
18 29 2.683060e-01
18 30 1.404210e-01
18 31 5.864670e-02
18 32 1.845480e-02
18 33 4.076120e-03
18 34 5.783470e-04
18 35 4.773990e-05
18 36 3.458440e-06
18 37 1.224960e-06
18 38 0.000000e+00
18 39 0.000000e+00
18 40 0.000000e+00
19 1 2.674550e-03
19 2 1.085880e-03
19 3 1.603010e-03
19 4 2.189900e-03
19 5 3.138410e-03
19 6 4.458810e-03
19 7 6.312570e-03
19 8 8.990510e-03
19 9 1.273680e-02
19 10 1.823900e-02
19 11 2.611770e-02
19 12 3.769570e-02
19 13 5.477930e-02
19 14 8.039610e-02
19 15 1.177650e-01
19 16 1.725880e-01
19 17 2.530640e-01
19 18 3.722640e-01
19 19 5.252970e-01
19 20 6.301320e-01
19 21 7.118140e-01
19 22 7.821530e-01
19 23 8.294130e-01
19 24 8.411610e-01
19 25 8.069330e-01
19 26 7.212320e-01
19 27 5.898280e-01
19 28 4.313230e-01
19 29 2.739970e-01
19 30 1.458160e-01
19 31 6.213280e-02
19 32 2.002320e-02
19 33 4.548180e-03
19 34 6.668440e-04
19 35 5.711180e-05
19 36 4.148620e-06
19 37 1.469860e-06
19 38 0.000000e+00
19 39 0.000000e+00
19 40 0.000000e+00
20 1 2.104850e-03
20 2 8.541080e-04
20 3 1.260770e-03
20 4 1.722190e-03
20 5 2.467580e-03
20 6 3.505430e-03
20 7 4.962290e-03
20 8 7.065360e-03
20 9 1.000640e-02
20 10 1.430770e-02
20 11 2.039690e-02
20 12 2.920380e-02
20 13 4.194690e-02
20 14 6.064160e-02
20 15 8.818150e-02
20 16 1.294880e-01
20 17 1.902230e-01
20 18 2.801760e-01
20 19 4.141890e-01
20 20 5.861600e-01
20 21 6.917460e-01
20 22 7.631340e-01
20 23 8.133050e-01
20 24 8.298740e-01
20 25 8.020310e-01
20 26 7.235140e-01
20 27 5.983710e-01
20 28 4.435530e-01
20 29 2.864050e-01
20 30 1.554040e-01
20 31 6.775170e-02
20 32 2.242860e-02
20 33 5.255120e-03
20 34 7.984300e-04
20 35 7.107310e-05
20 36 5.146730e-06
20 37 1.821300e-06
20 38 0.000000e+00
20 39 0.000000e+00
20 40 0.000000e+00
21 1 1.582900e-03
21 2 6.425880e-04
21 3 9.485760e-04
21 4 1.295720e-03
21 5 1.856880e-03
21 6 2.637970e-03
21 7 3.734540e-03
21 8 5.318690e-03
21 9 7.533960e-03
21 10 1.077500e-02
21 11 1.536540e-02
21 12 2.199670e-02
21 13 3.159570e-02
21 14 4.577330e-02
21 15 6.644330e-02
21 16 9.696010e-02
21 17 1.419400e-01
21 18 2.088620e-01
21 19 3.088990e-01
21 20 4.602360e-01
21 21 6.526630e-01
21 22 7.567360e-01
21 23 8.111100e-01
21 24 8.333720e-01
21 25 8.122330e-01
21 26 7.404440e-01
21 27 6.202080e-01
21 28 4.668660e-01
21 29 3.070610e-01
21 30 1.703100e-01
21 31 7.618500e-02
21 32 2.599420e-02
21 33 6.307290e-03
21 34 9.975870e-04
21 35 9.250130e-05
21 36 6.353870e-06
21 37 1.449430e-06
21 38 0.000000e+00
21 39 0.000000e+00
21 40 0.000000e+00
22 1 1.137880e-03
22 2 4.623010e-04
22 3 6.825290e-04
22 4 9.325150e-04
22 5 1.336640e-03
22 6 1.899410e-03
22 7 2.690100e-03
22 8 3.832860e-03
22 9 5.432430e-03
22 10 7.774880e-03
22 11 1.109540e-02
22 12 1.589270e-02
22 13 2.283290e-02
22 14 3.308230e-02
22 15 4.808970e-02
22 16 7.039170e-02
22 17 1.033770e-01
22 18 1.526310e-01
22 19 2.265730e-01
22 20 3.389210e-01
22 21 5.100850e-01
22 22 7.268070e-01
22 23 8.246480e-01
22 24 8.539700e-01
22 25 8.402010e-01
22 26 7.748310e-01
22 27 6.582580e-01
22 28 5.040560e-01
22 29 3.383910e-01
22 30 1.923320e-01
22 31 8.855330e-02
22 32 3.125280e-02
22 33 7.887950e-03
22 34 1.305580e-03
22 35 1.274250e-04
22 36 8.273900e-06
22 37 4.627000e-07
22 38 3.328270e-09
22 39 0.000000e+00
22 40 0.000000e+00
23 1 7.760970e-04
23 2 3.153440e-04
23 3 4.656990e-04
23 4 6.364360e-04
23 5 9.125420e-04
23 6 1.297420e-03
23 7 1.838420e-03
23 8 2.621220e-03
23 9 3.718460e-03
23 10 5.327810e-03
23 11 7.613660e-03
23 12 1.092360e-02
23 13 1.571550e-02
23 14 2.278200e-02
23 15 3.315190e-02
23 16 4.874560e-02
23 17 7.221790e-02
23 18 1.077660e-01
23 19 1.615020e-01
23 20 2.436820e-01
23 21 3.696940e-01
23 22 5.644420e-01
23 23 8.085380e-01
23 24 8.943880e-01
23 25 8.892430e-01
23 26 8.304570e-01
23 27 7.165330e-01
23 28 5.590490e-01
23 29 3.838820e-01
23 30 2.241520e-01
23 31 1.065670e-01
23 32 3.905310e-02
23 33 1.030260e-02
23 34 1.795120e-03
23 35 1.857880e-04
23 36 1.171920e-05
23 37 5.817260e-07
23 38 6.839050e-09
23 39 0.000000e+00
23 40 0.000000e+00
24 1 5.318670e-04
24 2 2.164130e-04
24 3 3.196210e-04
24 4 4.369290e-04
24 5 6.266800e-04
24 6 8.912290e-04
24 7 1.263490e-03
24 8 1.802480e-03
24 9 2.558530e-03
24 10 3.668960e-03
24 11 5.248850e-03
24 12 7.540570e-03
24 13 1.086520e-02
24 14 1.577170e-02
24 15 2.296290e-02
24 16 3.376440e-02
24 17 5.004690e-02
24 18 7.487110e-02
24 19 1.128430e-01
24 20 1.713840e-01
24 21 2.618770e-01
24 22 4.030400e-01
24 23 6.236550e-01
24 24 8.970070e-01
24 25 9.628970e-01
24 26 9.121920e-01
24 27 8.007340e-01
24 28 6.380010e-01
24 29 4.492910e-01
24 30 2.703670e-01
24 31 1.332060e-01
24 32 5.090170e-02
24 33 1.410020e-02
24 34 2.599620e-03
24 35 2.869440e-04
24 36 1.773970e-05
24 37 6.355690e-07
24 38 1.314060e-08
24 39 0.000000e+00
24 40 0.000000e+00
25 1 3.479530e-04
25 2 1.419380e-04
25 3 2.096950e-04
25 4 2.867250e-04
25 5 4.113930e-04
25 6 5.853850e-04
25 7 8.303480e-04
25 8 1.185430e-03
25 9 1.684340e-03
25 10 2.418030e-03
25 11 3.464060e-03
25 12 4.985530e-03
25 13 7.199610e-03
25 14 1.047810e-02
25 15 1.529640e-02
25 16 2.254860e-02
25 17 3.353010e-02
25 18 5.036810e-02
25 19 7.634140e-02
25 20 1.168380e-01
25 21 1.800900e-01
25 22 2.798720e-01
25 23 4.377890e-01
25 24 6.879060e-01
25 25 9.935590e-01
25 26 1.028950e+00
25 27 9.204930e-01
25 28 7.503660e-01
25 29 5.432040e-01
25 30 3.378780e-01
25 31 1.731390e-01
25 32 6.930040e-02
25 33 2.026410e-02
25 34 3.978840e-03
25 35 4.721230e-04
25 36 3.045910e-05
25 37 1.155820e-06
25 38 2.824180e-08
25 39 1.362570e-09
25 40 0.000000e+00
26 1 1.993180e-04
26 2 8.170770e-05
26 3 1.207660e-04
26 4 1.652200e-04
26 5 2.372130e-04
26 6 3.378270e-04
26 7 4.797140e-04
26 8 6.857650e-04
26 9 9.760010e-04
26 10 1.404070e-03
26 11 2.016670e-03
26 12 2.911650e-03
26 13 4.221020e-03
26 14 6.172420e-03
26 15 9.062080e-03
26 16 1.344000e-02
26 17 2.010450e-02
26 18 3.045120e-02
26 19 4.674070e-02
26 20 7.286310e-02
26 21 1.149740e-01
26 22 1.831660e-01
26 23 2.931790e-01
26 24 4.709720e-01
26 25 7.576010e-01
26 26 1.102190e+00
26 27 1.094300e+00
26 28 9.129940e-01
26 29 6.800180e-01
26 30 4.378740e-01
26 31 2.339360e-01
26 32 9.845570e-02
26 33 3.057300e-02
26 34 6.448730e-03
26 35 8.329970e-04
26 36 5.834060e-05
26 37 2.334800e-06
26 38 6.998220e-08
26 39 3.323240e-09
26 40 0.000000e+00
27 1 1.204590e-04
27 2 5.002380e-05
27 3 7.394800e-05
27 4 1.012070e-04
27 5 1.453720e-04
27 6 2.071110e-04
27 7 2.943000e-04
27 8 4.210800e-04
27 9 5.998860e-04
27 10 8.641290e-04
27 11 1.243150e-03
27 12 1.798320e-03
27 13 2.613570e-03
27 14 3.833660e-03
27 15 5.649870e-03
27 16 8.419010e-03
27 17 1.266140e-02
27 18 1.926220e-02
27 19 2.966180e-02
27 20 4.636330e-02
27 21 7.340910e-02
27 22 1.177880e-01
27 23 1.908790e-01
27 24 3.112080e-01
27 25 5.092200e-01
27 26 8.323760e-01
27 27 1.211840e+00
27 28 1.144950e+00
27 29 8.808210e-01
27 30 5.900760e-01
27 31 3.304410e-01
27 32 1.470350e-01
27 33 4.874230e-02
27 34 1.109100e-02
27 35 1.563640e-03
27 36 1.203660e-04
27 37 5.086750e-06
27 38 1.787500e-07
27 39 8.046930e-09
27 40 0.000000e+00
28 1 6.376530e-05
28 2 2.689050e-05
28 3 3.977160e-05
28 4 5.445710e-05
28 5 7.827240e-05
28 6 1.116190e-04
28 7 1.587550e-04
28 8 2.274010e-04
28 9 3.244630e-04
28 10 4.683040e-04
28 11 6.753880e-04
28 12 9.800530e-04
28 13 1.429760e-03
28 14 2.107050e-03
28 15 3.123270e-03
28 16 4.687260e-03
28 17 7.109770e-03
28 18 1.092410e-02
28 19 1.700780e-02
28 20 2.690890e-02
28 21 4.318630e-02
28 22 7.044280e-02
28 23 1.164820e-01
28 24 1.943210e-01
28 25 3.259300e-01
28 26 5.471030e-01
28 27 9.135370e-01
28 28 1.331680e+00
28 29 1.185230e+00
28 30 8.268530e-01
28 31 4.868280e-01
28 32 2.300390e-01
28 33 8.189900e-02
28 34 2.026930e-02
28 35 3.154260e-03
28 36 2.718780e-04
28 37 1.221810e-05
28 38 4.871690e-07
28 39 2.108390e-08
28 40 0.000000e+00
29 1 2.849280e-05
29 2 1.257110e-05
29 3 1.860730e-05
29 4 2.549720e-05
29 5 3.667180e-05
29 6 5.233430e-05
29 7 7.451960e-05
29 8 1.068910e-04
29 9 1.527700e-04
29 10 2.209570e-04
29 11 3.194820e-04
29 12 4.651070e-04
29 13 6.813140e-04
29 14 1.009220e-03
29 15 1.505700e-03
29 16 2.277850e-03
29 17 3.489910e-03
29 18 5.428960e-03
29 19 8.579350e-03
29 20 1.381250e-02
29 21 2.261050e-02
29 22 3.769360e-02
29 23 6.395380e-02
29 24 1.100990e-01
29 25 1.915180e-01
29 26 3.344190e-01
29 27 5.818820e-01
29 28 1.000320e+00
29 29 1.463080e+00
29 30 1.211360e+00
29 31 7.500360e-01
29 32 3.771660e-01
29 33 1.448700e-01
29 34 3.930250e-02
29 35 6.826640e-03
29 36 6.702370e-04
29 37 3.274370e-05
29 38 1.384280e-06
29 39 5.943010e-08
29 40 0.000000e+00
30 1 1.270840e-05
30 2 5.679130e-06
30 3 8.421220e-06
30 4 1.155710e-05
30 5 1.664080e-05
30 6 2.377780e-05
30 7 3.390500e-05
30 8 4.872260e-05
30 9 6.979690e-05
30 10 1.012320e-04
30 11 1.468900e-04
30 12 2.147830e-04
30 13 3.163190e-04
30 14 4.716840e-04
30 15 7.094520e-04
30 16 1.084010e-03
30 17 1.680840e-03
30 18 2.652650e-03
30 19 4.264180e-03
30 20 7.004720e-03
30 21 1.173130e-02
30 22 2.001930e-02
30 23 3.470780e-02
30 24 6.099610e-02
30 25 1.084500e-01
30 26 1.944980e-01
30 27 3.494810e-01
30 28 6.233450e-01
30 29 1.091550e+00
30 30 1.588150e+00
30 31 1.210600e+00
30 32 6.516630e-01
30 33 2.717850e-01
30 34 8.133660e-02
30 35 1.585170e-02
30 36 1.780150e-03
30 37 9.923620e-05
30 38 3.391390e-06
30 39 1.661690e-07
30 40 0.000000e+00
31 1 4.037680e-06
31 2 2.084170e-06
31 3 3.143180e-06
31 4 4.345520e-06
31 5 6.277860e-06
31 6 8.990470e-06
31 7 1.284780e-05
31 8 1.851050e-05
31 9 2.659860e-05
31 10 3.872730e-05
31 11 5.646330e-05
31 12 8.303740e-05
31 13 1.231560e-04
31 14 1.852080e-04
31 15 2.813590e-04
31 16 4.349780e-04
31 17 6.838680e-04
31 18 1.096880e-03
31 19 1.796950e-03
31 20 3.017110e-03
31 21 5.185800e-03
31 22 9.125860e-03
31 23 1.636920e-02
31 24 2.979940e-02
31 25 5.491040e-02
31 26 1.022870e-01
31 27 1.919290e-01
31 28 3.594670e-01
31 29 6.637030e-01
31 30 1.191150e+00
31 31 1.719120e+00
31 32 1.184540e+00
31 33 5.382570e-01
31 34 1.789200e-01
31 35 3.954710e-02
31 36 5.151440e-03
31 37 3.395840e-04
31 38 1.025470e-05
31 39 4.736470e-07
31 40 0.000000e+00
32 1 8.580320e-07
32 2 4.911670e-07
32 3 8.096980e-07
32 4 1.217490e-06
32 5 1.865830e-06
32 6 2.748060e-06
32 7 3.971650e-06
32 8 5.747360e-06
32 9 8.287820e-06
32 10 1.211620e-05
32 11 1.775130e-05
32 12 2.626210e-05
32 13 3.923510e-05
32 14 5.953180e-05
32 15 9.144320e-05
32 16 1.432920e-04
32 17 2.289810e-04
32 18 3.744800e-04
32 19 6.277950e-04
32 20 1.083290e-03
32 21 1.922750e-03
32 22 3.515030e-03
32 23 6.599140e-03
32 24 1.263900e-02
32 25 2.449420e-02
32 26 4.776820e-02
32 27 9.400730e-02
32 28 1.861310e-01
32 29 3.660530e-01
32 30 7.031380e-01
32 31 1.295960e+00
32 32 1.850080e+00
32 33 1.130580e+00
32 34 4.184750e-01
32 35 1.056330e-01
32 36 1.615220e-02
32 37 1.287220e-03
32 38 4.479560e-05
32 39 1.402120e-06
32 40 1.081170e-08
33 1 1.457020e-07
33 2 8.340500e-08
33 3 1.379930e-07
33 4 2.110910e-07
33 5 3.382360e-07
33 6 5.372580e-07
33 7 8.468010e-07
33 8 1.325950e-06
33 9 2.004820e-06
33 10 2.996150e-06
33 11 4.439030e-06
33 12 6.620200e-06
33 13 9.977250e-06
33 14 1.530110e-05
33 15 2.380820e-05
33 16 3.789500e-05
33 17 6.171000e-05
33 18 1.032440e-04
33 19 1.778510e-04
33 20 3.169330e-04
33 21 5.841340e-04
33 22 1.115700e-03
33 23 2.205360e-03
33 24 4.491480e-03
33 25 9.315940e-03
33 26 1.929990e-02
33 27 4.011200e-02
33 28 8.425320e-02
33 29 1.777390e-01
33 30 3.697840e-01
33 31 7.423050e-01
33 32 1.405790e+00
33 33 1.975970e+00
33 34 1.047660e+00
33 35 3.026180e-01
33 36 5.473090e-02
33 37 5.347040e-03
33 38 2.341180e-04
33 39 5.470380e-06
33 40 1.879850e-07
34 1 2.096810e-08
34 2 1.200290e-08
34 3 1.985870e-08
34 4 3.037840e-08
34 5 4.867600e-08
34 6 7.732690e-08
34 7 1.222970e-07
34 8 1.943610e-07
34 9 3.067760e-07
34 10 4.880990e-07
34 11 7.727630e-07
34 12 1.221050e-06
34 13 1.908360e-06
34 14 2.989810e-06
34 15 4.732720e-06
34 16 7.673630e-06
34 17 1.278510e-05
34 18 2.196620e-05
34 19 3.900950e-05
34 20 7.195230e-05
34 21 1.378720e-04
34 22 2.751230e-04
34 23 5.712980e-04
34 24 1.232180e-03
34 25 2.746250e-03
34 26 6.239790e-03
34 27 1.411510e-02
34 28 3.196640e-02
34 29 7.309670e-02
34 30 1.668070e-01
34 31 3.708700e-01
34 32 7.819250e-01
34 33 1.521910e+00
34 34 2.091230e+00
34 35 9.372300e-01
34 36 2.007680e-01
34 37 2.426720e-02
34 38 1.374810e-03
34 39 3.102780e-05
34 40 1.018980e-06
35 1 3.140960e-09
35 2 1.798000e-09
35 3 2.974770e-09
35 4 4.550600e-09
35 5 7.291520e-09
35 6 1.158330e-08
35 7 1.831970e-08
35 8 2.911460e-08
35 9 4.595410e-08
35 10 7.311580e-08
35 11 1.157540e-07
35 12 1.834290e-07
35 13 2.903970e-07
35 14 4.621580e-07
35 15 7.384640e-07
35 16 1.199440e-06
35 17 2.012720e-06
35 18 3.518010e-06
35 19 6.399130e-06
35 20 1.222240e-05
35 21 2.443270e-05
35 22 5.104540e-05
35 23 1.113740e-04
35 24 2.536260e-04
35 25 6.011550e-04
35 26 1.461230e-03
35 27 3.611440e-03
35 28 9.146690e-03
35 29 2.357660e-02
35 30 6.078820e-02
35 31 1.534420e-01
35 32 3.692050e-01
35 33 8.218360e-01
35 34 1.642130e+00
35 35 2.191040e+00
35 36 8.065630e-01
35 37 1.202910e-01
35 38 8.915380e-03
35 39 2.602990e-04
35 40 3.478000e-06
36 1 5.368400e-10
36 2 3.073100e-10
36 3 5.084400e-10
36 4 7.777700e-10
36 5 1.246250e-09
36 6 1.979790e-09
36 7 3.131150e-09
36 8 4.976190e-09
36 9 7.854340e-09
36 10 1.249670e-08
36 11 1.978440e-08
36 12 3.135120e-08
36 13 4.963340e-08
36 14 7.879260e-08
36 15 1.247130e-07
36 16 1.978210e-07
36 17 3.140320e-07
36 18 5.143240e-07
36 19 8.763290e-07
36 20 1.550080e-06
36 21 2.946960e-06
36 22 6.168870e-06
36 23 1.423950e-05
36 24 3.558690e-05
36 25 9.450650e-05
36 26 2.639430e-04
36 27 7.498440e-04
36 28 2.106310e-03
36 29 5.925020e-03
36 30 1.694080e-02
36 31 4.872330e-02
36 32 1.366580e-01
36 33 3.601030e-01
36 34 8.556490e-01
36 35 1.764930e+00
36 36 2.276180e+00
36 37 6.651960e-01
36 38 6.376640e-02
36 39 2.606380e-03
36 40 3.527720e-05
37 1 1.916500e-10
37 2 1.097100e-10
37 3 1.815100e-10
37 4 2.776600e-10
37 5 4.449000e-10
37 6 7.067700e-10
37 7 1.117790e-09
37 8 1.776460e-09
37 9 2.803930e-09
37 10 4.461230e-09
37 11 7.062860e-09
37 12 1.119210e-08
37 13 1.771870e-08
37 14 2.812830e-08
37 15 4.452130e-08
37 16 7.062030e-08
37 17 1.119250e-07
37 18 1.774040e-07
37 19 2.809680e-07
37 20 4.455480e-07
37 21 7.063200e-07
37 22 1.129360e-06
37 23 1.870570e-06
37 24 3.671730e-06
37 25 9.425340e-06
37 26 2.913070e-05
37 27 9.957260e-05
37 28 3.421300e-04
37 29 1.132140e-03
37 30 3.641370e-03
37 31 1.166250e-02
37 32 3.766460e-02
37 33 1.187520e-01
37 34 3.468960e-01
37 35 8.870860e-01
37 36 1.890510e+00
37 37 2.338590e+00
37 38 5.231970e-01
37 39 2.932180e-02
37 40 5.862680e-04
38 1 4.505800e-11
38 2 2.579300e-11
38 3 4.267400e-11
38 4 6.528000e-11
38 5 1.046000e-10
38 6 1.661700e-10
38 7 2.628000e-10
38 8 4.176600e-10
38 9 6.592300e-10
38 10 1.048880e-09
38 11 1.660550e-09
38 12 2.631370e-09
38 13 4.165830e-09
38 14 6.613220e-09
38 15 1.046740e-08
38 16 1.660350e-08
38 17 2.631470e-08
38 18 4.170930e-08
38 19 6.605830e-08
38 20 1.047520e-07
38 21 1.659830e-07
38 22 2.631190e-07
38 23 4.171810e-07
38 24 6.714590e-07
38 25 1.178710e-06
38 26 2.756410e-06
38 27 9.670900e-06
38 28 4.231090e-05
38 29 1.711890e-04
38 30 6.181490e-04
38 31 2.161980e-03
38 32 7.689480e-03
38 33 2.801960e-02
38 34 1.005430e-01
38 35 3.300970e-01
38 36 9.162610e-01
38 37 2.017460e+00
38 38 2.374700e+00
38 39 3.920700e-01
38 40 1.151050e-02
39 1 1.948000e-11
39 2 1.115100e-11
39 3 1.844900e-11
39 4 2.822200e-11
39 5 4.522100e-11
39 6 7.183900e-11
39 7 1.136200e-10
39 8 1.805700e-10
39 9 2.850000e-10
39 10 4.534600e-10
39 11 7.179000e-10
39 12 1.137620e-09
39 13 1.801010e-09
39 14 2.859080e-09
39 15 4.525340e-09
39 16 7.178150e-09
39 17 1.137660e-08
39 18 1.803210e-08
39 19 2.855890e-08
39 20 4.528740e-08
39 21 7.175920e-08
39 22 1.137540e-07
39 23 1.802860e-07
39 24 2.857000e-07
39 25 4.528680e-07
39 26 7.274020e-07
39 27 1.316900e-06
39 28 3.593620e-06
39 29 1.661340e-05
39 30 7.715930e-05
39 31 3.083980e-04
39 32 1.187770e-03
39 33 4.736780e-03
39 34 1.982860e-02
39 35 8.268360e-02
39 36 3.106360e-01
39 37 9.444570e-01
39 38 2.144290e+00
39 39 2.382830e+00
39 40 2.840510e-01
40 1 9.956500e-12
40 2 5.699500e-12
40 3 9.429700e-12
40 4 1.442500e-11
40 5 2.311300e-11
40 6 3.671800e-11
40 7 5.807100e-11
40 8 9.229000e-11
40 9 1.456700e-10
40 10 2.317700e-10
40 11 3.669300e-10
40 12 5.814500e-10
40 13 9.205200e-10
40 14 1.461310e-09
40 15 2.312960e-09
40 16 3.668840e-09
40 17 5.814710e-09
40 18 9.216430e-09
40 19 1.459680e-08
40 20 2.314700e-08
40 21 3.667700e-08
40 22 5.814080e-08
40 23 9.214660e-08
40 24 1.460250e-07
40 25 2.314460e-07
40 26 3.668150e-07
40 27 5.813580e-07
40 28 9.255070e-07
40 29 1.643360e-06
40 30 4.882590e-06
40 31 2.180280e-05
40 32 9.819170e-05
40 33 4.568740e-04
40 34 2.289020e-03
40 35 1.224560e-02
40 36 6.414990e-02
40 37 2.885060e-01
40 38 9.755530e-01
40 39 2.271670e+00
40 40 2.555060e+00
