1 3.571340e+01
2 3.196720e+01
3 2.859240e+01
4 2.560180e+01
5 2.297660e+01
6 2.064170e+01
7 1.857820e+01
8 1.675520e+01
9 1.516310e+01
10 1.376200e+01
11 1.254020e+01
12 1.148520e+01
13 1.057100e+01
14 9.790510e+00
15 9.125250e+00
16 8.567270e+00
17 8.101470e+00
18 7.715980e+00
19 7.403270e+00
20 7.148640e+00
21 6.944390e+00
22 6.781980e+00
23 6.651820e+00
24 6.548540e+00
25 6.466720e+00
26 6.401650e+00
27 6.349780e+00
28 6.308900e+00
29 6.276130e+00
30 6.250130e+00
31 6.229640e+00
32 6.213220e+00
33 6.200250e+00
34 6.189900e+00
35 6.181740e+00
36 6.175180e+00
37 6.170020e+00
38 6.165890e+00
39 6.162660e+00
40 6.160040e+00
