1 1.296750e-01
2 1.156980e-01
3 1.030590e-01
4 9.180730e-02
5 8.187280e-02
6 7.297170e-02
7 6.503370e-02
8 5.794110e-02
9 5.165720e-02
10 4.603050e-02
11 4.101570e-02
12 3.656670e-02
13 3.258490e-02
14 2.904580e-02
15 2.588240e-02
16 2.307190e-02
17 2.056360e-02
18 1.832230e-02
19 1.633570e-02
20 1.455660e-02
21 1.297260e-02
22 1.156590e-02
23 1.030620e-02
24 9.184980e-03
25 8.187800e-03
26 7.298110e-03
27 6.502840e-03
28 5.797830e-03
29 5.165090e-03
30 4.601210e-03
31 4.101640e-03
32 3.653880e-03
33 3.257000e-03
34 2.902270e-03
35 2.588290e-03
36 2.306340e-03
37 2.057940e-03
38 1.835750e-03
39 1.638270e-03
40 1.457590e-03
