1 1.294670e-01
2 1.155140e-01
3 1.028980e-01
4 9.166680e-02
5 8.175060e-02
6 7.286630e-02
7 6.494350e-02
8 5.786470e-02
9 5.159350e-02
10 4.597830e-02
11 4.097400e-02
12 3.653440e-02
13 3.256100e-02
14 2.902930e-02
15 2.587200e-02
16 2.306640e-02
17 2.056160e-02
18 1.832250e-02
19 1.633660e-02
20 1.455710e-02
21 1.297190e-02
22 1.156390e-02
23 1.030350e-02
24 9.182700e-03
25 8.187190e-03
26 7.299480e-03
27 6.505400e-03
28 5.800580e-03
29 5.167320e-03
30 4.601940e-03
31 4.100980e-03
32 3.653190e-03
33 3.256740e-03
34 2.902190e-03
35 2.588130e-03
36 2.305640e-03
37 2.057140e-03
38 1.836440e-03
39 1.639200e-03
40 1.457350e-03
