1 1.296620e-01
2 1.156860e-01
3 1.030490e-01
4 9.179800e-02
5 8.186460e-02
6 7.296450e-02
7 6.502730e-02
8 5.793550e-02
9 5.165230e-02
10 4.602620e-02
11 4.101190e-02
12 3.656340e-02
13 3.258210e-02
14 2.904340e-02
15 2.588030e-02
16 2.307020e-02
17 2.056220e-02
18 1.832110e-02
19 1.633470e-02
20 1.455580e-02
21 1.297200e-02
22 1.156550e-02
23 1.030600e-02
24 9.184990e-03
25 8.188060e-03
26 7.298600e-03
27 6.503480e-03
28 5.798480e-03
29 5.165550e-03
30 4.601380e-03
31 4.101560e-03
32 3.653730e-03
33 3.256900e-03
34 2.902220e-03
35 2.588200e-03
36 2.306100e-03
37 2.057790e-03
38 1.835910e-03
39 1.638500e-03
40 1.457570e-03
