1 1 1.450920e-01
1 2 5.379680e-02
1 3 7.064730e-02
1 4 8.570090e-02
1 5 1.090910e-01
1 6 1.374070e-01
1 7 1.722550e-01
1 8 2.168700e-01
1 9 2.710730e-01
1 10 3.412370e-01
1 11 4.269040e-01
1 12 5.339910e-01
1 13 6.663260e-01
1 14 8.319610e-01
1 15 1.033050e+00
1 16 1.281420e+00
1 17 1.581610e+00
1 18 1.942300e+00
1 19 2.368310e+00
1 20 2.867970e+00
1 21 3.435140e+00
1 22 4.063870e+00
1 23 4.729780e+00
1 24 5.393850e+00
1 25 5.997150e+00
1 26 6.457720e+00
1 27 6.680350e+00
1 28 6.567590e+00
1 29 6.058340e+00
1 30 5.159520e+00
1 31 3.974900e+00
1 32 2.700520e+00
1 33 1.567760e+00
1 34 7.475670e-01
1 35 2.788210e-01
1 36 7.656400e-02
1 37 1.436180e-02
1 38 1.677370e-03
1 39 1.091670e-04
1 40 6.102470e-06
2 1 1.153270e-01
2 2 4.676960e-02
2 3 6.301180e-02
2 4 7.651030e-02
2 5 9.739190e-02
2 6 1.226710e-01
2 7 1.537830e-01
2 8 1.936120e-01
2 9 2.420020e-01
2 10 3.046420e-01
2 11 3.811250e-01
2 12 4.767310e-01
2 13 5.948780e-01
2 14 7.427400e-01
2 15 9.222640e-01
2 16 1.144010e+00
2 17 1.412010e+00
2 18 1.734070e+00
2 19 2.114480e+00
2 20 2.560580e+00
2 21 3.066960e+00
2 22 3.628340e+00
2 23 4.222940e+00
2 24 4.815970e+00
2 25 5.354710e+00
2 26 5.766140e+00
2 27 5.965320e+00
2 28 5.865010e+00
2 29 5.410680e+00
2 30 4.608420e+00
2 31 3.550800e+00
2 32 2.412780e+00
2 33 1.401000e+00
2 34 6.682210e-01
2 35 2.493060e-01
2 36 6.848650e-02
2 37 1.285290e-02
2 38 1.501950e-03
2 39 9.783550e-05
2 40 5.471860e-06
3 1 9.099480e-02
3 2 3.807730e-02
3 3 5.474460e-02
3 4 6.815850e-02
3 5 8.682110e-02
3 6 1.093560e-01
3 7 1.370910e-01
3 8 1.725980e-01
3 9 2.157350e-01
3 10 2.715770e-01
3 11 3.397590e-01
3 12 4.249910e-01
3 13 5.303170e-01
3 14 6.621300e-01
3 15 8.221690e-01
3 16 1.019850e+00
3 17 1.258780e+00
3 18 1.545910e+00
3 19 1.885100e+00
3 20 2.282850e+00
3 21 2.734310e+00
3 22 3.234840e+00
3 23 3.765030e+00
3 24 4.293860e+00
3 25 4.774470e+00
3 26 5.141420e+00
3 27 5.319400e+00
3 28 5.230400e+00
3 29 4.825720e+00
3 30 4.110730e+00
3 31 3.167850e+00
3 32 2.153010e+00
3 33 1.250480e+00
3 34 5.966260e-01
3 35 2.226850e-01
3 36 6.120390e-02
3 37 1.149290e-02
3 38 1.343990e-03
3 39 8.765970e-05
3 40 5.581850e-06
4 1 7.097440e-02
4 2 2.996360e-02
4 3 4.451010e-02
4 4 5.934440e-02
4 5 7.737530e-02
4 6 9.751240e-02
4 7 1.222430e-01
4 8 1.539050e-01
4 9 1.923710e-01
4 10 2.421650e-01
4 11 3.029630e-01
4 12 3.789660e-01
4 13 4.728850e-01
4 14 5.904340e-01
4 15 7.331410e-01
4 16 9.094110e-01
4 17 1.122480e+00
4 18 1.378530e+00
4 19 1.681030e+00
4 20 2.035830e+00
4 21 2.438450e+00
4 22 2.884850e+00
4 23 3.357750e+00
4 24 3.829480e+00
4 25 4.258660e+00
4 26 4.585920e+00
4 27 4.745050e+00
4 28 4.666140e+00
4 29 4.305680e+00
4 30 3.668350e+00
4 31 2.827530e+00
4 32 1.922210e+00
4 33 1.116800e+00
4 34 5.330600e-01
4 35 1.990600e-01
4 36 5.474480e-02
4 37 1.028700e-02
4 38 1.204130e-03
4 39 7.868600e-05
4 40 6.573910e-06
5 1 5.711210e-02
5 2 2.385110e-02
5 3 3.536050e-02
5 4 4.837100e-02
5 5 6.752030e-02
5 6 8.703370e-02
5 7 1.091490e-01
5 8 1.374190e-01
5 9 1.717650e-01
5 10 2.162250e-01
5 11 2.705110e-01
5 12 3.383740e-01
5 13 4.222370e-01
5 14 5.272000e-01
5 15 6.546290e-01
5 16 8.120210e-01
5 17 1.002270e+00
5 18 1.230930e+00
5 19 1.501060e+00
5 20 1.817970e+00
5 21 2.177550e+00
5 22 2.576230e+00
5 23 2.998620e+00
5 24 3.420040e+00
5 25 3.803580e+00
5 26 4.096330e+00
5 27 4.238710e+00
5 28 4.168770e+00
5 29 3.847350e+00
5 30 3.278530e+00
5 31 2.527710e+00
5 32 1.718950e+00
5 33 9.991080e-01
5 34 4.771260e-01
5 35 1.782850e-01
5 36 4.906730e-02
5 37 9.228490e-03
5 38 1.081520e-03
5 39 7.081730e-05
5 40 6.788710e-06
6 1 4.533150e-02
6 2 1.883780e-02
6 3 2.796440e-02
6 4 3.831570e-02
6 5 5.493510e-02
6 6 7.599460e-02
6 7 9.740800e-02
6 8 1.226690e-01
6 9 1.533290e-01
6 10 1.930170e-01
6 11 2.414780e-01
6 12 3.020580e-01
6 13 3.769240e-01
6 14 4.706230e-01
6 15 5.843870e-01
6 16 7.248980e-01
6 17 8.947350e-01
6 18 1.098890e+00
6 19 1.340040e+00
6 20 1.623050e+00
6 21 1.944160e+00
6 22 2.300150e+00
6 23 2.677390e+00
6 24 3.053860e+00
6 25 3.396290e+00
6 26 3.658610e+00
6 27 3.785960e+00
6 28 3.724100e+00
6 29 3.437670e+00
6 30 2.930170e+00
6 31 2.259870e+00
6 32 1.537430e+00
6 33 8.940630e-01
6 34 4.272340e-01
6 35 1.597670e-01
6 36 4.401010e-02
6 37 8.287430e-03
6 38 9.727110e-04
6 39 6.383000e-05
6 40 6.125030e-06
7 1 3.491770e-02
7 2 1.445910e-02
7 3 2.171030e-02
7 4 3.001850e-02
7 5 4.329980e-02
7 6 6.167590e-02
7 7 8.512730e-02
7 8 1.095190e-01
7 9 1.369160e-01
7 10 1.723570e-01
7 11 2.156320e-01
7 12 2.697280e-01
7 13 3.365840e-01
7 14 4.202590e-01
7 15 5.218550e-01
7 16 6.473400e-01
7 17 7.990220e-01
7 18 9.813360e-01
7 19 1.196740e+00
7 20 1.449510e+00
7 21 1.736440e+00
7 22 2.054440e+00
7 23 2.391490e+00
7 24 2.727990e+00
7 25 3.034150e+00
7 26 3.268790e+00
7 27 3.383230e+00
7 28 3.328640e+00
7 29 3.073370e+00
7 30 2.620490e+00
7 31 2.021870e+00
7 32 1.376220e+00
7 33 8.008250e-01
7 34 3.829850e-01
7 35 1.433540e-01
7 36 3.953540e-02
7 37 7.456330e-03
7 38 8.767850e-04
7 39 5.768700e-05
7 40 5.542190e-06
8 1 2.731760e-02
8 2 1.131510e-02
8 3 1.700580e-02
8 4 2.357800e-02
8 5 3.408470e-02
8 6 4.865540e-02
8 7 6.898120e-02
8 8 9.574450e-02
8 9 1.222700e-01
8 10 1.539370e-01
8 11 1.925870e-01
8 12 2.409050e-01
8 13 3.006170e-01
8 14 3.753550e-01
8 15 4.661020e-01
8 16 5.781910e-01
8 17 7.136920e-01
8 18 8.765460e-01
8 19 1.068990e+00
8 20 1.294800e+00
8 21 1.551250e+00
8 22 1.835440e+00
8 23 2.136700e+00
8 24 2.437580e+00
8 25 2.711520e+00
8 26 2.921540e+00
8 27 3.024540e+00
8 28 2.976510e+00
8 29 2.749080e+00
8 30 2.344890e+00
8 31 1.810150e+00
8 32 1.232900e+00
8 33 7.180020e-01
8 34 3.437140e-01
8 35 1.288070e-01
8 36 3.557700e-02
8 37 6.722500e-03
8 38 7.922910e-04
8 39 5.240640e-05
8 40 5.031640e-06
9 1 2.235020e-02
9 2 9.075070e-03
9 3 1.341460e-02
9 4 1.846670e-02
9 5 2.679470e-02
9 6 3.839400e-02
9 7 5.455680e-02
9 8 7.770800e-02
9 9 1.071230e-01
9 10 1.376520e-01
9 11 1.722260e-01
9 12 2.154370e-01
9 13 2.688400e-01
9 14 3.356810e-01
9 15 4.168420e-01
9 16 5.170970e-01
9 17 6.382960e-01
9 18 7.839810e-01
9 19 9.561290e-01
9 20 1.158140e+00
9 21 1.387610e+00
9 22 1.642030e+00
9 23 1.911700e+00
9 24 2.181150e+00
9 25 2.426690e+00
9 26 2.615160e+00
9 27 2.708040e+00
9 28 2.665920e+00
9 29 2.463200e+00
9 30 2.102000e+00
9 31 1.623670e+00
9 32 1.106770e+00
9 33 6.451960e-01
9 34 3.092370e-01
9 35 1.160600e-01
9 36 3.211740e-02
9 37 6.082790e-03
9 38 7.188920e-04
9 39 4.798240e-05
9 40 4.591230e-06
10 1 1.750180e-02
10 2 7.095870e-03
10 3 1.053170e-02
10 4 1.452830e-02
10 5 2.106900e-02
10 6 3.023220e-02
10 7 4.302360e-02
10 8 6.136420e-02
10 9 8.679070e-02
10 10 1.206420e-01
10 11 1.540520e-01
10 12 1.927140e-01
10 13 2.404860e-01
10 14 3.002840e-01
10 15 3.728930e-01
10 16 4.625910e-01
10 17 5.710290e-01
10 18 7.013960e-01
10 19 8.554480e-01
10 20 1.036270e+00
10 21 1.241630e+00
10 22 1.469520e+00
10 23 1.711070e+00
10 24 1.952550e+00
10 25 2.172750e+00
10 26 2.342080e+00
10 27 2.426030e+00
10 28 2.389250e+00
10 29 2.208700e+00
10 30 1.886000e+00
10 31 1.457890e+00
10 32 9.947650e-01
10 33 5.806230e-01
10 34 2.787090e-01
10 35 1.047990e-01
10 36 2.906940e-02
10 37 5.521210e-03
10 38 6.548080e-04
10 39 4.398660e-05
10 40 4.211160e-06
11 1 1.350910e-02
11 2 5.474120e-03
11 3 8.105900e-03
11 4 1.115550e-02
11 5 1.618680e-02
11 6 2.338200e-02
11 7 3.353910e-02
11 8 4.808710e-02
11 9 6.827120e-02
11 10 9.752220e-02
11 11 1.351070e-01
11 12 1.725490e-01
11 13 2.153330e-01
11 14 2.688800e-01
11 15 3.339050e-01
11 16 4.142380e-01
11 17 5.113620e-01
11 18 6.281360e-01
11 19 7.661510e-01
11 20 9.281720e-01
11 21 1.112200e+00
11 22 1.316540e+00
11 23 1.533210e+00
11 24 1.749940e+00
11 25 1.947720e+00
11 26 2.100170e+00
11 27 2.176290e+00
11 28 2.144380e+00
11 29 1.983600e+00
11 30 1.695140e+00
11 31 1.311590e+00
11 32 8.960220e-01
11 33 5.237940e-01
11 34 2.519070e-01
11 35 9.494330e-02
11 36 2.641200e-02
11 37 5.034230e-03
11 38 5.996780e-04
11 39 4.050640e-05
11 40 4.670710e-06
12 1 1.104760e-02
12 2 4.470700e-03
12 3 6.593180e-03
12 4 9.006380e-03
12 5 1.291660e-02
12 6 1.835930e-02
12 7 2.616760e-02
12 8 3.768310e-02
12 9 5.373100e-02
12 10 7.691530e-02
12 11 1.093530e-01
12 12 1.516420e-01
12 13 1.931400e-01
12 14 2.411780e-01
12 15 2.995120e-01
12 16 3.715870e-01
12 17 4.587340e-01
12 18 5.635250e-01
12 19 6.874030e-01
12 20 8.328390e-01
12 21 9.981110e-01
12 22 1.181630e+00
12 23 1.376450e+00
12 24 1.571440e+00
12 25 1.749540e+00
12 26 1.887210e+00
12 27 1.956550e+00
12 28 1.929100e+00
12 29 1.785850e+00
12 30 1.527650e+00
12 31 1.183450e+00
12 32 8.096720e-01
12 33 4.742190e-01
12 34 2.286030e-01
12 35 8.641050e-02
12 36 2.412430e-02
12 37 4.618310e-03
12 38 5.531280e-04
12 39 3.760060e-05
12 40 6.109290e-06
13 1 8.211450e-03
13 2 3.323830e-03
13 3 4.901080e-03
13 4 6.686010e-03
13 5 9.588340e-03
13 6 1.371630e-02
13 7 1.968640e-02
13 8 2.858530e-02
13 9 4.130840e-02
13 10 5.976020e-02
13 11 8.553110e-02
13 12 1.222010e-01
13 13 1.698030e-01
13 14 2.165740e-01
13 15 2.689690e-01
13 16 3.337090e-01
13 17 4.120000e-01
13 18 5.061540e-01
13 19 6.174780e-01
13 20 7.482140e-01
13 21 8.968400e-01
13 22 1.061930e+00
13 23 1.237370e+00
13 24 1.413090e+00
13 25 1.573840e+00
13 26 1.698490e+00
13 27 1.761950e+00
13 28 1.738590e+00
13 29 1.611050e+00
13 30 1.379770e+00
13 31 1.070530e+00
13 32 7.337680e-01
13 33 4.307630e-01
13 34 2.082590e-01
13 35 7.900260e-02
13 36 2.215320e-02
13 37 4.263910e-03
13 38 5.140730e-04
13 39 3.523010e-05
13 40 6.281890e-06
14 1 6.942500e-03
14 2 2.809990e-03
14 3 4.142840e-03
14 4 5.650430e-03
14 5 8.084500e-03
14 6 1.147640e-02
14 7 1.626550e-02
14 8 2.319470e-02
14 9 3.289070e-02
14 10 4.731040e-02
14 11 6.761730e-02
14 12 9.642390e-02
14 13 1.372510e-01
14 14 1.908600e-01
14 15 2.420570e-01
14 16 3.003360e-01
14 17 3.708270e-01
14 18 4.556160e-01
14 19 5.558920e-01
14 20 6.736950e-01
14 21 8.076790e-01
14 22 9.566070e-01
14 23 1.115010e+00
14 24 1.273840e+00
14 25 1.419440e+00
14 26 1.532750e+00
14 27 1.591260e+00
14 28 1.571690e+00
14 29 1.458160e+00
14 30 1.250710e+00
14 31 9.722350e-01
14 32 6.679470e-01
14 33 3.932490e-01
14 34 1.908070e-01
14 35 7.270230e-02
14 36 2.049670e-02
14 37 3.971140e-03
14 38 4.826060e-04
14 39 3.347890e-05
14 40 5.979830e-06
15 1 5.469220e-03
15 2 2.213830e-03
15 3 3.264080e-03
15 4 4.452030e-03
15 5 6.367750e-03
15 6 9.026550e-03
15 7 1.275790e-02
15 8 1.818990e-02
15 9 2.589470e-02
15 10 3.724110e-02
15 11 5.318370e-02
15 12 7.585200e-02
15 13 1.079540e-01
15 14 1.540740e-01
15 15 2.136950e-01
15 16 2.708750e-01
15 17 3.344800e-01
15 18 4.110100e-01
15 19 5.015440e-01
15 20 6.079430e-01
15 21 7.290380e-01
15 22 8.637430e-01
15 23 1.007130e+00
15 24 1.151190e+00
15 25 1.283560e+00
15 26 1.387000e+00
15 27 1.441320e+00
15 28 1.425280e+00
15 29 1.324290e+00
15 30 1.138010e+00
15 31 8.866590e-01
15 32 6.109350e-01
15 33 3.609450e-01
15 34 1.759070e-01
15 35 6.738730e-02
15 36 1.912340e-02
15 37 3.734830e-03
15 38 4.582840e-04
15 39 3.287690e-05
15 40 5.862060e-06
16 1 4.220460e-03
16 2 1.708870e-03
16 3 2.519540e-03
16 4 3.436730e-03
16 5 4.915630e-03
16 6 6.966820e-03
16 7 9.835120e-03
16 8 1.398480e-02
16 9 1.985700e-02
16 10 2.856670e-02
16 11 4.102090e-02
16 12 5.892460e-02
16 13 8.429190e-02
16 14 1.206620e-01
16 15 1.721820e-01
16 16 2.397400e-01
16 17 3.027160e-01
16 18 3.720300e-01
16 19 4.540640e-01
16 20 5.505240e-01
16 21 6.603790e-01
16 22 7.826900e-01
16 23 9.130590e-01
16 24 1.044300e+00
16 25 1.165270e+00
16 26 1.260300e+00
16 27 1.311100e+00
16 28 1.298490e+00
16 29 1.208660e+00
16 30 1.041020e+00
16 31 8.133780e-01
16 32 5.624250e-01
16 33 3.337230e-01
16 34 1.635130e-01
16 35 6.305030e-02
16 36 1.803550e-02
16 37 3.556490e-03
16 38 4.414760e-04
16 39 3.235230e-05
16 40 5.785110e-06
17 1 3.424590e-03
17 2 1.386520e-03
17 3 2.044280e-03
17 4 2.788150e-03
17 5 3.987980e-03
17 6 5.652000e-03
17 7 7.977740e-03
17 8 1.132820e-02
17 9 1.601320e-02
17 10 2.288510e-02
17 11 3.262510e-02
17 12 4.658550e-02
17 13 6.639830e-02
17 14 9.485260e-02
17 15 1.351210e-01
17 16 1.931560e-01
17 17 2.686580e-01
17 18 3.379070e-01
17 19 4.125110e-01
17 20 5.002950e-01
17 21 6.003200e-01
17 22 7.118760e-01
17 23 8.309620e-01
17 24 9.510630e-01
17 25 1.062260e+00
17 26 1.150180e+00
17 27 1.198210e+00
17 28 1.188880e+00
17 29 1.109130e+00
17 30 9.579550e-01
17 31 7.510880e-01
17 32 5.215920e-01
17 33 3.111380e-01
17 34 1.534370e-01
17 35 5.963590e-02
17 36 1.722260e-02
17 37 3.435450e-03
17 38 4.323210e-04
17 39 3.215280e-05
17 40 5.777010e-06
18 1 2.649030e-03
18 2 1.072370e-03
18 3 1.581150e-03
18 4 2.156680e-03
18 5 3.084680e-03
18 6 4.372000e-03
18 7 6.171240e-03
18 8 8.756620e-03
18 9 1.235940e-02
18 10 1.763120e-02
18 11 2.511470e-02
18 12 3.593080e-02
18 13 5.142770e-02
18 14 7.372620e-02
18 15 1.053020e-01
18 16 1.507480e-01
18 17 2.159380e-01
18 18 3.008760e-01
18 19 3.764110e-01
18 20 4.566740e-01
18 21 5.482270e-01
18 22 6.504810e-01
18 23 7.598370e-01
18 24 8.704330e-01
18 25 9.733220e-01
18 26 1.055360e+00
18 27 1.101320e+00
18 28 1.095110e+00
18 29 1.024450e+00
18 30 8.878290e-01
18 31 6.990350e-01
18 32 4.879510e-01
18 33 2.929370e-01
18 34 1.455860e-01
18 35 5.712350e-02
18 36 1.668600e-02
18 37 3.374110e-03
18 38 4.315290e-04
18 39 3.265610e-05
18 40 5.893280e-06
19 1 1.965970e-03
19 2 7.962600e-04
19 3 1.174130e-03
19 4 1.601620e-03
19 5 2.291070e-03
19 6 3.247560e-03
19 7 4.584690e-03
19 8 6.506660e-03
19 9 9.177690e-03
19 10 1.307150e-02
19 11 1.859430e-02
19 12 2.662390e-02
19 13 3.832750e-02
19 14 5.562890e-02
19 15 8.042710e-02
19 16 1.160980e-01
19 17 1.672030e-01
19 18 2.409770e-01
19 19 3.367370e-01
19 20 4.195610e-01
19 21 5.039660e-01
19 22 5.983550e-01
19 23 6.995450e-01
19 24 8.022270e-01
19 25 8.982540e-01
19 26 9.756310e-01
19 27 1.020160e+00
19 28 1.017090e+00
19 29 9.545760e-01
19 30 8.306150e-01
19 31 6.572900e-01
19 32 4.616280e-01
19 33 2.792400e-01
19 34 1.400630e-01
19 35 5.557630e-02
19 36 1.645410e-02
19 37 3.381160e-03
19 38 4.407490e-04
19 39 3.377180e-05
19 40 6.105960e-06
20 1 1.600570e-03
20 2 6.484930e-04
20 3 9.561350e-04
20 4 1.304210e-03
20 5 1.865680e-03
20 6 2.644180e-03
20 7 3.732320e-03
20 8 5.295620e-03
20 9 7.466890e-03
20 10 1.062020e-02
20 11 1.504120e-02
20 12 2.136240e-02
20 13 3.039100e-02
20 14 4.342540e-02
20 15 6.226350e-02
20 16 8.993020e-02
20 17 1.296210e-01
20 18 1.867940e-01
20 19 2.694650e-01
20 20 3.771130e-01
20 21 4.659440e-01
20 22 5.536840e-01
20 23 6.480000e-01
20 24 7.441080e-01
20 25 8.345620e-01
20 26 9.083840e-01
20 27 9.522300e-01
20 28 9.523810e-01
20 29 8.974710e-01
20 30 7.848050e-01
20 31 6.248260e-01
20 32 4.421180e-01
20 33 2.698710e-01
20 34 1.368610e-01
20 35 5.502960e-02
20 36 1.655040e-02
20 37 3.464570e-03
20 38 4.615100e-04
20 39 3.566740e-05
20 40 6.418380e-06
21 1 1.258490e-03
21 2 5.097620e-04
21 3 7.516510e-04
21 4 1.025260e-03
21 5 1.466490e-03
21 6 2.078660e-03
21 7 2.934240e-03
21 8 4.163400e-03
21 9 5.870670e-03
21 10 8.348700e-03
21 11 1.182240e-02
21 12 1.678220e-02
21 13 2.385870e-02
21 14 3.414150e-02
21 15 4.883990e-02
21 16 7.004490e-02
21 17 1.004690e-01
21 18 1.444420e-01
21 19 2.080350e-01
21 20 3.011190e-01
21 21 4.215260e-01
21 22 5.165840e-01
21 23 6.054060e-01
21 24 6.963100e-01
21 25 7.824580e-01
21 26 8.538750e-01
21 27 8.978430e-01
21 28 9.013570e-01
21 29 8.534690e-01
21 30 7.507210e-01
21 31 6.020020e-01
21 32 4.297460e-01
21 33 2.651180e-01
21 34 1.361940e-01
21 35 5.561150e-02
21 36 1.703320e-02
21 37 3.642710e-03
21 38 4.974660e-04
21 39 3.933930e-05
21 40 5.763600e-06
22 1 9.597400e-04
22 2 3.890600e-04
22 3 5.736690e-04
22 4 7.824900e-04
22 5 1.119300e-03
22 6 1.586520e-03
22 7 2.239540e-03
22 8 3.178100e-03
22 9 4.481880e-03
22 10 6.374770e-03
22 11 9.028720e-03
22 12 1.281240e-02
22 13 1.820060e-02
22 14 2.601670e-02
22 15 3.721580e-02
22 16 5.345180e-02
22 17 7.677450e-02
22 18 1.104880e-01
22 19 1.593290e-01
22 20 2.308430e-01
22 21 3.357010e-01
22 22 4.712150e-01
22 23 5.715320e-01
22 24 6.585670e-01
22 25 7.418130e-01
22 26 8.119010e-01
22 27 8.568600e-01
22 28 8.640130e-01
22 29 8.226840e-01
22 30 7.286140e-01
22 31 5.892020e-01
22 32 4.249310e-01
22 33 2.654130e-01
22 34 1.383840e-01
22 35 5.751660e-02
22 36 1.799010e-02
22 37 3.942820e-03
22 38 5.540010e-04
22 39 4.520500e-05
22 40 4.550540e-06
23 1 7.068320e-04
23 2 2.865280e-04
23 3 4.224870e-04
23 4 5.763380e-04
23 5 8.244630e-04
23 6 1.168680e-03
23 7 1.650010e-03
23 8 2.341710e-03
23 9 3.303190e-03
23 10 4.699640e-03
23 11 6.657860e-03
23 12 9.452310e-03
23 13 1.342520e-02
23 14 1.916200e-02
23 15 2.737790e-02
23 16 3.940390e-02
23 17 5.695090e-02
23 18 8.261530e-02
23 19 1.198770e-01
23 20 1.745060e-01
23 21 2.546920e-01
23 22 3.734970e-01
23 23 5.263520e-01
23 24 6.304140e-01
23 25 7.120860e-01
23 26 7.818570e-01
23 27 8.286990e-01
23 28 8.399020e-01
23 29 8.048690e-01
23 30 7.184870e-01
23 31 5.866490e-01
23 32 4.280770e-01
23 33 2.712050e-01
23 34 1.438190e-01
23 35 6.099800e-02
23 36 1.954120e-02
23 37 4.404210e-03
23 38 6.392760e-04
23 39 5.409240e-05
23 40 5.444770e-06
24 1 5.316920e-04
24 2 2.156520e-04
24 3 3.180010e-04
24 4 4.337960e-04
24 5 6.205780e-04
24 6 8.797250e-04
24 7 1.242040e-03
24 8 1.762940e-03
24 9 2.486880e-03
24 10 3.538570e-03
24 11 5.014070e-03
24 12 7.119590e-03
24 13 1.011360e-02
24 14 1.442990e-02
24 15 2.058110e-02
24 16 2.953970e-02
24 17 4.258000e-02
24 18 6.170050e-02
24 19 8.970660e-02
24 20 1.308580e-01
24 21 1.913550e-01
24 22 2.812050e-01
24 23 4.153370e-01
24 24 5.870780e-01
24 25 6.927680e-01
24 26 7.637620e-01
24 27 8.134550e-01
24 28 8.294520e-01
24 29 8.007470e-01
24 30 7.214130e-01
24 31 5.956550e-01
24 32 4.405720e-01
24 33 2.837090e-01
24 34 1.533970e-01
24 35 6.657250e-02
24 36 2.191180e-02
24 37 5.096090e-03
24 38 7.670300e-04
24 39 6.742850e-05
24 40 6.771910e-06
25 1 3.909530e-04
25 2 1.589180e-04
25 3 2.343400e-04
25 4 3.196970e-04
25 5 4.573990e-04
25 6 6.484930e-04
25 7 9.157460e-04
25 8 1.299910e-03
25 9 1.833980e-03
25 10 2.610050e-03
25 11 3.698980e-03
25 12 5.253830e-03
25 13 7.466250e-03
25 14 1.065660e-02
25 15 1.519820e-02
25 16 2.179530e-02
25 17 3.139530e-02
25 18 4.548260e-02
25 19 6.616850e-02
25 20 9.673670e-02
25 21 1.418090e-01
25 22 2.089320e-01
25 23 3.094930e-01
25 24 4.611560e-01
25 25 6.544010e-01
25 26 7.583350e-01
25 27 8.122450e-01
25 28 8.339480e-01
25 29 8.118730e-01
25 30 7.391060e-01
25 31 6.180360e-01
25 32 4.641930e-01
25 33 3.044690e-01
25 34 1.682810e-01
25 35 7.494150e-02
25 36 2.542850e-02
25 37 6.126600e-03
25 38 9.604950e-04
25 39 8.811740e-05
25 40 7.099380e-06
26 1 2.607530e-04
26 2 1.065470e-04
26 3 1.571350e-04
26 4 2.143970e-04
26 5 3.067840e-04
26 6 4.350330e-04
26 7 6.144650e-04
26 8 8.726440e-04
26 9 1.231830e-03
26 10 1.754200e-03
26 11 2.488240e-03
26 12 3.537550e-03
26 13 5.032750e-03
26 14 7.193250e-03
26 15 1.027550e-02
26 16 1.475320e-02
26 17 2.124680e-02
26 18 3.082050e-02
26 19 4.509270e-02
26 20 6.671260e-02
26 21 9.951310e-02
26 22 1.492460e-01
26 23 2.240940e-01
26 24 3.375600e-01
26 25 5.108760e-01
26 26 7.301890e-01
26 27 8.284050e-01
26 28 8.569280e-01
26 29 8.418050e-01
26 30 7.749240e-01
26 31 6.569080e-01
26 32 5.016560e-01
26 33 3.357110e-01
26 34 1.900790e-01
26 35 8.711650e-02
26 36 3.058400e-02
26 37 7.671330e-03
26 38 1.260720e-03
26 39 1.220710e-04
26 40 8.430040e-06
27 1 1.912470e-04
27 2 7.793800e-05
27 3 1.149390e-04
27 4 1.568320e-04
27 5 2.244280e-04
27 6 3.182550e-04
27 7 4.495600e-04
27 8 6.383990e-04
27 9 9.012360e-04
27 10 1.283540e-03
27 11 1.820590e-03
27 12 2.588800e-03
27 13 3.684070e-03
27 14 5.267460e-03
27 15 7.527620e-03
27 16 1.081330e-02
27 17 1.557640e-02
27 18 2.254600e-02
27 19 3.282900e-02
27 20 4.826290e-02
27 21 7.154990e-02
27 22 1.070300e-01
27 23 1.610520e-01
27 24 2.434080e-01
27 25 3.700090e-01
27 26 5.655400e-01
27 27 8.106570e-01
27 28 8.964450e-01
27 29 8.903390e-01
27 30 8.303530e-01
27 31 7.153000e-01
27 32 5.569070e-01
27 33 3.814200e-01
27 34 2.219800e-01
27 35 1.050920e-01
27 36 3.831440e-02
27 37 1.004170e-02
27 38 1.735570e-03
27 39 1.778770e-04
27 40 1.215350e-05
28 1 1.289910e-04
28 2 5.271980e-05
28 3 7.776180e-05
28 4 1.061120e-04
28 5 1.518570e-04
28 6 2.153780e-04
28 7 3.042860e-04
28 8 4.322570e-04
28 9 6.103760e-04
28 10 8.696060e-04
28 11 1.234230e-03
28 12 1.755980e-03
28 13 2.500580e-03
28 14 3.578810e-03
28 15 5.120660e-03
28 16 7.366330e-03
28 17 1.062990e-02
28 18 1.541330e-02
28 19 2.246040e-02
28 20 3.302260e-02
28 21 4.898550e-02
28 22 7.357650e-02
28 23 1.116350e-01
28 24 1.703150e-01
28 25 2.612740e-01
28 26 4.031400e-01
28 27 6.251820e-01
28 28 9.001450e-01
28 29 9.656160e-01
28 30 9.135370e-01
28 31 8.005640e-01
28 32 6.364780e-01
28 33 4.470390e-01
28 34 2.681220e-01
28 35 1.315540e-01
28 36 5.002040e-02
28 37 1.377040e-02
28 38 2.519970e-03
28 39 2.757030e-04
28 40 1.784730e-05
29 1 7.911010e-05
29 2 3.267190e-05
29 3 4.819340e-05
29 4 6.577680e-05
29 5 9.415530e-05
29 6 1.335800e-04
29 7 1.887990e-04
29 8 2.683090e-04
29 9 3.790880e-04
29 10 5.404840e-04
29 11 7.676660e-04
29 12 1.093360e-03
29 13 1.559140e-03
29 14 2.234870e-03
29 15 3.204100e-03
29 16 4.621080e-03
29 17 6.688630e-03
29 18 9.734030e-03
29 19 1.424420e-02
29 20 2.101930e-02
29 21 3.124230e-02
29 22 4.701520e-02
29 23 7.192050e-02
29 24 1.116240e-01
29 25 1.750550e-01
29 26 2.757340e-01
29 27 4.355950e-01
29 28 6.897140e-01
29 29 1.000200e+00
29 30 1.034810e+00
29 31 9.232770e-01
29 32 7.503280e-01
29 33 5.412610e-01
29 34 3.352990e-01
29 35 1.710240e-01
29 36 6.811170e-02
29 37 1.980840e-02
29 38 3.867510e-03
29 39 4.563310e-04
29 40 3.056130e-05
30 1 5.051630e-05
30 2 2.103660e-05
30 3 3.103630e-05
30 4 4.236370e-05
30 5 6.065220e-05
30 6 8.605810e-05
30 7 1.216570e-04
30 8 1.729430e-04
30 9 2.444180e-04
30 10 3.486350e-04
30 11 4.955120e-04
30 12 7.062250e-04
30 13 1.007980e-03
30 14 1.446550e-03
30 15 2.076750e-03
30 16 3.000400e-03
30 17 4.352540e-03
30 18 6.351820e-03
30 19 9.326090e-03
30 20 1.381970e-02
30 21 2.065860e-02
30 22 3.125220e-02
30 23 4.787920e-02
30 24 7.431980e-02
30 25 1.167780e-01
30 26 1.850390e-01
30 27 2.950450e-01
30 28 4.727060e-01
30 29 7.587270e-01
30 30 1.102420e+00
30 31 1.093990e+00
30 32 9.117160e-01
30 33 6.780940e-01
30 34 4.357150e-01
30 35 2.320880e-01
30 36 9.726620e-02
30 37 3.002370e-02
30 38 6.281480e-03
30 39 8.025080e-04
30 40 5.772970e-05
31 1 2.845360e-05
31 2 1.244930e-05
31 3 1.837060e-05
31 4 2.507950e-05
31 5 3.591470e-05
31 6 5.097700e-05
31 7 7.208360e-05
31 8 1.025180e-04
31 9 1.449760e-04
31 10 2.069080e-04
31 11 2.943200e-04
31 12 4.199600e-04
31 13 6.001680e-04
31 14 8.626980e-04
31 15 1.241090e-03
31 16 1.797500e-03
31 17 2.615620e-03
31 18 3.831560e-03
31 19 5.651850e-03
31 20 8.421940e-03
31 21 1.266690e-02
31 22 1.927670e-02
31 23 2.970190e-02
31 24 4.637540e-02
31 25 7.342300e-02
31 26 1.179110e-01
31 27 1.911640e-01
31 28 3.118190e-01
31 29 5.103320e-01
31 30 8.343680e-01
31 31 1.214210e+00
31 32 1.145440e+00
31 33 8.797860e-01
31 34 5.880530e-01
31 35 3.283400e-01
31 36 1.455040e-01
31 37 4.797600e-02
31 38 1.083890e-02
31 39 1.513560e-03
31 40 1.200300e-04
32 1 1.429880e-05
32 2 6.650960e-06
32 3 9.860150e-06
32 4 1.347030e-05
32 5 1.929640e-05
32 6 2.739950e-05
32 7 3.876480e-05
32 8 5.516240e-05
32 9 7.806470e-05
32 10 1.115280e-04
32 11 1.588270e-04
32 12 2.269250e-04
32 13 3.248820e-04
32 14 4.680450e-04
32 15 6.752380e-04
32 16 9.813790e-04
32 17 1.434100e-03
32 18 2.111540e-03
32 19 3.134220e-03
32 20 4.705700e-03
32 21 7.141110e-03
32 22 1.098080e-02
32 23 1.711660e-02
32 24 2.706530e-02
32 25 4.344950e-02
32 26 7.085940e-02
32 27 1.170660e-01
32 28 1.951250e-01
32 29 3.270060e-01
32 30 5.485430e-01
32 31 9.154430e-01
32 32 1.333280e+00
32 33 1.184790e+00
32 34 8.250940e-01
32 35 4.845780e-01
32 36 2.282020e-01
32 37 8.086160e-02
32 38 1.988000e-02
32 39 3.064870e-03
32 40 2.727540e-04
33 1 6.534300e-06
33 2 3.205840e-06
33 3 4.796490e-06
33 4 6.574830e-06
33 5 9.426900e-06
33 6 1.339570e-05
33 7 1.896510e-05
33 8 2.700800e-05
33 9 3.825470e-05
33 10 5.471320e-05
33 11 7.802970e-05
33 12 1.116870e-04
33 13 1.602470e-04
33 14 2.314850e-04
33 15 3.350390e-04
33 16 4.889030e-04
33 17 7.179910e-04
33 18 1.063640e-03
33 19 1.590510e-03
33 20 2.409310e-03
33 21 3.695520e-03
33 22 5.755130e-03
33 23 9.104500e-03
33 24 1.464150e-02
33 25 2.394070e-02
33 26 3.977470e-02
33 27 6.707430e-02
33 28 1.145110e-01
33 29 1.971760e-01
33 30 3.408240e-01
33 31 5.876130e-01
33 32 1.002140e+00
33 33 1.458140e+00
33 34 1.207060e+00
33 35 7.473880e-01
33 36 3.755080e-01
33 37 1.438250e-01
33 38 3.879270e-02
33 39 6.666400e-03
33 40 6.750270e-04
34 1 2.172490e-06
34 2 1.234790e-06
34 3 1.979580e-06
34 4 2.817800e-06
34 5 4.096460e-06
34 6 5.851660e-06
34 7 8.297910e-06
34 8 1.183050e-05
34 9 1.677860e-05
34 10 2.403190e-05
34 11 3.433150e-05
34 12 4.925080e-05
34 13 7.085820e-05
34 14 1.027100e-04
34 15 1.492920e-04
34 16 2.189700e-04
34 17 3.235620e-04
34 18 4.828960e-04
34 19 7.284730e-04
34 20 1.115020e-03
34 21 1.731180e-03
34 22 2.734150e-03
34 23 4.396280e-03
34 24 7.204600e-03
34 25 1.203930e-02
34 26 2.048780e-02
34 27 3.542210e-02
34 28 6.212630e-02
34 29 1.103070e-01
34 30 1.973560e-01
34 31 3.533610e-01
34 32 6.277400e-01
34 33 1.095020e+00
34 34 1.586650e+00
34 35 1.206910e+00
34 36 6.489880e-01
34 37 2.701100e-01
34 38 8.051100e-02
34 39 1.557340e-02
34 40 1.823390e-03
35 1 6.654760e-07
35 2 3.809330e-07
35 3 6.291760e-07
35 4 9.526010e-07
35 5 1.471900e-06
35 6 2.178180e-06
35 7 3.134660e-06
35 8 4.492040e-06
35 9 6.386090e-06
35 10 9.167770e-06
35 11 1.313000e-05
35 12 1.889160e-05
35 13 2.728080e-05
35 14 3.971900e-05
35 15 5.804790e-05
35 16 8.571010e-05
35 17 1.276630e-04
35 18 1.923310e-04
35 19 2.933510e-04
35 20 4.547510e-04
35 21 7.164270e-04
35 22 1.150560e-03
35 23 1.885160e-03
35 24 3.155000e-03
35 25 5.397720e-03
35 26 9.427270e-03
35 27 1.677870e-02
35 28 3.041920e-02
35 29 5.603890e-02
35 30 1.044090e-01
35 31 1.954540e-01
35 32 3.642460e-01
35 33 6.686440e-01
35 34 1.193430e+00
35 35 1.716490e+00
35 36 1.181180e+00
35 37 5.359200e-01
35 38 1.775930e-01
35 39 3.902200e-02
35 40 5.365220e-03
36 1 1.302850e-07
36 2 7.457980e-08
36 3 1.233920e-07
36 4 1.887560e-07
36 5 3.024470e-07
36 6 4.803540e-07
36 7 7.570990e-07
36 8 1.187580e-06
36 9 1.803440e-06
36 10 2.694170e-06
36 11 3.936600e-06
36 12 5.704650e-06
36 13 8.273200e-06
36 14 1.210430e-05
36 15 1.779410e-05
36 16 2.646090e-05
36 17 3.975680e-05
36 18 6.053250e-05
36 19 9.352640e-05
36 20 1.472720e-04
36 21 2.364060e-04
36 22 3.881690e-04
36 23 6.528160e-04
36 24 1.126440e-03
36 25 1.996780e-03
36 26 3.635120e-03
36 27 6.772400e-03
36 28 1.283350e-02
36 29 2.468120e-02
36 30 4.819240e-02
36 31 9.521130e-02
36 32 1.885560e-01
36 33 3.696910e-01
36 34 7.070640e-01
36 35 1.297600e+00
36 36 1.848590e+00
36 37 1.128160e+00
36 38 4.162770e-01
36 39 1.045420e-01
36 40 1.714130e-02
37 1 2.152270e-08
37 2 1.232040e-08
37 3 2.038400e-08
37 4 3.118190e-08
37 5 4.996350e-08
37 6 7.937210e-08
37 7 1.255320e-07
37 8 1.995010e-07
37 9 3.148750e-07
37 10 5.006880e-07
37 11 7.910680e-07
37 12 1.242550e-06
37 13 1.899990e-06
37 14 2.871610e-06
37 15 4.313830e-06
37 16 6.506430e-06
37 17 9.877840e-06
37 18 1.519950e-05
37 19 2.378560e-05
37 20 3.804080e-05
37 21 6.223040e-05
37 22 1.045540e-04
37 23 1.807920e-04
37 24 3.224510e-04
37 25 5.943180e-04
37 26 1.132420e-03
37 27 2.228810e-03
37 28 4.501550e-03
37 29 9.240450e-03
37 30 1.915040e-02
37 31 4.004620e-02
37 32 8.457940e-02
37 33 1.787620e-01
37 34 3.716420e-01
37 35 7.446300e-01
37 36 1.407660e+00
37 37 1.976580e+00
37 38 1.045370e+00
37 39 3.004670e-01
37 40 5.939760e-02
38 1 3.417490e-09
38 2 1.956290e-09
38 3 3.236670e-09
38 4 4.951220e-09
38 5 7.933450e-09
38 6 1.260310e-08
38 7 1.993250e-08
38 8 3.167780e-08
38 9 4.999980e-08
38 10 7.955270e-08
38 11 1.259450e-07
38 12 1.995780e-07
38 13 3.159640e-07
38 14 4.985340e-07
38 15 7.758210e-07
38 16 1.202120e-06
38 17 1.861200e-06
38 18 2.903130e-06
38 19 4.589210e-06
38 20 7.431670e-06
38 21 1.238200e-05
38 22 2.130430e-05
38 23 3.796650e-05
38 24 7.031840e-05
38 25 1.357680e-04
38 26 2.736510e-04
38 27 5.756210e-04
38 28 1.258360e-03
38 29 2.808080e-03
38 30 6.295380e-03
38 31 1.415820e-02
38 32 3.203270e-02
38 33 7.304790e-02
38 34 1.664040e-01
38 35 3.700280e-01
38 36 7.811630e-01
38 37 1.522920e+00
38 38 2.095210e+00
38 39 9.353870e-01
38 40 2.239230e-01
39 1 4.652700e-10
39 2 2.663400e-10
39 3 4.406500e-10
39 4 6.740800e-10
39 5 1.080100e-09
39 6 1.715850e-09
39 7 2.713710e-09
39 8 4.312770e-09
39 9 6.807200e-09
39 10 1.083070e-08
39 11 1.714680e-08
39 12 2.717150e-08
39 13 4.301630e-08
39 14 6.828800e-08
39 15 1.080860e-07
39 16 1.714470e-07
39 17 2.717250e-07
39 18 4.311940e-07
39 19 6.894010e-07
39 20 1.117710e-06
39 21 1.845850e-06
39 22 3.165140e-06
39 23 5.723190e-06
39 24 1.095660e-05
39 25 2.217400e-05
39 26 4.748500e-05
39 27 1.075890e-04
39 28 2.572540e-04
39 29 6.433770e-04
39 30 1.623830e-03
39 31 4.032170e-03
39 32 9.932630e-03
39 33 2.454190e-02
39 34 6.115070e-02
39 35 1.519940e-01
39 36 3.651740e-01
39 37 8.169950e-01
39 38 1.643040e+00
39 39 2.198720e+00
39 40 9.320620e-01
40 1 8.252300e-11
40 2 4.723900e-11
40 3 7.815700e-11
40 4 1.195600e-10
40 5 1.915700e-10
40 6 3.043300e-10
40 7 4.813200e-10
40 8 7.649400e-10
40 9 1.207360e-09
40 10 1.920990e-09
40 11 3.041250e-09
40 12 4.819290e-09
40 13 7.629620e-09
40 14 1.211190e-08
40 15 1.917070e-08
40 16 3.040890e-08
40 17 4.819470e-08
40 18 7.638950e-08
40 19 1.209840e-07
40 20 1.918520e-07
40 21 3.042080e-07
40 22 4.870930e-07
40 23 7.984320e-07
40 24 1.378830e-06
40 25 2.650990e-06
40 26 5.703280e-06
40 27 1.357420e-05
40 28 3.508480e-05
40 29 9.677360e-05
40 30 2.807280e-04
40 31 8.124990e-04
40 32 2.266230e-03
40 33 6.235750e-03
40 34 1.731510e-02
40 35 4.876040e-02
40 36 1.357730e-01
40 37 3.580810e-01
40 38 8.541710e-01
40 39 1.768050e+00
40 40 3.007170e+00
