1 5.018590e+01
2 4.484980e+01
3 4.003380e+01
4 3.575630e+01
5 3.199060e+01
6 2.862920e+01
7 2.564520e+01
8 2.299440e+01
9 2.066310e+01
10 1.859430e+01
11 1.677130e+01
12 1.517690e+01
13 1.377440e+01
14 1.255490e+01
15 1.149330e+01
16 1.058070e+01
17 9.797950e+00
18 9.130940e+00
19 8.572930e+00
20 8.105120e+00
21 7.719630e+00
22 7.406210e+00
23 7.150960e+00
24 6.946310e+00
25 6.783260e+00
26 6.653270e+00
27 6.549560e+00
28 6.467800e+00
29 6.402270e+00
30 6.350270e+00
31 6.309270e+00
32 6.276430e+00
33 6.250490e+00
34 6.229790e+00
35 6.213480e+00
36 6.200350e+00
37 6.190030e+00
38 6.181780e+00
39 6.175320e+00
40 6.170080e+00
