1 7.074630e+01
2 6.317250e+01
3 5.633080e+01
4 5.024690e+01
5 4.488320e+01
6 4.008640e+01
7 3.581850e+01
8 3.201630e+01
9 2.866010e+01
10 2.566870e+01
11 2.301800e+01
12 2.068350e+01
13 1.861280e+01
14 1.679330e+01
15 1.518940e+01
16 1.378940e+01
17 1.256660e+01
18 1.150250e+01
19 1.059000e+01
20 9.804260e+00
21 9.137360e+00
22 8.578250e+00
23 8.109450e+00
24 7.723290e+00
25 7.408720e+00
26 7.153810e+00
27 6.948340e+00
28 6.785400e+00
29 6.654500e+00
30 6.550520e+00
31 6.468550e+00
32 6.402860e+00
33 6.350990e+00
34 6.309580e+00
35 6.276960e+00
36 6.250710e+00
37 6.230060e+00
38 6.213560e+00
39 6.200650e+00
40 6.190170e+00
