1 1 3.247160e-01
1 2 1.201310e-01
1 3 1.570710e-01
1 4 1.897880e-01
1 5 2.404000e-01
1 6 3.009140e-01
1 7 3.742790e-01
1 8 4.665810e-01
1 9 5.759830e-01
1 10 7.138020e-01
1 11 8.755390e-01
1 12 1.068340e+00
1 13 1.292130e+00
1 14 1.551100e+00
1 15 1.832740e+00
1 16 2.135860e+00
1 17 2.437280e+00
1 18 2.711840e+00
1 19 2.921060e+00
1 20 3.027290e+00
1 21 2.980240e+00
1 22 2.755090e+00
1 23 2.352010e+00
1 24 1.817450e+00
1 25 1.239780e+00
1 26 7.232670e-01
1 27 3.470060e-01
1 28 1.304080e-01
1 29 3.614470e-02
1 30 6.859390e-03
1 31 8.128010e-04
1 32 5.405570e-05
1 33 3.789550e-06
1 34 1.316950e-06
1 35 0.000000e+00
1 36 0.000000e+00
1 37 0.000000e+00
1 38 0.000000e+00
1 39 0.000000e+00
1 40 0.000000e+00
2 1 2.570090e-01
2 2 1.053100e-01
2 3 1.405550e-01
2 4 1.698450e-01
2 5 2.151400e-01
2 6 2.692990e-01
2 7 3.349600e-01
2 8 4.175710e-01
2 9 5.154940e-01
2 10 6.388510e-01
2 11 7.836390e-01
2 12 9.562300e-01
2 13 1.156580e+00
2 14 1.388480e+00
2 15 1.640780e+00
2 16 1.912340e+00
2 17 2.182420e+00
2 18 2.428700e+00
2 19 2.616620e+00
2 20 2.712410e+00
2 21 2.671100e+00
2 22 2.470300e+00
2 23 2.109850e+00
2 24 1.631320e+00
2 25 1.113700e+00
2 26 6.503560e-01
2 27 3.123990e-01
2 28 1.175760e-01
2 29 3.264970e-02
2 30 6.210230e-03
2 31 7.379120e-04
2 32 4.947780e-05
2 33 3.458830e-06
2 34 1.202380e-06
2 35 0.000000e+00
2 36 0.000000e+00
2 37 0.000000e+00
2 38 0.000000e+00
2 39 0.000000e+00
2 40 0.000000e+00
3 1 2.022670e-01
3 2 8.506340e-02
3 3 1.230330e-01
3 4 1.518690e-01
3 5 1.923820e-01
3 6 2.408140e-01
3 7 2.995360e-01
3 8 3.734170e-01
3 9 4.609990e-01
3 10 5.713310e-01
3 11 7.008510e-01
3 12 8.552450e-01
3 13 1.034500e+00
3 14 1.241990e+00
3 15 1.467890e+00
3 16 1.711060e+00
3 17 1.952990e+00
3 18 2.173810e+00
3 19 2.342600e+00
3 20 2.429100e+00
3 21 2.393080e+00
3 22 2.214290e+00
3 23 1.892350e+00
3 24 1.464260e+00
3 25 1.000640e+00
3 26 5.850560e-01
3 27 2.814580e-01
3 28 1.061300e-01
3 29 2.954020e-02
3 30 5.634830e-03
3 31 6.718920e-04
3 32 4.538520e-05
3 33 3.169840e-06
3 34 1.102340e-06
3 35 0.000000e+00
3 36 0.000000e+00
3 37 0.000000e+00
3 38 0.000000e+00
3 39 0.000000e+00
3 40 0.000000e+00
4 1 1.573040e-01
4 2 6.667260e-02
4 3 9.934060e-02
4 4 1.332000e-01
4 5 1.722070e-01
4 6 2.155690e-01
4 7 2.681400e-01
4 8 3.342870e-01
4 9 4.127030e-01
4 10 5.115000e-01
4 11 6.274850e-01
4 12 7.657700e-01
4 13 9.263500e-01
4 14 1.112220e+00
4 15 1.314730e+00
4 16 1.532820e+00
4 17 1.749900e+00
4 18 1.948160e+00
4 19 2.100080e+00
4 20 2.178480e+00
4 21 2.147260e+00
4 22 1.988090e+00
4 23 1.700410e+00
4 24 1.316980e+00
4 25 9.010800e-01
4 26 5.276600e-01
4 27 2.543280e-01
4 28 9.612440e-02
4 29 2.683290e-02
4 30 5.136500e-03
4 31 6.151710e-04
4 32 4.178540e-05
4 33 2.924720e-06
4 34 1.017570e-06
4 35 0.000000e+00
4 36 0.000000e+00
4 37 0.000000e+00
4 38 0.000000e+00
4 39 0.000000e+00
4 40 0.000000e+00
5 1 1.262170e-01
5 2 5.291750e-02
5 3 7.859530e-02
5 4 1.078670e-01
5 5 1.513430e-01
5 6 1.934030e-01
5 7 2.405770e-01
5 8 2.999330e-01
5 9 3.703050e-01
5 10 4.589760e-01
5 11 5.630860e-01
5 12 6.872370e-01
5 13 8.314250e-01
5 14 9.983740e-01
5 15 1.180320e+00
5 16 1.376450e+00
5 17 1.571800e+00
5 18 1.750350e+00
5 19 1.887550e+00
5 20 1.958920e+00
5 21 1.932120e+00
5 22 1.790290e+00
5 23 1.532740e+00
5 24 1.188540e+00
5 25 8.143850e-01
5 26 4.777960e-01
5 27 2.308310e-01
5 28 8.749410e-02
5 29 2.451030e-02
5 30 4.712190e-03
5 31 5.673770e-04
5 32 3.879080e-05
5 33 2.815930e-06
5 34 1.404260e-06
5 35 0.000000e+00
5 36 0.000000e+00
5 37 0.000000e+00
5 38 0.000000e+00
5 39 0.000000e+00
5 40 0.000000e+00
6 1 9.976360e-02
6 2 4.162160e-02
6 3 6.192160e-02
6 4 8.504050e-02
6 5 1.223800e-01
6 6 1.701260e-01
6 7 2.160620e-01
6 8 2.693810e-01
6 9 3.326010e-01
6 10 4.122690e-01
6 11 5.058270e-01
6 12 6.174100e-01
6 13 7.470420e-01
6 14 8.972070e-01
6 15 1.060880e+00
6 16 1.237520e+00
6 17 1.413620e+00
6 18 1.574790e+00
6 19 1.699020e+00
6 20 1.764220e+00
6 21 1.741570e+00
6 22 1.615290e+00
6 23 1.384590e+00
6 24 1.075310e+00
6 25 7.381310e-01
6 26 4.340760e-01
6 27 2.103190e-01
6 28 8.000370e-02
6 29 2.251040e-02
6 30 4.351000e-03
6 31 5.273480e-04
6 32 3.643170e-05
6 33 2.836570e-06
6 34 8.929930e-07
6 35 0.000000e+00
6 36 0.000000e+00
6 37 0.000000e+00
6 38 0.000000e+00
6 39 0.000000e+00
6 40 0.000000e+00
7 1 7.637400e-02
7 2 3.176240e-02
7 3 4.780650e-02
7 4 6.628810e-02
7 5 9.591700e-02
7 6 1.372400e-01
7 7 1.903650e-01
7 8 2.423970e-01
7 9 2.993010e-01
7 10 3.710220e-01
7 11 4.552620e-01
7 12 5.557610e-01
7 13 6.725490e-01
7 14 8.078970e-01
7 15 9.555360e-01
7 16 1.114940e+00
7 17 1.274120e+00
7 18 1.420100e+00
7 19 1.533000e+00
7 20 1.593030e+00
7 21 1.574090e+00
7 22 1.461700e+00
7 23 1.254790e+00
7 24 9.763270e-01
7 25 6.717600e-01
7 26 3.961640e-01
7 27 1.926370e-01
7 28 7.359960e-02
7 29 2.082010e-02
7 30 4.050820e-03
7 31 4.948970e-04
7 32 3.508320e-05
7 33 2.814390e-06
7 34 0.000000e+00
7 35 0.000000e+00
7 36 0.000000e+00
7 37 0.000000e+00
7 38 0.000000e+00
7 39 0.000000e+00
7 40 0.000000e+00
8 1 5.934920e-02
8 2 2.469270e-02
8 3 3.720090e-02
8 4 5.172940e-02
8 5 7.503780e-02
8 6 1.075390e-01
8 7 1.532960e-01
8 8 2.138470e-01
8 9 2.699070e-01
8 10 3.346140e-01
8 11 4.106380e-01
8 12 5.013580e-01
8 13 6.068310e-01
8 14 7.291330e-01
8 15 8.626600e-01
8 16 1.006920e+00
8 17 1.151270e+00
8 18 1.283940e+00
8 19 1.387020e+00
8 20 1.442720e+00
8 21 1.427220e+00
8 22 1.327260e+00
8 23 1.141490e+00
8 24 8.902040e-01
8 25 6.142730e-01
8 26 3.635280e-01
8 27 1.775440e-01
8 28 6.819790e-02
8 29 1.941870e-02
8 30 3.808460e-03
8 31 4.697850e-04
8 32 3.405140e-05
8 33 2.778270e-06
8 34 0.000000e+00
8 35 0.000000e+00
8 36 0.000000e+00
8 37 0.000000e+00
8 38 0.000000e+00
8 39 0.000000e+00
8 40 0.000000e+00
9 1 4.818130e-02
9 2 1.964280e-02
9 3 2.909940e-02
9 4 4.017400e-02
9 5 5.850580e-02
9 6 8.420220e-02
9 7 1.202470e-01
9 8 1.724040e-01
9 9 2.389220e-01
9 10 3.028460e-01
9 11 3.717030e-01
9 12 4.539040e-01
9 13 5.495310e-01
9 14 6.604850e-01
9 15 7.817310e-01
9 16 9.129220e-01
9 17 1.044410e+00
9 18 1.165640e+00
9 19 1.260350e+00
9 20 1.312530e+00
9 21 1.300290e+00
9 22 1.211430e+00
9 23 1.044230e+00
9 24 8.166560e-01
9 25 5.655220e-01
9 26 3.361180e-01
9 27 1.650360e-01
9 28 6.380880e-02
9 29 1.831330e-02
9 30 3.626270e-03
9 31 4.524730e-04
9 32 3.326900e-05
9 33 2.728520e-06
9 34 0.000000e+00
9 35 0.000000e+00
9 36 0.000000e+00
9 37 0.000000e+00
9 38 0.000000e+00
9 39 0.000000e+00
9 40 0.000000e+00
10 1 3.732820e-02
10 2 1.519790e-02
10 3 2.261320e-02
10 4 3.128990e-02
10 5 4.554280e-02
10 6 6.564380e-02
10 7 9.392010e-02
10 8 1.347940e-01
10 9 1.921840e-01
10 10 2.686830e-01
10 11 3.375620e-01
10 12 4.123070e-01
10 13 4.993110e-01
10 14 6.003180e-01
10 15 7.108990e-01
10 16 8.306920e-01
10 17 9.509950e-01
10 18 1.062410e+00
10 19 1.150000e+00
10 20 1.199280e+00
10 21 1.190250e+00
10 22 1.111370e+00
10 23 9.606410e-01
10 24 7.538760e-01
10 25 5.242790e-01
10 26 3.132450e-01
10 27 1.547980e-01
10 28 6.032420e-02
10 29 1.747860e-02
10 30 3.500920e-03
10 31 4.428510e-04
10 32 3.306680e-05
10 33 2.730670e-06
10 34 0.000000e+00
10 35 0.000000e+00
10 36 0.000000e+00
10 37 0.000000e+00
10 38 0.000000e+00
10 39 0.000000e+00
10 40 0.000000e+00
11 1 2.840280e-02
11 2 1.156220e-02
11 3 1.716470e-02
11 4 2.369850e-02
11 5 3.452340e-02
11 6 5.010790e-02
11 7 7.228780e-02
11 8 1.043530e-01
11 9 1.493430e-01
11 10 2.154540e-01
11 11 3.004720e-01
11 12 3.762970e-01
11 13 4.558640e-01
11 14 5.483280e-01
11 15 6.496440e-01
11 16 7.597180e-01
11 17 8.705000e-01
11 18 9.735920e-01
11 19 1.055320e+00
11 20 1.102360e+00
11 21 1.096460e+00
11 22 1.026560e+00
11 23 8.903270e-01
11 24 7.016000e-01
11 25 4.904220e-01
11 26 2.948810e-01
11 27 1.468500e-01
11 28 5.776910e-02
11 29 1.692970e-02
11 30 3.437550e-03
11 31 4.419540e-04
11 32 3.358570e-05
11 33 2.796790e-06
11 34 0.000000e+00
11 35 0.000000e+00
11 36 0.000000e+00
11 37 0.000000e+00
11 38 0.000000e+00
11 39 0.000000e+00
11 40 0.000000e+00
12 1 2.287180e-02
12 2 9.295640e-03
12 3 1.374090e-02
12 4 1.882670e-02
12 5 2.710110e-02
12 6 3.869730e-02
12 7 5.547930e-02
12 8 8.047960e-02
12 9 1.157510e-01
12 10 1.673950e-01
12 11 2.409150e-01
12 12 3.366060e-01
12 13 4.186080e-01
12 14 5.038170e-01
12 15 5.972390e-01
12 16 6.990770e-01
12 17 8.019430e-01
12 18 8.981210e-01
12 19 9.752120e-01
12 20 1.020740e+00
12 21 1.017980e+00
12 22 9.562620e-01
12 23 8.327430e-01
12 24 6.595690e-01
12 25 4.638960e-01
12 26 2.810630e-01
12 27 1.412680e-01
12 28 5.620040e-02
12 29 1.669220e-02
12 30 3.443750e-03
12 31 4.511350e-04
12 32 3.496050e-05
12 33 2.929740e-06
12 34 5.351890e-07
12 35 0.000000e+00
12 36 0.000000e+00
12 37 0.000000e+00
12 38 0.000000e+00
12 39 0.000000e+00
12 40 0.000000e+00
13 1 1.657140e-02
13 2 6.741080e-03
13 3 9.967660e-03
13 4 1.364390e-02
13 5 1.965160e-02
13 6 2.826520e-02
13 7 4.084180e-02
13 8 5.978590e-02
13 9 8.721980e-02
13 10 1.275890e-01
13 11 1.850070e-01
13 12 2.684010e-01
13 13 3.762700e-01
13 14 4.661990e-01
13 15 5.532230e-01
13 16 6.480510e-01
13 17 7.444290e-01
13 18 8.350400e-01
13 19 9.085620e-01
13 20 9.532910e-01
13 21 9.536090e-01
13 22 8.992940e-01
13 23 7.868940e-01
13 24 6.269360e-01
13 25 4.441620e-01
13 26 2.715000e-01
13 27 1.379460e-01
13 28 5.560260e-02
13 29 1.677610e-02
13 30 3.526420e-03
13 31 4.723060e-04
13 32 3.710420e-05
13 33 2.964450e-06
13 34 1.710690e-06
13 35 0.000000e+00
13 36 0.000000e+00
13 37 0.000000e+00
13 38 0.000000e+00
13 39 0.000000e+00
13 40 0.000000e+00
14 1 1.373620e-02
14 2 5.584220e-03
14 3 8.253250e-03
14 4 1.129330e-02
14 5 1.622020e-02
14 6 2.313640e-02
14 7 3.299240e-02
14 8 4.739290e-02
14 9 6.781530e-02
14 10 9.864440e-02
14 11 1.428750e-01
14 12 2.069850e-01
14 13 3.001260e-01
14 14 4.214880e-01
14 15 5.160530e-01
14 16 6.053960e-01
14 17 6.964680e-01
14 18 7.828170e-01
14 19 8.538750e-01
14 20 8.987010e-01
14 21 9.023900e-01
14 22 8.550920e-01
14 23 7.526340e-01
14 24 6.039880e-01
14 25 4.317060e-01
14 26 2.667070e-01
14 27 1.372670e-01
14 28 5.618690e-02
14 29 1.726310e-02
14 30 3.706680e-03
14 31 5.088180e-04
14 32 4.055580e-05
14 33 3.013000e-06
14 34 1.164980e-06
14 35 0.000000e+00
14 36 0.000000e+00
14 37 0.000000e+00
14 38 0.000000e+00
14 39 0.000000e+00
14 40 0.000000e+00
15 1 1.048250e-02
15 2 4.262510e-03
15 3 6.301430e-03
15 4 8.623230e-03
15 5 1.238390e-02
15 6 1.764400e-02
15 7 2.509320e-02
15 8 3.606110e-02
15 9 5.183230e-02
15 10 7.541620e-02
15 11 1.091890e-01
15 12 1.582580e-01
15 13 2.296560e-01
15 14 3.352900e-01
15 15 4.704730e-01
15 16 5.712470e-01
15 17 6.584280e-01
15 18 7.417970e-01
15 19 8.114840e-01
15 20 8.572010e-01
15 21 8.645080e-01
15 22 8.237610e-01
15 23 7.300250e-01
15 24 5.907670e-01
15 25 4.265840e-01
15 26 2.668140e-01
15 27 1.393680e-01
15 28 5.806450e-02
15 29 1.821710e-02
15 30 4.008300e-03
15 31 5.660650e-04
15 32 4.646240e-05
15 33 3.411870e-06
15 34 1.203130e-06
15 35 0.000000e+00
15 36 0.000000e+00
15 37 0.000000e+00
15 38 0.000000e+00
15 39 0.000000e+00
15 40 0.000000e+00
16 1 7.749530e-03
16 2 3.152960e-03
16 3 4.662210e-03
16 4 6.381700e-03
16 5 9.168750e-03
16 6 1.306730e-02
16 7 1.857270e-02
16 8 2.663290e-02
16 9 3.820680e-02
16 10 5.565580e-02
16 11 8.112550e-02
16 12 1.186060e-01
16 13 1.731830e-01
16 14 2.539730e-01
16 15 3.726380e-01
16 16 5.261860e-01
16 17 6.303750e-01
16 18 7.121510e-01
16 19 7.816310e-01
16 20 8.291690e-01
16 21 8.404930e-01
16 22 8.059950e-01
16 23 7.199050e-01
16 24 5.881940e-01
16 25 4.297030e-01
16 26 2.725940e-01
16 27 1.448090e-01
16 28 6.156070e-02
16 29 1.978040e-02
16 30 4.475420e-03
16 31 6.528870e-04
16 32 5.557150e-05
16 33 4.083300e-06
16 34 1.441160e-06
16 35 0.000000e+00
16 36 0.000000e+00
16 37 0.000000e+00
16 38 0.000000e+00
16 39 0.000000e+00
16 40 0.000000e+00
17 1 6.010410e-03
17 2 2.445020e-03
17 3 3.615230e-03
17 4 4.948830e-03
17 5 7.109930e-03
17 6 1.013270e-02
17 7 1.440190e-02
17 8 2.062360e-02
17 9 2.945830e-02
17 10 4.263370e-02
17 11 6.170110e-02
17 12 8.972360e-02
17 13 1.306510e-01
17 14 1.913830e-01
17 15 2.807830e-01
17 16 4.150220e-01
17 17 5.866470e-01
17 18 6.923280e-01
17 19 7.629800e-01
17 20 8.134040e-01
17 21 8.295740e-01
17 22 8.014680e-01
17 23 7.225290e-01
17 24 5.970150e-01
17 25 4.421220e-01
17 26 2.850990e-01
17 27 1.544250e-01
17 28 6.717270e-02
17 29 2.217320e-02
17 30 5.175700e-03
17 31 7.826150e-04
17 32 6.915770e-05
17 33 5.071940e-06
17 34 1.789240e-06
17 35 0.000000e+00
17 36 0.000000e+00
17 37 0.000000e+00
17 38 0.000000e+00
17 39 0.000000e+00
17 40 0.000000e+00
18 1 4.356560e-03
18 2 1.773510e-03
18 3 2.623150e-03
18 4 3.591920e-03
18 5 5.162630e-03
18 6 7.361450e-03
18 7 1.046890e-02
18 8 1.499360e-02
18 9 2.140390e-02
18 10 3.095780e-02
18 11 4.483360e-02
18 12 6.540670e-02
18 13 9.581160e-02
18 14 1.411490e-01
18 15 2.080400e-01
18 16 3.088230e-01
18 17 4.606060e-01
18 18 6.539700e-01
18 19 7.575700e-01
18 20 8.121320e-01
18 21 8.339460e-01
18 22 8.123760e-01
18 23 7.399630e-01
18 24 6.191360e-01
18 25 4.655270e-01
18 26 3.057220e-01
18 27 1.692530e-01
18 28 7.554020e-02
18 29 2.570420e-02
18 30 6.215730e-03
18 31 9.791140e-04
18 32 9.036090e-05
18 33 6.167340e-06
18 34 1.200600e-06
18 35 0.000000e+00
18 36 0.000000e+00
18 37 0.000000e+00
18 38 0.000000e+00
18 39 0.000000e+00
18 40 0.000000e+00
19 1 2.967790e-03
19 2 1.209940e-03
19 3 1.790520e-03
19 4 2.453500e-03
19 5 3.529200e-03
19 6 5.037280e-03
19 7 7.172480e-03
19 8 1.028670e-02
19 9 1.469720e-02
19 10 2.126290e-02
19 11 3.081920e-02
19 12 4.511560e-02
19 13 6.664440e-02
19 14 9.965350e-02
19 15 1.491300e-01
19 16 2.239610e-01
19 17 3.372840e-01
19 18 5.103750e-01
19 19 7.290880e-01
19 20 8.280010e-01
19 21 8.566070e-01
19 22 8.420620e-01
19 23 7.755590e-01
19 24 6.578610e-01
19 25 5.029250e-01
19 26 3.369680e-01
19 27 1.910950e-01
19 28 8.776670e-02
19 29 3.089570e-02
19 30 7.776660e-03
19 31 1.283890e-03
19 32 1.250120e-04
19 33 8.178900e-06
19 34 4.430050e-07
19 35 2.011230e-09
19 36 0.000000e+00
19 37 0.000000e+00
19 38 0.000000e+00
19 39 0.000000e+00
19 40 0.000000e+00
20 1 2.199190e-03
20 2 8.963740e-04
20 3 1.326520e-03
20 4 1.817510e-03
20 5 2.614480e-03
20 6 3.732150e-03
20 7 5.314510e-03
20 8 7.622900e-03
20 9 1.089320e-02
20 10 1.574660e-02
20 11 2.274690e-02
20 12 3.308050e-02
20 13 4.838980e-02
20 14 7.145330e-02
20 15 1.064530e-01
20 16 1.606200e-01
20 17 2.431380e-01
20 18 3.698380e-01
20 19 5.650590e-01
20 20 8.100860e-01
20 21 8.954080e-01
20 22 8.899180e-01
20 23 8.304800e-01
20 24 7.158610e-01
20 25 5.579690e-01
20 26 3.826310e-01
20 27 2.230500e-01
20 28 1.058230e-01
20 29 3.868210e-02
20 30 1.017140e-02
20 31 1.765060e-03
20 32 1.816980e-04
20 33 1.189020e-05
20 34 6.810180e-07
20 35 6.633320e-09
20 36 0.000000e+00
20 37 0.000000e+00
20 38 0.000000e+00
20 39 0.000000e+00
20 40 0.000000e+00
21 1 1.534820e-03
21 2 6.260060e-04
21 3 9.266360e-04
21 4 1.270250e-03
21 5 1.828070e-03
21 6 2.610890e-03
21 7 3.720850e-03
21 8 5.342110e-03
21 9 7.642610e-03
21 10 1.106380e-02
21 11 1.600880e-02
21 12 2.332000e-02
21 13 3.418640e-02
21 14 5.070310e-02
21 15 7.560060e-02
21 16 1.137370e-01
21 17 1.722180e-01
21 18 2.628000e-01
21 19 4.036360e-01
21 20 6.244310e-01
21 21 8.973300e-01
21 22 9.629840e-01
21 23 9.119130e-01
21 24 7.999920e-01
21 25 6.369940e-01
21 26 4.481390e-01
21 27 2.693110e-01
21 28 1.324400e-01
21 29 5.048640e-02
21 30 1.393820e-02
21 31 2.558350e-03
21 32 2.807120e-04
21 33 1.736050e-05
21 34 6.375500e-07
21 35 1.230230e-08
21 36 1.988300e-10
21 37 0.000000e+00
21 38 0.000000e+00
21 39 0.000000e+00
21 40 0.000000e+00
22 1 1.000460e-03
22 2 4.087920e-04
22 3 6.054570e-04
22 4 8.304680e-04
22 5 1.196150e-03
22 6 1.710150e-03
22 7 2.440090e-03
22 8 3.508780e-03
22 9 5.029460e-03
22 10 7.297740e-03
22 11 1.058950e-02
22 12 1.547330e-02
22 13 2.275750e-02
22 14 3.387530e-02
22 15 5.077090e-02
22 16 7.692550e-02
22 17 1.174110e-01
22 18 1.807620e-01
22 19 2.803770e-01
22 20 4.385030e-01
22 21 6.886070e-01
22 22 9.940470e-01
22 23 1.029210e+00
22 24 9.201400e-01
22 25 7.496230e-01
22 26 5.421550e-01
22 27 3.367970e-01
22 28 1.722860e-01
22 29 6.880170e-02
22 30 2.005460e-02
22 31 3.921330e-03
22 32 4.626930e-04
22 33 2.997760e-05
22 34 1.123230e-06
22 35 2.640690e-08
22 36 1.284340e-09
22 37 0.000000e+00
22 38 0.000000e+00
22 39 0.000000e+00
22 40 0.000000e+00
23 1 6.024610e-04
23 2 2.465460e-04
23 3 3.654250e-04
23 4 5.017270e-04
23 5 7.234490e-04
23 6 1.035800e-03
23 7 1.480620e-03
23 8 2.133700e-03
23 9 3.066720e-03
23 10 4.464750e-03
23 11 6.504870e-03
23 12 9.551170e-03
23 13 1.412210e-02
23 14 2.113430e-02
23 15 3.188600e-02
23 16 4.880280e-02
23 17 7.554030e-02
23 18 1.181920e-01
23 19 1.863410e-01
23 20 2.962770e-01
23 21 4.732860e-01
23 22 7.581450e-01
23 23 1.099850e+00
23 24 1.091650e+00
23 25 9.110880e-01
23 26 6.786610e-01
23 27 4.368860e-01
23 28 2.332140e-01
23 29 9.799420e-02
23 30 3.033480e-02
23 31 6.366150e-03
23 32 8.157960e-04
23 33 5.650720e-05
23 34 2.236820e-06
23 35 6.469620e-08
23 36 3.043410e-09
23 37 0.000000e+00
23 38 0.000000e+00
23 39 0.000000e+00
23 40 0.000000e+00
24 1 3.540150e-04
24 2 1.453190e-04
24 3 2.155280e-04
24 4 2.961620e-04
24 5 4.275540e-04
24 6 6.130040e-04
24 7 8.777310e-04
24 8 1.267670e-03
24 9 1.826750e-03
24 10 2.668030e-03
24 11 3.902660e-03
24 12 5.758070e-03
24 13 8.562920e-03
24 14 1.289690e-02
24 15 1.958880e-02
24 16 3.020000e-02
24 17 4.714000e-02
24 18 7.454420e-02
24 19 1.191550e-01
24 20 1.924460e-01
24 21 3.128020e-01
24 22 5.107060e-01
24 23 8.332260e-01
24 24 1.211360e+00
24 25 1.143820e+00
24 26 8.797030e-01
24 27 5.889600e-01
24 28 3.294700e-01
24 29 1.463890e-01
24 30 4.839470e-02
24 31 1.096940e-02
24 32 1.537200e-03
24 33 1.172810e-04
24 34 4.916380e-06
24 35 1.687860e-07
24 36 7.542370e-09
24 37 0.000000e+00
24 38 0.000000e+00
24 39 0.000000e+00
24 40 0.000000e+00
25 1 1.902210e-04
25 2 7.872510e-05
25 3 1.168750e-04
25 4 1.607850e-04
25 5 2.324160e-04
25 6 3.338050e-04
25 7 4.790130e-04
25 8 6.937060e-04
25 9 1.003090e-03
25 10 1.471160e-03
25 11 2.162730e-03
25 12 3.210490e-03
25 13 4.809760e-03
25 14 7.308090e-03
25 15 1.121170e-02
25 16 1.747700e-02
25 17 2.762420e-02
25 18 4.430570e-02
25 19 7.196810e-02
25 20 1.184140e-01
25 21 1.965060e-01
25 22 3.282600e-01
25 23 5.490730e-01
25 24 9.140560e-01
25 25 1.330320e+00
25 26 1.183380e+00
25 27 8.254540e-01
25 28 4.857710e-01
25 29 2.293090e-01
25 30 8.146220e-02
25 31 2.009250e-02
25 32 3.108340e-03
25 33 2.654630e-04
25 34 1.186520e-05
25 35 4.626660e-07
25 36 1.982350e-08
25 37 0.000000e+00
25 38 0.000000e+00
25 39 0.000000e+00
25 40 0.000000e+00
26 1 8.574720e-05
26 2 3.604170e-05
26 3 5.354620e-05
26 4 7.373080e-05
26 5 1.067110e-04
26 6 1.535070e-04
26 7 2.207070e-04
26 8 3.204090e-04
26 9 4.647420e-04
26 10 6.843900e-04
26 11 1.011520e-03
26 12 1.511910e-03
26 13 2.284900e-03
26 14 3.510430e-03
26 15 5.460710e-03
26 16 8.656660e-03
26 17 1.395430e-02
26 18 2.290320e-02
26 19 3.821440e-02
26 20 6.484420e-02
26 21 1.113840e-01
26 22 1.931900e-01
26 23 3.362510e-01
26 24 5.833580e-01
26 25 1.000580e+00
26 26 1.462300e+00
26 27 1.210920e+00
26 28 7.490970e-01
26 29 3.762090e-01
26 30 1.441830e-01
26 31 3.898890e-02
26 32 6.739960e-03
26 33 6.577990e-04
26 34 3.207300e-05
26 35 1.348520e-06
26 36 5.770320e-08
26 37 0.000000e+00
26 38 0.000000e+00
26 39 0.000000e+00
26 40 0.000000e+00
27 1 3.858840e-05
27 2 1.638910e-05
27 3 2.438120e-05
27 4 3.362840e-05
27 5 4.876880e-05
27 6 7.032790e-05
27 7 1.014410e-04
27 8 1.478410e-04
27 9 2.154560e-04
27 10 3.190970e-04
27 11 4.748350e-04
27 12 7.154940e-04
27 13 1.091740e-03
27 14 1.696250e-03
27 15 2.673450e-03
27 16 4.303310e-03
27 17 7.061260e-03
27 18 1.182170e-02
27 19 2.013680e-02
27 20 3.489110e-02
27 21 6.123500e-02
27 22 1.088350e-01
27 23 1.951560e-01
27 24 3.504380e-01
27 25 6.246640e-01
27 26 1.093050e+00
27 27 1.588280e+00
27 28 1.209590e+00
27 29 6.504440e-01
27 30 2.708510e-01
27 31 8.086480e-02
27 32 1.569990e-02
27 33 1.752830e-03
27 34 9.684650e-05
27 35 3.428830e-06
27 36 1.610250e-07
27 37 0.000000e+00
27 38 0.000000e+00
27 39 0.000000e+00
27 40 0.000000e+00
28 1 1.288900e-05
28 2 6.089270e-06
28 3 9.096770e-06
28 4 1.256880e-05
28 5 1.826420e-05
28 6 2.640240e-05
28 7 3.819660e-05
28 8 5.587800e-05
28 9 8.181410e-05
28 10 1.218760e-04
28 11 1.826600e-04
28 12 2.776660e-04
28 13 4.282470e-04
28 14 6.741890e-04
28 15 1.079860e-03
28 16 1.772590e-03
28 17 2.977730e-03
28 18 5.128280e-03
28 19 9.036120e-03
28 20 1.625150e-02
28 21 2.962180e-02
28 22 5.462250e-02
28 23 1.018540e-01
28 24 1.913760e-01
28 25 3.589690e-01
28 26 6.635950e-01
28 27 1.192100e+00
28 28 1.721210e+00
28 29 1.184750e+00
28 30 5.370860e-01
28 31 1.779930e-01
28 32 3.919160e-02
28 33 5.082370e-03
28 34 3.334330e-04
28 35 1.014160e-05
28 36 4.718150e-07
28 37 0.000000e+00
28 38 0.000000e+00
28 39 0.000000e+00
28 40 0.000000e+00
29 1 2.773200e-06
29 2 1.585540e-06
29 3 2.600340e-06
29 4 3.835580e-06
29 5 5.752500e-06
29 6 8.391130e-06
29 7 1.213950e-05
29 8 1.774000e-05
29 9 2.594740e-05
29 10 3.862280e-05
29 11 5.787790e-05
29 12 8.808020e-05
29 13 1.362650e-04
29 14 2.157950e-04
29 15 3.490500e-04
29 16 5.815530e-04
29 17 9.980930e-04
29 18 1.769720e-03
29 19 3.240340e-03
29 20 6.129590e-03
29 21 1.190160e-02
29 22 2.343720e-02
29 23 4.621200e-02
29 24 9.136130e-02
29 25 1.812370e-01
29 26 3.586570e-01
29 27 6.958210e-01
29 28 1.295510e+00
29 29 1.861070e+00
29 30 1.133300e+00
29 31 4.166860e-01
29 32 1.045080e-01
29 33 1.591290e-02
29 34 1.268580e-03
29 35 4.465640e-05
29 36 1.440880e-06
29 37 5.855890e-09
29 38 0.000000e+00
29 39 0.000000e+00
29 40 0.000000e+00
30 1 5.201040e-07
30 2 2.977260e-07
30 3 4.925850e-07
30 4 7.535190e-07
30 5 1.206090e-06
30 6 1.881010e-06
30 7 2.875340e-06
30 8 4.375370e-06
30 9 6.588540e-06
30 10 1.001370e-05
30 11 1.526370e-05
30 12 2.366810e-05
30 13 3.741640e-05
30 14 6.074140e-05
30 15 1.010630e-04
30 16 1.739000e-04
30 17 3.095700e-04
30 18 5.722130e-04
30 19 1.098480e-03
30 20 2.191190e-03
30 21 4.483360e-03
30 22 9.283000e-03
30 23 1.929840e-02
30 24 4.019820e-02
30 25 8.399450e-02
30 26 1.763960e-01
30 27 3.669520e-01
30 28 7.385620e-01
30 29 1.404060e+00
30 30 1.981150e+00
30 31 1.049160e+00
30 32 3.012750e-01
30 33 5.413000e-02
30 34 5.259090e-03
30 35 2.301950e-04
30 36 5.487460e-06
30 37 1.587440e-07
30 38 0.000000e+00
30 39 0.000000e+00
30 40 0.000000e+00
31 1 8.249050e-08
31 2 4.722060e-08
31 3 7.812590e-08
31 4 1.195120e-07
31 5 1.914960e-07
31 6 3.042110e-07
31 7 4.811270e-07
31 8 7.646290e-07
31 9 1.206520e-06
31 10 1.918580e-06
31 11 3.033880e-06
31 12 4.798150e-06
31 13 7.700900e-06
31 14 1.271170e-05
31 15 2.157110e-05
31 16 3.799700e-05
31 17 6.953740e-05
31 18 1.327930e-04
31 19 2.650450e-04
31 20 5.544010e-04
31 21 1.210340e-03
31 22 2.730760e-03
31 23 6.231880e-03
31 24 1.422560e-02
31 25 3.236250e-02
31 26 7.318380e-02
31 27 1.654650e-01
31 28 3.675820e-01
31 29 7.778880e-01
31 30 1.521400e+00
31 31 2.096340e+00
31 32 9.375960e-01
31 33 1.996170e-01
31 34 2.396150e-02
31 35 1.349940e-03
31 36 3.075510e-05
31 37 1.054960e-06
31 38 0.000000e+00
31 39 0.000000e+00
31 40 0.000000e+00
32 1 1.171010e-08
32 2 6.703310e-09
32 3 1.109060e-08
32 4 1.696560e-08
32 5 2.718430e-08
32 6 4.318500e-08
32 7 6.829960e-08
32 8 1.085450e-07
32 9 1.713260e-07
32 10 2.725910e-07
32 11 4.315560e-07
32 12 6.866220e-07
32 13 1.112090e-06
32 14 1.859060e-06
32 15 3.202520e-06
32 16 5.758010e-06
32 17 1.087800e-05
32 18 2.166670e-05
32 19 4.559230e-05
32 20 1.016690e-04
32 21 2.395470e-04
32 22 5.943590e-04
32 23 1.529660e-03
32 24 3.967680e-03
32 25 1.011430e-02
32 26 2.496230e-02
32 27 6.144880e-02
32 28 1.515970e-01
32 29 3.636810e-01
32 30 8.148460e-01
32 31 1.642120e+00
32 32 2.198770e+00
32 33 8.061720e-01
32 34 1.193270e-01
32 35 8.778830e-03
32 36 2.555050e-04
32 37 3.563700e-06
32 38 0.000000e+00
32 39 0.000000e+00
32 40 0.000000e+00
33 1 2.030020e-09
33 2 1.162060e-09
33 3 1.922610e-09
33 4 2.941070e-09
33 5 4.712540e-09
33 6 7.486360e-09
33 7 1.184010e-08
33 8 1.881690e-08
33 9 2.970030e-08
33 10 4.725510e-08
33 11 7.481260e-08
33 12 1.185510e-07
33 13 1.876830e-07
33 14 2.979460e-07
33 15 4.718490e-07
33 16 7.669340e-07
33 17 1.325590e-06
33 18 2.550340e-06
33 19 5.438670e-06
33 20 1.280490e-05
33 21 3.280230e-05
33 22 9.014170e-05
33 23 2.629830e-04
33 24 7.956720e-04
33 25 2.386800e-03
33 26 6.670580e-03
33 27 1.808540e-02
33 28 4.954140e-02
33 29 1.358100e-01
33 30 3.564000e-01
33 31 8.508820e-01
33 32 1.765930e+00
33 33 2.281400e+00
33 34 6.638980e-01
33 35 6.321870e-02
33 36 2.565810e-03
33 37 3.423840e-05
33 38 2.844690e-07
33 39 0.000000e+00
33 40 0.000000e+00
34 1 7.066200e-10
34 2 4.044900e-10
34 3 6.692300e-10
34 4 1.023740e-09
34 5 1.640360e-09
34 6 2.605890e-09
34 7 4.121360e-09
34 8 6.549870e-09
34 9 1.033820e-08
34 10 1.644880e-08
34 11 2.604110e-08
34 12 4.126580e-08
34 13 6.532960e-08
34 14 1.037100e-07
34 15 1.641520e-07
34 16 2.603800e-07
34 17 4.126730e-07
34 18 6.540950e-07
34 19 1.036100e-06
34 20 1.699840e-06
34 21 3.298450e-06
34 22 8.465550e-06
34 23 2.625880e-05
34 24 8.942480e-05
34 25 3.195830e-04
34 26 1.135730e-03
34 27 3.703730e-03
34 28 1.171220e-02
34 29 3.744230e-02
34 30 1.179360e-01
34 31 3.457300e-01
34 32 8.873250e-01
34 33 1.894190e+00
34 34 2.338620e+00
34 35 5.212650e-01
34 36 2.908600e-02
34 37 5.733880e-04
34 38 3.576120e-06
34 39 0.000000e+00
34 40 0.000000e+00
35 1 2.574700e-10
35 2 1.473800e-10
35 3 2.438500e-10
35 4 3.730200e-10
35 5 5.977000e-10
35 6 9.495000e-10
35 7 1.501690e-09
35 8 2.386570e-09
35 9 3.766920e-09
35 10 5.993400e-09
35 11 9.488550e-09
35 12 1.503600e-08
35 13 2.380400e-08
35 14 3.778870e-08
35 15 5.981180e-08
35 16 9.487430e-08
35 17 1.503650e-07
35 18 2.383320e-07
35 19 3.774650e-07
35 20 5.985680e-07
35 21 9.484790e-07
35 22 1.517870e-06
35 23 2.701550e-06
35 24 6.577570e-06
35 25 2.262540e-05
35 26 8.855790e-05
35 27 3.531710e-04
35 28 1.464590e-03
35 29 6.192850e-03
35 30 2.561130e-02
35 31 9.847800e-02
35 32 3.321400e-01
35 33 9.245980e-01
35 34 2.022950e+00
35 35 2.368040e+00
35 36 3.903600e-01
35 37 1.132450e-02
35 38 9.315250e-05
35 39 3.207590e-07
35 40 0.000000e+00
36 1 1.327700e-10
36 2 7.600100e-11
36 3 1.257400e-10
36 4 1.923500e-10
36 5 3.082100e-10
36 6 4.896200e-10
36 7 7.743700e-10
36 8 1.230660e-09
36 9 1.942460e-09
36 10 3.090580e-09
36 11 4.892890e-09
36 12 7.753480e-09
36 13 1.227490e-08
36 14 1.948620e-08
36 15 3.084270e-08
36 16 4.892310e-08
36 17 7.753770e-08
36 18 1.228990e-07
36 19 1.946450e-07
36 20 3.086590e-07
36 21 4.890790e-07
36 22 7.752940e-07
36 23 1.228750e-06
36 24 1.953930e-06
36 25 3.355390e-06
36 26 8.406150e-06
36 27 3.392840e-05
36 28 1.540940e-04
36 29 7.298740e-04
36 30 3.599200e-03
36 31 1.768190e-02
36 32 8.045470e-02
36 33 3.122960e-01
36 34 9.523980e-01
36 35 2.147910e+00
36 36 2.376810e+00
36 37 2.794660e-01
36 38 3.608520e-03
36 39 1.231140e-05
36 40 0.000000e+00
37 1 3.664100e-11
37 2 2.097500e-11
37 3 3.470200e-11
37 4 5.308500e-11
37 5 8.506000e-11
37 6 1.351300e-10
37 7 2.137100e-10
37 8 3.396400e-10
37 9 5.360800e-10
37 10 8.529400e-10
37 11 1.350340e-09
37 12 2.139810e-09
37 13 3.387620e-09
37 14 5.377820e-09
37 15 8.511990e-09
37 16 1.350180e-08
37 17 2.139890e-08
37 18 3.391770e-08
37 19 5.371810e-08
37 20 8.518390e-08
37 21 1.349760e-07
37 22 2.139660e-07
37 23 3.391120e-07
37 24 5.373900e-07
37 25 8.519570e-07
37 26 1.399940e-06
37 27 3.239130e-06
37 28 1.336880e-05
37 29 6.762510e-05
37 30 3.646530e-04
37 31 2.052820e-03
37 32 1.183970e-02
37 33 6.405260e-02
37 34 2.897600e-01
37 35 9.769240e-01
37 36 2.270300e+00
37 37 2.362150e+00
37 38 1.915530e-01
37 39 9.092580e-04
37 40 3.189920e-06
38 1 2.705400e-11
38 2 1.548700e-11
38 3 2.562300e-11
38 4 3.919600e-11
38 5 6.280500e-11
38 6 9.977200e-11
38 7 1.577900e-10
38 8 2.507800e-10
38 9 3.958200e-10
38 10 6.297700e-10
38 11 9.970400e-10
38 12 1.579950e-09
38 13 2.501280e-09
38 14 3.970750e-09
38 15 6.284890e-09
38 16 9.969180e-09
38 17 1.580000e-08
38 18 2.504340e-08
38 19 3.966310e-08
38 20 6.289610e-08
38 21 9.966070e-08
38 22 1.579830e-07
38 23 2.503860e-07
38 24 3.967860e-07
38 25 6.288980e-07
38 26 9.967990e-07
38 27 1.608860e-06
38 28 3.262480e-06
38 29 1.020880e-05
38 30 4.170360e-05
38 31 2.072690e-04
38 32 1.205750e-03
38 33 7.782730e-03
38 34 4.973990e-02
38 35 2.654410e-01
38 36 9.987420e-01
38 37 2.387990e+00
38 38 2.327720e+00
38 39 1.268240e-01
38 40 1.750520e-04
39 1 1.482100e-11
39 2 8.484300e-12
39 3 1.403700e-11
39 4 2.147300e-11
39 5 3.440700e-11
39 6 5.465800e-11
39 7 8.644500e-11
39 8 1.373800e-10
39 9 2.168400e-10
39 10 3.450100e-10
39 11 5.462100e-10
39 12 8.655500e-10
39 13 1.370290e-09
39 14 2.175320e-09
39 15 3.443090e-09
39 16 5.461470e-09
39 17 8.655830e-09
39 18 1.371970e-08
39 19 2.172890e-08
39 20 3.445680e-08
39 21 5.459770e-08
39 22 8.654900e-08
39 23 1.371700e-07
39 24 2.173730e-07
39 25 3.445330e-07
39 26 5.460450e-07
39 27 8.654150e-07
39 28 1.372720e-06
39 29 2.334460e-06
39 30 5.380960e-06
39 31 1.904270e-05
39 32 9.700260e-05
39 33 6.352570e-04
39 34 4.810400e-03
39 35 3.728300e-02
39 36 2.402200e-01
39 37 1.019990e+00
39 38 2.499490e+00
39 39 2.278250e+00
39 40 8.186960e-02
40 1 7.110800e-12
40 2 4.070500e-12
40 3 6.734500e-12
40 4 1.030200e-11
40 5 1.650700e-11
40 6 2.622300e-11
40 7 4.147400e-11
40 8 6.591200e-11
40 9 1.040300e-10
40 10 1.655300e-10
40 11 2.620500e-10
40 12 4.152600e-10
40 13 6.574200e-10
40 14 1.043650e-09
40 15 1.651880e-09
40 16 2.620230e-09
40 17 4.152780e-09
40 18 6.582230e-09
40 19 1.042480e-08
40 20 1.653120e-08
40 21 2.619420e-08
40 22 4.152330e-08
40 23 6.580970e-08
40 24 1.042890e-07
40 25 1.652950e-07
40 26 2.619740e-07
40 27 4.151970e-07
40 28 6.580420e-07
40 29 1.042920e-06
40 30 1.654100e-06
40 31 2.718430e-06
40 32 5.682020e-06
40 33 2.369630e-05
40 34 1.998050e-04
40 35 2.233000e-03
40 36 2.484470e-02
40 37 2.119490e-01
40 38 1.045760e+00
40 39 2.607040e+00
40 40 2.267990e+00
