1 7.461480e-02
2 7.461480e-02
3 7.461480e-02
4 7.461480e-02
5 7.461480e-02
6 7.461480e-02
7 7.461480e-02
8 7.461480e-02
9 7.461480e-02
10 7.461480e-02
11 7.461480e-02
12 7.461480e-02
13 7.461480e-02
14 7.461480e-02
15 7.461480e-02
16 7.461480e-02
17 7.461480e-02
18 7.461480e-02
19 7.461480e-02
20 7.461480e-02
21 7.461480e-02
22 7.461480e-02
23 7.461480e-02
24 7.461480e-02
25 7.461480e-02
26 7.461480e-02
27 7.461480e-02
28 7.461480e-02
29 7.461480e-02
30 7.461480e-02
31 7.461480e-02
32 7.461480e-02
33 7.461480e-02
34 7.461480e-02
35 7.461480e-02
36 7.461480e-02
37 7.461480e-02
38 7.461480e-02
39 7.461480e-02
40 7.461480e-02
