1 6.133370e+01
2 5.478250e+01
3 4.886640e+01
4 4.360760e+01
5 3.897360e+01
6 3.483190e+01
7 3.114980e+01
8 2.787250e+01
9 2.498330e+01
10 2.241180e+01
11 2.013750e+01
12 1.813930e+01
13 1.637200e+01
14 1.482450e+01
15 1.346640e+01
16 1.228720e+01
17 1.126380e+01
18 1.038000e+01
19 9.629000e+00
20 8.988770e+00
21 8.451660e+00
22 8.006970e+00
23 7.638820e+00
24 7.339330e+00
25 7.098100e+00
26 6.904380e+00
27 6.749230e+00
28 6.626670e+00
29 6.528400e+00
30 6.450400e+00
31 6.388910e+00
32 6.339650e+00
33 6.300740e+00
34 6.269690e+00
35 6.245220e+00
36 6.225530e+00
37 6.210050e+00
38 6.197670e+00
39 6.187990e+00
40 6.180120e+00
