1 3.914950e-07
2 1.418800e-08
3 1.468650e-08
4 1.520440e-08
5 1.573970e-08
6 1.629070e-08
7 1.686310e-08
8 1.745790e-08
9 1.807110e-08
10 1.870450e-08
11 1.936270e-08
12 2.004510e-08
13 2.074740e-08
14 2.147650e-08
15 2.223350e-08
16 2.301320e-08
17 2.382160e-08
18 2.466090e-08
19 2.552590e-08
20 2.642280e-08
21 2.735330e-08
22 2.831260e-08
23 2.930860e-08
24 3.033900e-08
25 3.140390e-08
26 3.250940e-08
27 3.365020e-08
28 3.483400e-08
29 3.605750e-08
30 3.732470e-08
31 3.863700e-08
32 3.999400e-08
33 4.140060e-08
34 4.285440e-08
35 4.436150e-08
36 4.591950e-08
37 4.753410e-08
38 4.920400e-08
39 5.093330e-08
40 5.272350e-08
41 5.457550e-08
42 5.649440e-08
43 5.847880e-08
44 6.053450e-08
45 6.266190e-08
46 6.486320e-08
47 6.714330e-08
48 6.950280e-08
49 7.194460e-08
50 7.447330e-08
51 7.709060e-08
52 7.979940e-08
53 8.260330e-08
54 8.550640e-08
55 8.851130e-08
56 9.162160e-08
57 9.484110e-08
58 9.817380e-08
59 1.016240e-07
60 1.051950e-07
61 1.088910e-07
62 1.127180e-07
63 1.166790e-07
64 1.207790e-07
65 1.250230e-07
66 1.294170e-07
67 1.339640e-07
68 1.386720e-07
69 1.435450e-07
70 1.485890e-07
71 1.538100e-07
72 1.592150e-07
73 1.648090e-07
74 1.706010e-07
75 1.765960e-07
76 1.828010e-07
77 1.892240e-07
78 1.958740e-07
79 2.027560e-07
80 2.098810e-07
81 2.172560e-07
82 2.248900e-07
83 2.327920e-07
84 2.409720e-07
85 2.494390e-07
86 2.582040e-07
87 2.672770e-07
88 2.766680e-07
89 2.863900e-07
90 2.964530e-07
91 3.068700e-07
92 3.176520e-07
93 3.288140e-07
94 3.403670e-07
95 3.523270e-07
96 3.647060e-07
97 3.775210e-07
98 3.907860e-07
99 4.045170e-07
100 4.187300e-07
101 4.333930e-07
102 4.485570e-07
103 4.643140e-07
104 4.806870e-07
105 4.976060e-07
106 5.150230e-07
107 5.331160e-07
108 5.519180e-07
109 5.712990e-07
110 5.913200e-07
111 6.121240e-07
112 6.336920e-07
113 6.558910e-07
114 6.789350e-07
115 7.028600e-07
116 7.275020e-07
117 7.530510e-07
118 7.795780e-07
119 8.069160e-07
120 8.352640e-07
121 8.646680e-07
122 8.949870e-07
123 9.264630e-07
124 9.590240e-07
125 9.926790e-07
126 1.027610e-06
127 1.063660e-06
128 1.101070e-06
129 1.139740e-06
130 1.179780e-06
131 1.221240e-06
132 1.264120e-06
133 1.308570e-06
134 1.354500e-06
135 1.402120e-06
136 1.451350e-06
137 1.502360e-06
138 1.555120e-06
139 1.609750e-06
140 1.666310e-06
141 1.724820e-06
142 1.785440e-06
143 1.848130e-06
144 1.913070e-06
145 1.980270e-06
146 2.049810e-06
147 2.121830e-06
148 2.196360e-06
149 2.273490e-06
150 2.353360e-06
151 2.436020e-06
152 2.521580e-06
153 2.610130e-06
154 2.701820e-06
155 2.796710e-06
156 2.894930e-06
157 2.996600e-06
158 3.101840e-06
159 3.210770e-06
160 3.323540e-06
161 3.440250e-06
162 3.561070e-06
163 3.686120e-06
164 3.815570e-06
165 3.949550e-06
166 4.088240e-06
167 4.231800e-06
168 4.380390e-06
169 4.534200e-06
170 4.693410e-06
171 4.858200e-06
172 5.028770e-06
173 5.205330e-06
174 5.388090e-06
175 5.577260e-06
176 5.773060e-06
177 5.975740e-06
178 6.185530e-06
179 6.402660e-06
180 6.627430e-06
181 6.860070e-06
182 7.100880e-06
183 7.350120e-06
184 7.608120e-06
185 7.875150e-06
186 8.151570e-06
187 8.437660e-06
188 8.733790e-06
189 9.040310e-06
190 9.357570e-06
191 9.685950e-06
192 1.002590e-05
193 1.037770e-05
194 1.074180e-05
195 1.111870e-05
196 1.150880e-05
197 1.191260e-05
198 1.233060e-05
199 1.276310e-05
200 1.321090e-05
201 1.367280e-05
202 1.415030e-05
203 1.464660e-05
204 1.516220e-05
205 1.569490e-05
206 1.624320e-05
207 1.681280e-05
208 1.740460e-05
209 1.801460e-05
210 1.864470e-05
211 1.929930e-05
212 1.997790e-05
213 2.067620e-05
214 2.140110e-05
215 2.215360e-05
216 2.292850e-05
217 2.373180e-05
218 2.456570e-05
219 2.542500e-05
220 2.631600e-05
221 2.724000e-05
222 2.819260e-05
223 2.918140e-05
224 3.020420e-05
225 3.126110e-05
226 3.235800e-05
227 3.348970e-05
228 3.466400e-05
229 3.587730e-05
230 3.713370e-05
231 3.843460e-05
232 3.977940e-05
233 4.117310e-05
234 4.261330e-05
235 4.410600e-05
236 4.564860e-05
237 4.724690e-05
238 4.889960e-05
239 5.061070e-05
240 5.238150e-05
241 5.421300e-05
242 5.611010e-05
243 5.807140e-05
244 6.010260e-05
245 6.220400e-05
246 6.437780e-05
247 6.662870e-05
248 6.895720e-05
249 7.136610e-05
250 7.386000e-05
251 7.644030e-05
252 7.910990e-05
253 8.187230e-05
254 8.473130e-05
255 8.768950e-05
256 9.075020e-05
257 9.391710e-05
258 9.719390e-05
259 1.005850e-04
260 1.040930e-04
261 1.077230e-04
262 1.114790e-04
263 1.153650e-04
264 1.193850e-04
265 1.235450e-04
266 1.278490e-04
267 1.323010e-04
268 1.369080e-04
269 1.416740e-04
270 1.466040e-04
271 1.517050e-04
272 1.569810e-04
273 1.624400e-04
274 1.680880e-04
275 1.739290e-04
276 1.799720e-04
277 1.862230e-04
278 1.926900e-04
279 1.993780e-04
280 2.062960e-04
281 2.134520e-04
282 2.208540e-04
283 2.285090e-04
284 2.364280e-04
285 2.446170e-04
286 2.530860e-04
287 2.618450e-04
288 2.709040e-04
289 2.802720e-04
290 2.899590e-04
291 2.999770e-04
292 3.103360e-04
293 3.210470e-04
294 3.321230e-04
295 3.435750e-04
296 3.554150e-04
297 3.676570e-04
298 3.803130e-04
299 3.933970e-04
300 4.069230e-04
301 4.208500e-04
302 4.352300e-04
303 4.501610e-04
304 4.656650e-04
305 4.816560e-04
306 4.980720e-04
307 5.151120e-04
308 5.328050e-04
309 5.509950e-04
310 5.697440e-04
311 5.892080e-04
312 6.093570e-04
313 6.300270e-04
314 6.514570e-04
315 6.736780e-04
316 6.964880e-04
317 7.200960e-04
318 7.445740e-04
319 7.697100e-04
320 7.957280e-04
321 8.226670e-04
322 8.503370e-04
323 8.790190e-04
324 9.086030e-04
325 9.390800e-04
326 9.706590e-04
327 1.003110e-03
328 1.036720e-03
329 1.071320e-03
330 1.107050e-03
331 1.143930e-03
332 1.181920e-03
333 1.221180e-03
334 1.261580e-03
335 1.303330e-03
336 1.346300e-03
337 1.390670e-03
338 1.436340e-03
339 1.483450e-03
340 1.532000e-03
341 1.581980e-03
342 1.633540e-03
343 1.686560e-03
344 1.741240e-03
345 1.797520e-03
346 1.855410e-03
347 1.915060e-03
348 1.976400e-03
349 2.039480e-03
350 2.104420e-03
351 2.171170e-03
352 2.239770e-03
353 2.310250e-03
354 2.382700e-03
355 2.457110e-03
356 2.533510e-03
357 2.611950e-03
358 2.692480e-03
359 2.775130e-03
360 2.859910e-03
361 2.946850e-03
362 3.035930e-03
363 3.127140e-03
364 3.220410e-03
365 3.315640e-03
366 3.412770e-03
367 3.511790e-03
368 3.612770e-03
369 3.715770e-03
370 3.820890e-03
371 3.928160e-03
372 4.037550e-03
373 4.148940e-03
374 4.262180e-03
375 4.377030e-03
376 4.493370e-03
377 4.611320e-03
378 4.730960e-03
379 4.852380e-03
380 4.975730e-03
381 5.100970e-03
382 5.228160e-03
383 5.357210e-03
384 5.488000e-03
385 5.620410e-03
386 5.754450e-03
387 5.890070e-03
388 6.027240e-03
389 6.165910e-03
390 6.305990e-03
391 6.447470e-03
392 6.590310e-03
393 6.734440e-03
394 6.879780e-03
395 7.026250e-03
396 7.173800e-03
397 7.322350e-03
398 7.471760e-03
399 7.621890e-03
400 7.772500e-03
401 7.921570e-03
402 8.070050e-03
403 8.220280e-03
404 8.372230e-03
405 8.522700e-03
406 8.669170e-03
407 8.816510e-03
408 8.964680e-03
409 9.109930e-03
410 9.252810e-03
411 9.395760e-03
412 9.537540e-03
413 9.674590e-03
414 9.810360e-03
415 9.944630e-03
416 1.007330e-02
417 1.019890e-02
418 1.032190e-02
419 1.043820e-02
420 1.055020e-02
421 1.065780e-02
422 1.075730e-02
423 1.085160e-02
424 1.093840e-02
425 1.101680e-02
426 1.108820e-02
427 1.114950e-02
428 1.120230e-02
429 1.124500e-02
430 1.127730e-02
431 1.129920e-02
432 1.130960e-02
433 1.130860e-02
434 1.129570e-02
435 1.127050e-02
436 1.123340e-02
437 1.118330e-02
438 1.112100e-02
439 1.104590e-02
440 1.095780e-02
441 1.085840e-02
442 1.074490e-02
443 1.062120e-02
444 1.048420e-02
445 1.033600e-02
446 1.017790e-02
447 1.000730e-02
448 9.827340e-03
449 9.638770e-03
450 9.439570e-03
451 9.232160e-03
452 9.017680e-03
453 8.796180e-03
454 8.567050e-03
455 8.332360e-03
456 8.092810e-03
457 7.848920e-03
458 7.601230e-03
459 7.350200e-03
460 7.096480e-03
461 6.841030e-03
462 6.584430e-03
463 6.327280e-03
464 6.070160e-03
465 5.813630e-03
466 5.558240e-03
467 5.304530e-03
468 5.053000e-03
469 4.804140e-03
470 4.558520e-03
471 4.316750e-03
472 4.079070e-03
473 3.845880e-03
474 3.617540e-03
475 3.394690e-03
476 3.178020e-03
477 2.967280e-03
478 2.763040e-03
479 2.566190e-03
480 2.376200e-03
481 2.194180e-03
482 2.019800e-03
483 1.853740e-03
484 1.695780e-03
485 1.546520e-03
486 1.405530e-03
487 1.273270e-03
488 1.149580e-03
489 1.034230e-03
490 9.272440e-04
491 8.284150e-04
492 7.374760e-04
493 6.541410e-04
494 5.780900e-04
495 5.089790e-04
496 4.464380e-04
497 3.900780e-04
498 3.394970e-04
499 2.942880e-04
500 1.655930e-03
