1 5.294490e-02
2 5.241380e-02
3 5.187050e-02
4 5.131450e-02
5 5.074540e-02
6 5.016320e-02
7 4.956740e-02
8 4.895770e-02
9 4.833380e-02
10 4.770340e-02
11 4.718030e-02
12 4.668610e-02
13 4.618030e-02
14 4.566290e-02
15 4.513330e-02
16 4.459130e-02
17 4.403690e-02
18 4.347920e-02
19 4.300400e-02
20 4.254200e-02
21 4.206920e-02
22 4.158540e-02
23 4.109030e-02
24 4.058370e-02
25 4.008990e-02
26 3.965800e-02
27 3.922070e-02
28 3.877310e-02
29 3.831520e-02
30 3.784660e-02
31 3.740730e-02
32 3.701740e-02
33 3.661900e-02
34 3.621140e-02
35 3.579420e-02
36 3.536730e-02
37 3.493050e-02
38 3.449270e-02
39 3.411820e-02
40 3.375080e-02
41 3.337500e-02
42 3.299040e-02
43 3.259680e-02
44 3.219420e-02
45 3.182650e-02
46 3.148470e-02
47 3.113510e-02
48 3.077720e-02
49 3.041100e-02
50 3.004480e-02
51 2.971860e-02
52 2.939240e-02
53 2.905870e-02
54 2.871720e-02
55 2.838070e-02
56 2.809180e-02
57 2.780240e-02
58 2.750630e-02
59 2.720320e-02
60 2.689320e-02
61 2.657580e-02
62 2.625110e-02
63 2.591980e-02
64 2.563170e-02
65 2.536530e-02
66 2.509260e-02
67 2.481360e-02
68 2.452820e-02
69 2.423600e-02
70 2.393740e-02
71 2.367620e-02
72 2.343930e-02
73 2.319690e-02
74 2.294880e-02
75 2.269500e-02
76 2.243520e-02
77 2.216940e-02
78 2.189740e-02
79 2.161910e-02
80 2.134030e-02
81 2.110850e-02
82 2.088390e-02
83 2.065410e-02
84 2.041890e-02
85 2.017820e-02
86 1.993200e-02
87 1.968000e-02
88 1.942940e-02
89 1.921810e-02
90 1.900980e-02
91 1.879660e-02
92 1.857840e-02
93 1.835510e-02
94 1.812670e-02
95 1.790920e-02
96 1.772060e-02
97 1.752860e-02
98 1.733220e-02
99 1.713130e-02
100 1.692560e-02
101 1.674050e-02
102 1.657650e-02
103 1.640880e-02
104 1.623720e-02
105 1.606160e-02
106 1.588190e-02
107 1.569800e-02
108 1.550980e-02
109 1.531730e-02
110 1.512230e-02
111 1.495470e-02
112 1.479390e-02
113 1.462940e-02
114 1.446100e-02
115 1.428880e-02
116 1.411250e-02
117 1.393210e-02
118 1.375080e-02
119 1.359780e-02
120 1.344950e-02
121 1.329780e-02
122 1.314250e-02
123 1.298360e-02
124 1.282100e-02
125 1.266320e-02
126 1.252710e-02
127 1.238950e-02
128 1.224870e-02
129 1.210470e-02
130 1.195720e-02
131 1.181960e-02
132 1.169840e-02
133 1.157460e-02
134 1.144800e-02
135 1.131830e-02
136 1.118560e-02
137 1.104990e-02
138 1.091340e-02
139 1.079280e-02
140 1.067360e-02
141 1.055170e-02
142 1.042680e-02
143 1.029910e-02
144 1.016850e-02
145 1.005560e-02
146 9.956320e-03
147 9.854750e-03
148 9.750800e-03
149 9.644440e-03
150 9.535610e-03
151 9.424230e-03
152 9.310250e-03
153 9.193640e-03
154 9.074300e-03
155 8.958940e-03
156 8.869780e-03
157 8.781790e-03
158 8.691740e-03
159 8.599590e-03
160 8.505310e-03
161 8.408820e-03
162 8.310080e-03
163 8.209240e-03
164 8.116480e-03
165 8.027390e-03
166 7.936200e-03
167 7.842880e-03
168 7.747410e-03
169 7.649710e-03
170 7.549890e-03
171 7.467910e-03
172 7.397840e-03
173 7.326150e-03
174 7.252760e-03
175 7.177680e-03
176 7.100860e-03
177 7.022230e-03
178 6.941770e-03
179 6.859450e-03
180 6.776160e-03
181 6.699370e-03
182 6.622750e-03
183 6.544360e-03
184 6.464150e-03
185 6.382050e-03
186 6.298060e-03
187 6.212110e-03
188 6.128050e-03
189 6.066340e-03
190 6.007360e-03
191 5.947020e-03
192 5.885270e-03
193 5.822080e-03
194 5.757430e-03
195 5.691260e-03
196 5.623550e-03
197 5.554280e-03
198 5.483380e-03
199 5.410820e-03
200 5.336590e-03
