1 5.295260e-02
2 5.242140e-02
3 5.187800e-02
4 5.132180e-02
5 5.075270e-02
6 5.017030e-02
7 4.957440e-02
8 4.896450e-02
9 4.834050e-02
10 4.771000e-02
11 4.718660e-02
12 4.669200e-02
13 4.618590e-02
14 4.566810e-02
15 4.513810e-02
16 4.459580e-02
17 4.404090e-02
18 4.348290e-02
19 4.300730e-02
20 4.254480e-02
21 4.207160e-02
22 4.158740e-02
23 4.109180e-02
24 4.058480e-02
25 4.009060e-02
26 3.965820e-02
27 3.922050e-02
28 3.877260e-02
29 3.831430e-02
30 3.784530e-02
31 3.740560e-02
32 3.701540e-02
33 3.661670e-02
34 3.620870e-02
35 3.579120e-02
36 3.536390e-02
37 3.492680e-02
38 3.448860e-02
39 3.411380e-02
40 3.374620e-02
41 3.337010e-02
42 3.298520e-02
43 3.259130e-02
44 3.218850e-02
45 3.182060e-02
46 3.147890e-02
47 3.112930e-02
48 3.077150e-02
49 3.040530e-02
50 3.003920e-02
51 2.971330e-02
52 2.938750e-02
53 2.905420e-02
54 2.871300e-02
55 2.837690e-02
56 2.808830e-02
57 2.779930e-02
58 2.750340e-02
59 2.720070e-02
60 2.689100e-02
61 2.657400e-02
62 2.624960e-02
63 2.591860e-02
64 2.563090e-02
65 2.536480e-02
66 2.509260e-02
67 2.481390e-02
68 2.452890e-02
69 2.423710e-02
70 2.393890e-02
71 2.367820e-02
72 2.344180e-02
73 2.319990e-02
74 2.295230e-02
75 2.269900e-02
76 2.243980e-02
77 2.217450e-02
78 2.190310e-02
79 2.162530e-02
80 2.134700e-02
81 2.111450e-02
82 2.088890e-02
83 2.065810e-02
84 2.042190e-02
85 2.018020e-02
86 1.993280e-02
87 1.967970e-02
88 1.942800e-02
89 1.921610e-02
90 1.900710e-02
91 1.879320e-02
92 1.857430e-02
93 1.835030e-02
94 1.812110e-02
95 1.790320e-02
96 1.771490e-02
97 1.752320e-02
98 1.732710e-02
99 1.712650e-02
100 1.692120e-02
101 1.673670e-02
102 1.657390e-02
103 1.640740e-02
104 1.623690e-02
105 1.606250e-02
106 1.588400e-02
107 1.570140e-02
108 1.551440e-02
109 1.532320e-02
110 1.512950e-02
111 1.496130e-02
112 1.479930e-02
113 1.463350e-02
114 1.446400e-02
115 1.429040e-02
116 1.411280e-02
117 1.393110e-02
118 1.374850e-02
119 1.359550e-02
120 1.344750e-02
121 1.329610e-02
122 1.314120e-02
123 1.298260e-02
124 1.282030e-02
125 1.266270e-02
126 1.252630e-02
127 1.238850e-02
128 1.224730e-02
129 1.210300e-02
130 1.195520e-02
131 1.181770e-02
132 1.169720e-02
133 1.157400e-02
134 1.144810e-02
135 1.131920e-02
136 1.118720e-02
137 1.105230e-02
138 1.091640e-02
139 1.079530e-02
140 1.067540e-02
141 1.055270e-02
142 1.042710e-02
143 1.029860e-02
144 1.016720e-02
145 1.005390e-02
146 9.954560e-03
147 9.852910e-03
148 9.748890e-03
149 9.642440e-03
150 9.533540e-03
151 9.422080e-03
152 9.308010e-03
153 9.191320e-03
154 9.071890e-03
155 8.956560e-03
156 8.867940e-03
157 8.780560e-03
158 8.691140e-03
159 8.599620e-03
160 8.505990e-03
161 8.410180e-03
162 8.312120e-03
163 8.211960e-03
164 8.118900e-03
165 8.028930e-03
166 7.936860e-03
167 7.842620e-03
168 7.746220e-03
169 7.647560e-03
170 7.546770e-03
171 7.464710e-03
172 7.395170e-03
173 7.324010e-03
174 7.251190e-03
175 7.176670e-03
176 7.100430e-03
177 7.022400e-03
178 6.942550e-03
179 6.860850e-03
180 6.778100e-03
181 6.700990e-03
182 6.623840e-03
183 6.544910e-03
184 6.464140e-03
185 6.381480e-03
186 6.296900e-03
187 6.210360e-03
188 6.125770e-03
189 6.064010e-03
190 6.005070e-03
191 5.944770e-03
192 5.883060e-03
193 5.819910e-03
194 5.755300e-03
195 5.689170e-03
196 5.621500e-03
197 5.552270e-03
198 5.481420e-03
199 5.408900e-03
200 5.334720e-03
