1 5.297090e-02
2 5.244420e-02
3 5.190530e-02
4 5.135390e-02
5 5.078950e-02
6 5.021210e-02
7 4.962120e-02
8 4.901650e-02
9 4.839770e-02
10 4.777200e-02
11 4.724560e-02
12 4.674530e-02
13 4.623330e-02
14 4.570940e-02
15 4.517330e-02
16 4.462460e-02
17 4.406330e-02
18 4.349880e-02
19 4.301790e-02
20 4.255030e-02
21 4.207200e-02
22 4.158250e-02
23 4.108150e-02
24 4.056890e-02
25 4.007080e-02
26 3.963970e-02
27 3.920370e-02
28 3.875750e-02
29 3.830090e-02
30 3.783380e-02
31 3.739600e-02
32 3.700810e-02
33 3.661170e-02
34 3.620620e-02
35 3.579110e-02
36 3.536640e-02
37 3.493180e-02
38 3.449560e-02
39 3.411750e-02
40 3.374540e-02
41 3.336470e-02
42 3.297500e-02
43 3.257630e-02
44 3.216850e-02
45 3.179650e-02
46 3.145120e-02
47 3.109790e-02
48 3.073640e-02
49 3.036640e-02
50 2.999730e-02
51 2.967420e-02
52 2.935210e-02
53 2.902250e-02
54 2.868520e-02
55 2.835320e-02
56 2.806950e-02
57 2.778550e-02
58 2.749480e-02
59 2.719730e-02
60 2.689300e-02
61 2.658150e-02
62 2.626280e-02
63 2.593750e-02
64 2.564720e-02
65 2.537400e-02
66 2.509440e-02
67 2.480830e-02
68 2.451560e-02
69 2.421600e-02
70 2.390980e-02
71 2.365100e-02
72 2.342340e-02
73 2.319050e-02
74 2.295220e-02
75 2.270840e-02
76 2.245890e-02
77 2.220350e-02
78 2.194220e-02
79 2.167480e-02
80 2.140530e-02
81 2.116620e-02
82 2.093010e-02
83 2.068860e-02
84 2.044140e-02
85 2.018840e-02
86 1.992960e-02
87 1.966470e-02
88 1.940280e-02
89 1.919180e-02
90 1.898560e-02
91 1.877470e-02
92 1.855890e-02
93 1.833800e-02
94 1.811200e-02
95 1.789470e-02
96 1.770170e-02
97 1.750510e-02
98 1.730390e-02
99 1.709800e-02
100 1.688730e-02
101 1.670400e-02
102 1.654890e-02
103 1.639030e-02
104 1.622800e-02
105 1.606180e-02
106 1.589180e-02
107 1.571780e-02
108 1.553980e-02
109 1.535760e-02
110 1.517230e-02
111 1.499970e-02
112 1.482880e-02
113 1.465390e-02
114 1.447500e-02
115 1.429180e-02
116 1.410440e-02
117 1.391260e-02
118 1.372180e-02
119 1.357970e-02
120 1.344760e-02
121 1.331260e-02
122 1.317430e-02
123 1.303290e-02
124 1.288810e-02
125 1.274000e-02
126 1.258840e-02
127 1.243330e-02
128 1.227470e-02
129 1.211220e-02
130 1.194600e-02
131 1.180150e-02
132 1.169140e-02
133 1.157920e-02
134 1.146430e-02
135 1.134680e-02
136 1.122650e-02
137 1.110340e-02
138 1.097750e-02
139 1.084860e-02
140 1.071670e-02
141 1.058170e-02
142 1.044360e-02
143 1.030230e-02
144 1.015780e-02
145 1.003870e-02
146 9.939300e-03
147 9.837610e-03
148 9.733540e-03
149 9.627050e-03
150 9.518090e-03
151 9.406580e-03
152 9.292470e-03
153 9.175720e-03
154 9.056240e-03
155 8.941900e-03
156 8.858760e-03
157 8.777510e-03
158 8.694350e-03
159 8.609240e-03
160 8.522180e-03
161 8.433070e-03
162 8.341880e-03
163 8.248580e-03
164 8.153100e-03
165 8.055390e-03
166 7.955410e-03
167 7.853120e-03
168 7.748420e-03
169 7.641290e-03
170 7.531910e-03
171 7.448910e-03
172 7.383800e-03
173 7.317180e-03
174 7.249000e-03
175 7.179230e-03
176 7.107850e-03
177 7.034790e-03
178 6.960030e-03
179 6.883540e-03
180 6.805250e-03
181 6.725150e-03
182 6.643190e-03
183 6.559310e-03
184 6.473470e-03
185 6.385650e-03
186 6.295770e-03
187 6.203790e-03
188 6.114370e-03
189 6.052080e-03
190 5.993370e-03
191 5.933300e-03
192 5.871820e-03
193 5.808910e-03
194 5.744540e-03
195 5.678670e-03
196 5.611250e-03
197 5.542290e-03
198 5.471700e-03
199 5.399460e-03
200 5.325560e-03
