1 6.673460e-01
2 6.673440e-01
3 6.673390e-01
4 6.673340e-01
5 6.673290e-01
6 6.673240e-01
7 6.673200e-01
8 6.673160e-01
9 6.673110e-01
10 6.673070e-01
11 6.673040e-01
12 6.673000e-01
13 6.672960e-01
14 6.672930e-01
15 6.672900e-01
16 6.672870e-01
17 6.672830e-01
18 6.672810e-01
19 6.672780e-01
20 6.672750e-01
21 6.672720e-01
22 6.672700e-01
23 6.672670e-01
24 6.672650e-01
25 6.672630e-01
26 6.672600e-01
27 6.672580e-01
28 6.672560e-01
29 6.672540e-01
30 6.672530e-01
31 6.672510e-01
32 6.672490e-01
33 6.672470e-01
34 6.672460e-01
35 6.672440e-01
36 6.672430e-01
37 6.672410e-01
38 6.672400e-01
39 6.672390e-01
40 6.672380e-01
41 6.672360e-01
42 6.672350e-01
43 6.672340e-01
44 6.673180e-01
45 6.674300e-01
46 6.674220e-01
47 6.674140e-01
48 6.674060e-01
49 6.673990e-01
50 6.673920e-01
51 6.673850e-01
52 6.673780e-01
53 6.673720e-01
54 6.673650e-01
55 6.673600e-01
56 6.673540e-01
57 6.673480e-01
58 6.673430e-01
59 6.673380e-01
60 6.673330e-01
61 6.673280e-01
62 6.673240e-01
63 6.673190e-01
64 6.673150e-01
65 6.673110e-01
66 6.673070e-01
67 6.673030e-01
68 6.672990e-01
69 6.672960e-01
70 6.672930e-01
71 6.672890e-01
72 6.672860e-01
73 6.672830e-01
74 6.672800e-01
75 6.672770e-01
76 6.672750e-01
77 6.672720e-01
78 6.672690e-01
79 6.672670e-01
80 6.672650e-01
81 6.672620e-01
82 6.672600e-01
83 6.672580e-01
84 6.672560e-01
85 6.672540e-01
86 6.672520e-01
87 6.672510e-01
88 6.672490e-01
89 6.672470e-01
90 6.672460e-01
91 6.672440e-01
92 6.672430e-01
93 6.672410e-01
94 6.672400e-01
95 6.672390e-01
96 6.672370e-01
97 6.672360e-01
98 6.672350e-01
99 6.672340e-01
100 6.672330e-01
101 6.672320e-01
102 6.672310e-01
103 6.672300e-01
104 6.672290e-01
105 6.672280e-01
106 6.672270e-01
107 6.672270e-01
108 6.672260e-01
109 6.672250e-01
110 6.672250e-01
111 6.672240e-01
112 6.672230e-01
113 6.672230e-01
114 6.672220e-01
115 6.672210e-01
116 6.672210e-01
117 6.672200e-01
118 6.672200e-01
119 6.672190e-01
120 6.672190e-01
121 6.672190e-01
122 6.672180e-01
123 6.672180e-01
124 6.672170e-01
125 6.672170e-01
126 6.672170e-01
127 6.672160e-01
128 6.672160e-01
129 6.672160e-01
130 6.672160e-01
131 6.672150e-01
132 6.672150e-01
133 6.672150e-01
134 6.672150e-01
135 6.672140e-01
136 6.672140e-01
137 6.672140e-01
138 6.672140e-01
139 6.672140e-01
140 6.672130e-01
141 6.672130e-01
142 6.672130e-01
143 6.672130e-01
144 6.672130e-01
145 6.672130e-01
146 6.672130e-01
147 6.672130e-01
148 6.672130e-01
149 6.672130e-01
150 6.672120e-01
151 6.672120e-01
152 6.672120e-01
153 6.672120e-01
154 6.672120e-01
155 6.672120e-01
156 6.672120e-01
157 6.672120e-01
158 6.672120e-01
159 6.672120e-01
160 6.672120e-01
161 6.672120e-01
162 6.672120e-01
163 6.672120e-01
164 6.672120e-01
165 6.672120e-01
166 6.672120e-01
167 6.672120e-01
168 6.672120e-01
169 6.672120e-01
170 6.672120e-01
171 6.672120e-01
172 6.672120e-01
173 6.672120e-01
174 6.672120e-01
175 6.672120e-01
176 6.672120e-01
177 6.672120e-01
178 6.672120e-01
179 6.672120e-01
180 6.672120e-01
181 6.672120e-01
182 6.672120e-01
183 6.672120e-01
184 6.672120e-01
185 6.672120e-01
186 6.672120e-01
187 6.672130e-01
188 6.672130e-01
189 6.672130e-01
190 6.672130e-01
191 6.672130e-01
192 6.672130e-01
193 6.672130e-01
194 6.672130e-01
195 6.672130e-01
196 6.672130e-01
197 6.672130e-01
198 6.672130e-01
199 6.672130e-01
200 6.672130e-01
