1 5.297020e-02
2 5.243950e-02
3 5.189670e-02
4 5.134120e-02
5 5.077270e-02
6 5.019100e-02
7 4.959580e-02
8 4.898660e-02
9 4.836330e-02
10 4.773340e-02
11 4.720890e-02
12 4.671260e-02
13 4.620480e-02
14 4.568520e-02
15 4.515350e-02
16 4.460930e-02
17 4.405250e-02
18 4.349260e-02
19 4.301520e-02
20 4.255100e-02
21 4.207610e-02
22 4.159000e-02
23 4.109260e-02
24 4.058370e-02
25 4.008800e-02
26 3.965540e-02
27 3.921750e-02
28 3.876940e-02
29 3.831100e-02
30 3.784180e-02
31 3.740200e-02
32 3.701170e-02
33 3.661300e-02
34 3.620490e-02
35 3.578740e-02
36 3.536010e-02
37 3.492290e-02
38 3.448450e-02
39 3.410840e-02
40 3.373910e-02
41 3.336140e-02
42 3.297480e-02
43 3.257920e-02
44 3.217460e-02
45 3.180550e-02
46 3.146290e-02
47 3.111250e-02
48 3.075370e-02
49 3.038670e-02
50 3.002000e-02
51 2.969560e-02
52 2.937180e-02
53 2.904040e-02
54 2.870130e-02
55 2.836710e-02
56 2.807990e-02
57 2.779220e-02
58 2.749780e-02
59 2.719640e-02
60 2.688810e-02
61 2.657260e-02
62 2.624970e-02
63 2.592030e-02
64 2.563230e-02
65 2.536500e-02
66 2.509150e-02
67 2.481160e-02
68 2.452520e-02
69 2.423210e-02
70 2.393250e-02
71 2.367310e-02
72 2.343990e-02
73 2.320130e-02
74 2.295710e-02
75 2.270720e-02
76 2.245150e-02
77 2.218980e-02
78 2.192210e-02
79 2.164810e-02
80 2.137300e-02
81 2.113780e-02
82 2.090790e-02
83 2.067280e-02
84 2.043220e-02
85 2.018590e-02
86 1.993400e-02
87 1.967620e-02
88 1.942020e-02
89 1.920730e-02
90 1.899780e-02
91 1.878350e-02
92 1.856420e-02
93 1.833980e-02
94 1.811020e-02
95 1.789170e-02
96 1.770250e-02
97 1.751000e-02
98 1.731290e-02
99 1.711130e-02
100 1.690500e-02
101 1.672200e-02
102 1.656320e-02
103 1.640060e-02
104 1.623430e-02
105 1.606400e-02
106 1.588990e-02
107 1.571170e-02
108 1.552920e-02
109 1.534260e-02
110 1.515310e-02
111 1.498270e-02
112 1.481620e-02
113 1.464580e-02
114 1.447150e-02
115 1.429310e-02
116 1.411050e-02
117 1.392370e-02
118 1.373650e-02
119 1.358460e-02
120 1.343910e-02
121 1.329030e-02
122 1.313800e-02
123 1.298210e-02
124 1.282260e-02
125 1.266660e-02
126 1.252820e-02
127 1.238790e-02
128 1.224440e-02
129 1.209760e-02
130 1.194730e-02
131 1.181230e-02
132 1.170220e-02
133 1.158980e-02
134 1.147470e-02
135 1.135700e-02
136 1.123650e-02
137 1.111320e-02
138 1.098700e-02
139 1.085790e-02
140 1.072580e-02
141 1.059060e-02
142 1.045220e-02
143 1.031070e-02
144 1.016600e-02
145 1.004670e-02
146 9.947280e-03
147 9.845560e-03
148 9.741450e-03
149 9.634910e-03
150 9.525910e-03
151 9.414360e-03
152 9.300200e-03
153 9.183410e-03
154 9.063880e-03
155 8.949510e-03
156 8.866410e-03
157 8.785190e-03
158 8.702070e-03
159 8.617010e-03
160 8.529990e-03
161 8.440930e-03
162 8.349780e-03
163 8.256520e-03
164 8.161100e-03
165 8.063440e-03
166 7.963510e-03
167 7.861260e-03
168 7.756610e-03
169 7.649540e-03
170 7.540220e-03
171 7.457160e-03
172 7.391910e-03
173 7.325150e-03
174 7.256820e-03
175 7.186910e-03
176 7.115380e-03
177 7.042170e-03
178 6.967250e-03
179 6.890600e-03
180 6.812150e-03
181 6.731880e-03
182 6.649750e-03
183 6.565700e-03
184 6.479680e-03
185 6.391670e-03
186 6.301610e-03
187 6.209430e-03
188 6.119830e-03
189 6.057430e-03
190 5.998610e-03
191 5.938430e-03
192 5.876840e-03
193 5.813820e-03
194 5.749340e-03
195 5.683340e-03
196 5.615810e-03
197 5.546720e-03
198 5.476000e-03
199 5.403630e-03
200 5.329600e-03
