1 5.296130e-02
2 5.243010e-02
3 5.188670e-02
4 5.133050e-02
5 5.076140e-02
6 5.017900e-02
7 4.958310e-02
8 4.897330e-02
9 4.834930e-02
10 4.771870e-02
11 4.719490e-02
12 4.669980e-02
13 4.619310e-02
14 4.567480e-02
15 4.514430e-02
16 4.460130e-02
17 4.404590e-02
18 4.348730e-02
19 4.301110e-02
20 4.254800e-02
21 4.207430e-02
22 4.158950e-02
23 4.109330e-02
24 4.058560e-02
25 4.009080e-02
26 3.965820e-02
27 3.922020e-02
28 3.877200e-02
29 3.831340e-02
30 3.784410e-02
31 3.740410e-02
32 3.701360e-02
33 3.661460e-02
34 3.620630e-02
35 3.578850e-02
36 3.536100e-02
37 3.492350e-02
38 3.448500e-02
39 3.410970e-02
40 3.374160e-02
41 3.336510e-02
42 3.297970e-02
43 3.258520e-02
44 3.218180e-02
45 3.181370e-02
46 3.147190e-02
47 3.112220e-02
48 3.076430e-02
49 3.039800e-02
50 3.003190e-02
51 2.970650e-02
52 2.938140e-02
53 2.904870e-02
54 2.870820e-02
55 2.837270e-02
56 2.808460e-02
57 2.779590e-02
58 2.750050e-02
59 2.719820e-02
60 2.688890e-02
61 2.657230e-02
62 2.624840e-02
63 2.591790e-02
64 2.563030e-02
65 2.536430e-02
66 2.509200e-02
67 2.481340e-02
68 2.452840e-02
69 2.423660e-02
70 2.393850e-02
71 2.367830e-02
72 2.344290e-02
73 2.320200e-02
74 2.295550e-02
75 2.270320e-02
76 2.244510e-02
77 2.218090e-02
78 2.191060e-02
79 2.163410e-02
80 2.135670e-02
81 2.112330e-02
82 2.089620e-02
83 2.066380e-02
84 2.042610e-02
85 2.018270e-02
86 1.993380e-02
87 1.967900e-02
88 1.942580e-02
89 1.921310e-02
90 1.900350e-02
91 1.878900e-02
92 1.856950e-02
93 1.834490e-02
94 1.811510e-02
95 1.789670e-02
96 1.770840e-02
97 1.751680e-02
98 1.732070e-02
99 1.712010e-02
100 1.691480e-02
101 1.673120e-02
102 1.656990e-02
103 1.640500e-02
104 1.623620e-02
105 1.606340e-02
106 1.588670e-02
107 1.570580e-02
108 1.552070e-02
109 1.533130e-02
110 1.513930e-02
111 1.497020e-02
112 1.480650e-02
113 1.463890e-02
114 1.446740e-02
115 1.429200e-02
116 1.411240e-02
117 1.392870e-02
118 1.374430e-02
119 1.359160e-02
120 1.344440e-02
121 1.329380e-02
122 1.313960e-02
123 1.298190e-02
124 1.282050e-02
125 1.266340e-02
126 1.252640e-02
127 1.238780e-02
128 1.224590e-02
129 1.210070e-02
130 1.195220e-02
131 1.181450e-02
132 1.169500e-02
133 1.157290e-02
134 1.144800e-02
135 1.132020e-02
136 1.118930e-02
137 1.105550e-02
138 1.092050e-02
139 1.079880e-02
140 1.067780e-02
141 1.055400e-02
142 1.042730e-02
143 1.029760e-02
144 1.016500e-02
145 1.005120e-02
146 9.951790e-03
147 9.850080e-03
148 9.746000e-03
149 9.639500e-03
150 9.530530e-03
151 9.419000e-03
152 9.304870e-03
153 9.188110e-03
154 9.068610e-03
155 8.953350e-03
156 8.865390e-03
157 8.778760e-03
158 8.690110e-03
159 8.599370e-03
160 8.506550e-03
161 8.411550e-03
162 8.314330e-03
163 8.215010e-03
164 8.121600e-03
165 8.030590e-03
166 7.937450e-03
167 7.842130e-03
168 7.744620e-03
169 7.644820e-03
170 7.542870e-03
171 7.460700e-03
172 7.391770e-03
173 7.321250e-03
174 7.249060e-03
175 7.175210e-03
176 7.099640e-03
177 7.022300e-03
178 6.943150e-03
179 6.862180e-03
180 6.780050e-03
181 6.702580e-03
182 6.624830e-03
183 6.545290e-03
184 6.463890e-03
185 6.380590e-03
186 6.295350e-03
187 6.208140e-03
188 6.122950e-03
189 6.061140e-03
190 6.002260e-03
191 5.942000e-03
192 5.880340e-03
193 5.817240e-03
194 5.752690e-03
195 5.686620e-03
196 5.619000e-03
197 5.549830e-03
198 5.479040e-03
199 5.406580e-03
200 5.332460e-03
