echo 'NJOY h-1' > njoy_log
echo 'getting endf file for h-1' >> njoy_log
ln -sf matfiles/h-1-125 tape20
echo 'running njoy'  >> njoy_log
cat > input <<EOF
 moder
 20 -21/
 reconr
 -21 -22/
 'pendf for h-1'/
 125 1/
 .05/
 '<pendf>-h-1'/
 0/
 broadr
 -21 -22 -23/
 125 5/
 .005/
 300 600 900 1200 1500/
 0/
 unresr
 -21 -23 -24/
 125 5 7 1/
 300 600 900 1200 1500/
 1.e10 1.e05 1.e03 1.e02 10. 1. .1/
 0/
 thermr
 0 -24 -25/
 0 125 16 5 1 0 1 221 1/
 300 600 900 1200 1500/
 .001 10./
 groupr
 20 -25 0 -26/
 125 1 0 3 0 5 7/
 'This will never work'/
 300 600 900 1200 1500/
 1.e10 1.e05 1.e03 1.e02 1.e01 1. .1/
 200/
 1.000000 1.023293 1.047129 1.071519 1.096478 1.122018 1.148154 1.174898 1.202264 1.230269 1.258925 1.288250 1.318257 1.348963 1.380384 1.412538 1.445440 1.479108 1.513561 1.548817 1.584893 1.621810 1.659587 1.698244 1.737801 1.778279 1.819701 1.862087 1.905461 1.949845 1.995262 2.041738 2.089296 2.137962 2.187762 2.238721 2.290868 2.344229 2.398833 2.454709 2.511886 2.570396 2.630268 2.691535 2.754229 2.818383 2.884032 2.951209 3.019952 3.090295 3.162278 3.235937 3.311311 3.388442 3.467369 3.548134 3.630781 3.715352 3.801894 3.890451 3.981072 4.073803 4.168694 4.265795 4.365158 4.466836 4.570882 4.677351 4.786301 4.897788 5.011872 5.128614 5.248075 5.370318 5.495409 5.623413 5.754399 5.888437 6.025596 6.165950 6.309573 6.456542 6.606934 6.760830 6.918310 7.079458 7.244360 7.413102 7.585776 7.762471 7.943282 8.128305 8.317638 8.511380 8.709636 8.912509 9.120108 9.332543 9.549926 9.772372 10.000000 10.232930 10.471285 10.715193 10.964782 11.220185 11.481536 11.748976 12.022644 12.302688 12.589254 12.882496 13.182567 13.489629 13.803843 14.125375 14.454398 14.791084 15.135612 15.488166 15.848932 16.218101 16.595869 16.982437 17.378008 17.782794 18.197009 18.620871 19.054607 19.498446 19.952623 20.417379 20.892961 21.379621 21.877616 22.387211 22.908677 23.442288 23.988329 24.547089 25.118864 25.703958 26.302680 26.915348 27.542287 28.183829 28.840315 29.512092 30.199517 30.902954 31.622777 32.359366 33.113112 33.884416 34.673685 35.481339 36.307805 37.153523 38.018940 38.904514 39.810717 40.738028 41.686938 42.657952 43.651583 44.668359 45.708819 46.773514 47.863009 48.977882 50.118723 51.286138 52.480746 53.703180 54.954087 56.234133 57.543994 58.884366 60.255959 61.659500 63.095734 64.565423 66.069345 67.608298 69.183097 70.794578 72.443596 74.131024 75.857758 77.624712 79.432823 81.283052 83.176377 85.113804 87.096359 89.125094 91.201084 93.325430 95.499259 97.723722 100.000000/
 3 2/
 3 102/
 3 251/
 0/
3 2/
 3 102/
 3 251/
 0/
3 2/
 3 102/
 3 251/
 0/
3 2/
 3 102/
 3 251/
 0/
3 2/
 3 102/
 3 251/
 0/
 0/
 moder
 -26 27/
 stop
EOF
./xnjoy < input >> njoy_log
echo 'saving output and pendf files' >> njoy_log
mkdirhier outputfiles/h-1/lo
cp output outputfiles/h-1/lo/output
mv njoy_script.sh outputfiles/h-1/lo/script
mv njoy_log outputfiles/h-1/lo/njoy_log
rm tape*