1 5.323540e-02
2 4.749700e-02
3 4.230840e-02
4 3.768900e-02
5 3.361050e-02
6 2.995620e-02
7 2.669720e-02
8 2.378530e-02
9 2.120540e-02
10 1.889530e-02
11 1.683630e-02
12 1.500970e-02
13 1.337490e-02
14 1.192190e-02
15 1.062310e-02
16 9.469330e-03
17 8.439650e-03
18 7.521440e-03
19 6.704330e-03
20 5.974210e-03
21 5.327130e-03
22 4.746650e-03
23 4.231340e-03
24 3.771350e-03
25 3.360570e-03
26 2.995120e-03
27 2.671160e-03
28 2.379290e-03
29 2.120780e-03
30 1.891690e-03
31 1.684250e-03
32 1.503160e-03
33 1.340680e-03
34 1.196310e-03
35 1.064640e-03
36 9.502570e-04
37 8.488820e-04
38 7.589280e-04
39 6.747620e-04
40 5.993580e-04
