1 5.322700e-02
2 4.748960e-02
3 4.230200e-02
4 3.768350e-02
5 3.360570e-02
6 2.995210e-02
7 2.669380e-02
8 2.378250e-02
9 2.120320e-02
10 1.889360e-02
11 1.683510e-02
12 1.500890e-02
13 1.337450e-02
14 1.192180e-02
15 1.062320e-02
16 9.469560e-03
17 8.439920e-03
18 7.521630e-03
19 6.704370e-03
20 5.974060e-03
21 5.326840e-03
22 4.746370e-03
23 4.231260e-03
24 3.771550e-03
25 3.360870e-03
26 2.995250e-03
27 2.671260e-03
28 2.379560e-03
29 2.120730e-03
30 1.891480e-03
31 1.685130e-03
32 1.504180e-03
33 1.340510e-03
34 1.195550e-03
35 1.065420e-03
36 9.510330e-04
37 8.488570e-04
38 7.583910e-04
39 6.745510e-04
40 6.000230e-04
