1 5.603700e-02
2 5.603700e-02
3 5.603700e-02
4 5.603700e-02
5 5.603700e-02
6 5.603700e-02
7 5.603700e-02
8 5.603700e-02
9 5.603700e-02
10 5.603700e-02
11 5.603700e-02
12 5.603700e-02
13 5.603700e-02
14 5.603700e-02
15 5.603700e-02
16 5.603700e-02
17 5.603700e-02
18 5.603700e-02
19 5.603700e-02
20 5.603700e-02
21 5.603700e-02
22 5.603700e-02
23 5.603700e-02
24 5.603700e-02
25 5.603700e-02
26 5.603700e-02
27 5.603700e-02
28 5.603700e-02
29 5.603700e-02
30 5.603700e-02
31 5.603700e-02
32 5.603700e-02
33 5.603700e-02
34 5.603700e-02
35 5.603700e-02
36 5.603700e-02
37 5.603700e-02
38 5.603700e-02
39 5.603700e-02
40 5.603700e-02
