1 5.322820e-02
2 4.749060e-02
3 4.230290e-02
4 3.768430e-02
5 3.360640e-02
6 2.995270e-02
7 2.669430e-02
8 2.378290e-02
9 2.120350e-02
10 1.889390e-02
11 1.683540e-02
12 1.500910e-02
13 1.337460e-02
14 1.192190e-02
15 1.062330e-02
16 9.469660e-03
17 8.440010e-03
18 7.521730e-03
19 6.704460e-03
20 5.974140e-03
21 5.326910e-03
22 4.746380e-03
23 4.231220e-03
24 3.771450e-03
25 3.360740e-03
26 2.995120e-03
27 2.671150e-03
28 2.379520e-03
29 2.120760e-03
30 1.891330e-03
31 1.684550e-03
32 1.503640e-03
33 1.340640e-03
34 1.195890e-03
35 1.064930e-03
36 9.506140e-04
37 8.487970e-04
38 7.588240e-04
39 6.747390e-04
40 5.995030e-04
