1 5.322750e-02
2 4.749010e-02
3 4.230240e-02
4 3.768390e-02
5 3.360600e-02
6 2.995240e-02
7 2.669410e-02
8 2.378270e-02
9 2.120340e-02
10 1.889380e-02
11 1.683530e-02
12 1.500910e-02
13 1.337460e-02
14 1.192190e-02
15 1.062330e-02
16 9.469640e-03
17 8.439990e-03
18 7.521690e-03
19 6.704410e-03
20 5.974080e-03
21 5.326850e-03
22 4.746350e-03
23 4.231220e-03
24 3.771480e-03
25 3.360790e-03
26 2.995180e-03
27 2.671210e-03
28 2.379550e-03
29 2.120700e-03
30 1.891310e-03
31 1.684780e-03
32 1.503910e-03
33 1.340590e-03
34 1.195680e-03
35 1.065140e-03
36 9.508000e-04
37 8.488150e-04
38 7.586700e-04
39 6.746680e-04
40 5.996860e-04
