1 1 2.744460e-01
1 2 1.015860e-01
1 3 1.326950e-01
1 4 1.601270e-01
1 5 2.025000e-01
1 6 2.529550e-01
1 7 3.138170e-01
1 8 3.899320e-01
1 9 4.794050e-01
1 10 5.910500e-01
1 11 7.202910e-01
1 12 8.717410e-01
1 13 1.043590e+00
1 14 1.236510e+00
1 15 1.437490e+00
1 16 1.641320e+00
1 17 1.825380e+00
1 18 1.966580e+00
1 19 2.034310e+00
1 20 2.003210e+00
1 21 1.849200e+00
1 22 1.577040e+00
1 23 1.216780e+00
1 24 8.282850e-01
1 25 4.820720e-01
1 26 2.305700e-01
1 27 8.631130e-02
1 28 2.380910e-02
1 29 4.491160e-03
1 30 5.281400e-04
1 31 3.494160e-05
1 32 3.604750e-06
1 33 1.020490e-07
1 34 0.000000e+00
1 35 0.000000e+00
1 36 0.000000e+00
1 37 0.000000e+00
1 38 0.000000e+00
1 39 0.000000e+00
1 40 0.000000e+00
2 1 2.170850e-01
2 2 8.904650e-02
2 3 1.188330e-01
2 4 1.434190e-01
2 5 1.813730e-01
2 6 2.265680e-01
2 7 2.810860e-01
2 8 3.492750e-01
2 9 4.294310e-01
2 10 5.294690e-01
2 11 6.452750e-01
2 12 7.810150e-01
2 13 9.350230e-01
2 14 1.108060e+00
2 15 1.288350e+00
2 16 1.471280e+00
2 17 1.636620e+00
2 18 1.763720e+00
2 19 1.825070e+00
2 20 1.797990e+00
2 21 1.660710e+00
2 22 1.417270e+00
2 23 1.094410e+00
2 24 7.458220e-01
2 25 4.346760e-01
2 26 2.082500e-01
2 27 7.812020e-02
2 28 2.160560e-02
2 29 4.088350e-03
2 30 4.826650e-04
2 31 3.231730e-05
2 32 3.314350e-06
2 33 9.471280e-08
2 34 0.000000e+00
2 35 0.000000e+00
2 36 0.000000e+00
2 37 0.000000e+00
2 38 0.000000e+00
2 39 0.000000e+00
2 40 0.000000e+00
3 1 1.706740e-01
3 2 7.191280e-02
3 3 1.040390e-01
3 4 1.283700e-01
3 5 1.623580e-01
3 6 2.028190e-01
3 7 2.516300e-01
3 8 3.126850e-01
3 9 3.844590e-01
3 10 4.740500e-01
3 11 5.777780e-01
3 12 6.993800e-01
3 13 8.373640e-01
3 14 9.925020e-01
3 15 1.154210e+00
3 16 1.318400e+00
3 17 1.466940e+00
3 18 1.581400e+00
3 19 1.637140e+00
3 20 1.613760e+00
3 21 1.491620e+00
3 22 1.274100e+00
3 23 9.848840e-01
3 24 6.721110e-01
3 25 3.923940e-01
3 26 1.883910e-01
3 27 7.085650e-02
3 28 1.966030e-02
3 29 3.735000e-03
3 30 4.431190e-04
3 31 3.000620e-05
3 32 3.065230e-06
3 33 8.865610e-08
3 34 0.000000e+00
3 35 0.000000e+00
3 36 0.000000e+00
3 37 0.000000e+00
3 38 0.000000e+00
3 39 0.000000e+00
3 40 0.000000e+00
4 1 1.325390e-01
4 2 5.629820e-02
4 3 8.397050e-02
4 4 1.126430e-01
4 5 1.455190e-01
4 6 1.817980e-01
4 7 2.255580e-01
4 8 2.803010e-01
4 9 3.446590e-01
4 10 4.250060e-01
4 11 5.180540e-01
4 12 6.271380e-01
4 13 7.509980e-01
4 14 8.902800e-01
4 15 1.035590e+00
4 16 1.183250e+00
4 17 1.317000e+00
4 18 1.420340e+00
4 19 1.471260e+00
4 20 1.451280e+00
4 21 1.342630e+00
4 22 1.148120e+00
4 23 8.887010e-01
4 24 6.074890e-01
4 25 3.554300e-01
4 26 1.710950e-01
4 27 6.456120e-02
4 28 1.798540e-02
4 29 3.433650e-03
4 30 4.098350e-04
4 31 2.801480e-05
4 32 2.859850e-06
4 33 8.398690e-08
4 34 0.000000e+00
4 35 0.000000e+00
4 36 0.000000e+00
4 37 0.000000e+00
4 38 0.000000e+00
4 39 0.000000e+00
4 40 0.000000e+00
5 1 1.061820e-01
5 2 4.461180e-02
5 3 6.633460e-02
5 4 9.115990e-02
5 5 1.279850e-01
5 6 1.633660e-01
5 7 2.027040e-01
5 8 2.519130e-01
5 9 3.097770e-01
5 10 3.820240e-01
5 11 4.657130e-01
5 12 5.638570e-01
5 13 6.753440e-01
5 14 8.007550e-01
5 15 9.317450e-01
5 16 1.064970e+00
5 17 1.185850e+00
5 18 1.279570e+00
5 19 1.326360e+00
5 20 1.309480e+00
5 21 1.212770e+00
5 22 1.038480e+00
5 23 8.052090e-01
5 24 5.515390e-01
5 25 3.235430e-01
5 26 1.562480e-01
5 27 5.919380e-02
5 28 1.657050e-02
5 29 3.182430e-03
5 30 3.826110e-04
5 31 2.642190e-05
5 32 2.698470e-06
5 33 8.065540e-08
5 34 0.000000e+00
5 35 0.000000e+00
5 36 0.000000e+00
5 37 0.000000e+00
5 38 0.000000e+00
5 39 0.000000e+00
5 40 0.000000e+00
6 1 8.375240e-02
6 2 3.501710e-02
6 3 5.215410e-02
6 4 7.172510e-02
6 5 1.033880e-01
6 6 1.438610e-01
6 7 1.824200e-01
6 8 2.267220e-01
6 9 2.788240e-01
6 10 3.438900e-01
6 11 4.192810e-01
6 12 5.077370e-01
6 13 6.082610e-01
6 14 7.214170e-01
6 15 8.397330e-01
6 16 9.602130e-01
6 17 1.069780e+00
6 18 1.155120e+00
6 19 1.198370e+00
6 20 1.184380e+00
6 21 1.098390e+00
6 22 9.421090e-01
6 23 7.320720e-01
6 24 5.027170e-01
6 25 2.958580e-01
6 26 1.434510e-01
6 27 5.461350e-02
6 28 1.538000e-02
6 29 2.975540e-03
6 30 3.609060e-04
6 31 2.519820e-05
6 32 2.578840e-06
6 33 7.871570e-08
6 34 0.000000e+00
6 35 0.000000e+00
6 36 0.000000e+00
6 37 0.000000e+00
6 38 0.000000e+00
6 39 0.000000e+00
6 40 0.000000e+00
7 1 6.392690e-02
7 2 2.664620e-02
7 3 4.015590e-02
7 4 5.576140e-02
7 5 8.082620e-02
7 6 1.158910e-01
7 7 1.609590e-01
7 8 2.045390e-01
7 9 2.515700e-01
7 10 3.103180e-01
7 11 3.784110e-01
7 12 4.583440e-01
7 13 5.492390e-01
7 14 6.516580e-01
7 15 7.588260e-01
7 16 8.681950e-01
7 17 9.679190e-01
7 18 1.045990e+00
7 19 1.086290e+00
7 20 1.075020e+00
7 21 9.986300e-01
7 22 8.583130e-01
7 23 6.686870e-01
7 24 4.606660e-01
7 25 2.721730e-01
7 26 1.326170e-01
7 27 5.079150e-02
7 28 1.440810e-02
7 29 2.812340e-03
7 30 3.447700e-04
7 31 2.436940e-05
7 32 2.500070e-06
7 33 7.840420e-08
7 34 0.000000e+00
7 35 0.000000e+00
7 36 0.000000e+00
7 37 0.000000e+00
7 38 0.000000e+00
7 39 0.000000e+00
7 40 0.000000e+00
8 1 4.950920e-02
8 2 2.064870e-02
8 3 3.114680e-02
8 4 4.337450e-02
8 5 6.302990e-02
8 6 9.052670e-02
8 7 1.293840e-01
8 8 1.807950e-01
8 9 2.275990e-01
8 10 2.807950e-01
8 11 3.424850e-01
8 12 4.149360e-01
8 13 4.973900e-01
8 14 5.903860e-01
8 15 6.878440e-01
8 16 7.875260e-01
8 17 8.787200e-01
8 18 9.505580e-01
8 19 9.884240e-01
8 20 9.798240e-01
8 21 9.120180e-01
8 22 7.858620e-01
8 23 6.141760e-01
8 24 4.247860e-01
8 25 2.521730e-01
8 26 1.236070e-01
8 27 4.768560e-02
8 28 1.364660e-02
8 29 2.692220e-03
8 30 3.342760e-04
8 31 2.397370e-05
8 32 2.465770e-06
8 33 7.988790e-08
8 34 0.000000e+00
8 35 0.000000e+00
8 36 0.000000e+00
8 37 0.000000e+00
8 38 0.000000e+00
8 39 0.000000e+00
8 40 0.000000e+00
9 1 4.002490e-02
9 2 1.635420e-02
9 3 2.425840e-02
9 4 3.354340e-02
9 5 4.894150e-02
9 6 7.059630e-02
9 7 1.010920e-01
9 8 1.454180e-01
9 9 2.019660e-01
9 10 2.551460e-01
9 11 3.112830e-01
9 12 3.772620e-01
9 13 4.524130e-01
9 14 5.372620e-01
9 15 6.263970e-01
9 16 7.177520e-01
9 17 8.017010e-01
9 18 8.683380e-01
9 19 9.043270e-01
9 20 8.983210e-01
9 21 8.382420e-01
9 22 7.245430e-01
9 23 5.684230e-01
9 24 3.950390e-01
9 25 2.358880e-01
9 26 1.164580e-01
9 27 4.532160e-02
9 28 1.310750e-02
9 29 2.618680e-03
9 30 3.300480e-04
9 31 2.407540e-05
9 32 2.481680e-06
9 33 8.356600e-08
9 34 0.000000e+00
9 35 0.000000e+00
9 36 0.000000e+00
9 37 0.000000e+00
9 38 0.000000e+00
9 39 0.000000e+00
9 40 0.000000e+00
10 1 3.084370e-02
10 2 1.258820e-02
10 3 1.875410e-02
10 4 2.599160e-02
10 5 3.790440e-02
10 6 5.476190e-02
10 7 7.857010e-02
10 8 1.131460e-01
10 9 1.619760e-01
10 10 2.270790e-01
10 11 2.841030e-01
10 12 3.444590e-01
10 13 4.132850e-01
10 14 4.911140e-01
10 15 5.730310e-01
10 16 6.572680e-01
10 17 7.350860e-01
10 18 7.974130e-01
10 19 8.320270e-01
10 20 8.285360e-01
10 21 7.754960e-01
10 22 6.728400e-01
10 23 5.303190e-01
10 24 3.706740e-01
10 25 2.229080e-01
10 26 1.109980e-01
10 27 4.364860e-02
10 28 1.278280e-02
10 29 2.592150e-03
10 30 3.325210e-04
10 31 2.474270e-05
10 32 2.553550e-06
10 33 9.018740e-08
10 34 0.000000e+00
10 35 0.000000e+00
10 36 0.000000e+00
10 37 0.000000e+00
10 38 0.000000e+00
10 39 0.000000e+00
10 40 0.000000e+00
11 1 2.330520e-02
11 2 9.511040e-03
11 3 1.413940e-02
11 4 1.955520e-02
11 5 2.854620e-02
11 6 4.153520e-02
11 7 6.009600e-02
11 8 8.705900e-02
11 9 1.251230e-01
11 10 1.814280e-01
11 11 2.539040e-01
11 12 3.163520e-01
11 13 3.797910e-01
11 14 4.516690e-01
11 15 5.274930e-01
11 16 6.057870e-01
11 17 6.785270e-01
11 18 7.374390e-01
11 19 7.712050e-01
11 20 7.701890e-01
11 21 7.235300e-01
11 22 6.305840e-01
11 23 4.998090e-01
11 24 3.517190e-01
11 25 2.132900e-01
11 26 1.072960e-01
11 27 4.271640e-02
11 28 1.269560e-02
11 29 2.620090e-03
11 30 3.431560e-04
11 31 2.613740e-05
11 32 2.699170e-06
11 33 1.007590e-07
11 34 0.000000e+00
11 35 0.000000e+00
11 36 0.000000e+00
11 37 0.000000e+00
11 38 0.000000e+00
11 39 0.000000e+00
11 40 0.000000e+00
12 1 1.861510e-02
12 2 7.584280e-03
12 3 1.122610e-02
12 4 1.540610e-02
12 5 2.222110e-02
12 6 3.180820e-02
12 7 4.574630e-02
12 8 6.661240e-02
12 9 9.623530e-02
12 10 1.399140e-01
12 11 2.026350e-01
12 12 2.843380e-01
12 13 3.513910e-01
12 14 4.182860e-01
12 15 4.890930e-01
12 16 5.625060e-01
12 17 6.312320e-01
12 18 6.875990e-01
12 19 7.211050e-01
12 20 7.226600e-01
12 21 6.819210e-01
12 22 5.975580e-01
12 23 4.768060e-01
12 24 3.382970e-01
12 25 2.071990e-01
12 26 1.054940e-01
12 27 4.261080e-02
12 28 1.288330e-02
12 29 2.713010e-03
12 30 3.637950e-04
12 31 2.844090e-05
12 32 2.933130e-06
12 33 1.166070e-07
12 34 0.000000e+00
12 35 0.000000e+00
12 36 0.000000e+00
12 37 0.000000e+00
12 38 0.000000e+00
12 39 0.000000e+00
12 40 0.000000e+00
13 1 1.332580e-02
13 2 5.436320e-03
13 3 8.050740e-03
13 4 1.104110e-02
13 5 1.594010e-02
13 6 2.299270e-02
13 7 3.333780e-02
13 8 4.899870e-02
13 9 7.181960e-02
13 10 1.056510e-01
13 11 1.542380e-01
13 12 2.255150e-01
13 13 3.178850e-01
13 14 3.908390e-01
13 15 4.576260e-01
13 16 5.271650e-01
13 17 5.928780e-01
13 18 6.475390e-01
13 19 6.812900e-01
13 20 6.854610e-01
13 21 6.501600e-01
13 22 5.733100e-01
13 23 4.609960e-01
13 24 3.301740e-01
13 25 2.045520e-01
13 26 1.056020e-01
13 27 4.337400e-02
13 28 1.337760e-02
13 29 2.884270e-03
13 30 3.976370e-04
13 31 3.200950e-05
13 32 3.297670e-06
13 33 1.417340e-07
13 34 0.000000e+00
13 35 0.000000e+00
13 36 0.000000e+00
13 37 0.000000e+00
13 38 0.000000e+00
13 39 0.000000e+00
13 40 0.000000e+00
14 1 1.092170e-02
14 2 4.451880e-03
14 3 6.589470e-03
14 4 9.032590e-03
14 5 1.300230e-02
14 6 1.859800e-02
14 7 2.660750e-02
14 8 3.837180e-02
14 9 5.517500e-02
14 10 8.072920e-02
14 11 1.177200e-01
14 12 1.719520e-01
14 13 2.517310e-01
14 14 3.559200e-01
14 15 4.316650e-01
14 16 4.983210e-01
14 17 5.619110e-01
14 18 6.157960e-01
14 19 6.505250e-01
14 20 6.577110e-01
14 21 6.278140e-01
14 22 5.578680e-01
14 23 4.527870e-01
14 24 3.280060e-01
14 25 2.059960e-01
14 26 1.080950e-01
14 27 4.526430e-02
14 28 1.427980e-02
14 29 3.160440e-03
14 30 4.490040e-04
14 31 3.723890e-05
14 32 3.674310e-06
14 33 1.691550e-07
14 34 0.000000e+00
14 35 0.000000e+00
14 36 0.000000e+00
14 37 0.000000e+00
14 38 0.000000e+00
14 39 0.000000e+00
14 40 0.000000e+00
15 1 8.199430e-03
15 2 3.343590e-03
15 3 4.950540e-03
15 4 6.787600e-03
15 5 9.770870e-03
15 6 1.396170e-02
15 7 1.992780e-02
15 8 2.876250e-02
15 9 4.155390e-02
15 10 6.082860e-02
15 11 8.871440e-02
15 12 1.296920e-01
15 13 1.900830e-01
15 14 2.807180e-01
15 15 3.969640e-01
15 16 4.767620e-01
15 17 5.392050e-01
15 18 5.931580e-01
15 19 6.295720e-01
15 20 6.401650e-01
15 21 6.153850e-01
15 22 5.516560e-01
15 23 4.525500e-01
15 24 3.320940e-01
15 25 2.118330e-01
15 26 1.132330e-01
15 27 4.847020e-02
15 28 1.569090e-02
15 29 3.578410e-03
15 30 5.262840e-04
15 31 4.504530e-05
15 32 3.169900e-06
15 33 1.212900e-07
15 34 0.000000e+00
15 35 0.000000e+00
15 36 0.000000e+00
15 37 0.000000e+00
15 38 0.000000e+00
15 39 0.000000e+00
15 40 0.000000e+00
16 1 5.933320e-03
16 2 2.421290e-03
16 3 3.586370e-03
16 4 4.919470e-03
16 5 7.086320e-03
16 6 1.013180e-02
16 7 1.445670e-02
16 8 2.082990e-02
16 9 3.005320e-02
16 10 4.407260e-02
16 11 6.474640e-02
16 12 9.552930e-02
16 13 1.409900e-01
16 14 2.093250e-01
16 15 3.114080e-01
16 16 4.437750e-01
16 17 5.249660e-01
16 18 5.799290e-01
16 19 6.188690e-01
16 20 6.333990e-01
16 21 6.137040e-01
16 22 5.556530e-01
16 23 4.613500e-01
16 24 3.435220e-01
16 25 2.230050e-01
16 26 1.217220e-01
16 27 5.341330e-02
16 28 1.780410e-02
16 29 4.200990e-03
16 30 6.427270e-04
16 31 5.738950e-05
16 32 3.598460e-06
16 33 1.224540e-07
16 34 0.000000e+00
16 35 0.000000e+00
16 36 0.000000e+00
16 37 0.000000e+00
16 38 0.000000e+00
16 39 0.000000e+00
16 40 0.000000e+00
17 1 4.491940e-03
17 2 1.833290e-03
17 3 2.715460e-03
17 4 3.725050e-03
17 5 5.365760e-03
17 6 7.672400e-03
17 7 1.094900e-02
17 8 1.575640e-02
17 9 2.264070e-02
17 10 3.299980e-02
17 11 4.815890e-02
17 12 7.071690e-02
17 13 1.041580e-01
17 14 1.546150e-01
17 15 2.302530e-01
17 16 3.459900e-01
17 17 4.943780e-01
17 18 5.749020e-01
17 19 6.173550e-01
17 20 6.367820e-01
17 21 6.227370e-01
17 22 5.703960e-01
17 23 4.802620e-01
17 24 3.636770e-01
17 25 2.408890e-01
17 26 1.346580e-01
17 27 6.076380e-02
17 28 2.092720e-02
17 29 5.127340e-03
17 30 8.190160e-04
17 31 7.667300e-05
17 32 4.910480e-06
17 33 1.755550e-07
17 34 0.000000e+00
17 35 0.000000e+00
17 36 0.000000e+00
17 37 0.000000e+00
17 38 0.000000e+00
17 39 0.000000e+00
17 40 0.000000e+00
18 1 3.150350e-03
18 2 1.286930e-03
18 3 1.907250e-03
18 4 2.618050e-03
18 5 3.774050e-03
18 6 5.401220e-03
18 7 7.715810e-03
18 8 1.111110e-02
18 9 1.596620e-02
18 10 2.327570e-02
18 11 3.402220e-02
18 12 5.017450e-02
18 13 7.442090e-02
18 14 1.112160e-01
18 15 1.666360e-01
18 16 2.519040e-01
18 17 3.831670e-01
18 18 5.509290e-01
18 19 6.275020e-01
18 20 6.527360e-01
18 21 6.449920e-01
18 22 5.982100e-01
18 23 5.115170e-01
18 24 3.946040e-01
18 25 2.672510e-01
18 26 1.534090e-01
18 27 7.141830e-02
18 28 2.551590e-02
18 29 6.524180e-03
18 30 1.094800e-03
18 31 1.083130e-04
18 32 6.524030e-06
18 33 2.689260e-07
18 34 0.000000e+00
18 35 0.000000e+00
18 36 0.000000e+00
18 37 0.000000e+00
18 38 0.000000e+00
18 39 0.000000e+00
18 40 0.000000e+00
19 1 2.058400e-03
19 2 8.425410e-04
19 3 1.249450e-03
19 4 1.716610e-03
19 5 2.477340e-03
19 6 3.550520e-03
19 7 5.081240e-03
19 8 7.332650e-03
19 9 1.055550e-02
19 10 1.540870e-02
19 11 2.257190e-02
19 12 3.345000e-02
19 13 5.010330e-02
19 14 7.609740e-02
19 15 1.159130e-01
19 16 1.776040e-01
19 17 2.734240e-01
19 18 4.235690e-01
19 19 6.141360e-01
19 20 6.840720e-01
19 21 6.834980e-01
19 22 6.424380e-01
19 23 5.584950e-01
19 24 4.395510e-01
19 25 3.049690e-01
19 26 1.802030e-01
19 27 8.684110e-02
19 28 3.232120e-02
19 29 8.674180e-03
19 30 1.540710e-03
19 31 1.628480e-04
19 32 9.514470e-06
19 33 4.457880e-07
19 34 0.000000e+00
19 35 0.000000e+00
19 36 0.000000e+00
19 37 0.000000e+00
19 38 0.000000e+00
19 39 0.000000e+00
19 40 0.000000e+00
20 1 1.448870e-03
20 2 5.934380e-04
20 3 8.802760e-04
20 4 1.209600e-03
20 5 1.746220e-03
20 6 2.503680e-03
20 7 3.584470e-03
20 8 5.175870e-03
20 9 7.456610e-03
20 10 1.088490e-02
20 11 1.590850e-02
20 12 2.345360e-02
20 13 3.485190e-02
20 14 5.240140e-02
20 15 7.966910e-02
20 16 1.229260e-01
20 17 1.907090e-01
20 18 2.978030e-01
20 19 4.676690e-01
20 20 6.819210e-01
20 21 7.374670e-01
20 22 7.042930e-01
20 23 6.240770e-01
20 24 5.027540e-01
20 25 3.586730e-01
20 26 2.190580e-01
20 27 1.097520e-01
20 28 4.273520e-02
20 29 1.208360e-02
20 30 2.277700e-03
20 31 2.573660e-04
20 32 1.571440e-05
20 33 7.596160e-07
20 34 0.000000e+00
20 35 0.000000e+00
20 36 0.000000e+00
20 37 0.000000e+00
20 38 0.000000e+00
20 39 0.000000e+00
20 40 0.000000e+00
21 1 9.495720e-04
21 2 3.895270e-04
21 3 5.781100e-04
21 4 7.950570e-04
21 5 1.148770e-03
21 6 1.648840e-03
21 7 2.364150e-03
21 8 3.419660e-03
21 9 4.936750e-03
21 10 7.225300e-03
21 11 1.059230e-02
21 12 1.566910e-02
21 13 2.338180e-02
21 14 3.538180e-02
21 15 5.395790e-02
21 16 8.324940e-02
21 17 1.295970e-01
21 18 2.037220e-01
21 19 3.227600e-01
21 20 5.153520e-01
21 21 7.549920e-01
21 22 7.906860e-01
21 23 7.154680e-01
21 24 5.911590e-01
21 25 4.347850e-01
21 26 2.753550e-01
21 27 1.439940e-01
21 28 5.895220e-02
21 29 1.766760e-02
21 30 3.561400e-03
21 31 4.344430e-04
21 32 2.857090e-05
21 33 1.393340e-06
21 34 0.000000e+00
21 35 0.000000e+00
21 36 0.000000e+00
21 37 0.000000e+00
21 38 0.000000e+00
21 39 0.000000e+00
21 40 0.000000e+00
22 1 5.708380e-04
22 2 2.347830e-04
22 3 3.487810e-04
22 4 4.801840e-04
22 5 6.947880e-04
22 6 9.989910e-04
22 7 1.435370e-03
22 8 2.081730e-03
22 9 3.015030e-03
22 10 4.429880e-03
22 11 6.524810e-03
22 12 9.703930e-03
22 13 1.456750e-02
22 14 2.219180e-02
22 15 3.412590e-02
22 16 5.320100e-02
22 17 8.378900e-02
22 18 1.334320e-01
22 19 2.144530e-01
22 20 3.478570e-01
22 21 5.665180e-01
22 22 8.359970e-01
22 23 8.422510e-01
22 24 7.148630e-01
22 25 5.431970e-01
22 26 3.577660e-01
22 27 1.960570e-01
22 28 8.483460e-02
22 29 2.712730e-02
22 30 5.897610e-03
22 31 7.849470e-04
22 32 5.653030e-05
22 33 2.742170e-06
22 34 0.000000e+00
22 35 0.000000e+00
22 36 0.000000e+00
22 37 0.000000e+00
22 38 0.000000e+00
22 39 0.000000e+00
22 40 0.000000e+00
23 1 3.101960e-04
23 2 1.281340e-04
23 3 1.905580e-04
23 4 2.627310e-04
23 5 3.808170e-04
23 6 5.487940e-04
23 7 7.907210e-04
23 8 1.150650e-03
23 9 1.673490e-03
23 10 2.471500e-03
23 11 3.663180e-03
23 12 5.489240e-03
23 13 8.311330e-03
23 14 1.278180e-02
23 15 1.988060e-02
23 16 3.145250e-02
23 17 5.044460e-02
23 18 8.197890e-02
23 19 1.345850e-01
23 20 2.232210e-01
23 21 3.721960e-01
23 22 6.218640e-01
23 23 9.250370e-01
23 24 8.904150e-01
23 25 7.001740e-01
23 26 4.807870e-01
23 27 2.770670e-01
23 28 1.273270e-01
23 29 4.373200e-02
23 30 1.034340e-02
23 31 1.519560e-03
23 32 1.219940e-04
23 33 5.550350e-06
23 34 1.229160e-06
23 35 4.442750e-07
23 36 0.000000e+00
23 37 0.000000e+00
23 38 0.000000e+00
23 39 0.000000e+00
23 40 0.000000e+00
24 1 1.604110e-04
24 2 6.664280e-05
24 3 9.923030e-05
24 4 1.370160e-04
24 5 1.989640e-04
24 6 2.873860e-04
24 7 4.153060e-04
24 8 6.065870e-04
24 9 8.861380e-04
24 10 1.315760e-03
24 11 1.962940e-03
24 12 2.964570e-03
24 13 4.530590e-03
24 14 7.041370e-03
24 15 1.108030e-02
24 16 1.775920e-02
24 17 2.890050e-02
24 18 4.776190e-02
24 19 7.997240e-02
24 20 1.356200e-01
24 21 2.317650e-01
24 22 3.978130e-01
24 23 6.812920e-01
24 24 1.018930e+00
24 25 9.297760e-01
24 26 6.679510e-01
24 27 4.066030e-01
24 28 1.995580e-01
24 29 7.409690e-02
24 30 1.920330e-02
24 31 3.138010e-03
24 32 2.845150e-04
24 33 1.291590e-05
24 34 2.063180e-06
24 35 1.235670e-07
24 36 0.000000e+00
24 37 0.000000e+00
24 38 0.000000e+00
24 39 0.000000e+00
24 40 0.000000e+00
25 1 7.306110e-05
25 2 3.085220e-05
25 3 4.601320e-05
25 4 6.366060e-05
25 5 9.266620e-05
25 6 1.342460e-04
25 7 1.946920e-04
25 8 2.856230e-04
25 9 4.195530e-04
25 10 6.271560e-04
25 11 9.432600e-04
25 12 1.438470e-03
25 13 2.223960e-03
25 14 3.504490e-03
25 15 5.603950e-03
25 16 9.145320e-03
25 17 1.517590e-02
25 18 2.561620e-02
25 19 4.390800e-02
25 20 7.645550e-02
25 21 1.345600e-01
25 22 2.385480e-01
25 23 4.230760e-01
25 24 7.447140e-01
25 25 1.119340e+00
25 26 9.586800e-01
25 27 6.183510e-01
25 28 3.256390e-01
25 29 1.315810e-01
25 30 3.769140e-02
25 31 6.925730e-03
25 32 7.194670e-04
25 33 3.663610e-05
25 34 2.747300e-06
25 35 1.284550e-07
25 36 1.161400e-10
25 37 0.000000e+00
25 38 0.000000e+00
25 39 0.000000e+00
25 40 0.000000e+00
26 1 2.646950e-05
26 2 1.187300e-05
26 3 1.771370e-05
26 4 2.451470e-05
26 5 3.570350e-05
26 6 5.176640e-05
26 7 7.516330e-05
26 8 1.104620e-04
26 9 1.626760e-04
26 10 2.440830e-04
26 11 3.691290e-04
26 12 5.673940e-04
26 13 8.870120e-04
26 14 1.419050e-03
26 15 2.315090e-03
26 16 3.877560e-03
26 17 6.649020e-03
26 18 1.164680e-02
26 19 2.075180e-02
26 20 3.758990e-02
26 21 6.894060e-02
26 22 1.278950e-01
26 23 2.386190e-01
26 24 4.434660e-01
26 25 8.116860e-01
26 26 1.231250e+00
26 27 9.772360e-01
26 28 5.523430e-01
26 29 2.435650e-01
26 30 7.762370e-02
26 31 1.624300e-02
26 32 1.975610e-03
26 33 1.201160e-04
26 34 4.201240e-06
26 35 7.433720e-08
26 36 1.816100e-09
26 37 0.000000e+00
26 38 0.000000e+00
26 39 0.000000e+00
26 40 0.000000e+00
27 1 8.261110e-06
27 2 4.146860e-06
27 3 6.280580e-06
27 4 8.748080e-06
27 5 1.279310e-05
27 6 1.863980e-05
27 7 2.722960e-05
27 8 4.030850e-05
27 9 5.987680e-05
27 10 9.076510e-05
27 11 1.388990e-04
27 12 2.164120e-04
27 13 3.435450e-04
27 14 5.591860e-04
27 15 9.302720e-04
27 16 1.592980e-03
27 17 2.802260e-03
27 18 5.060490e-03
27 19 9.325010e-03
27 20 1.748890e-02
27 21 3.320260e-02
27 22 6.387700e-02
27 23 1.242930e-01
27 24 2.425200e-01
27 25 4.685880e-01
27 26 8.834360e-01
27 27 1.338870e+00
27 28 9.734710e-01
27 29 4.723100e-01
27 30 1.689260e-01
27 31 4.050130e-02
27 32 5.772140e-03
27 33 4.202960e-04
27 34 1.348220e-05
27 35 2.678500e-07
27 36 6.410860e-09
27 37 0.000000e+00
27 38 0.000000e+00
27 39 0.000000e+00
27 40 0.000000e+00
28 1 1.687090e-06
28 2 9.646320e-07
28 3 1.575750e-06
28 4 2.334390e-06
28 5 3.536060e-06
28 6 5.232900e-06
28 7 7.700460e-06
28 8 1.145840e-05
28 9 1.712670e-05
28 10 2.616160e-05
28 11 4.041880e-05
28 12 6.372750e-05
28 13 1.026660e-04
28 14 1.701720e-04
28 15 2.894730e-04
28 16 5.094600e-04
28 17 9.270540e-04
28 18 1.747380e-03
28 19 3.396870e-03
28 20 6.753360e-03
28 21 1.357540e-02
28 22 2.747360e-02
28 23 5.620060e-02
28 24 1.163530e-01
28 25 2.409280e-01
28 26 4.898620e-01
28 27 9.594130e-01
28 28 1.453150e+00
28 29 9.510630e-01
28 30 3.833030e-01
28 31 1.063510e-01
28 32 1.804790e-02
28 33 1.615570e-03
28 34 6.372460e-05
28 35 1.280160e-06
28 36 2.499390e-08
28 37 0.000000e+00
28 38 0.000000e+00
28 39 0.000000e+00
28 40 0.000000e+00
29 1 2.862190e-07
29 2 1.638420e-07
29 3 2.710760e-07
29 4 4.146720e-07
29 5 6.644380e-07
29 6 1.055550e-06
29 7 1.668530e-06
29 8 2.614040e-06
29 9 3.997770e-06
29 10 6.125390e-06
29 11 9.397760e-06
29 12 1.470450e-05
29 13 2.357230e-05
29 14 3.905480e-05
29 15 6.686380e-05
29 16 1.195460e-04
29 17 2.235690e-04
29 18 4.389360e-04
29 19 9.036880e-04
29 20 1.947930e-03
29 21 4.351520e-03
29 22 9.788610e-03
29 23 2.162700e-02
29 24 4.754500e-02
29 25 1.050160e-01
29 26 2.324890e-01
29 27 5.039730e-01
29 28 1.037510e+00
29 29 1.574650e+00
29 30 9.077580e-01
29 31 2.917460e-01
29 32 5.951110e-02
29 33 6.674960e-03
29 34 3.429300e-04
29 35 7.310570e-06
29 36 1.082650e-07
29 37 1.377900e-10
29 38 0.000000e+00
29 39 0.000000e+00
29 40 0.000000e+00
30 1 4.244040e-08
30 2 2.429440e-08
30 3 4.019480e-08
30 4 6.148720e-08
30 5 9.852220e-08
30 6 1.565130e-07
30 7 2.475340e-07
30 8 3.933940e-07
30 9 6.209270e-07
30 10 9.892060e-07
30 11 1.579310e-06
30 12 2.555900e-06
30 13 4.234770e-06
30 14 7.292480e-06
30 15 1.306290e-05
30 16 2.454120e-05
30 17 4.846660e-05
30 18 1.011610e-04
30 19 2.233640e-04
30 20 5.208870e-04
30 21 1.246430e-03
30 22 2.979610e-03
30 23 7.073370e-03
30 24 1.674280e-02
30 25 3.981080e-02
30 26 9.573540e-02
30 27 2.286110e-01
30 28 5.249040e-01
30 29 1.120230e+00
30 30 1.682280e+00
30 31 8.408930e-01
30 32 2.072520e-01
30 33 2.923750e-02
30 34 1.972850e-03
30 35 5.168110e-05
30 36 7.492120e-07
30 37 1.383300e-08
30 38 0.000000e+00
30 39 0.000000e+00
30 40 0.000000e+00
31 1 7.953300e-09
31 2 4.552760e-09
31 3 7.532490e-09
31 4 1.152270e-08
31 5 1.846300e-08
31 6 2.933040e-08
31 7 4.638770e-08
31 8 7.372180e-08
31 9 1.163610e-07
31 10 1.851380e-07
31 11 2.931040e-07
31 12 4.644660e-07
31 13 7.353580e-07
31 14 1.169460e-06
31 15 1.914440e-06
31 16 3.436470e-06
31 17 6.734250e-06
31 18 1.429510e-05
31 19 3.278550e-05
31 20 8.096470e-05
31 21 2.132210e-04
31 22 5.848250e-04
31 23 1.604670e-03
31 24 4.364790e-03
31 25 1.176320e-02
31 26 3.120090e-02
31 27 8.312450e-02
31 28 2.181470e-01
31 29 5.402410e-01
31 30 1.209090e+00
31 31 1.788250e+00
31 32 7.532570e-01
31 33 1.350100e-01
31 34 1.222610e-02
31 35 4.457190e-04
31 36 5.711380e-06
31 37 1.586780e-07
31 38 0.000000e+00
31 39 0.000000e+00
31 40 0.000000e+00
32 1 1.449860e-09
32 2 8.299500e-10
32 3 1.373150e-09
32 4 2.100540e-09
32 5 3.365740e-09
32 6 5.346830e-09
32 7 8.456320e-09
32 8 1.343920e-08
32 9 2.121230e-08
32 10 3.375000e-08
32 11 5.343190e-08
32 12 8.467040e-08
32 13 1.340450e-07
32 14 2.127960e-07
32 15 3.368120e-07
32 16 5.344230e-07
32 17 8.745000e-07
32 18 1.587120e-06
32 19 3.385210e-06
32 20 8.465290e-06
32 21 2.426700e-05
32 22 7.637310e-05
32 23 2.523850e-04
32 24 8.318620e-04
32 25 2.637760e-03
32 26 7.828090e-03
32 27 2.316990e-02
32 28 6.961170e-02
32 29 2.040710e-01
32 30 5.514190e-01
32 31 1.300040e+00
32 32 1.886680e+00
32 33 6.511420e-01
32 34 7.947170e-02
32 35 4.211860e-03
32 36 7.318600e-05
32 37 1.055100e-06
32 38 0.000000e+00
32 39 0.000000e+00
32 40 0.000000e+00
33 1 4.035300e-10
33 2 2.309900e-10
33 3 3.821800e-10
33 4 5.846300e-10
33 5 9.367600e-10
33 6 1.488140e-09
33 7 2.353590e-09
33 8 3.740440e-09
33 9 5.903850e-09
33 10 9.393400e-09
33 11 1.487130e-08
33 12 2.356570e-08
33 13 3.730780e-08
33 14 5.922580e-08
33 15 9.374230e-08
33 16 1.486950e-07
33 17 2.356660e-07
33 18 3.735350e-07
33 19 5.929560e-07
33 20 1.012160e-06
33 21 2.170090e-06
33 22 6.457810e-06
33 23 2.431510e-05
33 24 9.989330e-05
33 25 4.012380e-04
33 26 1.407650e-03
33 27 4.696620e-03
33 28 1.607670e-02
33 29 5.603680e-02
33 30 1.873980e-01
33 31 5.594060e-01
33 32 1.393280e+00
33 33 1.972020e+00
33 34 5.411610e-01
33 35 4.157840e-02
33 36 1.151890e-03
33 37 9.977930e-06
33 38 5.924670e-08
33 39 0.000000e+00
33 40 0.000000e+00
34 1 1.125100e-10
34 2 6.440700e-11
34 3 1.065600e-10
34 4 1.630100e-10
34 5 2.611900e-10
34 6 4.149300e-10
34 7 6.562300e-10
34 8 1.042920e-09
34 9 1.646130e-09
34 10 2.619100e-09
34 11 4.146460e-09
34 12 6.570660e-09
34 13 1.040230e-08
34 14 1.651350e-08
34 15 2.613750e-08
34 16 4.145970e-08
34 17 6.570900e-08
34 18 1.041500e-07
34 19 1.649510e-07
34 20 2.615720e-07
34 21 4.157810e-07
34 22 7.289920e-07
34 23 1.656200e-06
34 24 5.734950e-06
34 25 2.681770e-05
34 26 1.342650e-04
34 27 5.741670e-04
34 28 2.355570e-03
34 29 9.996980e-03
34 30 4.254740e-02
34 31 1.680700e-01
34 32 5.645130e-01
34 33 1.490550e+00
34 34 2.040160e+00
34 35 4.309330e-01
34 36 1.898640e-02
34 37 2.403590e-04
34 38 1.011390e-06
34 39 0.000000e+00
34 40 0.000000e+00
35 1 7.535900e-11
35 2 4.313800e-11
35 3 7.137200e-11
35 4 1.091800e-10
35 5 1.749400e-10
35 6 2.779100e-10
35 7 4.395300e-10
35 8 6.985300e-10
35 9 1.102550e-09
35 10 1.754230e-09
35 11 2.777230e-09
35 12 4.400910e-09
35 13 6.967270e-09
35 14 1.106050e-08
35 15 1.750650e-08
35 16 2.776900e-08
35 17 4.401080e-08
35 18 6.975790e-08
35 19 1.104810e-07
35 20 1.751960e-07
35 21 2.776030e-07
35 22 4.400600e-07
35 23 6.974560e-07
35 24 1.115360e-06
35 25 1.967250e-06
35 26 4.969280e-06
35 27 2.161910e-05
35 28 1.280680e-04
35 29 8.157060e-04
35 30 5.131820e-03
35 31 2.975840e-02
35 32 1.469130e-01
35 33 5.673330e-01
35 34 1.589410e+00
35 35 2.088490e+00
35 36 3.289720e-01
35 37 7.374500e-03
35 38 3.630230e-05
35 39 6.187320e-08
35 40 0.000000e+00
36 1 4.776300e-11
36 2 2.734200e-11
36 3 4.523600e-11
36 4 6.919900e-11
36 5 1.108800e-10
36 6 1.761400e-10
36 7 2.785800e-10
36 8 4.427400e-10
36 9 6.988100e-10
36 10 1.111850e-09
36 11 1.760230e-09
36 12 2.789340e-09
36 13 4.415920e-09
36 14 7.010240e-09
36 15 1.109580e-08
36 16 1.760030e-08
36 17 2.789440e-08
36 18 4.421320e-08
36 19 7.002400e-08
36 20 1.110410e-07
36 21 1.759480e-07
36 22 2.789150e-07
36 23 4.420480e-07
36 24 7.005120e-07
36 25 1.110300e-06
36 26 1.769970e-06
36 27 3.080990e-06
36 28 8.097130e-06
36 29 4.476460e-05
36 30 3.441170e-04
36 31 2.763020e-03
36 32 2.047660e-02
36 33 1.251260e-01
36 34 5.618330e-01
36 35 1.685540e+00
36 36 2.121080e+00
36 37 2.410580e-01
36 38 2.357950e-03
36 39 4.241590e-06
36 40 0.000000e+00
37 1 2.840400e-11
37 2 1.626000e-11
37 3 2.690100e-11
37 4 4.115200e-11
37 5 6.593800e-11
37 6 1.047500e-10
37 7 1.656700e-10
37 8 2.632900e-10
37 9 4.155700e-10
37 10 6.612000e-10
37 11 1.046780e-09
37 12 1.658780e-09
37 13 2.626080e-09
37 14 4.168880e-09
37 15 6.598480e-09
37 16 1.046660e-08
37 17 1.658840e-08
37 18 2.629290e-08
37 19 4.164220e-08
37 20 6.603440e-08
37 21 1.046330e-07
37 22 1.658660e-07
37 23 2.628790e-07
37 24 4.165840e-07
37 25 6.602770e-07
37 26 1.046460e-06
37 27 1.661070e-06
37 28 2.717500e-06
37 29 5.206170e-06
37 30 1.882980e-05
37 31 1.457100e-04
37 32 1.431470e-03
37 33 1.353680e-02
37 34 1.040320e-01
37 35 5.520480e-01
37 36 1.781020e+00
37 37 2.135090e+00
37 38 1.696990e-01
37 39 6.007450e-04
37 40 6.926930e-07
38 1 8.088900e-12
38 2 4.630400e-12
38 3 7.660900e-12
38 4 1.171900e-11
38 5 1.877800e-11
38 6 2.983100e-11
38 7 4.717900e-11
38 8 7.497900e-11
38 9 1.183500e-10
38 10 1.883000e-10
38 11 2.981000e-10
38 12 4.723900e-10
38 13 7.478500e-10
38 14 1.187210e-09
38 15 1.879110e-09
38 16 2.980670e-09
38 17 4.724030e-09
38 18 7.487680e-09
38 19 1.185880e-08
38 20 1.880520e-08
38 21 2.979740e-08
38 22 4.723520e-08
38 23 7.486240e-08
38 24 1.186340e-07
38 25 1.880330e-07
38 26 2.980110e-07
38 27 4.723700e-07
38 28 7.564620e-07
38 29 1.295760e-06
38 30 2.773760e-06
38 31 9.987440e-06
38 32 7.018610e-05
38 33 7.461740e-04
38 34 8.654850e-03
38 35 8.450700e-02
38 36 5.387770e-01
38 37 1.874810e+00
38 38 2.132060e+00
38 39 1.155110e-01
38 40 1.188190e-04
39 1 2.453600e-12
39 2 1.404500e-12
39 3 2.323800e-12
39 4 3.554700e-12
39 5 5.695800e-12
39 6 9.048400e-12
39 7 1.431100e-11
39 8 2.274300e-11
39 9 3.589700e-11
39 10 5.711500e-11
39 11 9.042200e-11
39 12 1.432900e-10
39 13 2.268400e-10
39 14 3.601100e-10
39 15 5.699800e-10
39 16 9.041100e-10
39 17 1.432920e-09
39 18 2.271210e-09
39 19 3.597090e-09
39 20 5.704110e-09
39 21 9.038320e-09
39 22 1.432770e-08
39 23 2.270770e-08
39 24 3.598490e-08
39 25 5.703530e-08
39 26 9.039440e-08
39 27 1.432640e-07
39 28 2.270580e-07
39 29 3.598130e-07
39 30 5.727550e-07
39 31 1.016750e-06
39 32 3.173500e-06
39 33 2.616060e-05
39 34 3.481290e-04
39 35 5.201470e-03
39 36 6.676100e-02
39 37 5.233770e-01
39 38 1.966930e+00
39 39 2.114200e+00
39 40 7.648710e-02
40 1 1.651200e-12
40 2 0.000000e+00
40 3 1.563900e-12
40 4 2.392300e-12
40 5 3.833200e-12
40 6 6.089500e-12
40 7 9.630900e-12
40 8 1.530600e-11
40 9 2.415900e-11
40 10 3.843800e-11
40 11 6.085400e-11
40 12 9.643100e-11
40 13 1.526600e-10
40 14 2.423500e-10
40 15 3.835900e-10
40 16 6.084600e-10
40 17 9.643500e-10
40 18 1.528510e-09
40 19 2.420820e-09
40 20 3.838830e-09
40 21 6.082740e-09
40 22 9.642430e-09
40 23 1.528220e-08
40 24 2.421760e-08
40 25 3.838440e-08
40 26 6.083490e-08
40 27 9.641600e-08
40 28 1.528090e-07
40 29 2.421840e-07
40 30 3.839210e-07
40 31 6.095140e-07
40 32 9.703830e-07
40 33 1.660590e-06
40 34 6.045900e-06
40 35 1.007500e-04
40 36 2.507540e-03
40 37 4.942930e-02
40 38 5.063950e-01
40 39 2.060860e+00
40 40 2.132520e+00
