1 1 1.942490e-01
1 2 7.195290e-02
1 3 9.425150e-02
1 4 1.140900e-01
1 5 1.448420e-01
1 6 1.818210e-01
1 7 2.269660e-01
1 8 2.842230e-01
1 9 3.528730e-01
1 10 4.404550e-01
1 11 5.451690e-01
1 12 6.728140e-01
1 13 8.254780e-01
1 14 1.008930e+00
1 15 1.219690e+00
1 16 1.462570e+00
1 17 1.729900e+00
1 18 2.013690e+00
1 19 2.295500e+00
1 20 2.554200e+00
1 21 2.750800e+00
1 22 2.847200e+00
1 23 2.801010e+00
1 24 2.585080e+00
1 25 2.203400e+00
1 26 1.699170e+00
1 27 1.155920e+00
1 28 6.720800e-01
1 29 3.211040e-01
1 30 1.200540e-01
1 31 3.306170e-02
1 32 6.223510e-03
1 33 7.301950e-04
1 34 4.793690e-05
1 35 2.548920e-06
1 36 5.801340e-08
1 37 0.000000e+00
1 38 0.000000e+00
1 39 0.000000e+00
1 40 0.000000e+00
2 1 1.540120e-01
2 2 6.283960e-02
2 3 8.422420e-02
2 4 1.019900e-01
2 5 1.294810e-01
2 6 1.625390e-01
2 7 2.028970e-01
2 8 2.540850e-01
2 9 3.154570e-01
2 10 3.937570e-01
2 11 4.873810e-01
2 12 6.015070e-01
2 13 7.379960e-01
2 14 9.020340e-01
2 15 1.090510e+00
2 16 1.307760e+00
2 17 1.546840e+00
2 18 1.800720e+00
2 19 2.052890e+00
2 20 2.284530e+00
2 21 2.460670e+00
2 22 2.547380e+00
2 23 2.506600e+00
2 24 2.313990e+00
2 25 1.973060e+00
2 26 1.522220e+00
2 27 1.036140e+00
2 28 6.028640e-01
2 29 2.882870e-01
2 30 1.078950e-01
2 31 2.975320e-02
2 32 5.610240e-03
2 33 6.595700e-04
2 34 4.342400e-05
2 35 2.312320e-06
2 36 5.283940e-08
2 37 0.000000e+00
2 38 0.000000e+00
2 39 0.000000e+00
2 40 0.000000e+00
3 1 1.213200e-01
3 2 5.093000e-02
3 3 7.347560e-02
3 4 9.105010e-02
3 5 1.156220e-01
3 6 1.451430e-01
3 7 1.811830e-01
3 8 2.268940e-01
3 9 2.817020e-01
3 10 3.516290e-01
3 11 4.352450e-01
3 12 5.371770e-01
3 13 6.590820e-01
3 14 8.056120e-01
3 15 9.739650e-01
3 16 1.168110e+00
3 17 1.381740e+00
3 18 1.608650e+00
3 19 1.834140e+00
3 20 2.041400e+00
3 21 2.199160e+00
3 22 2.277160e+00
3 23 2.241340e+00
3 24 2.069850e+00
3 25 1.765660e+00
3 26 1.362980e+00
3 27 9.284140e-01
3 28 5.406730e-01
3 29 2.588290e-01
3 30 9.699870e-02
3 31 2.679400e-02
3 32 5.062830e-03
3 33 5.967230e-04
3 34 3.943000e-05
3 35 2.479190e-06
3 36 6.299060e-08
3 37 0.000000e+00
3 38 0.000000e+00
3 39 0.000000e+00
3 40 0.000000e+00
4 1 9.445170e-02
4 2 3.998080e-02
4 3 5.949960e-02
4 4 7.959200e-02
4 5 1.032990e-01
4 6 1.296980e-01
4 7 1.619050e-01
4 8 2.027540e-01
4 9 2.517350e-01
4 10 3.142290e-01
4 11 3.889590e-01
4 12 4.800650e-01
4 13 5.890350e-01
4 14 7.200200e-01
4 15 8.705100e-01
4 16 1.044140e+00
4 17 1.235240e+00
4 18 1.438240e+00
4 19 1.640070e+00
4 20 1.825740e+00
4 21 1.967260e+00
4 22 2.037580e+00
4 23 2.006280e+00
4 24 1.853620e+00
4 25 1.582040e+00
4 26 1.222090e+00
4 27 8.331960e-01
4 28 4.857660e-01
4 29 2.328590e-01
4 30 8.741340e-02
4 31 2.419800e-02
4 32 4.584000e-03
4 33 5.419850e-04
4 34 3.597860e-05
4 35 3.130420e-06
4 36 9.193450e-08
4 37 0.000000e+00
4 38 0.000000e+00
4 39 0.000000e+00
4 40 0.000000e+00
5 1 7.586210e-02
5 2 3.176130e-02
5 3 4.714590e-02
5 4 6.462590e-02
5 5 9.049100e-02
5 6 1.160950e-01
5 7 1.449430e-01
5 8 1.815160e-01
5 9 2.253700e-01
5 10 2.813250e-01
5 11 3.482400e-01
5 12 4.298230e-01
5 13 5.274160e-01
5 14 6.447290e-01
5 15 7.795350e-01
5 16 9.350800e-01
5 17 1.106420e+00
5 18 1.288410e+00
5 19 1.469460e+00
5 20 1.636160e+00
5 21 1.763470e+00
5 22 1.827130e+00
5 23 1.799900e+00
5 24 1.663880e+00
5 25 1.421070e+00
5 26 1.098660e+00
5 27 7.498790e-01
5 28 4.377930e-01
5 29 2.102140e-01
5 30 7.907730e-02
5 31 2.194730e-02
5 32 4.170700e-03
5 33 4.950430e-04
5 34 3.316830e-05
5 35 3.357730e-06
5 36 1.043350e-07
5 37 0.000000e+00
5 38 0.000000e+00
5 39 0.000000e+00
5 40 0.000000e+00
6 1 6.005670e-02
6 2 2.502090e-02
6 3 3.719290e-02
6 4 5.103210e-02
6 5 7.334500e-02
6 6 1.017800e-01
6 7 1.298040e-01
6 8 1.625740e-01
6 9 2.018560e-01
6 10 2.519800e-01
6 11 3.119270e-01
6 12 3.850210e-01
6 13 4.724660e-01
6 14 5.776000e-01
6 15 6.984380e-01
6 16 8.378550e-01
6 17 9.915790e-01
6 18 1.154890e+00
6 19 1.317470e+00
6 20 1.467300e+00
6 21 1.581960e+00
6 22 1.639850e+00
6 23 1.616340e+00
6 24 1.495250e+00
6 25 1.278190e+00
6 26 9.892110e-01
6 27 6.761090e-01
6 28 3.954020e-01
6 29 1.902600e-01
6 30 7.175870e-02
6 31 1.997990e-02
6 32 3.811800e-03
6 33 4.546670e-04
6 34 3.090750e-05
6 35 3.106790e-06
6 36 9.763530e-08
6 37 0.000000e+00
6 38 0.000000e+00
6 39 0.000000e+00
6 40 0.000000e+00
7 1 4.608030e-02
7 2 1.913260e-02
7 3 2.877340e-02
7 4 3.985550e-02
7 5 5.759960e-02
7 6 8.228760e-02
7 7 1.139410e-01
7 8 1.457710e-01
7 9 1.810090e-01
7 10 2.259640e-01
7 11 2.797340e-01
7 12 3.453030e-01
7 13 4.237580e-01
7 14 5.181030e-01
7 15 6.265460e-01
7 16 7.517460e-01
7 17 8.897960e-01
7 18 1.036610e+00
7 19 1.182880e+00
7 20 1.317840e+00
7 21 1.421410e+00
7 22 1.474260e+00
7 23 1.454130e+00
7 24 1.346380e+00
7 25 1.152210e+00
7 26 8.929130e-01
7 27 6.112980e-01
7 28 3.582620e-01
7 29 1.728390e-01
7 30 6.539950e-02
7 31 1.828150e-02
7 32 3.504860e-03
7 33 4.205650e-04
7 34 2.889470e-05
7 35 2.900710e-06
7 36 9.230140e-08
7 37 0.000000e+00
7 38 0.000000e+00
7 39 0.000000e+00
7 40 0.000000e+00
8 1 3.589560e-02
8 2 1.491020e-02
8 3 2.244260e-02
8 4 3.117370e-02
8 5 4.516440e-02
8 6 6.463070e-02
8 7 9.196100e-02
8 8 1.280640e-01
8 9 1.625130e-01
8 10 2.028890e-01
8 11 2.511820e-01
8 12 3.100800e-01
8 13 3.805670e-01
8 14 4.653470e-01
8 15 5.628200e-01
8 16 6.754220e-01
8 17 7.996070e-01
8 18 9.318290e-01
8 19 1.063690e+00
8 20 1.185560e+00
8 21 1.279420e+00
8 22 1.327890e+00
8 23 1.310880e+00
8 24 1.215070e+00
8 25 1.041250e+00
8 26 8.083070e-01
8 27 5.545040e-01
8 28 3.258310e-01
8 29 1.577020e-01
8 30 5.991020e-02
8 31 1.682880e-02
8 32 3.245750e-03
8 33 3.923240e-04
8 34 2.723840e-05
8 35 2.735460e-06
8 36 8.851350e-08
8 37 0.000000e+00
8 38 0.000000e+00
8 39 0.000000e+00
8 40 0.000000e+00
9 1 2.922110e-02
9 2 1.189510e-02
9 3 1.760810e-02
9 4 2.428430e-02
9 5 3.531850e-02
9 6 5.075120e-02
9 7 7.234240e-02
9 8 1.034880e-01
9 9 1.431770e-01
9 10 1.826300e-01
9 11 2.261190e-01
9 12 2.791650e-01
9 13 3.426610e-01
9 14 4.190530e-01
9 15 5.069190e-01
9 16 6.084730e-01
9 17 7.205580e-01
9 18 8.400090e-01
9 19 9.592820e-01
9 20 1.069770e+00
9 21 1.155260e+00
9 22 1.200020e+00
9 23 1.185910e+00
9 24 1.100720e+00
9 25 9.448210e-01
9 26 7.350350e-01
9 27 5.055190e-01
9 28 2.980030e-01
9 29 1.448100e-01
9 30 5.528230e-02
9 31 1.562140e-02
9 32 3.034950e-03
9 33 3.700790e-04
9 34 2.597320e-05
9 35 2.612170e-06
9 36 8.636840e-08
9 37 0.000000e+00
9 38 0.000000e+00
9 39 0.000000e+00
9 40 0.000000e+00
10 1 2.272830e-02
10 2 9.239600e-03
10 3 1.373400e-02
10 4 1.898200e-02
10 5 2.759170e-02
10 6 3.970620e-02
10 7 5.670200e-02
10 8 8.119320e-02
10 9 1.154440e-01
10 10 1.611210e-01
10 11 2.039500e-01
10 12 2.518230e-01
10 13 3.091420e-01
10 14 3.781210e-01
10 15 4.575130e-01
10 16 5.493090e-01
10 17 6.507380e-01
10 18 7.589110e-01
10 19 8.671650e-01
10 20 9.676950e-01
10 21 1.045880e+00
10 22 1.087540e+00
10 23 1.076180e+00
10 24 1.000520e+00
10 25 8.605800e-01
10 26 6.712360e-01
10 27 4.631170e-01
10 28 2.740730e-01
10 29 1.338350e-01
10 30 5.139770e-02
10 31 1.462940e-02
10 32 2.867380e-03
10 33 3.533650e-04
10 34 2.510830e-05
10 35 2.532030e-06
10 36 8.583590e-08
10 37 0.000000e+00
10 38 0.000000e+00
10 39 0.000000e+00
10 40 0.000000e+00
11 1 1.738140e-02
11 2 7.063870e-03
11 3 1.047750e-02
11 4 1.444870e-02
11 5 2.101790e-02
11 6 3.045170e-02
11 7 4.383940e-02
11 8 6.313220e-02
11 9 9.009180e-02
11 10 1.295300e-01
11 11 1.803040e-01
11 12 2.278540e-01
11 13 2.797630e-01
11 14 3.422620e-01
11 15 4.142330e-01
11 16 4.975150e-01
11 17 5.896140e-01
11 18 6.879920e-01
11 19 7.866730e-01
11 20 8.786000e-01
11 21 9.505280e-01
11 22 9.896440e-01
11 23 9.809490e-01
11 24 9.137970e-01
11 25 7.879730e-01
11 26 6.165280e-01
11 27 4.270490e-01
11 28 2.539290e-01
11 29 1.247370e-01
11 30 4.825080e-02
11 31 1.385480e-02
11 32 2.744530e-03
11 33 3.425530e-04
11 34 2.469810e-05
11 35 2.498100e-06
11 36 8.732840e-08
11 37 0.000000e+00
11 38 0.000000e+00
11 39 0.000000e+00
11 40 0.000000e+00
12 1 1.407590e-02
12 2 5.711750e-03
12 3 8.435530e-03
12 4 1.154440e-02
12 5 1.659570e-02
12 6 2.365700e-02
12 7 3.384450e-02
12 8 4.896610e-02
12 9 7.020990e-02
12 10 1.011700e-01
12 11 1.449930e-01
12 12 2.021720e-01
12 13 2.541980e-01
12 14 3.110670e-01
12 15 3.766040e-01
12 16 4.525050e-01
12 17 5.365320e-01
12 18 6.264970e-01
12 19 7.169340e-01
12 20 8.015410e-01
12 21 8.682500e-01
12 22 9.053750e-01
12 23 8.992710e-01
12 24 8.397950e-01
12 25 7.264120e-01
12 26 5.705250e-01
12 27 3.970830e-01
12 28 2.374910e-01
12 29 1.174980e-01
12 30 4.584780e-02
12 31 1.330400e-02
12 32 2.668740e-03
12 33 3.381050e-04
12 34 2.479580e-05
12 35 2.513160e-06
12 36 9.122080e-08
12 37 0.000000e+00
12 38 0.000000e+00
12 39 0.000000e+00
12 40 0.000000e+00
13 1 1.029040e-02
13 2 4.178370e-03
13 3 6.171870e-03
13 4 8.437720e-03
13 5 1.213390e-02
13 6 1.741740e-02
13 7 2.510540e-02
13 8 3.664190e-02
13 9 5.327240e-02
13 10 7.762300e-02
13 11 1.120450e-01
13 12 1.617040e-01
13 13 2.261970e-01
13 14 2.839980e-01
13 15 3.439570e-01
13 16 4.134940e-01
13 17 4.905690e-01
13 18 5.732620e-01
13 19 6.566840e-01
13 20 7.351020e-01
13 21 7.974820e-01
13 22 8.331200e-01
13 23 8.294570e-01
13 24 7.769630e-01
13 25 6.745590e-01
13 26 5.322300e-01
13 27 3.725210e-01
13 28 2.243620e-01
13 29 1.119500e-01
13 30 4.413750e-02
13 31 1.296860e-02
13 32 2.640720e-03
13 33 3.405710e-04
13 34 2.548930e-05
13 35 2.588360e-06
13 36 9.832790e-08
13 37 0.000000e+00
13 38 0.000000e+00
13 39 0.000000e+00
13 40 0.000000e+00
14 1 8.593490e-03
14 2 3.487420e-03
14 3 5.149330e-03
14 4 7.037350e-03
14 5 1.009260e-02
14 6 1.437000e-02
14 7 2.044510e-02
14 8 2.929000e-02
14 9 4.177300e-02
14 10 6.051790e-02
14 11 8.723750e-02
14 12 1.256890e-01
14 13 1.811170e-01
14 14 2.538320e-01
14 15 3.157720e-01
14 16 3.798190e-01
14 17 4.509850e-01
14 18 5.274950e-01
14 19 6.050440e-01
14 20 6.783560e-01
14 21 7.373200e-01
14 22 7.720690e-01
14 23 7.708980e-01
14 24 7.248460e-01
14 25 6.321950e-01
14 26 5.016530e-01
14 27 3.535280e-01
14 28 2.147300e-01
14 29 1.082450e-01
14 30 4.320560e-02
14 31 1.288190e-02
14 32 2.668770e-03
14 33 3.512130e-04
14 34 2.688430e-05
14 35 2.729240e-06
14 36 1.094110e-07
14 37 0.000000e+00
14 38 0.000000e+00
14 39 0.000000e+00
14 40 0.000000e+00
15 1 6.634050e-03
15 2 2.692700e-03
15 3 3.976440e-03
15 4 5.434380e-03
15 5 7.792250e-03
15 6 1.108020e-02
15 7 1.572070e-02
15 8 2.252400e-02
15 9 3.225920e-02
15 10 4.673690e-02
15 11 6.733280e-02
15 12 9.704400e-02
15 13 1.398740e-01
15 14 2.026670e-01
15 15 2.837250e-01
15 16 3.512650e-01
15 17 4.174850e-01
15 18 4.888850e-01
15 19 5.615500e-01
15 20 6.307550e-01
15 21 6.871440e-01
15 22 7.215350e-01
15 23 7.229810e-01
15 24 6.827810e-01
15 25 5.987340e-01
15 26 4.782660e-01
15 27 3.398140e-01
15 28 2.084520e-01
15 29 1.063470e-01
15 30 4.306380e-02
15 31 1.306110e-02
15 32 2.760900e-03
15 33 3.719920e-04
15 34 2.923060e-05
15 35 2.962920e-06
15 36 1.265310e-07
15 37 0.000000e+00
15 38 0.000000e+00
15 39 0.000000e+00
15 40 0.000000e+00
16 1 4.979540e-03
16 2 2.021900e-03
16 3 2.986460e-03
16 4 4.082470e-03
16 5 5.854710e-03
16 6 8.326050e-03
16 7 1.180280e-02
16 8 1.687040e-02
16 9 2.410800e-02
16 10 3.495510e-02
16 11 5.067150e-02
16 12 7.360460e-02
16 13 1.066930e-01
16 14 1.551870e-01
16 15 2.256510e-01
16 16 3.177710e-01
16 17 3.898630e-01
16 18 4.571870e-01
16 19 5.260380e-01
16 20 5.921450e-01
16 21 6.468370e-01
16 22 6.814370e-01
16 23 6.855700e-01
16 24 6.508380e-01
16 25 5.743630e-01
16 26 4.623920e-01
16 27 3.316780e-01
16 28 2.058160e-01
16 29 1.064770e-01
16 30 4.384300e-02
16 31 1.356280e-02
16 32 2.934420e-03
16 33 4.062550e-04
16 34 3.288080e-05
16 35 3.322340e-06
16 36 1.528230e-07
16 37 0.000000e+00
16 38 0.000000e+00
16 39 0.000000e+00
16 40 0.000000e+00
17 1 3.926970e-03
17 2 1.594210e-03
17 3 2.354340e-03
17 4 3.218080e-03
17 5 4.615240e-03
17 6 6.562340e-03
17 7 9.301500e-03
17 8 1.327610e-02
17 9 1.888580e-02
17 10 2.720050e-02
17 11 3.914290e-02
17 12 5.653040e-02
17 13 8.167710e-02
17 14 1.185680e-01
17 15 1.722370e-01
17 16 2.519280e-01
17 17 3.551670e-01
17 18 4.313260e-01
17 19 4.973320e-01
17 20 5.612950e-01
17 21 6.151590e-01
17 22 6.506670e-01
17 23 6.577750e-01
17 24 6.283810e-01
17 25 5.587600e-01
17 26 4.540070e-01
17 27 3.293520e-01
17 28 2.071520e-01
17 29 1.089170e-01
17 30 4.571940e-02
17 31 1.446640e-02
17 32 3.213200e-03
17 33 4.585440e-04
17 34 3.811400e-05
17 35 3.843770e-06
17 36 1.926480e-07
17 37 0.000000e+00
17 38 0.000000e+00
17 39 0.000000e+00
17 40 0.000000e+00
18 1 2.913600e-03
18 2 1.183340e-03
18 3 1.747840e-03
18 4 2.389520e-03
18 5 3.427430e-03
18 6 4.874850e-03
18 7 6.911720e-03
18 8 9.861660e-03
18 9 1.401340e-02
18 10 2.015850e-02
18 11 2.900610e-02
18 12 4.200430e-02
18 13 6.100270e-02
18 14 8.897690e-02
18 15 1.297030e-01
18 16 1.902190e-01
18 17 2.802460e-01
18 18 3.968100e-01
18 19 4.758750e-01
18 20 5.387110e-01
18 21 5.926490e-01
18 22 6.297930e-01
18 23 6.402720e-01
18 24 6.159390e-01
18 25 5.524930e-01
18 26 4.536870e-01
18 27 3.333640e-01
18 28 2.129430e-01
18 29 1.140400e-01
18 30 4.893040e-02
18 31 1.588660e-02
18 32 3.636100e-03
18 33 5.372310e-04
18 34 4.613830e-05
18 35 3.670100e-06
18 36 1.668380e-07
18 37 0.000000e+00
18 38 0.000000e+00
18 39 0.000000e+00
18 40 0.000000e+00
19 1 2.044650e-03
19 2 8.314790e-04
19 3 1.228520e-03
19 4 1.680040e-03
19 5 2.410900e-03
19 6 3.431120e-03
19 7 4.867940e-03
19 8 6.951110e-03
19 9 9.879820e-03
19 10 1.420410e-02
19 11 2.043750e-02
19 12 2.966510e-02
19 13 4.339700e-02
19 14 6.418510e-02
19 15 9.486420e-02
19 16 1.405330e-01
19 17 2.085670e-01
19 18 3.110950e-01
19 19 4.431020e-01
19 20 5.248430e-01
19 21 5.798310e-01
19 22 6.194050e-01
19 23 6.337320e-01
19 24 6.143750e-01
19 25 5.564890e-01
19 26 4.623970e-01
19 27 3.446700e-01
19 28 2.240170e-01
19 29 1.224780e-01
19 30 5.386460e-02
19 31 1.800780e-02
19 32 4.265460e-03
19 33 6.560000e-04
19 34 5.897670e-05
19 35 3.696400e-06
19 36 1.271890e-07
19 37 0.000000e+00
19 38 0.000000e+00
19 39 0.000000e+00
19 40 0.000000e+00
20 1 1.569510e-03
20 2 6.380520e-04
20 3 9.426980e-04
20 4 1.289120e-03
20 5 1.849730e-03
20 6 2.632010e-03
20 7 3.733520e-03
20 8 5.330210e-03
20 9 7.573200e-03
20 10 1.087190e-02
20 11 1.557650e-02
20 12 2.243420e-02
20 13 3.245230e-02
20 14 4.731420e-02
20 15 6.949340e-02
20 16 1.032310e-01
20 17 1.536780e-01
20 18 2.297830e-01
20 19 3.453750e-01
20 20 4.940460e-01
20 21 5.745510e-01
20 22 6.176310e-01
20 23 6.368230e-01
20 24 6.231080e-01
20 25 5.709530e-01
20 26 4.810870e-01
20 27 3.646810e-01
20 28 2.418310e-01
20 29 1.354050e-01
20 30 6.123280e-02
20 31 2.114870e-02
20 32 5.200520e-03
20 33 8.347170e-04
20 34 7.866360e-05
20 35 5.034880e-06
20 36 1.811600e-07
20 37 0.000000e+00
20 38 0.000000e+00
20 39 0.000000e+00
20 40 0.000000e+00
21 1 1.144410e-03
21 2 4.653360e-04
21 3 6.875890e-04
21 4 9.403760e-04
21 5 1.349570e-03
21 6 1.920980e-03
21 7 2.725950e-03
21 8 3.893270e-03
21 9 5.534350e-03
21 10 7.950070e-03
21 11 1.139700e-02
21 12 1.642100e-02
21 13 2.376920e-02
21 14 3.474820e-02
21 15 5.097910e-02
21 16 7.532760e-02
21 17 1.118710e-01
21 18 1.673150e-01
21 19 2.519560e-01
21 20 3.828940e-01
21 21 5.498130e-01
21 22 6.268400e-01
21 23 6.519510e-01
21 24 6.447030e-01
21 25 5.983280e-01
21 26 5.121270e-01
21 27 3.955880e-01
21 28 2.682840e-01
21 29 1.542740e-01
21 30 7.197460e-02
21 31 2.578160e-02
21 32 6.612250e-03
21 33 1.113760e-03
21 34 1.106770e-04
21 35 6.794640e-06
21 36 2.750520e-07
21 37 0.000000e+00
21 38 0.000000e+00
21 39 0.000000e+00
21 40 0.000000e+00
22 1 7.893760e-04
22 2 3.213750e-04
22 3 4.749610e-04
22 4 6.497870e-04
22 5 9.328980e-04
22 6 1.328370e-03
22 7 1.886090e-03
22 8 2.695830e-03
22 9 3.835770e-03
22 10 5.516050e-03
22 11 7.918500e-03
22 12 1.142400e-02
22 13 1.655470e-02
22 14 2.423050e-02
22 15 3.564050e-02
22 16 5.289040e-02
22 17 7.891900e-02
22 18 1.186450e-01
22 19 1.797000e-01
22 20 2.747890e-01
22 21 4.232100e-01
22 22 6.118010e-01
22 23 6.810250e-01
22 24 6.812040e-01
22 25 6.411080e-01
22 26 5.582580e-01
22 27 4.402270e-01
22 28 3.060510e-01
22 29 1.812530e-01
22 30 8.755590e-02
22 31 3.266390e-02
22 32 8.783860e-03
22 33 1.562550e-03
22 34 1.652180e-04
22 35 9.678470e-06
22 36 4.458720e-07
22 37 0.000000e+00
22 38 0.000000e+00
22 39 0.000000e+00
22 40 0.000000e+00
23 1 5.099840e-04
23 2 2.081340e-04
23 3 3.077430e-04
23 4 4.212000e-04
23 5 6.050590e-04
23 6 8.622750e-04
23 7 1.225380e-03
23 8 1.753380e-03
23 9 2.498380e-03
23 10 3.599230e-03
23 11 5.177810e-03
23 12 7.489680e-03
23 13 1.088140e-02
23 14 1.595930e-02
23 15 2.354160e-02
23 16 3.515780e-02
23 17 5.301230e-02
23 18 8.068960e-02
23 19 1.236480e-01
23 20 1.911910e-01
23 21 2.977560e-01
23 22 4.671430e-01
23 23 6.806250e-01
23 24 7.366720e-01
23 25 7.039050e-01
23 26 6.242890e-01
23 27 5.034900e-01
23 28 3.596180e-01
23 29 2.199730e-01
23 30 1.104220e-01
23 31 4.309920e-02
23 32 1.222250e-02
23 33 2.312840e-03
23 34 2.626260e-04
23 35 1.608020e-05
23 36 7.770790e-07
23 37 0.000000e+00
23 38 0.000000e+00
23 39 0.000000e+00
23 40 0.000000e+00
24 1 3.275410e-04
24 2 1.340190e-04
24 3 1.982000e-04
24 4 2.714000e-04
24 5 3.900750e-04
24 6 5.561920e-04
24 7 7.910700e-04
24 8 1.133080e-03
24 9 1.616350e-03
24 10 2.332070e-03
24 11 3.361250e-03
24 12 4.872890e-03
24 13 7.099150e-03
24 14 1.044130e-02
24 15 1.543870e-02
24 16 2.310900e-02
24 17 3.495020e-02
24 18 5.347420e-02
24 19 8.262700e-02
24 20 1.289910e-01
24 21 2.030250e-01
24 22 3.223140e-01
24 23 5.147790e-01
24 24 7.547860e-01
24 25 7.905830e-01
24 26 7.157660e-01
24 27 5.918050e-01
24 28 4.355750e-01
24 29 2.761710e-01
24 30 1.446560e-01
24 31 5.935910e-02
24 32 1.784510e-02
24 33 3.613040e-03
24 34 4.433590e-04
24 35 2.936690e-05
24 36 1.429490e-06
24 37 0.000000e+00
24 38 0.000000e+00
24 39 0.000000e+00
24 40 0.000000e+00
25 1 1.975240e-04
25 2 8.110770e-05
25 3 1.200090e-04
25 4 1.644070e-04
25 5 2.364510e-04
25 6 3.374580e-04
25 7 4.804390e-04
25 8 6.890240e-04
25 9 9.845430e-04
25 10 1.423260e-03
25 11 2.056390e-03
25 12 2.990380e-03
25 13 4.372580e-03
25 14 6.459600e-03
25 15 9.598170e-03
25 16 1.444180e-02
25 17 2.197860e-02
25 18 3.387800e-02
25 19 5.282560e-02
25 20 8.340370e-02
25 21 1.329570e-01
25 22 2.140930e-01
25 23 3.473420e-01
25 24 5.660930e-01
25 25 8.356020e-01
25 26 8.420970e-01
25 27 7.152300e-01
25 28 5.438440e-01
25 29 3.585740e-01
25 30 1.967940e-01
25 31 8.533280e-02
25 32 2.736460e-02
25 33 5.973230e-03
25 34 7.993450e-04
25 35 5.786400e-05
25 36 2.796990e-06
25 37 1.693770e-07
25 38 1.001350e-07
25 39 0.000000e+00
25 40 0.000000e+00
26 1 1.016980e-04
26 2 4.228860e-05
26 3 6.260600e-05
26 4 8.582660e-05
26 5 1.235380e-04
26 6 1.764960e-04
26 7 2.516230e-04
26 8 3.615010e-04
26 9 5.176870e-04
26 10 7.504440e-04
26 11 1.088050e-03
26 12 1.589050e-03
26 13 2.336050e-03
26 14 3.474150e-03
26 15 5.204330e-03
26 16 7.904210e-03
26 17 1.215410e-02
26 18 1.898640e-02
26 19 3.013750e-02
26 20 4.868530e-02
26 21 7.975880e-02
26 22 1.322160e-01
26 23 2.207360e-01
26 24 3.702140e-01
26 25 6.213880e-01
26 26 9.270880e-01
26 27 8.925250e-01
26 28 7.014300e-01
26 29 4.815150e-01
26 30 2.775550e-01
26 31 1.277050e-01
26 32 4.397850e-02
26 33 1.045430e-02
26 34 1.548790e-03
26 35 1.259770e-04
26 36 5.739580e-06
26 37 1.309710e-06
26 38 4.351430e-07
26 39 0.000000e+00
26 40 0.000000e+00
27 1 5.471360e-05
27 2 2.287200e-05
27 3 3.387630e-05
27 4 4.647570e-05
27 5 6.695800e-05
27 6 9.575380e-05
27 7 1.366940e-04
27 8 1.967000e-04
27 9 2.822220e-04
27 10 4.101400e-04
27 11 5.964550e-04
27 12 8.743140e-04
27 13 1.291140e-03
27 14 1.930630e-03
27 15 2.911440e-03
27 16 4.457160e-03
27 17 6.916280e-03
27 18 1.090260e-02
27 19 1.745930e-02
27 20 2.846020e-02
27 21 4.708410e-02
27 22 7.909600e-02
27 23 1.345120e-01
27 24 2.305450e-01
27 25 3.966090e-01
27 26 6.805970e-01
27 27 1.019360e+00
27 28 9.307130e-01
27 29 6.688020e-01
27 30 4.073580e-01
27 31 2.001640e-01
27 32 7.447420e-02
27 33 1.937050e-02
27 34 3.183680e-03
27 35 2.913340e-04
27 36 1.343570e-05
27 37 1.700770e-06
27 38 1.100610e-07
27 39 0.000000e+00
27 40 0.000000e+00
28 1 2.477320e-05
28 2 1.052340e-05
28 3 1.559970e-05
28 4 2.141860e-05
28 5 3.088790e-05
28 6 4.423240e-05
28 7 6.324420e-05
28 8 9.118590e-05
28 9 1.311630e-04
28 10 1.911920e-04
28 11 2.790970e-04
28 12 4.110660e-04
28 13 6.106360e-04
28 14 9.197100e-04
28 15 1.399150e-03
28 16 2.165150e-03
28 17 3.404340e-03
28 18 5.451740e-03
28 19 8.890650e-03
28 20 1.479080e-02
28 21 2.502030e-02
28 22 4.305830e-02
28 23 7.524680e-02
28 24 1.330100e-01
28 25 2.367200e-01
28 26 4.213740e-01
28 27 7.441620e-01
28 28 1.120480e+00
28 29 9.600430e-01
28 30 6.192160e-01
28 31 3.262630e-01
28 32 1.320050e-01
28 33 3.792220e-02
28 34 7.005340e-03
28 35 7.346310e-04
28 36 3.795910e-05
28 37 2.078420e-06
28 38 4.087780e-08
28 39 0.000000e+00
28 40 0.000000e+00
29 1 9.102570e-06
29 2 4.133510e-06
29 3 6.140830e-06
29 4 8.443500e-06
29 5 1.218340e-05
29 6 1.745510e-05
29 7 2.497490e-05
29 8 3.604150e-05
29 9 5.190490e-05
29 10 7.578260e-05
29 11 1.108680e-04
29 12 1.637620e-04
29 13 2.442100e-04
29 14 3.697730e-04
29 15 5.666010e-04
29 16 8.852690e-04
29 17 1.409610e-03
29 18 2.294600e-03
29 19 3.821880e-03
29 20 6.532320e-03
29 21 1.142840e-02
29 22 2.042150e-02
29 23 3.706600e-02
29 24 6.818080e-02
29 25 1.268180e-01
29 26 2.372490e-01
29 27 4.422180e-01
29 28 8.114270e-01
29 29 1.231910e+00
29 30 9.775500e-01
29 31 5.529590e-01
29 32 2.442190e-01
29 33 7.804860e-02
29 34 1.640080e-02
29 35 2.006380e-03
29 36 1.227620e-04
29 37 4.310930e-06
29 38 7.623730e-08
29 39 0.000000e+00
29 40 0.000000e+00
30 1 2.710890e-06
30 2 1.389980e-06
30 3 2.122400e-06
30 4 2.960820e-06
30 5 4.297220e-06
30 6 6.181120e-06
30 7 8.877580e-06
30 8 1.285970e-05
30 9 1.860190e-05
30 10 2.730920e-05
30 11 4.022270e-05
30 12 5.990460e-05
30 13 9.022900e-05
30 14 1.382690e-04
30 15 2.149050e-04
30 16 3.414770e-04
30 17 5.546280e-04
30 18 9.241860e-04
30 19 1.581650e-03
30 20 2.788820e-03
30 21 5.043170e-03
30 22 9.312890e-03
30 23 1.746850e-02
30 24 3.317680e-02
30 25 6.375110e-02
30 26 1.239680e-01
30 27 2.419130e-01
30 28 4.675800e-01
30 29 8.820510e-01
30 30 1.338730e+00
30 31 9.743860e-01
30 32 4.731650e-01
30 33 1.695110e-01
30 34 4.076530e-02
30 35 5.839490e-03
30 36 4.287990e-04
30 37 1.433630e-05
30 38 2.775610e-07
30 39 6.405190e-09
30 40 0.000000e+00
31 1 4.604240e-07
31 2 2.635640e-07
31 3 4.360630e-07
31 4 6.669960e-07
31 5 1.056680e-06
31 6 1.614910e-06
31 7 2.408770e-06
31 8 3.583390e-06
31 9 5.275300e-06
31 10 7.827480e-06
31 11 1.161480e-05
31 12 1.744290e-05
31 13 2.653600e-05
31 14 4.114830e-05
31 15 6.486120e-05
31 16 1.047810e-04
31 17 1.734620e-04
31 18 2.954480e-04
31 19 5.186270e-04
31 20 9.420150e-04
31 21 1.768330e-03
31 22 3.423710e-03
31 23 6.772520e-03
31 24 1.359300e-02
31 25 2.757990e-02
31 26 5.646300e-02
31 27 1.167590e-01
31 28 2.413900e-01
31 29 4.901100e-01
31 30 9.586370e-01
31 31 1.451420e+00
31 32 9.510500e-01
31 33 3.842820e-01
31 34 1.069830e-01
31 35 1.823160e-02
31 36 1.638970e-03
31 37 6.486300e-05
31 38 1.327130e-06
31 39 2.485190e-08
31 40 0.000000e+00
32 1 6.934900e-08
32 2 3.969790e-08
32 3 6.567970e-08
32 4 1.004720e-07
32 5 1.609890e-07
32 6 2.557470e-07
32 7 4.044790e-07
32 8 6.428180e-07
32 9 1.013790e-06
32 10 1.606480e-06
32 11 2.505360e-06
32 12 3.856160e-06
32 13 5.944340e-06
32 14 9.328770e-06
32 15 1.491390e-05
32 16 2.452030e-05
32 17 4.148780e-05
32 18 7.257530e-05
32 19 1.315770e-04
32 20 2.483930e-04
32 21 4.879920e-04
32 22 9.987800e-04
32 23 2.118340e-03
32 24 4.595110e-03
32 25 1.004440e-02
32 26 2.189330e-02
32 27 4.817270e-02
32 28 1.072040e-01
32 29 2.372670e-01
32 30 5.100360e-01
32 31 1.038810e+00
32 32 1.565980e+00
32 33 9.064280e-01
32 34 2.934980e-01
32 35 6.022810e-02
32 36 6.762130e-03
32 37 3.447230e-04
32 38 7.492550e-06
32 39 1.027220e-07
32 40 3.003500e-10
33 1 1.040700e-08
33 2 5.957350e-09
33 3 9.856370e-09
33 4 1.507760e-08
33 5 2.415910e-08
33 6 3.837930e-08
33 7 6.069900e-08
33 8 9.646600e-08
33 9 1.522600e-07
33 10 2.422560e-07
33 11 3.835310e-07
33 12 6.078360e-07
33 13 9.660790e-07
33 14 1.555480e-06
33 15 2.535540e-06
33 16 4.244000e-06
33 17 7.347280e-06
33 18 1.324930e-05
33 19 2.493720e-05
33 20 4.923930e-05
33 21 1.020430e-04
33 22 2.223680e-04
33 23 5.083320e-04
33 24 1.209130e-03
33 25 2.927630e-03
33 26 6.953140e-03
33 27 1.643420e-02
33 28 3.948000e-02
33 29 9.595800e-02
33 30 2.300470e-01
33 31 5.276760e-01
33 32 1.122240e+00
33 33 1.678140e+00
33 34 8.399800e-01
33 35 2.084310e-01
33 36 2.960180e-02
33 37 2.002650e-03
33 38 5.209260e-05
33 39 8.863910e-07
33 40 1.439490e-08
34 1 1.836570e-09
34 2 1.051320e-09
34 3 1.739400e-09
34 4 2.660800e-09
34 5 4.263460e-09
34 6 6.772950e-09
34 7 1.071180e-08
34 8 1.702380e-08
34 9 2.687000e-08
34 10 4.275190e-08
34 11 6.768340e-08
34 12 1.072540e-07
34 13 1.697980e-07
34 14 2.695530e-07
34 15 4.266470e-07
34 16 6.768330e-07
34 17 1.086210e-06
34 18 1.834520e-06
34 19 3.398950e-06
34 20 6.886780e-06
34 21 1.490900e-05
34 22 3.439800e-05
34 23 8.401510e-05
34 24 2.162390e-04
34 25 5.811460e-04
34 26 1.592680e-03
34 27 4.254790e-03
34 28 1.130750e-02
34 29 3.060040e-02
34 30 8.319580e-02
34 31 2.197920e-01
34 32 5.433230e-01
34 33 1.210150e+00
34 34 1.784300e+00
34 35 7.532710e-01
34 36 1.359380e-01
34 37 1.239330e-02
34 38 4.526220e-04
34 39 5.875180e-06
34 40 1.584580e-07
35 1 3.760200e-10
35 2 2.152500e-10
35 3 3.561300e-10
35 4 5.447800e-10
35 5 8.729100e-10
35 6 1.386710e-09
35 7 2.193150e-09
35 8 3.485480e-09
35 9 5.501420e-09
35 10 8.753100e-09
35 11 1.385760e-08
35 12 2.195940e-08
35 13 3.476480e-08
35 14 5.518870e-08
35 15 8.735240e-08
35 16 1.385600e-07
35 17 2.196020e-07
35 18 3.480730e-07
35 19 5.515450e-07
35 20 9.134330e-07
35 21 1.728740e-06
35 22 3.807720e-06
35 23 9.463050e-06
35 24 2.575360e-05
35 25 7.462120e-05
35 26 2.219270e-04
35 27 6.710350e-04
35 28 2.102900e-03
35 29 6.777530e-03
35 30 2.195280e-02
35 31 6.939190e-02
35 32 2.066580e-01
35 33 5.567380e-01
35 34 1.301000e+00
35 35 1.880780e+00
35 36 6.518220e-01
35 37 8.018540e-02
35 38 4.275490e-03
35 39 7.413100e-05
35 40 1.043870e-06
36 1 1.266400e-10
36 2 7.249300e-11
36 3 1.199400e-10
36 4 1.834700e-10
36 5 2.939800e-10
36 6 4.670200e-10
36 7 7.386200e-10
36 8 1.173860e-09
36 9 1.852800e-09
36 10 2.947920e-09
36 11 4.667040e-09
36 12 7.395590e-09
36 13 1.170830e-08
36 14 1.858680e-08
36 15 2.941900e-08
36 16 4.666490e-08
36 17 7.395860e-08
36 18 1.172260e-07
36 19 1.856600e-07
36 20 2.944120e-07
36 21 4.665030e-07
36 22 7.412180e-07
36 23 1.223840e-06
36 24 2.469730e-06
36 25 6.836400e-06
36 26 2.369450e-05
36 27 8.609210e-05
36 28 3.053880e-04
36 29 1.092050e-03
36 30 4.035120e-03
36 31 1.516850e-02
36 32 5.560000e-02
36 33 1.889610e-01
36 34 5.631070e-01
36 35 1.393330e+00
36 36 1.968010e+00
36 37 5.423660e-01
36 38 4.195120e-02
36 39 1.169590e-03
36 40 1.028820e-05
37 1 4.009500e-11
37 2 2.295200e-11
37 3 3.797400e-11
37 4 5.809000e-11
37 5 9.307800e-11
37 6 1.478600e-10
37 7 2.338600e-10
37 8 3.716600e-10
37 9 5.866200e-10
37 10 9.333500e-10
37 11 1.477640e-09
37 12 2.341530e-09
37 13 3.706980e-09
37 14 5.884790e-09
37 15 9.314410e-09
37 16 1.477470e-08
37 17 2.341620e-08
37 18 3.711510e-08
37 19 5.878210e-08
37 20 9.321420e-08
37 21 1.477000e-07
37 22 2.341370e-07
37 23 3.710800e-07
37 24 5.889370e-07
37 25 9.660910e-07
37 26 2.000070e-06
37 27 6.945740e-06
37 28 2.990610e-05
37 29 1.276460e-04
37 30 5.337970e-04
37 31 2.267040e-03
37 32 9.932170e-03
37 33 4.281720e-02
37 34 1.690400e-01
37 35 5.651390e-01
37 36 1.487830e+00
37 37 2.039770e+00
37 38 4.323310e-01
37 39 1.912950e-02
37 40 2.463420e-04
38 1 2.412300e-11
38 2 1.380900e-11
38 3 2.284700e-11
38 4 3.495000e-11
38 5 5.600100e-11
38 6 8.896300e-11
38 7 1.407000e-10
38 8 2.236100e-10
38 9 3.529400e-10
38 10 5.615500e-10
38 11 8.890300e-10
38 12 1.408790e-09
38 13 2.230310e-09
38 14 3.540600e-09
38 15 5.604040e-09
38 16 8.889210e-09
38 17 1.408840e-08
38 18 2.233040e-08
38 19 3.536640e-08
38 20 5.608260e-08
38 21 8.886440e-08
38 22 1.408690e-07
38 23 2.232610e-07
38 24 3.538020e-07
38 25 5.607690e-07
38 26 8.929820e-07
38 27 1.554940e-06
38 28 3.995790e-06
38 29 1.475520e-05
38 30 5.992890e-05
38 31 2.591230e-04
38 32 1.216960e-03
38 33 6.165050e-03
38 34 3.161810e-02
38 35 1.478440e-01
38 36 5.630800e-01
38 37 1.583810e+00
38 38 2.092880e+00
38 39 3.300830e-01
38 40 7.467170e-03
39 1 1.232200e-11
39 2 7.053400e-12
39 3 1.167000e-11
39 4 1.785200e-11
39 5 2.860400e-11
39 6 4.544000e-11
39 7 7.186600e-11
39 8 1.142100e-10
39 9 1.802700e-10
39 10 2.868300e-10
39 11 4.540900e-10
39 12 7.195700e-10
39 13 1.139190e-09
39 14 1.808450e-09
39 15 2.862400e-09
39 16 4.540390e-09
39 17 7.196010e-09
39 18 1.140580e-08
39 19 1.806430e-08
39 20 2.864560e-08
39 21 4.538970e-08
39 22 7.195230e-08
39 23 1.140360e-07
39 24 1.807130e-07
39 25 2.864270e-07
39 26 4.539530e-07
39 27 7.194720e-07
39 28 1.158750e-06
39 29 2.277150e-06
39 30 6.633980e-06
39 31 2.466950e-05
39 32 1.107450e-04
39 33 5.876770e-04
39 34 3.533830e-03
39 35 2.217260e-02
39 36 1.262360e-01
39 37 5.577230e-01
39 38 1.681040e+00
39 39 2.125190e+00
39 40 2.440510e-01
40 1 5.566200e-12
40 2 3.186300e-12
40 3 5.271700e-12
40 4 8.064200e-12
40 5 1.292100e-11
40 6 2.052700e-11
40 7 3.246500e-11
40 8 5.159500e-11
40 9 8.143600e-11
40 10 1.295700e-10
40 11 2.051300e-10
40 12 3.250600e-10
40 13 5.146200e-10
40 14 8.169500e-10
40 15 1.293060e-09
40 16 2.051070e-09
40 17 3.250720e-09
40 18 5.152460e-09
40 19 8.160350e-09
40 20 1.294030e-08
40 21 2.050430e-08
40 22 3.250370e-08
40 23 5.151470e-08
40 24 8.163520e-08
40 25 1.293900e-07
40 26 2.050690e-07
40 27 3.250090e-07
40 28 5.151040e-07
40 29 8.163790e-07
40 30 1.315000e-06
40 31 2.437510e-06
40 32 6.419670e-06
40 33 2.819510e-05
40 34 1.916540e-04
40 35 1.606090e-03
40 36 1.390860e-02
40 37 1.038910e-01
40 38 5.505640e-01
40 39 1.781500e+00
40 40 2.305950e+00
