1 3.363410e+01
2 3.007390e+01
3 2.686280e+01
4 2.401290e+01
5 2.150640e+01
6 1.927160e+01
7 1.729080e+01
8 1.553440e+01
9 1.399340e+01
10 1.262970e+01
11 1.143230e+01
12 1.038970e+01
13 9.477390e+00
14 8.689150e+00
15 8.008160e+00
16 7.428020e+00
17 6.935440e+00
18 6.521360e+00
19 6.177640e+00
20 5.893820e+00
21 5.664190e+00
22 5.477160e+00
23 5.327980e+00
24 5.208690e+00
25 5.113430e+00
26 5.037820e+00
27 4.978210e+00
28 4.930190e+00
29 4.892270e+00
30 4.862390e+00
31 4.838310e+00
32 4.819550e+00
33 4.804340e+00
34 4.792380e+00
35 4.782790e+00
36 4.775270e+00
37 4.769250e+00
38 4.764530e+00
39 4.760680e+00
40 4.757640e+00
