1 5.290880e+01
2 4.724710e+01
3 4.213300e+01
4 3.758570e+01
5 3.357710e+01
6 2.999260e+01
7 2.680380e+01
8 2.396350e+01
9 2.145700e+01
10 1.922350e+01
11 1.724520e+01
12 1.550370e+01
13 1.395990e+01
14 1.260420e+01
15 1.141030e+01
16 1.036920e+01
17 9.461110e+00
18 8.673670e+00
19 7.996700e+00
20 7.416310e+00
21 6.927550e+00
22 6.514050e+00
23 6.172060e+00
24 5.890170e+00
25 5.659800e+00
26 5.473990e+00
27 5.326080e+00
28 5.206370e+00
29 5.111660e+00
30 5.036980e+00
31 4.976780e+00
32 4.929880e+00
33 4.891850e+00
34 4.861940e+00
35 4.837980e+00
36 4.819170e+00
37 4.804120e+00
38 4.792320e+00
39 4.782690e+00
40 4.775100e+00
