1 1 1.226220e-01
1 2 4.548810e-02
1 3 5.976950e-02
1 4 7.248690e-02
1 5 9.224050e-02
1 6 1.161340e-01
1 7 1.455120e-01
1 8 1.830790e-01
1 9 2.286460e-01
1 10 2.875270e-01
1 11 3.592400e-01
1 12 4.486080e-01
1 13 5.586220e-01
1 14 6.956650e-01
1 15 8.609560e-01
1 16 1.063530e+00
1 17 1.305820e+00
1 18 1.593070e+00
1 19 1.926420e+00
1 20 2.308710e+00
1 21 2.729260e+00
1 22 3.175960e+00
1 23 3.620380e+00
1 24 4.021980e+00
1 25 4.328260e+00
1 26 4.473190e+00
1 27 4.393180e+00
1 28 4.046360e+00
1 29 3.439420e+00
1 30 2.643490e+00
1 31 1.790720e+00
1 32 1.035630e+00
1 33 4.915570e-01
1 34 1.822810e-01
1 35 4.969140e-02
1 36 9.237250e-03
1 37 1.066800e-03
1 38 6.848950e-05
1 39 2.770280e-06
1 40 1.711980e-07
2 1 9.754280e-02
2 2 3.947130e-02
2 3 5.328240e-02
2 4 6.472400e-02
2 5 8.236190e-02
2 6 1.036970e-01
2 7 1.299280e-01
2 8 1.634720e-01
2 9 2.041600e-01
2 10 2.567370e-01
2 11 3.207700e-01
2 12 4.005730e-01
2 13 4.988070e-01
2 14 6.211670e-01
2 15 7.687710e-01
2 16 9.496580e-01
2 17 1.166010e+00
2 18 1.422580e+00
2 19 1.720270e+00
2 20 2.061660e+00
2 21 2.437230e+00
2 22 2.836200e+00
2 23 3.233250e+00
2 24 3.592010e+00
2 25 3.865700e+00
2 26 3.995450e+00
2 27 3.924360e+00
2 28 3.614970e+00
2 29 3.073180e+00
2 30 2.362440e+00
2 31 1.600710e+00
2 32 9.260040e-01
2 33 4.396860e-01
2 34 1.631190e-01
2 35 4.449260e-02
2 36 8.275880e-03
2 37 9.565410e-04
2 38 6.151790e-05
2 39 2.973960e-06
2 40 1.540140e-07
3 1 7.696770e-02
3 2 3.220130e-02
3 3 4.622070e-02
3 4 5.764570e-02
3 5 7.343820e-02
3 6 9.246110e-02
3 7 1.158510e-01
3 8 1.457600e-01
3 9 1.820400e-01
3 10 2.289210e-01
3 11 2.860170e-01
3 12 3.571770e-01
3 13 4.447720e-01
3 14 5.538740e-01
3 15 6.854930e-01
3 16 8.467920e-01
3 17 1.039720e+00
3 18 1.268540e+00
3 19 1.534060e+00
3 20 1.838500e+00
3 21 2.173460e+00
3 22 2.529320e+00
3 23 2.883520e+00
3 24 3.203670e+00
3 25 3.448000e+00
3 26 3.564040e+00
3 27 3.501040e+00
3 28 3.225500e+00
3 29 2.742590e+00
3 30 2.108800e+00
3 31 1.429270e+00
3 32 8.271320e-01
3 33 3.929200e-01
3 34 1.458520e-01
3 35 3.980960e-02
3 36 7.410920e-03
3 37 8.574780e-04
3 38 5.527250e-05
3 39 2.954450e-06
3 40 1.386690e-07
4 1 6.001570e-02
4 2 2.534880e-02
4 3 3.764960e-02
4 4 5.012340e-02
4 5 6.545360e-02
4 6 8.246990e-02
4 7 1.033320e-01
4 8 1.300100e-01
4 9 1.623690e-01
4 10 2.041850e-01
4 11 2.551130e-01
4 12 3.185850e-01
4 13 3.967190e-01
4 14 4.940410e-01
4 15 6.114380e-01
4 16 7.553150e-01
4 17 9.274260e-01
4 18 1.131540e+00
4 19 1.368490e+00
4 20 1.640090e+00
4 21 1.938930e+00
4 22 2.256470e+00
4 23 2.572520e+00
4 24 2.858420e+00
4 25 3.076750e+00
4 26 3.180580e+00
4 27 3.124840e+00
4 28 2.879440e+00
4 29 2.448920e+00
4 30 1.883540e+00
4 31 1.277080e+00
4 32 7.393960e-01
4 33 3.514450e-01
4 34 1.305490e-01
4 35 3.566110e-02
4 36 6.645960e-03
4 37 7.700350e-04
4 38 4.978270e-05
4 39 2.661610e-06
4 40 1.252410e-07
5 1 4.827900e-02
5 2 2.017070e-02
5 3 2.991090e-02
5 4 4.091740e-02
5 5 5.705530e-02
5 6 7.362490e-02
5 7 9.229410e-02
5 8 1.161220e-01
5 9 1.450260e-01
5 10 1.823750e-01
5 11 2.278650e-01
5 12 2.845600e-01
5 13 3.543510e-01
5 14 4.412840e-01
5 15 5.461500e-01
5 16 6.746690e-01
5 17 8.284220e-01
5 18 1.010760e+00
5 19 1.222500e+00
5 20 1.465170e+00
5 21 1.732190e+00
5 22 2.015950e+00
5 23 2.298430e+00
5 24 2.554190e+00
5 25 2.749550e+00
5 26 2.842720e+00
5 27 2.793400e+00
5 28 2.574620e+00
5 29 2.190310e+00
5 30 1.685250e+00
5 31 1.143160e+00
5 32 6.622400e-01
5 33 3.149970e-01
5 34 1.171100e-01
5 35 3.202290e-02
5 36 5.976120e-03
5 37 6.935890e-04
5 38 4.497970e-05
5 39 2.405610e-06
5 40 1.134960e-07
6 1 3.830400e-02
6 2 1.592420e-02
6 3 2.364450e-02
6 4 3.240570e-02
6 5 4.646740e-02
6 6 6.423620e-02
6 7 8.239400e-02
6 8 1.037020e-01
6 9 1.295140e-01
6 10 1.628690e-01
6 11 2.034940e-01
6 12 2.541270e-01
6 13 3.164590e-01
6 14 3.940980e-01
6 15 4.877640e-01
6 16 6.025540e-01
6 17 7.398780e-01
6 18 9.027560e-01
6 19 1.091910e+00
6 20 1.308770e+00
6 21 1.547320e+00
6 22 1.800900e+00
6 23 2.053450e+00
6 24 2.282300e+00
6 25 2.457050e+00
6 26 2.540810e+00
6 27 2.497280e+00
6 28 2.302350e+00
6 29 1.959390e+00
6 30 1.508280e+00
6 31 1.023710e+00
6 32 5.934700e-01
6 33 2.825370e-01
6 34 1.051520e-01
6 35 2.879230e-02
6 36 5.382510e-03
6 37 6.259860e-04
6 38 4.072390e-05
6 39 2.355020e-06
6 40 1.082820e-07
7 1 2.948630e-02
7 2 1.221540e-02
7 3 1.834600e-02
7 4 2.537410e-02
7 5 3.661360e-02
7 6 5.216760e-02
7 7 7.196790e-02
7 8 9.262530e-02
7 9 1.157110e-01
7 10 1.455120e-01
7 11 1.818090e-01
7 12 2.270480e-01
7 13 2.827410e-01
7 14 3.521150e-01
7 15 4.358080e-01
7 16 5.383890e-01
7 17 6.611000e-01
7 18 8.066700e-01
7 19 9.757020e-01
7 20 1.169610e+00
7 21 1.382890e+00
7 22 1.609650e+00
7 23 1.835580e+00
7 24 2.040410e+00
7 25 2.197040e+00
7 26 2.272480e+00
7 27 2.234220e+00
7 28 2.060520e+00
7 29 1.754340e+00
7 30 1.351210e+00
7 31 9.177700e-01
7 32 5.325360e-01
7 33 2.538050e-01
7 34 9.458490e-02
7 35 2.594400e-02
7 36 4.860170e-03
7 37 5.666600e-04
7 38 3.699710e-05
7 39 3.178650e-06
7 40 1.288820e-07
8 1 2.305290e-02
8 2 9.552620e-03
8 3 1.436050e-02
8 4 1.991650e-02
8 5 2.880190e-02
8 6 4.113250e-02
8 7 5.834180e-02
8 8 8.095130e-02
8 9 1.033930e-01
8 10 1.300460e-01
8 11 1.624870e-01
8 12 2.029210e-01
8 13 2.526970e-01
8 14 3.147080e-01
8 15 3.895180e-01
8 16 4.812180e-01
8 17 5.909210e-01
8 18 7.210670e-01
8 19 8.721960e-01
8 20 1.045630e+00
8 21 1.236440e+00
8 22 1.439340e+00
8 23 1.641580e+00
8 24 1.825070e+00
8 25 1.965650e+00
8 26 2.033700e+00
8 27 2.000210e+00
8 28 1.845520e+00
8 29 1.572150e+00
8 30 1.211720e+00
8 31 8.237770e-01
8 32 4.785340e-01
8 33 2.283780e-01
8 34 8.525320e-02
8 35 2.343460e-02
8 36 4.401400e-03
8 37 5.147960e-04
8 38 3.387470e-05
8 39 3.554600e-06
8 40 1.375370e-07
9 1 1.884490e-02
9 2 7.654800e-03
9 3 1.131790e-02
9 4 1.558510e-02
9 5 2.262230e-02
9 6 3.243020e-02
9 7 4.610740e-02
9 8 6.571260e-02
9 9 9.057780e-02
9 10 1.163780e-01
9 11 1.454280e-01
9 12 1.816200e-01
9 13 2.261760e-01
9 14 2.816820e-01
9 15 3.486540e-01
9 16 4.307480e-01
9 17 5.289760e-01
9 18 6.455080e-01
9 19 7.808620e-01
9 20 9.361860e-01
9 21 1.107210e+00
9 22 1.289090e+00
9 23 1.470480e+00
9 24 1.635200e+00
9 25 1.761720e+00
9 26 1.823260e+00
9 27 1.794060e+00
9 28 1.656280e+00
9 29 1.411920e+00
9 30 1.089130e+00
9 31 7.412810e-01
9 32 4.312120e-01
9 33 2.061440e-01
9 34 7.711720e-02
9 35 2.125390e-02
9 36 4.004530e-03
9 37 4.702410e-04
9 38 3.136550e-05
9 39 3.267400e-06
9 40 1.276770e-07
10 1 1.473980e-02
10 2 5.978790e-03
10 3 8.876010e-03
10 4 1.224810e-02
10 5 1.776920e-02
10 6 2.550920e-02
10 7 3.632180e-02
10 8 5.183460e-02
10 9 7.337610e-02
10 10 1.020160e-01
10 11 1.302130e-01
10 12 1.626340e-01
10 13 2.025370e-01
10 14 2.522490e-01
10 15 3.122340e-01
10 16 3.857700e-01
10 17 4.737690e-01
10 18 5.781840e-01
10 19 6.994860e-01
10 20 8.386910e-01
10 21 9.920860e-01
10 22 1.155260e+00
10 23 1.318120e+00
10 24 1.466160e+00
10 25 1.580160e+00
10 26 1.636070e+00
10 27 1.610790e+00
10 28 1.488170e+00
10 29 1.269740e+00
10 30 9.804750e-01
10 31 6.682590e-01
10 32 3.894070e-01
10 33 1.865540e-01
10 34 6.997280e-02
10 35 1.934740e-02
10 36 3.659790e-03
10 37 4.318840e-04
10 38 2.905940e-05
10 39 3.024280e-06
10 40 1.195320e-07
11 1 1.135990e-02
11 2 4.605410e-03
11 3 6.821300e-03
11 4 9.390600e-03
11 5 1.363150e-02
11 6 1.970160e-02
11 7 2.827670e-02
11 8 4.057140e-02
11 9 5.764180e-02
11 10 8.242920e-02
11 11 1.142550e-01
11 12 1.458060e-01
11 13 1.815940e-01
11 14 2.261740e-01
11 15 2.799710e-01
11 16 3.459260e-01
11 17 4.248670e-01
11 18 5.185550e-01
11 19 6.274090e-01
11 20 7.523890e-01
11 21 8.901480e-01
11 22 1.036810e+00
11 23 1.183310e+00
11 24 1.316650e+00
11 25 1.419610e+00
11 26 1.470680e+00
11 27 1.448980e+00
11 28 1.339870e+00
11 29 1.144480e+00
11 30 8.849450e-01
11 31 6.041640e-01
11 32 3.528130e-01
11 33 1.694690e-01
11 34 6.377200e-02
11 35 1.770370e-02
11 36 3.365370e-03
11 37 3.995510e-04
11 38 2.711540e-05
11 39 2.824140e-06
11 40 1.132400e-07
12 1 9.275090e-03
12 2 3.755080e-03
12 3 5.539160e-03
12 4 7.568890e-03
12 5 1.085890e-02
12 6 1.544070e-02
12 7 2.202060e-02
12 8 3.173660e-02
12 9 4.529750e-02
12 10 6.491300e-02
12 11 9.241140e-02
12 12 1.282370e-01
12 13 1.631430e-01
12 14 2.032080e-01
12 15 2.515550e-01
12 16 3.108390e-01
12 17 3.818070e-01
12 18 4.660510e-01
12 19 5.639490e-01
12 20 6.764390e-01
12 21 8.004440e-01
12 22 9.326290e-01
12 23 1.064780e+00
12 24 1.185270e+00
12 25 1.278630e+00
12 26 1.325560e+00
12 27 1.307160e+00
12 28 1.210040e+00
12 29 1.035010e+00
12 30 8.016980e-01
12 31 5.484440e-01
12 32 3.211290e-01
12 33 1.547520e-01
12 34 5.846860e-02
12 35 1.631140e-02
12 36 3.119500e-03
12 37 3.730760e-04
12 38 2.562230e-05
12 39 2.665240e-06
12 40 1.088160e-07
13 1 6.874840e-03
13 2 2.784220e-03
13 3 4.106600e-03
13 4 5.604170e-03
13 5 8.040470e-03
13 6 1.150850e-02
13 7 1.652920e-02
13 8 2.402060e-02
13 9 3.474490e-02
13 10 5.032660e-02
13 11 7.213500e-02
13 12 1.032370e-01
13 13 1.435930e-01
13 14 1.828570e-01
13 15 2.263820e-01
13 16 2.797570e-01
13 17 3.436650e-01
13 18 4.195520e-01
13 19 5.077780e-01
13 20 6.091870e-01
13 21 7.210690e-01
13 22 8.404480e-01
13 23 9.599560e-01
13 24 1.069150e+00
13 25 1.154120e+00
13 26 1.197520e+00
13 27 1.182140e+00
13 28 1.095800e+00
13 29 9.388660e-01
13 30 7.287700e-01
13 31 4.998390e-01
13 32 2.936130e-01
13 33 1.420600e-01
13 34 5.393770e-02
13 35 1.513820e-02
13 36 2.916510e-03
13 37 3.519240e-04
13 38 2.444780e-05
13 39 2.546270e-06
13 40 1.061890e-07
14 1 5.800710e-03
14 2 2.348890e-03
14 3 3.463870e-03
14 4 4.725810e-03
14 5 6.764340e-03
14 6 9.607130e-03
14 7 1.362440e-02
14 8 1.944300e-02
14 9 2.759650e-02
14 10 3.974200e-02
14 11 5.688040e-02
14 12 8.125480e-02
14 13 1.159020e-01
14 14 1.613830e-01
14 15 2.042480e-01
14 16 2.524330e-01
14 17 3.101410e-01
14 18 3.786920e-01
14 19 4.584310e-01
14 20 5.501340e-01
14 21 6.514090e-01
14 22 7.595650e-01
14 23 8.680660e-01
14 24 9.674740e-01
14 25 1.045220e+00
14 26 1.085690e+00
14 27 1.073180e+00
14 28 9.964710e-01
14 29 8.555440e-01
14 30 6.658420e-01
14 31 4.581580e-01
14 32 2.701950e-01
14 33 1.313770e-01
14 34 5.018230e-02
14 35 1.418740e-02
14 36 2.757650e-03
14 37 3.363050e-04
14 38 2.364810e-05
14 39 2.468480e-06
14 40 1.056440e-07
15 1 4.554450e-03
15 2 1.844400e-03
15 3 2.720070e-03
15 4 3.711210e-03
15 5 5.310010e-03
15 6 7.530700e-03
15 7 1.065000e-02
15 8 1.519690e-02
15 9 2.165620e-02
15 10 3.118310e-02
15 11 4.459660e-02
15 12 6.371630e-02
15 13 9.087680e-02
15 14 1.300390e-01
15 15 1.806680e-01
15 16 2.284010e-01
15 17 2.806640e-01
15 18 3.427700e-01
15 19 4.150590e-01
15 20 4.982590e-01
15 21 5.902320e-01
15 22 6.885960e-01
15 23 7.875080e-01
15 24 8.784350e-01
15 25 9.499820e-01
15 26 9.880360e-01
15 27 9.783110e-01
15 28 9.102150e-01
15 29 7.834950e-01
15 30 6.117100e-01
15 31 4.225820e-01
15 32 2.504150e-01
15 33 1.224920e-01
15 34 4.713070e-02
15 35 1.344260e-02
15 36 2.640890e-03
15 37 3.261850e-04
15 38 2.326980e-05
15 39 2.435450e-06
15 40 1.074950e-07
16 1 3.498730e-03
16 2 1.417180e-03
16 3 2.090030e-03
16 4 2.851810e-03
16 5 4.080690e-03
16 6 5.786510e-03
16 7 8.174260e-03
16 8 1.163280e-02
16 9 1.653380e-02
16 10 2.381620e-02
16 11 3.425260e-02
16 12 4.929410e-02
16 13 7.067300e-02
16 14 1.014420e-01
16 15 1.452290e-01
16 16 2.026570e-01
16 17 2.550340e-01
16 18 3.115490e-01
16 19 3.773780e-01
16 20 4.531830e-01
16 21 5.371520e-01
16 22 6.270930e-01
16 23 7.177460e-01
16 24 8.014520e-01
16 25 8.678150e-01
16 26 9.039720e-01
16 27 8.969440e-01
16 28 8.365820e-01
16 29 7.223510e-01
16 30 5.661430e-01
16 31 3.929860e-01
16 32 2.342400e-01
16 33 1.154090e-01
16 34 4.479600e-02
16 35 1.291260e-02
16 36 2.569200e-03
16 37 3.221610e-04
16 38 2.337830e-05
16 39 2.452020e-06
16 40 1.123630e-07
17 1 2.826340e-03
17 2 1.144500e-03
17 3 1.687860e-03
17 4 2.302750e-03
17 5 3.294950e-03
17 6 4.672040e-03
17 7 6.598940e-03
17 8 9.378000e-03
17 9 1.326960e-02
17 10 1.898730e-02
17 11 2.710890e-02
17 12 3.877980e-02
17 13 5.539640e-02
17 14 7.935180e-02
17 15 1.134180e-01
17 16 1.627870e-01
17 17 2.270420e-01
17 18 2.843720e-01
17 19 3.445990e-01
17 20 4.140280e-01
17 21 4.910590e-01
17 22 5.737410e-01
17 23 6.573520e-01
17 24 7.349660e-01
17 25 7.970740e-01
17 26 8.318570e-01
17 27 8.274560e-01
17 28 7.741640e-01
17 29 6.710080e-01
17 30 5.283720e-01
17 31 3.688970e-01
17 32 2.214530e-01
17 33 1.100550e-01
17 34 4.316700e-02
17 35 1.260050e-02
17 36 2.544750e-03
17 37 3.247620e-04
17 38 2.403450e-05
17 39 2.524380e-06
17 40 1.208340e-07
18 1 2.170780e-03
18 2 8.792790e-04
18 3 1.296810e-03
18 4 1.769420e-03
18 5 2.531800e-03
18 6 3.590200e-03
18 7 5.070820e-03
18 8 7.201440e-03
18 9 1.017510e-02
18 10 1.453390e-02
18 11 2.073580e-02
18 12 2.972370e-02
18 13 4.264330e-02
18 14 6.130680e-02
18 15 8.786550e-02
18 16 1.263150e-01
18 17 1.818520e-01
18 18 2.542560e-01
18 19 3.164400e-01
18 20 3.804700e-01
18 21 4.515820e-01
18 22 5.281150e-01
18 23 6.058490e-01
18 24 6.784080e-01
18 25 7.371460e-01
18 26 7.711040e-01
18 27 7.692630e-01
18 28 7.224010e-01
18 29 6.290020e-01
18 30 4.981090e-01
18 31 3.501510e-01
18 32 2.119880e-01
18 33 1.064350e-01
18 34 4.226720e-02
18 35 1.252140e-02
18 36 2.573440e-03
18 37 3.352640e-04
18 38 2.538850e-05
18 39 2.668180e-06
18 40 1.345850e-07
19 1 1.594900e-03
19 2 6.465580e-04
19 3 9.536590e-04
19 4 1.301370e-03
19 5 1.862560e-03
19 6 2.641730e-03
19 7 3.732140e-03
19 8 5.301390e-03
19 9 7.486210e-03
19 10 1.067760e-02
19 11 1.521590e-02
19 12 2.183370e-02
19 13 3.151370e-02
19 14 4.588150e-02
19 15 6.657830e-02
19 16 9.653110e-02
19 17 1.397620e-01
19 18 2.026960e-01
19 19 2.844570e-01
19 20 3.521980e-01
19 21 4.184240e-01
19 22 4.899290e-01
19 23 5.628250e-01
19 24 6.313920e-01
19 25 6.876050e-01
19 26 7.212590e-01
19 27 7.219840e-01
19 28 6.810070e-01
19 29 5.961420e-01
19 30 4.752170e-01
19 31 3.367830e-01
19 32 2.059130e-01
19 33 1.046330e-01
19 34 4.215760e-02
19 35 1.270620e-02
19 36 2.665410e-03
19 37 3.557120e-04
19 38 2.766230e-05
19 39 2.905200e-06
19 40 1.558700e-07
20 1 1.286960e-03
20 2 5.215800e-04
20 3 7.692200e-04
20 4 1.049590e-03
20 5 1.501920e-03
20 6 2.129840e-03
20 7 3.008860e-03
20 8 4.272970e-03
20 9 6.031380e-03
20 10 8.590200e-03
20 11 1.218680e-02
20 12 1.734460e-02
20 13 2.473780e-02
20 14 3.545810e-02
20 15 5.103850e-02
20 16 7.406010e-02
20 17 1.073320e-01
20 18 1.556930e-01
20 19 2.263420e-01
20 20 3.184170e-01
20 21 3.904230e-01
20 22 4.578100e-01
20 23 5.269000e-01
20 24 5.923960e-01
20 25 6.469250e-01
20 26 6.808800e-01
20 27 6.843730e-01
20 28 6.490330e-01
20 29 5.718740e-01
20 30 4.595180e-01
20 31 3.288390e-01
20 32 2.034250e-01
20 33 1.048390e-01
20 34 4.295830e-02
20 35 1.320680e-02
20 36 2.835280e-03
20 37 3.886590e-04
20 38 3.108970e-05
20 39 3.252050e-06
20 40 1.871550e-07
21 1 9.998480e-04
21 2 4.051690e-04
21 3 5.975910e-04
21 4 8.153970e-04
21 5 1.166810e-03
21 6 1.654670e-03
21 7 2.337270e-03
21 8 3.319500e-03
21 9 4.686480e-03
21 10 6.674280e-03
21 11 9.467810e-03
21 12 1.346850e-02
21 13 1.919790e-02
21 14 2.755990e-02
21 15 3.957850e-02
21 16 5.703340e-02
21 17 8.227340e-02
21 18 1.190530e-01
21 19 1.728700e-01
21 20 2.526130e-01
21 21 3.559010e-01
21 22 4.321630e-01
21 23 4.984360e-01
21 24 5.618670e-01
21 25 6.156350e-01
21 26 6.505760e-01
21 27 6.571100e-01
21 28 6.270970e-01
21 29 5.567720e-01
21 30 4.515620e-01
21 31 3.268270e-01
21 32 2.049480e-01
21 33 1.073570e-01
21 34 4.485060e-02
21 35 1.410540e-02
21 36 3.109290e-03
21 37 4.394300e-04
21 38 3.608770e-05
21 39 3.768790e-06
21 40 2.350200e-07
22 1 7.496980e-04
22 2 3.040750e-04
22 3 4.484920e-04
22 4 6.119670e-04
22 5 8.757650e-04
22 6 1.242040e-03
22 7 1.754610e-03
22 8 2.492350e-03
22 9 3.518950e-03
22 10 5.012580e-03
22 11 7.112610e-03
22 12 1.011670e-02
22 13 1.441170e-02
22 14 2.067080e-02
22 15 2.969070e-02
22 16 4.285780e-02
22 17 6.192900e-02
22 18 8.975900e-02
22 19 1.305230e-01
22 20 1.910280e-01
22 21 2.809810e-01
22 22 3.974890e-01
22 23 4.768830e-01
22 24 5.392250e-01
22 25 5.930300e-01
22 26 6.297400e-01
22 27 6.397050e-01
22 28 6.148200e-01
22 29 5.507100e-01
22 30 4.514510e-01
22 31 3.310040e-01
22 32 2.108320e-01
22 33 1.125070e-01
22 34 4.804970e-02
22 35 1.550770e-02
22 36 3.522750e-03
22 37 5.154540e-04
22 38 4.373690e-05
22 39 4.125630e-06
22 40 2.780460e-07
23 1 5.404380e-04
23 2 2.192090e-04
23 3 3.233340e-04
23 4 4.412680e-04
23 5 6.315700e-04
23 6 8.958410e-04
23 7 1.265840e-03
23 8 1.798350e-03
23 9 2.540020e-03
23 10 3.619730e-03
23 11 5.138420e-03
23 12 7.313450e-03
23 13 1.041960e-02
23 14 1.492880e-02
23 15 2.142810e-02
23 16 3.101040e-02
23 17 4.511310e-02
23 18 6.594970e-02
23 19 9.657210e-02
23 20 1.420820e-01
23 21 2.098830e-01
23 22 3.121080e-01
23 23 4.439310e-01
23 24 5.250190e-01
23 25 5.799090e-01
23 26 6.190950e-01
23 27 6.330410e-01
23 28 6.132720e-01
23 29 5.548560e-01
23 30 4.603910e-01
23 31 3.425400e-01
23 32 2.220670e-01
23 33 1.210140e-01
23 34 5.298620e-02
23 35 1.760970e-02
23 36 4.139090e-03
23 37 6.300520e-04
23 38 5.588880e-05
23 39 3.526710e-06
23 40 2.335770e-07
24 1 3.962170e-04
24 2 1.608100e-04
24 3 2.371990e-04
24 4 3.237150e-04
24 5 4.633950e-04
24 6 6.573620e-04
24 7 9.289530e-04
24 8 1.320050e-03
24 9 1.864750e-03
24 10 2.658000e-03
24 11 3.774330e-03
24 12 5.373530e-03
24 13 7.658810e-03
24 14 1.097170e-02
24 15 1.572620e-02
24 16 2.270730e-02
24 17 3.296450e-02
24 18 4.816770e-02
24 19 7.071710e-02
24 20 1.043470e-01
24 21 1.546300e-01
24 22 2.306650e-01
24 23 3.463800e-01
24 24 4.949240e-01
24 25 5.754420e-01
24 26 6.181310e-01
24 27 6.369480e-01
24 28 6.227340e-01
24 29 5.699160e-01
24 30 4.794900e-01
24 31 3.627690e-01
24 32 2.399390e-01
24 33 1.339050e-01
24 34 6.029400e-02
24 35 2.070770e-02
24 36 5.055830e-03
24 37 8.040200e-04
24 38 7.486550e-05
24 39 4.803500e-06
24 40 3.268210e-07
25 1 2.819580e-04
25 2 1.146980e-04
25 3 1.692020e-04
25 4 2.309360e-04
25 5 3.305830e-04
25 6 4.690360e-04
25 7 6.629310e-04
25 8 9.421610e-04
25 9 1.331270e-03
25 10 1.898270e-03
25 11 2.696790e-03
25 12 3.841550e-03
25 13 5.479030e-03
25 14 7.855440e-03
25 15 1.126430e-02
25 16 1.625960e-02
25 17 2.360440e-02
25 18 3.450980e-02
25 19 5.074900e-02
25 20 7.512720e-02
25 21 1.117280e-01
25 22 1.673410e-01
25 23 2.524370e-01
25 24 3.836000e-01
25 25 5.512300e-01
25 26 6.280440e-01
25 27 6.527430e-01
25 28 6.449120e-01
25 29 5.977210e-01
25 30 5.107940e-01
25 31 3.937630e-01
25 32 2.663430e-01
25 33 1.526590e-01
25 34 7.092410e-02
25 35 2.527000e-02
25 36 6.438170e-03
25 37 1.075310e-03
25 38 1.057450e-04
25 39 6.298190e-06
25 40 4.837670e-07
26 1 1.796780e-04
26 2 7.359110e-05
26 3 1.085790e-04
26 4 1.482300e-04
26 5 2.122670e-04
26 6 3.012770e-04
26 7 4.260180e-04
26 8 6.058540e-04
26 9 8.566880e-04
26 10 1.222590e-03
26 11 1.738750e-03
26 12 2.480230e-03
26 13 3.543230e-03
26 14 5.090120e-03
26 15 7.316900e-03
26 16 1.058540e-02
26 17 1.538410e-02
26 18 2.255700e-02
26 19 3.341460e-02
26 20 5.013640e-02
26 21 7.597750e-02
26 22 1.159980e-01
26 23 1.777110e-01
26 24 2.736720e-01
26 25 4.240210e-01
26 26 6.150900e-01
26 27 6.844150e-01
26 28 6.837030e-01
26 29 6.421770e-01
26 30 5.579200e-01
26 31 4.387900e-01
26 32 3.040640e-01
26 33 1.794130e-01
26 34 8.629490e-02
26 35 3.203570e-02
26 36 8.568670e-03
26 37 1.515200e-03
26 38 1.592020e-04
26 39 9.202180e-06
26 40 7.742450e-07
27 1 1.245500e-04
27 2 5.125370e-05
27 3 7.562440e-05
27 4 1.032500e-04
27 5 1.478460e-04
27 6 2.098710e-04
27 7 2.968170e-04
27 8 4.221330e-04
27 9 5.970460e-04
27 10 8.523230e-04
27 11 1.212490e-03
27 12 1.730300e-03
27 13 2.473310e-03
27 14 3.555740e-03
27 15 5.115510e-03
27 16 7.408780e-03
27 17 1.077800e-02
27 18 1.578510e-02
27 19 2.330110e-02
27 20 3.479660e-02
27 21 5.250440e-02
27 22 8.011540e-02
27 23 1.232750e-01
27 24 1.909550e-01
27 25 2.980230e-01
27 26 4.681770e-01
27 27 6.825800e-01
27 28 7.385110e-01
27 29 7.047410e-01
27 30 6.240640e-01
27 31 5.023650e-01
27 32 3.579250e-01
27 33 2.182710e-01
27 34 1.091430e-01
27 35 4.239190e-02
27 36 1.194990e-02
27 37 2.244290e-03
27 38 2.525120e-04
27 39 1.532130e-05
27 40 1.278370e-06
28 1 7.814920e-05
28 2 3.248800e-05
28 3 4.794230e-05
28 4 6.546410e-05
28 5 9.376910e-05
28 6 1.331330e-04
28 7 1.883420e-04
28 8 2.680070e-04
28 9 3.792330e-04
28 10 5.416860e-04
28 11 7.712980e-04
28 12 1.101790e-03
28 13 1.576780e-03
28 14 2.270460e-03
28 15 3.272920e-03
28 16 4.751480e-03
28 17 6.932990e-03
28 18 1.018660e-02
28 19 1.507810e-02
28 20 2.257300e-02
28 21 3.417430e-02
28 22 5.250150e-02
28 23 8.166590e-02
28 24 1.280730e-01
28 25 2.024150e-01
28 26 3.222530e-01
28 27 5.159390e-01
28 28 7.573980e-01
28 29 7.927620e-01
28 30 7.165000e-01
28 31 5.912350e-01
28 32 4.340420e-01
28 33 2.743530e-01
28 34 1.431540e-01
28 35 5.846660e-02
28 36 1.747890e-02
28 37 3.515090e-03
28 38 4.279740e-04
28 39 2.808730e-05
28 40 2.273300e-06
29 1 4.326260e-05
29 2 1.853740e-05
29 3 2.736230e-05
29 4 3.737490e-05
29 5 5.355060e-05
29 6 7.606390e-05
29 7 1.076670e-04
29 8 1.532880e-04
29 9 2.170880e-04
29 10 3.104270e-04
29 11 4.425310e-04
29 12 6.331440e-04
29 13 9.079430e-04
29 14 1.310480e-03
29 15 1.894830e-03
29 16 2.761190e-03
29 17 4.046940e-03
29 18 5.978770e-03
29 19 8.906280e-03
29 20 1.341980e-02
29 21 2.043450e-02
29 22 3.159290e-02
29 23 4.975400e-02
29 24 7.964560e-02
29 25 1.290920e-01
29 26 2.106670e-01
29 27 3.453630e-01
29 28 5.675500e-01
29 29 8.415940e-01
29 30 8.468640e-01
29 31 7.169460e-01
29 32 5.431080e-01
29 33 3.566080e-01
29 34 1.948230e-01
29 35 8.407030e-02
29 36 2.683260e-02
29 37 5.830940e-03
29 38 7.774330e-04
29 39 5.613080e-05
29 40 4.359300e-06
30 1 2.495040e-05
30 2 1.083150e-05
30 3 1.599150e-05
30 4 2.184720e-05
30 5 3.131180e-05
30 6 4.448720e-05
30 7 6.299490e-05
30 8 8.973970e-05
30 9 1.271590e-04
30 10 1.819650e-04
30 11 2.596800e-04
30 12 3.720030e-04
30 13 5.342890e-04
30 14 7.727140e-04
30 15 1.119960e-03
30 16 1.636980e-03
30 17 2.408450e-03
30 18 3.574940e-03
30 19 5.356190e-03
30 20 8.127970e-03
30 21 1.248790e-02
30 22 1.948140e-02
30 23 3.085910e-02
30 24 4.963460e-02
30 25 8.097750e-02
30 26 1.335820e-01
30 27 2.222010e-01
30 28 3.716590e-01
30 29 6.223480e-01
30 30 9.273030e-01
30 31 8.923720e-01
30 32 7.005450e-01
30 33 4.801690e-01
30 34 2.761080e-01
30 35 1.265700e-01
30 36 4.335600e-02
30 37 1.022720e-02
30 38 1.499040e-03
30 39 1.202030e-04
30 40 7.679660e-06
31 1 1.253990e-05
31 2 5.633810e-06
31 3 8.325540e-06
31 4 1.138070e-05
31 5 1.631900e-05
31 6 2.320010e-05
31 7 3.287030e-05
31 8 4.686260e-05
31 9 6.647380e-05
31 10 9.523750e-05
31 11 1.361100e-04
31 12 1.953260e-04
31 13 2.811900e-04
31 14 4.078520e-04
31 15 5.932370e-04
31 16 8.708260e-04
31 17 1.287930e-03
31 18 1.923720e-03
31 19 2.904250e-03
31 20 4.446990e-03
31 21 6.901930e-03
31 22 1.088500e-02
31 23 1.744640e-02
31 24 2.841630e-02
31 25 4.702860e-02
31 26 7.909300e-02
31 27 1.346060e-01
31 28 2.308760e-01
31 29 3.973510e-01
31 30 6.821060e-01
31 31 1.021190e+00
31 32 9.309360e-01
31 33 6.677700e-01
31 34 4.057140e-01
31 35 1.986680e-01
31 36 7.357530e-02
31 37 1.901340e-02
31 38 3.097460e-03
31 39 2.800340e-04
31 40 1.487820e-05
32 1 4.788480e-06
32 2 2.504550e-06
32 3 3.780220e-06
32 4 5.209490e-06
32 5 7.481020e-06
32 6 1.064350e-05
32 7 1.509410e-05
32 8 2.154060e-05
32 9 3.059150e-05
32 10 4.389870e-05
32 11 6.286020e-05
32 12 9.042950e-05
32 13 1.305630e-04
32 14 1.900510e-04
32 15 2.776560e-04
32 16 4.098060e-04
32 17 6.101050e-04
32 18 9.186640e-04
32 19 1.400280e-03
32 20 2.168860e-03
32 21 3.412700e-03
32 22 5.469760e-03
32 23 8.930850e-03
32 24 1.485060e-02
32 25 2.513320e-02
32 26 4.325540e-02
32 27 7.556670e-02
32 28 1.335200e-01
32 29 2.374900e-01
32 30 4.225310e-01
32 31 7.458560e-01
32 32 1.121960e+00
32 33 9.597960e-01
32 34 6.178960e-01
32 35 3.246790e-01
32 36 1.308560e-01
32 37 3.737840e-02
32 38 6.847100e-03
32 39 7.090660e-04
32 40 3.818580e-05
33 1 1.573200e-06
33 2 8.715460e-07
33 3 1.374070e-06
33 4 1.977350e-06
33 5 2.943060e-06
33 6 4.256320e-06
33 7 6.065010e-06
33 8 8.667880e-06
33 9 1.232830e-05
33 10 1.772160e-05
33 11 2.543340e-05
33 12 3.668960e-05
33 13 5.315590e-05
33 14 7.770930e-05
33 15 1.141340e-04
33 16 1.695410e-04
33 17 2.544000e-04
33 18 3.867200e-04
33 19 5.962480e-04
33 20 9.362390e-04
33 21 1.497160e-03
33 22 2.445500e-03
33 23 4.083000e-03
33 24 6.970420e-03
33 25 1.214710e-02
33 26 2.151270e-02
33 27 3.869070e-02
33 28 7.063920e-02
33 29 1.304620e-01
33 30 2.420260e-01
33 31 4.470400e-01
33 32 8.133110e-01
33 33 1.227850e+00
33 34 9.744220e-01
33 35 5.515250e-01
33 36 2.432990e-01
33 37 7.744210e-02
33 38 1.612520e-02
33 39 1.940080e-03
33 40 1.193580e-04
34 1 3.858880e-07
34 2 2.208960e-07
34 3 3.654700e-07
34 4 5.589680e-07
34 5 8.901960e-07
34 6 1.374170e-06
34 7 2.031140e-06
34 8 2.945180e-06
34 9 4.215720e-06
34 10 6.080280e-06
34 11 8.755170e-06
34 12 1.267950e-05
34 13 1.845530e-05
34 14 2.713310e-05
34 15 4.012620e-05
34 16 6.010500e-05
34 17 9.109350e-05
34 18 1.401100e-04
34 19 2.190050e-04
34 20 3.494050e-04
34 21 5.690980e-04
34 22 9.493050e-04
34 23 1.623180e-03
34 24 2.847230e-03
34 25 5.123130e-03
34 26 9.426890e-03
34 27 1.762520e-02
34 28 3.345100e-02
34 29 6.445830e-02
34 30 1.254950e-01
34 31 2.445130e-01
34 32 4.710320e-01
34 33 8.852560e-01
34 34 1.337650e+00
34 35 9.714990e-01
34 36 4.714340e-01
34 37 1.685370e-01
34 38 4.030520e-02
34 39 5.708990e-03
34 40 4.233390e-04
35 1 8.369670e-08
35 2 4.791110e-08
35 3 7.926830e-08
35 4 1.212590e-07
35 5 1.942910e-07
35 6 3.081380e-07
35 7 4.824080e-07
35 8 7.418730e-07
35 9 1.107590e-06
35 10 1.650280e-06
35 11 2.431100e-06
35 12 3.562270e-06
35 13 5.226890e-06
35 14 7.750550e-06
35 15 1.157830e-05
35 16 1.754930e-05
35 17 2.696460e-05
35 18 4.213590e-05
35 19 6.706560e-05
35 20 1.091930e-04
35 21 1.818850e-04
35 22 3.109490e-04
35 23 5.461100e-04
35 24 9.865160e-04
35 25 1.833960e-03
35 26 3.496530e-03
35 27 6.813010e-03
35 28 1.358590e-02
35 29 2.766260e-02
35 30 5.712670e-02
35 31 1.185830e-01
35 32 2.445830e-01
35 33 4.940350e-01
35 34 9.608750e-01
35 35 1.449530e+00
35 36 9.487070e-01
35 37 3.827910e-01
35 38 1.061700e-01
35 39 1.794700e-02
35 40 1.650120e-03
36 1 1.165310e-08
36 2 6.670640e-09
36 3 1.103650e-08
36 4 1.688290e-08
36 5 2.705180e-08
36 6 4.297460e-08
36 7 6.796670e-08
36 8 1.080160e-07
36 9 1.704910e-07
36 10 2.712620e-07
36 11 4.289940e-07
36 12 6.708730e-07
36 13 1.034850e-06
36 14 1.587970e-06
36 15 2.428410e-06
36 16 3.748750e-06
36 17 5.854860e-06
36 18 9.299220e-06
36 19 1.507730e-05
36 20 2.510130e-05
36 21 4.294580e-05
36 22 7.580460e-05
36 23 1.382840e-04
36 24 2.611620e-04
36 25 5.112750e-04
36 26 1.036820e-03
36 27 2.161780e-03
36 28 4.582090e-03
36 29 9.862590e-03
36 30 2.164930e-02
36 31 4.832890e-02
36 32 1.082860e-01
36 33 2.395750e-01
36 34 5.130860e-01
36 35 1.040430e+00
36 36 1.565010e+00
36 37 9.047990e-01
36 38 2.919980e-01
36 39 5.955430e-02
36 40 6.952140e-03
37 1 1.642120e-09
37 2 9.400100e-10
37 3 1.555240e-09
37 4 2.379090e-09
37 5 3.812070e-09
37 6 6.055870e-09
37 7 9.577700e-09
37 8 1.522140e-08
37 9 2.402520e-08
37 10 3.822560e-08
37 11 6.051740e-08
37 12 9.589840e-08
37 13 1.518210e-07
37 14 2.410140e-07
37 15 3.814760e-07
37 16 6.051180e-07
37 17 9.621030e-07
37 18 1.545960e-06
37 19 2.523570e-06
37 20 4.240840e-06
37 21 7.405870e-06
37 22 1.347240e-05
37 23 2.552690e-05
37 24 5.050850e-05
37 25 1.045870e-04
37 26 2.267370e-04
37 27 5.136410e-04
37 28 1.198540e-03
37 29 2.832900e-03
37 30 6.730390e-03
37 31 1.614100e-02
37 32 3.933220e-02
37 33 9.626410e-02
37 34 2.310810e-01
37 35 5.293610e-01
37 36 1.123750e+00
37 37 1.678960e+00
37 38 8.383540e-01
37 39 2.069190e-01
37 40 3.114400e-02
38 1 2.737000e-10
38 2 1.566800e-10
38 3 2.592200e-10
38 4 3.965400e-10
38 5 6.353800e-10
38 6 1.009370e-09
38 7 1.596380e-09
38 8 2.537040e-09
38 9 4.004430e-09
38 10 6.371290e-09
38 11 1.008680e-08
38 12 1.598400e-08
38 13 2.530490e-08
38 14 4.017130e-08
38 15 6.358300e-08
38 16 1.008560e-07
38 17 1.598460e-07
38 18 2.533650e-07
38 19 4.018970e-07
38 20 6.429160e-07
38 21 1.046090e-06
38 22 1.798050e-06
38 23 3.353030e-06
38 24 6.813270e-06
38 25 1.490460e-05
38 26 3.507040e-05
38 27 8.801840e-05
38 28 2.328690e-04
38 29 6.226070e-04
38 30 1.640290e-03
38 31 4.301740e-03
38 32 1.139010e-02
38 33 3.067510e-02
38 34 8.310290e-02
38 35 2.193110e-01
38 36 5.426150e-01
38 37 1.210620e+00
38 38 1.787760e+00
38 39 7.517720e-01
38 40 1.470770e-01
39 1 5.869000e-11
39 2 3.359600e-11
39 3 5.558500e-11
39 4 8.502900e-11
39 5 1.362400e-10
39 6 2.164400e-10
39 7 3.423100e-10
39 8 5.440200e-10
39 9 8.586700e-10
39 10 1.366190e-09
39 11 2.162910e-09
39 12 3.427430e-09
39 13 5.426110e-09
39 14 8.613900e-09
39 15 1.363400e-08
39 16 2.162650e-08
39 17 3.427560e-08
39 18 5.432750e-08
39 19 8.604280e-08
39 20 1.364430e-07
39 21 2.161980e-07
39 22 3.427350e-07
39 23 5.456420e-07
39 24 9.014310e-07
39 25 1.680460e-06
39 26 3.685210e-06
39 27 9.652490e-06
39 28 2.895460e-05
39 29 9.324820e-05
39 30 2.936180e-04
39 31 8.735330e-04
39 32 2.548580e-03
39 33 7.520830e-03
39 34 2.274880e-02
39 35 6.943800e-02
39 36 2.046820e-01
39 37 5.528960e-01
39 38 1.300790e+00
39 39 1.886960e+00
39 40 7.331270e-01
40 1 1.368700e-11
40 2 7.834800e-12
40 3 1.296300e-11
40 4 1.982900e-11
40 5 3.177300e-11
40 6 5.047500e-11
40 7 7.982800e-11
40 8 1.268700e-10
40 9 2.002500e-10
40 10 3.186000e-10
40 11 5.044000e-10
40 12 7.993000e-10
40 13 1.265400e-09
40 14 2.008810e-09
40 15 3.179540e-09
40 16 5.043430e-09
40 17 7.993270e-09
40 18 1.266950e-08
40 19 2.006570e-08
40 20 3.181930e-08
40 21 5.041850e-08
40 22 7.992410e-08
40 23 1.266710e-07
40 24 2.010310e-07
40 25 3.255490e-07
40 26 5.549460e-07
40 27 1.060420e-06
40 28 2.502080e-06
40 29 7.751750e-06
40 30 2.919500e-05
40 31 1.089070e-04
40 32 3.728310e-04
40 33 1.250630e-03
40 34 4.312860e-03
40 35 1.545160e-02
40 36 5.546030e-02
40 37 1.877350e-01
40 38 5.614130e-01
40 39 1.395250e+00
40 40 2.553510e+00
