1 1 1.372050e-01
1 2 5.087330e-02
1 3 6.679500e-02
1 4 8.098120e-02
1 5 1.030090e-01
1 6 1.296280e-01
1 7 1.623180e-01
1 8 2.040640e-01
1 9 2.546030e-01
1 10 3.197700e-01
1 11 3.988990e-01
1 12 4.971580e-01
1 13 6.175480e-01
1 14 7.666410e-01
1 15 9.450800e-01
1 16 1.161690e+00
1 17 1.417470e+00
1 18 1.715760e+00
1 19 2.054430e+00
1 20 2.431740e+00
1 21 2.830160e+00
1 22 3.229260e+00
1 23 3.591160e+00
1 24 3.868370e+00
1 25 4.003980e+00
1 26 3.939740e+00
1 27 3.637090e+00
1 28 3.100550e+00
1 29 2.391650e+00
1 30 1.627560e+00
1 31 9.467140e-01
1 32 4.525340e-01
1 33 1.693170e-01
1 34 4.667380e-02
1 35 8.796140e-03
1 36 1.033280e-03
1 37 6.777900e-05
1 38 3.588240e-06
1 39 8.120320e-08
1 40 0.000000e+00
2 1 1.090440e-01
2 2 4.422310e-02
2 3 5.958030e-02
2 4 7.232250e-02
2 5 9.199510e-02
2 6 1.157680e-01
2 7 1.449630e-01
2 8 1.822450e-01
2 9 2.273820e-01
2 10 2.855820e-01
2 11 3.562530e-01
2 12 4.440120e-01
2 13 5.515280e-01
2 14 6.846820e-01
2 15 8.440600e-01
2 16 1.037520e+00
2 17 1.266010e+00
2 18 1.532490e+00
2 19 1.834990e+00
2 20 2.172030e+00
2 21 2.527960e+00
2 22 2.884620e+00
2 23 3.208090e+00
2 24 3.455870e+00
2 25 3.577330e+00
2 26 3.520340e+00
2 27 3.250380e+00
2 28 2.771390e+00
2 29 2.138240e+00
2 30 1.455520e+00
2 31 8.469500e-01
2 32 4.050270e-01
2 33 1.516270e-01
2 34 4.182490e-02
2 35 7.888270e-03
2 36 9.276720e-04
2 37 6.100400e-05
2 38 3.228510e-06
2 39 7.321310e-08
2 40 0.000000e+00
3 1 8.600770e-02
3 2 3.601310e-02
3 3 5.176340e-02
3 4 6.444980e-02
3 5 8.204810e-02
3 6 1.032500e-01
3 7 1.292880e-01
3 8 1.625400e-01
3 9 2.027960e-01
3 10 2.547060e-01
3 11 3.177370e-01
3 12 3.960110e-01
3 13 4.919070e-01
3 14 6.106680e-01
3 15 7.528270e-01
3 16 9.253800e-01
3 17 1.129210e+00
3 18 1.366960e+00
3 19 1.636820e+00
3 20 1.937500e+00
3 21 2.255080e+00
3 22 2.573380e+00
3 23 2.862180e+00
3 24 3.083460e+00
3 25 3.192170e+00
3 26 3.141780e+00
3 27 2.901380e+00
3 28 2.474390e+00
3 29 1.909640e+00
3 30 1.300390e+00
3 31 7.570260e-01
3 32 3.622290e-01
3 33 1.356990e-01
3 34 3.746200e-02
3 35 7.072740e-03
3 36 8.329070e-04
3 37 5.491320e-05
3 38 2.906740e-06
3 39 6.609690e-08
3 40 0.000000e+00
4 1 6.704790e-02
4 2 2.832870e-02
4 3 4.209510e-02
4 4 5.612520e-02
4 5 7.316730e-02
4 6 9.212240e-02
4 7 1.153540e-01
4 8 1.450230e-01
4 9 1.809410e-01
4 10 2.272570e-01
4 11 2.834970e-01
4 12 3.533380e-01
4 13 4.389060e-01
4 14 5.448800e-01
4 15 6.717240e-01
4 16 8.257110e-01
4 17 1.007590e+00
4 18 1.219810e+00
4 19 1.460690e+00
4 20 1.729050e+00
4 21 2.012550e+00
4 22 2.296710e+00
4 23 2.554720e+00
4 24 2.752550e+00
4 25 2.849980e+00
4 26 2.805520e+00
4 27 2.591450e+00
4 28 2.210710e+00
4 29 1.706760e+00
4 30 1.162770e+00
4 31 6.772990e-01
4 32 3.243120e-01
4 33 1.215960e-01
4 34 3.360310e-02
4 35 6.353110e-03
4 36 7.494050e-04
4 37 4.952860e-05
4 38 2.624450e-06
4 39 5.989260e-08
4 40 0.000000e+00
5 1 5.392190e-02
5 2 2.253630e-02
5 3 3.342470e-02
5 4 4.574300e-02
5 5 6.386470e-02
5 6 8.228350e-02
5 7 1.030720e-01
5 8 1.295820e-01
5 9 1.616770e-01
5 10 2.030620e-01
5 11 2.533170e-01
5 12 3.157260e-01
5 13 3.921900e-01
5 14 4.868930e-01
5 15 6.002440e-01
5 16 7.378590e-01
5 17 9.004050e-01
5 18 1.090090e+00
5 19 1.305460e+00
5 20 1.545350e+00
5 21 1.798850e+00
5 22 2.052970e+00
5 23 2.283920e+00
5 24 2.461130e+00
5 25 2.548640e+00
5 26 2.509450e+00
5 27 2.318600e+00
5 28 1.978650e+00
5 29 1.528290e+00
5 30 1.041780e+00
5 31 6.072520e-01
5 32 2.910240e-01
5 33 1.092290e-01
5 34 3.022510e-02
5 35 5.724160e-03
5 36 6.765770e-04
5 37 4.484310e-05
5 38 3.006040e-06
5 39 8.232330e-08
5 40 0.000000e+00
6 1 4.276590e-02
6 2 1.778520e-02
6 3 2.641260e-02
6 4 3.620780e-02
6 5 5.194340e-02
6 6 7.187050e-02
6 7 9.206620e-02
6 8 1.157760e-01
6 9 1.444520e-01
6 10 1.814310e-01
6 11 2.263340e-01
6 12 2.820970e-01
6 13 3.504260e-01
6 14 4.350490e-01
6 15 5.363470e-01
6 16 6.593180e-01
6 17 8.046020e-01
6 18 9.741260e-01
6 19 1.166700e+00
6 20 1.381180e+00
6 21 1.607880e+00
6 22 1.835210e+00
6 23 2.042050e+00
6 24 2.200880e+00
6 25 2.279560e+00
6 26 2.245140e+00
6 27 2.075080e+00
6 28 1.771620e+00
6 29 1.369150e+00
6 30 9.339670e-01
6 31 5.448970e-01
6 32 2.614230e-01
6 33 9.824780e-02
6 34 2.723310e-02
6 35 5.168230e-03
6 36 6.123890e-04
6 37 4.072760e-05
6 38 3.908770e-06
6 39 1.276070e-07
6 40 0.000000e+00
7 1 3.290300e-02
7 2 1.363590e-02
7 3 2.048360e-02
7 4 2.833770e-02
7 5 4.090210e-02
7 6 5.830570e-02
7 7 8.050890e-02
7 8 1.034810e-01
7 9 1.291360e-01
7 10 1.621950e-01
7 11 2.023400e-01
7 12 2.521950e-01
7 13 3.132860e-01
7 14 3.889500e-01
7 15 4.795290e-01
7 16 5.894980e-01
7 17 7.194220e-01
7 18 8.710390e-01
7 19 1.043320e+00
7 20 1.235260e+00
7 21 1.438160e+00
7 22 1.641730e+00
7 23 1.827030e+00
7 24 1.969580e+00
7 25 2.040580e+00
7 26 2.010490e+00
7 27 1.859060e+00
7 28 1.588020e+00
7 29 1.228100e+00
7 30 8.385000e-01
7 31 4.897430e-01
7 32 2.352780e-01
7 33 8.856980e-02
7 34 2.460240e-02
7 35 4.680820e-03
7 36 5.563660e-04
7 37 3.716380e-05
7 38 3.708690e-06
7 39 1.235710e-07
7 40 0.000000e+00
8 1 2.570720e-02
8 2 1.065710e-02
8 3 1.602440e-02
8 4 2.222980e-02
8 5 3.215600e-02
8 6 4.593630e-02
8 7 6.519600e-02
8 8 9.054610e-02
8 9 1.154850e-01
8 10 1.450690e-01
8 11 1.809770e-01
8 12 2.255730e-01
8 13 2.802200e-01
8 14 3.479090e-01
8 15 4.289470e-01
8 16 5.273440e-01
8 17 6.435980e-01
8 18 7.792950e-01
8 19 9.334850e-01
8 20 1.105400e+00
8 21 1.287130e+00
8 22 1.469600e+00
8 23 1.635770e+00
8 24 1.763900e+00
8 25 1.828150e+00
8 26 1.802000e+00
8 27 1.667220e+00
8 28 1.425130e+00
8 29 1.103050e+00
8 30 7.539580e-01
8 31 4.409710e-01
8 32 2.122030e-01
8 33 8.005100e-02
8 34 2.229390e-02
8 35 4.255000e-03
8 36 5.077360e-04
8 37 3.419540e-05
8 38 3.405990e-06
8 39 1.144580e-07
8 40 0.000000e+00
9 1 2.100090e-02
9 2 8.533560e-03
9 3 1.261980e-02
9 4 1.738230e-02
9 5 2.523910e-02
9 6 3.619480e-02
9 7 5.147380e-02
9 8 7.341700e-02
9 9 1.012950e-01
9 10 1.299520e-01
9 11 1.621360e-01
9 12 2.020930e-01
9 13 2.510590e-01
9 14 3.117130e-01
9 15 3.843380e-01
9 16 4.725310e-01
9 17 5.767440e-01
9 18 6.984120e-01
9 19 8.366510e-01
9 20 9.909350e-01
9 21 1.154050e+00
9 22 1.317940e+00
9 23 1.467350e+00
9 24 1.582800e+00
9 25 1.641200e+00
9 26 1.618630e+00
9 27 1.498630e+00
9 28 1.282160e+00
9 29 9.934180e-01
9 30 6.799500e-01
9 31 3.983650e-01
9 32 1.921040e-01
9 33 7.265750e-02
9 34 2.029940e-02
9 35 3.889510e-03
9 36 4.663910e-04
9 37 3.183310e-05
9 38 3.152550e-06
9 39 1.070190e-07
9 40 0.000000e+00
10 1 1.641120e-02
10 2 6.658690e-03
10 3 9.887240e-03
10 4 1.364700e-02
10 5 1.980460e-02
10 6 2.844470e-02
10 7 4.052200e-02
10 8 5.785640e-02
10 9 8.196800e-02
10 10 1.140590e-01
10 11 1.453530e-01
10 12 1.811890e-01
10 13 2.250970e-01
10 14 2.794940e-01
10 15 3.446290e-01
10 16 4.237390e-01
10 17 5.172420e-01
10 18 6.264130e-01
10 19 7.505270e-01
10 20 8.890630e-01
10 21 1.035670e+00
10 22 1.183090e+00
10 23 1.317640e+00
10 24 1.421880e+00
10 25 1.475200e+00
10 26 1.455930e+00
10 27 1.349170e+00
10 28 1.155570e+00
10 29 8.965260e-01
10 30 6.146420e-01
10 31 3.608680e-01
10 32 1.744750e-01
10 33 6.620270e-02
10 34 1.856890e-02
10 35 3.575260e-03
10 36 4.312700e-04
10 37 2.978490e-05
10 38 2.941350e-06
10 39 1.011900e-07
10 40 0.000000e+00
11 1 1.263070e-02
11 2 5.122530e-03
11 3 7.589290e-03
11 4 1.045090e-02
11 5 1.517590e-02
11 6 2.194070e-02
11 7 3.150700e-02
11 8 4.523610e-02
11 9 6.431880e-02
11 10 9.206390e-02
11 11 1.277150e-01
11 12 1.626930e-01
11 13 2.021350e-01
11 14 2.509960e-01
11 15 3.095120e-01
11 16 3.805920e-01
11 17 4.646250e-01
11 18 5.627610e-01
11 19 6.744040e-01
11 20 7.990350e-01
11 21 9.310910e-01
11 22 1.063990e+00
11 23 1.185490e+00
11 24 1.279950e+00
11 25 1.328870e+00
11 26 1.312630e+00
11 27 1.217700e+00
11 28 1.044370e+00
11 29 8.116390e-01
11 30 5.575700e-01
11 31 3.282160e-01
11 32 1.592000e-01
11 33 6.064720e-02
11 34 1.709340e-02
11 35 3.310900e-03
11 36 4.022940e-04
11 37 2.808540e-05
11 38 2.773260e-06
11 39 9.700400e-08
11 40 0.000000e+00
12 1 1.029870e-02
12 2 4.170990e-03
12 3 6.153450e-03
12 4 8.410190e-03
12 5 1.207050e-02
12 6 1.717140e-02
12 7 2.450190e-02
12 8 3.533510e-02
12 9 5.047200e-02
12 10 7.239680e-02
12 11 1.031840e-01
12 12 1.433220e-01
12 13 1.819440e-01
12 14 2.259430e-01
12 15 2.786430e-01
12 16 3.426710e-01
12 17 4.183870e-01
12 18 5.068460e-01
12 19 6.075310e-01
12 20 7.200120e-01
12 21 8.393080e-01
12 22 9.595080e-01
12 23 1.069660e+00
12 24 1.155680e+00
12 25 1.200840e+00
12 26 1.187420e+00
12 27 1.103030e+00
12 28 9.475740e-01
12 29 7.380050e-01
12 30 5.082670e-01
12 31 3.001510e-01
12 32 1.461670e-01
12 33 5.595420e-02
12 34 1.586460e-02
12 35 3.095280e-03
12 36 3.794000e-04
12 37 2.677700e-05
12 38 2.648510e-06
12 39 9.450300e-08
12 40 0.000000e+00
13 1 7.615410e-03
13 2 3.085460e-03
13 3 4.552000e-03
13 4 6.213830e-03
13 5 8.918500e-03
13 6 1.277090e-02
13 7 1.835330e-02
13 8 2.669120e-02
13 9 3.864170e-02
13 10 5.602760e-02
13 11 8.040200e-02
13 12 1.152340e-01
13 13 1.604600e-01
13 14 2.038120e-01
13 15 2.513780e-01
13 16 3.091830e-01
13 17 3.775620e-01
13 18 4.574950e-01
13 19 5.485120e-01
13 20 6.502990e-01
13 21 7.583450e-01
13 22 8.674300e-01
13 23 9.676600e-01
13 24 1.046320e+00
13 25 1.088320e+00
13 26 1.077580e+00
13 27 1.002610e+00
13 28 8.630660e-01
13 29 6.739090e-01
13 30 4.655980e-01
13 31 2.760150e-01
13 32 1.350670e-01
13 33 5.201240e-02
13 34 1.485400e-02
13 35 2.923730e-03
13 36 3.621950e-04
13 37 2.588490e-05
13 38 2.566720e-06
13 39 9.384230e-08
13 40 0.000000e+00
14 1 6.414740e-03
14 2 2.598520e-03
14 3 3.832790e-03
14 4 5.230530e-03
14 5 7.489220e-03
14 6 1.064100e-02
14 7 1.509840e-02
14 8 2.156010e-02
14 9 3.062560e-02
14 10 4.414810e-02
14 11 6.326290e-02
14 12 9.050260e-02
14 13 1.293180e-01
14 14 1.802910e-01
14 15 2.274720e-01
14 16 2.798260e-01
14 17 3.417850e-01
14 18 4.142620e-01
14 19 4.968460e-01
14 20 5.892820e-01
14 21 6.875510e-01
14 22 7.870070e-01
14 23 8.786790e-01
14 24 9.510560e-01
14 25 9.904880e-01
14 26 9.823850e-01
14 27 9.158790e-01
14 28 7.904010e-01
14 29 6.191060e-01
14 30 4.294370e-01
14 31 2.557900e-01
14 32 1.259150e-01
14 33 4.883800e-02
14 34 1.406970e-02
14 35 2.798580e-03
14 36 3.510570e-04
14 37 2.544980e-05
14 38 2.529660e-06
14 39 9.525700e-08
14 40 0.000000e+00
15 1 5.022250e-03
15 2 2.034650e-03
15 3 3.001290e-03
15 4 4.096000e-03
15 5 5.862550e-03
15 6 8.317860e-03
15 7 1.176940e-02
15 8 1.680540e-02
15 9 2.396820e-02
15 10 3.454710e-02
15 11 4.946790e-02
15 12 7.077970e-02
15 13 1.011310e-01
15 14 1.450230e-01
15 15 2.017630e-01
15 16 2.541340e-01
15 17 3.104850e-01
15 18 3.764460e-01
15 19 4.516780e-01
15 20 5.359730e-01
15 21 6.257910e-01
15 22 7.168890e-01
15 23 8.012150e-01
15 24 8.682940e-01
15 25 9.056900e-01
15 26 9.001150e-01
15 27 8.412570e-01
15 28 7.282560e-01
15 29 5.725880e-01
15 30 3.990660e-01
15 31 2.390850e-01
15 32 1.185310e-01
15 33 4.637430e-02
15 34 1.350050e-02
15 35 2.719240e-03
15 36 3.462230e-04
15 37 2.552930e-05
15 38 2.543940e-06
15 39 9.922980e-08
15 40 0.000000e+00
16 1 3.842980e-03
16 2 1.557230e-03
16 3 2.297070e-03
16 4 3.135150e-03
16 5 4.487620e-03
16 6 6.366840e-03
16 7 8.999230e-03
16 8 1.281590e-02
16 9 1.823140e-02
16 10 2.628980e-02
16 11 3.785980e-02
16 12 5.457060e-02
16 13 7.838410e-02
16 14 1.127630e-01
16 15 1.618690e-01
16 16 2.262530e-01
16 17 2.834550e-01
16 18 3.438080e-01
16 19 4.127240e-01
16 20 4.900630e-01
16 21 5.726220e-01
16 22 6.566360e-01
16 23 7.348070e-01
16 24 7.975410e-01
16 25 8.334420e-01
16 26 8.303130e-01
16 27 7.783770e-01
16 28 6.763380e-01
16 29 5.342320e-01
16 30 3.744370e-01
16 31 2.259070e-01
16 32 1.129550e-01
16 33 4.465200e-02
16 34 1.316150e-02
16 35 2.690620e-03
16 36 3.486530e-04
16 37 2.622740e-05
16 38 2.618850e-06
16 39 1.065650e-07
16 40 0.000000e+00
17 1 3.092030e-03
17 2 1.252690e-03
17 3 1.847840e-03
17 4 2.521690e-03
17 5 3.609480e-03
17 6 5.119990e-03
17 7 7.235740e-03
17 8 1.029000e-02
17 9 1.457250e-02
17 10 2.087360e-02
17 11 2.984050e-02
17 12 4.275410e-02
17 13 6.118850e-02
17 14 8.784810e-02
17 15 1.259070e-01
17 16 1.813050e-01
17 17 2.533720e-01
17 18 3.156040e-01
17 19 3.791120e-01
17 20 4.505140e-01
17 21 5.268970e-01
17 22 6.049640e-01
17 23 6.780070e-01
17 24 7.372960e-01
17 25 7.722660e-01
17 26 7.716200e-01
17 27 7.260260e-01
17 28 6.337120e-01
17 29 5.033940e-01
17 30 3.552310e-01
17 31 2.161250e-01
17 32 1.091690e-01
17 33 4.368740e-02
17 34 1.306670e-02
17 35 2.717740e-03
17 36 3.593750e-04
17 37 2.765530e-05
17 38 2.761570e-06
17 39 1.183050e-07
17 40 0.000000e+00
18 1 2.360610e-03
18 2 9.567720e-04
18 3 1.411450e-03
18 4 1.926460e-03
18 5 2.757540e-03
18 6 3.912060e-03
18 7 5.528530e-03
18 8 7.857100e-03
18 9 1.111150e-02
18 10 1.588920e-02
18 11 2.270030e-02
18 12 3.259380e-02
18 13 4.685450e-02
18 14 6.752320e-02
18 15 9.705280e-02
18 16 1.400000e-01
18 17 2.023660e-01
18 18 2.836110e-01
18 19 3.506460e-01
18 20 4.170780e-01
18 21 4.883770e-01
18 22 5.615330e-01
18 23 6.305000e-01
18 24 6.871770e-01
18 25 7.217680e-01
18 26 7.236390e-01
18 27 6.838940e-01
18 28 6.001550e-01
18 29 4.798900e-01
18 30 3.414070e-01
18 31 2.097690e-01
18 32 1.072280e-01
18 33 4.353140e-02
18 34 1.324400e-02
18 35 2.810560e-03
18 36 3.805090e-04
18 37 3.006210e-05
18 38 2.997220e-06
18 39 1.365930e-07
18 40 0.000000e+00
19 1 1.720930e-03
19 2 6.979890e-04
19 3 1.029800e-03
19 4 1.405760e-03
19 5 2.012720e-03
19 6 2.856240e-03
19 7 4.037880e-03
19 8 5.740300e-03
19 9 8.114110e-03
19 10 1.158770e-02
19 11 1.653790e-02
19 12 2.377420e-02
19 13 3.439070e-02
19 14 5.020170e-02
19 15 7.307050e-02
19 16 1.063300e-01
19 17 1.546260e-01
19 18 2.253730e-01
19 19 3.172120e-01
19 20 3.895920e-01
19 21 4.568160e-01
19 22 5.261170e-01
19 23 5.920320e-01
19 24 6.469520e-01
19 25 6.817230e-01
19 26 6.862020e-01
19 27 6.518590e-01
19 28 5.756370e-01
19 29 4.638430e-01
19 30 3.331090e-01
19 31 2.070160e-01
19 32 1.072960e-01
19 33 4.428910e-02
19 34 1.374320e-02
19 35 2.985360e-03
19 36 4.153980e-04
19 37 3.379690e-05
19 38 3.363820e-06
19 39 1.649700e-07
19 40 0.000000e+00
20 1 1.377390e-03
20 2 5.584880e-04
20 3 8.238610e-04
20 4 1.124500e-03
20 5 1.609890e-03
20 6 2.284110e-03
20 7 3.228500e-03
20 8 4.588540e-03
20 9 6.483420e-03
20 10 9.244900e-03
20 11 1.313540e-02
20 12 1.872990e-02
20 13 2.677250e-02
20 14 3.847640e-02
20 15 5.556700e-02
20 16 8.094900e-02
20 17 1.178360e-01
20 18 1.718540e-01
20 19 2.513810e-01
20 20 3.548210e-01
20 21 4.308420e-01
20 22 4.972230e-01
20 23 5.609720e-01
20 24 6.150550e-01
20 25 6.507010e-01
20 26 6.581180e-01
20 27 6.291120e-01
20 28 5.597660e-01
20 29 4.552290e-01
20 30 3.306140e-01
20 31 2.082540e-01
20 32 1.096940e-01
20 33 4.615640e-02
20 34 1.464860e-02
20 35 3.266310e-03
20 36 4.683890e-04
20 37 3.925290e-05
20 38 3.887440e-06
20 39 2.074090e-07
20 40 0.000000e+00
21 1 1.058550e-03
21 2 4.293530e-04
21 3 6.333900e-04
21 4 8.644930e-04
21 5 1.237620e-03
21 6 1.756060e-03
21 7 2.482200e-03
21 8 3.528200e-03
21 9 4.985560e-03
21 10 7.109560e-03
21 11 1.010140e-02
21 12 1.439660e-02
21 13 2.057060e-02
21 14 2.961480e-02
21 15 4.266970e-02
21 16 6.173650e-02
21 17 8.950030e-02
21 18 1.302480e-01
21 19 1.903540e-01
21 20 2.801710e-01
21 21 3.961970e-01
21 22 4.755480e-01
21 23 5.381110e-01
21 24 5.922510e-01
21 25 6.295530e-01
21 26 6.403590e-01
21 27 6.164800e-01
21 28 5.533780e-01
21 29 4.548650e-01
21 30 3.346400e-01
21 31 2.140880e-01
21 32 1.148650e-01
21 33 4.940080e-02
21 34 1.608500e-02
21 35 3.694610e-03
21 36 5.482190e-04
21 37 4.734480e-05
21 38 3.915040e-06
21 39 1.949070e-07
21 40 0.000000e+00
22 1 7.831810e-04
22 2 3.177550e-04
22 3 4.687860e-04
22 4 6.399110e-04
22 5 9.161310e-04
22 6 1.300010e-03
22 7 1.837820e-03
22 8 2.612750e-03
22 9 3.693140e-03
22 10 5.268080e-03
22 11 7.487610e-03
22 12 1.067250e-02
22 13 1.524240e-02
22 14 2.193000e-02
22 15 3.161680e-02
22 16 4.584010e-02
22 17 6.658190e-02
22 18 9.709410e-02
22 19 1.422000e-01
22 20 2.097500e-01
22 21 3.111750e-01
22 22 4.421610e-01
22 23 5.231370e-01
22 24 5.782560e-01
22 25 6.180120e-01
22 26 6.327900e-01
22 27 6.140710e-01
22 28 5.567650e-01
22 29 4.632230e-01
22 30 3.458150e-01
22 31 2.251660e-01
22 32 1.233550e-01
22 33 5.438010e-02
22 34 1.822720e-02
22 35 4.329800e-03
22 36 6.678620e-04
22 37 6.020400e-05
22 38 3.755570e-06
22 39 1.297320e-07
22 40 0.000000e+00
23 1 5.542940e-04
23 2 2.249460e-04
23 3 3.319120e-04
23 4 4.531520e-04
23 5 6.489530e-04
23 6 9.211270e-04
23 7 1.302580e-03
23 8 1.852510e-03
23 9 2.619690e-03
23 10 3.738930e-03
23 11 5.317900e-03
23 12 7.586450e-03
23 13 1.083950e-02
23 14 1.558490e-02
23 15 2.246290e-02
23 16 3.266740e-02
23 17 4.779690e-02
23 18 7.033670e-02
23 19 1.037930e-01
23 20 1.540470e-01
23 21 2.297880e-01
23 22 3.451830e-01
23 23 4.934050e-01
23 24 5.739440e-01
23 25 6.171170e-01
23 26 6.366410e-01
23 27 6.233380e-01
23 28 5.715340e-01
23 29 4.820040e-01
23 30 3.657830e-01
23 31 2.429030e-01
23 32 1.362360e-01
23 33 6.174480e-02
23 34 2.138320e-02
23 35 5.276360e-03
23 36 8.505150e-04
23 37 8.054020e-05
23 38 5.155980e-06
23 39 1.869500e-07
23 40 0.000000e+00
24 1 3.971950e-04
24 2 1.614570e-04
24 3 2.382470e-04
24 4 3.253010e-04
24 5 4.658880e-04
24 6 6.613680e-04
24 7 9.354730e-04
24 8 1.330700e-03
24 9 1.882460e-03
24 10 2.687850e-03
24 11 3.824800e-03
24 12 5.459440e-03
24 13 7.805430e-03
24 14 1.122460e-02
24 15 1.616310e-02
24 16 2.346540e-02
24 17 3.428280e-02
24 18 5.046760e-02
24 19 7.472340e-02
24 20 1.113260e-01
24 21 1.667450e-01
24 22 2.516320e-01
24 23 3.824210e-01
24 24 5.494950e-01
24 25 6.265650e-01
24 26 6.519060e-01
24 27 6.449660e-01
24 28 5.988260e-01
24 29 5.128940e-01
24 30 3.965260e-01
24 31 2.692370e-01
24 32 1.550540e-01
24 33 7.248900e-02
24 34 2.603550e-02
24 35 6.701390e-03
24 36 1.134010e-03
24 37 1.133680e-04
24 38 6.945290e-06
24 39 2.840800e-07
24 40 0.000000e+00
25 1 2.748610e-04
25 2 1.120260e-04
25 3 1.653240e-04
25 4 2.257520e-04
25 5 3.233690e-04
25 6 4.591500e-04
25 7 6.495940e-04
25 8 9.243820e-04
25 9 1.308090e-03
25 10 1.868650e-03
25 11 2.660910e-03
25 12 3.801410e-03
25 13 5.440610e-03
25 14 7.833470e-03
25 15 1.129080e-02
25 16 1.639860e-02
25 17 2.397810e-02
25 18 3.534890e-02
25 19 5.248040e-02
25 20 7.853650e-02
25 21 1.182200e-01
25 22 1.794000e-01
25 23 2.743910e-01
25 24 4.228350e-01
25 25 6.113690e-01
25 26 6.807160e-01
25 27 6.813080e-01
25 28 6.414010e-01
25 29 5.588480e-01
25 30 4.410680e-01
25 31 3.069780e-01
25 32 1.820600e-01
25 33 8.811940e-02
25 34 3.295830e-02
25 35 8.893410e-03
25 36 1.589050e-03
25 37 1.690110e-04
25 38 1.004210e-05
25 39 4.588380e-07
25 40 0.000000e+00
26 1 1.686830e-04
26 2 6.931620e-05
26 3 1.023200e-04
26 4 1.397650e-04
26 5 2.002850e-04
26 6 2.845350e-04
26 7 4.027970e-04
26 8 5.736170e-04
26 9 8.125280e-04
26 10 1.162100e-03
26 11 1.657210e-03
26 12 2.371790e-03
26 13 3.402240e-03
26 14 4.912330e-03
26 15 7.104130e-03
26 16 1.035180e-02
26 17 1.517340e-02
26 18 2.246770e-02
26 19 3.365210e-02
26 20 5.111520e-02
26 21 7.850570e-02
26 22 1.216280e-01
26 23 1.893140e-01
26 24 2.963700e-01
26 25 4.666950e-01
26 26 6.815570e-01
26 27 7.380600e-01
26 28 7.050590e-01
26 29 6.252510e-01
26 30 5.043440e-01
26 31 3.603760e-01
26 32 2.206130e-01
26 33 1.109120e-01
26 34 4.339780e-02
26 35 1.235520e-02
26 36 2.351510e-03
26 37 2.693010e-04
26 38 1.691020e-05
26 39 8.090810e-07
26 40 0.000000e+00
27 1 1.121180e-04
27 2 4.628890e-05
27 3 6.833440e-05
27 4 9.335500e-05
27 5 1.337880e-04
27 6 1.900940e-04
27 7 2.691880e-04
27 8 3.834480e-04
27 9 5.433540e-04
27 10 7.775540e-04
27 11 1.109480e-03
27 12 1.589070e-03
27 13 2.281700e-03
27 14 3.298330e-03
27 15 4.777100e-03
27 16 6.974530e-03
27 17 1.024380e-02
27 18 1.517160e-02
27 19 2.268340e-02
27 20 3.435850e-02
27 21 5.265230e-02
27 22 8.170220e-02
27 23 1.280170e-01
27 24 2.021020e-01
27 25 3.214870e-01
27 26 5.142940e-01
27 27 7.549250e-01
27 28 7.911680e-01
27 29 7.163670e-01
27 30 5.925370e-01
27 31 4.363890e-01
27 32 2.769440e-01
27 33 1.452800e-01
27 34 5.974530e-02
27 35 1.802010e-02
27 36 3.665550e-03
27 37 4.528530e-04
27 38 3.030330e-05
27 39 1.473810e-06
27 40 0.000000e+00
28 1 6.655790e-05
28 2 2.778880e-05
28 3 4.103100e-05
28 4 5.606640e-05
28 5 8.038010e-05
28 6 1.142500e-04
28 7 1.618530e-04
28 8 2.307230e-04
28 9 3.271940e-04
28 10 4.686330e-04
28 11 6.695230e-04
28 12 9.604040e-04
28 13 1.381540e-03
28 14 2.001820e-03
28 15 2.907810e-03
28 16 4.260470e-03
28 17 6.284890e-03
28 18 9.354300e-03
28 19 1.405430e-02
28 20 2.139680e-02
28 21 3.299460e-02
28 22 5.169260e-02
28 23 8.209760e-02
28 24 1.316160e-01
28 25 2.127550e-01
28 26 3.462340e-01
28 27 5.656860e-01
28 28 8.361650e-01
28 29 8.430510e-01
28 30 7.160650e-01
28 31 5.446340e-01
28 32 3.592920e-01
28 33 1.974100e-01
28 34 8.575910e-02
28 35 2.758550e-02
28 36 6.049670e-03
28 37 8.154240e-04
28 38 5.983110e-05
28 39 2.841080e-06
28 40 6.835280e-07
29 1 3.427660e-05
29 2 1.481860e-05
29 3 2.188940e-05
29 4 2.992340e-05
29 5 4.291810e-05
29 6 6.103730e-05
29 7 8.653260e-05
29 8 1.234380e-04
29 9 1.752300e-04
29 10 2.513290e-04
29 11 3.596640e-04
29 12 5.170410e-04
29 13 7.457490e-04
29 14 1.084040e-03
29 15 1.580980e-03
29 16 2.327940e-03
29 17 3.454800e-03
29 18 5.179720e-03
29 19 7.849700e-03
29 20 1.206350e-02
29 21 1.878180e-02
29 22 2.974310e-02
29 23 4.801560e-02
29 24 7.883180e-02
29 25 1.311140e-01
29 26 2.196580e-01
29 27 3.693840e-01
29 28 6.211360e-01
29 29 9.273570e-01
29 30 8.927120e-01
29 31 7.018660e-01
29 32 4.821620e-01
29 33 2.782830e-01
29 34 1.282810e-01
29 35 4.430050e-02
29 36 1.057100e-02
29 37 1.574130e-03
29 38 1.289840e-04
29 39 5.781810e-06
29 40 1.539960e-06
30 1 1.822680e-05
30 2 7.967170e-06
30 3 1.177330e-05
30 4 1.610150e-05
30 5 2.310480e-05
30 6 3.287460e-05
30 7 4.663530e-05
30 8 6.658460e-05
30 9 9.461670e-05
30 10 1.358710e-04
30 11 1.947200e-04
30 12 2.804420e-04
30 13 4.054670e-04
30 14 5.912020e-04
30 15 8.654610e-04
30 16 1.280300e-03
30 17 1.911100e-03
30 18 2.885810e-03
30 19 4.411500e-03
30 20 6.850930e-03
30 21 1.080180e-02
30 22 1.733000e-02
30 23 2.827090e-02
30 24 4.685830e-02
30 25 7.880460e-02
30 26 1.340870e-01
30 27 2.299880e-01
30 28 3.958800e-01
30 29 6.797350e-01
30 30 1.019030e+00
30 31 9.310470e-01
30 32 6.694120e-01
30 33 4.081350e-01
30 34 2.008340e-01
30 35 7.489150e-02
30 36 1.954400e-02
30 37 3.228450e-03
30 38 2.976390e-04
30 39 1.377610e-05
30 40 1.634950e-06
31 1 8.185320e-06
31 2 3.714740e-06
31 3 5.501780e-06
31 4 7.532700e-06
31 5 1.081710e-05
31 6 1.540640e-05
31 7 2.187550e-05
31 8 3.127110e-05
31 9 4.450680e-05
31 10 6.403210e-05
31 11 9.198880e-05
31 12 1.328670e-04
31 13 1.927690e-04
31 14 2.822730e-04
31 15 4.153770e-04
31 16 6.183870e-04
31 17 9.300250e-04
31 18 1.417010e-03
31 19 2.189240e-03
31 20 3.442980e-03
31 21 5.508400e-03
31 22 8.982560e-03
31 23 1.491630e-02
31 24 2.519860e-02
31 25 4.327170e-02
31 26 7.549830e-02
31 27 1.333040e-01
31 28 2.369560e-01
31 29 4.213670e-01
31 30 7.435220e-01
31 31 1.118960e+00
31 32 9.594000e-01
31 33 6.197280e-01
31 34 3.271600e-01
31 35 1.326920e-01
31 36 3.823450e-02
31 37 7.088380e-03
31 38 7.462220e-04
31 39 3.863320e-05
31 40 2.008850e-06
32 1 2.721550e-06
32 2 1.441620e-06
32 3 2.180550e-06
32 4 3.011760e-06
32 5 4.340410e-06
32 6 6.193570e-06
32 7 8.806840e-06
32 8 1.260820e-05
32 9 1.797450e-05
32 10 2.591660e-05
32 11 3.733350e-05
32 12 5.410670e-05
32 13 7.883120e-05
32 14 1.160330e-04
32 15 1.718210e-04
32 16 2.577470e-04
32 17 3.912740e-04
32 18 6.028620e-04
32 19 9.439370e-04
32 20 1.508050e-03
32 21 2.457830e-03
32 22 4.097060e-03
32 23 6.983010e-03
32 24 1.214720e-02
32 25 2.150720e-02
32 26 3.866840e-02
32 27 7.054900e-02
32 28 1.302120e-01
32 29 2.414710e-01
32 30 4.459110e-01
32 31 8.112730e-01
32 32 1.225100e+00
32 33 9.745690e-01
32 34 5.538460e-01
32 35 2.456890e-01
32 36 7.882370e-02
32 37 1.659270e-02
32 38 2.026280e-03
32 39 1.231000e-04
32 40 4.011150e-06
33 1 6.118830e-07
33 2 3.502640e-07
33 3 5.792530e-07
33 4 8.799150e-07
33 5 1.374100e-06
33 6 2.052850e-06
33 7 2.980470e-06
33 8 4.303730e-06
33 9 6.155320e-06
33 10 8.900650e-06
33 11 1.286310e-05
33 12 1.871510e-05
33 13 2.739890e-05
33 14 4.056820e-05
33 15 6.051700e-05
33 16 9.160240e-05
33 17 1.405740e-04
33 18 2.194410e-04
33 19 3.490180e-04
33 20 5.681250e-04
33 21 9.466590e-04
33 22 1.619470e-03
33 23 2.845110e-03
33 24 5.130100e-03
33 25 9.456620e-03
33 26 1.766710e-02
33 27 3.345390e-02
33 28 6.431150e-02
33 29 1.250520e-01
33 30 2.435750e-01
33 31 4.694290e-01
33 32 8.827470e-01
33 33 1.335300e+00
33 34 9.725470e-01
33 35 4.740070e-01
33 36 1.705530e-01
33 37 4.117550e-02
33 38 5.913840e-03
33 39 4.335780e-04
33 40 1.428300e-05
34 1 1.140680e-07
34 2 6.529640e-08
34 3 1.080320e-07
34 4 1.652600e-07
34 5 2.648000e-07
34 6 4.206620e-07
34 7 6.652410e-07
34 8 1.052920e-06
34 9 1.626350e-06
34 10 2.449060e-06
34 11 3.598240e-06
34 12 5.283510e-06
34 13 7.791440e-06
34 14 1.163170e-05
34 15 1.752220e-05
34 16 2.683250e-05
34 17 4.174900e-05
34 18 6.623650e-05
34 19 1.073500e-04
34 20 1.785510e-04
34 21 3.048610e-04
34 22 5.360540e-04
34 23 9.714360e-04
34 24 1.815110e-03
34 25 3.492560e-03
34 26 6.881250e-03
34 27 1.372910e-02
34 28 2.774260e-02
34 29 5.693810e-02
34 30 1.179250e-01
34 31 2.433010e-01
34 32 4.920760e-01
34 33 9.587560e-01
34 34 1.447920e+00
34 35 9.500440e-01
34 36 3.854050e-01
34 37 1.077660e-01
34 38 1.843880e-02
34 39 1.660640e-03
34 40 6.679940e-05
35 1 2.041000e-08
35 2 1.168340e-08
35 3 1.933010e-08
35 4 2.956980e-08
35 5 4.738040e-08
35 6 7.526870e-08
35 7 1.190420e-07
35 8 1.891850e-07
35 9 2.983140e-07
35 10 4.715980e-07
35 11 7.302860e-07
35 12 1.112950e-06
35 13 1.687120e-06
35 14 2.576520e-06
35 15 3.953840e-06
35 16 6.164410e-06
35 17 9.785580e-06
35 18 1.588090e-05
35 19 2.639050e-05
35 20 4.510910e-05
35 21 7.933600e-05
35 22 1.440310e-04
35 23 2.701050e-04
35 24 5.236900e-04
35 25 1.049650e-03
35 26 2.162220e-03
35 27 4.554420e-03
35 28 9.837890e-03
35 29 2.172370e-02
35 30 4.860760e-02
35 31 1.088670e-01
35 32 2.403430e-01
35 33 5.133370e-01
35 34 1.038370e+00
35 35 1.560560e+00
35 36 9.060200e-01
35 37 2.948370e-01
35 38 6.079630e-02
35 39 6.846430e-03
35 40 3.562500e-04
36 1 2.734670e-09
36 2 1.565420e-09
36 3 2.589980e-09
36 4 3.961960e-09
36 5 6.348340e-09
36 6 1.008500e-08
36 7 1.595000e-08
36 8 2.534860e-08
36 9 4.000980e-08
36 10 6.365810e-08
36 11 1.007810e-07
36 12 1.597020e-07
36 13 2.528310e-07
36 14 4.013670e-07
36 15 6.353630e-07
36 16 1.010310e-06
36 17 1.621080e-06
36 18 2.657230e-06
36 19 4.491270e-06
36 20 7.879310e-06
36 21 1.433790e-05
36 22 2.714050e-05
36 23 5.349840e-05
36 24 1.100160e-04
36 25 2.362560e-04
36 26 5.288010e-04
36 27 1.217450e-03
36 28 2.835920e-03
36 29 6.694120e-03
36 30 1.613230e-02
36 31 3.953860e-02
36 32 9.686900e-02
36 33 2.320640e-01
36 34 5.298990e-01
36 35 1.121440e+00
36 36 1.674290e+00
36 37 8.406110e-01
36 38 2.095020e-01
36 39 2.988580e-02
36 40 2.083270e-03
37 1 4.442800e-10
37 2 2.543200e-10
37 3 4.207700e-10
37 4 6.436600e-10
37 5 1.031360e-09
37 6 1.638410e-09
37 7 2.591250e-09
37 8 4.118140e-09
37 9 6.500010e-09
37 10 1.034190e-08
37 11 1.637300e-08
37 12 2.594530e-08
37 13 4.107510e-08
37 14 6.520630e-08
37 15 1.032080e-07
37 16 1.637100e-07
37 17 2.594630e-07
37 18 4.113690e-07
37 19 6.541620e-07
37 20 1.072180e-06
37 21 1.878750e-06
37 22 3.552330e-06
37 23 7.229680e-06
37 24 1.567250e-05
37 25 3.620360e-05
37 26 8.861380e-05
37 27 2.286310e-04
37 28 6.057180e-04
37 29 1.608940e-03
37 30 4.260350e-03
37 31 1.135980e-02
37 32 3.081000e-02
37 33 8.364410e-02
37 34 2.203190e-01
37 35 5.432010e-01
37 36 1.208100e+00
37 37 1.783310e+00
37 38 7.546960e-01
37 39 1.365610e-01
37 40 1.297070e-02
38 1 9.424700e-11
38 2 5.395000e-11
38 3 8.926000e-11
38 4 1.365400e-10
38 5 2.187900e-10
38 6 3.475700e-10
38 7 5.497000e-10
38 8 8.736100e-10
38 9 1.378880e-09
38 10 2.193890e-09
38 11 3.473290e-09
38 12 5.503930e-09
38 13 8.713490e-09
38 14 1.383260e-08
38 15 2.189420e-08
38 16 3.472880e-08
38 17 5.504130e-08
38 18 8.724150e-08
38 19 1.381710e-07
38 20 2.191060e-07
38 21 3.471970e-07
38 22 5.526800e-07
38 23 9.297010e-07
38 24 1.755490e-06
38 25 3.860140e-06
38 26 1.002470e-05
38 27 2.956870e-05
38 28 9.328730e-05
38 29 2.899940e-04
38 30 8.636720e-04
38 31 2.536210e-03
38 32 7.536570e-03
38 33 2.289630e-02
38 34 6.989770e-02
38 35 2.054680e-01
38 36 5.531020e-01
38 37 1.297960e+00
38 38 1.883670e+00
38 39 6.532410e-01
38 40 8.488500e-02
39 1 3.565800e-11
39 2 2.041200e-11
39 3 3.377100e-11
39 4 5.166100e-11
39 5 8.277800e-11
39 6 1.315000e-10
39 7 2.079800e-10
39 8 3.305300e-10
39 9 5.217000e-10
39 10 8.300600e-10
39 11 1.314120e-09
39 12 2.082400e-09
39 13 3.296740e-09
39 14 5.233540e-09
39 15 8.283620e-09
39 16 1.313960e-08
39 17 2.082480e-08
39 18 3.300770e-08
39 19 5.227690e-08
39 20 8.289850e-08
39 21 1.313550e-07
39 22 2.082260e-07
39 23 3.300140e-07
39 24 5.231550e-07
39 25 8.408180e-07
39 26 1.449040e-06
39 27 3.042080e-06
39 28 8.975730e-06
39 29 3.394310e-05
39 30 1.257970e-04
39 31 4.239080e-04
39 32 1.388480e-03
39 33 4.638130e-03
39 34 1.606430e-02
39 35 5.629330e-02
39 36 1.881080e-01
39 37 5.597460e-01
39 38 1.390890e+00
39 39 1.970600e+00
39 40 5.866970e-01
40 1 1.467500e-11
40 2 8.400700e-12
40 3 1.389900e-11
40 4 2.126200e-11
40 5 3.406800e-11
40 6 5.412000e-11
40 7 8.559400e-11
40 8 1.360300e-10
40 9 2.147100e-10
40 10 3.416200e-10
40 11 5.408300e-10
40 12 8.570300e-10
40 13 1.356800e-09
40 14 2.153910e-09
40 15 3.409190e-09
40 16 5.407710e-09
40 17 8.570610e-09
40 18 1.358460e-08
40 19 2.151500e-08
40 20 3.411760e-08
40 21 5.406020e-08
40 22 8.569690e-08
40 23 1.358200e-07
40 24 2.152340e-07
40 25 3.411410e-07
40 26 5.406690e-07
40 27 8.591090e-07
40 28 1.437910e-06
40 29 3.018470e-06
40 30 9.872610e-06
40 31 4.001150e-05
40 32 1.546400e-04
40 33 5.928100e-04
40 34 2.379580e-03
40 35 1.008020e-02
40 36 4.285020e-02
40 37 1.686900e-01
40 38 5.645640e-01
40 39 1.487840e+00
40 40 2.492010e+00
