1 5.322730e-02
2 4.748990e-02
3 4.230220e-02
4 3.768370e-02
5 3.360590e-02
6 2.995230e-02
7 2.669400e-02
8 2.378260e-02
9 2.120330e-02
10 1.889370e-02
11 1.683520e-02
12 1.500900e-02
13 1.337450e-02
14 1.192180e-02
15 1.062330e-02
16 9.469590e-03
17 8.439940e-03
18 7.521650e-03
19 6.704380e-03
20 5.974060e-03
21 5.326840e-03
22 4.746350e-03
23 4.231240e-03
24 3.771510e-03
25 3.360830e-03
26 2.995220e-03
27 2.671240e-03
28 2.379550e-03
29 2.120690e-03
30 1.891380e-03
31 1.684980e-03
32 1.504070e-03
33 1.340540e-03
34 1.195580e-03
35 1.065300e-03
36 9.509290e-04
37 8.488410e-04
38 7.585240e-04
39 6.746030e-04
40 5.998640e-04
