1 1 1.585330e-01
1 2 5.875500e-02
1 3 7.707080e-02
1 4 9.339010e-02
1 5 1.187170e-01
1 6 1.492710e-01
1 7 1.867210e-01
1 8 2.344370e-01
1 9 2.920180e-01
1 10 3.660050e-01
1 11 4.553850e-01
1 12 5.656930e-01
1 13 6.997890e-01
1 14 8.642280e-01
1 15 1.058440e+00
1 16 1.290380e+00
1 17 1.558200e+00
1 18 1.861640e+00
1 19 2.192810e+00
1 20 2.542510e+00
1 21 2.883270e+00
1 22 3.183910e+00
1 23 3.399070e+00
1 24 3.477840e+00
1 25 3.373200e+00
1 26 3.058460e+00
1 27 2.548950e+00
1 28 1.911250e+00
1 29 1.255250e+00
1 30 6.984010e-01
1 31 3.158300e-01
1 32 1.102530e-01
1 33 2.788010e-02
1 34 4.719350e-03
1 35 4.852310e-04
1 36 2.774160e-05
1 37 1.363950e-06
1 38 0.000000e+00
1 39 0.000000e+00
1 40 0.000000e+00
2 1 1.258640e-01
2 2 5.118320e-02
2 3 6.880630e-02
2 4 8.343210e-02
2 5 1.060580e-01
2 6 1.333550e-01
2 7 1.668120e-01
2 8 2.094410e-01
2 9 2.608830e-01
2 10 3.269840e-01
2 11 4.068370e-01
2 12 5.053950e-01
2 13 6.251960e-01
2 14 7.721170e-01
2 15 9.456450e-01
2 16 1.152880e+00
2 17 1.392270e+00
2 18 1.663410e+00
2 19 1.959360e+00
2 20 2.271920e+00
2 21 2.576450e+00
2 22 2.845500e+00
2 23 3.038040e+00
2 24 3.108800e+00
2 25 3.015750e+00
2 26 2.734930e+00
2 27 2.279890e+00
2 28 1.710060e+00
2 29 1.123560e+00
2 30 6.254490e-01
2 31 2.830180e-01
2 32 9.887270e-02
2 33 2.502420e-02
2 34 4.241180e-03
2 35 4.367130e-04
2 36 2.508580e-05
2 37 1.231520e-06
2 38 0.000000e+00
2 39 0.000000e+00
2 40 0.000000e+00
3 1 9.922830e-02
3 2 4.158870e-02
3 3 5.988720e-02
3 4 7.440720e-02
3 5 9.462920e-02
3 6 1.189850e-01
3 7 1.488370e-01
3 8 1.868730e-01
3 9 2.327730e-01
3 10 2.917540e-01
3 11 3.630060e-01
3 12 4.509540e-01
3 13 5.578550e-01
3 14 6.889600e-01
3 15 8.438140e-01
3 16 1.028750e+00
3 17 1.242460e+00
3 18 1.484460e+00
3 19 1.748630e+00
3 20 2.027680e+00
3 21 2.299600e+00
3 22 2.540080e+00
3 23 2.712260e+00
3 24 2.775860e+00
3 25 2.693310e+00
3 26 2.443140e+00
3 27 2.037300e+00
3 28 1.528730e+00
3 29 1.004940e+00
3 30 5.597700e-01
3 31 2.534970e-01
3 32 8.864260e-02
3 33 2.246120e-02
3 34 3.812640e-03
3 35 3.933070e-04
3 36 2.273590e-05
3 37 1.526210e-06
3 38 0.000000e+00
3 39 0.000000e+00
3 40 0.000000e+00
4 1 7.732010e-02
4 2 3.268900e-02
4 3 4.860480e-02
4 4 6.490410e-02
4 5 8.444360e-02
4 6 1.062150e-01
4 7 1.328640e-01
4 8 1.668180e-01
4 9 2.077940e-01
4 10 2.604470e-01
4 11 3.240590e-01
4 12 4.025740e-01
4 13 4.980190e-01
4 14 6.150730e-01
4 15 7.533320e-01
4 16 9.184570e-01
4 17 1.109310e+00
4 18 1.325470e+00
4 19 1.561420e+00
4 20 1.810730e+00
4 21 2.053770e+00
4 22 2.268820e+00
4 23 2.422980e+00
4 24 2.480320e+00
4 25 2.407130e+00
4 26 2.184220e+00
4 27 1.822130e+00
4 28 1.367970e+00
4 29 8.998380e-01
4 30 5.016290e-01
4 31 2.273870e-01
4 32 7.960540e-02
4 33 2.020250e-02
4 34 3.435660e-03
4 35 3.552160e-04
4 36 2.070440e-05
4 37 2.335380e-06
4 38 0.000000e+00
4 39 0.000000e+00
4 40 0.000000e+00
5 1 6.215590e-02
5 2 2.599300e-02
5 3 3.856340e-02
5 4 5.280880e-02
5 5 7.382300e-02
5 6 9.494280e-02
5 7 1.187930e-01
5 8 1.491520e-01
5 9 1.857900e-01
5 10 2.328690e-01
5 11 2.897500e-01
5 12 3.599590e-01
5 13 4.453080e-01
5 14 5.499920e-01
5 15 6.736380e-01
5 16 8.213250e-01
5 17 9.920220e-01
5 18 1.185460e+00
5 19 1.396570e+00
5 20 1.619710e+00
5 21 1.837340e+00
5 22 2.030050e+00
5 23 2.168400e+00
5 24 2.220290e+00
5 25 2.155430e+00
5 26 1.956590e+00
5 27 1.633010e+00
5 28 1.226770e+00
5 29 8.075990e-01
5 30 4.506530e-01
5 31 2.045230e-01
5 32 7.170620e-02
5 33 1.823220e-02
5 34 3.107630e-03
5 35 3.221930e-04
5 36 1.891550e-05
5 37 2.656590e-06
5 38 0.000000e+00
5 39 0.000000e+00
5 40 0.000000e+00
6 1 4.926630e-02
6 2 2.050080e-02
6 3 3.045490e-02
6 4 4.176360e-02
6 5 5.995490e-02
6 6 8.305900e-02
6 7 1.062040e-01
6 8 1.333700e-01
6 9 1.661330e-01
6 10 2.082340e-01
6 11 2.591010e-01
6 12 3.218900e-01
6 13 3.982230e-01
6 14 4.918530e-01
6 15 6.024580e-01
6 16 7.345770e-01
6 17 8.872690e-01
6 18 1.060400e+00
6 19 1.249400e+00
6 20 1.449180e+00
6 21 1.644160e+00
6 22 1.816960e+00
6 23 1.941260e+00
6 24 1.988350e+00
6 25 1.931040e+00
6 26 1.753790e+00
6 27 1.464590e+00
6 28 1.101120e+00
6 29 7.256030e-01
6 30 4.053970e-01
6 31 1.842590e-01
6 32 6.472340e-02
6 33 1.649520e-02
6 34 2.819460e-03
6 35 2.933410e-04
6 36 1.735060e-05
6 37 2.431260e-06
6 38 0.000000e+00
6 39 0.000000e+00
6 40 0.000000e+00
7 1 3.787010e-02
7 2 1.570450e-02
7 3 2.359940e-02
7 4 3.266060e-02
7 5 4.715780e-02
7 6 6.728120e-02
7 7 9.301690e-02
7 8 1.193360e-01
7 9 1.486700e-01
7 10 1.863480e-01
7 11 2.318740e-01
7 12 2.880710e-01
7 13 3.563970e-01
7 14 4.402090e-01
7 15 5.392310e-01
7 16 6.575200e-01
7 17 7.942600e-01
7 18 9.493260e-01
7 19 1.118710e+00
7 20 1.297810e+00
7 21 1.472690e+00
7 22 1.627870e+00
7 23 1.739750e+00
7 24 1.782660e+00
7 25 1.732140e+00
7 26 1.574170e+00
7 27 1.315590e+00
7 28 9.900190e-01
7 29 6.532030e-01
7 30 3.655020e-01
7 31 1.664390e-01
7 32 5.860090e-02
7 33 1.497760e-02
7 34 2.569050e-03
7 35 2.684690e-04
7 36 1.619500e-05
7 37 2.238340e-06
7 38 0.000000e+00
7 39 0.000000e+00
7 40 0.000000e+00
8 1 2.955840e-02
8 2 1.226120e-02
8 3 1.844380e-02
8 4 2.559710e-02
8 5 3.704570e-02
8 6 5.294530e-02
8 7 7.521430e-02
8 8 1.045830e-01
8 9 1.331310e-01
8 10 1.668870e-01
8 11 2.076630e-01
8 12 2.580010e-01
8 13 3.192080e-01
8 14 3.942940e-01
8 15 4.830190e-01
8 16 5.890200e-01
8 17 7.115890e-01
8 18 8.506060e-01
8 19 1.002570e+00
8 20 1.163310e+00
8 21 1.320390e+00
8 22 1.459960e+00
8 23 1.560880e+00
8 24 1.600180e+00
8 25 1.555780e+00
8 26 1.415040e+00
8 27 1.183760e+00
8 28 8.918470e-01
8 29 5.893270e-01
8 30 3.303870e-01
8 31 1.508000e-01
8 32 5.324880e-02
8 33 1.365790e-02
8 34 2.352940e-03
8 35 2.472190e-04
8 36 1.518150e-05
8 37 2.075990e-06
8 38 0.000000e+00
8 39 0.000000e+00
8 40 0.000000e+00
9 1 2.411920e-02
9 2 9.806290e-03
9 3 1.450560e-02
9 4 1.998780e-02
9 5 2.903910e-02
9 6 4.167470e-02
9 7 5.931150e-02
9 8 8.468270e-02
9 9 1.169620e-01
9 10 1.497410e-01
9 11 1.863430e-01
9 12 2.315220e-01
9 13 2.864620e-01
9 14 3.538660e-01
9 15 4.335270e-01
9 16 5.287270e-01
9 17 6.388150e-01
9 18 7.637420e-01
9 19 9.003760e-01
9 20 1.044980e+00
9 21 1.186480e+00
9 22 1.312380e+00
9 23 1.403740e+00
9 24 1.440020e+00
9 25 1.401130e+00
9 26 1.275640e+00
9 27 1.068470e+00
9 28 8.061640e-01
9 29 5.337010e-01
9 30 2.999100e-01
9 31 1.372850e-01
9 32 4.865020e-02
9 33 1.253290e-02
9 34 2.170810e-03
9 35 2.295850e-04
9 36 1.426940e-05
9 37 1.944450e-06
9 38 0.000000e+00
9 39 0.000000e+00
9 40 0.000000e+00
10 1 1.881770e-02
10 2 7.639990e-03
10 3 1.134840e-02
10 4 1.567080e-02
10 5 2.275350e-02
10 6 3.270020e-02
10 7 4.662330e-02
10 8 6.663350e-02
10 9 9.451900e-02
10 10 1.316710e-01
10 11 1.673970e-01
10 12 2.079970e-01
10 13 2.573700e-01
10 14 3.179540e-01
10 15 3.895690e-01
10 16 4.751720e-01
10 17 5.742070e-01
10 18 6.866370e-01
10 19 8.096530e-01
10 20 9.400160e-01
10 21 1.067710e+00
10 22 1.181560e+00
10 23 1.264580e+00
10 24 1.298240e+00
10 25 1.264410e+00
10 26 1.152530e+00
10 27 9.668290e-01
10 28 7.308560e-01
10 29 4.849370e-01
10 30 2.733030e-01
10 31 1.255540e-01
10 32 4.468860e-02
10 33 1.157440e-02
10 34 2.018020e-03
10 35 2.151470e-04
10 36 1.350910e-05
10 37 1.840860e-06
10 38 0.000000e+00
10 39 0.000000e+00
10 40 0.000000e+00
11 1 1.445200e-02
11 2 5.865340e-03
11 3 8.692730e-03
11 4 1.197600e-02
11 5 1.740070e-02
11 6 2.517530e-02
11 7 3.618250e-02
11 8 5.200110e-02
11 9 7.402810e-02
11 10 1.061220e-01
11 11 1.474050e-01
11 12 1.872460e-01
11 13 2.317120e-01
11 14 2.862850e-01
11 15 3.508080e-01
11 16 4.279560e-01
11 17 5.172610e-01
11 18 6.186890e-01
11 19 7.297480e-01
11 20 8.475880e-01
11 21 9.631890e-01
11 22 1.066520e+00
11 23 1.142320e+00
11 24 1.173780e+00
11 25 1.144620e+00
11 26 1.044840e+00
11 27 8.781260e-01
11 28 6.653570e-01
11 29 4.427210e-01
11 30 2.504010e-01
11 31 1.155390e-01
11 32 4.134550e-02
11 33 1.077920e-02
11 34 1.894480e-03
11 35 2.039490e-04
11 36 1.293980e-05
11 37 1.766610e-06
11 38 0.000000e+00
11 39 0.000000e+00
11 40 0.000000e+00
12 1 1.175680e-02
12 2 4.764610e-03
12 3 7.032260e-03
12 4 9.615830e-03
12 5 1.380740e-02
12 6 1.965450e-02
12 7 2.806880e-02
12 8 4.052280e-02
12 9 5.795590e-02
12 10 8.325940e-02
12 11 1.188880e-01
12 12 1.653660e-01
12 13 2.092300e-01
12 14 2.585380e-01
12 15 3.168560e-01
12 16 3.866080e-01
12 17 4.673980e-01
12 18 5.592170e-01
12 19 6.598750e-01
12 20 7.667740e-01
12 21 8.718900e-01
12 22 9.661490e-01
12 23 1.035780e+00
12 24 1.065500e+00
12 25 1.040620e+00
12 26 9.516070e-01
12 27 8.016120e-01
12 28 6.091170e-01
12 29 4.067390e-01
12 30 2.310480e-01
12 31 1.071840e-01
12 32 3.860710e-02
12 33 1.014580e-02
12 34 1.800380e-03
12 35 1.960660e-04
12 36 1.259160e-05
12 37 1.722670e-06
12 38 0.000000e+00
12 39 0.000000e+00
12 40 0.000000e+00
13 1 8.659850e-03
13 2 3.511090e-03
13 3 5.181900e-03
13 4 7.077090e-03
13 5 1.016430e-02
13 6 1.456740e-02
13 7 2.095620e-02
13 8 3.051270e-02
13 9 4.423630e-02
13 10 6.424500e-02
13 11 9.237560e-02
13 12 1.327060e-01
13 13 1.850920e-01
13 14 2.341590e-01
13 15 2.870300e-01
13 16 3.503020e-01
13 17 4.236210e-01
13 18 5.070310e-01
13 19 5.985670e-01
13 20 6.959380e-01
13 21 7.919420e-01
13 22 8.783550e-01
13 23 9.426930e-01
13 24 9.710960e-01
13 25 9.501570e-01
13 26 8.708070e-01
13 27 7.355760e-01
13 28 5.608680e-01
13 29 3.761350e-01
13 30 2.147820e-01
13 31 1.002860e-01
13 32 3.640940e-02
13 33 9.660480e-03
13 34 1.734240e-03
13 35 1.915010e-04
13 36 1.247950e-05
13 37 1.711420e-06
13 38 0.000000e+00
13 39 0.000000e+00
13 40 0.000000e+00
14 1 7.273610e-03
14 2 2.948360e-03
14 3 4.350360e-03
14 4 5.939510e-03
14 5 8.508420e-03
14 6 1.209690e-02
14 7 1.718030e-02
14 8 2.455970e-02
14 9 3.493400e-02
14 10 5.044280e-02
14 11 7.242620e-02
14 12 1.038590e-01
14 13 1.488280e-01
14 14 2.078750e-01
14 15 2.610010e-01
14 16 3.186290e-01
14 17 3.854630e-01
14 18 4.615720e-01
14 19 5.451950e-01
14 20 6.343810e-01
14 21 7.225530e-01
14 22 8.023140e-01
14 23 8.622780e-01
14 24 8.898270e-01
14 25 8.725720e-01
14 26 8.019610e-01
14 27 6.797340e-01
14 28 5.205020e-01
14 29 3.509100e-01
14 30 2.016620e-01
14 31 9.490490e-02
14 32 3.478490e-02
14 33 9.335440e-03
14 34 1.698840e-03
14 35 1.906220e-04
14 36 1.262930e-05
14 37 1.735090e-06
14 38 0.000000e+00
14 39 0.000000e+00
14 40 0.000000e+00
15 1 5.668570e-03
15 2 2.297670e-03
15 3 3.390440e-03
15 4 4.629070e-03
15 5 6.629660e-03
15 6 9.413130e-03
15 7 1.333150e-02
15 8 1.905730e-02
15 9 2.721690e-02
15 10 3.929670e-02
15 11 5.638380e-02
15 12 8.087150e-02
15 13 1.158900e-01
15 14 1.667740e-01
15 15 2.325360e-01
15 16 2.911600e-01
15 17 3.523860e-01
15 18 4.222010e-01
15 19 4.990470e-01
15 20 5.811890e-01
15 21 6.626950e-01
15 22 7.368970e-01
15 23 7.932980e-01
15 24 8.203860e-01
15 25 8.066370e-01
15 26 7.438620e-01
15 27 6.331190e-01
15 28 4.872840e-01
15 29 3.305770e-01
15 30 1.914470e-01
15 31 9.094690e-02
15 32 3.371280e-02
15 33 9.171070e-03
15 34 1.695940e-03
15 35 1.939330e-04
15 36 1.309940e-05
15 37 1.801960e-06
15 38 0.000000e+00
15 39 0.000000e+00
15 40 0.000000e+00
16 1 4.310070e-03
16 2 1.747390e-03
16 3 2.578580e-03
16 4 3.521100e-03
16 5 5.043160e-03
16 6 7.160500e-03
16 7 1.013030e-02
16 8 1.444380e-02
16 9 2.057800e-02
16 10 2.972770e-02
16 11 4.290480e-02
16 12 6.200330e-02
16 13 8.933710e-02
16 14 1.289960e-01
16 15 1.859820e-01
16 16 2.606470e-01
16 17 3.241910e-01
16 18 3.886740e-01
16 19 4.597810e-01
16 20 5.360590e-01
16 21 6.120740e-01
16 22 6.817330e-01
16 23 7.354330e-01
16 24 7.624100e-01
16 25 7.521020e-01
16 26 6.963440e-01
16 27 5.956270e-01
16 28 4.612330e-01
16 29 3.152420e-01
16 30 1.842410e-01
16 31 8.849670e-02
16 32 3.324430e-02
16 33 9.188470e-03
16 34 1.731390e-03
16 35 2.024100e-04
16 36 1.398210e-05
16 37 1.924650e-06
16 38 0.000000e+00
16 39 0.000000e+00
16 40 0.000000e+00
17 1 3.443710e-03
17 2 1.396340e-03
17 3 2.060590e-03
17 4 2.813420e-03
17 5 4.029420e-03
17 6 5.719900e-03
17 7 8.091150e-03
17 8 1.152010e-02
17 9 1.633820e-02
17 10 2.344440e-02
17 11 3.358840e-02
17 12 4.825000e-02
17 13 6.927090e-02
17 14 9.983050e-02
17 15 1.437310e-01
17 16 2.080740e-01
17 17 2.916860e-01
17 18 3.601510e-01
17 19 4.264830e-01
17 20 4.978620e-01
17 21 5.694250e-01
17 22 6.355110e-01
17 23 6.873130e-01
17 24 7.147180e-01
17 25 7.077390e-01
17 26 6.585380e-01
17 27 5.666360e-01
17 28 4.420210e-01
17 29 3.048120e-01
17 30 1.800840e-01
17 31 8.763450e-02
17 32 3.343780e-02
17 33 9.413420e-03
17 34 1.812420e-03
17 35 2.172480e-04
17 36 1.538500e-05
17 37 2.115620e-06
17 38 0.000000e+00
17 39 0.000000e+00
17 40 0.000000e+00
18 1 2.604360e-03
18 2 1.056200e-03
18 3 1.558720e-03
18 4 2.128510e-03
18 5 3.048950e-03
18 6 4.329250e-03
18 7 6.124320e-03
18 8 8.714580e-03
18 9 1.234320e-02
18 10 1.768460e-02
18 11 2.532480e-02
18 12 3.646510e-02
18 13 5.259720e-02
18 14 7.609720e-02
18 15 1.098860e-01
18 16 1.594180e-01
18 17 2.319640e-01
18 18 3.262920e-01
18 19 3.991250e-01
18 20 4.666150e-01
18 21 5.347030e-01
18 22 5.982050e-01
18 23 6.488790e-01
18 24 6.772080e-01
18 25 6.736260e-01
18 26 6.303700e-01
18 27 5.462110e-01
18 28 4.297300e-01
18 29 2.994400e-01
18 30 1.791410e-01
18 31 8.850250e-02
18 32 3.438300e-02
18 33 9.887320e-03
18 34 1.951560e-03
18 35 2.407730e-04
18 36 1.747350e-05
18 37 2.406850e-06
18 38 0.000000e+00
18 39 0.000000e+00
18 40 0.000000e+00
19 1 1.874910e-03
19 2 7.607090e-04
19 3 1.122820e-03
19 4 1.533620e-03
19 5 2.197280e-03
19 6 3.120980e-03
19 7 4.417250e-03
19 8 6.288400e-03
19 9 8.904820e-03
19 10 1.274500e-02
19 11 1.823810e-02
19 12 2.630160e-02
19 13 3.818940e-02
19 14 5.599200e-02
19 15 8.191490e-02
19 16 1.199070e-01
19 17 1.755950e-01
19 18 2.580250e-01
19 19 3.647290e-01
19 20 4.422610e-01
19 21 5.079040e-01
19 22 5.697950e-01
19 23 6.201940e-01
19 24 6.499850e-01
19 25 6.498810e-01
19 26 6.121420e-01
19 27 5.346650e-01
19 28 4.247730e-01
19 29 2.995290e-01
19 30 1.817820e-01
19 31 9.137180e-02
19 32 3.623840e-02
19 33 1.067810e-02
19 34 2.168930e-03
19 35 2.766940e-04
19 36 2.052280e-05
19 37 2.280340e-06
19 38 0.000000e+00
19 39 0.000000e+00
19 40 0.000000e+00
20 1 1.479520e-03
20 2 6.002980e-04
20 3 8.859940e-04
20 4 1.209980e-03
20 5 1.733400e-03
20 6 2.461530e-03
20 7 3.483150e-03
20 8 4.957730e-03
20 9 7.017110e-03
20 10 1.002710e-02
20 11 1.428510e-02
20 12 2.043480e-02
20 13 2.932070e-02
20 14 4.233730e-02
20 15 6.148540e-02
20 16 9.015170e-02
20 17 1.322400e-01
20 18 1.945310e-01
20 19 2.872870e-01
20 20 4.074250e-01
20 21 4.872930e-01
20 22 5.485300e-01
20 23 5.995550e-01
20 24 6.316100e-01
20 25 6.354480e-01
20 26 6.032550e-01
20 27 5.319620e-01
20 28 4.275660e-01
20 29 3.057550e-01
20 30 1.887050e-01
20 31 9.675780e-02
20 32 3.928770e-02
20 33 1.189770e-02
20 34 2.494180e-03
20 35 3.298750e-04
20 36 2.505430e-05
20 37 1.722960e-06
20 38 0.000000e+00
20 39 0.000000e+00
20 40 0.000000e+00
21 1 1.117680e-03
21 2 4.535060e-04
21 3 6.693270e-04
21 4 9.141090e-04
21 5 1.309660e-03
21 6 1.859990e-03
21 7 2.632180e-03
21 8 3.747000e-03
21 9 5.304740e-03
21 10 7.581580e-03
21 11 1.080220e-02
21 12 1.544890e-02
21 13 2.216440e-02
21 14 3.206580e-02
21 15 4.647390e-02
21 16 6.770650e-02
21 17 9.893610e-02
21 18 1.453430e-01
21 19 2.146360e-01
21 20 3.195070e-01
21 21 4.543960e-01
21 22 5.355860e-01
21 23 5.882190e-01
21 24 6.233960e-01
21 25 6.317390e-01
21 26 6.050350e-01
21 27 5.394370e-01
21 28 4.393540e-01
21 29 3.192320e-01
21 30 2.008180e-01
21 31 1.053120e-01
21 32 4.391100e-02
21 33 1.371540e-02
21 34 2.979530e-03
21 35 4.104850e-04
21 36 3.245080e-05
21 37 2.064140e-06
21 38 6.441900e-08
21 39 0.000000e+00
21 40 0.000000e+00
22 1 8.080290e-04
22 2 3.279990e-04
22 3 4.841660e-04
22 4 6.613590e-04
22 5 9.476740e-04
22 6 1.346270e-03
22 7 1.905770e-03
22 8 2.713750e-03
22 9 3.843500e-03
22 10 5.496050e-03
22 11 7.835320e-03
22 12 1.120980e-02
22 13 1.608250e-02
22 14 2.326380e-02
22 15 3.375500e-02
22 16 4.930840e-02
22 17 7.225600e-02
22 18 1.064480e-01
22 19 1.576870e-01
22 20 2.355400e-01
22 21 3.542010e-01
22 22 5.064890e-01
22 23 5.864710e-01
22 24 6.256630e-01
22 25 6.393050e-01
22 26 6.183250e-01
22 27 5.581050e-01
22 28 4.613380e-01
22 29 3.412470e-01
22 30 2.192970e-01
22 31 1.179500e-01
22 32 5.066410e-02
22 33 1.638550e-02
22 34 3.705830e-03
22 35 5.347490e-04
22 36 4.428880e-05
22 37 2.722410e-06
22 38 1.194490e-07
22 39 0.000000e+00
22 40 0.000000e+00
23 1 5.541670e-04
23 2 2.253360e-04
23 3 3.326910e-04
23 4 4.545310e-04
23 5 6.515300e-04
23 6 9.258440e-04
23 7 1.311210e-03
23 8 1.868250e-03
23 9 2.648040e-03
23 10 3.790140e-03
23 11 5.409810e-03
23 12 7.750640e-03
23 13 1.113150e-02
23 14 1.610470e-02
23 15 2.338260e-02
23 16 3.429590e-02
23 17 5.067500e-02
23 18 7.541010e-02
23 19 1.127020e-01
23 20 1.695980e-01
23 21 2.568730e-01
23 22 3.921180e-01
23 23 5.646210e-01
23 24 6.402000e-01
23 25 6.600320e-01
23 26 6.454330e-01
23 27 5.904210e-01
23 28 4.961080e-01
23 29 3.742790e-01
23 30 2.462790e-01
23 31 1.362490e-01
23 32 6.049740e-02
23 33 2.034530e-02
23 34 4.815420e-03
23 35 7.324260e-04
23 36 6.416930e-05
23 37 3.255780e-06
23 38 1.775980e-07
23 39 0.000000e+00
23 40 0.000000e+00
24 1 3.827690e-04
24 2 1.559560e-04
24 3 2.302760e-04
24 4 3.146880e-04
24 5 4.511340e-04
24 6 6.412680e-04
24 7 9.085330e-04
24 8 1.294980e-03
24 9 1.836440e-03
24 10 2.630390e-03
24 11 3.757310e-03
24 12 5.388410e-03
24 13 7.748400e-03
24 14 1.122030e-02
24 15 1.629100e-02
24 16 2.388120e-02
24 17 3.528120e-02
24 18 5.259940e-02
24 19 7.900020e-02
24 20 1.195880e-01
24 21 1.822300e-01
24 22 2.800150e-01
24 23 4.334800e-01
24 24 6.279110e-01
24 25 6.946150e-01
24 26 6.877390e-01
24 27 6.386340e-01
24 28 5.466160e-01
24 29 4.216240e-01
24 30 2.848860e-01
24 31 1.626460e-01
24 32 7.494360e-02
24 33 2.631760e-02
24 34 6.549860e-03
24 35 1.055470e-03
24 36 9.855550e-05
24 37 5.168190e-06
24 38 2.813140e-07
24 39 0.000000e+00
24 40 0.000000e+00
25 1 2.529640e-04
25 2 1.033710e-04
25 3 1.526610e-04
25 4 2.086540e-04
25 5 2.992360e-04
25 6 4.255200e-04
25 7 6.031220e-04
25 8 8.602350e-04
25 9 1.220830e-03
25 10 1.750110e-03
25 11 2.502900e-03
25 12 3.594680e-03
25 13 5.178060e-03
25 14 7.514100e-03
25 15 1.093250e-02
25 16 1.605480e-02
25 17 2.377530e-02
25 18 3.555890e-02
25 19 5.365490e-02
25 20 8.175810e-02
25 21 1.255260e-01
25 22 1.945040e-01
25 23 3.038920e-01
25 24 4.782310e-01
25 25 6.973740e-01
25 26 7.492570e-01
25 27 7.073810e-01
25 28 6.177290e-01
25 29 4.882520e-01
25 30 3.396890e-01
25 31 2.007960e-01
25 32 9.640300e-02
25 33 3.551860e-02
25 34 9.349000e-03
25 35 1.606990e-03
25 36 1.613810e-04
25 37 8.801040e-06
25 38 4.826160e-07
25 39 0.000000e+00
25 40 0.000000e+00
26 1 1.461160e-04
26 2 6.030510e-05
26 3 8.910040e-05
26 4 1.218400e-04
26 5 1.748270e-04
26 6 2.487850e-04
26 7 3.529360e-04
26 8 5.039370e-04
26 9 7.161750e-04
26 10 1.028480e-03
26 11 1.474060e-03
26 12 2.122710e-03
26 13 3.067840e-03
26 14 4.469930e-03
26 15 6.535110e-03
26 16 9.646720e-03
26 17 1.435630e-02
26 18 2.162670e-02
26 19 3.301360e-02
26 20 5.118880e-02
26 21 8.036940e-02
26 22 1.274820e-01
26 23 2.034380e-01
26 24 3.265750e-01
26 25 5.267020e-01
26 26 7.761610e-01
26 27 8.058660e-01
26 28 7.184260e-01
26 29 5.823300e-01
26 30 4.177490e-01
26 31 2.562660e-01
26 32 1.286390e-01
26 33 4.998700e-02
26 34 1.401770e-02
26 35 2.597310e-03
26 36 2.848990e-04
26 37 1.685310e-05
26 38 9.287340e-07
26 39 0.000000e+00
26 40 0.000000e+00
27 1 9.052070e-05
27 2 3.754230e-05
27 3 5.547260e-05
27 4 7.587890e-05
27 5 1.089120e-04
27 6 1.550340e-04
27 7 2.200650e-04
27 8 3.144320e-04
27 9 4.471830e-04
27 10 6.428410e-04
27 11 9.224690e-04
27 12 1.330370e-03
27 13 1.926450e-03
27 14 2.813540e-03
27 15 4.125500e-03
27 16 6.112140e-03
27 17 9.133040e-03
27 18 1.379730e-02
27 19 2.109220e-02
27 20 3.273260e-02
27 21 5.147820e-02
27 22 8.210400e-02
27 23 1.324120e-01
27 24 2.152950e-01
27 25 3.524490e-01
27 26 5.789350e-01
27 27 8.573370e-01
27 28 8.554240e-01
27 29 7.138270e-01
27 30 5.304000e-01
27 31 3.393280e-01
27 32 1.790310e-01
27 33 7.375480e-02
27 34 2.213510e-02
27 35 4.435690e-03
27 36 5.320620e-04
27 37 3.408090e-05
27 38 1.864790e-06
27 39 0.000000e+00
27 40 0.000000e+00
28 1 4.905540e-05
28 2 2.060240e-05
28 3 3.045430e-05
28 4 4.167120e-05
28 5 5.984640e-05
28 6 8.525060e-05
28 7 1.210930e-04
28 8 1.731840e-04
28 9 2.466320e-04
28 10 3.550940e-04
28 11 5.105640e-04
28 12 7.381870e-04
28 13 1.072180e-03
28 14 1.571830e-03
28 15 2.315750e-03
28 16 3.450780e-03
28 17 5.192530e-03
28 18 7.909260e-03
28 19 1.220100e-02
28 20 1.912310e-02
28 21 3.041560e-02
28 22 4.921060e-02
28 23 8.081520e-02
28 24 1.341310e-01
28 25 2.244740e-01
28 26 3.775780e-01
28 27 6.353710e-01
28 28 9.469950e-01
28 29 9.010650e-01
28 30 6.946380e-01
28 31 4.646830e-01
28 32 2.586850e-01
28 33 1.135990e-01
28 34 3.676180e-02
28 35 8.046560e-03
28 36 1.069520e-03
28 37 7.585600e-05
28 38 3.963070e-06
28 39 7.314750e-07
28 40 4.127550e-08
29 1 2.253930e-05
29 2 9.866440e-06
29 3 1.459420e-05
29 4 1.998260e-05
29 5 2.871260e-05
29 6 4.092840e-05
29 7 5.819390e-05
29 8 8.332040e-05
29 9 1.188170e-04
29 10 1.713730e-04
29 11 2.469400e-04
29 12 3.580070e-04
29 13 5.218120e-04
29 14 7.683410e-04
29 15 1.138130e-03
29 16 1.707500e-03
29 17 2.591070e-03
29 18 3.987670e-03
29 19 6.228300e-03
29 20 9.904820e-03
29 21 1.601870e-02
29 22 2.641300e-02
29 23 4.440460e-02
29 24 7.589660e-02
29 25 1.313970e-01
29 26 2.291300e-01
29 27 4.002420e-01
29 28 6.957430e-01
29 29 1.047100e+00
29 30 9.411690e-01
29 31 6.589910e-01
29 32 3.879760e-01
29 33 1.823900e-01
29 34 6.407550e-02
29 35 1.547270e-02
29 36 2.311100e-03
29 37 1.870760e-04
29 38 8.355160e-06
29 39 1.126490e-06
29 40 4.605620e-07
30 1 1.037030e-05
30 2 4.607150e-06
30 3 6.826490e-06
30 4 9.358710e-06
30 5 1.345940e-05
30 6 1.920420e-05
30 7 2.733570e-05
30 8 3.919580e-05
30 9 5.599640e-05
30 10 8.094490e-05
30 11 1.169680e-04
30 12 1.701690e-04
30 13 2.490860e-04
30 14 3.687090e-04
30 15 5.497490e-04
30 16 8.314160e-04
30 17 1.274040e-03
30 18 1.984040e-03
30 19 3.143510e-03
30 20 5.084860e-03
30 21 8.384750e-03
30 22 1.410120e-02
30 23 2.413510e-02
30 24 4.196930e-02
30 25 7.402990e-02
30 26 1.321450e-01
30 27 2.374830e-01
30 28 4.266130e-01
30 29 7.592550e-01
30 30 1.146030e+00
30 31 9.658950e-01
30 32 6.050510e-01
30 33 3.065180e-01
30 34 1.176560e-01
30 35 3.152270e-02
30 36 5.313480e-03
30 37 4.944470e-04
30 38 2.249490e-05
30 39 9.295180e-07
30 40 1.554220e-08
31 1 3.446350e-06
31 2 1.764960e-06
31 3 2.655170e-06
31 4 3.664710e-06
31 5 5.285250e-06
31 6 7.555080e-06
31 7 1.077320e-05
31 8 1.548010e-05
31 9 2.217010e-05
31 10 3.214840e-05
31 11 4.663860e-05
31 12 6.817490e-05
31 13 1.003750e-04
31 14 1.496290e-04
31 15 2.249580e-04
31 16 3.435870e-04
31 17 5.327120e-04
31 18 8.410660e-04
31 19 1.353870e-03
31 20 2.230680e-03
31 21 3.759530e-03
31 22 6.488980e-03
31 23 1.143300e-02
31 24 2.049600e-02
31 25 3.731150e-02
31 26 6.891680e-02
31 27 1.287860e-01
31 28 2.417460e-01
31 29 4.513310e-01
31 30 8.283790e-01
31 31 1.252630e+00
31 32 9.761780e-01
31 33 5.351050e-01
31 34 2.260090e-01
31 35 6.786890e-02
31 36 1.307920e-02
31 37 1.421260e-03
31 38 7.451090e-05
31 39 2.056490e-06
31 40 3.772130e-08
32 1 7.669100e-07
32 2 4.389960e-07
32 3 7.229900e-07
32 4 1.084540e-06
32 5 1.653880e-06
32 6 2.426490e-06
32 7 3.495810e-06
32 8 5.042030e-06
32 9 7.243140e-06
32 10 1.053920e-05
32 11 1.535150e-05
32 12 2.255220e-05
32 13 3.340680e-05
32 14 5.017420e-05
32 15 7.614060e-05
32 16 1.176200e-04
32 17 1.848620e-04
32 18 2.966800e-04
32 19 4.870090e-04
32 20 8.213040e-04
32 21 1.422650e-03
32 22 2.536560e-03
32 23 4.647530e-03
32 24 8.709590e-03
32 25 1.658630e-02
32 26 3.193510e-02
32 27 6.230750e-02
32 28 1.229640e-01
32 29 2.430340e-01
32 30 4.744790e-01
32 31 9.013300e-01
32 32 1.364170e+00
32 33 9.693440e-01
32 34 4.524490e-01
32 35 1.534720e-01
32 36 3.420850e-02
32 37 4.414360e-03
32 38 2.807240e-04
32 39 7.849360e-06
32 40 1.751350e-07
33 1 1.364160e-07
33 2 7.808960e-08
33 3 1.291980e-07
33 4 1.976390e-07
33 5 3.166800e-07
33 6 5.029780e-07
33 7 7.920580e-07
33 8 1.236310e-06
33 9 1.859400e-06
33 10 2.762890e-06
33 11 4.066220e-06
33 12 6.014380e-06
33 13 8.975360e-06
33 14 1.360070e-05
33 15 2.086300e-05
33 16 3.265410e-05
33 17 5.214860e-05
33 18 8.532160e-05
33 19 1.433340e-04
33 20 2.484270e-04
33 21 4.443660e-04
33 22 8.226490e-04
33 23 1.575700e-03
33 24 3.114680e-03
33 25 6.296700e-03
33 26 1.280190e-02
33 27 2.625160e-02
33 28 5.466130e-02
33 29 1.150870e-01
33 30 2.415140e-01
33 31 4.960630e-01
33 32 9.778810e-01
33 33 1.477860e+00
33 34 9.418570e-01
33 35 3.625320e-01
33 36 9.436900e-02
33 37 1.466030e-02
33 38 1.160400e-03
33 39 3.902220e-05
33 40 7.766830e-07
34 1 2.044130e-08
34 2 1.170130e-08
34 3 1.935970e-08
34 4 2.961510e-08
34 5 4.745290e-08
34 6 7.538390e-08
34 7 1.192240e-07
34 8 1.894770e-07
34 9 2.990670e-07
34 10 4.758280e-07
34 11 7.527070e-07
34 12 1.183990e-06
34 13 1.831420e-06
34 14 2.829680e-06
34 15 4.410700e-06
34 16 7.024020e-06
34 17 1.144370e-05
34 18 1.916280e-05
34 19 3.305760e-05
34 20 5.905080e-05
34 21 1.092940e-04
34 22 2.102330e-04
34 23 4.203500e-04
34 24 8.731470e-04
34 25 1.878130e-03
34 26 4.138790e-03
34 27 9.151820e-03
34 28 2.039060e-02
34 29 4.616390e-02
34 30 1.052910e-01
34 31 2.372580e-01
34 32 5.162960e-01
34 33 1.058990e+00
34 34 1.591070e+00
34 35 8.918510e-01
34 36 2.725590e-01
34 37 5.158690e-02
34 38 5.171890e-03
34 39 2.253280e-04
34 40 4.460600e-06
35 1 3.092880e-09
35 2 1.770480e-09
35 3 2.929240e-09
35 4 4.480940e-09
35 5 7.179900e-09
35 6 1.140600e-08
35 7 1.803930e-08
35 8 2.866900e-08
35 9 4.525060e-08
35 10 7.199650e-08
35 11 1.139830e-07
35 12 1.806210e-07
35 13 2.859490e-07
35 14 4.539450e-07
35 15 7.193520e-07
35 16 1.155330e-06
35 17 1.903770e-06
35 18 3.242280e-06
35 19 5.738160e-06
35 20 1.060970e-05
35 21 2.042390e-05
35 22 4.097120e-05
35 23 8.566760e-05
35 24 1.867700e-04
35 25 4.239460e-04
35 26 9.902780e-04
35 27 2.363450e-03
35 28 5.805020e-03
35 29 1.460390e-02
35 30 3.712890e-02
35 31 9.377690e-02
35 32 2.301270e-01
35 33 5.347570e-01
35 34 1.143520e+00
35 35 1.700770e+00
35 36 8.204800e-01
35 37 1.900460e-01
35 38 2.447300e-02
35 39 1.439970e-03
35 40 3.195680e-05
36 1 5.381600e-10
36 2 3.080600e-10
36 3 5.096900e-10
36 4 7.796800e-10
36 5 1.249310e-09
36 6 1.984650e-09
36 7 3.138840e-09
36 8 4.988410e-09
36 9 7.873620e-09
36 10 1.252740e-08
36 11 1.983300e-08
36 12 3.142820e-08
36 13 4.975530e-08
36 14 7.898600e-08
36 15 1.250190e-07
36 16 1.983060e-07
36 17 3.142940e-07
36 18 4.984030e-07
36 19 7.996110e-07
36 20 1.361340e-06
36 21 2.530170e-06
36 22 5.175790e-06
36 23 1.146830e-05
36 24 2.710910e-05
36 25 6.792500e-05
36 26 1.792240e-04
36 27 4.848580e-04
36 28 1.311250e-03
36 29 3.580240e-03
36 30 1.001040e-02
36 31 2.846410e-02
36 32 8.027230e-02
36 33 2.176540e-01
36 34 5.474630e-01
36 35 1.230840e+00
36 36 1.807660e+00
36 37 7.305580e-01
36 38 1.209990e-01
36 39 9.784610e-03
36 40 3.062490e-04
37 1 1.258200e-10
37 2 7.202500e-11
37 3 1.191700e-10
37 4 1.822900e-10
37 5 2.920900e-10
37 6 4.640100e-10
37 7 7.338600e-10
37 8 1.166290e-09
37 9 1.840860e-09
37 10 2.928920e-09
37 11 4.636960e-09
37 12 7.347930e-09
37 13 1.163280e-08
37 14 1.846700e-08
37 15 2.922940e-08
37 16 4.636410e-08
37 17 7.348200e-08
37 18 1.164700e-07
37 19 1.844630e-07
37 20 2.925140e-07
37 21 4.637670e-07
37 22 7.423080e-07
37 23 1.276820e-06
37 24 2.671820e-06
37 25 6.786020e-06
37 26 1.990390e-05
37 27 6.365910e-05
37 28 2.069130e-04
37 29 6.582820e-04
37 30 2.059150e-03
37 31 6.476040e-03
37 32 2.078900e-02
37 33 6.640490e-02
37 34 2.019800e-01
37 35 5.563930e-01
37 36 1.321300e+00
37 37 1.905260e+00
37 38 6.263610e-01
37 39 6.935970e-02
37 40 3.249700e-03
38 1 3.362500e-11
38 2 1.924800e-11
38 3 3.184600e-11
38 4 4.871600e-11
38 5 7.805900e-11
38 6 1.240000e-10
38 7 1.961200e-10
38 8 3.116800e-10
38 9 4.919600e-10
38 10 7.827400e-10
38 11 1.239200e-09
38 12 1.963690e-09
38 13 3.108800e-09
38 14 4.935190e-09
38 15 7.811380e-09
38 16 1.239050e-08
38 17 1.963760e-08
38 18 3.112600e-08
38 19 4.929670e-08
38 20 7.817260e-08
38 21 1.238670e-07
38 22 1.963550e-07
38 23 3.113150e-07
38 24 4.998630e-07
38 25 8.611570e-07
38 26 1.886050e-06
38 27 5.958970e-06
38 28 2.384350e-05
38 29 9.200890e-05
38 30 3.242730e-04
38 31 1.117110e-03
38 32 3.940800e-03
38 33 1.440530e-02
38 34 5.293340e-02
38 35 1.837320e-01
38 36 5.614970e-01
38 37 1.414470e+00
38 38 1.989380e+00
38 39 5.156290e-01
38 40 3.602620e-02
39 1 1.844200e-11
39 2 1.055700e-11
39 3 1.746600e-11
39 4 2.671800e-11
39 5 4.281100e-11
39 6 6.801000e-11
39 7 1.075600e-10
39 8 1.709400e-10
39 9 2.698100e-10
39 10 4.292900e-10
39 11 6.796400e-10
39 12 1.076980e-09
39 13 1.705020e-09
39 14 2.706700e-09
39 15 4.284150e-09
39 16 6.795580e-09
39 17 1.077020e-08
39 18 1.707100e-08
39 19 2.703680e-08
39 20 4.287370e-08
39 21 6.793460e-08
39 22 1.076910e-07
39 23 1.706780e-07
39 24 2.704730e-07
39 25 4.286940e-07
39 26 6.810350e-07
39 27 1.139790e-06
39 28 2.465610e-06
39 29 8.828830e-06
39 30 3.704850e-05
39 31 1.438900e-04
39 32 5.502910e-04
39 33 2.198590e-03
39 34 9.335850e-03
39 35 4.041760e-02
39 36 1.636980e-01
39 37 5.632330e-01
39 38 1.510010e+00
39 39 2.055840e+00
39 40 4.224370e-01
40 1 9.726300e-12
40 2 5.567700e-12
40 3 9.211700e-12
40 4 1.409100e-11
40 5 2.257900e-11
40 6 3.586900e-11
40 7 5.672900e-11
40 8 9.015600e-11
40 9 1.423000e-10
40 10 2.264100e-10
40 11 3.584500e-10
40 12 5.680100e-10
40 13 8.992400e-10
40 14 1.427530e-09
40 15 2.259480e-09
40 16 3.584030e-09
40 17 5.680280e-09
40 18 9.003360e-09
40 19 1.425930e-08
40 20 2.261190e-08
40 21 3.582910e-08
40 22 5.679670e-08
40 23 9.001630e-08
40 24 1.426490e-07
40 25 2.260960e-07
40 26 3.583350e-07
40 27 5.679180e-07
40 28 9.003940e-07
40 29 1.481040e-06
40 30 3.228270e-06
40 31 1.071030e-05
40 32 4.249450e-05
40 33 1.907100e-04
40 34 9.539210e-04
40 35 5.199840e-03
40 36 2.862820e-02
40 37 1.420740e-01
40 38 5.630620e-01
40 39 1.609340e+00
40 40 2.413950e+00
