1 6.063450e+01
2 6.010610e+01
3 5.956560e+01
4 5.901250e+01
5 5.844640e+01
6 5.786720e+01
7 5.727450e+01
8 5.666790e+01
9 5.604720e+01
10 5.541220e+01
11 5.476220e+01
12 5.409710e+01
13 5.341670e+01
14 5.272020e+01
15 5.200760e+01
16 5.127850e+01
17 5.053230e+01
18 4.979230e+01
19 4.926700e+01
20 4.878810e+01
21 4.829810e+01
22 4.779670e+01
23 4.728360e+01
24 4.675850e+01
25 4.622130e+01
26 4.567140e+01
27 4.510880e+01
28 4.453310e+01
29 4.394400e+01
30 4.334110e+01
31 4.280440e+01
32 4.237430e+01
33 4.193520e+01
34 4.148600e+01
35 4.102620e+01
36 4.055570e+01
37 4.007440e+01
38 3.958180e+01
39 3.907760e+01
40 3.856560e+01
41 3.816280e+01
42 3.780870e+01
43 3.744630e+01
44 3.707550e+01
45 3.669610e+01
46 3.630780e+01
47 3.591050e+01
48 3.550400e+01
49 3.508790e+01
50 3.466210e+01
51 3.422650e+01
52 3.378070e+01
53 3.332450e+01
54 3.285770e+01
55 3.241000e+01
56 3.207980e+01
57 3.175640e+01
58 3.142530e+01
59 3.108660e+01
60 3.074000e+01
61 3.038530e+01
62 3.002230e+01
63 2.965100e+01
64 2.927090e+01
65 2.888200e+01
66 2.850560e+01
67 2.818840e+01
68 2.786870e+01
69 2.754150e+01
70 2.720700e+01
71 2.689420e+01
72 2.659430e+01
73 2.628740e+01
74 2.597330e+01
75 2.567930e+01
76 2.541020e+01
77 2.513490e+01
78 2.485320e+01
79 2.456490e+01
80 2.426990e+01
81 2.396800e+01
82 2.367480e+01
83 2.341970e+01
84 2.316140e+01
85 2.289700e+01
86 2.262650e+01
87 2.235080e+01
88 2.209910e+01
89 2.185540e+01
90 2.160590e+01
91 2.135060e+01
92 2.109260e+01
93 2.086610e+01
94 2.064510e+01
95 2.041900e+01
96 2.018770e+01
97 1.995090e+01
98 1.970860e+01
99 1.946070e+01
100 1.920700e+01
101 1.899610e+01
102 1.882950e+01
103 1.865900e+01
104 1.848450e+01
105 1.830590e+01
106 1.812320e+01
107 1.793620e+01
108 1.774490e+01
109 1.754910e+01
110 1.734880e+01
111 1.714380e+01
112 1.693400e+01
113 1.671940e+01
114 1.649970e+01
115 1.627490e+01
116 1.604490e+01
117 1.580950e+01
118 1.557610e+01
119 1.541060e+01
120 1.525990e+01
121 1.510560e+01
122 1.494770e+01
123 1.478620e+01
124 1.462080e+01
125 1.445170e+01
126 1.427860e+01
127 1.410140e+01
128 1.392020e+01
129 1.373470e+01
130 1.354490e+01
131 1.337590e+01
132 1.324030e+01
133 1.310190e+01
134 1.296030e+01
135 1.281540e+01
136 1.266710e+01
137 1.251540e+01
138 1.236020e+01
139 1.220130e+01
140 1.203990e+01
141 1.191310e+01
142 1.180160e+01
143 1.168760e+01
144 1.157090e+01
145 1.145150e+01
146 1.132930e+01
147 1.120430e+01
148 1.107640e+01
149 1.094540e+01
150 1.081150e+01
151 1.067440e+01
152 1.053410e+01
153 1.039050e+01
154 1.024360e+01
155 1.010280e+01
156 9.999170e+00
157 9.897690e+00
158 9.793840e+00
159 9.687560e+00
160 9.578820e+00
161 9.467540e+00
162 9.353650e+00
163 9.237140e+00
164 9.117900e+00
165 8.995880e+00
166 8.877790e+00
167 8.778330e+00
168 8.678090e+00
169 8.575500e+00
170 8.470600e+00
171 8.372350e+00
172 8.278040e+00
173 8.181520e+00
174 8.082740e+00
175 7.990240e+00
176 7.905500e+00
177 7.818830e+00
178 7.730130e+00
179 7.639360e+00
180 7.546480e+00
181 7.451440e+00
182 7.359260e+00
183 7.279450e+00
184 7.198640e+00
185 7.115940e+00
186 7.031330e+00
187 6.944750e+00
188 6.858160e+00
189 6.782140e+00
190 6.706500e+00
191 6.629120e+00
192 6.549920e+00
193 6.468890e+00
194 6.393590e+00
195 6.322640e+00
196 6.250040e+00
197 6.175750e+00
198 6.099960e+00
199 6.028700e+00
200 5.958580e+00
201 5.897410e+00
202 5.845520e+00
203 5.792420e+00
204 5.738090e+00
205 5.682480e+00
206 5.625580e+00
207 5.567360e+00
208 5.507780e+00
209 5.446810e+00
210 5.384430e+00
211 5.320580e+00
212 5.255260e+00
213 5.188410e+00
214 5.120000e+00
215 5.050000e+00
216 4.978380e+00
217 4.905080e+00
218 4.832430e+00
219 4.781310e+00
220 4.734860e+00
221 4.687330e+00
222 4.638700e+00
223 4.588930e+00
224 4.538000e+00
225 4.485900e+00
226 4.432570e+00
227 4.378000e+00
228 4.322160e+00
229 4.265020e+00
230 4.206540e+00
231 4.154060e+00
232 4.111270e+00
233 4.067590e+00
234 4.022890e+00
235 3.977140e+00
236 3.930330e+00
237 3.882440e+00
238 3.833420e+00
239 3.789850e+00
240 3.752500e+00
241 3.714280e+00
242 3.675170e+00
243 3.635150e+00
244 3.594200e+00
245 3.552300e+00
246 3.509410e+00
247 3.465530e+00
248 3.421370e+00
249 3.388910e+00
250 3.360320e+00
251 3.331060e+00
252 3.301120e+00
253 3.270490e+00
254 3.239130e+00
255 3.207050e+00
256 3.174230e+00
257 3.140630e+00
258 3.106260e+00
259 3.071090e+00
260 3.035090e+00
261 2.998250e+00
262 2.960570e+00
263 2.921990e+00
264 2.882520e+00
265 2.842140e+00
266 2.804060e+00
267 2.775340e+00
268 2.746690e+00
269 2.717370e+00
270 2.687390e+00
271 2.658370e+00
272 2.631110e+00
273 2.603780e+00
274 2.575820e+00
275 2.549760e+00
276 2.526050e+00
277 2.501810e+00
278 2.477000e+00
279 2.451600e+00
280 2.425620e+00
281 2.399040e+00
282 2.373370e+00
283 2.351490e+00
284 2.329370e+00
285 2.306720e+00
286 2.283560e+00
287 2.259850e+00
288 2.236180e+00
289 2.215610e+00
290 2.195200e+00
291 2.174310e+00
292 2.152930e+00
293 2.131060e+00
294 2.110930e+00
295 2.092130e+00
296 2.072900e+00
297 2.053220e+00
298 2.033120e+00
299 2.013900e+00
300 1.994830e+00
301 1.976970e+00
302 1.960380e+00
303 1.943410e+00
304 1.926040e+00
305 1.908260e+00
306 1.890080e+00
307 1.871460e+00
308 1.852430e+00
309 1.835170e+00
310 1.819160e+00
311 1.802770e+00
312 1.786000e+00
313 1.768830e+00
314 1.751270e+00
315 1.733300e+00
316 1.714910e+00
317 1.696090e+00
318 1.676980e+00
319 1.658880e+00
320 1.640730e+00
321 1.622150e+00
322 1.603140e+00
323 1.583690e+00
324 1.564290e+00
325 1.545030e+00
326 1.525370e+00
327 1.505470e+00
328 1.485150e+00
329 1.464730e+00
330 1.444080e+00
331 1.422980e+00
332 1.401450e+00
333 1.379610e+00
334 1.357690e+00
335 1.335500e+00
336 1.313370e+00
337 1.291040e+00
338 1.268570e+00
339 1.245850e+00
340 1.223450e+00
341 1.200940e+00
342 1.178140e+00
343 1.155450e+00
344 1.132750e+00
345 1.110260e+00
346 1.087970e+00
347 1.065400e+00
348 1.042430e+00
349 1.021070e+00
350 9.999730e-01
351 9.787830e-01
352 9.596870e-01
353 9.406030e-01
354 9.226950e-01
355 9.071870e-01
356 8.917170e-01
357 8.797260e-01
358 8.685020e-01
359 8.598310e-01
360 8.535680e-01
361 8.486470e-01
362 8.467800e-01
363 8.455110e-01
364 8.459360e-01
365 8.460920e-01
366 8.448530e-01
367 8.417280e-01
368 8.338380e-01
369 8.220130e-01
370 8.042700e-01
371 7.813680e-01
372 7.543900e-01
373 7.236010e-01
374 6.911370e-01
375 6.575470e-01
376 6.244140e-01
377 5.918430e-01
378 5.609530e-01
379 5.335050e-01
380 5.074610e-01
381 4.808070e-01
382 4.554490e-01
383 4.349570e-01
384 4.143140e-01
385 3.938640e-01
386 3.772110e-01
387 3.609150e-01
388 3.447140e-01
389 3.310840e-01
390 3.176670e-01
391 3.051010e-01
392 2.939090e-01
393 2.831410e-01
394 2.732580e-01
395 2.640890e-01
396 2.553310e-01
397 2.473940e-01
398 2.397670e-01
399 2.328390e-01
400 2.262920e-01
401 2.209550e-01
402 2.166810e-01
403 2.134000e-01
404 2.117600e-01
405 2.108380e-01
406 2.111380e-01
407 2.120780e-01
408 2.138460e-01
409 2.162190e-01
410 2.191300e-01
411 2.232390e-01
412 2.282460e-01
413 2.350890e-01
414 2.432720e-01
415 2.529440e-01
416 2.643230e-01
417 2.770460e-01
418 2.918240e-01
419 3.127110e-01
420 3.406810e-01
421 3.759990e-01
422 4.165110e-01
423 4.572240e-01
424 4.928520e-01
425 5.170320e-01
426 5.246910e-01
427 5.219950e-01
428 5.110210e-01
429 4.942200e-01
430 4.733160e-01
431 4.477690e-01
432 4.179090e-01
433 3.872670e-01
434 3.580150e-01
435 3.335810e-01
436 3.153380e-01
437 3.012510e-01
438 2.900260e-01
439 2.829280e-01
440 2.857850e-01
441 3.006490e-01
442 3.198990e-01
443 3.392000e-01
444 3.653860e-01
445 3.931100e-01
446 3.835450e-01
447 3.586260e-01
448 3.349610e-01
449 3.145030e-01
450 2.969820e-01
451 2.837910e-01
452 2.822470e-01
453 2.890290e-01
454 3.006460e-01
455 3.140880e-01
456 3.281370e-01
457 3.426680e-01
458 3.576840e-01
459 3.615540e-01
460 3.548340e-01
461 3.391410e-01
462 3.043400e-01
463 2.734070e-01
464 2.581930e-01
465 2.410440e-01
466 2.183120e-01
467 1.969020e-01
468 1.811160e-01
469 1.664100e-01
470 1.531630e-01
471 1.422190e-01
472 1.328100e-01
473 1.232870e-01
474 1.150730e-01
475 1.122740e-01
476 1.132650e-01
477 1.148850e-01
478 1.161200e-01
479 1.173000e-01
480 1.181710e-01
481 1.182500e-01
482 1.175430e-01
483 1.161740e-01
484 1.139310e-01
485 1.103030e-01
486 1.053780e-01
487 9.982050e-02
488 9.407810e-02
489 8.847430e-02
490 8.328750e-02
491 7.860330e-02
492 7.423450e-02
493 7.031120e-02
494 6.677250e-02
495 6.354970e-02
496 6.058060e-02
497 5.784440e-02
498 5.536300e-02
499 5.314840e-02
500 5.120810e-02
