1 6.714780e-02
2 6.714760e-02
3 6.714740e-02
4 6.714710e-02
5 6.714690e-02
6 6.714660e-02
7 6.714640e-02
8 6.714610e-02
9 6.714580e-02
10 6.714560e-02
11 6.714530e-02
12 6.714500e-02
13 6.714470e-02
14 6.714440e-02
15 6.714410e-02
16 6.714380e-02
17 6.714350e-02
18 6.714320e-02
19 6.714280e-02
20 6.714250e-02
21 6.714210e-02
22 6.714180e-02
23 6.714140e-02
24 6.714110e-02
25 6.714070e-02
26 6.714030e-02
27 6.713990e-02
28 6.713950e-02
29 6.713900e-02
30 6.713860e-02
31 6.713820e-02
32 6.713770e-02
33 6.713730e-02
34 6.713680e-02
35 6.713630e-02
36 6.713580e-02
37 6.713530e-02
38 6.713480e-02
39 6.713430e-02
40 6.713370e-02
41 6.713320e-02
42 6.713260e-02
43 6.713210e-02
44 6.713150e-02
45 6.713090e-02
46 6.713030e-02
47 6.712960e-02
48 6.712900e-02
49 6.712830e-02
50 6.712770e-02
51 6.712700e-02
52 6.712630e-02
53 6.712560e-02
54 6.712480e-02
55 6.712410e-02
56 6.712330e-02
57 6.712250e-02
58 6.712170e-02
59 6.712090e-02
60 6.712000e-02
61 6.711910e-02
62 6.711830e-02
63 6.711730e-02
64 6.711640e-02
65 6.711550e-02
66 6.711450e-02
67 6.711350e-02
68 6.711250e-02
69 6.711140e-02
70 6.711040e-02
71 6.710930e-02
72 6.710820e-02
73 6.710700e-02
74 6.710590e-02
75 6.710460e-02
76 6.710340e-02
77 6.710220e-02
78 6.710090e-02
79 6.709960e-02
80 6.709820e-02
81 6.709690e-02
82 6.709550e-02
83 6.709400e-02
84 6.709250e-02
85 6.709100e-02
86 6.708950e-02
87 6.708790e-02
88 6.708630e-02
89 6.708460e-02
90 6.708300e-02
91 6.708120e-02
92 6.707950e-02
93 6.707760e-02
94 6.707580e-02
95 6.707390e-02
96 6.707200e-02
97 6.707000e-02
98 6.706790e-02
99 6.706590e-02
100 6.706380e-02
101 6.706160e-02
102 6.705950e-02
103 6.705720e-02
104 6.705490e-02
105 6.705260e-02
106 6.705020e-02
107 6.704780e-02
108 6.704520e-02
109 6.704270e-02
110 6.704000e-02
111 6.703740e-02
112 6.703460e-02
113 6.703180e-02
114 6.702890e-02
115 6.702590e-02
116 6.702290e-02
117 6.701980e-02
118 6.701670e-02
119 6.701340e-02
120 6.701010e-02
121 6.700670e-02
122 6.700330e-02
123 6.699970e-02
124 6.699610e-02
125 6.699240e-02
126 6.698860e-02
127 6.698470e-02
128 6.698070e-02
129 6.697660e-02
130 6.697250e-02
131 6.696820e-02
132 6.696380e-02
133 6.695940e-02
134 6.695480e-02
135 6.695010e-02
136 6.694540e-02
137 6.694050e-02
138 6.693540e-02
139 6.693030e-02
140 6.692510e-02
141 6.691970e-02
142 6.691420e-02
143 6.690860e-02
144 6.690280e-02
145 6.689700e-02
146 6.689090e-02
147 6.688470e-02
148 6.687840e-02
149 6.687200e-02
150 6.686540e-02
151 6.685860e-02
152 6.685170e-02
153 6.684460e-02
154 6.683740e-02
155 6.683000e-02
156 6.682240e-02
157 6.681460e-02
158 6.680670e-02
159 6.679860e-02
160 6.679020e-02
161 6.678170e-02
162 6.677300e-02
163 6.676410e-02
164 6.675500e-02
165 6.674570e-02
166 6.673620e-02
167 6.672670e-02
168 6.671710e-02
169 6.670720e-02
170 6.669710e-02
171 6.668670e-02
172 6.667610e-02
173 6.666530e-02
174 6.665420e-02
175 6.664280e-02
176 6.663120e-02
177 6.661930e-02
178 6.660710e-02
179 6.659470e-02
180 6.658190e-02
181 6.656890e-02
182 6.655560e-02
183 6.654190e-02
184 6.652790e-02
185 6.651360e-02
186 6.649900e-02
187 6.648400e-02
188 6.646870e-02
189 6.645310e-02
190 6.643700e-02
191 6.642060e-02
192 6.640380e-02
193 6.638660e-02
194 6.636900e-02
195 6.635100e-02
196 6.633260e-02
197 6.631380e-02
198 6.629450e-02
199 6.627480e-02
200 6.625460e-02
201 6.623390e-02
202 6.621280e-02
203 6.619110e-02
204 6.616900e-02
205 6.614630e-02
206 6.612320e-02
207 6.609940e-02
208 6.607510e-02
209 6.605030e-02
210 6.602490e-02
211 6.599890e-02
212 6.597230e-02
213 6.594500e-02
214 6.591720e-02
215 6.588860e-02
216 6.585940e-02
217 6.582960e-02
218 6.579910e-02
219 6.576850e-02
220 6.573750e-02
221 6.570570e-02
222 6.567310e-02
223 6.563980e-02
224 6.560570e-02
225 6.557090e-02
226 6.553520e-02
227 6.549870e-02
228 6.546130e-02
229 6.542310e-02
230 6.538400e-02
231 6.534440e-02
232 6.530460e-02
233 6.526390e-02
234 6.522220e-02
235 6.517960e-02
236 6.513590e-02
237 6.509130e-02
238 6.504560e-02
239 6.499880e-02
240 6.495100e-02
241 6.490200e-02
242 6.485190e-02
243 6.480060e-02
244 6.474820e-02
245 6.469450e-02
246 6.463950e-02
247 6.458330e-02
248 6.452590e-02
249 6.446960e-02
250 6.441270e-02
251 6.435450e-02
252 6.429500e-02
253 6.423410e-02
254 6.417170e-02
255 6.410790e-02
256 6.404270e-02
257 6.397590e-02
258 6.390750e-02
259 6.383760e-02
260 6.376600e-02
261 6.369280e-02
262 6.361780e-02
263 6.354110e-02
264 6.346260e-02
265 6.338230e-02
266 6.330290e-02
267 6.323040e-02
268 6.315670e-02
269 6.308140e-02
270 6.300430e-02
271 6.292540e-02
272 6.284460e-02
273 6.276200e-02
274 6.267740e-02
275 6.259090e-02
276 6.250240e-02
277 6.241180e-02
278 6.231910e-02
279 6.222420e-02
280 6.212710e-02
281 6.202780e-02
282 6.192610e-02
283 6.182210e-02
284 6.171570e-02
285 6.160670e-02
286 6.149530e-02
287 6.138120e-02
288 6.126850e-02
289 6.117780e-02
290 6.108920e-02
291 6.099850e-02
292 6.090570e-02
293 6.081070e-02
294 6.071360e-02
295 6.061410e-02
296 6.051240e-02
297 6.040830e-02
298 6.030180e-02
299 6.019270e-02
300 6.008120e-02
301 5.998890e-02
302 5.991640e-02
303 5.984220e-02
304 5.976630e-02
305 5.968860e-02
306 5.960910e-02
307 5.952780e-02
308 5.944480e-02
309 5.939730e-02
310 5.937640e-02
311 5.935490e-02
312 5.933300e-02
313 5.931060e-02
314 5.928770e-02
315 5.926420e-02
316 5.924010e-02
317 5.921550e-02
318 5.919820e-02
319 5.925670e-02
320 5.933580e-02
321 5.941680e-02
322 5.949970e-02
323 5.958450e-02
324 5.967120e-02
325 5.976000e-02
326 5.986260e-02
327 6.004650e-02
328 6.024950e-02
329 6.045720e-02
330 6.066970e-02
331 6.092540e-02
332 6.124370e-02
333 6.156980e-02
334 6.190360e-02
335 6.227630e-02
336 6.273230e-02
337 6.320210e-02
338 6.368280e-02
339 6.423590e-02
340 6.486880e-02
341 6.551640e-02
342 6.619860e-02
343 6.701350e-02
344 6.786670e-02
345 6.874760e-02
346 6.978650e-02
347 7.089990e-02
348 7.204970e-02
349 7.340330e-02
350 7.485270e-02
351 7.637400e-02
352 7.817550e-02
353 8.006260e-02
354 8.214370e-02
355 8.453450e-02
356 8.701940e-02
357 8.992870e-02
358 9.300640e-02
359 9.642940e-02
360 1.001860e-01
361 1.041490e-01
362 1.084560e-01
363 1.128710e-01
364 1.173900e-01
365 1.216990e-01
366 1.250330e-01
367 1.283560e-01
368 1.317570e-01
369 1.339660e-01
370 1.341920e-01
371 1.343960e-01
372 1.344640e-01
373 1.332060e-01
374 1.315920e-01
375 1.299440e-01
376 1.283870e-01
377 1.268610e-01
378 1.253150e-01
379 1.243150e-01
380 1.235930e-01
381 1.228540e-01
382 1.223100e-01
383 1.223560e-01
384 1.224400e-01
385 1.225920e-01
386 1.231600e-01
387 1.238130e-01
388 1.245210e-01
389 1.254920e-01
390 1.265270e-01
391 1.276300e-01
392 1.288880e-01
393 1.301840e-01
394 1.315580e-01
395 1.330030e-01
396 1.344850e-01
397 1.360160e-01
398 1.375840e-01
399 1.391700e-01
400 1.407850e-01
401 1.406280e-01
402 1.386350e-01
403 1.365950e-01
404 1.345070e-01
405 1.325060e-01
406 1.306860e-01
407 1.288280e-01
408 1.269330e-01
409 1.260530e-01
410 1.259390e-01
411 1.258240e-01
412 1.259300e-01
413 1.269610e-01
414 1.281150e-01
415 1.293290e-01
416 1.309050e-01
417 1.326030e-01
418 1.356050e-01
419 1.510680e-01
420 1.700720e-01
421 1.892420e-01
422 2.077650e-01
423 2.266020e-01
424 2.437150e-01
425 2.586310e-01
426 2.724090e-01
427 2.765470e-01
428 2.788810e-01
429 2.797850e-01
430 2.797550e-01
431 2.772970e-01
432 2.711650e-01
433 2.631360e-01
434 2.510680e-01
435 2.364970e-01
436 2.166400e-01
437 1.959230e-01
438 1.743160e-01
439 1.575880e-01
440 1.466070e-01
441 1.449020e-01
442 1.481010e-01
443 1.540620e-01
444 1.609100e-01
445 1.684220e-01
446 1.764650e-01
447 1.852490e-01
448 1.953050e-01
449 2.076930e-01
450 2.217120e-01
451 2.369820e-01
452 2.522440e-01
453 2.673460e-01
454 2.821100e-01
455 2.945250e-01
456 2.964880e-01
457 2.876080e-01
458 2.858910e-01
459 2.960170e-01
460 3.115560e-01
461 3.249850e-01
462 3.358330e-01
463 3.470520e-01
464 3.590660e-01
465 3.716220e-01
466 3.845730e-01
467 3.978100e-01
468 4.111010e-01
469 4.212830e-01
470 4.223430e-01
471 4.140520e-01
472 3.994250e-01
473 3.848630e-01
474 3.718360e-01
475 3.608390e-01
476 3.529840e-01
477 3.477400e-01
478 3.460600e-01
479 3.489830e-01
480 3.549390e-01
481 3.652790e-01
482 3.790560e-01
483 3.940490e-01
484 4.095930e-01
485 4.257320e-01
486 4.428260e-01
487 4.603610e-01
488 4.770610e-01
489 4.888180e-01
490 4.969010e-01
491 5.042800e-01
492 5.122020e-01
493 5.202660e-01
494 5.285750e-01
495 5.372960e-01
496 5.466630e-01
497 5.569990e-01
498 5.680890e-01
499 5.793870e-01
500 5.902500e-01
