1 6.061460e+01
2 6.008650e+01
3 5.954630e+01
4 5.899340e+01
5 5.842760e+01
6 5.784870e+01
7 5.725630e+01
8 5.664990e+01
9 5.602960e+01
10 5.539480e+01
11 5.474520e+01
12 5.408040e+01
13 5.340030e+01
14 5.270420e+01
15 5.199190e+01
16 5.126310e+01
17 5.051730e+01
18 4.977770e+01
19 4.925280e+01
20 4.877440e+01
21 4.828490e+01
22 4.778400e+01
23 4.727140e+01
24 4.674690e+01
25 4.621020e+01
26 4.566090e+01
27 4.509880e+01
28 4.452380e+01
29 4.393520e+01
30 4.333290e+01
31 4.279660e+01
32 4.236660e+01
33 4.192770e+01
34 4.147860e+01
35 4.101890e+01
36 4.054860e+01
37 4.006730e+01
38 3.957480e+01
39 3.907080e+01
40 3.855890e+01
41 3.815620e+01
42 3.780220e+01
43 3.743990e+01
44 3.706920e+01
45 3.668990e+01
46 3.630160e+01
47 3.590440e+01
48 3.549790e+01
49 3.508200e+01
50 3.465630e+01
51 3.422080e+01
52 3.377510e+01
53 3.331890e+01
54 3.285220e+01
55 3.240470e+01
56 3.207470e+01
57 3.175150e+01
58 3.142070e+01
59 3.108220e+01
60 3.073590e+01
61 3.038150e+01
62 3.001880e+01
63 2.964770e+01
64 2.926790e+01
65 2.887930e+01
66 2.850310e+01
67 2.818620e+01
68 2.786680e+01
69 2.754000e+01
70 2.720570e+01
71 2.689300e+01
72 2.659310e+01
73 2.628610e+01
74 2.597200e+01
75 2.567790e+01
76 2.540880e+01
77 2.513350e+01
78 2.485180e+01
79 2.456340e+01
80 2.426840e+01
81 2.396660e+01
82 2.367350e+01
83 2.341860e+01
84 2.316060e+01
85 2.289650e+01
86 2.262630e+01
87 2.235080e+01
88 2.209930e+01
89 2.185550e+01
90 2.160600e+01
91 2.135070e+01
92 2.109270e+01
93 2.086610e+01
94 2.064490e+01
95 2.041870e+01
96 2.018720e+01
97 1.995020e+01
98 1.970780e+01
99 1.945970e+01
100 1.920580e+01
101 1.899480e+01
102 1.882820e+01
103 1.865760e+01
104 1.848320e+01
105 1.830460e+01
106 1.812180e+01
107 1.793490e+01
108 1.774350e+01
109 1.754770e+01
110 1.734740e+01
111 1.714240e+01
112 1.693260e+01
113 1.671790e+01
114 1.649820e+01
115 1.627340e+01
116 1.604340e+01
117 1.580800e+01
118 1.557460e+01
119 1.540910e+01
120 1.525840e+01
121 1.510420e+01
122 1.494640e+01
123 1.478490e+01
124 1.461960e+01
125 1.445050e+01
126 1.427750e+01
127 1.410040e+01
128 1.391920e+01
129 1.373380e+01
130 1.354400e+01
131 1.337500e+01
132 1.323950e+01
133 1.310110e+01
134 1.295950e+01
135 1.281460e+01
136 1.266640e+01
137 1.251470e+01
138 1.235940e+01
139 1.220060e+01
140 1.203920e+01
141 1.191240e+01
142 1.180100e+01
143 1.168690e+01
144 1.157020e+01
145 1.145090e+01
146 1.132870e+01
147 1.120370e+01
148 1.107570e+01
149 1.094480e+01
150 1.081080e+01
151 1.067380e+01
152 1.053350e+01
153 1.038990e+01
154 1.024310e+01
155 1.010230e+01
156 9.998640e+00
157 9.897190e+00
158 9.793350e+00
159 9.687100e+00
160 9.578390e+00
161 9.467140e+00
162 9.353280e+00
163 9.236790e+00
164 9.117580e+00
165 8.995580e+00
166 8.877520e+00
167 8.778100e+00
168 8.677890e+00
169 8.575330e+00
170 8.470460e+00
171 8.372220e+00
172 8.277900e+00
173 8.181380e+00
174 8.082600e+00
175 7.990090e+00
176 7.905350e+00
177 7.818680e+00
178 7.729980e+00
179 7.639200e+00
180 7.546320e+00
181 7.451280e+00
182 7.359110e+00
183 7.279300e+00
184 7.198500e+00
185 7.115810e+00
186 7.031200e+00
187 6.944630e+00
188 6.858040e+00
189 6.782020e+00
190 6.706400e+00
191 6.629020e+00
192 6.549820e+00
193 6.468800e+00
194 6.393500e+00
195 6.322560e+00
196 6.249970e+00
197 6.175690e+00
198 6.099900e+00
199 6.028620e+00
200 5.958470e+00
201 5.897280e+00
202 5.845380e+00
203 5.792290e+00
204 5.737950e+00
205 5.682340e+00
206 5.625440e+00
207 5.567220e+00
208 5.507630e+00
209 5.446670e+00
210 5.384280e+00
211 5.320440e+00
212 5.255110e+00
213 5.188260e+00
214 5.119850e+00
215 5.049840e+00
216 4.978220e+00
217 4.904920e+00
218 4.832280e+00
219 4.781150e+00
220 4.734710e+00
221 4.687190e+00
222 4.638560e+00
223 4.588800e+00
224 4.537880e+00
225 4.485780e+00
226 4.432450e+00
227 4.377890e+00
228 4.322060e+00
229 4.264930e+00
230 4.206460e+00
231 4.153980e+00
232 4.111200e+00
233 4.067510e+00
234 4.022820e+00
235 3.977080e+00
236 3.930270e+00
237 3.882380e+00
238 3.833370e+00
239 3.789800e+00
240 3.752440e+00
241 3.714220e+00
242 3.675120e+00
243 3.635090e+00
244 3.594140e+00
245 3.552240e+00
246 3.509350e+00
247 3.465470e+00
248 3.421300e+00
249 3.388850e+00
250 3.360260e+00
251 3.331000e+00
252 3.301060e+00
253 3.270430e+00
254 3.239070e+00
255 3.207000e+00
256 3.174170e+00
257 3.140580e+00
258 3.106210e+00
259 3.071030e+00
260 3.035040e+00
261 2.998210e+00
262 2.960520e+00
263 2.921950e+00
264 2.882480e+00
265 2.842100e+00
266 2.804020e+00
267 2.775310e+00
268 2.746670e+00
269 2.717360e+00
270 2.687380e+00
271 2.658360e+00
272 2.631100e+00
273 2.603770e+00
274 2.575800e+00
275 2.549740e+00
276 2.526040e+00
277 2.501790e+00
278 2.476980e+00
279 2.451590e+00
280 2.425610e+00
281 2.399020e+00
282 2.373350e+00
283 2.351480e+00
284 2.329350e+00
285 2.306710e+00
286 2.283550e+00
287 2.259840e+00
288 2.236170e+00
289 2.215600e+00
290 2.195190e+00
291 2.174300e+00
292 2.152920e+00
293 2.131050e+00
294 2.110920e+00
295 2.092120e+00
296 2.072890e+00
297 2.053210e+00
298 2.033120e+00
299 2.013900e+00
300 1.994820e+00
301 1.976970e+00
302 1.960380e+00
303 1.943400e+00
304 1.926030e+00
305 1.908260e+00
306 1.890070e+00
307 1.871460e+00
308 1.852420e+00
309 1.835170e+00
310 1.819150e+00
311 1.802760e+00
312 1.785990e+00
313 1.768830e+00
314 1.751270e+00
315 1.733300e+00
316 1.714910e+00
317 1.696090e+00
318 1.676980e+00
319 1.658880e+00
320 1.640730e+00
321 1.622150e+00
322 1.603140e+00
323 1.583690e+00
324 1.564290e+00
325 1.545030e+00
326 1.525370e+00
327 1.505470e+00
328 1.485150e+00
329 1.464730e+00
330 1.444080e+00
331 1.422980e+00
332 1.401450e+00
333 1.379610e+00
334 1.357690e+00
335 1.335500e+00
336 1.313360e+00
337 1.291040e+00
338 1.268570e+00
339 1.245850e+00
340 1.223450e+00
341 1.200940e+00
342 1.178140e+00
343 1.155450e+00
344 1.132750e+00
345 1.110260e+00
346 1.087960e+00
347 1.065400e+00
348 1.042430e+00
349 1.021070e+00
350 9.999700e-01
351 9.787800e-01
352 9.596830e-01
353 9.405990e-01
354 9.226900e-01
355 9.071820e-01
356 8.917120e-01
357 8.797210e-01
358 8.684960e-01
359 8.598260e-01
360 8.535630e-01
361 8.486430e-01
362 8.467760e-01
363 8.455090e-01
364 8.459370e-01
365 8.460940e-01
366 8.448570e-01
367 8.417340e-01
368 8.338460e-01
369 8.220210e-01
370 8.042770e-01
371 7.813730e-01
372 7.543940e-01
373 7.236030e-01
374 6.911370e-01
375 6.575460e-01
376 6.244120e-01
377 5.918400e-01
378 5.609490e-01
379 5.335000e-01
380 5.074560e-01
381 4.808010e-01
382 4.554430e-01
383 4.349510e-01
384 4.143100e-01
385 3.938600e-01
386 3.772070e-01
387 3.609110e-01
388 3.447110e-01
389 3.310820e-01
390 3.176660e-01
391 3.051010e-01
392 2.939090e-01
393 2.831410e-01
394 2.732580e-01
395 2.640890e-01
396 2.553310e-01
397 2.473940e-01
398 2.397670e-01
399 2.328390e-01
400 2.262920e-01
401 2.209550e-01
402 2.166810e-01
403 2.134000e-01
404 2.117600e-01
405 2.108380e-01
406 2.111380e-01
407 2.120780e-01
408 2.138460e-01
409 2.162190e-01
410 2.191300e-01
411 2.232390e-01
412 2.282460e-01
413 2.350890e-01
414 2.432720e-01
415 2.529440e-01
416 2.643230e-01
417 2.770460e-01
418 2.918240e-01
419 3.127110e-01
420 3.406810e-01
421 3.759990e-01
422 4.165110e-01
423 4.572240e-01
424 4.928520e-01
425 5.170320e-01
426 5.246910e-01
427 5.219950e-01
428 5.110210e-01
429 4.942200e-01
430 4.733160e-01
431 4.477690e-01
432 4.179090e-01
433 3.872670e-01
434 3.580150e-01
435 3.335810e-01
436 3.153380e-01
437 3.012510e-01
438 2.900260e-01
439 2.829280e-01
440 2.857850e-01
441 3.006490e-01
442 3.198990e-01
443 3.392000e-01
444 3.653860e-01
445 3.931100e-01
446 3.835450e-01
447 3.586260e-01
448 3.349610e-01
449 3.145030e-01
450 2.969820e-01
451 2.837910e-01
452 2.822470e-01
453 2.890290e-01
454 3.006460e-01
455 3.140880e-01
456 3.281370e-01
457 3.426680e-01
458 3.576840e-01
459 3.615540e-01
460 3.548340e-01
461 3.391410e-01
462 3.043400e-01
463 2.734070e-01
464 2.581930e-01
465 2.410440e-01
466 2.183120e-01
467 1.969020e-01
468 1.811160e-01
469 1.664100e-01
470 1.531630e-01
471 1.422190e-01
472 1.328100e-01
473 1.232870e-01
474 1.150730e-01
475 1.122740e-01
476 1.132650e-01
477 1.148850e-01
478 1.161200e-01
479 1.173000e-01
480 1.181710e-01
481 1.182500e-01
482 1.175430e-01
483 1.161740e-01
484 1.139310e-01
485 1.103030e-01
486 1.053780e-01
487 9.982050e-02
488 9.407810e-02
489 8.847430e-02
490 8.328750e-02
491 7.860330e-02
492 7.423450e-02
493 7.031120e-02
494 6.677250e-02
495 6.354970e-02
496 6.058060e-02
497 5.784440e-02
498 5.536300e-02
499 5.314840e-02
500 5.120810e-02
