1 4.164520e+01
2 1.001590e+01
3 7.679780e-01
4 9.474200e-01
5 2.904410e+00
6 1.425820e+02
7 3.014130e+01
8 1.441600e+00
9 5.623010e-01
10 3.272160e-01
11 2.301170e-01
12 1.917320e-01
13 1.797680e-01
14 2.379380e+00
15 1.199950e+00
16 7.688130e+00
17 6.733050e+00
18 4.774990e-01
19 9.455510e+00
20 3.977670e+01
21 1.101010e+00
22 4.599790e-01
23 4.943270e+00
24 3.596760e+01
25 1.267010e+01
26 4.930110e+00
27 7.845280e+01
28 8.249350e+00
29 1.328720e+01
30 6.470750e-01
31 5.560890e+00
32 3.534460e+00
33 7.402390e-01
34 2.255490e+01
35 3.500590e+01
36 7.730090e-01
37 1.071870e+00
38 4.571500e+00
39 1.055730e+01
40 3.438200e+01
41 1.765180e+00
42 9.133980e+00
43 2.138560e-01
44 2.395450e-01
45 1.316470e+01
46 1.347750e+01
47 1.178650e+00
48 5.536460e+00
49 2.795200e-01
50 1.739900e+01
51 8.302380e+00
52 1.360840e-01
53 1.245930e+00
54 5.976350e+00
55 5.699580e+00
56 3.520340e+00
57 1.352670e-01
58 1.956510e+01
59 5.798400e-01
60 3.177180e+00
61 1.022300e+01
62 1.441060e+00
63 1.177670e+01
64 1.392100e+01
65 8.649510e-02
66 6.670070e-02
67 1.512030e+00
68 7.043530e-01
69 9.606130e+00
70 1.192990e+00
71 5.588630e+00
72 9.651500e-02
73 2.356350e+00
74 1.017120e+01
75 3.934850e+00
76 2.623870e+00
77 9.563040e+00
78 2.166630e+00
79 1.355480e+00
80 7.336790e-02
81 2.099490e+00
82 6.418480e+00
83 9.421780e+00
84 1.055130e+01
85 3.473470e+00
86 1.028680e+01
87 2.859470e+00
88 3.452840e+00
89 3.248380e+00
90 3.714340e+00
91 5.586220e+00
92 2.569300e+00
93 1.281740e+00
94 1.856830e+00
95 1.153070e+00
96 1.178220e+00
97 4.714720e+00
98 1.578650e+00
99 1.349140e+01
100 3.451370e+00
101 4.019100e+00
102 1.061090e+00
103 3.165500e+00
104 8.575560e+00
105 3.545770e+00
106 3.528720e+00
107 3.003340e+00
108 3.366300e+00
109 9.489530e-01
110 1.239480e+00
111 4.216020e+00
112 1.105050e+00
113 1.818850e+00
114 9.105010e-01
115 3.826260e+00
116 4.280000e+00
117 1.036700e+00
118 4.196070e+00
119 2.549440e+00
120 2.187030e+00
121 1.286040e+00
122 2.597010e+00
123 1.296750e+00
124 9.681730e-01
125 1.562170e+00
126 3.222350e+00
127 6.827630e-01
128 9.841530e-01
129 2.642870e+00
130 6.306280e-01
131 2.115650e+00
132 2.707980e+00
133 2.483450e+00
134 1.139390e+00
135 2.054770e+00
136 1.210070e+00
137 1.099000e+00
138 1.748380e+00
139 1.546840e+00
140 1.421510e+00
141 1.726150e+00
142 2.215750e+00
143 1.147530e+00
144 8.004520e-01
145 1.521200e+00
146 1.431020e+00
147 1.046090e+00
148 1.003600e+00
149 1.335320e+00
150 1.356970e+00
151 1.048250e+00
152 1.343740e+00
153 1.044880e+00
154 1.062780e+00
155 1.251720e+00
156 1.212940e+00
157 7.715610e-01
158 8.845580e-01
159 1.122460e+00
160 9.098400e-01
161 1.050840e+00
162 7.034260e-01
163 8.851610e-01
164 9.166520e-01
165 8.727660e-01
166 9.469220e-01
167 8.724720e-01
168 8.568630e-01
169 8.408870e-01
170 8.245850e-01
171 8.132520e-01
172 8.053230e-01
173 7.972100e-01
174 7.889070e-01
175 7.804110e-01
176 7.717170e-01
177 7.628210e-01
178 7.537160e-01
179 7.444020e-01
180 7.348690e-01
181 7.251140e-01
182 7.151320e-01
183 7.049180e-01
184 6.944640e-01
185 6.837690e-01
186 6.728250e-01
187 6.616250e-01
188 6.501630e-01
189 6.384360e-01
190 6.264350e-01
191 6.141560e-01
192 6.015870e-01
193 5.887300e-01
194 5.755700e-01
195 5.621050e-01
196 5.483270e-01
197 5.342260e-01
198 5.197970e-01
199 5.050350e-01
200 4.899260e-01
201 4.802540e-01
202 4.762020e-01
203 4.720570e-01
204 4.678160e-01
205 4.634740e-01
206 4.590330e-01
207 4.544870e-01
208 4.498360e-01
209 4.450760e-01
210 4.402060e-01
211 4.352230e-01
212 4.301220e-01
213 4.249030e-01
214 4.195630e-01
215 4.140990e-01
216 4.085060e-01
217 4.027850e-01
218 3.969290e-01
219 3.909370e-01
220 3.848050e-01
221 3.785310e-01
222 3.721110e-01
223 3.655400e-01
224 3.588170e-01
225 3.519380e-01
226 3.448980e-01
227 3.376940e-01
228 3.303220e-01
229 3.227780e-01
230 3.150600e-01
231 3.096640e-01
232 3.078650e-01
233 3.060570e-01
234 3.042080e-01
235 3.023150e-01
236 3.003790e-01
237 2.983970e-01
238 2.963690e-01
239 2.942940e-01
240 2.921700e-01
241 2.899970e-01
242 2.877740e-01
243 2.854980e-01
244 2.831700e-01
245 2.807870e-01
246 2.783490e-01
247 2.758540e-01
248 2.733010e-01
249 2.706890e-01
250 2.680150e-01
251 2.652790e-01
252 2.624800e-01
253 2.596160e-01
254 2.566840e-01
255 2.536850e-01
256 2.506160e-01
257 2.474740e-01
258 2.442600e-01
259 2.409720e-01
260 2.376060e-01
261 2.341620e-01
262 2.306380e-01
263 2.270310e-01
264 2.233410e-01
265 2.195650e-01
266 2.160780e-01
267 2.125530e-01
268 2.088120e-01
269 2.049820e-01
270 2.010800e-01
271 1.989770e-01
272 1.981220e-01
273 1.972470e-01
274 1.963520e-01
275 1.954360e-01
276 1.944980e-01
277 1.935390e-01
278 1.925570e-01
279 1.915530e-01
280 1.905250e-01
281 1.894730e-01
282 1.883970e-01
283 1.872950e-01
284 1.861680e-01
285 1.850150e-01
286 1.838340e-01
287 1.826270e-01
288 1.813910e-01
289 1.801270e-01
290 1.788320e-01
291 1.775080e-01
292 1.761530e-01
293 1.747670e-01
294 1.733470e-01
295 1.718950e-01
296 1.704100e-01
297 1.688890e-01
298 1.673330e-01
299 1.657420e-01
300 1.641120e-01
301 1.924810e-01
302 1.875990e-01
303 1.826020e-01
304 1.774890e-01
305 1.724500e-01
306 1.676200e-01
307 1.626810e-01
308 1.576320e-01
309 1.533690e-01
310 1.496820e-01
311 1.459130e-01
312 1.420550e-01
313 1.381060e-01
314 1.340640e-01
315 1.300310e-01
316 1.269050e-01
317 1.239620e-01
318 1.209520e-01
319 1.178740e-01
320 1.147250e-01
321 1.116730e-01
322 1.092970e-01
323 1.069560e-01
324 1.045600e-01
325 1.021040e-01
326 9.968270e-02
327 9.778610e-02
328 9.595370e-02
329 9.407930e-02
330 9.216140e-02
331 9.039910e-02
332 8.889370e-02
333 8.735610e-02
334 8.578270e-02
335 8.426460e-02
336 8.293220e-02
337 8.157820e-02
338 8.019270e-02
339 7.890690e-02
340 7.773660e-02
341 7.654590e-02
342 7.540730e-02
343 7.426570e-02
344 7.311970e-02
345 7.199540e-02
346 7.106120e-02
347 7.018460e-02
348 6.929780e-02
349 6.856720e-02
350 6.788330e-02
351 6.719590e-02
352 6.657380e-02
353 6.596040e-02
354 6.538110e-02
355 6.480260e-02
356 6.425980e-02
357 6.374200e-02
358 6.324320e-02
359 6.277980e-02
360 6.234750e-02
361 6.193340e-02
362 6.156950e-02
363 6.122720e-02
364 6.092670e-02
365 6.064200e-02
366 6.038390e-02
367 6.015320e-02
368 5.995760e-02
369 5.977840e-02
370 5.961790e-02
371 5.948910e-02
372 5.939920e-02
373 5.932140e-02
374 5.928680e-02
375 5.927680e-02
376 5.930450e-02
377 5.935970e-02
378 5.943850e-02
379 5.957610e-02
380 5.976930e-02
381 6.002130e-02
382 6.029940e-02
383 6.058300e-02
384 6.086660e-02
385 6.111340e-02
386 6.133250e-02
387 6.155200e-02
388 6.177870e-02
389 6.201770e-02
390 6.226330e-02
391 6.252510e-02
392 6.282390e-02
393 6.311350e-02
394 6.340340e-02
395 6.367240e-02
396 6.391080e-02
397 6.404220e-02
398 6.416050e-02
399 6.426000e-02
400 6.432780e-02
401 6.426220e-02
402 6.405980e-02
403 6.385280e-02
404 6.364040e-02
405 6.329300e-02
406 6.271790e-02
407 6.212580e-02
408 6.151960e-02
409 6.081250e-02
410 6.002470e-02
411 5.921850e-02
412 5.839410e-02
413 5.755330e-02
414 5.669330e-02
415 5.582070e-02
416 5.500350e-02
417 5.418680e-02
418 5.335790e-02
419 5.257810e-02
420 5.179740e-02
421 5.101710e-02
422 5.029930e-02
423 4.957400e-02
424 4.884300e-02
425 4.810820e-02
426 4.734800e-02
427 4.651290e-02
428 4.564660e-02
429 4.469110e-02
430 4.366930e-02
431 4.255640e-02
432 4.131750e-02
433 4.004870e-02
434 3.875070e-02
435 3.743550e-02
436 3.612200e-02
437 3.477920e-02
438 3.340510e-02
439 3.206430e-02
440 3.076350e-02
441 2.943220e-02
442 2.809210e-02
443 2.685440e-02
444 2.561020e-02
445 2.435900e-02
446 2.346590e-02
447 2.269430e-02
448 2.190130e-02
449 2.103640e-02
450 2.013160e-02
451 1.920560e-02
452 1.825860e-02
453 1.728950e-02
454 1.629760e-02
455 1.531270e-02
456 1.443540e-02
457 1.355270e-02
458 1.264920e-02
459 1.172450e-02
460 1.077800e-02
461 9.911540e-03
462 9.241850e-03
463 8.563350e-03
464 7.869050e-03
465 7.158450e-03
466 6.483810e-03
467 5.958430e-03
468 5.432900e-03
469 4.894990e-03
470 4.345520e-03
471 3.893230e-03
472 3.505910e-03
473 3.109560e-03
474 2.703900e-03
475 2.366340e-03
476 2.110950e-03
477 1.849780e-03
478 1.585120e-03
479 1.416830e-03
480 1.297400e-03
481 1.175240e-03
482 1.050200e-03
483 9.222220e-04
484 7.912830e-04
485 6.694290e-04
486 6.213270e-04
487 5.854850e-04
488 5.488020e-04
489 5.112670e-04
490 4.728630e-04
491 4.512190e-04
492 4.823660e-04
493 5.178190e-04
494 5.541160e-04
495 5.912550e-04
496 6.367620e-04
497 7.173700e-04
498 8.040010e-04
499 8.926590e-04
500 9.833820e-04
