1 3.675940e-03
2 3.676300e-03
3 3.676770e-03
4 3.677230e-03
5 3.677740e-03
6 3.678300e-03
7 3.678510e-03
8 3.679110e-03
9 3.679640e-03
10 3.680160e-03
11 3.680680e-03
12 3.681240e-03
13 3.681780e-03
14 3.682360e-03
15 3.682930e-03
16 3.683670e-03
17 3.684000e-03
18 3.684760e-03
19 3.685620e-03
20 3.685930e-03
21 3.686690e-03
22 3.687390e-03
23 3.688110e-03
24 3.688740e-03
25 3.689480e-03
26 3.690420e-03
27 3.691120e-03
28 3.691700e-03
29 3.692580e-03
30 3.693430e-03
31 3.694290e-03
32 3.695120e-03
33 3.696030e-03
34 3.697270e-03
35 3.697540e-03
36 3.698740e-03
37 3.699740e-03
38 3.700750e-03
39 3.702040e-03
40 3.702530e-03
41 3.703750e-03
42 3.704830e-03
43 3.706010e-03
44 3.707140e-03
45 3.708380e-03
46 3.709590e-03
47 3.710690e-03
48 3.711860e-03
49 3.713200e-03
50 3.714330e-03
51 3.715950e-03
52 3.717200e-03
53 3.718610e-03
54 3.720240e-03
55 3.721150e-03
56 3.723030e-03
57 3.724480e-03
58 3.726220e-03
59 3.727620e-03
60 3.729120e-03
61 3.731360e-03
62 3.732950e-03
63 3.734310e-03
64 3.735780e-03
65 3.738040e-03
66 3.739930e-03
67 3.741940e-03
68 3.743890e-03
69 3.745850e-03
70 3.747820e-03
71 3.750300e-03
72 3.752120e-03
73 3.754570e-03
74 3.756250e-03
75 3.758880e-03
76 3.761220e-03
77 3.763380e-03
78 3.766790e-03
79 3.768350e-03
80 3.771280e-03
81 3.774950e-03
82 3.776700e-03
83 3.778670e-03
84 3.782140e-03
85 3.785040e-03
86 3.789300e-03
87 3.790380e-03
88 3.794480e-03
89 3.797170e-03
90 3.801060e-03
91 3.803530e-03
92 3.807510e-03
93 3.811030e-03
94 3.814640e-03
95 3.818290e-03
96 3.822010e-03
97 3.825360e-03
98 3.830140e-03
99 3.833860e-03
100 3.837560e-03
101 3.844190e-03
102 3.855980e-03
103 3.871080e-03
104 3.881890e-03
105 3.890510e-03
106 3.902060e-03
107 3.914760e-03
108 3.926780e-03
109 3.939910e-03
110 3.954030e-03
111 3.963120e-03
112 3.980090e-03
113 3.994360e-03
114 4.008780e-03
115 4.025560e-03
116 4.037090e-03
117 4.053560e-03
118 4.072020e-03
119 4.081320e-03
120 4.102240e-03
121 4.119330e-03
122 4.138710e-03
123 4.154200e-03
124 4.172360e-03
125 4.196540e-03
126 4.207790e-03
127 4.229100e-03
128 4.248960e-03
129 4.270050e-03
130 4.289780e-03
131 4.309650e-03
132 4.332890e-03
133 4.355050e-03
134 4.380840e-03
135 4.403980e-03
136 4.424250e-03
137 4.451810e-03
138 4.477020e-03
139 4.497270e-03
140 4.524560e-03
141 4.552620e-03
142 4.581460e-03
143 4.609770e-03
144 4.637200e-03
145 4.668880e-03
146 4.700630e-03
147 4.728490e-03
148 4.759920e-03
149 4.788370e-03
150 4.829150e-03
151 4.856780e-03
152 4.895770e-03
153 4.927520e-03
154 4.962800e-03
155 5.001130e-03
156 5.040180e-03
157 5.077820e-03
158 5.117600e-03
159 5.161620e-03
160 5.202010e-03
161 5.243260e-03
162 5.285190e-03
163 5.330080e-03
164 5.375770e-03
165 5.424820e-03
166 5.469410e-03
167 5.518570e-03
168 5.568460e-03
169 5.619530e-03
170 5.671770e-03
171 5.725220e-03
172 5.779920e-03
173 5.835910e-03
174 5.893170e-03
175 5.951800e-03
176 6.011770e-03
177 6.073140e-03
178 6.135950e-03
179 6.200220e-03
180 6.265970e-03
181 6.333270e-03
182 6.402130e-03
183 6.472600e-03
184 6.544700e-03
185 6.618490e-03
186 6.694010e-03
187 6.771250e-03
188 6.850320e-03
189 6.931250e-03
190 7.014030e-03
191 7.098760e-03
192 7.185430e-03
193 7.274150e-03
194 7.364930e-03
195 7.457810e-03
196 7.552870e-03
197 7.650140e-03
198 7.749680e-03
199 7.851550e-03
200 7.955760e-03
201 8.081990e-03
202 8.230810e-03
203 8.383090e-03
204 8.538900e-03
205 8.698370e-03
206 8.861540e-03
207 9.028520e-03
208 9.199360e-03
209 9.374210e-03
210 9.553120e-03
211 9.736190e-03
212 9.923550e-03
213 1.011520e-02
214 1.031140e-02
215 1.051210e-02
216 1.071760e-02
217 1.092780e-02
218 1.114290e-02
219 1.136300e-02
220 1.158820e-02
221 1.181870e-02
222 1.205460e-02
223 1.229590e-02
224 1.254290e-02
225 1.279560e-02
226 1.305420e-02
227 1.331880e-02
228 1.358960e-02
229 1.386670e-02
230 1.415020e-02
231 1.444050e-02
232 1.473750e-02
233 1.504130e-02
234 1.535220e-02
235 1.567040e-02
236 1.599590e-02
237 1.632910e-02
238 1.667000e-02
239 1.701880e-02
240 1.737580e-02
241 1.774110e-02
242 1.811490e-02
243 1.849740e-02
244 1.888890e-02
245 1.928940e-02
246 1.969920e-02
247 2.011870e-02
248 2.054780e-02
249 2.098700e-02
250 2.143640e-02
251 2.189630e-02
252 2.236690e-02
253 2.284840e-02
254 2.334120e-02
255 2.384540e-02
256 2.436140e-02
257 2.488940e-02
258 2.542970e-02
259 2.598260e-02
260 2.654830e-02
261 2.712730e-02
262 2.771970e-02
263 2.832590e-02
264 2.894630e-02
265 2.958110e-02
266 3.023100e-02
267 3.089550e-02
268 3.157570e-02
269 3.227170e-02
270 3.298400e-02
271 3.371300e-02
272 3.445890e-02
273 3.522210e-02
274 3.600310e-02
275 3.680220e-02
276 3.762000e-02
277 3.845690e-02
278 3.931320e-02
279 4.018950e-02
280 4.108620e-02
281 4.200370e-02
282 4.294260e-02
283 4.390350e-02
284 4.488670e-02
285 4.589270e-02
286 4.692230e-02
287 4.797580e-02
288 4.905380e-02
289 5.015700e-02
290 5.128580e-02
291 5.244100e-02
292 5.362300e-02
293 5.483260e-02
294 5.607030e-02
295 5.733690e-02
296 5.863300e-02
297 5.995930e-02
298 6.131640e-02
299 6.270520e-02
300 6.412630e-02
301 6.544050e-02
302 6.664370e-02
303 6.787490e-02
304 6.913470e-02
305 7.042430e-02
306 7.174370e-02
307 7.309360e-02
308 7.447510e-02
309 7.588890e-02
310 7.733540e-02
311 7.881570e-02
312 8.033010e-02
313 8.187990e-02
314 8.346600e-02
315 8.508900e-02
316 8.674930e-02
317 8.844880e-02
318 9.018840e-02
319 9.196860e-02
320 9.378970e-02
321 9.565340e-02
322 9.756060e-02
323 9.951260e-02
324 1.015090e-01
325 1.035510e-01
326 1.056420e-01
327 1.077810e-01
328 1.099710e-01
329 1.122120e-01
330 1.145040e-01
331 1.168510e-01
332 1.192520e-01
333 1.217080e-01
334 1.242220e-01
335 1.267940e-01
336 1.294270e-01
337 1.321210e-01
338 1.348760e-01
339 1.376970e-01
340 1.405740e-01
341 1.432790e-01
342 1.459350e-01
343 1.486510e-01
344 1.514320e-01
345 1.542750e-01
346 1.571840e-01
347 1.601600e-01
348 1.632080e-01
349 1.663270e-01
350 1.695180e-01
351 1.727830e-01
352 1.761270e-01
353 1.795470e-01
354 1.830430e-01
355 1.866230e-01
356 1.902890e-01
357 1.940370e-01
358 1.978700e-01
359 2.017970e-01
360 2.058160e-01
361 2.099250e-01
362 2.141310e-01
363 2.184360e-01
364 2.228430e-01
365 2.273500e-01
366 2.319590e-01
367 2.366790e-01
368 2.415070e-01
369 2.464510e-01
370 2.515020e-01
371 2.560420e-01
372 2.602660e-01
373 2.645820e-01
374 2.690040e-01
375 2.735270e-01
376 2.781560e-01
377 2.828850e-01
378 2.877320e-01
379 2.926930e-01
380 2.977690e-01
381 3.029570e-01
382 3.082710e-01
383 3.137080e-01
384 3.192700e-01
385 3.249630e-01
386 3.307880e-01
387 3.367490e-01
388 3.428380e-01
389 3.490130e-01
390 3.553220e-01
391 3.617800e-01
392 3.683870e-01
393 3.751480e-01
394 3.820650e-01
395 3.891420e-01
396 3.963870e-01
397 4.037990e-01
398 4.113850e-01
399 4.191460e-01
400 4.270880e-01
401 4.344560e-01
402 4.412230e-01
403 4.481500e-01
404 4.552380e-01
405 4.624900e-01
406 4.699110e-01
407 4.775060e-01
408 4.852780e-01
409 4.932320e-01
410 5.013700e-01
411 5.096970e-01
412 5.182180e-01
413 5.269380e-01
414 5.358600e-01
415 5.449930e-01
416 5.543400e-01
417 5.639010e-01
418 5.736860e-01
419 5.836980e-01
420 5.939440e-01
421 6.044290e-01
422 6.151580e-01
423 6.261360e-01
424 6.373720e-01
425 6.488680e-01
426 6.606310e-01
427 6.726680e-01
428 6.849860e-01
429 6.975910e-01
430 7.104890e-01
431 7.201160e-01
432 7.246730e-01
433 7.292880e-01
434 7.340100e-01
435 7.388400e-01
436 7.437850e-01
437 7.488460e-01
438 7.540260e-01
439 7.593230e-01
440 7.647460e-01
441 7.702900e-01
442 7.759700e-01
443 7.817760e-01
444 7.877210e-01
445 7.938040e-01
446 8.000300e-01
447 8.064030e-01
448 8.127140e-01
449 8.157150e-01
450 8.175160e-01
451 8.193600e-01
452 8.212450e-01
453 8.231780e-01
454 8.251480e-01
455 8.271730e-01
456 8.292400e-01
457 8.313550e-01
458 8.335180e-01
459 8.357380e-01
460 8.380020e-01
461 8.395570e-01
462 8.395120e-01
463 8.394270e-01
464 8.393310e-01
465 8.392350e-01
466 8.391340e-01
467 8.390370e-01
468 8.389060e-01
469 8.388090e-01
470 8.386860e-01
471 8.374480e-01
472 8.353820e-01
473 8.332490e-01
474 8.310680e-01
475 8.288360e-01
476 8.265740e-01
477 8.242260e-01
478 8.218630e-01
479 8.191730e-01
480 8.162310e-01
481 8.132660e-01
482 8.102390e-01
483 8.071230e-01
484 8.039510e-01
485 8.005200e-01
486 7.968430e-01
487 7.929890e-01
488 7.889410e-01
489 7.847030e-01
490 7.805080e-01
491 7.780140e-01
492 7.807930e-01
493 7.839260e-01
494 7.874040e-01
495 7.905870e-01
496 7.942250e-01
497 7.978250e-01
498 8.013650e-01
499 8.052070e-01
500 8.088440e-01
