1 1 1.697960e-02
1 2 6.285230e-03
1 3 8.247430e-03
1 4 1.000770e-02
1 5 1.274370e-02
1 6 1.605880e-02
1 7 2.014320e-02
1 8 2.537880e-02
1 9 3.175060e-02
1 10 4.001510e-02
1 11 5.013370e-02
1 12 6.282380e-02
1 13 7.857230e-02
1 14 9.838840e-02
1 15 1.226140e-01
1 16 1.527890e-01
1 17 1.896730e-01
1 18 2.346340e-01
1 19 2.887210e-01
1 20 3.536790e-01
1 21 4.298000e-01
1 22 5.178060e-01
1 23 6.166160e-01
1 24 7.237420e-01
1 25 8.344870e-01
1 26 9.404220e-01
1 27 1.029870e+00
1 28 1.087970e+00
1 29 1.098980e+00
1 30 1.048680e+00
1 31 9.316620e-01
1 32 7.568040e-01
1 33 5.495440e-01
1 34 3.466900e-01
1 35 1.834260e-01
1 36 7.789560e-02
1 37 2.514520e-02
1 38 5.767920e-03
1 39 8.650810e-04
1 40 8.059700e-05
2 1 1.347060e-02
2 2 5.491010e-03
2 3 7.359840e-03
2 4 8.932670e-03
2 5 1.137480e-02
2 6 1.433380e-02
2 7 1.797940e-02
2 8 2.265260e-02
2 9 2.833990e-02
2 10 3.571660e-02
2 11 4.474820e-02
2 12 5.607550e-02
2 13 7.013290e-02
2 14 8.781900e-02
2 15 1.094420e-01
2 16 1.363770e-01
2 17 1.692990e-01
2 18 2.094300e-01
2 19 2.577160e-01
2 20 3.157020e-01
2 21 3.836460e-01
2 22 4.621990e-01
2 23 5.503980e-01
2 24 6.460210e-01
2 25 7.448770e-01
2 26 8.394440e-01
2 27 9.192910e-01
2 28 9.711730e-01
2 29 9.810230e-01
2 30 9.361480e-01
2 31 8.317210e-01
2 32 6.756510e-01
2 33 4.906440e-01
2 34 3.095540e-01
2 35 1.637940e-01
2 36 6.956620e-02
2 37 2.245960e-02
2 38 5.152800e-03
2 39 7.729950e-04
2 40 7.204110e-05
3 1 1.062770e-02
3 2 4.448440e-03
3 3 6.419160e-03
3 4 7.959940e-03
3 5 1.013760e-02
3 6 1.277470e-02
3 7 1.602390e-02
3 8 2.018870e-02
3 9 2.525750e-02
3 10 3.183170e-02
3 11 3.988090e-02
3 12 4.997650e-02
3 13 6.250540e-02
3 14 7.826740e-02
3 15 9.753810e-02
3 16 1.215440e-01
3 17 1.508840e-01
3 18 1.866520e-01
3 19 2.296900e-01
3 20 2.813760e-01
3 21 3.419350e-01
3 22 4.119460e-01
3 23 4.905550e-01
3 24 5.757830e-01
3 25 6.638950e-01
3 26 7.481890e-01
3 27 8.193700e-01
3 28 8.656490e-01
3 29 8.744280e-01
3 30 8.344650e-01
3 31 7.414150e-01
3 32 6.023250e-01
3 33 4.374290e-01
3 34 2.760060e-01
3 35 1.460590e-01
3 36 6.204300e-02
3 37 2.003430e-02
3 38 4.597420e-03
3 39 6.898720e-04
3 40 6.432070e-05
4 1 8.292960e-03
4 2 3.498820e-03
4 3 5.198940e-03
4 4 6.953270e-03
4 5 9.035920e-03
4 6 1.138760e-02
4 7 1.428380e-02
4 8 1.799640e-02
4 9 2.251480e-02
4 10 2.837510e-02
4 11 3.555030e-02
4 12 4.454970e-02
4 13 5.571820e-02
4 14 6.976910e-02
4 15 8.694780e-02
4 16 1.083450e-01
4 17 1.344990e-01
4 18 1.663840e-01
4 19 2.047470e-01
4 20 2.508270e-01
4 21 3.048240e-01
4 22 3.672350e-01
4 23 4.373110e-01
4 24 5.132900e-01
4 25 5.918430e-01
4 26 6.669990e-01
4 27 7.304790e-01
4 28 7.718000e-01
4 29 7.795910e-01
4 30 7.440070e-01
4 31 6.610830e-01
4 32 5.371020e-01
4 33 3.900990e-01
4 34 2.461700e-01
4 35 1.302900e-01
4 36 5.535450e-02
4 37 1.787860e-02
4 38 4.103900e-03
4 39 6.160330e-04
4 40 5.746560e-05
5 1 6.676160e-03
5 2 2.786340e-03
5 3 4.129520e-03
5 4 5.649290e-03
5 5 7.905440e-03
5 6 1.016310e-02
5 7 1.274870e-02
5 8 1.606220e-02
5 9 2.009510e-02
5 10 2.532550e-02
5 11 3.172960e-02
5 12 3.976180e-02
5 13 4.973010e-02
5 14 6.227120e-02
5 15 7.760400e-02
5 16 9.670160e-02
5 17 1.200440e-01
5 18 1.485020e-01
5 19 1.827430e-01
5 20 2.238740e-01
5 21 2.720770e-01
5 22 3.277900e-01
5 23 3.903380e-01
5 24 4.581580e-01
5 25 5.282790e-01
5 26 5.953740e-01
5 27 6.520430e-01
5 28 6.890040e-01
5 29 6.959600e-01
5 30 6.642190e-01
5 31 5.902300e-01
5 32 4.795800e-01
5 33 3.483610e-01
5 34 2.198640e-01
5 35 1.163880e-01
5 36 4.945940e-02
5 37 1.597910e-02
5 38 3.669170e-03
5 39 5.510180e-04
5 40 5.145590e-05
6 1 5.302290e-03
6 2 2.202000e-03
6 3 3.267730e-03
6 4 4.475450e-03
6 5 6.415560e-03
6 6 8.892170e-03
6 7 1.137410e-02
6 8 1.433100e-02
6 9 1.792910e-02
6 10 2.259590e-02
6 11 2.830980e-02
6 12 3.547620e-02
6 13 4.437030e-02
6 14 5.555960e-02
6 15 6.924000e-02
6 16 8.628060e-02
6 17 1.071080e-01
6 18 1.324960e-01
6 19 1.630500e-01
6 20 1.997470e-01
6 21 2.427580e-01
6 22 2.924860e-01
6 23 3.482980e-01
6 24 4.088160e-01
6 25 4.713900e-01
6 26 5.312720e-01
6 27 5.818300e-01
6 28 6.148790e-01
6 29 6.211460e-01
6 30 5.928230e-01
6 31 5.268360e-01
6 32 4.281200e-01
6 33 3.110260e-01
6 34 1.963370e-01
6 35 1.039570e-01
6 36 4.418970e-02
6 37 1.428170e-02
6 38 3.280870e-03
6 39 4.929750e-04
6 40 4.611390e-05
7 1 4.087870e-03
7 2 1.691590e-03
7 3 2.538970e-03
7 4 3.509040e-03
7 5 5.058910e-03
7 6 7.203120e-03
7 7 9.956050e-03
7 8 1.278870e-02
7 9 1.600000e-02
7 10 2.016460e-02
7 11 2.526380e-02
7 12 3.165920e-02
7 13 3.959630e-02
7 14 4.958170e-02
7 15 6.179040e-02
7 16 7.699780e-02
7 17 9.558570e-02
7 18 1.182430e-01
7 19 1.455100e-01
7 20 1.782620e-01
7 21 2.166460e-01
7 22 2.610380e-01
7 23 3.108570e-01
7 24 3.648790e-01
7 25 4.207270e-01
7 26 4.741850e-01
7 27 5.193470e-01
7 28 5.488120e-01
7 29 5.544910e-01
7 30 5.292570e-01
7 31 4.704000e-01
7 32 3.823130e-01
7 33 2.778000e-01
7 34 1.754030e-01
7 35 9.289950e-02
7 36 3.950370e-02
7 37 1.277290e-02
7 38 2.935920e-03
7 39 4.414330e-04
7 40 4.133450e-05
8 1 3.201420e-03
8 2 1.325100e-03
8 3 1.990770e-03
8 4 2.758900e-03
8 5 3.986150e-03
8 6 5.686380e-03
8 7 8.057010e-03
8 8 1.119300e-02
8 9 1.427880e-02
8 10 1.799560e-02
8 11 2.254620e-02
8 12 2.825380e-02
8 13 3.533710e-02
8 14 4.424870e-02
8 15 5.514440e-02
8 16 6.871630e-02
8 17 8.530610e-02
8 18 1.055280e-01
8 19 1.298620e-01
8 20 1.590940e-01
8 21 1.933520e-01
8 22 2.329780e-01
8 23 2.774560e-01
8 24 3.256820e-01
8 25 3.755350e-01
8 26 4.232640e-01
8 27 4.636100e-01
8 28 4.899080e-01
8 29 4.950330e-01
8 30 4.725730e-01
8 31 4.200800e-01
8 32 3.414780e-01
8 33 2.481850e-01
8 34 1.567500e-01
8 35 8.305020e-02
8 36 3.533150e-02
8 37 1.143040e-02
8 38 2.629130e-03
8 39 3.956260e-04
8 40 3.708820e-05
9 1 2.622500e-03
9 2 1.064120e-03
9 3 1.572400e-03
9 4 2.163580e-03
9 5 3.137540e-03
9 6 4.492680e-03
9 7 6.378620e-03
9 8 9.077340e-03
9 9 1.251900e-02
9 10 1.607760e-02
9 11 2.014320e-02
9 12 2.524240e-02
9 13 3.157110e-02
9 14 3.953310e-02
9 15 4.926780e-02
9 16 6.139400e-02
9 17 7.621590e-02
9 18 9.428430e-02
9 19 1.160280e-01
9 20 1.421450e-01
9 21 1.727590e-01
9 22 2.081610e-01
9 23 2.479240e-01
9 24 2.910230e-01
9 25 3.355820e-01
9 26 3.782480e-01
9 27 4.143270e-01
9 28 4.378800e-01
9 29 4.424760e-01
9 30 4.224830e-01
9 31 3.756220e-01
9 32 3.054080e-01
9 33 2.220340e-01
9 34 1.402840e-01
9 35 7.436000e-02
9 36 3.165250e-02
9 37 1.024730e-02
9 38 2.359010e-03
9 39 3.553330e-04
9 40 3.336150e-05
10 1 2.056920e-03
10 2 8.333660e-04
10 3 1.236420e-03
10 4 1.704800e-03
10 5 2.470890e-03
10 6 3.543050e-03
10 7 5.037850e-03
10 8 7.177940e-03
10 9 1.014000e-02
10 10 1.409500e-02
10 11 1.799660e-02
10 12 2.255220e-02
10 13 2.820630e-02
10 14 3.532010e-02
10 15 4.401760e-02
10 16 5.485200e-02
10 17 6.809510e-02
10 18 8.423960e-02
10 19 1.036680e-01
10 20 1.270050e-01
10 21 1.543630e-01
10 22 1.859970e-01
10 23 2.215380e-01
10 24 2.600650e-01
10 25 2.998960e-01
10 26 3.380480e-01
10 27 3.703190e-01
10 28 3.914260e-01
10 29 3.955830e-01
10 30 3.777800e-01
10 31 3.359520e-01
10 32 2.732250e-01
10 33 1.987070e-01
10 34 1.256030e-01
10 35 6.661610e-02
10 36 2.837630e-02
10 37 9.194700e-03
10 38 2.118890e-03
10 39 3.195810e-04
10 40 3.005950e-05
11 1 1.591020e-03
11 2 6.442930e-04
11 3 9.536610e-04
11 4 1.311780e-03
11 5 1.902260e-03
11 6 2.745790e-03
11 7 3.935040e-03
11 8 5.636000e-03
11 9 7.991610e-03
11 10 1.139670e-02
11 11 1.578210e-02
11 12 2.016210e-02
11 13 2.521670e-02
11 14 3.157650e-02
11 15 3.935250e-02
11 16 4.903910e-02
11 17 6.087960e-02
11 18 7.531470e-02
11 19 9.268640e-02
11 20 1.135550e-01
11 21 1.380180e-01
11 22 1.663080e-01
11 23 1.980930e-01
11 24 2.325650e-01
11 25 2.682010e-01
11 26 3.023450e-01
11 27 3.312420e-01
11 28 3.501720e-01
11 29 3.539500e-01
11 30 3.381050e-01
11 31 3.007550e-01
11 32 2.446820e-01
11 33 1.780260e-01
11 34 1.125930e-01
11 35 5.975870e-02
11 36 2.547790e-02
11 37 8.264440e-03
11 38 1.907020e-03
11 39 2.881060e-04
11 40 2.716410e-05
12 1 1.304220e-03
12 2 5.274630e-04
12 3 7.775910e-04
12 4 1.061710e-03
12 5 1.521790e-03
12 6 2.161480e-03
12 7 3.077950e-03
12 8 4.427420e-03
12 9 6.304410e-03
12 10 9.011390e-03
12 11 1.278460e-02
12 12 1.771140e-02
12 13 2.257500e-02
12 14 2.826840e-02
12 15 3.523000e-02
12 16 4.390250e-02
12 17 5.450340e-02
12 18 6.742790e-02
12 19 8.298240e-02
12 20 1.016690e-01
12 21 1.235760e-01
12 22 1.489140e-01
12 23 1.773770e-01
12 24 2.082720e-01
12 25 2.402070e-01
12 26 2.708110e-01
12 27 2.967400e-01
12 28 3.137400e-01
12 29 3.171810e-01
12 30 3.030930e-01
12 31 2.697100e-01
12 32 2.195240e-01
12 33 1.598050e-01
12 34 1.011380e-01
12 35 5.372670e-02
12 36 2.293160e-02
12 37 7.448410e-03
12 38 1.721570e-03
12 39 2.606340e-04
12 40 2.465240e-05
13 1 9.733610e-04
13 2 3.936950e-04
13 3 5.802740e-04
13 4 7.912000e-04
13 5 1.133910e-03
13 6 1.620730e-03
13 7 2.323790e-03
13 8 3.369820e-03
13 9 4.862340e-03
13 10 7.022210e-03
13 11 1.003090e-02
13 12 1.429260e-02
13 13 1.982950e-02
13 14 2.532280e-02
13 15 3.155890e-02
13 16 3.932800e-02
13 17 4.882540e-02
13 18 6.040470e-02
13 19 7.434120e-02
13 20 9.108550e-02
13 21 1.107170e-01
13 22 1.334250e-01
13 23 1.589390e-01
13 24 1.866340e-01
13 25 2.152880e-01
13 26 2.427510e-01
13 27 2.660380e-01
13 28 2.813360e-01
13 29 2.844920e-01
13 30 2.719570e-01
13 31 2.421170e-01
13 32 1.971790e-01
13 33 1.436370e-01
13 34 9.098130e-02
13 35 4.838360e-02
13 36 2.067930e-02
13 37 6.728090e-03
13 38 1.558290e-03
13 39 2.365200e-04
13 40 2.245010e-05
14 1 8.253630e-04
14 2 3.338440e-04
14 3 4.920120e-04
14 4 6.707440e-04
14 5 9.591380e-04
14 6 1.360590e-03
14 7 1.926650e-03
14 8 2.744510e-03
14 9 3.886510e-03
14 10 5.580310e-03
14 11 7.957810e-03
14 12 1.132070e-02
14 13 1.606090e-02
14 14 2.228620e-02
14 15 2.831620e-02
14 16 3.528700e-02
14 17 4.380940e-02
14 18 5.420080e-02
14 19 6.670810e-02
14 20 8.173730e-02
14 21 9.935980e-02
14 22 1.197470e-01
14 23 1.426580e-01
14 24 1.675250e-01
14 25 1.932860e-01
14 26 2.179860e-01
14 27 2.389480e-01
14 28 2.527570e-01
14 29 2.556780e-01
14 30 2.445130e-01
14 31 2.178140e-01
14 32 1.775150e-01
14 33 1.294270e-01
14 34 8.206610e-02
14 35 4.370110e-02
14 36 1.870980e-02
14 37 6.100060e-03
14 38 1.416460e-03
14 39 2.156740e-04
14 40 2.055610e-05
15 1 6.533690e-04
15 2 2.642900e-04
15 3 3.895250e-04
15 4 5.310450e-04
15 5 7.591030e-04
15 6 1.075270e-03
15 7 1.518360e-03
15 8 2.162440e-03
15 9 3.074060e-03
15 10 4.413310e-03
15 11 6.289090e-03
15 12 8.944950e-03
15 13 1.268980e-02
15 14 1.803830e-02
15 15 2.494830e-02
15 16 3.170440e-02
15 17 3.936180e-02
15 18 4.870000e-02
15 19 5.994070e-02
15 20 7.344960e-02
15 21 8.929090e-02
15 22 1.076220e-01
15 23 1.282270e-01
15 24 1.506050e-01
15 25 1.737890e-01
15 26 1.960450e-01
15 27 2.149630e-01
15 28 2.274580e-01
15 29 2.302000e-01
15 30 2.202650e-01
15 31 1.963430e-01
15 32 1.601560e-01
15 33 1.168980e-01
15 34 7.422420e-02
15 35 3.958840e-02
15 36 1.698480e-02
15 37 5.552030e-03
15 38 1.293300e-03
15 39 1.976910e-04
15 40 1.894070e-05
16 1 5.075870e-04
16 2 2.053760e-04
16 3 3.026850e-04
16 4 4.126710e-04
16 5 5.899030e-04
16 6 8.354210e-04
16 7 1.178250e-03
16 8 1.673440e-03
16 9 2.372370e-03
16 10 3.406510e-03
16 11 4.880660e-03
16 12 6.991200e-03
16 13 9.966730e-03
16 14 1.420810e-02
16 15 2.017290e-02
16 16 2.798550e-02
16 17 3.545400e-02
16 18 4.386590e-02
16 19 5.399390e-02
16 20 6.616700e-02
16 21 8.044500e-02
16 22 9.697040e-02
16 23 1.155530e-01
16 24 1.357440e-01
16 25 1.566730e-01
16 26 1.767900e-01
16 27 1.939200e-01
16 28 2.052770e-01
16 29 2.078580e-01
16 30 1.990320e-01
16 31 1.775650e-01
16 32 1.449940e-01
16 33 1.059710e-01
16 34 6.740170e-02
16 35 3.602400e-02
16 36 1.549490e-02
16 37 5.081240e-03
16 38 1.188270e-03
16 39 1.825110e-04
16 40 1.759560e-05
17 1 4.146410e-04
17 2 1.677610e-04
17 3 2.472550e-04
17 4 3.370670e-04
17 5 4.818370e-04
17 6 6.823950e-04
17 7 9.623130e-04
17 8 1.364890e-03
17 9 1.926760e-03
17 10 2.748480e-03
17 11 3.909360e-03
17 12 5.567460e-03
17 13 7.908400e-03
17 14 1.125040e-02
17 15 1.594490e-02
17 16 2.265170e-02
17 17 3.135510e-02
17 18 3.960650e-02
17 19 4.875710e-02
17 20 5.975470e-02
17 21 7.265670e-02
17 22 8.759420e-02
17 23 1.043990e-01
17 24 1.226680e-01
17 25 1.416200e-01
17 26 1.598630e-01
17 27 1.754290e-01
17 28 1.858030e-01
17 29 1.882540e-01
17 30 1.804160e-01
17 31 1.611350e-01
17 32 1.317540e-01
17 33 9.645400e-02
17 34 6.147650e-02
17 35 3.294320e-02
17 36 1.421390e-02
17 37 4.679610e-03
17 38 1.099630e-03
17 39 1.698890e-04
17 40 1.650270e-05
18 1 3.240410e-04
18 2 1.310830e-04
18 3 1.931990e-04
18 4 2.633940e-04
18 5 3.765030e-04
18 6 5.332190e-04
18 7 7.519470e-04
18 8 1.065700e-03
18 9 1.501930e-03
18 10 2.138700e-03
18 11 3.039330e-03
18 12 4.335830e-03
18 13 6.184300e-03
18 14 8.827440e-03
18 15 1.254220e-02
18 16 1.784050e-02
18 17 2.535690e-02
18 18 3.510810e-02
18 19 4.416510e-02
18 20 5.414000e-02
18 21 6.583850e-02
18 22 7.938810e-02
18 23 9.463580e-02
18 24 1.112330e-01
18 25 1.284600e-01
18 26 1.450670e-01
18 27 1.592810e-01
18 28 1.688160e-01
18 29 1.711770e-01
18 30 1.642220e-01
18 31 1.468680e-01
18 32 1.202840e-01
18 33 8.823920e-02
18 34 5.638280e-02
18 35 3.031010e-02
18 36 1.312830e-02
18 37 4.342980e-03
18 38 1.026540e-03
18 39 1.597290e-04
18 40 1.568600e-05
19 1 2.438930e-04
19 2 9.869690e-05
19 3 1.454700e-04
19 4 1.983280e-04
19 5 2.835150e-04
19 6 4.015430e-04
19 7 5.662730e-04
19 8 8.025520e-04
19 9 1.130110e-03
19 10 1.606230e-03
19 11 2.279070e-03
19 12 3.252890e-03
19 13 4.664790e-03
19 14 6.739940e-03
19 15 9.690570e-03
19 16 1.389460e-02
19 17 1.984820e-02
19 18 2.832650e-02
19 19 3.926750e-02
19 20 4.926220e-02
19 21 5.992190e-02
19 22 7.226980e-02
19 23 8.617080e-02
19 24 1.013190e-01
19 25 1.170610e-01
19 26 1.322590e-01
19 27 1.453190e-01
19 28 1.541460e-01
19 29 1.564540e-01
19 30 1.502920e-01
19 31 1.346260e-01
19 32 1.104770e-01
19 33 8.124740e-02
19 34 5.207510e-02
19 35 2.810200e-02
19 36 1.222960e-02
19 37 4.069070e-03
19 38 9.686460e-04
19 39 1.520180e-04
19 40 1.512690e-05
20 1 2.013310e-04
20 2 8.148160e-05
20 3 1.200880e-04
20 4 1.637180e-04
20 5 2.340420e-04
20 6 3.314430e-04
20 7 4.673970e-04
20 8 6.624170e-04
20 9 9.325910e-04
20 10 1.323770e-03
20 11 1.870340e-03
20 12 2.648360e-03
20 13 3.753610e-03
20 14 5.338960e-03
20 15 7.611580e-03
20 16 1.091810e-02
20 17 1.560580e-02
20 18 2.226230e-02
20 19 3.172720e-02
20 20 4.397280e-02
20 21 5.478380e-02
20 22 6.609250e-02
20 23 7.883540e-02
20 24 9.272340e-02
20 25 1.071900e-01
20 26 1.211880e-01
20 27 1.332620e-01
20 28 1.415060e-01
20 29 1.438000e-01
20 30 1.383520e-01
20 31 1.241810e-01
20 32 1.021600e-01
20 33 7.536240e-02
20 34 4.848670e-02
20 35 2.628840e-02
20 36 1.150670e-02
20 37 3.855490e-03
20 38 9.256820e-04
20 39 1.467750e-04
20 40 1.480600e-05
21 1 1.610660e-04
21 2 6.519830e-05
21 3 9.609470e-05
21 4 1.310070e-04
21 5 1.872790e-04
21 6 2.652300e-04
21 7 3.740060e-04
21 8 5.300490e-04
21 9 7.462740e-04
21 10 1.059250e-03
21 11 1.496390e-03
21 12 2.117690e-03
21 13 2.999460e-03
21 14 4.272260e-03
21 15 6.076840e-03
21 16 8.654970e-03
21 17 1.231100e-02
21 18 1.751740e-02
21 19 2.491710e-02
21 20 3.553310e-02
21 21 4.916150e-02
21 22 6.083910e-02
21 23 7.259700e-02
21 24 8.543680e-02
21 25 9.882370e-02
21 26 1.118200e-01
21 27 1.230800e-01
21 28 1.308620e-01
21 29 1.331890e-01
21 30 1.283810e-01
21 31 1.155140e-01
21 32 9.531520e-02
21 33 7.057670e-02
21 34 4.561850e-02
21 35 2.487210e-02
21 36 1.096260e-02
21 37 3.704140e-03
21 38 8.984690e-04
21 39 1.442060e-04
21 40 1.477000e-05
22 1 1.257990e-04
22 2 5.094960e-05
22 3 7.509350e-05
22 4 1.023810e-04
22 5 1.463570e-04
22 6 2.072830e-04
22 7 2.923200e-04
22 8 4.142760e-04
22 9 5.832750e-04
22 10 8.279530e-04
22 11 1.169620e-03
22 12 1.654520e-03
22 13 2.341090e-03
22 14 3.330180e-03
22 15 4.735730e-03
22 16 6.753480e-03
22 17 9.615720e-03
22 18 1.369130e-02
22 19 1.948710e-02
22 20 2.780240e-02
22 21 3.969250e-02
22 22 5.493830e-02
22 23 6.737940e-02
22 24 7.934450e-02
22 25 9.184730e-02
22 26 1.040180e-01
22 27 1.146400e-01
22 28 1.220710e-01
22 29 1.244770e-01
22 30 1.202490e-01
22 31 1.085190e-01
22 32 8.986830e-02
22 33 6.683930e-02
22 34 4.344190e-02
22 35 2.384530e-02
22 36 1.059650e-02
22 37 3.616300e-03
22 38 8.877490e-04
22 39 1.445400e-04
22 40 1.506680e-05
23 1 9.562400e-05
23 2 3.872990e-05
23 3 5.708350e-05
23 4 7.782630e-05
23 5 1.112590e-04
23 6 1.575790e-04
23 7 2.222340e-04
23 8 3.149830e-04
23 9 4.435160e-04
23 10 6.296110e-04
23 11 8.895140e-04
23 12 1.258410e-03
23 13 1.779690e-03
23 14 2.526890e-03
23 15 3.586890e-03
23 16 5.122090e-03
23 17 7.333800e-03
23 18 1.051940e-02
23 19 1.505980e-02
23 20 2.156460e-02
23 21 3.087050e-02
23 22 4.425950e-02
23 23 6.130480e-02
23 24 7.439370e-02
23 25 8.619520e-02
23 26 9.772790e-02
23 27 1.078580e-01
23 28 1.150580e-01
23 29 1.175950e-01
23 30 1.138930e-01
23 31 1.031480e-01
23 32 8.578630e-02
23 33 6.414140e-02
23 34 4.195960e-02
23 35 2.321600e-02
23 36 1.041620e-02
23 37 3.596490e-03
23 38 8.953360e-04
23 39 1.482260e-04
23 40 1.576950e-05
24 1 7.460150e-05
24 2 3.026010e-05
24 3 4.460040e-05
24 4 6.080850e-05
24 5 8.692770e-05
24 6 1.231180e-04
24 7 1.736390e-04
24 8 2.461000e-04
24 9 3.465380e-04
24 10 4.919870e-04
24 11 6.951210e-04
24 12 9.834770e-04
24 13 1.390780e-03
24 14 1.973300e-03
24 15 2.795630e-03
24 16 3.979430e-03
24 17 5.679110e-03
24 18 8.132570e-03
24 19 1.165450e-02
24 20 1.671090e-02
24 21 2.394070e-02
24 22 3.434940e-02
24 23 4.935510e-02
24 24 6.833670e-02
24 25 8.184240e-02
24 26 9.292170e-02
24 27 1.027320e-01
24 28 1.098220e-01
24 29 1.125430e-01
24 30 1.093600e-01
24 31 9.944300e-02
24 32 8.313020e-02
24 33 6.254720e-02
24 34 4.123130e-02
24 35 2.302820e-02
24 36 1.044950e-02
24 37 3.657250e-03
24 38 9.253660e-04
24 39 1.561710e-04
24 40 1.700680e-05
25 1 5.754200e-05
25 2 2.337600e-05
25 3 3.445430e-05
25 4 4.697360e-05
25 5 6.715320e-05
25 6 9.511310e-05
25 7 1.341390e-04
25 8 1.901260e-04
25 9 2.677280e-04
25 10 3.800940e-04
25 11 5.370720e-04
25 12 7.599430e-04
25 13 1.074870e-03
25 14 1.525320e-03
25 15 2.159680e-03
25 16 3.069910e-03
25 17 4.375430e-03
25 18 6.257990e-03
25 19 8.966870e-03
25 20 1.287380e-02
25 21 1.846460e-02
25 22 2.652070e-02
25 23 3.814610e-02
25 24 5.496620e-02
25 25 7.606280e-02
25 26 8.961590e-02
25 27 9.927200e-02
25 28 1.063990e-01
25 29 1.093720e-01
25 30 1.066970e-01
25 31 9.747360e-02
25 32 8.197550e-02
25 33 6.213070e-02
25 34 4.132410e-02
25 35 2.333160e-02
25 36 1.072720e-02
25 37 3.813400e-03
25 38 9.829850e-04
25 39 1.695780e-04
25 40 1.895260e-05
26 1 4.107940e-05
26 2 1.673430e-05
26 3 2.466600e-05
26 4 3.363100e-05
26 5 4.808060e-05
26 6 6.810420e-05
26 7 9.605790e-05
26 8 1.361650e-04
26 9 1.917740e-04
26 10 2.723210e-04
26 11 3.848990e-04
26 12 5.448270e-04
26 13 7.709090e-04
26 14 1.094490e-03
26 15 1.550610e-03
26 16 2.203720e-03
26 17 3.134730e-03
26 18 4.480230e-03
26 19 6.441250e-03
26 20 9.338100e-03
26 21 1.360820e-02
26 22 1.986360e-02
26 23 2.889250e-02
26 24 4.197420e-02
26 25 6.099590e-02
26 26 8.458960e-02
26 27 9.773840e-02
26 28 1.050470e-01
26 29 1.083660e-01
26 30 1.061690e-01
26 31 9.749210e-02
26 32 8.254150e-02
26 33 6.306940e-02
26 34 4.236860e-02
26 35 2.421250e-02
26 36 1.129660e-02
26 37 4.087160e-03
26 38 1.075810e-03
26 39 1.902690e-04
26 40 2.188900e-05
27 1 3.227730e-05
27 2 1.313870e-05
27 3 1.936520e-05
27 4 2.640430e-05
27 5 3.775140e-05
27 6 5.347240e-05
27 7 7.542180e-05
27 8 1.069180e-04
27 9 1.505770e-04
27 10 2.138250e-04
27 11 3.022050e-04
27 12 4.277420e-04
27 13 6.052950e-04
27 14 8.593920e-04
27 15 1.217580e-03
27 16 1.730740e-03
27 17 2.460990e-03
27 18 3.506700e-03
27 19 5.011860e-03
27 20 7.208470e-03
27 21 1.041920e-02
27 22 1.513520e-02
27 23 2.201100e-02
27 24 3.198460e-02
27 25 4.652150e-02
27 26 6.775200e-02
27 27 9.371370e-02
27 28 1.056710e-01
27 29 1.094750e-01
27 30 1.078240e-01
27 31 9.963450e-02
27 32 8.501570e-02
27 33 6.559350e-02
27 34 4.458570e-02
27 35 2.584420e-02
27 36 1.226490e-02
27 37 4.528500e-03
27 38 1.220730e-03
27 39 2.220150e-04
27 40 2.638960e-05
28 1 2.392230e-05
28 2 9.766730e-06
28 3 1.439660e-05
28 4 1.962950e-05
28 5 2.806370e-05
28 6 3.975520e-05
28 7 5.608160e-05
28 8 7.950650e-05
28 9 1.119930e-04
28 10 1.590670e-04
28 11 2.248630e-04
28 12 3.183500e-04
28 13 4.505880e-04
28 14 6.399240e-04
28 15 9.069880e-04
28 16 1.289750e-03
28 17 1.834880e-03
28 18 2.615040e-03
28 19 3.732510e-03
28 20 5.354670e-03
28 21 7.720400e-03
28 22 1.122500e-02
28 23 1.640630e-02
28 24 2.398240e-02
28 25 3.505340e-02
28 26 5.127020e-02
28 27 7.505960e-02
28 28 1.036090e-01
28 29 1.134400e-01
28 30 1.123730e-01
28 31 1.045990e-01
28 32 9.000470e-02
28 33 7.019400e-02
28 34 4.833580e-02
28 35 2.846200e-02
28 36 1.376430e-02
28 37 5.197760e-03
28 38 1.438950e-03
28 39 2.699860e-04
28 40 3.334350e-05
29 1 1.665160e-05
29 2 6.860170e-06
29 3 1.011190e-05
29 4 1.378850e-05
29 5 1.971570e-05
29 6 2.792940e-05
29 7 3.940160e-05
29 8 5.586810e-05
29 9 7.870270e-05
29 10 1.118020e-04
29 11 1.580950e-04
29 12 2.239220e-04
29 13 3.171070e-04
29 14 4.506570e-04
29 15 6.392120e-04
29 16 9.098430e-04
29 17 1.295960e-03
29 18 1.849480e-03
29 19 2.643230e-03
29 20 3.791970e-03
29 21 5.451610e-03
29 22 7.894550e-03
29 23 1.156980e-02
29 24 1.712670e-02
29 25 2.548930e-02
29 26 3.786720e-02
29 27 5.609390e-02
29 28 8.294490e-02
29 29 1.144340e-01
29 30 1.208690e-01
29 31 1.133530e-01
29 32 9.846430e-02
29 33 7.765580e-02
29 34 5.422650e-02
29 35 3.247570e-02
29 36 1.603020e-02
29 37 6.203700e-03
29 38 1.768490e-03
29 39 3.435240e-04
29 40 4.429310e-05
30 1 1.228340e-05
30 2 5.085240e-06
30 3 7.496330e-06
30 4 1.022190e-05
30 5 1.461660e-05
30 6 2.070820e-05
30 7 2.921480e-05
30 8 4.142750e-05
30 9 5.837050e-05
30 10 8.293160e-05
30 11 1.172920e-04
30 12 1.661480e-04
30 13 2.353480e-04
30 14 3.345760e-04
30 15 4.747890e-04
30 16 6.761640e-04
30 17 9.637740e-04
30 18 1.376650e-03
30 19 1.969600e-03
30 20 2.829440e-03
30 21 4.077600e-03
30 22 5.913900e-03
30 23 8.639620e-03
30 24 1.272220e-02
30 25 1.886200e-02
30 26 2.800850e-02
30 27 4.157990e-02
30 28 6.171300e-02
30 29 9.146530e-02
30 30 1.253670e-01
30 31 1.268180e-01
30 32 1.113550e-01
30 33 8.899780e-02
30 34 6.315390e-02
30 35 3.856460e-02
30 36 1.948550e-02
30 37 7.753060e-03
30 38 2.283720e-03
30 39 4.609530e-04
30 40 6.229920e-05
31 1 8.679820e-06
31 2 3.625570e-06
31 3 5.344850e-06
31 4 7.288770e-06
31 5 1.042240e-05
31 6 1.476720e-05
31 7 2.083650e-05
31 8 2.954890e-05
31 9 4.163930e-05
31 10 5.916780e-05
31 11 8.370140e-05
31 12 1.186120e-04
31 13 1.680610e-04
31 14 2.390310e-04
31 15 3.394160e-04
31 16 4.837050e-04
31 17 6.900740e-04
31 18 9.868650e-04
31 19 1.414020e-03
31 20 2.034910e-03
31 21 2.936920e-03
31 22 4.259180e-03
31 23 6.211940e-03
31 24 9.124420e-03
31 25 1.351100e-02
31 26 2.017230e-02
31 27 3.019540e-02
31 28 4.518140e-02
31 29 6.752950e-02
31 30 1.006100e-01
31 31 1.368010e-01
31 32 1.312470e-01
31 33 1.063860e-01
31 34 7.679060e-02
31 35 4.788180e-02
31 36 2.480950e-02
31 37 1.017430e-02
31 38 3.106230e-03
31 39 6.540430e-04
31 40 9.316510e-05
32 1 5.807300e-06
32 2 2.462470e-06
32 3 3.630320e-06
32 4 4.951050e-06
32 5 7.080640e-06
32 6 1.003320e-05
32 7 1.415800e-05
32 8 2.008200e-05
32 9 2.830520e-05
32 10 4.023450e-05
32 11 5.693810e-05
32 12 8.072280e-05
32 13 1.144510e-04
32 14 1.628960e-04
32 15 2.315000e-04
32 16 3.303090e-04
32 17 4.718970e-04
32 18 6.759800e-04
32 19 9.706730e-04
32 20 1.400630e-03
32 21 2.027870e-03
32 22 2.951290e-03
32 23 4.317490e-03
32 24 6.356450e-03
32 25 9.439110e-03
32 26 1.416390e-02
32 27 2.139250e-02
32 28 3.235510e-02
32 29 4.889850e-02
32 30 7.369140e-02
32 31 1.103870e-01
32 32 1.485370e-01
32 33 1.336600e-01
32 34 9.824550e-02
32 35 6.261990e-02
32 36 3.332760e-02
32 37 1.411720e-02
32 38 4.480570e-03
32 39 9.878500e-04
32 40 1.491620e-04
33 1 3.718200e-06
33 2 1.609190e-06
33 3 2.372930e-06
33 4 3.236440e-06
33 5 4.629020e-06
33 6 6.560600e-06
33 7 9.259660e-06
33 8 1.313690e-05
33 9 1.852180e-05
33 10 2.633640e-05
33 11 3.728710e-05
33 12 5.289120e-05
33 13 7.504350e-05
33 14 1.069090e-04
33 15 1.521050e-04
33 16 2.173210e-04
33 17 3.110170e-04
33 18 4.464790e-04
33 19 6.427630e-04
33 20 9.304600e-04
33 21 1.352410e-03
33 22 1.977440e-03
33 23 2.908440e-03
33 24 4.305630e-03
33 25 6.424240e-03
33 26 9.687570e-03
33 27 1.474540e-02
33 28 2.255370e-02
33 29 3.452410e-02
33 30 5.275110e-02
33 31 8.016440e-02
33 32 1.205950e-01
33 33 1.600530e-01
33 34 1.332830e-01
33 35 8.692960e-02
33 36 4.758480e-02
33 37 2.085970e-02
33 38 6.901090e-03
33 39 1.599090e-03
33 40 2.573570e-04
34 1 2.293540e-06
34 2 1.014610e-06
34 3 1.496600e-06
34 4 2.041880e-06
34 5 2.920910e-06
34 6 4.140090e-06
34 7 5.844690e-06
34 8 8.294060e-06
34 9 1.169790e-05
34 10 1.664100e-05
34 11 2.357120e-05
34 12 3.345720e-05
34 13 4.750590e-05
34 14 6.774120e-05
34 15 9.650410e-05
34 16 1.380950e-04
34 17 1.979990e-04
34 18 2.849160e-04
34 19 4.113640e-04
34 20 5.975770e-04
34 21 8.723990e-04
34 22 1.282400e-03
34 23 1.898280e-03
34 24 2.831550e-03
34 25 4.258730e-03
34 26 6.459590e-03
34 27 9.897080e-03
34 28 1.529170e-02
34 29 2.372010e-02
34 30 3.679370e-02
34 31 5.685440e-02
34 32 8.704350e-02
34 33 1.312580e-01
34 34 1.709400e-01
34 35 1.295680e-01
34 36 7.301390e-02
34 37 3.317210e-02
34 38 1.146560e-02
34 39 2.801740e-03
34 40 4.834540e-04
35 1 1.352030e-06
35 2 6.083290e-07
35 3 8.975030e-07
35 4 1.224760e-06
35 5 1.752480e-06
35 6 2.484640e-06
35 7 3.508400e-06
35 8 4.980290e-06
35 9 7.026160e-06
35 10 1.000010e-05
35 11 1.417430e-05
35 12 2.013260e-05
35 13 2.861380e-05
35 14 4.085060e-05
35 15 5.827120e-05
35 16 8.353390e-05
35 17 1.200460e-04
35 18 1.732050e-04
35 19 2.509170e-04
35 20 3.660050e-04
35 21 5.369590e-04
35 22 7.940860e-04
35 23 1.184080e-03
35 24 1.781660e-03
35 25 2.707230e-03
35 26 4.154710e-03
35 27 6.438630e-03
35 28 1.005870e-02
35 29 1.580500e-02
35 30 2.490250e-02
35 31 3.917860e-02
35 32 6.120030e-02
35 33 9.427410e-02
35 34 1.421450e-01
35 35 1.807300e-01
35 36 1.222380e-01
35 37 5.756620e-02
35 38 2.080770e-02
35 39 5.373220e-03
35 40 9.990020e-04
36 1 6.069030e-07
36 2 3.109850e-07
36 3 4.676260e-07
36 4 6.437910e-07
36 5 9.233350e-07
36 6 1.309700e-06
36 7 1.850180e-06
36 8 2.627900e-06
36 9 3.710020e-06
36 10 5.284140e-06
36 11 7.497050e-06
36 12 1.066200e-05
36 13 1.517540e-05
36 14 2.170540e-05
36 15 3.103490e-05
36 16 4.461460e-05
36 17 6.433630e-05
36 18 9.322680e-05
36 19 1.357620e-04
36 20 1.992990e-04
36 21 2.946460e-04
36 22 4.397240e-04
36 23 6.627290e-04
36 24 1.009740e-03
36 25 1.556580e-03
36 26 2.427270e-03
36 27 3.827720e-03
36 28 6.099720e-03
36 29 9.802980e-03
36 30 1.583630e-02
36 31 2.559700e-02
36 32 4.115140e-02
36 33 6.533880e-02
36 34 1.015730e-01
36 35 1.532690e-01
36 36 1.894180e-01
36 37 1.115420e-01
36 38 4.206790e-02
36 39 1.146750e-02
36 40 2.301290e-03
37 1 2.153120e-07
37 2 1.223630e-07
37 3 1.986910e-07
37 4 2.885410e-07
37 5 4.281140e-07
37 6 6.199050e-07
37 7 8.844030e-07
37 8 1.259980e-06
37 9 1.780410e-06
37 10 2.538100e-06
37 11 3.604550e-06
37 12 5.133410e-06
37 13 7.319020e-06
37 14 1.048950e-05
37 15 1.503670e-05
37 16 2.168510e-05
37 17 3.139610e-05
37 18 4.572030e-05
37 19 6.698170e-05
37 20 9.904230e-05
37 21 1.477140e-04
37 22 2.227750e-04
37 23 3.399690e-04
37 24 5.255960e-04
37 25 8.240440e-04
37 26 1.310280e-03
37 27 2.111770e-03
37 28 3.445110e-03
37 29 5.677530e-03
37 30 9.427290e-03
37 31 1.571450e-02
37 32 2.614080e-02
37 33 4.306000e-02
37 34 6.956770e-02
37 35 1.090840e-01
37 36 1.643890e-01
37 37 1.961090e-01
37 38 9.762770e-02
37 39 2.799520e-02
37 40 6.058290e-03
38 1 7.902050e-08
38 2 4.504840e-08
38 3 7.382110e-08
38 4 1.108520e-07
38 5 1.706300e-07
38 6 2.529670e-07
38 7 3.678740e-07
38 8 5.315310e-07
38 9 7.556130e-07
38 10 1.079100e-06
38 11 1.534800e-06
38 12 2.188990e-06
38 13 3.126760e-06
38 14 4.491870e-06
38 15 6.457840e-06
38 16 9.347360e-06
38 17 1.359280e-05
38 18 1.990210e-05
38 19 2.935470e-05
38 20 4.376800e-05
38 21 6.593970e-05
38 22 1.006690e-04
38 23 1.558800e-04
38 24 2.451910e-04
38 25 3.923050e-04
38 26 6.385650e-04
38 27 1.056970e-03
38 28 1.776150e-03
38 29 3.021760e-03
38 30 5.186990e-03
38 31 8.951370e-03
38 32 1.546040e-02
38 33 2.655460e-02
38 34 4.491160e-02
38 35 7.387530e-02
38 36 1.166840e-01
38 37 1.750890e-01
38 38 2.001870e-01
38 39 8.147490e-02
38 40 1.888980e-02
39 1 2.209970e-08
39 2 1.265070e-08
39 3 2.093040e-08
39 4 3.201760e-08
39 5 5.127520e-08
39 6 8.096720e-08
39 7 1.244530e-07
39 8 1.874080e-07
39 9 2.738110e-07
39 10 3.951200e-07
39 11 5.638720e-07
39 12 8.066810e-07
39 13 1.155530e-06
39 14 1.664520e-06
39 15 2.400750e-06
39 16 3.488700e-06
39 17 5.098810e-06
39 18 7.512040e-06
39 19 1.116470e-05
39 20 1.680230e-05
39 21 2.560270e-05
39 22 3.962900e-05
39 23 6.239680e-05
39 24 1.001280e-04
39 25 1.640310e-04
39 26 2.744560e-04
39 27 4.689750e-04
39 28 8.171930e-04
39 29 1.447460e-03
39 30 2.592280e-03
39 31 4.668660e-03
39 32 8.419500e-03
39 33 1.513290e-02
39 34 2.691520e-02
39 35 4.681130e-02
39 36 7.836530e-02
39 37 1.243550e-01
39 38 1.850640e-01
39 39 2.012420e-01
39 40 7.380190e-02
40 1 4.377170e-09
40 2 2.505650e-09
40 3 4.145580e-09
40 4 6.341610e-09
40 5 1.016130e-08
40 6 1.614230e-08
40 7 2.552990e-08
40 8 4.057350e-08
40 9 6.403260e-08
40 10 1.015830e-07
40 11 1.575380e-07
40 12 2.387410e-07
40 13 3.530070e-07
40 14 5.148210e-07
40 15 7.472390e-07
40 16 1.092260e-06
40 17 1.607340e-06
40 18 2.387760e-06
40 19 3.584470e-06
40 20 5.459860e-06
40 21 8.440240e-06
40 22 1.328780e-05
40 23 2.134060e-05
40 24 3.504360e-05
40 25 5.896180e-05
40 26 1.017450e-04
40 27 1.801140e-04
40 28 3.267430e-04
40 29 6.058540e-04
40 30 1.143090e-03
40 31 2.177020e-03
40 32 4.147920e-03
40 33 7.874840e-03
40 34 1.482760e-02
40 35 2.744470e-02
40 36 4.912470e-02
40 37 8.341870e-02
40 38 1.321940e-01
40 39 1.938730e-01
40 40 2.511340e-01
