1 1 2.402350e-02
1 2 8.885980e-03
1 3 1.165090e-02
1 4 1.412770e-02
1 5 1.797440e-02
1 6 2.262500e-02
1 7 2.833990e-02
1 8 3.564320e-02
1 9 4.449380e-02
1 10 5.591890e-02
1 11 6.981350e-02
1 12 8.709960e-02
1 13 1.083320e-01
1 14 1.347070e-01
1 15 1.664040e-01
1 16 2.050740e-01
1 17 2.510540e-01
1 18 3.051490e-01
1 19 3.672770e-01
1 20 4.375680e-01
1 21 5.134480e-01
1 22 5.919830e-01
1 23 6.669640e-01
1 24 7.301160e-01
1 25 7.710470e-01
1 26 7.785350e-01
1 27 7.424930e-01
1 28 6.591790e-01
1 29 5.350280e-01
1 30 3.880760e-01
1 31 2.445020e-01
1 32 1.291430e-01
1 33 5.473110e-02
1 34 1.762160e-02
1 35 4.028980e-03
1 36 6.018470e-04
1 37 5.297740e-05
1 38 2.582370e-06
1 39 1.438440e-07
1 40 0.000000e+00
2 1 1.904360e-02
2 2 7.779080e-03
2 3 1.040310e-02
2 4 1.261540e-02
2 5 1.605020e-02
2 6 2.020310e-02
2 7 2.530620e-02
2 8 3.182770e-02
2 9 3.973100e-02
2 10 4.993310e-02
2 11 6.234060e-02
2 12 7.777690e-02
2 13 9.673650e-02
2 14 1.202880e-01
2 15 1.485930e-01
2 16 1.831240e-01
2 17 2.241820e-01
2 18 2.724990e-01
2 19 3.279850e-01
2 20 3.907560e-01
2 21 4.585200e-01
2 22 5.286580e-01
2 23 5.956290e-01
2 24 6.520310e-01
2 25 6.886150e-01
2 26 6.953260e-01
2 27 6.631860e-01
2 28 5.888140e-01
2 29 4.779590e-01
2 30 3.467220e-01
2 31 2.184790e-01
2 32 1.154190e-01
2 33 4.892610e-02
2 34 1.575710e-02
2 35 3.603940e-03
2 36 5.385920e-04
2 37 4.743570e-05
2 38 2.342980e-06
2 39 1.288970e-07
2 40 0.000000e+00
3 1 1.502010e-02
3 2 6.290710e-03
3 3 9.089810e-03
3 4 1.124880e-02
3 5 1.431210e-02
3 6 1.801520e-02
3 7 2.256570e-02
3 8 2.838100e-02
3 9 3.542840e-02
3 10 4.452580e-02
3 11 5.558980e-02
3 12 6.935490e-02
3 13 8.626190e-02
3 14 1.072620e-01
3 15 1.325030e-01
3 16 1.632950e-01
3 17 1.999090e-01
3 18 2.430000e-01
3 19 2.924910e-01
3 20 3.484710e-01
3 21 4.089070e-01
3 22 4.714580e-01
3 23 5.311950e-01
3 24 5.815090e-01
3 25 6.141740e-01
3 26 6.201890e-01
3 27 5.915640e-01
3 28 5.252720e-01
3 29 4.264290e-01
3 30 3.093870e-01
3 31 1.949900e-01
3 32 1.030340e-01
3 33 4.368850e-02
3 34 1.407540e-02
3 35 3.220740e-03
3 36 4.815890e-04
3 37 4.244410e-05
3 38 2.118360e-06
3 39 1.154750e-07
3 40 0.000000e+00
4 1 1.171680e-02
4 2 4.945280e-03
4 3 7.350860e-03
4 4 9.842480e-03
4 5 1.276610e-02
4 6 1.606970e-02
4 7 2.012870e-02
4 8 2.531600e-02
4 9 3.160240e-02
4 10 3.971740e-02
4 11 4.958660e-02
4 12 6.186550e-02
4 13 7.694690e-02
4 14 9.568090e-02
4 15 1.181950e-01
4 16 1.456640e-01
4 17 1.783250e-01
4 18 2.167630e-01
4 19 2.609270e-01
4 20 3.108730e-01
4 21 3.647970e-01
4 22 4.206010e-01
4 23 4.739060e-01
4 24 5.188200e-01
4 25 5.480100e-01
4 26 5.534150e-01
4 27 5.279000e-01
4 28 4.687970e-01
4 29 3.806360e-01
4 30 2.762150e-01
4 31 1.741230e-01
4 32 9.203470e-02
4 33 3.903880e-02
4 34 1.258310e-02
4 35 2.880900e-03
4 36 4.310600e-04
4 37 3.802210e-05
4 38 1.906890e-06
4 39 1.035990e-07
4 40 0.000000e+00
5 1 9.429880e-03
5 2 3.937080e-03
5 3 5.836070e-03
5 4 7.986570e-03
5 5 1.118620e-02
5 6 1.435440e-02
5 7 1.798040e-02
5 8 2.261400e-02
5 9 2.822950e-02
5 10 3.547850e-02
5 11 4.429460e-02
5 12 5.526320e-02
5 13 6.873540e-02
5 14 8.547130e-02
5 15 1.055840e-01
5 16 1.301210e-01
5 17 1.592990e-01
5 18 1.936380e-01
5 19 2.330980e-01
5 20 2.777310e-01
5 21 3.259130e-01
5 22 3.757740e-01
5 23 4.234120e-01
5 24 4.635670e-01
5 25 4.896890e-01
5 26 4.945510e-01
5 27 4.718030e-01
5 28 4.190410e-01
5 29 3.402980e-01
5 30 2.470000e-01
5 31 1.557520e-01
5 32 8.235400e-02
5 33 3.494830e-02
5 34 1.127090e-02
5 35 2.582270e-03
5 36 3.866870e-04
5 37 3.414610e-05
5 38 1.718510e-06
5 39 9.320990e-08
5 40 0.000000e+00
6 1 7.486460e-03
6 2 3.110160e-03
6 3 4.616310e-03
6 4 6.323900e-03
6 5 9.068510e-03
6 6 1.257890e-02
6 7 1.605940e-02
6 8 2.019790e-02
6 9 2.521350e-02
6 10 3.168820e-02
6 11 3.956250e-02
6 12 4.935970e-02
6 13 6.139330e-02
6 14 7.634170e-02
6 15 9.430780e-02
6 16 1.162250e-01
6 17 1.422880e-01
6 18 1.729650e-01
6 19 2.082090e-01
6 20 2.480990e-01
6 21 2.911460e-01
6 22 3.356980e-01
6 23 3.782720e-01
6 24 4.141730e-01
6 25 4.375540e-01
6 26 4.419190e-01
6 27 4.216760e-01
6 28 3.745880e-01
6 29 3.042660e-01
6 30 2.209120e-01
6 31 1.393520e-01
6 32 7.371620e-02
6 33 3.130060e-02
6 34 1.010170e-02
6 35 2.316350e-03
6 36 3.472150e-04
6 37 3.070600e-05
6 38 1.547370e-06
6 39 8.401070e-08
6 40 0.000000e+00
7 1 5.768020e-03
7 2 2.387720e-03
7 3 3.584660e-03
7 4 4.955570e-03
7 5 7.146500e-03
7 6 1.017980e-02
7 7 1.408040e-02
7 8 1.804850e-02
7 9 2.253010e-02
7 10 2.831560e-02
7 11 3.535220e-02
7 12 4.410700e-02
7 13 5.486030e-02
7 14 6.821860e-02
7 15 8.427410e-02
7 16 1.038620e-01
7 17 1.271540e-01
7 18 1.545710e-01
7 19 1.860700e-01
7 20 2.217300e-01
7 21 2.602180e-01
7 22 3.000500e-01
7 23 3.381260e-01
7 24 3.702420e-01
7 25 3.912030e-01
7 26 3.951560e-01
7 27 3.771220e-01
7 28 3.350840e-01
7 29 2.722500e-01
7 30 1.977370e-01
7 31 1.247910e-01
7 32 6.605100e-02
7 33 2.806590e-02
7 34 9.065690e-03
7 35 2.080960e-03
7 36 3.123430e-04
7 37 2.766980e-05
7 38 1.396640e-06
7 39 7.593500e-08
7 40 0.000000e+00
8 1 4.513870e-03
8 2 1.869060e-03
8 3 2.808680e-03
8 4 3.893500e-03
8 5 5.627260e-03
8 6 8.030500e-03
8 7 1.138400e-02
8 8 1.582520e-02
8 9 2.013990e-02
8 10 2.531150e-02
8 11 3.160160e-02
8 12 3.942790e-02
8 13 4.904090e-02
8 14 6.098270e-02
8 15 7.533650e-02
8 16 9.284920e-02
8 17 1.136740e-01
8 18 1.381880e-01
8 19 1.663540e-01
8 20 1.982410e-01
8 21 2.326750e-01
8 22 2.683070e-01
8 23 3.023790e-01
8 24 3.311330e-01
8 25 3.499340e-01
8 26 3.535270e-01
8 27 3.374770e-01
8 28 2.999430e-01
8 29 2.437820e-01
8 30 1.771380e-01
8 31 1.118540e-01
8 32 5.924570e-02
8 33 2.519670e-02
8 34 8.147740e-03
8 35 1.872710e-03
8 36 2.815570e-04
8 37 2.499910e-05
8 38 1.265430e-06
8 39 6.884710e-08
8 40 0.000000e+00
9 1 3.694720e-03
9 2 1.499690e-03
9 3 2.216470e-03
9 4 3.050630e-03
9 5 4.425430e-03
9 6 6.339390e-03
9 7 9.004780e-03
9 8 1.282230e-02
9 9 1.769350e-02
9 10 2.266060e-02
9 11 2.829170e-02
9 12 3.529850e-02
9 13 4.390550e-02
9 14 5.459740e-02
9 15 6.744950e-02
9 16 8.313060e-02
9 17 1.017800e-01
9 18 1.237320e-01
9 19 1.489590e-01
9 20 1.775160e-01
9 21 2.083770e-01
9 22 2.403100e-01
9 23 2.708500e-01
9 24 2.966520e-01
9 25 3.135380e-01
9 26 3.168130e-01
9 27 3.025410e-01
9 28 2.689920e-01
9 29 2.187250e-01
9 30 1.590140e-01
9 31 1.004780e-01
9 32 5.326810e-02
9 33 2.267980e-02
9 34 7.343650e-03
9 35 1.690710e-03
9 36 2.547290e-04
9 37 2.268390e-05
9 38 1.153530e-06
9 39 6.271400e-08
9 40 0.000000e+00
10 1 2.894630e-03
10 2 1.173180e-03
10 3 1.740960e-03
10 4 2.401160e-03
10 5 3.481410e-03
10 6 4.994150e-03
10 7 7.104650e-03
10 8 1.012860e-02
10 9 1.431890e-02
10 10 1.991330e-02
10 11 2.534280e-02
10 12 3.161890e-02
10 13 3.932910e-02
10 14 4.890770e-02
10 15 6.042170e-02
10 16 7.447100e-02
10 17 9.118050e-02
10 18 1.108530e-01
10 19 1.334610e-01
10 20 1.590560e-01
10 21 1.867240e-01
10 22 2.153740e-01
10 23 2.427750e-01
10 24 2.659540e-01
10 25 2.811510e-01
10 26 2.841570e-01
10 27 2.714610e-01
10 28 2.414680e-01
10 29 1.964560e-01
10 30 1.429260e-01
10 31 9.038610e-02
10 32 4.797070e-02
10 33 2.045250e-02
10 34 6.633580e-03
10 35 1.530410e-03
10 36 2.311730e-04
10 37 2.065390e-05
10 38 1.054670e-06
10 39 5.742060e-08
10 40 0.000000e+00
11 1 2.236000e-03
11 2 9.057630e-04
11 3 1.340990e-03
11 4 1.845110e-03
11 5 2.676700e-03
11 6 3.865490e-03
11 7 5.542790e-03
11 8 7.943540e-03
11 9 1.127130e-02
11 10 1.609010e-02
11 11 2.229180e-02
11 12 2.836740e-02
11 13 3.528450e-02
11 14 4.387910e-02
11 15 5.421080e-02
11 16 6.681800e-02
11 17 8.181470e-02
11 18 9.947160e-02
11 19 1.197680e-01
11 20 1.427500e-01
11 21 1.675950e-01
11 22 1.933460e-01
11 23 2.179840e-01
11 24 2.388510e-01
11 25 2.525670e-01
11 26 2.553580e-01
11 27 2.440540e-01
11 28 2.172100e-01
11 29 1.768460e-01
11 30 1.287730e-01
11 31 8.152270e-02
11 32 4.332410e-02
11 33 1.850300e-02
11 34 6.013860e-03
11 35 1.391020e-03
11 36 2.107870e-04
11 37 1.890710e-05
11 38 9.696000e-07
11 39 5.292630e-08
11 40 0.000000e+00
12 1 1.829720e-03
12 2 7.402220e-04
12 3 1.091460e-03
12 4 1.490640e-03
12 5 2.137270e-03
12 6 3.036900e-03
12 7 4.326900e-03
12 8 6.228290e-03
12 9 8.875710e-03
12 10 1.269620e-02
12 11 1.803500e-02
12 12 2.499800e-02
12 13 3.171110e-02
12 14 3.943550e-02
12 15 4.872270e-02
12 16 6.005670e-02
12 17 7.354000e-02
12 18 8.941700e-02
12 19 1.076710e-01
12 20 1.283460e-01
12 21 1.507060e-01
12 22 1.738920e-01
12 23 1.961020e-01
12 24 2.149350e-01
12 25 2.273490e-01
12 26 2.299740e-01
12 27 2.199080e-01
12 28 1.958570e-01
12 29 1.596010e-01
12 30 1.163430e-01
12 31 7.375640e-02
12 32 3.925970e-02
12 33 1.680260e-02
12 34 5.475450e-03
12 35 1.270540e-03
12 36 1.932850e-04
12 37 1.742270e-05
12 38 8.979960e-07
12 39 4.915630e-08
12 40 0.000000e+00
13 1 1.361350e-03
13 2 5.508540e-04
13 3 8.120970e-04
13 4 1.107610e-03
13 5 1.587970e-03
13 6 2.270870e-03
13 7 3.258120e-03
13 8 4.728640e-03
13 9 6.829670e-03
13 10 9.873660e-03
13 11 1.411890e-02
13 12 2.014970e-02
13 13 2.797080e-02
13 14 3.551150e-02
13 15 4.387560e-02
13 16 5.408490e-02
13 17 6.623200e-02
13 18 8.053870e-02
13 19 9.699060e-02
13 20 1.156310e-01
13 21 1.358020e-01
13 22 1.567250e-01
13 23 1.767970e-01
13 24 1.938430e-01
13 25 2.051260e-01
13 26 2.076000e-01
13 27 1.986540e-01
13 28 1.770800e-01
13 29 1.444570e-01
13 30 1.054420e-01
13 31 6.695920e-02
13 32 3.571580e-02
13 33 1.532490e-02
13 34 5.009910e-03
13 35 1.167090e-03
13 36 1.784030e-04
13 37 1.617700e-05
13 38 8.389970e-07
13 39 4.608930e-08
13 40 0.000000e+00
14 1 1.152470e-03
14 2 4.663230e-04
14 3 6.873980e-04
14 4 9.373470e-04
14 5 1.340790e-03
14 6 1.902750e-03
14 7 2.695780e-03
14 8 3.842600e-03
14 9 5.445880e-03
14 10 7.827500e-03
14 11 1.117610e-02
14 12 1.591870e-02
14 13 2.262620e-02
14 14 3.141080e-02
14 15 3.962120e-02
14 16 4.884520e-02
14 17 5.982050e-02
14 18 7.275020e-02
14 19 8.762350e-02
14 20 1.044840e-01
14 21 1.227360e-01
14 22 1.416860e-01
14 23 1.598890e-01
14 24 1.753800e-01
14 25 1.856910e-01
14 26 1.880450e-01
14 27 1.801060e-01
14 28 1.607210e-01
14 29 1.312870e-01
14 30 9.598790e-02
14 31 6.108390e-02
14 32 3.266790e-02
14 33 1.406110e-02
14 34 4.615010e-03
14 35 1.080300e-03
14 36 1.661110e-04
14 37 1.517140e-05
14 38 7.963730e-07
14 39 4.372320e-08
14 40 0.000000e+00
15 1 9.094890e-04
15 2 3.679840e-04
15 3 5.424680e-04
15 4 7.397470e-04
15 5 1.057780e-03
15 6 1.498950e-03
15 7 2.117710e-03
15 8 3.018070e-03
15 9 4.294150e-03
15 10 6.171500e-03
15 11 8.805630e-03
15 12 1.254280e-02
15 13 1.782440e-02
15 14 2.539210e-02
15 15 3.511950e-02
15 16 4.423880e-02
15 17 5.419410e-02
15 18 6.591640e-02
15 19 7.940620e-02
15 20 9.470620e-02
15 21 1.112830e-01
15 22 1.285080e-01
15 23 1.450790e-01
15 24 1.592240e-01
15 25 1.687010e-01
15 26 1.709730e-01
15 27 1.639290e-01
15 28 1.464800e-01
15 29 1.198500e-01
15 30 8.780890e-02
15 31 5.602120e-02
15 32 3.005630e-02
15 33 1.298710e-02
15 34 4.283170e-03
15 35 1.008540e-03
15 36 1.561880e-04
15 37 1.439410e-05
15 38 7.956400e-07
15 39 4.203380e-08
15 40 0.000000e+00
16 1 7.033990e-04
16 2 2.846260e-04
16 3 4.195790e-04
16 4 5.721960e-04
16 5 8.182210e-04
16 6 1.159270e-03
16 7 1.635890e-03
16 8 2.324940e-03
16 9 3.298870e-03
16 10 4.742210e-03
16 11 6.803820e-03
16 12 9.762970e-03
16 13 1.394530e-02
16 14 1.992490e-02
16 15 2.836550e-02
16 16 3.934720e-02
16 17 4.931290e-02
16 18 5.999460e-02
16 19 7.228650e-02
16 20 8.623890e-02
16 21 1.013690e-01
16 22 1.171090e-01
16 23 1.322770e-01
16 24 1.452760e-01
16 25 1.540500e-01
16 26 1.562790e-01
16 27 1.500300e-01
16 28 1.342830e-01
16 29 1.100920e-01
16 30 8.086310e-02
16 31 5.175000e-02
16 32 2.787220e-02
16 33 1.210090e-02
16 34 4.014130e-03
16 35 9.519580e-04
16 36 1.487010e-04
16 37 1.385840e-05
16 38 7.861700e-07
16 39 4.107350e-08
16 40 0.000000e+00
17 1 5.720900e-04
17 2 2.315160e-04
17 3 3.412930e-04
17 4 4.653900e-04
17 5 6.654950e-04
17 6 9.428770e-04
17 7 1.330330e-03
17 8 1.888080e-03
17 9 2.667490e-03
17 10 3.809290e-03
17 11 5.425470e-03
17 12 7.738040e-03
17 13 1.101290e-02
17 14 1.570310e-02
17 15 2.231650e-02
17 16 3.180580e-02
17 17 4.402980e-02
17 18 5.486500e-02
17 19 6.612650e-02
17 20 7.891520e-02
17 21 9.279930e-02
17 22 1.072640e-01
17 23 1.212390e-01
17 24 1.332610e-01
17 25 1.414570e-01
17 26 1.436820e-01
17 27 1.381520e-01
17 28 1.239020e-01
17 29 1.018360e-01
17 30 7.502980e-02
17 31 4.820040e-02
17 32 2.608290e-02
17 33 1.139000e-02
17 34 3.804960e-03
17 35 9.101410e-04
17 36 1.436410e-04
17 37 1.355990e-05
17 38 7.779400e-07
17 39 4.089240e-08
17 40 0.000000e+00
18 1 4.439380e-04
18 2 1.796800e-04
18 3 2.648760e-04
18 4 3.612090e-04
18 5 5.165330e-04
18 6 7.318420e-04
18 7 1.032590e-03
18 8 1.464520e-03
18 9 2.065690e-03
18 10 2.944480e-03
18 11 4.190290e-03
18 12 5.987970e-03
18 13 8.558580e-03
18 14 1.224700e-02
18 15 1.744920e-02
18 16 2.490750e-02
18 17 3.554610e-02
18 18 4.923090e-02
18 19 6.087760e-02
18 20 7.267790e-02
18 21 8.550790e-02
18 22 9.889540e-02
18 23 1.118770e-01
18 24 1.230900e-01
18 25 1.308290e-01
18 26 1.330890e-01
18 27 1.282060e-01
18 28 1.152630e-01
18 29 9.501920e-02
18 30 7.026910e-02
18 31 4.535110e-02
18 32 2.467870e-02
18 33 1.085180e-02
18 34 3.655790e-03
18 35 8.834350e-04
18 36 1.411430e-04
18 37 1.351620e-05
18 38 7.861930e-07
18 39 4.161610e-08
18 40 0.000000e+00
19 1 3.307030e-04
19 2 1.339450e-04
19 3 1.974750e-04
19 4 2.693160e-04
19 5 3.851460e-04
19 6 5.457460e-04
19 7 7.701340e-04
19 8 1.092370e-03
19 9 1.539710e-03
19 10 2.191160e-03
19 11 3.113800e-03
19 12 4.452890e-03
19 13 6.401040e-03
19 14 9.274010e-03
19 15 1.337870e-02
19 16 1.925490e-02
19 17 2.763030e-02
19 18 3.963220e-02
19 19 5.496980e-02
19 20 6.749620e-02
19 21 7.945590e-02
19 22 9.196230e-02
19 23 1.041370e-01
19 24 1.147120e-01
19 25 1.221040e-01
19 26 1.244460e-01
19 27 1.201390e-01
19 28 1.083280e-01
19 29 8.962180e-02
19 30 6.656850e-02
19 31 4.319770e-02
19 32 2.366420e-02
19 33 1.049070e-02
19 34 3.569380e-03
19 35 8.729620e-04
19 36 1.414870e-04
19 37 1.377880e-05
19 38 8.139790e-07
19 39 4.341890e-08
19 40 0.000000e+00
20 1 2.707590e-04
20 2 1.096320e-04
20 3 1.616170e-04
20 4 2.204200e-04
20 5 3.152160e-04
20 6 4.466220e-04
20 7 6.301910e-04
20 8 8.936920e-04
20 9 1.259430e-03
20 10 1.789810e-03
20 11 2.532220e-03
20 12 3.592240e-03
20 13 5.102500e-03
20 14 7.277020e-03
20 15 1.040980e-02
20 16 1.499270e-02
20 17 2.153020e-02
20 18 3.088350e-02
20 19 4.427470e-02
20 20 6.138430e-02
20 21 7.447050e-02
20 22 8.627880e-02
20 23 9.780490e-02
20 24 1.078930e-01
20 25 1.150570e-01
20 26 1.175370e-01
20 27 1.137710e-01
20 28 1.029560e-01
20 29 8.554920e-02
20 30 6.388670e-02
20 31 4.173180e-02
20 32 2.304670e-02
20 33 1.031660e-02
20 34 3.551820e-03
20 35 8.810070e-04
20 36 1.451980e-04
20 37 1.441600e-05
20 38 8.657250e-07
20 39 4.652760e-08
20 40 0.000000e+00
21 1 2.142290e-04
21 2 8.675280e-05
21 3 1.278950e-04
21 4 1.744170e-04
21 5 2.494240e-04
21 6 3.534220e-04
21 7 4.986980e-04
21 8 7.072860e-04
21 9 9.968090e-04
21 10 1.416590e-03
21 11 2.004030e-03
21 12 2.841310e-03
21 13 4.033470e-03
21 14 5.761120e-03
21 15 8.222780e-03
21 16 1.175890e-02
21 17 1.680450e-02
21 18 2.404530e-02
21 19 3.442610e-02
21 20 4.944560e-02
21 21 6.841890e-02
21 22 8.192900e-02
21 23 9.299680e-02
21 24 1.027650e-01
21 25 1.098360e-01
21 26 1.125070e-01
21 27 1.092640e-01
21 28 9.928310e-02
21 29 8.292580e-02
21 30 6.232180e-02
21 31 4.102580e-02
21 32 2.287230e-02
21 33 1.035600e-02
21 34 3.614340e-03
21 35 9.112560e-04
21 36 1.531070e-04
21 37 1.554320e-05
21 38 9.497470e-07
21 39 5.141510e-08
21 40 0.000000e+00
22 1 1.647230e-04
22 2 6.671240e-05
22 3 9.835150e-05
22 4 1.341270e-04
22 5 1.918190e-04
22 6 2.718100e-04
22 7 3.835470e-04
22 8 5.440170e-04
22 9 7.667170e-04
22 10 1.089770e-03
22 11 1.542030e-03
22 12 2.185700e-03
22 13 3.100380e-03
22 14 4.423710e-03
22 15 6.313560e-03
22 16 9.042990e-03
22 17 1.294310e-02
22 18 1.853780e-02
22 19 2.657240e-02
22 20 3.821330e-02
22 21 5.503050e-02
22 22 7.613830e-02
22 23 8.967420e-02
22 24 9.929870e-02
22 25 1.063940e-01
22 26 1.093270e-01
22 27 1.065900e-01
22 28 9.730920e-02
22 29 8.176750e-02
22 30 6.190360e-02
22 31 4.111710e-02
22 32 2.317400e-02
22 33 1.063180e-02
22 34 3.769020e-03
22 35 9.681560e-04
22 36 1.662900e-04
22 37 1.731310e-05
22 38 1.077290e-06
22 39 5.864940e-08
22 40 0.000000e+00
23 1 1.224770e-04
23 2 4.965340e-05
23 3 7.320500e-05
23 4 9.984580e-05
23 5 1.427950e-04
23 6 2.023610e-04
23 7 2.856070e-04
23 8 4.051560e-04
23 9 5.711510e-04
23 10 8.119760e-04
23 11 1.149260e-03
23 12 1.629680e-03
23 13 2.311040e-03
23 14 3.292420e-03
23 15 4.693060e-03
23 16 6.734480e-03
23 17 9.698800e-03
23 18 1.400750e-02
23 19 2.021100e-02
23 20 2.919940e-02
23 21 4.220860e-02
23 22 6.113990e-02
23 23 8.461150e-02
23 24 9.770020e-02
23 25 1.049900e-01
23 26 1.082870e-01
23 27 1.060330e-01
23 28 9.731270e-02
23 29 8.233580e-02
23 30 6.285580e-02
23 31 4.217780e-02
23 32 2.406710e-02
23 33 1.120750e-02
23 34 4.044670e-03
23 35 1.061080e-03
23 36 1.868580e-04
23 37 2.001030e-05
23 38 1.249680e-06
23 39 6.973380e-08
23 40 0.000000e+00
24 1 9.336050e-05
24 2 3.785040e-05
24 3 5.580390e-05
24 4 7.611010e-05
24 5 1.088640e-04
24 6 1.542820e-04
24 7 2.177460e-04
24 8 3.089320e-04
24 9 4.355370e-04
24 10 6.193020e-04
24 11 8.767460e-04
24 12 1.243430e-03
24 13 1.763860e-03
24 14 2.511990e-03
24 15 3.574320e-03
24 16 5.115590e-03
24 17 7.347450e-03
24 18 1.059900e-02
24 19 1.532300e-02
24 20 2.219230e-02
24 21 3.214440e-02
24 22 4.666400e-02
24 23 6.786170e-02
24 24 9.377030e-02
24 25 1.056850e-01
24 26 1.094420e-01
24 27 1.077500e-01
24 28 9.950810e-02
24 29 8.484460e-02
24 30 6.540030e-02
24 31 4.440200e-02
24 32 2.569750e-02
24 33 1.217160e-02
24 34 4.482610e-03
24 35 1.204370e-03
24 36 2.181170e-04
24 37 2.412890e-05
24 38 1.511500e-06
24 39 8.643800e-08
24 40 0.000000e+00
25 1 6.981900e-05
25 2 2.833410e-05
25 3 4.177810e-05
25 4 5.698580e-05
25 5 8.150920e-05
25 6 1.155310e-04
25 7 1.630910e-04
25 8 2.314200e-04
25 9 3.263330e-04
25 10 4.641130e-04
25 11 6.572240e-04
25 12 9.324810e-04
25 13 1.323260e-03
25 14 1.885380e-03
25 15 2.682820e-03
25 16 3.836120e-03
25 17 5.506180e-03
25 18 7.941650e-03
25 19 1.148980e-02
25 20 1.667840e-02
25 21 2.422500e-02
25 22 3.526650e-02
25 23 5.143580e-02
25 24 7.514770e-02
25 25 1.036160e-01
25 26 1.133730e-01
25 27 1.122660e-01
25 28 1.044520e-01
25 29 8.982290e-02
25 30 6.999380e-02
25 31 4.814830e-02
25 32 2.831170e-02
25 33 1.366720e-02
25 34 5.148750e-03
25 35 1.420880e-03
25 36 2.655010e-04
25 37 3.045910e-05
25 38 1.971580e-06
25 39 1.121580e-07
25 40 0.000000e+00
26 1 4.766550e-05
26 2 1.941170e-05
26 3 2.862450e-05
26 4 3.905020e-05
26 5 5.586800e-05
26 6 7.920510e-05
26 7 1.118420e-04
26 8 1.587580e-04
26 9 2.239950e-04
26 10 3.187830e-04
26 11 4.517670e-04
26 12 6.416160e-04
26 13 9.115790e-04
26 14 1.300660e-03
26 15 1.853770e-03
26 16 2.653570e-03
26 17 3.806640e-03
26 18 5.494660e-03
26 19 7.990170e-03
26 20 1.173400e-02
26 21 1.734610e-02
26 22 2.572290e-02
26 23 3.805600e-02
26 24 5.622520e-02
26 25 8.301210e-02
26 26 1.144520e-01
26 27 1.208600e-01
26 28 1.132940e-01
26 29 9.834120e-02
26 30 7.748920e-02
26 31 5.405170e-02
26 32 3.232340e-02
26 33 1.592570e-02
26 34 6.148230e-03
26 35 1.747130e-03
26 36 3.380000e-04
26 37 4.039590e-05
26 38 2.719320e-06
26 39 1.530920e-07
26 40 0.000000e+00
27 1 3.567020e-05
27 2 1.454970e-05
27 3 2.145610e-05
27 4 2.927070e-05
27 5 4.187930e-05
27 6 5.937810e-05
27 7 8.384940e-05
27 8 1.190420e-04
27 9 1.679590e-04
27 10 2.390750e-04
27 11 3.388950e-04
27 12 4.813880e-04
27 13 6.842560e-04
27 14 9.767890e-04
27 15 1.393120e-03
27 16 1.995950e-03
27 17 2.865060e-03
27 18 4.128230e-03
27 19 5.976460e-03
27 20 8.722800e-03
27 21 1.281620e-02
27 22 1.895650e-02
27 23 2.811120e-02
27 24 4.168480e-02
27 25 6.182140e-02
27 26 9.156840e-02
27 27 1.254180e-01
27 28 1.267890e-01
27 29 1.112710e-01
27 30 8.884550e-02
27 31 6.298070e-02
27 32 3.840470e-02
27 33 1.937080e-02
27 34 7.689630e-03
27 35 2.258200e-03
27 36 4.540350e-04
27 37 5.674140e-05
27 38 3.983360e-06
27 39 2.189920e-07
27 40 0.000000e+00
28 1 2.480180e-05
28 2 1.015660e-05
28 3 1.497940e-05
28 4 2.043870e-05
28 5 2.924590e-05
28 6 4.147230e-05
28 7 5.857760e-05
28 8 8.318710e-05
28 9 1.174270e-04
28 10 1.672140e-04
28 11 2.371700e-04
28 12 3.371780e-04
28 13 4.796490e-04
28 14 6.854720e-04
28 15 9.790230e-04
28 16 1.405070e-03
28 17 2.021040e-03
28 18 2.917970e-03
28 19 4.228090e-03
28 20 6.171070e-03
28 21 9.070770e-03
28 22 1.347170e-02
28 23 2.015080e-02
28 24 3.017930e-02
28 25 4.518610e-02
28 26 6.757060e-02
28 27 1.007150e-01
28 28 1.369690e-01
28 29 1.313480e-01
28 30 1.063570e-01
28 31 7.667410e-02
28 32 4.773250e-02
28 33 2.468350e-02
28 34 1.009720e-02
28 35 3.072920e-03
28 36 6.444980e-04
28 37 8.463820e-05
28 38 6.242000e-06
28 39 3.291330e-07
28 40 0.000000e+00
29 1 1.584750e-05
29 2 6.563810e-06
29 3 9.681560e-06
29 4 1.321220e-05
29 5 1.891110e-05
29 6 2.682520e-05
29 7 3.790800e-05
29 8 5.386300e-05
29 9 7.607820e-05
29 10 1.084300e-04
29 11 1.539410e-04
29 12 2.191000e-04
29 13 3.121820e-04
29 14 4.470030e-04
29 15 6.398760e-04
29 16 9.209890e-04
29 17 1.329410e-03
29 18 1.927330e-03
29 19 2.805620e-03
29 20 4.110590e-03
29 21 6.050380e-03
29 22 8.988770e-03
29 23 1.353710e-02
29 24 2.061780e-02
29 25 3.159130e-02
29 26 4.828790e-02
29 27 7.336070e-02
29 28 1.105540e-01
29 29 1.493250e-01
29 30 1.342480e-01
29 31 9.845350e-02
29 32 6.258410e-02
29 33 3.320490e-02
29 34 1.401450e-02
29 35 4.429820e-03
29 36 9.723390e-04
29 37 1.348360e-04
29 38 1.055780e-05
29 39 5.315480e-07
29 40 0.000000e+00
30 1 1.065060e-05
30 2 4.430270e-06
30 3 6.535700e-06
30 4 8.920840e-06
30 5 1.277100e-05
30 6 1.811950e-05
30 7 2.561130e-05
30 8 3.640310e-05
30 9 5.144040e-05
30 10 7.335420e-05
30 11 1.042230e-04
30 12 1.484820e-04
30 13 2.117890e-04
30 14 3.036820e-04
30 15 4.354810e-04
30 16 6.281070e-04
30 17 9.090350e-04
30 18 1.322200e-03
30 19 1.932280e-03
30 20 2.844510e-03
30 21 4.213990e-03
30 22 6.300100e-03
30 23 9.508660e-03
30 24 1.448910e-02
30 25 2.224930e-02
30 26 3.422150e-02
30 27 5.248830e-02
30 28 8.000650e-02
30 29 1.206550e-01
30 30 1.604650e-01
30 31 1.335920e-01
30 32 8.695140e-02
30 33 4.747890e-02
30 34 2.074920e-02
30 35 6.839060e-03
30 36 1.577830e-03
30 37 2.320300e-04
30 38 1.937600e-05
30 39 9.598160e-07
30 40 0.000000e+00
31 1 6.644070e-06
31 2 2.792020e-06
31 3 4.119520e-06
31 4 5.623680e-06
31 5 8.052750e-06
31 6 1.142990e-05
31 7 1.616150e-05
31 8 2.298230e-05
31 9 3.249840e-05
31 10 4.637600e-05
31 11 6.595470e-05
31 12 9.408320e-05
31 13 1.344000e-04
31 14 1.930760e-04
31 15 2.775300e-04
31 16 4.014630e-04
31 17 5.831380e-04
31 18 8.519950e-04
31 19 1.251980e-03
31 20 1.855370e-03
31 21 2.768680e-03
31 22 4.167210e-03
31 23 6.327100e-03
31 24 9.694170e-03
31 25 1.498690e-02
31 26 2.335850e-02
31 27 3.644200e-02
31 28 5.656230e-02
31 29 8.690980e-02
31 30 1.314350e-01
31 31 1.714470e-01
31 32 1.298300e-01
31 33 7.298390e-02
31 34 3.305930e-02
31 35 1.138500e-02
31 36 2.770020e-03
31 37 4.341140e-04
31 38 3.902830e-05
31 39 1.909910e-06
31 40 0.000000e+00
32 1 3.791850e-06
32 2 1.620760e-06
32 3 2.392370e-06
32 4 3.267010e-06
32 5 4.679860e-06
32 6 6.645200e-06
32 7 9.402040e-06
32 8 1.337970e-05
32 9 1.893500e-05
32 10 2.705270e-05
32 11 3.852630e-05
32 12 5.504610e-05
32 13 7.880580e-05
32 14 1.135120e-04
32 15 1.636880e-04
32 16 2.377390e-04
32 17 3.470080e-04
32 18 5.099770e-04
32 19 7.547660e-04
32 20 1.128110e-03
32 21 1.700420e-03
32 22 2.588910e-03
32 23 3.978620e-03
32 24 6.170830e-03
32 25 9.664130e-03
32 26 1.528870e-02
32 27 2.431200e-02
32 28 3.857530e-02
32 29 6.068990e-02
32 30 9.403410e-02
32 31 1.424470e-01
32 32 1.814560e-01
32 33 1.224910e-01
32 34 5.749490e-02
32 35 2.069860e-02
32 36 5.319870e-03
32 37 8.915140e-04
32 38 8.687830e-05
32 39 4.437780e-06
32 40 2.692330e-07
33 1 1.988690e-06
33 2 8.720630e-07
33 3 1.287920e-06
33 4 1.759650e-06
33 5 2.521990e-06
33 6 3.583290e-06
33 7 5.073350e-06
33 8 7.226140e-06
33 9 1.023750e-05
33 10 1.464540e-05
33 11 2.089230e-05
33 12 2.991350e-05
33 13 4.293220e-05
33 14 6.203500e-05
33 15 8.980660e-05
33 16 1.310510e-04
33 17 1.924050e-04
33 18 2.847770e-04
33 19 4.250420e-04
33 20 6.417190e-04
33 21 9.789170e-04
33 22 1.511370e-03
33 23 2.360020e-03
33 24 3.724930e-03
33 25 5.938110e-03
33 26 9.560590e-03
33 27 1.551210e-02
33 28 2.521500e-02
33 29 4.075840e-02
33 30 6.502070e-02
33 31 1.014800e-01
33 32 1.535890e-01
33 33 1.899540e-01
33 34 1.115940e-01
33 35 4.194600e-02
33 36 1.138740e-02
33 37 2.043530e-03
33 38 2.166840e-04
33 39 1.185500e-05
33 40 7.120250e-07
34 1 8.678170e-07
34 2 4.265750e-07
34 3 6.343510e-07
34 4 8.689200e-07
34 5 1.246590e-06
34 6 1.772510e-06
34 7 2.511700e-06
34 8 3.581050e-06
34 9 5.080380e-06
34 10 7.279850e-06
34 11 1.040500e-05
34 12 1.493530e-05
34 13 2.150180e-05
34 14 3.118860e-05
34 15 4.536540e-05
34 16 6.658040e-05
34 17 9.841960e-05
34 18 1.468710e-04
34 19 2.213730e-04
34 20 3.381270e-04
34 21 5.228790e-04
34 22 8.202030e-04
34 23 1.304660e-03
34 24 2.103490e-03
34 25 3.433410e-03
34 26 5.658800e-03
34 27 9.399770e-03
34 28 1.568560e-02
34 29 2.612670e-02
34 30 4.307520e-02
34 31 6.963330e-02
34 32 1.092120e-01
34 33 1.645870e-01
34 34 1.960970e-01
34 35 9.738980e-02
34 36 2.784580e-02
34 37 5.345000e-03
34 38 6.174130e-04
34 39 3.735300e-05
34 40 1.461630e-06
35 1 3.187960e-07
35 2 1.754390e-07
35 3 2.722150e-07
35 4 3.813030e-07
35 5 5.511200e-07
35 6 7.851020e-07
35 7 1.113930e-06
35 8 1.590480e-06
35 9 2.259900e-06
35 10 3.244930e-06
35 11 4.650110e-06
35 12 6.695550e-06
35 13 9.677210e-06
35 14 1.410300e-05
35 15 2.063030e-05
35 16 3.048890e-05
35 17 4.544770e-05
35 18 6.849760e-05
35 19 1.044510e-04
35 20 1.617060e-04
35 21 2.539910e-04
35 22 4.056520e-04
35 23 6.586240e-04
35 24 1.086950e-03
35 25 1.822070e-03
35 26 3.094370e-03
35 27 5.306020e-03
35 28 9.155230e-03
35 29 1.580560e-02
35 30 2.707600e-02
35 31 4.557870e-02
35 32 7.455240e-02
35 33 1.171240e-01
35 34 1.749690e-01
35 35 1.994330e-01
35 36 8.103750e-02
35 37 1.652360e-02
35 38 2.069710e-03
35 39 1.390870e-04
35 40 4.820960e-06
36 1 8.837410e-08
36 2 5.053790e-08
36 3 8.217960e-08
36 4 1.210900e-07
36 5 1.840010e-07
36 6 2.725400e-07
36 7 3.963350e-07
36 8 5.732480e-07
36 9 8.191530e-07
36 10 1.179520e-06
36 11 1.695660e-06
36 12 2.450810e-06
36 13 3.558760e-06
36 14 5.216420e-06
36 15 7.685320e-06
36 16 1.145650e-05
36 17 1.725680e-05
36 18 2.633840e-05
36 19 4.077530e-05
36 20 6.427710e-05
36 21 1.031240e-04
36 22 1.688010e-04
36 23 2.819370e-04
36 24 4.805590e-04
36 25 8.352330e-04
36 26 1.476280e-03
36 27 2.641060e-03
36 28 4.753740e-03
36 29 8.570000e-03
36 30 1.540680e-02
36 31 2.737310e-02
36 32 4.742550e-02
36 33 7.898890e-02
36 34 1.247150e-01
36 35 1.848600e-01
36 36 2.006020e-01
36 37 6.419020e-02
36 38 8.594700e-03
36 39 6.344850e-04
36 40 2.245810e-05
37 1 1.662280e-08
37 2 9.515480e-09
37 3 1.574330e-08
37 4 2.408290e-08
37 5 3.858860e-08
37 6 6.129860e-08
37 7 9.686500e-08
37 8 1.522530e-07
37 9 2.316250e-07
37 10 3.473810e-07
37 11 5.099150e-07
37 12 7.455500e-07
37 13 1.089690e-06
37 14 1.606900e-06
37 15 2.384790e-06
37 16 3.586900e-06
37 17 5.462850e-06
37 18 8.450440e-06
37 19 1.329530e-05
37 20 2.136650e-05
37 21 3.507800e-05
37 22 5.901010e-05
37 23 1.017750e-04
37 24 1.800180e-04
37 25 3.263870e-04
37 26 6.050070e-04
37 27 1.141870e-03
37 28 2.177740e-03
37 29 4.161420e-03
37 30 7.909770e-03
37 31 1.488090e-02
37 32 2.750110e-02
37 33 4.916980e-02
37 34 8.344030e-02
37 35 1.321910e-01
37 36 1.938560e-01
37 37 1.989830e-01
37 38 4.808870e-02
37 39 3.818970e-03
37 40 1.490230e-04
38 1 3.018250e-09
38 2 1.727760e-09
38 3 2.858550e-09
38 4 4.372810e-09
38 5 7.006650e-09
38 6 1.113080e-08
38 7 1.760400e-08
38 8 2.797720e-08
38 9 4.415870e-08
38 10 7.024650e-08
38 11 1.102650e-07
38 12 1.703580e-07
38 13 2.593890e-07
38 14 3.922780e-07
38 15 5.896890e-07
38 16 8.951440e-07
38 17 1.378020e-06
38 18 2.160410e-06
38 19 3.456580e-06
38 20 5.672330e-06
38 21 9.554940e-06
38 22 1.658340e-05
38 23 2.969480e-05
38 24 5.491390e-05
38 25 1.048630e-04
38 26 2.062180e-04
38 27 4.155910e-04
38 28 8.513800e-04
38 29 1.749670e-03
38 30 3.568640e-03
38 31 7.189250e-03
38 32 1.423770e-02
38 33 2.748880e-02
38 34 5.084210e-02
38 35 8.791540e-02
38 36 1.393950e-01
38 37 2.015890e-01
38 38 1.947590e-01
38 39 3.409840e-02
38 40 1.436850e-03
39 1 4.490700e-10
39 2 2.570700e-10
39 3 4.253100e-10
39 4 6.506100e-10
39 5 1.042490e-09
39 6 1.656110e-09
39 7 2.619220e-09
39 8 4.162610e-09
39 9 6.570190e-09
39 10 1.045360e-08
39 11 1.654980e-08
39 12 2.622550e-08
39 13 4.151870e-08
39 14 6.593070e-08
39 15 1.044490e-07
39 16 1.653860e-07
39 17 2.619470e-07
39 18 4.193840e-07
39 19 6.841150e-07
39 20 1.145980e-06
39 21 1.982210e-06
39 22 3.556970e-06
39 23 6.636870e-06
39 24 1.290360e-05
39 25 2.615490e-05
39 26 5.514380e-05
39 27 1.203220e-04
39 28 2.693780e-04
39 29 6.108090e-04
39 30 1.372570e-03
39 31 3.014880e-03
39 32 6.471790e-03
39 33 1.355090e-02
39 34 2.744020e-02
39 35 5.260350e-02
39 36 9.255790e-02
39 37 1.462490e-01
39 38 2.078170e-01
39 39 1.883840e-01
39 40 2.342380e-02
40 1 7.617800e-11
40 2 4.360700e-11
40 3 7.214700e-11
40 4 1.103700e-10
40 5 1.768400e-10
40 6 2.809300e-10
40 7 4.443100e-10
40 8 7.061200e-10
40 9 1.114530e-09
40 10 1.773290e-09
40 11 2.807400e-09
40 12 4.448730e-09
40 13 7.042970e-09
40 14 1.118070e-08
40 15 1.769670e-08
40 16 2.807070e-08
40 17 4.448900e-08
40 18 7.053790e-08
40 19 1.123590e-07
40 20 1.835380e-07
40 21 3.120230e-07
40 22 5.646920e-07
40 23 1.090690e-06
40 24 2.224860e-06
40 25 4.786670e-06
40 26 1.082270e-05
40 27 2.561090e-05
40 28 6.295150e-05
40 29 1.588800e-04
40 30 4.051740e-04
40 31 1.013060e-03
40 32 2.434930e-03
40 33 5.662800e-03
40 34 1.276940e-02
40 35 2.756000e-02
40 36 5.503730e-02
40 37 9.801830e-02
40 38 1.528720e-01
40 39 2.121790e-01
40 40 1.953020e-01
