1 9.224280e+00
2 8.236060e+00
3 7.343280e+00
4 6.549290e+00
5 5.849180e+00
6 5.222950e+00
7 4.665630e+00
8 4.168970e+00
9 3.730420e+00
10 3.339330e+00
11 2.993250e+00
12 2.686980e+00
13 2.415660e+00
14 2.176970e+00
15 1.966290e+00
16 1.782060e+00
17 1.620830e+00
18 1.480450e+00
19 1.359180e+00
20 1.254630e+00
21 1.166010e+00
22 1.090510e+00
23 1.027580e+00
24 9.753140e-01
25 9.322850e-01
26 8.973510e-01
27 8.694010e-01
28 8.467060e-01
29 8.289450e-01
30 8.145120e-01
31 8.033240e-01
32 7.941630e-01
33 7.872440e-01
34 7.815110e-01
35 7.767970e-01
36 7.731900e-01
37 7.704360e-01
38 7.681380e-01
39 7.662650e-01
40 7.647630e-01
