1 1.128650e+01
2 1.007490e+01
3 8.979990e+00
4 8.005890e+00
5 7.146590e+00
6 6.377540e+00
7 5.692650e+00
8 5.081770e+00
9 4.541760e+00
10 4.059550e+00
11 3.631270e+00
12 3.253000e+00
13 2.916280e+00
14 2.619060e+00
15 2.355650e+00
16 2.124140e+00
17 1.920260e+00
18 1.741430e+00
19 1.585520e+00
20 1.449660e+00
21 1.332650e+00
22 1.232210e+00
23 1.146430e+00
24 1.074620e+00
25 1.014120e+00
26 9.640520e-01
27 9.232630e-01
28 8.900930e-01
29 8.633670e-01
30 8.421560e-01
31 8.253980e-01
32 8.116280e-01
33 8.007760e-01
34 7.922410e-01
35 7.855150e-01
36 7.802050e-01
37 7.760740e-01
38 7.726270e-01
39 7.698180e-01
40 7.675650e-01
