1 6.541330e+00
2 5.844810e+00
3 5.216080e+00
4 4.657510e+00
5 4.165620e+00
6 3.726370e+00
7 3.336260e+00
8 2.990170e+00
9 2.684310e+00
10 2.413230e+00
11 2.174560e+00
12 1.964640e+00
13 1.780100e+00
14 1.619280e+00
15 1.478950e+00
16 1.358260e+00
17 1.253780e+00
18 1.165150e+00
19 1.089790e+00
20 1.027000e+00
21 9.747710e-01
22 9.318700e-01
23 8.972810e-01
24 8.690200e-01
25 8.464860e-01
26 8.287610e-01
27 8.143740e-01
28 8.032200e-01
29 7.940840e-01
30 7.871750e-01
31 7.812420e-01
32 7.766620e-01
33 7.732020e-01
34 7.703350e-01
35 7.679780e-01
36 7.661750e-01
37 7.647980e-01
38 7.636490e-01
39 7.627130e-01
40 7.619620e-01
