1 1.455960e+01
2 1.299410e+01
3 1.157900e+01
4 1.031980e+01
5 9.208480e+00
6 8.213480e+00
7 7.326880e+00
8 6.535530e+00
9 5.835370e+00
10 5.209460e+00
11 4.652790e+00
12 4.160240e+00
13 3.720860e+00
14 3.331970e+00
15 2.986150e+00
16 2.680940e+00
17 2.410760e+00
18 2.172240e+00
19 1.962660e+00
20 1.778310e+00
21 1.617680e+00
22 1.477900e+00
23 1.356630e+00
24 1.252800e+00
25 1.164280e+00
26 1.089070e+00
27 1.026380e+00
28 9.742820e-01
29 9.314790e-01
30 8.969540e-01
31 8.687300e-01
32 8.465590e-01
33 8.285110e-01
34 8.142940e-01
35 8.030840e-01
36 7.942350e-01
37 7.873510e-01
38 7.816050e-01
39 7.769230e-01
40 7.731680e-01
