1 1 1.518190e-02
1 2 5.621550e-03
1 3 7.378330e-03
1 4 8.954320e-03
1 5 1.140440e-02
1 6 1.437430e-02
1 7 1.803520e-02
1 8 2.273100e-02
1 9 2.845050e-02
1 10 3.587570e-02
1 11 4.497950e-02
1 12 5.641440e-02
1 13 7.063510e-02
1 14 8.857230e-02
1 15 1.105770e-01
1 16 1.380960e-01
1 17 1.719100e-01
1 18 2.134100e-01
1 19 2.637720e-01
1 20 3.249230e-01
1 21 3.976250e-01
1 22 4.832950e-01
1 23 5.819420e-01
1 24 6.926520e-01
1 25 8.127300e-01
1 26 9.364420e-01
1 27 1.054470e+00
1 28 1.153650e+00
1 29 1.217200e+00
1 30 1.227550e+00
1 31 1.169040e+00
1 32 1.035940e+00
1 33 8.389500e-01
1 34 6.067710e-01
1 35 3.809030e-01
1 36 2.002970e-01
1 37 8.440960e-02
1 38 2.698730e-02
1 39 6.117130e-03
1 40 9.864050e-04
2 1 1.204910e-02
2 2 4.907160e-03
2 3 6.583110e-03
2 4 7.991830e-03
2 5 1.017850e-02
2 6 1.282910e-02
2 7 1.609660e-02
2 8 2.028750e-02
2 9 2.539230e-02
2 10 3.201950e-02
2 11 4.014440e-02
2 12 5.035080e-02
2 13 6.304320e-02
2 14 7.905140e-02
2 15 9.868950e-02
2 16 1.232520e-01
2 17 1.534310e-01
2 18 1.904680e-01
2 19 2.354210e-01
2 20 2.900080e-01
2 21 3.548960e-01
2 22 4.313580e-01
2 23 5.194020e-01
2 24 6.182140e-01
2 25 7.253890e-01
2 26 8.358090e-01
2 27 9.411630e-01
2 28 1.029670e+00
2 29 1.086420e+00
2 30 1.095690e+00
2 31 1.043490e+00
2 32 9.247060e-01
2 33 7.488970e-01
2 34 5.416660e-01
2 35 3.400530e-01
2 36 1.788300e-01
2 37 7.536960e-02
2 38 2.409980e-02
2 39 5.463410e-03
2 40 8.811750e-04
3 1 9.506840e-03
3 2 3.978860e-03
3 3 5.737800e-03
3 4 7.120300e-03
3 5 9.070470e-03
3 6 1.143250e-02
3 7 1.434440e-02
3 8 1.807900e-02
3 9 2.262820e-02
3 10 2.853400e-02
3 11 3.577430e-02
3 12 4.487000e-02
3 13 5.618110e-02
3 14 7.044640e-02
3 15 8.794600e-02
3 16 1.098350e-01
3 17 1.367290e-01
3 18 1.697340e-01
3 19 2.097960e-01
3 20 2.584460e-01
3 21 3.162770e-01
3 22 3.844170e-01
3 23 4.628780e-01
3 24 5.509360e-01
3 25 6.464490e-01
3 26 7.448560e-01
3 27 8.387540e-01
3 28 9.176340e-01
3 29 9.682210e-01
3 30 9.765160e-01
3 31 9.300200e-01
3 32 8.241850e-01
3 33 6.675190e-01
3 34 4.828360e-01
3 35 3.031420e-01
3 36 1.594340e-01
3 37 6.720280e-02
3 38 2.149160e-02
3 39 4.873010e-03
3 40 7.861550e-04
4 1 7.418850e-03
4 2 3.129830e-03
4 3 4.650140e-03
4 4 6.215620e-03
4 5 8.083250e-03
4 6 1.018980e-02
4 7 1.278510e-02
4 8 1.611380e-02
4 9 2.016850e-02
4 10 2.543220e-02
4 11 3.188560e-02
4 12 3.999250e-02
4 13 5.007420e-02
4 14 6.278940e-02
4 15 7.838700e-02
4 16 9.789500e-02
4 17 1.218660e-01
4 18 1.512850e-01
4 19 1.869910e-01
4 20 2.303540e-01
4 21 2.819110e-01
4 22 3.426470e-01
4 23 4.125810e-01
4 24 4.910710e-01
4 25 5.762060e-01
4 26 6.639240e-01
4 27 7.476290e-01
4 28 8.179610e-01
4 29 8.630370e-01
4 30 8.704810e-01
4 31 8.290650e-01
4 32 7.347530e-01
4 33 5.951220e-01
4 34 4.305010e-01
4 35 2.703100e-01
4 36 1.421830e-01
4 37 5.994020e-02
4 38 1.917250e-02
4 39 4.348180e-03
4 40 7.017110e-04
5 1 5.972940e-03
5 2 2.492660e-03
5 3 3.694130e-03
5 4 5.053050e-03
5 5 7.067680e-03
5 6 9.092370e-03
5 7 1.140920e-02
5 8 1.437970e-02
5 9 1.799800e-02
5 10 2.269520e-02
5 11 2.845420e-02
5 12 3.568870e-02
5 13 4.468540e-02
5 14 5.603250e-02
5 15 6.995210e-02
5 16 8.736010e-02
5 17 1.087510e-01
5 18 1.350040e-01
5 19 1.668690e-01
5 20 2.055660e-01
5 21 2.515810e-01
5 22 3.057910e-01
5 23 3.682020e-01
5 24 4.382480e-01
5 25 5.142280e-01
5 26 5.925150e-01
5 27 6.672270e-01
5 28 7.300080e-01
5 29 7.702410e-01
5 30 7.769240e-01
5 31 7.400000e-01
5 32 6.558570e-01
5 33 5.312580e-01
5 34 3.843400e-01
5 35 2.413530e-01
5 36 1.269700e-01
5 37 5.353690e-02
5 38 1.712820e-02
5 39 3.885660e-03
5 40 6.273160e-04
6 1 4.744200e-03
6 2 1.970080e-03
6 3 2.923450e-03
6 4 4.003740e-03
6 5 5.738760e-03
6 6 7.951200e-03
6 7 1.017680e-02
6 8 1.282710e-02
6 9 1.605480e-02
6 10 2.024500e-02
6 11 2.538220e-02
6 12 3.183550e-02
6 13 3.986080e-02
6 14 4.998300e-02
6 15 6.240010e-02
6 16 7.792950e-02
6 17 9.701110e-02
6 18 1.204290e-01
6 19 1.488550e-01
6 20 1.833740e-01
6 21 2.244190e-01
6 22 2.727920e-01
6 23 3.284730e-01
6 24 3.909600e-01
6 25 4.587450e-01
6 26 5.285890e-01
6 27 5.952520e-01
6 28 6.512610e-01
6 29 6.871890e-01
6 30 6.931750e-01
6 31 6.602820e-01
6 32 5.852460e-01
6 33 4.741060e-01
6 34 3.430340e-01
6 35 2.154460e-01
6 36 1.133620e-01
6 37 4.781020e-02
6 38 1.530050e-02
6 39 3.472270e-03
6 40 5.608620e-04
7 1 3.658060e-03
7 2 1.513610e-03
7 3 2.271730e-03
7 4 3.139530e-03
7 5 4.525910e-03
7 6 6.443530e-03
7 7 8.903910e-03
7 8 1.144350e-02
7 9 1.432350e-02
7 10 1.806170e-02
7 11 2.264510e-02
7 12 2.840250e-02
7 13 3.556240e-02
7 14 4.459310e-02
7 15 5.567140e-02
7 16 6.952620e-02
7 17 8.655140e-02
7 18 1.074440e-01
7 19 1.328040e-01
7 20 1.636030e-01
7 21 2.002230e-01
7 22 2.433820e-01
7 23 2.930760e-01
7 24 3.488320e-01
7 25 4.093230e-01
7 26 4.716390e-01
7 27 5.311310e-01
7 28 5.811150e-01
7 29 6.132210e-01
7 30 6.185810e-01
7 31 5.892770e-01
7 32 5.223580e-01
7 33 4.232100e-01
7 34 3.062540e-01
7 35 1.923820e-01
7 36 1.012500e-01
7 37 4.271430e-02
7 38 1.367470e-02
7 39 3.104710e-03
7 40 5.018420e-04
8 1 2.865200e-03
8 2 1.185830e-03
8 3 1.781460e-03
8 4 2.468690e-03
8 5 3.566610e-03
8 6 5.087510e-03
8 7 7.207670e-03
8 8 1.001100e-02
8 9 1.277810e-02
8 10 1.611340e-02
8 11 2.020230e-02
8 12 2.533860e-02
8 13 3.172630e-02
8 14 3.978290e-02
8 15 4.966630e-02
8 16 6.202680e-02
8 17 7.721610e-02
8 18 9.585580e-02
8 19 1.184800e-01
8 20 1.459580e-01
8 21 1.786300e-01
8 22 2.171350e-01
8 23 2.614840e-01
8 24 3.112380e-01
8 25 3.652170e-01
8 26 4.208200e-01
8 27 4.739140e-01
8 28 5.185300e-01
8 29 5.472280e-01
8 30 5.520430e-01
8 31 5.259320e-01
8 32 4.662610e-01
8 33 3.778160e-01
8 34 2.734560e-01
8 35 1.718200e-01
8 36 9.045440e-02
8 37 3.817390e-02
8 38 1.222670e-02
8 39 2.777520e-03
8 40 4.493150e-04
9 1 2.347400e-03
9 2 9.524270e-04
9 3 1.407300e-03
9 4 1.936310e-03
9 5 2.807760e-03
9 6 4.020140e-03
9 7 5.707170e-03
9 8 8.120750e-03
9 9 1.119720e-02
9 10 1.438960e-02
9 11 1.804130e-02
9 12 2.262830e-02
9 13 2.833290e-02
9 14 3.552760e-02
9 15 4.435380e-02
9 16 5.539270e-02
9 17 6.895760e-02
9 18 8.560500e-02
9 19 1.058110e-01
9 20 1.303500e-01
9 21 1.595300e-01
9 22 1.939190e-01
9 23 2.335320e-01
9 24 2.779850e-01
9 25 3.262000e-01
9 26 3.758710e-01
9 27 4.233090e-01
9 28 4.631860e-01
9 29 4.888710e-01
9 30 4.932250e-01
9 31 4.699250e-01
9 32 4.166690e-01
9 33 3.376930e-01
9 34 2.444740e-01
9 35 1.536540e-01
9 36 8.092090e-02
9 37 3.416620e-02
9 38 1.094930e-02
9 39 2.489090e-03
9 40 4.030140e-04
10 1 1.841590e-03
10 2 7.460680e-04
10 3 1.106850e-03
10 4 1.526060e-03
10 5 2.211670e-03
10 6 3.171080e-03
10 7 4.508510e-03
10 8 6.422990e-03
10 9 9.072120e-03
10 10 1.260810e-02
10 11 1.611020e-02
10 12 2.020620e-02
10 13 2.530020e-02
10 14 3.172510e-02
10 15 3.960660e-02
10 16 4.946420e-02
10 17 6.157760e-02
10 18 7.644380e-02
10 19 9.448920e-02
10 20 1.164040e-01
10 21 1.424630e-01
10 22 1.731780e-01
10 23 2.085540e-01
10 24 2.482710e-01
10 25 2.913380e-01
10 26 3.357100e-01
10 27 3.780930e-01
10 28 4.137410e-01
10 29 4.367220e-01
10 30 4.406570e-01
10 31 4.199090e-01
10 32 3.723860e-01
10 33 3.018720e-01
10 34 2.186060e-01
10 35 1.374470e-01
10 36 7.241860e-02
10 37 3.059400e-02
10 38 9.811540e-03
10 39 2.232330e-03
10 40 3.618600e-04
11 1 1.424930e-03
11 2 5.769880e-04
11 3 8.539980e-04
11 4 1.174620e-03
11 5 1.703230e-03
11 6 2.458260e-03
11 7 3.522590e-03
11 8 5.044620e-03
11 9 7.151990e-03
11 10 1.019740e-02
11 11 1.411880e-02
11 12 1.805280e-02
11 13 2.260380e-02
11 14 2.834400e-02
11 15 3.538580e-02
11 16 4.419320e-02
11 17 5.501590e-02
11 18 6.829880e-02
11 19 8.442240e-02
11 20 1.040050e-01
11 21 1.272900e-01
11 22 1.547380e-01
11 23 1.863500e-01
11 24 2.218480e-01
11 25 2.603450e-01
11 26 3.000120e-01
11 27 3.379080e-01
11 28 3.698010e-01
11 29 3.903820e-01
11 30 3.939560e-01
11 31 3.754810e-01
11 32 3.330610e-01
11 33 2.700680e-01
11 34 1.956450e-01
11 35 1.230670e-01
11 36 6.487940e-02
11 37 2.742880e-02
11 38 8.804250e-03
11 39 2.005260e-03
11 40 3.255360e-04
12 1 1.168410e-03
12 2 4.725040e-04
12 3 6.965420e-04
12 4 9.509960e-04
12 5 1.363020e-03
12 6 1.935810e-03
12 7 2.756290e-03
12 8 3.964180e-03
12 9 5.643880e-03
12 10 8.065720e-03
12 11 1.144020e-02
12 12 1.584640e-02
12 13 2.021900e-02
12 14 2.535330e-02
12 15 3.165230e-02
12 16 3.953080e-02
12 17 4.921220e-02
12 18 6.109450e-02
12 19 7.551860e-02
12 20 9.303670e-02
12 21 1.138710e-01
12 22 1.384260e-01
12 23 1.667120e-01
12 24 1.984750e-01
12 25 2.329380e-01
12 26 2.684480e-01
12 27 3.023840e-01
12 28 3.309640e-01
12 29 3.494300e-01
12 30 3.527130e-01
12 31 3.362330e-01
12 32 2.983350e-01
12 33 2.419910e-01
12 34 1.753810e-01
12 35 1.103830e-01
12 36 5.823490e-02
12 37 2.464190e-02
12 38 7.918350e-03
12 39 1.805880e-03
12 40 2.937240e-04
13 1 8.725440e-04
13 2 3.528890e-04
13 3 5.201050e-04
13 4 7.091190e-04
13 5 1.016200e-03
13 6 1.452340e-03
13 7 2.082080e-03
13 8 3.018800e-03
13 9 4.354970e-03
13 10 6.288080e-03
13 11 8.980000e-03
13 12 1.279130e-02
13 13 1.774400e-02
13 14 2.268760e-02
13 15 2.832410e-02
13 16 3.537440e-02
13 17 4.403850e-02
13 18 5.467230e-02
13 19 6.758150e-02
13 20 8.326030e-02
13 21 1.019080e-01
13 22 1.238890e-01
13 23 1.492110e-01
13 24 1.776440e-01
13 25 2.085120e-01
13 26 2.403230e-01
13 27 2.707310e-01
13 28 2.963660e-01
13 29 3.129550e-01
13 30 3.159590e-01
13 31 3.012900e-01
13 32 2.674290e-01
13 33 2.170180e-01
13 34 1.573700e-01
13 35 9.911400e-02
13 36 5.233640e-02
13 37 2.217070e-02
13 38 7.133970e-03
13 39 1.629710e-03
13 40 2.656970e-04
14 1 7.401120e-04
14 2 2.993400e-04
14 3 4.411440e-04
14 4 6.013670e-04
14 5 8.598760e-04
14 6 1.219680e-03
14 7 1.726950e-03
14 8 2.459720e-03
14 9 3.482670e-03
14 10 4.999420e-03
14 11 7.127630e-03
14 12 1.013670e-02
14 13 1.437600e-02
14 14 1.994570e-02
14 15 2.538070e-02
14 16 3.169820e-02
14 17 3.946230e-02
14 18 4.899220e-02
14 19 6.056130e-02
14 20 7.461410e-02
14 21 9.132840e-02
14 22 1.110340e-01
14 23 1.337350e-01
14 24 1.592290e-01
14 25 1.869120e-01
14 26 2.154640e-01
14 27 2.427560e-01
14 28 2.657950e-01
14 29 2.807300e-01
14 30 2.834840e-01
14 31 2.704400e-01
14 32 2.401570e-01
14 33 1.949990e-01
14 34 1.415030e-01
14 35 8.919470e-02
14 36 4.715130e-02
14 37 2.000200e-02
14 38 6.447090e-03
14 39 1.475890e-03
14 40 2.413250e-04
15 1 5.862740e-04
15 2 2.371340e-04
15 3 3.494870e-04
15 4 4.764350e-04
15 5 6.809980e-04
15 6 9.645540e-04
15 7 1.361890e-03
15 8 1.939340e-03
15 9 2.756430e-03
15 10 3.956450e-03
15 11 5.636640e-03
15 12 8.014580e-03
15 13 1.136590e-02
15 14 1.614930e-02
15 15 2.233300e-02
15 16 2.843370e-02
15 17 3.539810e-02
15 18 4.394720e-02
15 19 5.432690e-02
15 20 6.693520e-02
15 21 8.193330e-02
15 22 9.961670e-02
15 23 1.199930e-01
15 24 1.428820e-01
15 25 1.677360e-01
15 26 1.933970e-01
15 27 2.179370e-01
15 28 2.386720e-01
15 29 2.521470e-01
15 30 2.546880e-01
15 31 2.431010e-01
15 32 2.160010e-01
15 33 1.755100e-01
15 34 1.274760e-01
15 35 8.043960e-02
15 36 4.258000e-02
15 37 1.809380e-02
15 38 5.844460e-03
15 39 1.341410e-03
15 40 2.201210e-04
16 1 4.558980e-04
16 2 1.844480e-04
16 3 2.718290e-04
16 4 3.705820e-04
16 5 5.297040e-04
16 6 7.501060e-04
16 7 1.057820e-03
16 8 1.502180e-03
16 9 2.129210e-03
16 10 3.056650e-03
16 11 4.378160e-03
16 12 6.269320e-03
16 13 8.934150e-03
16 14 1.273020e-02
16 15 1.806460e-02
16 16 2.505750e-02
16 17 3.181790e-02
16 18 3.950270e-02
16 19 4.883420e-02
16 20 6.017080e-02
16 21 7.365720e-02
16 22 8.956010e-02
16 23 1.078900e-01
16 24 1.284840e-01
16 25 1.508580e-01
16 26 1.739640e-01
16 27 1.960890e-01
16 28 2.148050e-01
16 29 2.270080e-01
16 30 2.293980e-01
16 31 2.190850e-01
16 32 1.948000e-01
16 33 1.584220e-01
16 34 1.151920e-01
16 35 7.279040e-02
16 36 3.859310e-02
16 37 1.643470e-02
16 38 5.322470e-03
16 39 1.225540e-03
16 40 2.019940e-04
17 1 3.726700e-04
17 2 1.507900e-04
17 3 2.222330e-04
17 4 3.029400e-04
17 5 4.330260e-04
17 6 6.132160e-04
17 7 8.646690e-04
17 8 1.226240e-03
17 9 1.730760e-03
17 10 2.468450e-03
17 11 3.510290e-03
17 12 4.997720e-03
17 13 7.096000e-03
17 14 1.008970e-02
17 15 1.429200e-02
17 16 2.029010e-02
17 17 2.808680e-02
17 18 3.557720e-02
17 19 4.398250e-02
17 20 5.419580e-02
17 21 6.634760e-02
17 22 8.068010e-02
17 23 9.720260e-02
17 24 1.157720e-01
17 25 1.359620e-01
17 26 1.568170e-01
17 27 1.768160e-01
17 28 1.937630e-01
17 29 2.048590e-01
17 30 2.071220e-01
17 31 1.979530e-01
17 32 1.761670e-01
17 33 1.434240e-01
17 34 1.044260e-01
17 35 6.610410e-02
17 36 3.512070e-02
17 37 1.499500e-02
17 38 4.871930e-03
17 39 1.126270e-03
17 40 1.866390e-04
18 1 2.915520e-04
18 2 1.179840e-04
18 3 1.738860e-04
18 4 2.370520e-04
18 5 3.388250e-04
18 6 4.798200e-04
18 7 6.765750e-04
18 8 9.587520e-04
18 9 1.350980e-03
18 10 1.923340e-03
18 11 2.732540e-03
18 12 3.896850e-03
18 13 5.556380e-03
18 14 7.927190e-03
18 15 1.125600e-02
18 16 1.599950e-02
18 17 2.272130e-02
18 18 3.146310e-02
18 19 3.971380e-02
18 20 4.894210e-02
18 21 5.992110e-02
18 22 7.287310e-02
18 23 8.780870e-02
18 24 1.046020e-01
18 25 1.228730e-01
18 26 1.417600e-01
18 27 1.598980e-01
18 28 1.753000e-01
18 29 1.854410e-01
18 30 1.876000e-01
18 31 1.794530e-01
18 32 1.598820e-01
18 33 1.303450e-01
18 34 9.505940e-02
18 35 6.030130e-02
18 36 3.212330e-02
18 37 1.375850e-02
18 38 4.488010e-03
18 39 1.042600e-03
18 40 1.739140e-04
19 1 2.199900e-04
19 2 8.902120e-05
19 3 1.312020e-04
19 4 1.788650e-04
19 5 2.556730e-04
19 6 3.620770e-04
19 7 5.105600e-04
19 8 7.234950e-04
19 9 1.018620e-03
19 10 1.447440e-03
19 11 2.053070e-03
19 12 2.929190e-03
19 13 4.198590e-03
19 14 6.062820e-03
19 15 8.711120e-03
19 16 1.248050e-02
19 17 1.781190e-02
19 18 2.539330e-02
19 19 3.520060e-02
19 20 4.435030e-02
19 21 5.431000e-02
19 22 6.605770e-02
19 23 7.961050e-02
19 24 9.485690e-02
19 25 1.114570e-01
19 26 1.286330e-01
19 27 1.451520e-01
19 28 1.592210e-01
19 29 1.685470e-01
19 30 1.706480e-01
19 31 1.634060e-01
19 32 1.457800e-01
19 33 1.190450e-01
19 34 8.699930e-02
19 35 5.532800e-02
19 36 2.956930e-02
19 37 1.271380e-02
19 38 4.167390e-03
19 39 9.738640e-04
19 40 1.637710e-04
20 1 1.818300e-04
20 2 7.361650e-05
20 3 1.084900e-04
20 4 1.478980e-04
20 5 2.114140e-04
20 6 2.993690e-04
20 7 4.221190e-04
20 8 5.981690e-04
20 9 8.419920e-04
20 10 1.194910e-03
20 11 1.687920e-03
20 12 2.389360e-03
20 13 3.384950e-03
20 14 4.811940e-03
20 15 6.855530e-03
20 16 9.825680e-03
20 17 1.403110e-02
20 18 1.999360e-02
20 19 2.845780e-02
20 20 3.943750e-02
20 21 4.939970e-02
20 22 6.010080e-02
20 23 7.244750e-02
20 24 8.634640e-02
20 25 1.014890e-01
20 26 1.171800e-01
20 27 1.322970e-01
20 28 1.452240e-01
20 29 1.538610e-01
20 30 1.559370e-01
20 31 1.495190e-01
20 32 1.336100e-01
20 33 1.093270e-01
20 34 8.010510e-02
20 35 5.110380e-02
20 36 2.741900e-02
20 37 1.184620e-02
20 38 3.905970e-03
20 39 9.193540e-04
20 40 1.561380e-04
21 1 1.457920e-04
21 2 5.903630e-05
21 3 8.701260e-05
21 4 1.186200e-04
21 5 1.695490e-04
21 6 2.401090e-04
21 7 3.385570e-04
21 8 4.797140e-04
21 9 6.753070e-04
21 10 9.583380e-04
21 11 1.353380e-03
21 12 1.914620e-03
21 13 2.710620e-03
21 14 3.858900e-03
21 15 5.485470e-03
21 16 7.806420e-03
21 17 1.109330e-02
21 18 1.576790e-02
21 19 2.239900e-02
21 20 3.189120e-02
21 21 4.411810e-02
21 22 5.497470e-02
21 23 6.628830e-02
21 24 7.903210e-02
21 25 9.293060e-02
21 26 1.073360e-01
21 27 1.212870e-01
21 28 1.332480e-01
21 29 1.413230e-01
21 30 1.434050e-01
21 31 1.377220e-01
21 32 1.233200e-01
21 33 1.011620e-01
21 34 7.435170e-02
21 35 4.761700e-02
21 36 2.566930e-02
21 37 1.115540e-02
21 38 3.704300e-03
21 39 8.794750e-04
21 40 1.511220e-04
22 1 1.142600e-04
22 2 4.628200e-05
22 3 6.821290e-05
22 4 9.299160e-05
22 5 1.329260e-04
22 6 1.882460e-04
22 7 2.654280e-04
22 8 3.761130e-04
22 9 5.294620e-04
22 10 7.513680e-04
22 11 1.061120e-03
22 12 1.500550e-03
22 13 2.122280e-03
22 14 3.017360e-03
22 15 4.288090e-03
22 16 6.110090e-03
22 17 8.690630e-03
22 18 1.235900e-02
22 19 1.756940e-02
22 20 2.502160e-02
22 21 3.565200e-02
22 22 4.934440e-02
22 23 6.103670e-02
22 24 7.279980e-02
22 25 8.564790e-02
22 26 9.900420e-02
22 27 1.119440e-01
22 28 1.231040e-01
22 29 1.307350e-01
22 30 1.328660e-01
22 31 1.278410e-01
22 32 1.147550e-01
22 33 9.442270e-02
22 34 6.966070e-02
22 35 4.482090e-02
22 36 2.429900e-02
22 37 1.063410e-02
22 38 3.561270e-03
22 39 8.542690e-04
22 40 1.488140e-04
23 1 8.724870e-05
23 2 3.533620e-05
23 3 5.207840e-05
23 4 7.100060e-05
23 5 1.014920e-04
23 6 1.437290e-04
23 7 2.026830e-04
23 8 2.872170e-04
23 9 4.043260e-04
23 10 5.738490e-04
23 11 8.104850e-04
23 12 1.146170e-03
23 13 1.620150e-03
23 14 2.298830e-03
23 15 3.260890e-03
23 16 4.652360e-03
23 17 6.653800e-03
23 18 9.531890e-03
23 19 1.362520e-02
23 20 1.947610e-02
23 21 2.782130e-02
23 22 3.979330e-02
23 23 5.511660e-02
23 24 6.758270e-02
23 25 7.956160e-02
23 26 9.202910e-02
23 27 1.041570e-01
23 28 1.146890e-01
23 29 1.219820e-01
23 30 1.242060e-01
23 31 1.197730e-01
23 32 1.078360e-01
23 33 8.905280e-02
23 34 6.599300e-02
23 35 4.269820e-02
23 36 2.330540e-02
23 37 1.028370e-02
23 38 3.478730e-03
23 39 8.446430e-04
23 40 1.495250e-04
24 1 6.846860e-05
24 2 2.774530e-05
24 3 4.089190e-05
24 4 5.574760e-05
24 5 7.968790e-05
24 6 1.128540e-04
24 7 1.591390e-04
24 8 2.255180e-04
24 9 3.174940e-04
24 10 4.506170e-04
24 11 6.364470e-04
24 12 9.000790e-04
24 13 1.272210e-03
24 14 1.804010e-03
24 15 2.553620e-03
24 16 3.631490e-03
24 17 5.176640e-03
24 18 7.401690e-03
24 19 1.059020e-02
24 20 1.515720e-02
24 21 2.166780e-02
24 22 3.100920e-02
24 23 4.442760e-02
24 24 6.151130e-02
24 25 7.462560e-02
24 26 8.640650e-02
24 27 9.790170e-02
24 28 1.079550e-01
24 29 1.150330e-01
24 30 1.174040e-01
24 31 1.135140e-01
24 32 1.025690e-01
24 33 8.507330e-02
24 34 6.338490e-02
24 35 4.128220e-02
24 36 2.271590e-02
24 37 1.012170e-02
24 38 3.464690e-03
24 39 8.532360e-04
24 40 1.539040e-04
25 1 5.311210e-05
25 2 2.156800e-05
25 3 3.178710e-05
25 4 4.333500e-05
25 5 6.194640e-05
25 6 8.772720e-05
25 7 1.237070e-04
25 8 1.753110e-04
25 9 2.468100e-04
25 10 3.503090e-04
25 11 4.948230e-04
25 12 6.998540e-04
25 13 9.893170e-04
25 14 1.402820e-03
25 15 1.984510e-03
25 16 2.818030e-03
25 17 4.011230e-03
25 18 5.728580e-03
25 19 8.194110e-03
25 20 1.173800e-02
25 21 1.679510e-02
25 22 2.405660e-02
25 23 3.448980e-02
25 24 4.953420e-02
25 25 6.857940e-02
25 26 8.208430e-02
25 27 9.313390e-02
25 28 1.028770e-01
25 29 1.098570e-01
25 30 1.124250e-01
25 31 1.090610e-01
25 32 9.894950e-02
25 33 8.249760e-02
25 34 6.185680e-02
25 35 4.060010e-02
25 36 2.255370e-02
25 37 1.016480e-02
25 38 3.527430e-03
25 39 8.830460e-04
25 40 1.627650e-04
26 1 3.817920e-05
26 2 1.558410e-05
26 3 2.296900e-05
26 4 3.131470e-05
26 5 4.476440e-05
26 6 6.339900e-05
26 7 8.940800e-05
26 8 1.267120e-04
26 9 1.784140e-04
26 10 2.532710e-04
26 11 3.578120e-04
26 12 5.062010e-04
26 13 7.157960e-04
26 14 1.015400e-03
26 15 1.437110e-03
26 16 2.039910e-03
26 17 2.897280e-03
26 18 4.133400e-03
26 19 5.929890e-03
26 20 8.575520e-03
26 21 1.246110e-02
26 22 1.812890e-02
26 23 2.627790e-02
26 24 3.802490e-02
26 25 5.503630e-02
26 26 7.637490e-02
26 27 8.996670e-02
26 28 9.956430e-02
26 29 1.065890e-01
26 30 1.094160e-01
26 31 1.065410e-01
26 32 9.710480e-02
26 33 8.143810e-02
26 34 6.150220e-02
26 35 4.072370e-02
26 36 2.286590e-02
26 37 1.044070e-02
26 38 3.679940e-03
26 39 9.385540e-04
26 40 1.773120e-04
27 1 3.024220e-05
27 2 1.234810e-05
27 3 1.819820e-05
27 4 2.481060e-05
27 5 3.546760e-05
27 6 5.023040e-05
27 7 7.083860e-05
27 8 1.003980e-04
27 9 1.413530e-04
27 10 2.006610e-04
27 11 2.834930e-04
27 12 4.010320e-04
27 13 5.670900e-04
27 14 8.044960e-04
27 15 1.138590e-03
27 16 1.616280e-03
27 17 2.294450e-03
27 18 3.263330e-03
27 19 4.653310e-03
27 20 6.674810e-03
27 21 9.618780e-03
27 22 1.392390e-02
27 23 2.016730e-02
27 24 2.917810e-02
27 25 4.224770e-02
27 26 6.124010e-02
27 27 8.481890e-02
27 28 9.790940e-02
27 29 1.051220e-01
27 30 1.083320e-01
27 31 1.059590e-01
27 32 9.710590e-02
27 33 8.201660e-02
27 34 6.247190e-02
27 35 4.180040e-02
27 36 2.376850e-02
27 37 1.101920e-02
27 38 3.954750e-03
27 39 1.030370e-03
27 40 2.001680e-04
28 1 2.274980e-05
28 2 9.295490e-06
28 3 1.370080e-05
28 4 1.867890e-05
28 5 2.670130e-05
28 6 3.781540e-05
28 7 5.332740e-05
28 8 7.558460e-05
28 9 1.064350e-04
28 10 1.510980e-04
28 11 2.134910e-04
28 12 3.020750e-04
28 13 4.272120e-04
28 14 6.061490e-04
28 15 8.580950e-04
28 16 1.218450e-03
28 17 1.730500e-03
28 18 2.460890e-03
28 19 3.503380e-03
28 20 5.011290e-03
28 21 7.200320e-03
28 22 1.042720e-02
28 23 1.517220e-02
28 24 2.206760e-02
28 25 3.208090e-02
28 26 4.666630e-02
28 27 6.797780e-02
28 28 9.403030e-02
28 29 1.059280e-01
28 30 1.095990e-01
28 31 1.077770e-01
28 32 9.938740e-02
28 33 8.459210e-02
28 34 6.505870e-02
28 35 4.404340e-02
28 36 2.540100e-02
28 37 1.197780e-02
28 38 4.387030e-03
28 39 1.170690e-03
28 40 2.347540e-04
29 1 1.615050e-05
29 2 6.642260e-06
29 3 9.790070e-06
29 4 1.334840e-05
29 5 1.908350e-05
29 6 2.702870e-05
29 7 3.812050e-05
29 8 5.403510e-05
29 9 7.609200e-05
29 10 1.080450e-04
29 11 1.526760e-04
29 12 2.160830e-04
29 13 3.057300e-04
29 14 4.339700e-04
29 15 6.146710e-04
29 16 8.733540e-04
29 17 1.241320e-03
29 18 1.766960e-03
29 19 2.517600e-03
29 20 3.598580e-03
29 21 5.151920e-03
29 22 7.425090e-03
29 23 1.082410e-02
29 24 1.593040e-02
29 25 2.356060e-02
29 26 3.477300e-02
29 27 5.117570e-02
29 28 7.524640e-02
29 29 1.041250e-01
29 30 1.138860e-01
29 31 1.126200e-01
29 32 1.045920e-01
29 33 8.975960e-02
29 34 6.976170e-02
29 35 4.783230e-02
29 36 2.801690e-02
29 37 1.346030e-02
29 38 5.041630e-03
29 39 1.381740e-03
29 40 2.871120e-04
30 1 1.213520e-05
30 2 5.016340e-06
30 3 7.393940e-06
30 4 1.008090e-05
30 5 1.441260e-05
30 6 2.041500e-05
30 7 2.879460e-05
30 8 4.081710e-05
30 9 5.748580e-05
30 10 8.162840e-05
30 11 1.153710e-04
30 12 1.632850e-04
30 13 2.310560e-04
30 14 3.280610e-04
30 15 4.647970e-04
30 16 6.606760e-04
30 17 9.394420e-04
30 18 1.338040e-03
30 19 1.907720e-03
30 20 2.729360e-03
30 21 3.914730e-03
30 22 5.646890e-03
30 23 8.199440e-03
30 24 1.199360e-02
30 25 1.765360e-02
30 26 2.601340e-02
30 27 3.832120e-02
30 28 5.646560e-02
30 29 8.319610e-02
30 30 1.145600e-01
30 31 1.208870e-01
30 32 1.131920e-01
30 33 9.812680e-02
30 34 7.718770e-02
30 35 5.371570e-02
30 36 3.203020e-02
30 37 1.572130e-02
30 38 6.039840e-03
30 39 1.705610e-03
30 40 3.687440e-04
31 1 8.792970e-06
31 2 3.666110e-06
31 3 5.404010e-06
31 4 7.368290e-06
31 5 1.053420e-05
31 6 1.492220e-05
31 7 2.104810e-05
31 8 2.983740e-05
31 9 4.202630e-05
31 10 5.968570e-05
31 11 8.436630e-05
31 12 1.194360e-04
31 13 1.690270e-04
31 14 2.400500e-04
31 15 3.402270e-04
31 16 4.837830e-04
31 17 6.883070e-04
31 18 9.810680e-04
31 19 1.400160e-03
31 20 2.005440e-03
31 21 2.878170e-03
31 22 4.147210e-03
31 23 6.004840e-03
31 24 8.749960e-03
31 25 1.284500e-02
31 26 1.900240e-02
31 27 2.817620e-02
31 28 4.178200e-02
31 29 6.195640e-02
31 30 9.175640e-02
31 31 1.256100e-01
31 32 1.268310e-01
31 33 1.111530e-01
31 34 8.859130e-02
31 35 6.264970e-02
31 36 3.809040e-02
31 37 1.913850e-02
31 38 7.560550e-03
31 39 2.206660e-03
31 40 4.986480e-04
32 1 6.075550e-06
32 2 2.570250e-06
32 3 3.788610e-06
32 4 5.166030e-06
32 5 7.386380e-06
32 6 1.046340e-05
32 7 1.476050e-05
32 8 2.092780e-05
32 9 2.948030e-05
32 10 4.187310e-05
32 11 5.920330e-05
32 12 8.383800e-05
32 13 1.187010e-04
32 14 1.686540e-04
32 15 2.391790e-04
32 16 3.403660e-04
32 17 4.846890e-04
32 18 6.915930e-04
32 19 9.884180e-04
32 20 1.418200e-03
32 21 2.039700e-03
32 22 2.945720e-03
32 23 4.271670e-03
32 24 6.228200e-03
32 25 9.152900e-03
32 26 1.358420e-02
32 27 2.028460e-02
32 28 3.033270e-02
32 29 4.536420e-02
32 30 6.778650e-02
32 31 1.009500e-01
32 32 1.371620e-01
32 33 1.313450e-01
32 34 1.061770e-01
32 35 7.638120e-02
32 36 4.742200e-02
32 37 2.443600e-02
32 38 9.950690e-03
32 39 3.010780e-03
32 40 7.144890e-04
33 1 4.048390e-06
33 2 1.746990e-06
33 3 2.575530e-06
33 4 3.512020e-06
33 5 5.021870e-06
33 6 7.114850e-06
33 7 1.003760e-05
33 8 1.423290e-05
33 9 2.005350e-05
33 10 2.849050e-05
33 11 4.029450e-05
33 12 5.708370e-05
33 13 8.085930e-05
33 14 1.149570e-04
33 15 1.631410e-04
33 16 2.323670e-04
33 17 3.312880e-04
33 18 4.733720e-04
33 19 6.776750e-04
33 20 9.744540e-04
33 21 1.405190e-03
33 22 2.035790e-03
33 23 2.962890e-03
33 24 4.334970e-03
33 25 6.385820e-03
33 26 9.501720e-03
33 27 1.426470e-02
33 28 2.151690e-02
33 29 3.249860e-02
33 30 4.907420e-02
33 31 7.391960e-02
33 32 1.106580e-01
33 33 1.488140e-01
33 34 1.336220e-01
33 35 9.789780e-02
33 36 6.214200e-02
33 37 3.289890e-02
33 38 1.384140e-02
33 39 4.355080e-03
33 40 1.090630e-03
34 1 2.623970e-06
34 2 1.157270e-06
34 3 1.706480e-06
34 4 2.327360e-06
34 5 3.328080e-06
34 6 4.715510e-06
34 7 6.653940e-06
34 8 9.436650e-06
34 9 1.329790e-05
34 10 1.889780e-05
34 11 2.673410e-05
34 12 3.788800e-05
34 13 5.369400e-05
34 14 7.638300e-05
34 15 1.084930e-04
34 16 1.546800e-04
34 17 2.207840e-04
34 18 3.159690e-04
34 19 4.531900e-04
34 20 6.531400e-04
34 21 9.445990e-04
34 22 1.373360e-03
34 23 2.007450e-03
34 24 2.952200e-03
34 25 4.371470e-03
34 26 6.521160e-03
34 27 9.821840e-03
34 28 1.491680e-02
34 29 2.275320e-02
34 30 3.475360e-02
34 31 5.301710e-02
34 32 8.045610e-02
34 33 1.209060e-01
34 34 1.602580e-01
34 35 1.330890e-01
34 36 8.647800e-02
34 37 4.710820e-02
34 38 2.052130e-02
34 39 6.734270e-03
34 40 1.788780e-03
35 1 1.641860e-06
35 2 7.374170e-07
35 3 1.087700e-06
35 4 1.483620e-06
35 5 2.121900e-06
35 6 3.006920e-06
35 7 4.243250e-06
35 8 6.018910e-06
35 9 8.483730e-06
35 10 1.206020e-05
35 11 1.706870e-05
35 12 2.419890e-05
35 13 3.431450e-05
35 14 4.885040e-05
35 15 6.944010e-05
35 16 9.912110e-05
35 17 1.416950e-04
35 18 2.031190e-04
35 19 2.919600e-04
35 20 4.219090e-04
35 21 6.121460e-04
35 22 8.936200e-04
35 23 1.312700e-03
35 24 1.941960e-03
35 25 2.895960e-03
35 26 4.355510e-03
35 27 6.608580e-03
35 28 1.010340e-02
35 29 1.554040e-02
35 30 2.400140e-02
35 31 3.710950e-02
35 32 5.718830e-02
35 33 8.737130e-02
35 34 1.315170e-01
35 35 1.710430e-01
35 36 1.292800e-01
35 37 7.251840e-02
35 38 3.275270e-02
35 39 1.123410e-02
35 40 3.179820e-03
36 1 8.650170e-07
36 2 4.179630e-07
36 3 6.187210e-07
36 4 8.445270e-07
36 5 1.208390e-06
36 6 1.713010e-06
36 7 2.418230e-06
36 8 3.431470e-06
36 9 4.838810e-06
36 10 6.881800e-06
36 11 9.746100e-06
36 12 1.382960e-05
36 13 1.962960e-05
36 14 2.798000e-05
36 15 3.983630e-05
36 16 5.696670e-05
36 17 8.162520e-05
36 18 1.173640e-04
36 19 1.693120e-04
36 20 2.457560e-04
36 21 3.584840e-04
36 22 5.266630e-04
36 23 7.795690e-04
36 24 1.163700e-03
36 25 1.753580e-03
36 26 2.667940e-03
36 27 4.099770e-03
36 28 6.363940e-03
36 29 9.966410e-03
36 30 1.570400e-02
36 31 2.480610e-02
36 32 3.910950e-02
36 33 6.121030e-02
36 34 9.442770e-02
36 35 1.425240e-01
36 36 1.812030e-01
36 37 1.220970e-01
36 38 5.712510e-02
36 39 2.047850e-02
36 40 6.191720e-03
37 1 3.792050e-07
37 2 2.005920e-07
37 3 3.095070e-07
37 4 4.348770e-07
37 5 6.321620e-07
37 6 9.025450e-07
37 7 1.276290e-06
37 8 1.811860e-06
37 9 2.556490e-06
37 10 3.638260e-06
37 11 5.156070e-06
37 12 7.323560e-06
37 13 1.040740e-05
37 14 1.485490e-05
37 15 2.118870e-05
37 16 3.036880e-05
37 17 4.363000e-05
37 18 6.294200e-05
37 19 9.117480e-05
37 20 1.330110e-04
37 21 1.952330e-04
37 22 2.889830e-04
37 23 4.315720e-04
37 24 6.510510e-04
37 25 9.932540e-04
37 26 1.532960e-03
37 27 2.393560e-03
37 28 3.779220e-03
37 29 6.029430e-03
37 30 9.705730e-03
37 31 1.571730e-02
37 32 2.547280e-02
37 33 4.106020e-02
37 34 6.533980e-02
37 35 1.017540e-01
37 36 1.537300e-01
37 37 1.899180e-01
37 38 1.112700e-01
37 39 4.163110e-02
37 40 1.345620e-02
38 1 1.577860e-07
38 2 8.901080e-08
38 3 1.417720e-07
38 4 2.041880e-07
38 5 3.009290e-07
38 6 4.301640e-07
38 7 6.088580e-07
38 8 8.658590e-07
38 9 1.222980e-06
38 10 1.741840e-06
38 11 2.470790e-06
38 12 3.512810e-06
38 13 4.998570e-06
38 14 7.146950e-06
38 15 1.021420e-05
38 16 1.467680e-05
38 17 2.115400e-05
38 18 3.063800e-05
38 19 4.459870e-05
38 20 6.545060e-05
38 21 9.676010e-05
38 22 1.444780e-04
38 23 2.180470e-04
38 24 3.330870e-04
38 25 5.157310e-04
38 26 8.097160e-04
38 27 1.289410e-03
38 28 2.081260e-03
38 29 3.400450e-03
38 30 5.613300e-03
38 31 9.339020e-03
38 32 1.559920e-02
38 33 2.601390e-02
38 34 4.295630e-02
38 35 6.955000e-02
38 36 1.092420e-01
38 37 1.647930e-01
38 38 1.964760e-01
38 39 9.722940e-02
38 40 3.350060e-02
39 1 4.827290e-08
39 2 2.761000e-08
39 3 4.547970e-08
39 4 6.882340e-08
39 5 1.080570e-07
39 6 1.654400e-07
39 7 2.452930e-07
39 8 3.593370e-07
39 9 5.165210e-07
39 10 7.408330e-07
39 11 1.052880e-06
39 12 1.499170e-06
39 13 2.136560e-06
39 14 3.060410e-06
39 15 4.384200e-06
39 16 6.318020e-06
39 17 9.139170e-06
39 18 1.329560e-05
39 19 1.945930e-05
39 20 2.875080e-05
39 21 4.285960e-05
39 22 6.464660e-05
39 23 9.876360e-05
39 24 1.530830e-04
39 25 2.411480e-04
39 26 3.863940e-04
39 27 6.300120e-04
39 28 1.044690e-03
39 29 1.758640e-03
39 30 2.996840e-03
39 31 5.152020e-03
39 32 8.903560e-03
39 33 1.540320e-02
39 34 2.650050e-02
39 35 4.489220e-02
39 36 7.394300e-02
39 37 1.168920e-01
39 38 1.754530e-01
39 39 2.003080e-01
39 40 9.945210e-02
40 1 1.343960e-08
40 2 7.693310e-09
40 3 1.272850e-08
40 4 1.947120e-08
40 5 3.119910e-08
40 6 4.955430e-08
40 7 7.808370e-08
40 8 1.211770e-07
40 9 1.818910e-07
40 10 2.686720e-07
40 11 3.875800e-07
40 12 5.551640e-07
40 13 7.938080e-07
40 14 1.140430e-06
40 15 1.638860e-06
40 16 2.370670e-06
40 17 3.445160e-06
40 18 5.040980e-06
40 19 7.430400e-06
40 20 1.107250e-05
40 21 1.667560e-05
40 22 2.546120e-05
40 23 3.946520e-05
40 24 6.222600e-05
40 25 1.000070e-04
40 26 1.639950e-04
40 27 2.745980e-04
40 28 4.694350e-04
40 29 8.182780e-04
40 30 1.450250e-03
40 31 2.600100e-03
40 32 4.687940e-03
40 33 8.466760e-03
40 34 1.524400e-02
40 35 2.714460e-02
40 36 4.718340e-02
40 37 7.883840e-02
40 38 1.247980e-01
40 39 1.852720e-01
40 40 2.737850e-01
