1 1 3.396870e-02
1 2 1.255440e-02
1 3 1.644120e-02
1 4 1.990830e-02
1 5 2.528460e-02
1 6 3.175630e-02
1 7 3.966690e-02
1 8 4.971430e-02
1 9 6.178510e-02
1 10 7.722040e-02
1 11 9.573400e-02
1 12 1.183910e-01
1 13 1.456280e-01
1 14 1.785720e-01
1 15 2.167520e-01
1 16 2.612800e-01
1 17 3.110500e-01
1 18 3.650430e-01
1 19 4.204360e-01
1 20 4.738880e-01
1 21 5.185540e-01
1 22 5.475880e-01
1 23 5.526660e-01
1 24 5.267960e-01
1 25 4.674620e-01
1 26 3.791620e-01
1 27 2.747850e-01
1 28 1.729370e-01
1 29 9.122710e-02
1 30 3.859740e-02
1 31 1.240180e-02
1 32 2.828240e-03
1 33 4.211460e-04
1 34 3.692490e-05
1 35 1.849050e-06
1 36 1.014290e-07
1 37 0.000000e+00
1 38 0.000000e+00
1 39 0.000000e+00
1 40 0.000000e+00
2 1 2.690850e-02
2 2 1.100790e-02
2 3 1.469310e-02
2 4 1.779170e-02
2 5 2.259650e-02
2 6 2.838020e-02
2 7 3.544990e-02
2 8 4.442920e-02
2 9 5.521730e-02
2 10 6.901180e-02
2 11 8.555810e-02
2 12 1.058080e-01
2 13 1.301510e-01
2 14 1.595940e-01
2 15 1.937190e-01
2 16 2.335190e-01
2 17 2.780200e-01
2 18 3.262810e-01
2 19 3.758010e-01
2 20 4.235930e-01
2 21 4.635500e-01
2 22 4.895490e-01
2 23 4.941370e-01
2 24 4.710370e-01
2 25 4.180440e-01
2 26 3.391390e-01
2 27 2.458370e-01
2 28 1.547640e-01
2 29 8.166990e-02
2 30 3.456950e-02
2 31 1.111390e-02
2 32 2.536290e-03
2 33 3.779690e-04
2 34 3.317420e-05
2 35 1.663010e-06
2 36 9.129890e-08
2 37 0.000000e+00
2 38 0.000000e+00
2 39 0.000000e+00
2 40 0.000000e+00
3 1 2.121380e-02
3 2 8.891640e-03
3 3 1.285790e-02
3 4 1.588170e-02
3 5 2.017070e-02
3 6 2.533350e-02
3 7 3.164430e-02
3 8 3.965980e-02
3 9 4.929000e-02
3 10 6.160420e-02
3 11 7.637520e-02
3 12 9.445290e-02
3 13 1.161840e-01
3 14 1.424690e-01
3 15 1.729350e-01
3 16 2.084670e-01
3 17 2.482130e-01
3 18 2.913070e-01
3 19 3.355290e-01
3 20 3.782170e-01
3 21 4.139250e-01
3 22 4.371870e-01
3 23 4.413320e-01
3 24 4.207530e-01
3 25 3.734850e-01
3 26 3.030570e-01
3 27 2.197460e-01
3 28 1.383900e-01
3 29 7.306260e-02
3 30 3.094390e-02
3 31 9.955370e-03
3 32 2.273850e-03
3 33 3.392080e-04
3 34 2.981360e-05
3 35 1.496510e-06
3 36 8.223540e-08
3 37 0.000000e+00
3 38 0.000000e+00
3 39 0.000000e+00
3 40 0.000000e+00
4 1 1.653840e-02
4 2 6.985700e-03
4 3 1.038830e-02
4 4 1.391980e-02
4 5 1.801650e-02
4 6 2.262780e-02
4 7 2.826460e-02
4 8 3.542430e-02
4 9 4.402620e-02
4 10 5.502550e-02
4 11 6.822020e-02
4 12 8.436840e-02
4 13 1.037820e-01
4 14 1.272620e-01
4 15 1.544800e-01
4 16 1.862230e-01
4 17 2.217390e-01
4 18 2.602530e-01
4 19 2.997730e-01
4 20 3.379360e-01
4 21 3.698680e-01
4 22 3.907050e-01
4 23 3.944490e-01
4 24 3.761420e-01
4 25 3.339600e-01
4 26 2.710570e-01
4 27 1.966150e-01
4 28 1.238800e-01
4 29 6.543960e-02
4 30 2.773540e-02
4 31 8.931050e-03
4 32 2.042020e-03
4 33 3.050320e-04
4 34 2.685870e-05
4 35 1.350340e-06
4 36 7.428110e-08
4 37 0.000000e+00
4 38 0.000000e+00
4 39 0.000000e+00
4 40 0.000000e+00
5 1 1.330260e-02
5 2 5.558080e-03
5 3 8.241990e-03
5 4 1.128460e-02
5 5 1.581560e-02
5 6 2.024630e-02
5 7 2.528970e-02
5 8 3.169580e-02
5 9 3.939270e-02
5 10 4.923470e-02
5 11 6.104160e-02
5 12 7.549180e-02
5 13 9.286420e-02
5 14 1.138780e-01
5 15 1.382360e-01
5 16 1.666470e-01
5 17 1.984360e-01
5 18 2.329230e-01
5 19 2.683120e-01
5 20 3.024920e-01
5 21 3.311090e-01
5 22 3.498110e-01
5 23 3.532100e-01
5 24 3.369150e-01
5 25 2.992170e-01
5 26 2.429420e-01
5 27 1.762980e-01
5 28 1.111410e-01
5 29 5.875230e-02
5 30 2.492320e-02
5 31 8.034230e-03
5 32 1.839380e-03
5 33 2.752210e-04
5 34 2.429150e-05
5 35 1.224510e-06
5 36 6.739600e-08
5 37 0.000000e+00
5 38 0.000000e+00
5 39 0.000000e+00
5 40 0.000000e+00
6 1 1.055210e-02
6 2 4.387010e-03
6 3 6.514000e-03
6 4 8.927670e-03
6 5 1.280990e-02
6 6 1.777810e-02
6 7 2.263470e-02
6 8 2.836830e-02
6 9 3.525740e-02
6 10 4.406670e-02
6 11 5.463510e-02
6 12 6.756970e-02
6 13 8.312070e-02
6 14 1.019340e-01
6 15 1.237410e-01
6 16 1.491820e-01
6 17 1.776400e-01
6 18 2.085380e-01
6 19 2.402490e-01
6 20 2.708770e-01
6 21 2.965480e-01
6 22 3.133410e-01
6 23 3.164450e-01
6 24 3.019570e-01
6 25 2.682680e-01
6 26 2.179140e-01
6 27 1.582190e-01
6 28 9.981230e-02
6 29 5.281090e-02
6 30 2.242790e-02
6 31 7.239600e-03
6 32 1.660220e-03
6 33 2.489400e-04
6 34 2.203890e-05
6 35 1.115420e-06
6 36 6.139070e-08
6 37 0.000000e+00
6 38 0.000000e+00
6 39 0.000000e+00
6 40 0.000000e+00
7 1 8.119240e-03
7 2 3.363740e-03
7 3 5.052290e-03
7 4 6.988200e-03
7 5 1.008390e-02
7 6 1.437480e-02
7 7 1.989270e-02
7 8 2.541560e-02
7 9 3.158750e-02
7 10 3.948040e-02
7 11 4.894990e-02
7 12 6.053990e-02
7 13 7.447520e-02
7 14 9.133450e-02
7 15 1.108800e-01
7 16 1.336830e-01
7 17 1.591960e-01
7 18 1.869030e-01
7 19 2.153570e-01
7 20 2.428410e-01
7 21 2.659090e-01
7 22 2.810270e-01
7 23 2.838780e-01
7 24 2.709840e-01
7 25 2.408620e-01
7 26 1.957620e-01
7 27 1.422380e-01
7 28 8.980420e-02
7 29 4.756820e-02
7 30 2.022930e-02
7 31 6.540960e-03
7 32 1.503140e-03
7 33 2.259700e-04
7 34 2.006990e-05
7 35 1.019420e-06
7 36 5.620230e-08
7 37 0.000000e+00
7 38 0.000000e+00
7 39 0.000000e+00
7 40 0.000000e+00
8 1 6.346170e-03
8 2 2.629940e-03
8 3 3.953980e-03
8 4 5.484230e-03
8 5 7.931120e-03
8 6 1.132600e-02
8 7 1.607210e-02
8 8 2.235260e-02
8 9 2.833590e-02
8 10 3.541620e-02
8 11 4.391190e-02
8 12 5.431080e-02
8 13 6.681450e-02
8 14 8.194350e-02
8 15 9.948470e-02
8 16 1.199530e-01
8 17 1.428600e-01
8 18 1.677390e-01
8 19 1.933090e-01
8 20 2.180200e-01
8 21 2.387860e-01
8 22 2.524280e-01
8 23 2.550790e-01
8 24 2.436000e-01
8 25 2.166440e-01
8 26 1.762040e-01
8 27 1.281410e-01
8 28 8.099080e-02
8 29 4.295710e-02
8 30 1.829980e-02
8 31 5.929510e-03
8 32 1.366170e-03
8 33 2.060350e-04
8 34 1.837210e-05
8 35 9.370410e-07
8 36 5.178470e-08
8 37 0.000000e+00
8 38 0.000000e+00
8 39 0.000000e+00
8 40 0.000000e+00
9 1 5.185430e-03
9 2 2.106250e-03
9 3 3.114180e-03
9 4 4.288520e-03
9 5 6.225480e-03
9 6 8.924940e-03
9 7 1.268680e-02
9 8 1.808820e-02
9 9 2.497270e-02
9 10 3.183070e-02
9 11 3.946640e-02
9 12 4.881430e-02
9 13 6.005570e-02
9 14 7.365840e-02
9 15 8.943220e-02
9 16 1.078420e-01
9 17 1.284500e-01
9 18 1.508420e-01
9 19 1.738650e-01
9 20 1.961430e-01
9 21 2.148850e-01
9 22 2.272340e-01
9 23 2.297330e-01
9 24 2.195100e-01
9 25 1.953570e-01
9 26 1.590300e-01
9 27 1.157790e-01
9 28 7.328020e-02
9 29 3.892990e-02
9 30 1.661950e-02
9 31 5.399130e-03
9 32 1.247960e-03
9 33 1.889510e-04
9 34 1.693220e-05
9 35 8.678900e-07
9 36 4.810410e-08
9 37 0.000000e+00
9 38 0.000000e+00
9 39 0.000000e+00
9 40 0.000000e+00
10 1 4.053520e-03
10 2 1.644110e-03
10 3 2.440900e-03
10 4 3.368480e-03
10 5 4.887340e-03
10 6 7.016840e-03
10 7 9.991580e-03
10 8 1.425750e-02
10 9 2.018690e-02
10 10 2.808780e-02
10 11 3.553730e-02
10 12 4.395550e-02
10 13 5.408080e-02
10 14 6.633470e-02
10 15 8.054770e-02
10 16 9.713860e-02
10 17 1.157180e-01
10 18 1.359150e-01
10 19 1.566940e-01
10 20 1.768270e-01
10 21 1.937920e-01
10 22 2.050150e-01
10 23 2.073730e-01
10 24 1.982900e-01
10 25 1.766270e-01
10 26 1.439400e-01
10 27 1.049310e-01
10 28 6.652940e-02
10 29 3.541740e-02
10 30 1.515890e-02
10 31 4.940510e-03
10 32 1.146490e-03
10 33 1.744280e-04
10 34 1.572370e-05
10 35 8.109550e-07
10 36 4.509350e-08
10 37 0.000000e+00
10 38 0.000000e+00
10 39 0.000000e+00
10 40 0.000000e+00
11 1 3.121580e-03
11 2 1.265520e-03
11 3 1.874490e-03
11 4 2.580720e-03
11 5 3.746690e-03
11 6 5.415810e-03
11 7 7.774330e-03
11 8 1.115570e-02
11 9 1.584980e-02
11 10 2.266770e-02
11 11 3.141700e-02
11 12 3.969130e-02
11 13 4.884190e-02
11 14 5.991400e-02
11 15 7.275850e-02
11 16 8.775800e-02
11 17 1.045630e-01
11 18 1.228380e-01
11 19 1.416580e-01
11 20 1.599170e-01
11 21 1.753350e-01
11 22 1.855910e-01
11 23 1.878410e-01
11 24 1.797740e-01
11 25 1.603050e-01
11 26 1.308150e-01
11 27 9.552080e-02
11 28 6.068940e-02
11 29 3.239350e-02
11 30 1.390830e-02
11 31 4.550900e-03
11 32 1.061210e-03
11 33 1.624100e-04
11 34 1.474860e-05
11 35 7.784250e-07
11 36 4.277360e-08
11 37 0.000000e+00
11 38 0.000000e+00
11 39 0.000000e+00
11 40 0.000000e+00
12 1 2.546900e-03
12 2 1.031080e-03
12 3 1.520970e-03
12 4 2.078330e-03
12 5 2.981840e-03
12 6 4.240410e-03
12 7 6.048200e-03
12 8 8.718020e-03
12 9 1.244360e-02
12 10 1.783260e-02
12 11 2.538690e-02
12 12 3.518780e-02
12 13 4.424810e-02
12 14 5.429390e-02
12 15 6.594260e-02
12 16 7.955050e-02
12 17 9.480460e-02
12 18 1.114090e-01
12 19 1.285190e-01
12 20 1.451440e-01
12 21 1.592270e-01
12 22 1.686580e-01
12 23 1.708390e-01
12 24 1.636770e-01
12 25 1.461460e-01
12 26 1.194580e-01
12 27 8.741030e-02
12 28 5.567790e-02
12 29 2.981460e-02
12 30 1.285080e-02
12 31 4.225350e-03
12 32 9.911300e-04
12 33 1.527760e-04
12 34 1.400040e-05
12 35 7.732000e-07
12 36 4.113500e-08
12 37 0.000000e+00
12 38 0.000000e+00
12 39 0.000000e+00
12 40 0.000000e+00
13 1 1.884290e-03
13 2 7.629760e-04
13 3 1.125340e-03
13 4 1.535700e-03
13 5 2.203460e-03
13 6 3.154300e-03
13 7 4.531440e-03
13 8 6.587620e-03
13 9 9.533090e-03
13 10 1.381150e-02
13 11 1.979780e-02
13 12 2.833360e-02
13 13 3.932930e-02
13 14 4.939820e-02
13 15 6.001210e-02
13 16 7.241110e-02
13 17 8.631690e-02
13 18 1.014720e-01
13 19 1.171050e-01
13 20 1.323200e-01
13 21 1.452590e-01
13 22 1.539910e-01
13 23 1.561340e-01
13 24 1.497770e-01
13 25 1.339570e-01
13 26 1.097120e-01
13 27 8.048210e-02
13 28 5.142380e-02
13 29 2.764270e-02
13 30 1.197130e-02
13 31 3.959140e-03
13 32 9.353370e-04
13 33 1.454280e-04
13 34 1.347470e-05
13 35 7.604110e-07
13 36 4.019320e-08
13 37 0.000000e+00
13 38 0.000000e+00
13 39 0.000000e+00
13 40 0.000000e+00
14 1 1.589670e-03
14 2 6.436160e-04
14 3 9.491370e-04
14 4 1.294970e-03
14 5 1.853520e-03
14 6 2.632480e-03
14 7 3.733820e-03
14 8 5.328720e-03
14 9 7.564280e-03
14 10 1.089550e-02
14 11 1.559630e-02
14 12 2.227850e-02
14 13 3.177060e-02
14 14 4.410280e-02
14 15 5.488630e-02
14 16 6.624690e-02
14 17 7.899650e-02
14 18 9.289710e-02
14 19 1.072700e-01
14 20 1.212920e-01
14 21 1.332620e-01
14 22 1.414220e-01
14 23 1.435680e-01
14 24 1.379400e-01
14 25 1.236240e-01
14 26 1.015050e-01
14 27 7.469240e-02
14 28 4.790820e-02
14 29 2.587530e-02
14 30 1.127160e-02
14 31 3.754150e-03
14 32 8.946030e-04
14 33 1.405410e-04
14 34 1.319170e-05
14 35 7.529100e-07
14 36 4.000430e-08
14 37 0.000000e+00
14 38 0.000000e+00
14 39 0.000000e+00
14 40 0.000000e+00
15 1 1.246400e-03
15 2 5.046690e-04
15 3 7.442870e-04
15 4 1.015520e-03
15 5 1.453050e-03
15 6 2.060750e-03
15 7 2.914680e-03
15 8 4.160120e-03
15 9 5.929310e-03
15 10 8.539330e-03
15 11 1.221480e-02
15 12 1.745080e-02
15 13 2.488570e-02
15 14 3.559630e-02
15 15 4.924490e-02
15 16 6.098170e-02
15 17 7.274880e-02
15 18 8.559590e-02
15 19 9.888880e-02
15 20 1.119070e-01
15 21 1.230820e-01
15 22 1.307890e-01
15 23 1.329780e-01
15 24 1.280050e-01
15 25 1.150020e-01
15 26 9.471020e-02
15 27 6.995490e-02
15 28 4.507830e-02
15 29 2.448420e-02
15 30 1.074030e-02
15 31 3.607560e-03
15 32 8.685320e-04
15 33 1.381290e-04
15 34 1.315450e-05
15 35 7.612390e-07
15 36 4.062270e-08
15 37 0.000000e+00
15 38 0.000000e+00
15 39 0.000000e+00
15 40 0.000000e+00
16 1 9.554800e-04
16 2 3.869500e-04
16 3 5.707110e-04
16 4 7.787270e-04
16 5 1.114360e-03
16 6 1.580350e-03
16 7 2.232500e-03
16 8 3.177450e-03
16 9 4.516970e-03
16 10 6.508610e-03
16 11 9.365210e-03
16 12 1.348220e-02
16 13 1.933050e-02
16 14 2.774470e-02
16 15 3.969820e-02
16 16 5.508960e-02
16 17 6.756770e-02
16 18 7.955140e-02
16 19 9.198360e-02
16 20 1.041670e-01
16 21 1.147240e-01
16 22 1.220880e-01
16 23 1.243680e-01
16 24 1.199770e-01
16 25 1.081130e-01
16 26 8.935990e-02
16 27 6.629650e-02
16 28 4.295770e-02
16 29 2.349030e-02
16 30 1.038920e-02
16 31 3.524680e-03
16 32 8.588870e-04
16 33 1.385780e-04
16 34 1.342050e-05
16 35 7.889930e-07
16 36 4.229610e-08
16 37 0.000000e+00
16 38 0.000000e+00
16 39 0.000000e+00
16 40 0.000000e+00
17 1 7.703560e-04
17 2 3.119700e-04
17 3 4.601180e-04
17 4 6.278210e-04
17 5 8.984090e-04
17 6 1.274010e-03
17 7 1.799580e-03
17 8 2.557550e-03
17 9 3.619660e-03
17 10 5.180720e-03
17 11 7.398570e-03
17 12 1.058810e-02
17 13 1.512790e-02
17 14 2.166530e-02
17 15 3.095590e-02
17 16 4.438540e-02
17 17 6.145620e-02
17 18 7.456490e-02
17 19 8.629620e-02
17 20 9.785840e-02
17 21 1.079150e-01
17 22 1.150550e-01
17 23 1.174780e-01
17 24 1.136340e-01
17 25 1.027650e-01
17 26 8.531230e-02
17 27 6.363650e-02
17 28 4.150780e-02
17 29 2.288230e-02
17 30 1.021940e-02
17 31 3.508350e-03
17 32 8.670820e-04
17 33 1.422670e-04
17 34 1.404710e-05
17 35 8.400240e-07
17 36 4.522550e-08
17 37 0.000000e+00
17 38 0.000000e+00
17 39 0.000000e+00
17 40 0.000000e+00
18 1 5.899600e-04
18 2 2.389780e-04
18 3 3.524790e-04
18 4 4.810160e-04
18 5 6.883980e-04
18 6 9.763240e-04
18 7 1.379300e-03
18 8 1.959190e-03
18 9 2.768980e-03
18 10 3.956620e-03
18 11 5.647030e-03
18 12 8.098340e-03
18 13 1.162330e-02
18 14 1.671380e-02
18 15 2.395220e-02
18 16 3.441290e-02
18 17 4.946910e-02
18 18 6.852640e-02
18 19 8.198760e-02
18 20 9.309490e-02
18 21 1.028440e-01
18 22 1.098820e-01
18 23 1.124960e-01
18 24 1.091750e-01
18 25 9.913370e-02
18 26 8.272120e-02
18 27 6.209340e-02
18 28 4.081360e-02
18 29 2.271260e-02
18 30 1.025940e-02
18 31 3.570400e-03
18 32 8.969420e-04
18 33 1.500410e-04
18 34 1.514950e-05
18 35 9.225350e-07
18 36 4.992000e-08
18 37 0.000000e+00
18 38 0.000000e+00
18 39 0.000000e+00
18 40 0.000000e+00
19 1 4.314500e-04
19 2 1.748850e-04
19 3 2.579830e-04
19 4 3.521010e-04
19 5 5.040160e-04
19 6 7.150400e-04
19 7 1.010530e-03
19 8 1.435920e-03
19 9 2.028430e-03
19 10 2.894630e-03
19 11 4.127210e-03
19 12 5.925800e-03
19 13 8.559480e-03
19 14 1.247210e-02
19 15 1.810680e-02
19 16 2.625380e-02
19 17 3.798940e-02
19 18 5.498320e-02
19 19 7.625800e-02
19 20 8.990670e-02
19 21 9.950620e-02
19 22 1.065850e-01
19 23 1.094550e-01
19 24 1.066220e-01
19 25 9.725800e-02
19 26 8.163400e-02
19 27 6.171770e-02
19 28 4.092380e-02
19 29 2.301850e-02
19 30 1.053350e-02
19 31 3.723070e-03
19 32 9.528320e-04
19 33 1.629540e-04
19 34 1.687650e-05
19 35 1.031720e-06
19 36 5.714840e-08
19 37 0.000000e+00
19 38 0.000000e+00
19 39 0.000000e+00
19 40 0.000000e+00
20 1 3.469960e-04
20 2 1.406070e-04
20 3 2.074120e-04
20 4 2.830640e-04
20 5 4.051580e-04
20 6 5.747500e-04
20 7 8.121140e-04
20 8 1.153850e-03
20 9 1.629740e-03
20 10 2.322250e-03
20 11 3.296920e-03
20 12 4.696110e-03
20 13 6.702300e-03
20 14 9.615100e-03
20 15 1.385220e-02
20 16 2.011310e-02
20 17 2.914060e-02
20 18 4.221730e-02
20 19 6.117670e-02
20 20 8.475110e-02
20 21 9.780070e-02
20 22 1.050810e-01
20 23 1.083150e-01
20 24 1.059930e-01
20 25 9.721340e-02
20 26 8.217630e-02
20 27 6.266240e-02
20 28 4.198750e-02
20 29 2.391700e-02
20 30 1.111250e-02
20 31 3.999450e-03
20 32 1.045570e-03
20 33 1.833460e-04
20 34 1.953110e-05
20 35 1.188610e-06
20 36 6.792210e-08
20 37 0.000000e+00
20 38 0.000000e+00
20 39 0.000000e+00
20 40 0.000000e+00
21 1 2.681780e-04
21 2 1.086760e-04
21 3 1.603030e-04
21 4 2.187840e-04
21 5 3.131660e-04
21 6 4.442650e-04
21 7 6.278830e-04
21 8 8.922490e-04
21 9 1.260410e-03
21 10 1.796600e-03
21 11 2.550940e-03
21 12 3.632530e-03
21 13 5.184270e-03
21 14 7.451690e-03
21 15 1.071400e-02
21 16 1.545490e-02
21 17 2.230880e-02
21 18 3.226590e-02
21 19 4.673630e-02
21 20 6.795080e-02
21 21 9.382930e-02
21 22 1.057240e-01
21 23 1.094440e-01
21 24 1.076800e-01
21 25 9.938630e-02
21 26 8.467920e-02
21 27 6.520600e-02
21 28 4.421330e-02
21 29 2.554830e-02
21 30 1.207570e-02
21 31 4.435810e-03
21 32 1.187810e-03
21 33 2.142190e-04
21 34 2.356990e-05
21 35 1.468770e-06
21 36 8.418440e-08
21 37 0.000000e+00
21 38 0.000000e+00
21 39 0.000000e+00
21 40 0.000000e+00
22 1 1.997960e-04
22 2 8.101370e-05
22 3 1.195230e-04
22 4 1.631490e-04
22 5 2.335820e-04
22 6 3.314400e-04
22 7 4.685120e-04
22 8 6.659370e-04
22 9 9.410830e-04
22 10 1.342000e-03
22 11 1.906520e-03
22 12 2.715690e-03
22 13 3.875010e-03
22 14 5.567900e-03
22 15 8.013070e-03
22 16 1.158770e-02
22 17 1.676800e-02
22 18 2.432110e-02
22 19 3.533520e-02
22 20 5.152450e-02
22 21 7.522300e-02
22 22 1.036880e-01
22 23 1.134180e-01
22 24 1.122430e-01
22 25 1.043700e-01
22 26 8.968810e-02
22 27 6.982080e-02
22 28 4.796870e-02
22 29 2.816310e-02
22 30 1.356790e-02
22 31 5.098450e-03
22 32 1.402400e-03
22 33 2.609770e-04
22 34 2.978190e-05
22 35 1.917500e-06
22 36 1.092770e-07
22 37 0.000000e+00
22 38 0.000000e+00
22 39 0.000000e+00
22 40 0.000000e+00
23 1 1.426030e-04
23 2 5.788130e-05
23 3 8.540360e-05
23 4 1.166020e-04
23 5 1.669720e-04
23 6 2.370170e-04
23 7 3.352040e-04
23 8 4.767450e-04
23 9 6.741670e-04
23 10 9.621900e-04
23 11 1.368390e-03
23 12 1.951490e-03
23 13 2.786620e-03
23 14 4.002710e-03
23 15 5.760480e-03
23 16 8.358880e-03
23 17 1.219220e-02
23 18 1.785990e-02
23 19 2.617590e-02
23 20 3.845400e-02
23 21 5.651530e-02
23 22 8.313930e-02
23 23 1.143500e-01
23 24 1.206630e-01
23 25 1.130660e-01
23 26 9.812510e-02
23 27 7.727860e-02
23 28 5.386170e-02
23 29 3.217730e-02
23 30 1.582970e-02
23 31 6.098680e-03
23 32 1.728040e-03
23 33 3.329950e-04
23 34 3.957920e-05
23 35 2.647590e-06
23 36 1.490890e-07
23 37 0.000000e+00
23 38 0.000000e+00
23 39 0.000000e+00
23 40 0.000000e+00
24 1 1.033670e-04
24 2 4.199480e-05
24 3 6.197550e-05
24 4 8.462510e-05
24 5 1.212130e-04
24 6 1.720940e-04
24 7 2.434470e-04
24 8 3.463910e-04
24 9 4.901040e-04
24 10 6.998930e-04
24 11 9.961810e-04
24 12 1.422150e-03
24 13 2.033220e-03
24 14 2.922830e-03
24 15 4.205490e-03
24 16 6.096770e-03
24 17 8.886360e-03
24 18 1.303340e-02
24 19 1.918790e-02
24 20 2.833570e-02
24 21 4.188040e-02
24 22 6.198330e-02
24 23 9.165290e-02
24 24 1.253770e-01
24 25 1.266660e-01
24 26 1.110980e-01
24 27 8.865220e-02
24 28 6.278310e-02
24 29 3.823920e-02
24 30 1.925530e-02
24 31 7.627340e-03
24 32 2.233400e-03
24 33 4.473470e-04
24 34 5.561940e-05
24 35 3.878600e-06
24 36 2.136940e-07
24 37 0.000000e+00
24 38 0.000000e+00
24 39 0.000000e+00
24 40 0.000000e+00
25 1 7.263340e-05
25 2 2.954920e-05
25 3 4.361330e-05
25 4 5.956830e-05
25 5 8.534630e-05
25 6 1.212220e-04
25 7 1.715680e-04
25 8 2.442360e-04
25 9 3.458040e-04
25 10 4.942820e-04
25 11 7.042330e-04
25 12 1.006700e-03
25 13 1.441680e-03
25 14 2.076630e-03
25 15 2.993280e-03
25 16 4.345080e-03
25 17 6.345030e-03
25 18 9.330260e-03
25 19 1.379170e-02
25 20 2.049100e-02
25 21 3.049220e-02
25 22 4.546890e-02
25 23 6.778350e-02
25 24 1.007650e-01
25 25 1.368460e-01
25 26 1.311320e-01
25 27 1.061290e-01
25 28 7.645500e-02
25 29 4.755090e-02
25 30 2.455540e-02
25 31 1.002610e-02
25 32 3.043310e-03
25 33 6.360320e-04
25 34 8.311410e-05
25 35 6.089840e-06
25 36 3.218910e-07
25 37 0.000000e+00
25 38 0.000000e+00
25 39 0.000000e+00
25 40 0.000000e+00
26 1 4.558810e-05
26 2 1.863260e-05
26 3 2.751320e-05
26 4 3.759880e-05
26 5 5.390210e-05
26 6 7.661910e-05
26 7 1.085430e-04
26 8 1.547010e-04
26 9 2.193560e-04
26 10 3.141050e-04
26 11 4.485250e-04
26 12 6.428920e-04
26 13 9.236120e-04
26 14 1.335470e-03
26 15 1.933520e-03
26 16 2.818760e-03
26 17 4.128580e-03
26 18 6.099320e-03
26 19 9.097160e-03
26 20 1.372710e-02
26 21 2.087860e-02
26 22 3.188000e-02
26 23 4.853000e-02
26 24 7.352570e-02
26 25 1.105850e-01
26 26 1.492500e-01
26 27 1.341370e-01
26 28 9.829170e-02
26 29 6.241250e-02
26 30 3.306230e-02
26 31 1.392590e-02
26 32 4.389600e-03
26 33 9.600320e-04
26 34 1.324860e-04
26 35 1.031190e-05
26 36 5.189240e-07
26 37 0.000000e+00
26 38 0.000000e+00
26 39 0.000000e+00
26 40 0.000000e+00
27 1 3.102490e-05
27 2 1.270280e-05
27 3 1.875920e-05
27 4 2.563970e-05
27 5 3.677040e-05
27 6 5.228400e-05
27 7 7.410320e-05
27 8 1.056890e-04
27 9 1.499680e-04
27 10 2.149420e-04
27 11 3.073070e-04
27 12 4.411220e-04
27 13 6.349390e-04
27 14 9.203210e-04
27 15 1.336570e-03
27 16 1.956000e-03
27 17 2.877540e-03
27 18 4.263020e-03
27 19 6.363140e-03
27 20 9.597080e-03
27 21 1.459430e-02
27 22 2.236450e-02
27 23 3.435690e-02
27 24 5.263270e-02
27 25 8.015490e-02
27 26 1.207770e-01
27 27 1.604640e-01
27 28 1.334430e-01
27 29 8.676150e-02
27 30 4.730600e-02
27 31 2.063510e-02
27 32 6.784370e-03
27 33 1.560100e-03
27 34 2.284110e-04
27 35 1.896590e-05
27 36 9.395060e-07
27 37 0.000000e+00
27 38 0.000000e+00
27 39 0.000000e+00
27 40 0.000000e+00
28 1 1.905650e-05
28 2 7.840210e-06
28 3 1.158330e-05
28 4 1.583860e-05
28 5 2.272540e-05
28 6 3.233750e-05
28 7 4.586940e-05
28 8 6.548560e-05
28 9 9.305130e-05
28 10 1.335890e-04
28 11 1.913760e-04
28 12 2.754220e-04
28 13 3.976890e-04
28 14 5.786520e-04
28 15 8.443370e-04
28 16 1.242740e-03
28 17 1.840760e-03
28 18 2.747710e-03
28 19 4.131590e-03
28 20 6.276850e-03
28 21 9.623710e-03
28 22 1.492360e-02
28 23 2.330950e-02
28 24 3.639820e-02
28 25 5.654820e-02
28 26 8.695260e-02
28 27 1.315610e-01
28 28 1.716660e-01
28 29 1.298490e-01
28 30 7.285900e-02
28 31 3.292580e-02
28 32 1.130510e-02
28 33 2.740420e-03
28 34 4.274680e-04
28 35 3.820930e-05
28 36 1.857300e-06
28 37 1.312250e-07
28 38 7.981660e-08
28 39 0.000000e+00
28 40 0.000000e+00
29 1 1.036160e-05
29 2 4.326710e-06
29 3 6.395340e-06
29 4 8.751010e-06
29 5 1.256630e-05
29 6 1.789720e-05
29 7 2.541980e-05
29 8 3.634620e-05
29 9 5.173770e-05
29 10 7.445480e-05
29 11 1.069770e-04
29 12 1.545190e-04
29 13 2.241190e-04
29 14 3.278860e-04
29 15 4.815880e-04
29 16 7.144990e-04
29 17 1.068430e-03
29 18 1.612850e-03
29 19 2.456270e-03
29 20 3.780380e-03
29 21 5.861830e-03
29 22 9.182400e-03
29 23 1.456850e-02
29 24 2.333430e-02
29 25 3.748080e-02
29 26 5.970510e-02
29 27 9.346450e-02
29 28 1.427340e-01
29 29 1.827070e-01
29 30 1.230650e-01
29 31 5.750850e-02
29 32 2.059540e-02
29 33 5.262530e-03
29 34 8.763090e-04
29 35 8.485180e-05
29 36 4.248990e-06
29 37 3.355040e-07
29 38 1.219820e-07
29 39 0.000000e+00
29 40 0.000000e+00
30 1 5.769150e-06
30 2 2.425260e-06
30 3 3.586570e-06
30 4 4.910000e-06
30 5 7.055620e-06
30 6 1.005820e-05
30 7 1.430010e-05
30 8 2.047470e-05
30 9 2.919700e-05
30 10 4.210300e-05
30 11 6.065200e-05
30 12 8.788020e-05
30 13 1.279730e-04
30 14 1.881570e-04
30 15 2.780600e-04
30 16 4.156330e-04
30 17 6.271880e-04
30 18 9.571740e-04
30 19 1.476760e-03
30 20 2.307330e-03
30 21 3.642350e-03
30 22 5.814830e-03
30 23 9.371430e-03
30 24 1.521760e-02
30 25 2.481000e-02
30 26 4.028620e-02
30 27 6.455770e-02
30 28 1.011630e-01
30 29 1.536320e-01
30 30 1.905700e-01
30 31 1.118720e-01
30 32 4.188260e-02
30 33 1.131440e-02
30 34 2.018200e-03
30 35 2.124970e-04
30 36 1.152160e-05
30 37 5.168110e-07
30 38 9.856000e-08
30 39 0.000000e+00
30 40 0.000000e+00
31 1 2.675310e-06
31 2 1.195670e-06
31 3 1.770020e-06
31 4 2.425300e-06
31 5 3.488530e-06
31 6 4.979540e-06
31 7 7.090870e-06
31 8 1.017230e-05
31 9 1.453960e-05
31 10 2.102920e-05
31 11 3.040880e-05
31 12 4.426580e-05
31 13 6.481950e-05
31 14 9.595060e-05
31 15 1.429590e-04
31 16 2.157960e-04
31 17 3.294850e-04
31 18 5.098940e-04
31 19 7.997230e-04
31 20 1.274050e-03
31 21 2.056030e-03
31 22 3.359070e-03
31 23 5.540980e-03
31 24 9.202450e-03
31 25 1.534700e-02
31 26 2.563730e-02
31 27 4.249550e-02
31 28 6.907590e-02
31 29 1.088800e-01
31 30 1.647290e-01
31 31 1.966770e-01
31 32 9.751790e-02
31 33 2.775590e-02
31 34 5.297200e-03
31 35 6.076500e-04
31 36 3.647010e-05
31 37 1.219420e-06
31 38 2.076120e-07
31 39 0.000000e+00
31 40 0.000000e+00
32 1 9.837600e-07
32 2 5.017360e-07
32 3 7.562950e-07
32 4 1.040330e-06
32 5 1.498810e-06
32 6 2.142650e-06
32 7 3.057090e-06
32 8 4.396110e-06
32 9 6.302270e-06
32 10 9.149150e-06
32 11 1.328900e-05
32 12 1.945150e-05
32 13 2.867770e-05
32 14 4.280260e-05
32 15 6.441580e-05
32 16 9.841340e-05
32 17 1.524270e-04
32 18 2.399210e-04
32 19 3.838660e-04
32 20 6.258570e-04
32 21 1.037220e-03
32 22 1.746860e-03
32 23 2.978260e-03
32 24 5.117480e-03
32 25 8.826590e-03
32 26 1.525220e-02
32 27 2.626690e-02
32 28 4.459320e-02
32 29 7.362920e-02
32 30 1.166560e-01
32 31 1.754150e-01
32 32 2.003980e-01
32 33 8.116790e-02
32 34 1.645150e-02
32 35 2.045530e-03
32 36 1.362810e-04
32 37 4.270830e-06
32 38 3.968260e-07
32 39 6.384700e-10
32 40 0.000000e+00
33 1 2.897650e-07
33 2 1.620800e-07
33 3 2.580550e-07
33 4 3.727490e-07
33 5 5.511050e-07
33 6 7.941090e-07
33 7 1.136100e-06
33 8 1.638450e-06
33 9 2.357040e-06
33 10 3.436250e-06
33 11 5.017470e-06
33 12 7.392210e-06
33 13 1.098500e-05
33 14 1.655420e-05
33 15 2.520500e-05
33 16 3.905220e-05
33 17 6.151240e-05
33 18 9.877270e-05
33 19 1.617650e-04
33 20 2.710090e-04
33 21 4.634680e-04
33 22 8.089580e-04
33 23 1.436000e-03
33 24 2.579660e-03
33 25 4.656780e-03
33 26 8.390650e-03
33 27 1.507250e-02
33 28 2.683920e-02
33 29 4.675810e-02
33 30 7.838540e-02
33 31 1.244960e-01
33 32 1.853140e-01
33 33 2.012220e-01
33 34 6.413790e-02
33 35 8.536150e-03
33 36 6.255050e-04
33 37 2.138250e-05
33 38 5.267730e-07
33 39 5.973460e-09
33 40 0.000000e+00
34 1 6.350860e-08
34 2 3.635460e-08
34 3 6.014830e-08
34 4 9.200800e-08
34 5 1.469280e-07
34 6 2.290250e-07
34 7 3.435100e-07
34 8 5.049000e-07
34 9 7.333810e-07
34 10 1.076510e-06
34 11 1.583170e-06
34 12 2.352340e-06
34 13 3.531590e-06
34 14 5.387900e-06
34 15 8.323650e-06
34 16 1.311740e-05
34 17 2.107210e-05
34 18 3.460990e-05
34 19 5.817430e-05
34 20 1.003900e-04
34 21 1.775570e-04
34 22 3.219910e-04
34 23 5.970370e-04
34 24 1.127590e-03
34 25 2.156050e-03
34 26 4.132910e-03
34 27 7.865000e-03
34 28 1.481770e-02
34 29 2.744810e-02
34 30 4.917060e-02
34 31 8.354110e-02
34 32 1.323890e-01
34 33 1.940950e-01
34 34 1.988280e-01
34 35 4.785680e-02
34 36 3.779950e-03
34 37 1.441370e-04
34 38 2.369060e-06
34 39 2.090670e-08
34 40 0.000000e+00
35 1 1.272150e-08
35 2 7.282240e-09
35 3 1.204840e-08
35 4 1.843080e-08
35 5 2.953190e-08
35 6 4.687730e-08
35 7 7.367500e-08
35 8 1.145110e-07
35 9 1.732670e-07
35 10 2.621860e-07
35 11 3.949520e-07
35 12 5.971080e-07
35 13 9.104920e-07
35 14 1.413070e-06
35 15 2.226460e-06
35 16 3.588100e-06
35 17 5.910610e-06
35 18 9.981680e-06
35 19 1.729520e-05
35 20 3.085100e-05
35 21 5.658110e-05
35 22 1.068170e-04
35 23 2.071860e-04
35 24 4.117600e-04
35 25 8.347500e-04
35 26 1.709190e-03
35 27 3.502850e-03
35 28 7.159810e-03
35 29 1.442380e-02
35 30 2.811010e-02
35 31 5.191600e-02
35 32 8.909810e-02
35 33 1.400650e-01
35 34 2.012200e-01
35 35 1.936800e-01
35 36 3.382540e-02
35 37 1.393430e-03
35 38 2.368490e-05
35 39 2.575500e-07
35 40 1.357100e-10
36 1 1.851380e-09
36 2 1.059800e-09
36 3 1.753430e-09
36 4 2.682260e-09
36 5 4.297850e-09
36 6 6.827580e-09
36 7 1.079820e-08
36 8 1.716110e-08
36 9 2.708680e-08
36 10 4.309670e-08
36 11 6.821540e-08
36 12 1.076370e-07
36 13 1.690360e-07
36 14 2.672170e-07
36 15 4.272210e-07
36 16 7.012260e-07
36 17 1.183930e-06
36 18 2.061540e-06
36 19 3.707280e-06
36 20 6.911410e-06
36 21 1.334970e-05
36 22 2.675840e-05
36 23 5.557510e-05
36 24 1.192910e-04
36 25 2.633470e-04
36 26 5.924790e-04
36 27 1.334350e-03
36 28 2.956540e-03
36 29 6.424330e-03
36 30 1.366420e-02
36 31 2.797880e-02
36 32 5.359810e-02
36 33 9.361610e-02
36 34 1.467170e-01
36 35 2.073130e-01
36 36 1.875550e-01
36 37 2.287370e-02
36 38 4.161970e-04
36 39 2.791570e-06
36 40 3.145090e-08
37 1 3.099400e-10
37 2 1.774200e-10
37 3 2.935400e-10
37 4 4.490400e-10
37 5 7.195100e-10
37 6 1.143020e-09
37 7 1.807750e-09
37 8 2.872970e-09
37 9 4.534650e-09
37 10 7.214900e-09
37 11 1.142240e-08
37 12 1.810040e-08
37 13 2.865550e-08
37 14 4.549030e-08
37 15 7.201450e-08
37 16 1.145610e-07
37 17 1.856700e-07
37 18 3.165920e-07
37 19 5.717810e-07
37 20 1.098890e-06
37 21 2.223430e-06
37 22 4.749590e-06
37 23 1.065630e-05
37 24 2.501840e-05
37 25 6.112290e-05
37 26 1.538420e-04
37 27 3.930130e-04
37 28 9.922890e-04
37 29 2.426960e-03
37 30 5.703730e-03
37 31 1.287540e-02
37 32 2.770300e-02
37 33 5.513320e-02
37 34 9.799160e-02
37 35 1.527530e-01
37 36 2.120750e-01
37 37 1.803660e-01
37 38 1.485870e-02
37 39 9.699060e-05
37 40 5.457600e-07
38 1 6.743300e-11
38 2 3.860100e-11
38 3 6.386500e-11
38 4 9.769600e-11
38 5 1.565400e-10
38 6 2.486800e-10
38 7 3.933000e-10
38 8 6.250500e-10
38 9 9.865800e-10
38 10 1.569710e-09
38 11 2.485100e-09
38 12 3.938000e-09
38 13 6.234410e-09
38 14 9.897060e-09
38 15 1.566500e-08
38 16 2.484810e-08
38 17 3.938140e-08
38 18 6.242220e-08
38 19 9.913880e-08
38 20 1.640580e-07
38 21 2.968030e-07
38 22 6.047200e-07
38 23 1.412480e-06
38 24 3.691430e-06
38 25 1.032290e-05
38 26 3.017190e-05
38 27 9.014370e-05
38 28 2.672920e-04
38 29 7.517470e-04
38 30 1.985170e-03
38 31 4.993870e-03
38 32 1.201270e-02
38 33 2.729080e-02
38 34 5.656470e-02
38 35 1.022410e-01
38 36 1.580970e-01
38 37 2.155150e-01
38 38 1.728270e-01
38 39 9.407460e-03
38 40 1.727570e-05
39 1 2.167500e-11
39 2 1.240700e-11
39 3 2.052800e-11
39 4 3.140200e-11
39 5 5.031600e-11
39 6 7.993200e-11
39 7 1.264200e-10
39 8 2.009100e-10
39 9 3.171100e-10
39 10 5.045500e-10
39 11 7.987800e-10
39 12 1.265780e-09
39 13 2.003910e-09
39 14 3.181180e-09
39 15 5.035160e-09
39 16 7.986840e-09
39 17 1.265830e-08
39 18 2.006360e-08
39 19 3.177630e-08
39 20 5.038950e-08
39 21 7.992260e-08
39 22 1.288960e-07
39 23 2.212380e-07
39 24 4.432910e-07
39 25 1.161940e-06
39 26 3.806250e-06
39 27 1.371020e-05
39 28 5.016170e-05
39 29 1.771340e-04
39 30 5.633020e-04
39 31 1.614150e-03
39 32 4.346340e-03
39 33 1.115380e-02
39 34 2.688340e-02
39 35 5.815170e-02
39 36 1.065790e-01
39 37 1.626860e-01
39 38 2.176750e-01
39 39 1.654300e-01
39 40 5.890630e-03
40 1 7.626700e-12
40 2 4.365800e-12
40 3 7.223200e-12
40 4 1.104900e-11
40 5 1.770500e-11
40 6 2.812600e-11
40 7 4.448300e-11
40 8 7.069400e-11
40 9 1.115800e-10
40 10 1.775400e-10
40 11 2.810700e-10
40 12 4.453900e-10
40 13 7.051200e-10
40 14 1.119370e-09
40 15 1.771730e-09
40 16 2.810350e-09
40 17 4.454080e-09
40 18 7.059810e-09
40 19 1.118120e-08
40 20 1.773060e-08
40 21 2.809470e-08
40 22 4.453610e-08
40 23 7.058460e-08
40 24 1.122760e-07
40 25 1.887520e-07
40 26 3.894390e-07
40 27 1.173270e-06
40 28 4.810290e-06
40 29 2.164540e-05
40 30 9.400780e-05
40 31 3.527680e-04
40 32 1.145970e-03
40 33 3.459790e-03
40 34 9.951410e-03
40 35 2.652320e-02
40 36 6.078770e-02
40 37 1.120370e-01
40 38 1.666680e-01
40 39 2.183610e-01
40 40 1.619030e-01
