1 1.302630e+01
2 1.162650e+01
3 1.036130e+01
4 9.235560e+00
5 8.242260e+00
6 7.353030e+00
7 6.560840e+00
8 5.853950e+00
9 5.228720e+00
10 4.670020e+00
11 4.173390e+00
12 3.734260e+00
13 3.342840e+00
14 2.996760e+00
15 2.689400e+00
16 2.418560e+00
17 2.179280e+00
18 1.968550e+00
19 1.783950e+00
20 1.622160e+00
21 1.481820e+00
22 1.360350e+00
23 1.255610e+00
24 1.166610e+00
25 1.091360e+00
26 1.028010e+00
27 9.757290e-01
28 9.327060e-01
29 8.976880e-01
30 8.696750e-01
31 8.469110e-01
32 8.291080e-01
33 8.146470e-01
34 8.032680e-01
35 7.943000e-01
36 7.872200e-01
37 7.817120e-01
38 7.771160e-01
39 7.733700e-01
40 7.703660e-01
