1 1 1.961180e-02
1 2 7.257150e-03
1 3 9.519830e-03
1 4 1.154900e-02
1 5 1.470200e-02
1 6 1.851970e-02
1 7 2.321930e-02
1 8 2.923720e-02
1 9 3.655070e-02
1 10 4.602170e-02
1 11 5.759190e-02
1 12 7.206340e-02
1 13 8.996220e-02
1 14 1.123880e-01
1 15 1.396510e-01
1 16 1.733780e-01
1 17 2.142330e-01
1 18 2.634640e-01
1 19 3.218140e-01
1 20 3.905850e-01
1 21 4.691320e-01
1 22 5.569480e-01
1 23 6.510880e-01
1 24 7.466930e-01
1 25 8.360680e-01
1 26 9.080850e-01
1 27 9.495470e-01
1 28 9.468710e-01
1 29 8.888790e-01
1 30 7.737300e-01
1 31 6.126690e-01
1 32 4.308050e-01
1 33 2.610880e-01
1 34 1.313730e-01
1 35 5.239940e-02
1 36 1.564320e-02
1 37 3.255900e-03
1 38 4.327330e-04
1 39 3.295350e-05
1 40 1.764360e-06
2 1 1.555290e-02
2 2 6.345740e-03
2 3 8.497260e-03
2 4 1.030980e-02
2 5 1.312460e-02
2 6 1.653260e-02
2 7 2.072790e-02
2 8 2.610010e-02
2 9 3.262900e-02
2 10 4.108390e-02
2 11 5.141250e-02
2 12 6.433180e-02
2 13 8.031090e-02
2 14 1.003290e-01
2 15 1.246660e-01
2 16 1.547760e-01
2 17 1.912480e-01
2 18 2.351970e-01
2 19 2.873000e-01
2 20 3.486950e-01
2 21 4.188160e-01
2 22 4.972130e-01
2 23 5.812590e-01
2 24 6.666160e-01
2 25 7.464150e-01
2 26 8.107320e-01
2 27 8.477360e-01
2 28 8.453980e-01
2 29 7.936540e-01
2 30 6.908750e-01
2 31 5.470980e-01
2 32 3.847290e-01
2 33 2.331870e-01
2 34 1.173490e-01
2 35 4.681350e-02
2 36 1.397840e-02
2 37 2.910120e-03
2 38 3.868960e-04
2 39 2.947730e-05
2 40 1.578620e-06
3 1 1.226920e-02
3 2 5.136660e-03
3 3 7.416860e-03
3 4 9.189310e-03
3 5 1.169920e-02
3 6 1.473700e-02
3 7 1.847670e-02
3 8 2.326550e-02
3 9 2.908530e-02
3 10 3.662200e-02
3 11 4.582880e-02
3 12 5.734530e-02
3 13 7.158930e-02
3 14 8.943350e-02
3 15 1.111260e-01
3 16 1.379670e-01
3 17 1.704780e-01
3 18 2.096550e-01
3 19 2.561070e-01
3 20 3.108420e-01
3 21 3.733530e-01
3 22 4.432390e-01
3 23 5.181630e-01
3 24 5.942620e-01
3 25 6.654100e-01
3 26 7.227630e-01
3 27 7.557580e-01
3 28 7.537200e-01
3 29 7.076260e-01
3 30 6.160260e-01
3 31 4.878660e-01
3 32 3.431120e-01
3 33 2.079900e-01
3 34 1.046860e-01
3 35 4.177040e-02
3 36 1.247570e-02
3 37 2.598100e-03
3 38 3.455500e-04
3 39 2.634210e-05
3 40 1.424100e-06
4 1 9.572940e-03
4 2 4.039370e-03
4 3 6.003040e-03
4 4 8.033280e-03
4 5 1.043060e-02
4 6 1.313980e-02
4 7 1.647410e-02
4 8 2.074390e-02
4 9 2.593300e-02
4 10 3.265280e-02
4 11 4.086190e-02
4 12 5.113040e-02
4 13 6.383030e-02
4 14 7.974130e-02
4 15 9.908390e-02
4 16 1.230140e-01
4 17 1.520010e-01
4 18 1.869360e-01
4 19 2.283520e-01
4 20 2.771690e-01
4 21 3.329130e-01
4 22 3.952300e-01
4 23 4.620400e-01
4 24 5.299050e-01
4 25 5.933590e-01
4 26 6.445080e-01
4 27 6.739630e-01
4 28 6.721850e-01
4 29 6.311190e-01
4 30 5.494670e-01
4 31 4.352000e-01
4 32 3.061130e-01
4 33 1.855920e-01
4 34 9.343190e-02
4 35 3.728940e-02
4 36 1.114090e-02
4 37 2.321060e-03
4 38 3.088550e-04
4 39 2.355970e-05
4 40 1.303920e-06
5 1 7.705870e-03
5 2 3.216500e-03
5 3 4.767330e-03
5 4 6.522750e-03
5 5 9.131990e-03
5 6 1.173050e-02
5 7 1.470770e-02
5 8 1.851960e-02
5 9 2.315240e-02
5 10 2.915160e-02
5 11 3.648060e-02
5 12 4.564830e-02
5 13 5.698650e-02
5 14 7.119160e-02
5 15 8.846120e-02
5 16 1.098250e-01
5 17 1.357050e-01
5 18 1.668950e-01
5 19 2.038730e-01
5 20 2.474620e-01
5 21 2.972440e-01
5 22 3.528840e-01
5 23 4.125440e-01
5 24 4.731420e-01
5 25 5.298110e-01
5 26 5.755000e-01
5 27 6.018600e-01
5 28 6.002790e-01
5 29 5.636560e-01
5 30 4.907800e-01
5 31 3.887690e-01
5 32 2.734980e-01
5 33 1.658520e-01
5 34 8.351570e-02
5 35 3.334250e-02
5 36 9.965630e-03
5 37 2.077230e-03
5 38 2.765730e-04
5 39 2.111900e-05
5 40 1.185840e-06
6 1 6.119210e-03
6 2 2.541580e-03
6 3 3.771890e-03
6 4 5.166340e-03
6 5 7.406950e-03
6 6 1.027020e-02
6 7 1.312670e-02
6 8 1.652910e-02
6 9 2.066400e-02
6 10 2.601850e-02
6 11 3.255980e-02
6 12 4.074220e-02
6 13 5.086240e-02
6 14 6.354090e-02
6 15 7.895460e-02
6 16 9.802450e-02
6 17 1.211230e-01
6 18 1.489610e-01
6 19 1.819700e-01
6 20 2.208750e-01
6 21 2.653250e-01
6 22 3.149950e-01
6 23 3.682610e-01
6 24 4.223540e-01
6 25 4.729530e-01
6 26 5.137720e-01
6 27 5.373880e-01
6 28 5.359520e-01
6 29 5.033120e-01
6 30 4.382930e-01
6 31 3.472490e-01
6 32 2.443400e-01
6 33 1.482080e-01
6 34 7.465510e-02
6 35 2.981700e-02
6 36 8.916410e-03
6 37 1.859680e-03
6 38 2.477850e-04
6 39 1.894920e-05
6 40 1.064410e-06
7 1 4.716710e-03
7 2 1.952040e-03
7 3 2.930120e-03
7 4 4.050000e-03
7 5 5.839370e-03
7 6 8.315630e-03
7 7 1.149770e-02
7 8 1.475690e-02
7 9 1.844860e-02
7 10 2.322900e-02
7 11 2.906920e-02
7 12 3.637450e-02
7 13 4.540980e-02
7 14 5.672960e-02
7 15 7.049130e-02
7 16 8.751770e-02
7 17 1.081420e-01
7 18 1.329960e-01
7 19 1.624680e-01
7 20 1.972080e-01
7 21 2.369010e-01
7 22 2.812670e-01
7 23 3.288330e-01
7 24 3.771440e-01
7 25 4.223420e-01
7 26 4.588260e-01
7 27 4.799660e-01
7 28 4.787100e-01
7 29 4.496170e-01
7 30 3.915970e-01
7 31 3.103170e-01
7 32 2.184090e-01
7 33 1.325220e-01
7 34 6.678090e-02
7 35 2.668560e-02
7 36 7.985020e-03
7 37 1.666680e-03
7 38 2.222650e-04
7 39 1.702010e-05
7 40 9.570700e-07
8 1 3.693150e-03
8 2 1.528750e-03
8 3 2.296920e-03
8 4 3.183480e-03
8 5 4.600080e-03
8 6 6.562990e-03
8 7 9.300690e-03
8 8 1.292470e-02
8 9 1.647320e-02
8 10 2.074180e-02
8 11 2.595660e-02
8 12 3.247980e-02
8 13 4.054780e-02
8 14 5.065590e-02
8 15 6.294480e-02
8 16 7.814880e-02
8 17 9.656730e-02
8 18 1.187620e-01
8 19 1.450800e-01
8 20 1.761070e-01
8 21 2.115550e-01
8 22 2.511940e-01
8 23 2.936810e-01
8 24 3.368380e-01
8 25 3.772270e-01
8 26 4.098470e-01
8 27 4.287670e-01
8 28 4.277030e-01
8 29 4.017760e-01
8 30 3.499970e-01
8 31 2.774220e-01
8 32 1.953190e-01
8 33 1.185600e-01
8 34 5.977570e-02
8 35 2.390150e-02
8 36 7.157520e-03
8 37 1.495340e-03
8 38 1.996450e-04
8 39 1.531260e-05
8 40 8.622040e-07
9 1 3.024400e-03
9 2 1.227330e-03
9 3 1.813680e-03
9 4 2.495800e-03
9 5 3.619730e-03
9 6 5.183830e-03
9 7 7.361040e-03
9 8 1.047760e-02
9 9 1.445370e-02
9 10 1.854400e-02
9 11 2.320610e-02
9 12 2.903810e-02
9 13 3.625160e-02
9 14 4.528870e-02
9 15 5.627610e-02
9 16 6.987000e-02
9 17 8.633800e-02
9 18 1.061860e-01
9 19 1.297180e-01
9 20 1.574630e-01
9 21 1.891590e-01
9 22 2.246210e-01
9 23 2.626250e-01
9 24 3.012280e-01
9 25 3.373780e-01
9 26 3.665860e-01
9 27 3.835340e-01
9 28 3.826720e-01
9 29 3.595490e-01
9 30 3.132860e-01
9 31 2.483980e-01
9 32 1.749550e-01
9 33 1.062530e-01
9 34 5.360500e-02
9 35 2.145120e-02
9 36 6.429930e-03
9 37 1.344880e-03
9 38 1.798270e-04
9 39 1.382130e-05
9 40 7.793560e-07
10 1 2.371170e-03
10 2 9.608240e-04
10 3 1.425630e-03
10 4 1.965880e-03
10 5 2.849620e-03
10 6 4.086680e-03
10 7 5.811790e-03
10 8 8.282270e-03
10 9 1.170300e-02
10 10 1.627110e-02
10 11 2.075120e-02
10 12 2.596600e-02
10 13 3.241650e-02
10 14 4.049800e-02
10 15 5.032350e-02
10 16 6.248030e-02
10 17 7.720780e-02
10 18 9.495850e-02
10 19 1.160060e-01
10 20 1.408210e-01
10 21 1.691760e-01
10 22 2.008970e-01
10 23 2.349130e-01
10 24 2.694630e-01
10 25 3.018270e-01
10 26 3.279980e-01
10 27 3.432050e-01
10 28 3.424970e-01
10 29 3.219030e-01
10 30 2.805730e-01
10 31 2.225460e-01
10 32 1.568200e-01
10 33 9.529980e-02
10 34 4.811730e-02
10 35 1.927420e-02
10 36 5.784280e-03
10 37 1.211610e-03
10 38 1.623110e-04
10 39 1.251390e-05
10 40 7.064700e-07
11 1 1.833300e-03
11 2 7.424390e-04
11 3 1.099020e-03
11 4 1.511880e-03
11 5 2.192700e-03
11 6 3.165540e-03
11 7 4.537430e-03
11 8 6.500160e-03
11 9 9.219270e-03
11 10 1.315160e-02
11 11 1.821570e-02
11 12 2.323950e-02
11 13 2.901250e-02
11 14 3.624570e-02
11 15 4.504020e-02
11 16 5.592150e-02
11 17 6.910440e-02
11 18 8.499420e-02
11 19 1.038370e-01
11 20 1.260530e-01
11 21 1.514440e-01
11 22 1.798430e-01
11 23 2.103250e-01
11 24 2.412840e-01
11 25 2.702920e-01
11 26 2.937770e-01
11 27 3.074540e-01
11 28 3.068810e-01
11 29 2.885380e-01
11 30 2.515940e-01
11 31 1.996610e-01
11 32 1.407760e-01
11 33 8.561510e-02
11 34 4.327060e-02
11 35 1.735400e-02
11 36 5.215790e-03
11 37 1.094550e-03
11 38 1.469700e-04
11 39 1.137190e-05
11 40 6.430980e-07
12 1 1.502000e-03
12 2 6.074960e-04
12 3 8.956370e-04
12 4 1.222990e-03
12 5 1.753140e-03
12 6 2.490410e-03
12 7 3.546990e-03
12 8 5.103290e-03
12 9 7.268770e-03
12 10 1.039310e-02
12 11 1.475060e-02
12 12 2.043860e-02
12 13 2.600860e-02
12 14 3.249280e-02
12 15 4.037740e-02
12 16 5.013340e-02
12 17 6.195310e-02
12 18 7.620130e-02
12 19 9.309890e-02
12 20 1.130240e-01
12 21 1.357970e-01
12 22 1.612730e-01
12 23 1.886330e-01
12 24 2.164280e-01
12 25 2.424850e-01
12 26 2.636070e-01
12 27 2.759460e-01
12 28 2.755100e-01
12 29 2.591490e-01
12 30 2.260820e-01
12 31 1.795300e-01
12 32 1.266810e-01
12 33 7.711330e-02
12 34 3.902210e-02
12 35 1.567380e-02
12 36 4.719640e-03
12 37 9.927190e-04
12 38 1.336750e-04
12 39 1.038190e-05
12 40 5.887720e-07
13 1 1.119760e-03
13 2 4.529700e-04
13 3 6.676900e-04
13 4 9.104780e-04
13 5 1.305020e-03
13 6 1.865610e-03
13 7 2.675500e-03
13 8 3.880920e-03
13 9 5.601640e-03
13 10 8.092420e-03
13 11 1.156360e-02
13 12 1.648650e-02
13 13 2.287800e-02
13 14 2.915770e-02
13 15 3.623290e-02
13 16 4.498860e-02
13 17 5.559740e-02
13 18 6.838610e-02
13 19 8.355540e-02
13 20 1.014440e-01
13 21 1.218930e-01
13 22 1.447770e-01
13 23 1.693540e-01
13 24 1.943470e-01
13 25 2.177910e-01
13 26 2.368200e-01
13 27 2.479760e-01
13 28 2.476870e-01
13 29 2.330870e-01
13 30 2.034760e-01
13 31 1.617020e-01
13 32 1.142130e-01
13 33 6.960710e-02
13 34 3.527560e-02
13 35 1.419560e-02
13 36 4.284450e-03
13 37 9.037540e-04
13 38 1.221230e-04
13 39 9.528010e-06
13 40 5.422720e-07
14 1 9.489880e-04
14 2 3.838930e-04
14 3 5.658100e-04
14 4 7.714160e-04
14 5 1.103210e-03
14 6 1.565170e-03
14 7 2.216730e-03
14 8 3.158400e-03
14 9 4.473820e-03
14 10 6.425830e-03
14 11 9.167240e-03
14 12 1.304480e-02
14 13 1.852010e-02
14 14 2.570520e-02
14 15 3.258030e-02
14 16 4.045370e-02
14 17 4.999500e-02
14 18 6.149840e-02
14 19 7.514450e-02
14 20 9.123940e-02
14 21 1.096430e-01
14 22 1.302430e-01
14 23 1.523720e-01
14 24 1.749020e-01
14 25 1.960500e-01
14 26 2.132480e-01
14 27 2.233720e-01
14 28 2.232360e-01
14 29 2.101960e-01
14 30 1.836390e-01
14 31 1.460770e-01
14 32 1.033050e-01
14 33 6.305520e-02
14 34 3.201320e-02
14 35 1.291280e-02
14 36 3.908540e-03
14 37 8.273740e-04
14 38 1.122850e-04
14 39 8.809010e-06
14 40 5.035150e-07
15 1 7.504290e-04
15 2 3.035900e-04
15 3 4.474780e-04
15 4 6.101040e-04
15 5 8.722060e-04
15 6 1.235640e-03
15 7 1.745120e-03
15 8 2.485930e-03
15 9 3.534950e-03
15 10 5.076790e-03
15 11 7.237600e-03
15 12 1.029910e-02
15 13 1.461870e-02
15 14 2.079600e-02
15 15 2.876670e-02
15 16 3.644640e-02
15 17 4.504430e-02
15 18 5.541180e-02
15 19 6.771230e-02
15 20 8.222440e-02
15 21 9.882030e-02
15 22 1.174050e-01
15 23 1.373830e-01
15 24 1.577340e-01
15 25 1.768650e-01
15 26 1.924570e-01
15 27 2.016850e-01
15 28 2.016740e-01
15 29 1.900490e-01
15 30 1.662010e-01
15 31 1.323620e-01
15 32 9.374550e-02
15 33 5.733010e-02
15 34 2.917250e-02
15 35 1.180080e-02
15 36 3.584610e-03
15 37 7.621090e-04
15 38 1.039770e-04
15 39 8.211380e-06
15 40 4.717640e-07
16 1 5.821360e-04
16 2 2.355440e-04
16 3 3.471710e-04
16 4 4.733650e-04
16 5 6.767410e-04
16 6 9.585420e-04
16 7 1.352140e-03
16 8 1.920850e-03
16 9 2.723930e-03
16 10 3.912790e-03
16 11 5.608660e-03
16 12 8.038460e-03
16 13 1.146710e-02
16 14 1.635940e-02
16 15 2.324840e-02
16 16 3.225100e-02
16 17 4.070950e-02
16 18 5.008540e-02
16 19 6.120960e-02
16 20 7.433680e-02
16 21 8.935470e-02
16 22 1.061800e-01
16 23 1.242800e-01
16 24 1.427290e-01
16 25 1.601100e-01
16 26 1.743060e-01
16 27 1.827710e-01
16 28 1.828990e-01
16 29 1.725190e-01
16 30 1.510480e-01
16 31 1.204730e-01
16 32 8.548170e-02
16 33 5.239720e-02
16 34 2.673890e-02
16 35 1.085400e-02
16 36 3.311380e-03
16 37 7.077760e-04
16 38 9.718830e-05
16 39 7.767480e-06
16 40 4.472350e-07
17 1 4.749640e-04
17 2 1.921340e-04
17 3 2.831970e-04
17 4 3.860980e-04
17 5 5.519860e-04
17 6 7.818460e-04
17 7 1.102750e-03
17 8 1.564420e-03
17 9 2.209030e-03
17 10 3.152250e-03
17 11 4.485590e-03
17 12 6.391440e-03
17 13 9.084540e-03
17 14 1.293330e-02
17 15 1.834690e-02
17 16 2.609250e-02
17 17 3.611520e-02
17 18 4.541320e-02
17 19 5.551250e-02
17 20 6.742800e-02
17 21 8.106630e-02
17 22 9.635370e-02
17 23 1.128140e-01
17 24 1.296120e-01
17 25 1.454620e-01
17 26 1.584580e-01
17 27 1.662770e-01
17 28 1.665470e-01
17 29 1.572820e-01
17 30 1.379040e-01
17 31 1.101960e-01
17 32 7.836700e-02
17 33 4.817150e-02
17 34 2.467000e-02
17 35 1.005710e-02
17 36 3.084610e-03
17 37 6.635840e-04
17 38 9.183570e-05
17 39 7.435190e-06
17 40 4.299170e-07
18 1 3.701940e-04
18 2 1.497860e-04
18 3 2.207810e-04
18 4 3.010270e-04
18 5 4.303460e-04
18 6 6.095620e-04
18 7 8.597600e-04
18 8 1.218770e-03
18 9 1.718140e-03
18 10 2.447430e-03
18 11 3.479530e-03
18 12 4.966450e-03
18 13 7.088430e-03
18 14 1.012690e-02
18 15 1.440280e-02
18 16 2.051070e-02
18 17 2.919200e-02
18 18 4.042300e-02
18 19 5.055980e-02
18 20 6.142800e-02
18 21 7.387000e-02
18 22 8.782870e-02
18 23 1.028540e-01
18 24 1.182370e-01
18 25 1.327770e-01
18 26 1.447510e-01
18 27 1.520350e-01
18 28 1.524360e-01
18 29 1.441780e-01
18 30 1.266430e-01
18 31 1.014220e-01
18 32 7.232910e-02
18 33 4.461300e-02
18 34 2.294570e-02
18 35 9.403140e-03
18 36 2.902610e-03
18 37 6.293110e-04
18 38 8.791790e-05
18 39 7.207240e-06
18 40 4.200730e-07
19 1 2.775740e-04
19 2 1.124000e-04
19 3 1.656760e-04
19 4 2.259030e-04
19 5 3.229800e-04
19 6 4.575010e-04
19 7 6.453290e-04
19 8 9.148370e-04
19 9 1.288640e-03
19 10 1.832410e-03
19 11 2.601400e-03
19 12 3.715380e-03
19 13 5.332260e-03
19 14 7.710480e-03
19 15 1.109780e-02
19 16 1.593300e-02
19 17 2.279610e-02
19 18 3.258960e-02
19 19 4.518900e-02
19 20 5.628050e-02
19 21 6.770170e-02
19 22 8.052410e-02
19 23 9.434710e-02
19 24 1.084880e-01
19 25 1.219450e-01
19 26 1.330610e-01
19 27 1.399190e-01
19 28 1.404640e-01
19 29 1.330890e-01
19 30 1.171610e-01
19 31 9.408080e-02
19 32 6.732090e-02
19 33 4.169610e-02
19 34 2.155500e-02
19 35 8.889020e-03
19 36 2.765000e-03
19 37 6.050960e-04
19 38 8.548990e-05
19 39 7.110490e-06
19 40 4.184790e-07
20 1 2.285240e-04
20 2 9.252790e-05
20 3 1.363890e-04
20 4 1.859560e-04
20 5 2.658560e-04
20 6 3.765770e-04
20 7 5.311300e-04
20 8 7.529000e-04
20 9 1.060360e-03
20 10 1.505610e-03
20 11 2.128130e-03
20 12 3.015320e-03
20 13 4.276790e-03
20 14 6.088910e-03
20 15 8.690950e-03
20 16 1.248230e-02
20 17 1.786710e-02
20 18 2.553650e-02
20 19 3.647160e-02
20 20 5.055460e-02
20 21 6.241660e-02
20 22 7.427240e-02
20 23 8.708010e-02
20 24 1.001950e-01
20 25 1.127200e-01
20 26 1.231300e-01
20 27 1.296630e-01
20 28 1.303870e-01
20 29 1.238000e-01
20 30 1.092790e-01
20 31 8.804620e-02
20 32 6.326230e-02
20 33 3.938260e-02
20 34 2.048530e-02
20 35 8.512630e-03
20 36 2.672390e-03
20 37 5.913770e-04
20 38 8.466670e-05
20 39 7.148750e-06
20 40 4.262290e-07
21 1 1.822070e-04
21 2 7.375830e-05
21 3 1.087230e-04
21 4 1.482410e-04
21 5 2.119370e-04
21 6 3.002120e-04
21 7 4.234330e-04
21 8 6.002100e-04
21 9 8.453130e-04
21 10 1.200300e-03
21 11 1.696340e-03
21 12 2.401970e-03
21 13 3.404460e-03
21 14 4.853540e-03
21 15 6.911130e-03
21 16 9.857650e-03
21 17 1.404400e-02
21 18 2.001590e-02
21 19 2.854040e-02
21 20 4.080390e-02
21 21 5.645550e-02
21 22 6.908460e-02
21 23 8.105470e-02
21 24 9.336410e-02
21 25 1.051070e-01
21 26 1.149840e-01
21 27 1.212880e-01
21 28 1.222200e-01
21 29 1.163310e-01
21 30 1.030280e-01
21 31 8.334190e-02
21 32 6.017880e-02
21 33 3.769210e-02
21 34 1.975130e-02
21 35 8.281890e-03
21 36 2.628440e-03
21 37 5.893170e-04
21 38 8.569070e-05
21 39 7.362580e-06
21 40 4.457240e-07
22 1 1.416160e-04
22 2 5.733730e-05
22 3 8.451420e-05
22 4 1.152380e-04
22 5 1.647550e-04
22 6 2.333760e-04
22 7 3.291950e-04
22 8 4.666610e-04
22 9 6.572380e-04
22 10 9.333030e-04
22 11 1.319070e-03
22 12 1.867110e-03
22 13 2.643940e-03
22 14 3.764520e-03
22 15 5.360140e-03
22 16 7.654540e-03
22 17 1.091610e-02
22 18 1.557400e-02
22 19 2.222140e-02
22 20 3.178410e-02
22 21 4.551140e-02
22 22 6.300000e-02
22 23 7.621460e-02
22 24 8.787870e-02
22 25 9.906190e-02
22 26 1.085370e-01
22 27 1.147190e-01
22 28 1.158950e-01
22 29 1.106310e-01
22 30 9.836340e-02
22 31 7.994720e-02
22 32 5.806500e-02
22 33 3.662960e-02
22 34 1.936350e-02
22 35 8.204930e-03
22 36 2.637390e-03
22 37 6.003920e-04
22 38 8.888690e-05
22 39 7.792070e-06
22 40 4.802990e-07
23 1 1.067720e-04
23 2 4.327100e-05
23 3 6.378440e-05
23 4 8.696980e-05
23 5 1.243450e-04
23 6 1.761490e-04
23 7 2.484730e-04
23 8 3.522640e-04
23 9 4.962120e-04
23 10 7.047410e-04
23 11 9.962360e-04
23 12 1.410450e-03
23 13 1.996300e-03
23 14 2.837640e-03
23 15 4.033250e-03
23 16 5.768400e-03
23 17 8.275570e-03
23 18 1.189590e-02
23 19 1.707290e-02
23 20 2.452630e-02
23 21 3.522580e-02
23 22 5.068280e-02
23 23 7.020200e-02
23 24 8.374850e-02
23 25 9.455550e-02
23 26 1.037780e-01
23 27 1.099500e-01
23 28 1.114020e-01
23 29 1.067160e-01
23 30 9.530900e-02
23 31 7.789410e-02
23 32 5.696060e-02
23 33 3.623240e-02
23 34 1.934920e-02
23 35 8.299680e-03
23 36 2.707230e-03
23 37 6.271830e-04
23 38 9.479650e-05
23 39 8.503180e-06
23 40 5.351660e-07
24 1 8.276920e-05
24 2 3.354180e-05
24 3 4.944010e-05
24 4 6.741440e-05
24 5 9.638910e-05
24 6 1.365390e-04
24 7 1.926100e-04
24 8 2.730790e-04
24 9 3.846520e-04
24 10 5.463420e-04
24 11 7.723920e-04
24 12 1.093620e-03
24 13 1.548150e-03
24 14 2.199060e-03
24 15 3.119610e-03
24 16 4.448450e-03
24 17 6.361120e-03
24 18 9.130570e-03
24 19 1.312380e-02
24 20 1.887860e-02
24 21 2.714880e-02
24 22 3.911520e-02
24 23 5.643810e-02
24 24 7.811200e-02
24 25 9.161190e-02
24 26 1.007760e-01
24 27 1.070670e-01
24 28 1.088530e-01
24 29 1.047130e-01
24 30 9.400450e-02
24 31 7.733300e-02
24 32 5.700290e-02
24 33 3.661340e-02
24 34 1.978460e-02
24 35 8.607990e-03
24 36 2.855480e-03
24 37 6.749180e-04
24 38 1.044450e-04
24 39 9.589310e-06
24 40 6.136960e-07
25 1 6.315510e-05
25 2 2.563400e-05
25 3 3.778680e-05
25 4 5.152480e-05
25 5 7.366930e-05
25 6 1.043640e-04
25 7 1.472260e-04
25 8 2.087390e-04
25 9 2.940620e-04
25 10 4.177080e-04
25 11 5.905940e-04
25 12 8.363430e-04
25 13 1.184080e-03
25 14 1.682360e-03
25 15 2.385770e-03
25 16 3.397550e-03
25 17 4.853160e-03
25 18 6.960000e-03
25 19 1.000350e-02
25 20 1.441370e-02
25 21 2.076240e-02
25 22 2.995580e-02
25 23 4.329460e-02
25 24 6.270020e-02
25 25 8.671660e-02
25 26 9.958520e-02
25 27 1.061440e-01
25 28 1.083540e-01
25 29 1.047370e-01
25 30 9.457460e-02
25 31 7.839400e-02
25 32 5.831550e-02
25 33 3.787620e-02
25 34 2.074380e-02
25 35 9.172560e-03
25 36 3.101850e-03
25 37 7.499390e-04
25 38 1.191910e-04
25 39 1.124140e-05
25 40 7.257850e-07
26 1 4.445580e-05
26 2 1.807760e-05
26 3 2.664970e-05
26 4 3.634280e-05
26 5 5.197070e-05
26 6 7.363500e-05
26 7 1.038960e-04
26 8 1.473420e-04
26 9 2.076250e-04
26 10 2.950160e-04
26 11 4.172910e-04
26 12 5.912280e-04
26 13 8.375910e-04
26 14 1.190950e-03
26 15 1.690290e-03
26 16 2.407560e-03
26 17 3.433730e-03
26 18 4.922690e-03
26 19 7.103300e-03
26 20 1.034140e-02
26 21 1.514210e-02
26 22 2.222160e-02
26 23 3.251380e-02
26 24 4.751810e-02
26 25 6.946870e-02
26 26 9.620540e-02
26 27 1.077650e-01
26 28 1.104790e-01
26 29 1.073830e-01
26 30 9.758860e-02
26 31 8.154440e-02
26 32 6.126850e-02
26 33 4.028120e-02
26 34 2.238890e-02
26 35 1.007750e-02
26 36 3.481390e-03
26 37 8.632600e-04
26 38 1.413770e-04
26 39 1.380670e-05
26 40 9.062810e-07
27 1 3.431650e-05
27 2 1.397700e-05
27 3 2.060400e-05
27 4 2.809670e-05
27 5 4.017860e-05
27 6 5.693030e-05
27 7 8.032760e-05
27 8 1.139220e-04
27 9 1.605410e-04
27 10 2.281420e-04
27 11 3.227290e-04
27 12 4.573130e-04
27 13 6.479460e-04
27 14 9.214530e-04
27 15 1.308100e-03
27 16 1.863660e-03
27 17 2.657580e-03
27 18 3.799940e-03
27 19 5.452400e-03
27 20 7.878420e-03
27 21 1.144730e-02
27 22 1.672800e-02
27 23 2.448860e-02
27 24 3.583730e-02
27 25 5.249680e-02
27 26 7.695230e-02
27 27 1.061650e-01
27 28 1.152850e-01
27 29 1.127720e-01
27 30 1.033170e-01
27 31 8.714090e-02
27 32 6.625220e-02
27 33 4.418280e-02
27 34 2.498300e-02
27 35 1.147800e-02
27 36 4.062840e-03
27 37 1.036650e-03
27 38 1.755150e-04
27 39 1.780490e-05
27 40 1.191820e-06
28 1 2.489030e-05
28 2 1.017450e-05
28 3 1.499990e-05
28 4 2.045640e-05
28 5 2.925330e-05
28 6 4.145260e-05
28 7 5.849430e-05
28 8 8.296460e-05
28 9 1.169370e-04
28 10 1.662070e-04
28 11 2.351760e-04
28 12 3.333530e-04
28 13 4.725040e-04
28 14 6.723200e-04
28 15 9.551250e-04
28 16 1.362000e-03
28 17 1.944250e-03
28 18 2.781860e-03
28 19 3.989010e-03
28 20 5.753690e-03
28 21 8.346650e-03
28 22 1.221960e-02
28 23 1.799800e-02
28 24 2.652610e-02
28 25 3.910190e-02
28 26 5.766410e-02
28 27 8.503600e-02
28 28 1.169030e-01
28 29 1.222330e-01
28 30 1.129390e-01
28 31 9.626580e-02
28 32 7.411350e-02
28 33 5.019720e-02
28 34 2.891920e-02
28 35 1.358780e-02
28 36 4.939610e-03
28 37 1.300790e-03
28 38 2.285370e-04
28 39 2.419190e-05
28 40 1.658270e-06
29 1 1.682760e-05
29 2 6.947350e-06
29 3 1.024250e-05
29 4 1.396980e-05
29 5 1.998100e-05
29 6 2.831550e-05
29 7 3.996400e-05
29 8 5.669940e-05
29 9 7.993640e-05
29 10 1.136670e-04
29 11 1.609190e-04
29 12 2.282310e-04
29 13 3.237780e-04
29 14 4.611430e-04
29 15 6.558550e-04
29 16 9.366230e-04
29 17 1.339370e-03
29 18 1.920480e-03
29 19 2.760240e-03
29 20 3.986020e-03
29 21 5.773660e-03
29 22 8.430560e-03
29 23 1.246770e-02
29 24 1.863600e-02
29 25 2.801810e-02
29 26 4.205140e-02
29 27 6.289170e-02
29 28 9.372570e-02
29 29 1.285190e-01
29 30 1.283720e-01
29 31 1.106210e-01
29 32 8.629410e-02
29 33 5.940110e-02
29 34 3.490330e-02
29 35 1.679660e-02
29 36 6.284250e-03
29 37 1.712750e-03
29 38 3.134720e-04
29 39 3.481280e-05
29 40 2.441780e-06
30 1 1.203490e-05
30 2 4.991970e-06
30 3 7.360400e-06
30 4 1.003920e-05
30 5 1.435980e-05
30 6 2.035300e-05
30 7 2.873040e-05
30 8 4.076780e-05
30 9 5.748590e-05
30 10 8.176220e-05
30 11 1.157900e-04
30 12 1.642890e-04
30 13 2.331840e-04
30 14 3.323290e-04
30 15 4.730310e-04
30 16 6.761880e-04
30 17 9.681630e-04
30 18 1.390430e-03
30 19 2.002060e-03
30 20 2.897630e-03
30 21 4.211970e-03
30 22 6.167880e-03
30 23 9.106290e-03
30 24 1.356280e-02
30 25 2.035080e-02
30 26 3.059600e-02
30 27 4.596990e-02
30 28 6.894730e-02
30 29 1.029580e-01
30 30 1.398470e-01
30 31 1.322470e-01
30 32 1.047700e-01
30 33 7.346270e-02
30 34 4.414940e-02
30 35 2.182870e-02
30 36 8.435140e-03
30 37 2.388410e-03
30 38 4.571770e-04
30 39 5.348810e-05
30 40 3.858950e-06
31 1 8.160370e-06
31 2 3.416530e-06
31 3 5.037890e-06
31 4 6.872330e-06
31 5 9.830730e-06
31 6 1.393540e-05
31 7 1.967310e-05
31 8 2.792120e-05
31 9 3.938520e-05
31 10 5.603300e-05
31 11 7.938660e-05
31 12 1.127130e-04
31 13 1.600750e-04
31 14 2.283230e-04
31 15 3.253500e-04
31 16 4.656780e-04
31 17 6.678520e-04
31 18 9.611310e-04
31 19 1.387590e-03
31 20 2.014710e-03
31 21 2.937720e-03
31 22 4.310360e-03
31 23 6.368110e-03
31 24 9.484080e-03
31 25 1.424930e-02
31 26 2.159500e-02
31 27 3.281000e-02
31 28 4.977710e-02
31 29 7.524050e-02
31 30 1.129040e-01
31 31 1.515430e-01
31 32 1.339560e-01
31 33 9.577030e-02
31 34 5.892650e-02
31 35 2.998340e-02
31 36 1.199470e-02
31 37 3.539970e-03
31 38 7.116580e-04
31 39 8.820250e-05
31 40 6.612260e-06
32 1 5.174080e-06
32 2 2.200840e-06
32 3 3.245570e-06
32 4 4.427910e-06
32 5 6.335470e-06
32 6 8.982620e-06
32 7 1.268460e-05
32 8 1.800860e-05
32 9 2.541140e-05
32 10 3.617250e-05
32 11 5.128100e-05
32 12 7.286170e-05
32 13 1.035910e-04
32 14 1.479450e-04
32 15 2.111310e-04
32 16 3.027950e-04
32 17 4.352980e-04
32 18 6.282670e-04
32 19 9.102850e-04
32 20 1.327490e-03
32 21 1.945820e-03
32 22 2.872040e-03
32 23 4.267950e-03
32 24 6.391160e-03
32 25 9.661110e-03
32 26 1.476300e-02
32 27 2.270760e-02
32 28 3.495160e-02
32 29 5.364330e-02
32 30 8.178390e-02
32 31 1.232630e-01
32 32 1.629870e-01
32 33 1.327880e-01
32 34 8.371690e-02
32 35 4.388640e-02
32 36 1.820720e-02
32 37 5.615690e-03
32 38 1.190220e-03
32 39 1.570620e-04
32 40 1.234950e-05
33 1 3.101740e-06
33 2 1.347170e-06
33 3 1.987560e-06
33 4 2.712280e-06
33 5 3.881330e-06
33 6 5.504580e-06
33 7 7.775850e-06
33 8 1.104420e-05
33 9 1.559260e-05
33 10 2.220930e-05
33 11 3.151040e-05
33 12 4.481380e-05
33 13 6.378920e-05
33 14 9.124440e-05
33 15 1.304670e-04
33 16 1.875450e-04
33 17 2.704050e-04
33 18 3.916690e-04
33 19 5.699270e-04
33 20 8.355290e-04
33 21 1.232490e-03
33 22 1.832820e-03
33 23 2.747350e-03
33 24 4.152320e-03
33 25 6.333050e-03
33 26 9.765960e-03
33 27 1.520130e-02
33 28 2.376540e-02
33 29 3.712210e-02
33 30 5.768400e-02
33 31 8.867580e-02
33 32 1.339970e-01
33 33 1.737590e-01
33 34 1.282600e-01
33 35 6.931140e-02
33 36 2.985510e-02
33 37 9.642390e-03
33 38 2.161450e-03
33 39 3.050950e-04
33 40 2.556540e-05
34 1 1.744680e-06
34 2 7.825880e-07
34 3 1.154910e-06
34 4 1.576590e-06
34 5 2.256930e-06
34 6 3.201830e-06
34 7 4.524850e-06
34 8 6.429450e-06
34 9 9.082800e-06
34 10 1.294670e-05
34 11 1.838490e-05
34 12 2.617840e-05
34 13 3.731560e-05
34 14 5.346460e-05
34 15 7.661330e-05
34 16 1.104250e-04
34 17 1.597350e-04
34 18 2.323230e-04
34 19 3.397360e-04
34 20 5.010230e-04
34 21 7.444170e-04
34 22 1.116640e-03
34 23 1.691070e-03
34 24 2.586720e-03
34 25 3.996980e-03
34 26 6.235080e-03
34 27 9.824370e-03
34 28 1.559960e-02
34 29 2.483230e-02
34 30 3.940990e-02
34 31 6.199530e-02
34 32 9.595310e-02
34 33 1.450150e-01
34 34 1.833030e-01
34 35 1.199930e-01
34 36 5.366550e-02
34 37 1.816800e-02
34 38 4.316940e-03
34 39 6.543640e-04
34 40 5.895400e-05
35 1 8.800560e-07
35 2 4.231070e-07
35 3 6.257440e-07
35 4 8.545810e-07
35 5 1.223740e-06
35 6 1.736580e-06
35 7 2.455290e-06
35 8 3.491100e-06
35 9 4.934970e-06
35 10 7.040790e-06
35 11 1.001000e-05
35 12 1.427140e-05
35 13 2.037780e-05
35 14 2.925990e-05
35 15 4.203510e-05
35 16 6.078000e-05
35 17 8.826050e-05
35 18 1.289680e-04
35 19 1.896870e-04
35 20 2.816980e-04
35 21 4.220170e-04
35 22 6.392440e-04
35 23 9.793190e-04
35 24 1.518460e-03
35 25 2.383680e-03
35 26 3.785170e-03
35 27 6.073410e-03
35 28 9.824530e-03
35 29 1.596220e-02
35 30 2.592650e-02
35 31 4.184120e-02
35 32 6.657910e-02
35 33 1.035460e-01
35 34 1.560010e-01
35 35 1.910200e-01
35 36 1.081800e-01
35 37 3.832950e-02
35 38 9.651860e-03
35 39 1.573510e-03
35 40 1.549320e-04
36 1 3.118200e-07
36 2 1.743890e-07
36 3 2.741680e-07
36 4 3.878820e-07
36 5 5.646220e-07
36 6 8.051300e-07
36 7 1.139540e-06
36 8 1.621800e-06
36 9 2.295150e-06
36 10 3.278490e-06
36 11 4.668310e-06
36 12 6.669040e-06
36 13 9.545250e-06
36 14 1.374680e-05
36 15 1.982170e-05
36 16 2.879360e-05
36 17 4.205160e-05
36 18 6.187470e-05
36 19 9.176500e-05
36 20 1.376380e-04
36 21 2.086580e-04
36 22 3.205370e-04
36 23 4.991610e-04
36 24 7.885800e-04
36 25 1.264510e-03
36 26 2.056240e-03
36 27 3.385030e-03
36 28 5.627610e-03
36 29 9.421080e-03
36 30 1.581610e-02
36 31 2.646520e-02
36 32 4.376850e-02
36 33 7.085600e-02
36 34 1.110800e-01
36 35 1.669650e-01
36 36 1.970310e-01
36 37 9.364590e-02
36 38 2.485590e-02
36 39 4.342370e-03
36 40 4.691360e-04
37 1 1.015010e-07
37 2 5.810270e-08
37 3 9.558950e-08
37 4 1.417100e-07
37 5 2.159920e-07
37 6 3.206700e-07
37 7 4.638790e-07
37 8 6.633880e-07
37 9 9.405110e-07
37 10 1.345650e-06
37 11 1.919370e-06
37 12 2.747990e-06
37 13 3.943760e-06
37 14 5.698450e-06
37 15 8.251450e-06
37 16 1.204720e-05
37 17 1.770300e-05
37 18 2.624650e-05
37 19 3.928720e-05
37 20 5.959270e-05
37 21 9.156390e-05
37 22 1.429050e-04
37 23 2.267330e-04
37 24 3.661130e-04
37 25 6.019570e-04
37 26 1.007070e-03
37 27 1.711490e-03
37 28 2.945650e-03
37 29 5.112530e-03
37 30 8.909980e-03
37 31 1.552060e-02
37 32 2.684180e-02
37 33 4.561560e-02
37 34 7.520090e-02
37 35 1.187060e-01
37 36 1.775480e-01
37 37 2.004740e-01
37 38 7.718980e-02
37 39 1.433360e-02
37 40 1.691370e-03
38 1 2.253440e-08
38 2 1.289950e-08
38 3 2.134210e-08
38 4 3.264770e-08
38 5 5.231060e-08
38 6 8.304150e-08
38 7 1.309160e-07
38 8 2.045960e-07
38 9 3.098390e-07
38 10 4.612660e-07
38 11 6.699840e-07
38 12 9.665720e-07
38 13 1.392170e-06
38 14 2.018830e-06
38 15 2.935820e-06
38 16 4.309420e-06
38 17 6.375140e-06
38 18 9.529950e-06
38 19 1.441030e-05
38 20 2.212930e-05
38 21 3.451630e-05
38 22 5.486380e-05
38 23 8.896990e-05
38 24 1.474110e-04
38 25 2.497670e-04
38 26 4.325200e-04
38 27 7.642760e-04
38 28 1.373230e-03
38 29 2.494240e-03
38 30 4.552600e-03
38 31 8.310940e-03
38 32 1.509520e-02
38 33 2.708220e-02
38 34 4.740090e-02
38 35 7.960860e-02
38 36 1.262980e-01
38 37 1.873330e-01
38 38 2.009800e-01
38 39 6.030530e-02
38 40 7.666110e-03
39 1 4.644140e-09
39 2 2.658480e-09
39 3 4.398420e-09
39 4 6.728390e-09
39 5 1.078100e-08
39 6 1.712680e-08
39 7 2.708700e-08
39 8 4.304810e-08
39 9 6.794520e-08
39 10 1.080500e-07
39 11 1.698240e-07
39 12 2.617900e-07
39 13 3.951540e-07
39 14 5.878760e-07
39 15 8.636360e-07
39 16 1.275590e-06
39 17 1.900800e-06
39 18 2.867010e-06
39 19 4.383400e-06
39 20 6.824060e-06
39 21 1.082360e-05
39 22 1.755650e-05
39 23 2.917430e-05
39 24 4.977190e-05
39 25 8.730990e-05
39 26 1.574600e-04
39 27 2.915130e-04
39 28 5.520740e-04
39 29 1.063260e-03
39 30 2.062070e-03
39 31 3.991330e-03
39 32 7.677020e-03
39 33 1.460610e-02
39 34 2.727420e-02
39 35 4.924600e-02
39 36 8.419230e-02
39 37 1.338100e-01
39 38 1.960110e-01
39 39 1.984620e-01
39 40 4.769440e-02
40 1 8.036500e-10
40 2 4.600400e-10
40 3 7.611300e-10
40 4 1.164320e-09
40 5 1.865610e-09
40 6 2.963720e-09
40 7 4.687290e-09
40 8 7.449290e-09
40 9 1.175780e-08
40 10 1.870750e-08
40 11 2.961700e-08
40 12 4.693030e-08
40 13 7.425160e-08
40 14 1.176440e-07
40 15 1.851670e-07
40 16 2.883020e-07
40 17 4.439270e-07
40 18 6.836270e-07
40 19 1.062390e-06
40 20 1.683810e-06
40 21 2.727570e-06
40 22 4.535050e-06
40 23 7.756210e-06
40 24 1.367880e-05
40 25 2.492540e-05
40 26 4.694990e-05
40 27 9.135740e-05
40 28 1.831660e-04
40 29 3.764920e-04
40 30 7.870700e-04
40 31 1.649970e-03
40 32 3.422560e-03
40 33 7.005350e-03
40 34 1.410360e-02
40 35 2.764270e-02
40 36 5.159780e-02
40 37 8.943470e-02
40 38 1.413470e-01
40 39 2.031330e-01
40 40 2.251650e-01
