1 1.488980e+01
2 1.476030e+01
3 1.462780e+01
4 1.449220e+01
5 1.435340e+01
6 1.421140e+01
7 1.406610e+01
8 1.391740e+01
9 1.376530e+01
10 1.360960e+01
11 1.345030e+01
12 1.328720e+01
13 1.312040e+01
14 1.294970e+01
15 1.277500e+01
16 1.259620e+01
17 1.241330e+01
18 1.223190e+01
19 1.210340e+01
20 1.198640e+01
21 1.186660e+01
22 1.174410e+01
23 1.161860e+01
24 1.149030e+01
25 1.135900e+01
26 1.122460e+01
27 1.108710e+01
28 1.094640e+01
29 1.080240e+01
30 1.065500e+01
31 1.052380e+01
32 1.041840e+01
33 1.031090e+01
34 1.020090e+01
35 1.008830e+01
36 9.973110e+00
37 9.855240e+00
38 9.734600e+00
39 9.611150e+00
40 9.485750e+00
41 9.387070e+00
42 9.300270e+00
43 9.211440e+00
44 9.120540e+00
45 9.027540e+00
46 8.932360e+00
47 8.834960e+00
48 8.735310e+00
49 8.633330e+00
50 8.528950e+00
51 8.422170e+00
52 8.312900e+00
53 8.201060e+00
54 8.086640e+00
55 7.975660e+00
56 7.888140e+00
57 7.801540e+00
58 7.712900e+00
59 7.622200e+00
60 7.529390e+00
61 7.439670e+00
62 7.359040e+00
63 7.276880e+00
64 7.192820e+00
65 7.106810e+00
66 7.021940e+00
67 6.945110e+00
68 6.867210e+00
69 6.787490e+00
70 6.705970e+00
71 6.629510e+00
72 6.556040e+00
73 6.480860e+00
74 6.403910e+00
75 6.329850e+00
76 6.259490e+00
77 6.187500e+00
78 6.113980e+00
79 6.044600e+00
80 5.976620e+00
81 5.907050e+00
82 5.839730e+00
83 5.781870e+00
84 5.723320e+00
85 5.663400e+00
86 5.602090e+00
87 5.539360e+00
88 5.475150e+00
89 5.409460e+00
90 5.342240e+00
91 5.273440e+00
92 5.204280e+00
93 5.147950e+00
94 5.094460e+00
95 5.039720e+00
96 4.983720e+00
97 4.926410e+00
98 4.867760e+00
99 4.807750e+00
100 4.746340e+00
101 4.695020e+00
102 4.654150e+00
103 4.612340e+00
104 4.569560e+00
105 4.525760e+00
106 4.480960e+00
107 4.435110e+00
108 4.388190e+00
109 4.340180e+00
110 4.291060e+00
111 4.240780e+00
112 4.189330e+00
113 4.136700e+00
114 4.082830e+00
115 4.027700e+00
116 3.971300e+00
117 3.913580e+00
118 3.856350e+00
119 3.815890e+00
120 3.779050e+00
121 3.741370e+00
122 3.702800e+00
123 3.663330e+00
124 3.622950e+00
125 3.581630e+00
126 3.539340e+00
127 3.496070e+00
128 3.451790e+00
129 3.406480e+00
130 3.360110e+00
131 3.318790e+00
132 3.285600e+00
133 3.251720e+00
134 3.217050e+00
135 3.181580e+00
136 3.145270e+00
137 3.108130e+00
138 3.070120e+00
139 3.031210e+00
140 2.991700e+00
141 2.960640e+00
142 2.933350e+00
143 2.905420e+00
144 2.876840e+00
145 2.847590e+00
146 2.817660e+00
147 2.787040e+00
148 2.755700e+00
149 2.723640e+00
150 2.690820e+00
151 2.657240e+00
152 2.622880e+00
153 2.587710e+00
154 2.551730e+00
155 2.516850e+00
156 2.489400e+00
157 2.462240e+00
158 2.434450e+00
159 2.406000e+00
160 2.376900e+00
161 2.348750e+00
162 2.323420e+00
163 2.297600e+00
164 2.271190e+00
165 2.244160e+00
166 2.217530e+00
167 2.193490e+00
168 2.169130e+00
169 2.144200e+00
170 2.118700e+00
171 2.094790e+00
172 2.071800e+00
173 2.048270e+00
174 2.024200e+00
175 2.001060e+00
176 1.979130e+00
177 1.956690e+00
178 1.933770e+00
179 1.912130e+00
180 1.890910e+00
181 1.869200e+00
182 1.847810e+00
183 1.828310e+00
184 1.808490e+00
185 1.788210e+00
186 1.767460e+00
187 1.746220e+00
188 1.724920e+00
189 1.705780e+00
190 1.686650e+00
191 1.667490e+00
192 1.649180e+00
193 1.630520e+00
194 1.612640e+00
195 1.595340e+00
196 1.577630e+00
197 1.559500e+00
198 1.541020e+00
199 1.523710e+00
200 1.506710e+00
201 1.491870e+00
202 1.479240e+00
203 1.466330e+00
204 1.453110e+00
205 1.439580e+00
206 1.425740e+00
207 1.411570e+00
208 1.397080e+00
209 1.382250e+00
210 1.367070e+00
211 1.351540e+00
212 1.335650e+00
213 1.319390e+00
214 1.302740e+00
215 1.285710e+00
216 1.268290e+00
217 1.250460e+00
218 1.232800e+00
219 1.220470e+00
220 1.209310e+00
221 1.197890e+00
222 1.186210e+00
223 1.174250e+00
224 1.162010e+00
225 1.149490e+00
226 1.136680e+00
227 1.123570e+00
228 1.110150e+00
229 1.096420e+00
230 1.082370e+00
231 1.069770e+00
232 1.059520e+00
233 1.049050e+00
234 1.038340e+00
235 1.027380e+00
236 1.016170e+00
237 1.004690e+00
238 9.929470e-01
239 9.819690e-01
240 9.719070e-01
241 9.626490e-01
242 9.536720e-01
243 9.444840e-01
244 9.350830e-01
245 9.254640e-01
246 9.156190e-01
247 9.055450e-01
248 8.953430e-01
249 8.867490e-01
250 8.786220e-01
251 8.703050e-01
252 8.617950e-01
253 8.530870e-01
254 8.441750e-01
255 8.354460e-01
256 8.281810e-01
257 8.209330e-01
258 8.135160e-01
259 8.059250e-01
260 7.981590e-01
261 7.906190e-01
262 7.837720e-01
263 7.767910e-01
264 7.696490e-01
265 7.623410e-01
266 7.552990e-01
267 7.494700e-01
268 7.436040e-01
269 7.376020e-01
270 7.314640e-01
271 7.256580e-01
272 7.200440e-01
273 7.142990e-01
274 7.084180e-01
275 7.031760e-01
276 6.987110e-01
277 6.941440e-01
278 6.894910e-01
279 6.855400e-01
280 6.819140e-01
281 6.782030e-01
282 6.744060e-01
283 6.705210e-01
284 6.665450e-01
285 6.626120e-01
286 6.594560e-01
287 6.563780e-01
288 6.534380e-01
289 6.517340e-01
290 6.502140e-01
291 6.486860e-01
292 6.472020e-01
293 6.456930e-01
294 6.452120e-01
295 6.455780e-01
296 6.459510e-01
297 6.463240e-01
298 6.467470e-01
299 6.483190e-01
300 6.504340e-01
301 6.535030e-01
302 6.575580e-01
303 6.617050e-01
304 6.659510e-01
305 6.713970e-01
306 6.788360e-01
307 6.864790e-01
308 6.943120e-01
309 7.045840e-01
310 7.167670e-01
311 7.292330e-01
312 7.429660e-01
313 7.609820e-01
314 7.798370e-01
315 7.996730e-01
316 8.253250e-01
317 8.529580e-01
318 8.820080e-01
319 9.193340e-01
320 9.594660e-01
321 1.003040e+00
322 1.058470e+00
323 1.116440e+00
324 1.185110e+00
325 1.266620e+00
326 1.353050e+00
327 1.461830e+00
328 1.577240e+00
329 1.715730e+00
330 1.870420e+00
331 2.038390e+00
332 2.229310e+00
333 2.432330e+00
334 2.639910e+00
335 2.845660e+00
336 3.018820e+00
337 3.169940e+00
338 3.246570e+00
339 3.239600e+00
340 3.146610e+00
341 2.976070e+00
342 2.780570e+00
343 2.547010e+00
344 2.315110e+00
345 2.085390e+00
346 1.873940e+00
347 1.682130e+00
348 1.510510e+00
349 1.361740e+00
350 1.234230e+00
351 1.122080e+00
352 1.023620e+00
353 9.388280e-01
354 8.667190e-01
355 8.015940e-01
356 7.457240e-01
357 6.982380e-01
358 6.534060e-01
359 6.151660e-01
360 5.821940e-01
361 5.511520e-01
362 5.242130e-01
363 4.999560e-01
364 4.780360e-01
365 4.583560e-01
366 4.402840e-01
367 4.240730e-01
368 4.091570e-01
369 3.955060e-01
370 3.831230e-01
371 3.717330e-01
372 3.609480e-01
373 3.512110e-01
374 3.419820e-01
375 3.337510e-01
376 3.257400e-01
377 3.186070e-01
378 3.115830e-01
379 3.054480e-01
380 2.997120e-01
381 2.938430e-01
382 2.882200e-01
383 2.835610e-01
384 2.788600e-01
385 2.741790e-01
386 2.702230e-01
387 2.663190e-01
388 2.624220e-01
389 2.590360e-01
390 2.556760e-01
391 2.524040e-01
392 2.495640e-01
393 2.466920e-01
394 2.440150e-01
395 2.414880e-01
396 2.389740e-01
397 2.367300e-01
398 2.345470e-01
399 2.325540e-01
400 2.306170e-01
401 2.289000e-01
402 2.272710e-01
403 2.256450e-01
404 2.240430e-01
405 2.225610e-01
406 2.213100e-01
407 2.200630e-01
408 2.188270e-01
409 2.177810e-01
410 2.168750e-01
411 2.159790e-01
412 2.151300e-01
413 2.144920e-01
414 2.138770e-01
415 2.132890e-01
416 2.129750e-01
417 2.127310e-01
418 2.125130e-01
419 2.125390e-01
420 2.126280e-01
421 2.127880e-01
422 2.132570e-01
423 2.137620e-01
424 2.144770e-01
425 2.154470e-01
426 2.163780e-01
427 2.170210e-01
428 2.176120e-01
429 2.174450e-01
430 2.167850e-01
431 2.157560e-01
432 2.141990e-01
433 2.124800e-01
434 2.103850e-01
435 2.081470e-01
436 2.056600e-01
437 2.030290e-01
438 2.002480e-01
439 1.972930e-01
440 1.941200e-01
441 1.909880e-01
442 1.878210e-01
443 1.841430e-01
444 1.804350e-01
445 1.767740e-01
446 1.729560e-01
447 1.690810e-01
448 1.653000e-01
449 1.610830e-01
450 1.564420e-01
451 1.513740e-01
452 1.461140e-01
453 1.407930e-01
454 1.355120e-01
455 1.304020e-01
456 1.255800e-01
457 1.211220e-01
458 1.170910e-01
459 1.135560e-01
460 1.105550e-01
461 1.080490e-01
462 1.058130e-01
463 1.035120e-01
464 1.008780e-01
465 9.818720e-02
466 9.541050e-02
467 9.241480e-02
468 8.956560e-02
469 8.655080e-02
470 8.395900e-02
471 8.206620e-02
472 8.047590e-02
473 7.874270e-02
474 7.634890e-02
475 7.383340e-02
476 7.187820e-02
477 7.022630e-02
478 6.853160e-02
479 6.680710e-02
480 6.503230e-02
481 6.324120e-02
482 6.168380e-02
483 6.016500e-02
484 5.860820e-02
485 5.701440e-02
486 5.539920e-02
487 5.403750e-02
488 5.275640e-02
489 5.143190e-02
490 5.007780e-02
491 4.879840e-02
492 4.766390e-02
493 4.651560e-02
494 4.533890e-02
495 4.413490e-02
496 4.289720e-02
497 4.160430e-02
498 4.034800e-02
499 3.933930e-02
500 3.844210e-02
