1 1.489510e+01
2 1.476550e+01
3 1.463290e+01
4 1.449730e+01
5 1.435840e+01
6 1.421640e+01
7 1.407100e+01
8 1.392220e+01
9 1.377000e+01
10 1.361420e+01
11 1.345480e+01
12 1.329170e+01
13 1.312480e+01
14 1.295390e+01
15 1.277910e+01
16 1.260030e+01
17 1.241730e+01
18 1.223580e+01
19 1.210720e+01
20 1.199000e+01
21 1.187010e+01
22 1.174740e+01
23 1.162190e+01
24 1.149340e+01
25 1.136190e+01
26 1.122740e+01
27 1.108970e+01
28 1.094890e+01
29 1.080470e+01
30 1.065720e+01
31 1.052580e+01
32 1.042050e+01
33 1.031290e+01
34 1.020290e+01
35 1.009030e+01
36 9.975010e+00
37 9.857110e+00
38 9.736440e+00
39 9.612940e+00
40 9.487510e+00
41 9.388790e+00
42 9.301960e+00
43 9.213100e+00
44 9.122160e+00
45 9.029120e+00
46 8.933900e+00
47 8.836460e+00
48 8.736780e+00
49 8.634750e+00
50 8.530330e+00
51 8.423510e+00
52 8.314190e+00
53 8.202310e+00
54 8.087840e+00
55 7.976800e+00
56 7.889180e+00
57 7.802470e+00
58 7.713710e+00
59 7.622890e+00
60 7.529960e+00
61 7.440150e+00
62 7.359500e+00
63 7.277320e+00
64 7.193240e+00
65 7.107200e+00
66 7.022320e+00
67 6.945470e+00
68 6.867560e+00
69 6.787820e+00
70 6.706280e+00
71 6.629810e+00
72 6.556320e+00
73 6.481130e+00
74 6.404170e+00
75 6.330100e+00
76 6.259720e+00
77 6.187730e+00
78 6.114200e+00
79 6.044820e+00
80 5.976860e+00
81 5.907300e+00
82 5.839980e+00
83 5.782100e+00
84 5.723520e+00
85 5.663580e+00
86 5.602250e+00
87 5.539480e+00
88 5.475250e+00
89 5.409530e+00
90 5.342280e+00
91 5.273460e+00
92 5.204270e+00
93 5.147960e+00
94 5.094510e+00
95 5.039820e+00
96 4.983860e+00
97 4.926590e+00
98 4.867980e+00
99 4.808020e+00
100 4.746650e+00
101 4.695360e+00
102 4.654500e+00
103 4.612690e+00
104 4.569910e+00
105 4.526120e+00
106 4.481320e+00
107 4.435470e+00
108 4.388560e+00
109 4.340550e+00
110 4.291430e+00
111 4.241160e+00
112 4.189720e+00
113 4.137080e+00
114 4.083220e+00
115 4.028090e+00
116 3.971700e+00
117 3.913980e+00
118 3.856760e+00
119 3.816280e+00
120 3.779440e+00
121 3.741740e+00
122 3.703160e+00
123 3.663680e+00
124 3.623280e+00
125 3.581940e+00
126 3.539640e+00
127 3.496350e+00
128 3.452060e+00
129 3.406730e+00
130 3.360340e+00
131 3.319010e+00
132 3.285810e+00
133 3.251930e+00
134 3.217260e+00
135 3.181780e+00
136 3.145470e+00
137 3.108320e+00
138 3.070310e+00
139 3.031400e+00
140 2.991890e+00
141 2.960820e+00
142 2.933530e+00
143 2.905590e+00
144 2.877010e+00
145 2.847760e+00
146 2.817830e+00
147 2.787200e+00
148 2.755860e+00
149 2.723790e+00
150 2.690960e+00
151 2.657380e+00
152 2.623020e+00
153 2.587840e+00
154 2.551860e+00
155 2.516970e+00
156 2.489510e+00
157 2.462340e+00
158 2.434530e+00
159 2.406080e+00
160 2.376960e+00
161 2.348800e+00
162 2.323470e+00
163 2.297650e+00
164 2.271240e+00
165 2.244210e+00
166 2.217570e+00
167 2.193530e+00
168 2.169170e+00
169 2.144230e+00
170 2.118740e+00
171 2.094820e+00
172 2.071830e+00
173 2.048300e+00
174 2.024230e+00
175 2.001090e+00
176 1.979160e+00
177 1.956720e+00
178 1.933800e+00
179 1.912150e+00
180 1.890940e+00
181 1.869220e+00
182 1.847840e+00
183 1.828330e+00
184 1.808520e+00
185 1.788230e+00
186 1.767480e+00
187 1.746250e+00
188 1.724940e+00
189 1.705800e+00
190 1.686660e+00
191 1.667510e+00
192 1.649190e+00
193 1.630530e+00
194 1.612660e+00
195 1.595350e+00
196 1.577640e+00
197 1.559520e+00
198 1.541030e+00
199 1.523730e+00
200 1.506740e+00
201 1.491900e+00
202 1.479280e+00
203 1.466360e+00
204 1.453140e+00
205 1.439610e+00
206 1.425770e+00
207 1.411610e+00
208 1.397120e+00
209 1.382290e+00
210 1.367110e+00
211 1.351580e+00
212 1.335690e+00
213 1.319430e+00
214 1.302780e+00
215 1.285750e+00
216 1.268330e+00
217 1.250500e+00
218 1.232840e+00
219 1.220510e+00
220 1.209350e+00
221 1.197930e+00
222 1.186240e+00
223 1.174280e+00
224 1.162040e+00
225 1.149520e+00
226 1.136710e+00
227 1.123590e+00
228 1.110180e+00
229 1.096450e+00
230 1.082390e+00
231 1.069790e+00
232 1.059540e+00
233 1.049070e+00
234 1.038360e+00
235 1.027400e+00
236 1.016180e+00
237 1.004700e+00
238 9.929570e-01
239 9.819770e-01
240 9.719140e-01
241 9.626560e-01
242 9.536790e-01
243 9.444920e-01
244 9.350910e-01
245 9.254720e-01
246 9.156280e-01
247 9.055540e-01
248 8.953530e-01
249 8.867590e-01
250 8.786310e-01
251 8.703140e-01
252 8.618040e-01
253 8.530960e-01
254 8.441830e-01
255 8.354540e-01
256 8.281880e-01
257 8.209400e-01
258 8.135220e-01
259 8.059310e-01
260 7.981640e-01
261 7.906230e-01
262 7.837760e-01
263 7.767960e-01
264 7.696540e-01
265 7.623470e-01
266 7.553050e-01
267 7.494750e-01
268 7.436090e-01
269 7.376050e-01
270 7.314660e-01
271 7.256610e-01
272 7.200470e-01
273 7.143020e-01
274 7.084220e-01
275 7.031800e-01
276 6.987150e-01
277 6.941470e-01
278 6.894930e-01
279 6.855420e-01
280 6.819150e-01
281 6.782040e-01
282 6.744070e-01
283 6.705220e-01
284 6.665450e-01
285 6.626130e-01
286 6.594580e-01
287 6.563810e-01
288 6.534420e-01
289 6.517370e-01
290 6.502160e-01
291 6.486860e-01
292 6.472050e-01
293 6.456970e-01
294 6.452150e-01
295 6.455800e-01
296 6.459520e-01
297 6.463260e-01
298 6.467500e-01
299 6.483220e-01
300 6.504380e-01
301 6.535070e-01
302 6.575620e-01
303 6.617110e-01
304 6.659560e-01
305 6.714030e-01
306 6.788430e-01
307 6.864860e-01
308 6.943190e-01
309 7.045920e-01
310 7.167760e-01
311 7.292420e-01
312 7.429760e-01
313 7.609930e-01
314 7.798490e-01
315 7.996860e-01
316 8.253400e-01
317 8.529740e-01
318 8.820250e-01
319 9.193540e-01
320 9.594890e-01
321 1.003060e+00
322 1.058500e+00
323 1.116470e+00
324 1.185150e+00
325 1.266660e+00
326 1.353090e+00
327 1.461880e+00
328 1.577290e+00
329 1.715780e+00
330 1.870460e+00
331 2.038420e+00
332 2.229320e+00
333 2.432330e+00
334 2.639920e+00
335 2.845640e+00
336 3.018820e+00
337 3.169920e+00
338 3.246540e+00
339 3.239570e+00
340 3.146590e+00
341 2.976070e+00
342 2.780560e+00
343 2.547010e+00
344 2.315110e+00
345 2.085420e+00
346 1.873960e+00
347 1.682150e+00
348 1.510540e+00
349 1.361760e+00
350 1.234260e+00
351 1.122100e+00
352 1.023650e+00
353 9.388440e-01
354 8.667290e-01
355 8.016080e-01
356 7.457370e-01
357 6.982490e-01
358 6.534130e-01
359 6.151720e-01
360 5.822000e-01
361 5.511570e-01
362 5.242170e-01
363 4.999580e-01
364 4.780390e-01
365 4.583580e-01
366 4.402860e-01
367 4.240750e-01
368 4.091580e-01
369 3.955070e-01
370 3.831240e-01
371 3.717340e-01
372 3.609500e-01
373 3.512120e-01
374 3.419830e-01
375 3.337520e-01
376 3.257410e-01
377 3.186090e-01
378 3.115840e-01
379 3.054490e-01
380 2.997140e-01
381 2.938440e-01
382 2.882210e-01
383 2.835620e-01
384 2.788610e-01
385 2.741800e-01
386 2.702240e-01
387 2.663200e-01
388 2.624220e-01
389 2.590370e-01
390 2.556760e-01
391 2.524050e-01
392 2.495640e-01
393 2.466920e-01
394 2.440150e-01
395 2.414880e-01
396 2.389740e-01
397 2.367300e-01
398 2.345470e-01
399 2.325540e-01
400 2.306170e-01
401 2.289000e-01
402 2.272710e-01
403 2.256450e-01
404 2.240430e-01
405 2.225610e-01
406 2.213100e-01
407 2.200630e-01
408 2.188270e-01
409 2.177810e-01
410 2.168750e-01
411 2.159790e-01
412 2.151300e-01
413 2.144920e-01
414 2.138770e-01
415 2.132890e-01
416 2.129750e-01
417 2.127310e-01
418 2.125130e-01
419 2.125390e-01
420 2.126280e-01
421 2.127880e-01
422 2.132570e-01
423 2.137620e-01
424 2.144770e-01
425 2.154470e-01
426 2.163780e-01
427 2.170210e-01
428 2.176120e-01
429 2.174450e-01
430 2.167850e-01
431 2.157560e-01
432 2.141990e-01
433 2.124800e-01
434 2.103850e-01
435 2.081470e-01
436 2.056600e-01
437 2.030290e-01
438 2.002480e-01
439 1.972930e-01
440 1.941200e-01
441 1.909880e-01
442 1.878210e-01
443 1.841430e-01
444 1.804350e-01
445 1.767740e-01
446 1.729560e-01
447 1.690810e-01
448 1.653000e-01
449 1.610830e-01
450 1.564420e-01
451 1.513740e-01
452 1.461140e-01
453 1.407930e-01
454 1.355120e-01
455 1.304020e-01
456 1.255800e-01
457 1.211220e-01
458 1.170910e-01
459 1.135560e-01
460 1.105550e-01
461 1.080490e-01
462 1.058130e-01
463 1.035120e-01
464 1.008780e-01
465 9.818720e-02
466 9.541050e-02
467 9.241480e-02
468 8.956560e-02
469 8.655080e-02
470 8.395900e-02
471 8.206620e-02
472 8.047590e-02
473 7.874270e-02
474 7.634890e-02
475 7.383340e-02
476 7.187820e-02
477 7.022630e-02
478 6.853160e-02
479 6.680710e-02
480 6.503230e-02
481 6.324120e-02
482 6.168380e-02
483 6.016500e-02
484 5.860820e-02
485 5.701440e-02
486 5.539920e-02
487 5.403750e-02
488 5.275640e-02
489 5.143190e-02
490 5.007780e-02
491 4.879840e-02
492 4.766390e-02
493 4.651560e-02
494 4.533890e-02
495 4.413490e-02
496 4.289720e-02
497 4.160430e-02
498 4.034800e-02
499 3.933930e-02
500 3.844210e-02
