1 1.490230e+01
2 1.477260e+01
3 1.464000e+01
4 1.450420e+01
5 1.436530e+01
6 1.422310e+01
7 1.407760e+01
8 1.392870e+01
9 1.377640e+01
10 1.362050e+01
11 1.346100e+01
12 1.329770e+01
13 1.313070e+01
14 1.295980e+01
15 1.278490e+01
16 1.260590e+01
17 1.242270e+01
18 1.224110e+01
19 1.211230e+01
20 1.199500e+01
21 1.187490e+01
22 1.175200e+01
23 1.162630e+01
24 1.149760e+01
25 1.136600e+01
26 1.123120e+01
27 1.109330e+01
28 1.095230e+01
29 1.080790e+01
30 1.066020e+01
31 1.052860e+01
32 1.042320e+01
33 1.031570e+01
34 1.020560e+01
35 1.009290e+01
36 9.977620e+00
37 9.859670e+00
38 9.738950e+00
39 9.615410e+00
40 9.489930e+00
41 9.391170e+00
42 9.304290e+00
43 9.215370e+00
44 9.124380e+00
45 9.031300e+00
46 8.936020e+00
47 8.838530e+00
48 8.738790e+00
49 8.636700e+00
50 8.532230e+00
51 8.425350e+00
52 8.315970e+00
53 8.204020e+00
54 8.089490e+00
55 7.978370e+00
56 7.890600e+00
57 7.803730e+00
58 7.714820e+00
59 7.623830e+00
60 7.530730e+00
61 7.440790e+00
62 7.360120e+00
63 7.277910e+00
64 7.193800e+00
65 7.107740e+00
66 7.022820e+00
67 6.945960e+00
68 6.868020e+00
69 6.788250e+00
70 6.706690e+00
71 6.630200e+00
72 6.556700e+00
73 6.481480e+00
74 6.404500e+00
75 6.330420e+00
76 6.260030e+00
77 6.188020e+00
78 6.114470e+00
79 6.045110e+00
80 5.977170e+00
81 5.907640e+00
82 5.840330e+00
83 5.782410e+00
84 5.723800e+00
85 5.663820e+00
86 5.602450e+00
87 5.539650e+00
88 5.475380e+00
89 5.409620e+00
90 5.342330e+00
91 5.273460e+00
92 5.204240e+00
93 5.147970e+00
94 5.094580e+00
95 5.039940e+00
96 4.984040e+00
97 4.926830e+00
98 4.868290e+00
99 4.808390e+00
100 4.747090e+00
101 4.695840e+00
102 4.654980e+00
103 4.613170e+00
104 4.570400e+00
105 4.526610e+00
106 4.481820e+00
107 4.435980e+00
108 4.389070e+00
109 4.341070e+00
110 4.291950e+00
111 4.241680e+00
112 4.190250e+00
113 4.137620e+00
114 4.083760e+00
115 4.028650e+00
116 3.972260e+00
117 3.914550e+00
118 3.857330e+00
119 3.816840e+00
120 3.779970e+00
121 3.742250e+00
122 3.703660e+00
123 3.664150e+00
124 3.623740e+00
125 3.582380e+00
126 3.540050e+00
127 3.496740e+00
128 3.452430e+00
129 3.407070e+00
130 3.360660e+00
131 3.319310e+00
132 3.286110e+00
133 3.252220e+00
134 3.217550e+00
135 3.182070e+00
136 3.145750e+00
137 3.108600e+00
138 3.070580e+00
139 3.031670e+00
140 2.992140e+00
141 2.961080e+00
142 2.933780e+00
143 2.905830e+00
144 2.877240e+00
145 2.847990e+00
146 2.818050e+00
147 2.787420e+00
148 2.756070e+00
149 2.723990e+00
150 2.691160e+00
151 2.657580e+00
152 2.623210e+00
153 2.588030e+00
154 2.552040e+00
155 2.517140e+00
156 2.489660e+00
157 2.462480e+00
158 2.434650e+00
159 2.406180e+00
160 2.377050e+00
161 2.348880e+00
162 2.323540e+00
163 2.297720e+00
164 2.271300e+00
165 2.244270e+00
166 2.217630e+00
167 2.193590e+00
168 2.169220e+00
169 2.144280e+00
170 2.118780e+00
171 2.094860e+00
172 2.071870e+00
173 2.048350e+00
174 2.024270e+00
175 2.001130e+00
176 1.979190e+00
177 1.956750e+00
178 1.933830e+00
179 1.912180e+00
180 1.890970e+00
181 1.869260e+00
182 1.847880e+00
183 1.828370e+00
184 1.808550e+00
185 1.788270e+00
186 1.767520e+00
187 1.746290e+00
188 1.724980e+00
189 1.705830e+00
190 1.686690e+00
191 1.667530e+00
192 1.649210e+00
193 1.630550e+00
194 1.612680e+00
195 1.595370e+00
196 1.577660e+00
197 1.559540e+00
198 1.541050e+00
199 1.523760e+00
200 1.506790e+00
201 1.491950e+00
202 1.479320e+00
203 1.466410e+00
204 1.453190e+00
205 1.439660e+00
206 1.425820e+00
207 1.411660e+00
208 1.397170e+00
209 1.382340e+00
210 1.367160e+00
211 1.351630e+00
212 1.335740e+00
213 1.319480e+00
214 1.302840e+00
215 1.285810e+00
216 1.268390e+00
217 1.250560e+00
218 1.232900e+00
219 1.220570e+00
220 1.209400e+00
221 1.197980e+00
222 1.186290e+00
223 1.174330e+00
224 1.162090e+00
225 1.149570e+00
226 1.136750e+00
227 1.123630e+00
228 1.110210e+00
229 1.096480e+00
230 1.082430e+00
231 1.069820e+00
232 1.059570e+00
233 1.049100e+00
234 1.038380e+00
235 1.027420e+00
236 1.016200e+00
237 1.004720e+00
238 9.929710e-01
239 9.819890e-01
240 9.719240e-01
241 9.626660e-01
242 9.536890e-01
243 9.445020e-01
244 9.351020e-01
245 9.254840e-01
246 9.156400e-01
247 9.055670e-01
248 8.953670e-01
249 8.867730e-01
250 8.786450e-01
251 8.703260e-01
252 8.618160e-01
253 8.531080e-01
254 8.441940e-01
255 8.354650e-01
256 8.281980e-01
257 8.209490e-01
258 8.135300e-01
259 8.059380e-01
260 7.981710e-01
261 7.906300e-01
262 7.837830e-01
263 7.768030e-01
264 7.696620e-01
265 7.623550e-01
266 7.553130e-01
267 7.494820e-01
268 7.436150e-01
269 7.376100e-01
270 7.314700e-01
271 7.256650e-01
272 7.200520e-01
273 7.143080e-01
274 7.084290e-01
275 7.031860e-01
276 6.987190e-01
277 6.941500e-01
278 6.894950e-01
279 6.855430e-01
280 6.819170e-01
281 6.782060e-01
282 6.744080e-01
283 6.705230e-01
284 6.665460e-01
285 6.626140e-01
286 6.594610e-01
287 6.563860e-01
288 6.534480e-01
289 6.517410e-01
290 6.502180e-01
291 6.486870e-01
292 6.472070e-01
293 6.457020e-01
294 6.452200e-01
295 6.455820e-01
296 6.459520e-01
297 6.463280e-01
298 6.467550e-01
299 6.483280e-01
300 6.504430e-01
301 6.535130e-01
302 6.575690e-01
303 6.617180e-01
304 6.659640e-01
305 6.714120e-01
306 6.788520e-01
307 6.864960e-01
308 6.943300e-01
309 7.046040e-01
310 7.167880e-01
311 7.292550e-01
312 7.429900e-01
313 7.610090e-01
314 7.798660e-01
315 7.997040e-01
316 8.253600e-01
317 8.529960e-01
318 8.820500e-01
319 9.193820e-01
320 9.595200e-01
321 1.003100e+00
322 1.058540e+00
323 1.116510e+00
324 1.185200e+00
325 1.266710e+00
326 1.353150e+00
327 1.461940e+00
328 1.577360e+00
329 1.715850e+00
330 1.870520e+00
331 2.038460e+00
332 2.229340e+00
333 2.432330e+00
334 2.639930e+00
335 2.845620e+00
336 3.018820e+00
337 3.169890e+00
338 3.246510e+00
339 3.239540e+00
340 3.146560e+00
341 2.976080e+00
342 2.780550e+00
343 2.547020e+00
344 2.315120e+00
345 2.085450e+00
346 1.873990e+00
347 1.682180e+00
348 1.510570e+00
349 1.361790e+00
350 1.234290e+00
351 1.122120e+00
352 1.023670e+00
353 9.388670e-01
354 8.667430e-01
355 8.016280e-01
356 7.457560e-01
357 6.982640e-01
358 6.534220e-01
359 6.151790e-01
360 5.822080e-01
361 5.511650e-01
362 5.242220e-01
363 4.999610e-01
364 4.780420e-01
365 4.583600e-01
366 4.402890e-01
367 4.240780e-01
368 4.091610e-01
369 3.955080e-01
370 3.831270e-01
371 3.717370e-01
372 3.609520e-01
373 3.512140e-01
374 3.419840e-01
375 3.337530e-01
376 3.257430e-01
377 3.186100e-01
378 3.115860e-01
379 3.054510e-01
380 2.997160e-01
381 2.938460e-01
382 2.882230e-01
383 2.835640e-01
384 2.788620e-01
385 2.741810e-01
386 2.702250e-01
387 2.663210e-01
388 2.624230e-01
389 2.590380e-01
390 2.556770e-01
391 2.524060e-01
392 2.495650e-01
393 2.466920e-01
394 2.440150e-01
395 2.414880e-01
396 2.389750e-01
397 2.367300e-01
398 2.345470e-01
399 2.325540e-01
400 2.306180e-01
401 2.289000e-01
402 2.272720e-01
403 2.256450e-01
404 2.240430e-01
405 2.225610e-01
406 2.213100e-01
407 2.200630e-01
408 2.188270e-01
409 2.177810e-01
410 2.168750e-01
411 2.159790e-01
412 2.151300e-01
413 2.144920e-01
414 2.138770e-01
415 2.132890e-01
416 2.129750e-01
417 2.127310e-01
418 2.125130e-01
419 2.125390e-01
420 2.126280e-01
421 2.127880e-01
422 2.132570e-01
423 2.137620e-01
424 2.144770e-01
425 2.154470e-01
426 2.163780e-01
427 2.170210e-01
428 2.176120e-01
429 2.174450e-01
430 2.167850e-01
431 2.157560e-01
432 2.141990e-01
433 2.124800e-01
434 2.103850e-01
435 2.081470e-01
436 2.056600e-01
437 2.030290e-01
438 2.002480e-01
439 1.972930e-01
440 1.941200e-01
441 1.909880e-01
442 1.878210e-01
443 1.841430e-01
444 1.804350e-01
445 1.767740e-01
446 1.729560e-01
447 1.690810e-01
448 1.653000e-01
449 1.610830e-01
450 1.564420e-01
451 1.513740e-01
452 1.461140e-01
453 1.407930e-01
454 1.355120e-01
455 1.304020e-01
456 1.255800e-01
457 1.211220e-01
458 1.170910e-01
459 1.135560e-01
460 1.105550e-01
461 1.080490e-01
462 1.058130e-01
463 1.035120e-01
464 1.008780e-01
465 9.818720e-02
466 9.541050e-02
467 9.241480e-02
468 8.956560e-02
469 8.655080e-02
470 8.395900e-02
471 8.206620e-02
472 8.047590e-02
473 7.874270e-02
474 7.634890e-02
475 7.383340e-02
476 7.187820e-02
477 7.022630e-02
478 6.853160e-02
479 6.680710e-02
480 6.503230e-02
481 6.324120e-02
482 6.168380e-02
483 6.016500e-02
484 5.860820e-02
485 5.701440e-02
486 5.539920e-02
487 5.403750e-02
488 5.275640e-02
489 5.143190e-02
490 5.007780e-02
491 4.879840e-02
492 4.766390e-02
493 4.651560e-02
494 4.533890e-02
495 4.413490e-02
496 4.289720e-02
497 4.160430e-02
498 4.034800e-02
499 3.933930e-02
500 3.844210e-02
