1 1.489910e+01
2 1.476940e+01
3 1.463680e+01
4 1.450110e+01
5 1.436220e+01
6 1.422000e+01
7 1.407460e+01
8 1.392580e+01
9 1.377350e+01
10 1.361770e+01
11 1.345820e+01
12 1.329500e+01
13 1.312800e+01
14 1.295710e+01
15 1.278230e+01
16 1.260340e+01
17 1.242030e+01
18 1.223870e+01
19 1.211000e+01
20 1.199270e+01
21 1.187270e+01
22 1.175000e+01
23 1.162430e+01
24 1.149570e+01
25 1.136410e+01
26 1.122950e+01
27 1.109170e+01
28 1.095070e+01
29 1.080650e+01
30 1.065880e+01
31 1.052740e+01
32 1.042200e+01
33 1.031440e+01
34 1.020440e+01
35 1.009170e+01
36 9.976440e+00
37 9.858510e+00
38 9.737810e+00
39 9.614290e+00
40 9.488840e+00
41 9.390090e+00
42 9.303230e+00
43 9.214340e+00
44 9.123380e+00
45 9.030310e+00
46 8.935060e+00
47 8.837590e+00
48 8.737880e+00
49 8.635820e+00
50 8.531370e+00
51 8.424510e+00
52 8.315160e+00
53 8.203240e+00
54 8.088740e+00
55 7.977660e+00
56 7.889960e+00
57 7.803160e+00
58 7.714320e+00
59 7.623400e+00
60 7.530390e+00
61 7.440500e+00
62 7.359840e+00
63 7.277650e+00
64 7.193550e+00
65 7.107500e+00
66 7.022600e+00
67 6.945740e+00
68 6.867810e+00
69 6.788060e+00
70 6.706510e+00
71 6.630030e+00
72 6.556530e+00
73 6.481320e+00
74 6.404350e+00
75 6.330270e+00
76 6.259890e+00
77 6.187890e+00
78 6.114350e+00
79 6.044980e+00
80 5.977030e+00
81 5.907480e+00
82 5.840180e+00
83 5.782270e+00
84 5.723680e+00
85 5.663710e+00
86 5.602360e+00
87 5.539580e+00
88 5.475320e+00
89 5.409580e+00
90 5.342310e+00
91 5.273460e+00
92 5.204260e+00
93 5.147970e+00
94 5.094550e+00
95 5.039890e+00
96 4.983960e+00
97 4.926720e+00
98 4.868150e+00
99 4.808220e+00
100 4.746890e+00
101 4.695620e+00
102 4.654760e+00
103 4.612950e+00
104 4.570170e+00
105 4.526390e+00
106 4.481590e+00
107 4.435750e+00
108 4.388830e+00
109 4.340830e+00
110 4.291710e+00
111 4.241440e+00
112 4.190010e+00
113 4.137380e+00
114 4.083510e+00
115 4.028390e+00
116 3.972000e+00
117 3.914290e+00
118 3.857070e+00
119 3.816590e+00
120 3.779730e+00
121 3.742020e+00
122 3.703430e+00
123 3.663940e+00
124 3.623530e+00
125 3.582180e+00
126 3.539860e+00
127 3.496560e+00
128 3.452260e+00
129 3.406920e+00
130 3.360520e+00
131 3.319170e+00
132 3.285980e+00
133 3.252090e+00
134 3.217420e+00
135 3.181940e+00
136 3.145620e+00
137 3.108470e+00
138 3.070450e+00
139 3.031540e+00
140 2.992030e+00
141 2.960960e+00
142 2.933660e+00
143 2.905720e+00
144 2.877140e+00
145 2.847890e+00
146 2.817950e+00
147 2.787320e+00
148 2.755970e+00
149 2.723900e+00
150 2.691070e+00
151 2.657490e+00
152 2.623120e+00
153 2.587940e+00
154 2.551960e+00
155 2.517060e+00
156 2.489590e+00
157 2.462410e+00
158 2.434600e+00
159 2.406130e+00
160 2.377010e+00
161 2.348840e+00
162 2.323510e+00
163 2.297690e+00
164 2.271270e+00
165 2.244240e+00
166 2.217600e+00
167 2.193560e+00
168 2.169190e+00
169 2.144260e+00
170 2.118760e+00
171 2.094840e+00
172 2.071850e+00
173 2.048330e+00
174 2.024250e+00
175 2.001110e+00
176 1.979180e+00
177 1.956730e+00
178 1.933810e+00
179 1.912170e+00
180 1.890950e+00
181 1.869240e+00
182 1.847860e+00
183 1.828350e+00
184 1.808540e+00
185 1.788250e+00
186 1.767500e+00
187 1.746270e+00
188 1.724960e+00
189 1.705810e+00
190 1.686680e+00
191 1.667520e+00
192 1.649200e+00
193 1.630550e+00
194 1.612670e+00
195 1.595360e+00
196 1.577650e+00
197 1.559530e+00
198 1.541040e+00
199 1.523750e+00
200 1.506770e+00
201 1.491930e+00
202 1.479300e+00
203 1.466390e+00
204 1.453170e+00
205 1.439640e+00
206 1.425800e+00
207 1.411640e+00
208 1.397140e+00
209 1.382310e+00
210 1.367140e+00
211 1.351610e+00
212 1.335720e+00
213 1.319460e+00
214 1.302810e+00
215 1.285780e+00
216 1.268360e+00
217 1.250530e+00
218 1.232870e+00
219 1.220540e+00
220 1.209380e+00
221 1.197960e+00
222 1.186270e+00
223 1.174310e+00
224 1.162070e+00
225 1.149550e+00
226 1.136730e+00
227 1.123620e+00
228 1.110200e+00
229 1.096460e+00
230 1.082410e+00
231 1.069810e+00
232 1.059550e+00
233 1.049080e+00
234 1.038370e+00
235 1.027410e+00
236 1.016190e+00
237 1.004710e+00
238 9.929640e-01
239 9.819840e-01
240 9.719200e-01
241 9.626610e-01
242 9.536850e-01
243 9.444980e-01
244 9.350970e-01
245 9.254780e-01
246 9.156350e-01
247 9.055620e-01
248 8.953600e-01
249 8.867660e-01
250 8.786390e-01
251 8.703210e-01
252 8.618110e-01
253 8.531020e-01
254 8.441890e-01
255 8.354600e-01
256 8.281940e-01
257 8.209450e-01
258 8.135270e-01
259 8.059350e-01
260 7.981680e-01
261 7.906270e-01
262 7.837800e-01
263 7.768000e-01
264 7.696590e-01
265 7.623510e-01
266 7.553090e-01
267 7.494780e-01
268 7.436120e-01
269 7.376080e-01
270 7.314680e-01
271 7.256630e-01
272 7.200500e-01
273 7.143050e-01
274 7.084260e-01
275 7.031840e-01
276 6.987170e-01
277 6.941490e-01
278 6.894940e-01
279 6.855420e-01
280 6.819160e-01
281 6.782050e-01
282 6.744080e-01
283 6.705220e-01
284 6.665460e-01
285 6.626140e-01
286 6.594600e-01
287 6.563840e-01
288 6.534450e-01
289 6.517390e-01
290 6.502170e-01
291 6.486870e-01
292 6.472060e-01
293 6.457000e-01
294 6.452180e-01
295 6.455810e-01
296 6.459520e-01
297 6.463270e-01
298 6.467530e-01
299 6.483250e-01
300 6.504410e-01
301 6.535100e-01
302 6.575660e-01
303 6.617140e-01
304 6.659610e-01
305 6.714080e-01
306 6.788480e-01
307 6.864910e-01
308 6.943250e-01
309 7.045980e-01
310 7.167820e-01
311 7.292490e-01
312 7.429840e-01
313 7.610020e-01
314 7.798580e-01
315 7.996960e-01
316 8.253510e-01
317 8.529860e-01
318 8.820390e-01
319 9.193690e-01
320 9.595060e-01
321 1.003080e+00
322 1.058520e+00
323 1.116490e+00
324 1.185170e+00
325 1.266690e+00
326 1.353120e+00
327 1.461910e+00
328 1.577330e+00
329 1.715820e+00
330 1.870490e+00
331 2.038440e+00
332 2.229330e+00
333 2.432330e+00
334 2.639920e+00
335 2.845630e+00
336 3.018820e+00
337 3.169900e+00
338 3.246520e+00
339 3.239550e+00
340 3.146580e+00
341 2.976070e+00
342 2.780550e+00
343 2.547020e+00
344 2.315120e+00
345 2.085430e+00
346 1.873980e+00
347 1.682170e+00
348 1.510560e+00
349 1.361780e+00
350 1.234280e+00
351 1.122110e+00
352 1.023660e+00
353 9.388570e-01
354 8.667370e-01
355 8.016190e-01
356 7.457470e-01
357 6.982570e-01
358 6.534180e-01
359 6.151760e-01
360 5.822040e-01
361 5.511610e-01
362 5.242200e-01
363 4.999600e-01
364 4.780410e-01
365 4.583590e-01
366 4.402880e-01
367 4.240770e-01
368 4.091600e-01
369 3.955070e-01
370 3.831260e-01
371 3.717360e-01
372 3.609510e-01
373 3.512130e-01
374 3.419840e-01
375 3.337530e-01
376 3.257420e-01
377 3.186100e-01
378 3.115850e-01
379 3.054500e-01
380 2.997150e-01
381 2.938450e-01
382 2.882220e-01
383 2.835630e-01
384 2.788610e-01
385 2.741810e-01
386 2.702240e-01
387 2.663200e-01
388 2.624230e-01
389 2.590370e-01
390 2.556770e-01
391 2.524050e-01
392 2.495650e-01
393 2.466920e-01
394 2.440150e-01
395 2.414880e-01
396 2.389740e-01
397 2.367300e-01
398 2.345470e-01
399 2.325540e-01
400 2.306170e-01
401 2.289000e-01
402 2.272720e-01
403 2.256450e-01
404 2.240430e-01
405 2.225610e-01
406 2.213100e-01
407 2.200630e-01
408 2.188270e-01
409 2.177810e-01
410 2.168750e-01
411 2.159790e-01
412 2.151300e-01
413 2.144920e-01
414 2.138770e-01
415 2.132890e-01
416 2.129750e-01
417 2.127310e-01
418 2.125130e-01
419 2.125390e-01
420 2.126280e-01
421 2.127880e-01
422 2.132570e-01
423 2.137620e-01
424 2.144770e-01
425 2.154470e-01
426 2.163780e-01
427 2.170210e-01
428 2.176120e-01
429 2.174450e-01
430 2.167850e-01
431 2.157560e-01
432 2.141990e-01
433 2.124800e-01
434 2.103850e-01
435 2.081470e-01
436 2.056600e-01
437 2.030290e-01
438 2.002480e-01
439 1.972930e-01
440 1.941200e-01
441 1.909880e-01
442 1.878210e-01
443 1.841430e-01
444 1.804350e-01
445 1.767740e-01
446 1.729560e-01
447 1.690810e-01
448 1.653000e-01
449 1.610830e-01
450 1.564420e-01
451 1.513740e-01
452 1.461140e-01
453 1.407930e-01
454 1.355120e-01
455 1.304020e-01
456 1.255800e-01
457 1.211220e-01
458 1.170910e-01
459 1.135560e-01
460 1.105550e-01
461 1.080490e-01
462 1.058130e-01
463 1.035120e-01
464 1.008780e-01
465 9.818720e-02
466 9.541050e-02
467 9.241480e-02
468 8.956560e-02
469 8.655080e-02
470 8.395900e-02
471 8.206620e-02
472 8.047590e-02
473 7.874270e-02
474 7.634890e-02
475 7.383340e-02
476 7.187820e-02
477 7.022630e-02
478 6.853160e-02
479 6.680710e-02
480 6.503230e-02
481 6.324120e-02
482 6.168380e-02
483 6.016500e-02
484 5.860820e-02
485 5.701440e-02
486 5.539920e-02
487 5.403750e-02
488 5.275640e-02
489 5.143190e-02
490 5.007780e-02
491 4.879840e-02
492 4.766390e-02
493 4.651560e-02
494 4.533890e-02
495 4.413490e-02
496 4.289720e-02
497 4.160430e-02
498 4.034800e-02
499 3.933930e-02
500 3.844210e-02
