1 1.117200e-01
2 1.117180e-01
3 1.117160e-01
4 1.117150e-01
5 1.117130e-01
6 1.117110e-01
7 1.117090e-01
8 1.117070e-01
9 1.117050e-01
10 1.117030e-01
11 1.117010e-01
12 1.116990e-01
13 1.116960e-01
14 1.116940e-01
15 1.116920e-01
16 1.116900e-01
17 1.116870e-01
18 1.116850e-01
19 1.116820e-01
20 1.116800e-01
21 1.116770e-01
22 1.116740e-01
23 1.116710e-01
24 1.116690e-01
25 1.116660e-01
26 1.116630e-01
27 1.116600e-01
28 1.116570e-01
29 1.116530e-01
30 1.116500e-01
31 1.116470e-01
32 1.116430e-01
33 1.116400e-01
34 1.116360e-01
35 1.116330e-01
36 1.116290e-01
37 1.116250e-01
38 1.116210e-01
39 1.116170e-01
40 1.116130e-01
41 1.116090e-01
42 1.116050e-01
43 1.116000e-01
44 1.115960e-01
45 1.115910e-01
46 1.115870e-01
47 1.115820e-01
48 1.115770e-01
49 1.115720e-01
50 1.115670e-01
51 1.115610e-01
52 1.115560e-01
53 1.115500e-01
54 1.115450e-01
55 1.115390e-01
56 1.115330e-01
57 1.115270e-01
58 1.115210e-01
59 1.115140e-01
60 1.115080e-01
61 1.115010e-01
62 1.114950e-01
63 1.114880e-01
64 1.114800e-01
65 1.114730e-01
66 1.114660e-01
67 1.114580e-01
68 1.114500e-01
69 1.114420e-01
70 1.114340e-01
71 1.114260e-01
72 1.114170e-01
73 1.114080e-01
74 1.114000e-01
75 1.113900e-01
76 1.113810e-01
77 1.113710e-01
78 1.113620e-01
79 1.113520e-01
80 1.113410e-01
81 1.113310e-01
82 1.113200e-01
83 1.113090e-01
84 1.112980e-01
85 1.112860e-01
86 1.112740e-01
87 1.112620e-01
88 1.112500e-01
89 1.112370e-01
90 1.112240e-01
91 1.112110e-01
92 1.111970e-01
93 1.111840e-01
94 1.111690e-01
95 1.111550e-01
96 1.111400e-01
97 1.111250e-01
98 1.111090e-01
99 1.110930e-01
100 1.110770e-01
101 1.110600e-01
102 1.110420e-01
103 1.110230e-01
104 1.110040e-01
105 1.109850e-01
106 1.109650e-01
107 1.109450e-01
108 1.109240e-01
109 1.109030e-01
110 1.108810e-01
111 1.108590e-01
112 1.108360e-01
113 1.108130e-01
114 1.107890e-01
115 1.107650e-01
116 1.107400e-01
117 1.107150e-01
118 1.106890e-01
119 1.106620e-01
120 1.106350e-01
121 1.106070e-01
122 1.105780e-01
123 1.105490e-01
124 1.105190e-01
125 1.104880e-01
126 1.104570e-01
127 1.104250e-01
128 1.103920e-01
129 1.103580e-01
130 1.103240e-01
131 1.102890e-01
132 1.102530e-01
133 1.102160e-01
134 1.101780e-01
135 1.101400e-01
136 1.101000e-01
137 1.100600e-01
138 1.100180e-01
139 1.099760e-01
140 1.099330e-01
141 1.098880e-01
142 1.098430e-01
143 1.097970e-01
144 1.097490e-01
145 1.097010e-01
146 1.096510e-01
147 1.096000e-01
148 1.095480e-01
149 1.094950e-01
150 1.094400e-01
151 1.093840e-01
152 1.093270e-01
153 1.092690e-01
154 1.092090e-01
155 1.091480e-01
156 1.090860e-01
157 1.090210e-01
158 1.089560e-01
159 1.088890e-01
160 1.088200e-01
161 1.087500e-01
162 1.086780e-01
163 1.086050e-01
164 1.085290e-01
165 1.084530e-01
166 1.083740e-01
167 1.082930e-01
168 1.082110e-01
169 1.081260e-01
170 1.080400e-01
171 1.079510e-01
172 1.078610e-01
173 1.077680e-01
174 1.076740e-01
175 1.075770e-01
176 1.074780e-01
177 1.073760e-01
178 1.072720e-01
179 1.071660e-01
180 1.070570e-01
181 1.069460e-01
182 1.068320e-01
183 1.067160e-01
184 1.065960e-01
185 1.064740e-01
186 1.063500e-01
187 1.062220e-01
188 1.060910e-01
189 1.059570e-01
190 1.058200e-01
191 1.056800e-01
192 1.055370e-01
193 1.053900e-01
194 1.052400e-01
195 1.050860e-01
196 1.049290e-01
197 1.047680e-01
198 1.046040e-01
199 1.044350e-01
200 1.042630e-01
201 1.040780e-01
202 1.038790e-01
203 1.036760e-01
204 1.034680e-01
205 1.032560e-01
206 1.030380e-01
207 1.028150e-01
208 1.025870e-01
209 1.023540e-01
210 1.021150e-01
211 1.018710e-01
212 1.016210e-01
213 1.013650e-01
214 1.011030e-01
215 1.008360e-01
216 1.005620e-01
217 1.002810e-01
218 9.999410e-02
219 9.970050e-02
220 9.939990e-02
221 9.909240e-02
222 9.877770e-02
223 9.845580e-02
224 9.812630e-02
225 9.778910e-02
226 9.744410e-02
227 9.709110e-02
228 9.672970e-02
229 9.636010e-02
230 9.598180e-02
231 9.557160e-02
232 9.511780e-02
233 9.465310e-02
234 9.417760e-02
235 9.369090e-02
236 9.319300e-02
237 9.268350e-02
238 9.216210e-02
239 9.162850e-02
240 9.108250e-02
241 9.052380e-02
242 8.995210e-02
243 8.936710e-02
244 8.876850e-02
245 8.815580e-02
246 8.752900e-02
247 8.688750e-02
248 8.623110e-02
249 8.555940e-02
250 8.487200e-02
251 8.416870e-02
252 8.344890e-02
253 8.271240e-02
254 8.195880e-02
255 8.118750e-02
256 8.039840e-02
257 7.959080e-02
258 7.876440e-02
259 7.791880e-02
260 7.705350e-02
261 7.612180e-02
262 7.507050e-02
263 7.399150e-02
264 7.288740e-02
265 7.175760e-02
266 7.060140e-02
267 6.941830e-02
268 6.820770e-02
269 6.696890e-02
270 6.570120e-02
271 6.440400e-02
272 6.307650e-02
273 6.171820e-02
274 6.032820e-02
275 5.890580e-02
276 5.745030e-02
277 5.596090e-02
278 5.443410e-02
279 5.276750e-02
280 5.100870e-02
281 4.920900e-02
282 4.736730e-02
283 4.548270e-02
284 4.355410e-02
285 4.158060e-02
286 3.956110e-02
287 3.749470e-02
288 3.538010e-02
289 3.321630e-02
290 3.100210e-02
291 2.873540e-02
292 2.641430e-02
293 2.403920e-02
294 2.160880e-02
295 1.912170e-02
296 1.657620e-02
297 1.397170e-02
298 1.130670e-02
299 8.579670e-03
300 5.789070e-03
301 3.172990e-03
302 7.380930e-04
303 0.000000e+00
304 0.000000e+00
305 0.000000e+00
306 0.000000e+00
307 0.000000e+00
308 0.000000e+00
309 0.000000e+00
310 0.000000e+00
311 0.000000e+00
312 0.000000e+00
313 0.000000e+00
314 0.000000e+00
315 0.000000e+00
316 0.000000e+00
317 0.000000e+00
318 0.000000e+00
319 0.000000e+00
320 0.000000e+00
321 0.000000e+00
322 0.000000e+00
323 0.000000e+00
324 0.000000e+00
325 0.000000e+00
326 0.000000e+00
327 2.613650e-03
328 9.296200e-03
329 1.615030e-02
330 2.314560e-02
331 3.079430e-02
332 3.929560e-02
333 4.799740e-02
334 5.690060e-02
335 6.594830e-02
336 7.506270e-02
337 8.437980e-02
338 9.391100e-02
339 1.031140e-01
340 1.119350e-01
341 1.209630e-01
342 1.300100e-01
343 1.380950e-01
344 1.461690e-01
345 1.543730e-01
346 1.616310e-01
347 1.686300e-01
348 1.757340e-01
349 1.819550e-01
350 1.879330e-01
351 1.938990e-01
352 1.990390e-01
353 2.041160e-01
354 2.089300e-01
355 2.131670e-01
356 2.174310e-01
357 2.211400e-01
358 2.247520e-01
359 2.280730e-01
360 2.311160e-01
361 2.340440e-01
362 2.366350e-01
363 2.391620e-01
364 2.413880e-01
365 2.435520e-01
366 2.454680e-01
367 2.473140e-01
368 2.489620e-01
369 2.505250e-01
370 2.519430e-01
371 2.531630e-01
372 2.542520e-01
373 2.553670e-01
374 2.565080e-01
375 2.574760e-01
376 2.582320e-01
377 2.590060e-01
378 2.597930e-01
379 2.603930e-01
380 2.609010e-01
381 2.614210e-01
382 2.618920e-01
383 2.622030e-01
384 2.625100e-01
385 2.628000e-01
386 2.629440e-01
387 2.630640e-01
388 2.631660e-01
389 2.631360e-01
390 2.630820e-01
391 2.629880e-01
392 2.627730e-01
393 2.625440e-01
394 2.622230e-01
395 2.618260e-01
396 2.613930e-01
397 2.608330e-01
398 2.602420e-01
399 2.595300e-01
400 2.587520e-01
401 2.578360e-01
402 2.567790e-01
403 2.556970e-01
404 2.545900e-01
405 2.533350e-01
406 2.518430e-01
407 2.503130e-01
408 2.487460e-01
409 2.469500e-01
410 2.449700e-01
411 2.429430e-01
412 2.408110e-01
413 2.383950e-01
414 2.358960e-01
415 2.333200e-01
416 2.304810e-01
417 2.275230e-01
418 2.244820e-01
419 2.212190e-01
420 2.178420e-01
421 2.143700e-01
422 2.107450e-01
423 2.070270e-01
424 2.032450e-01
425 1.994010e-01
426 1.955820e-01
427 1.924330e-01
428 1.893640e-01
429 1.870590e-01
430 1.852260e-01
431 1.837120e-01
432 1.826960e-01
433 1.818710e-01
434 1.814950e-01
435 1.813190e-01
436 1.815960e-01
437 1.821370e-01
438 1.831410e-01
439 1.843970e-01
440 1.859700e-01
441 1.891170e-01
442 1.933840e-01
443 1.996220e-01
444 2.064580e-01
445 2.136930e-01
446 2.211590e-01
447 2.288230e-01
448 2.366660e-01
449 2.446840e-01
450 2.528840e-01
451 2.612740e-01
452 2.698740e-01
453 2.787010e-01
454 2.883050e-01
455 2.995250e-01
456 3.129340e-01
457 3.279530e-01
458 3.439190e-01
459 3.600990e-01
460 3.756750e-01
461 3.901350e-01
462 4.038990e-01
463 4.176350e-01
464 4.312940e-01
465 4.447900e-01
466 4.580310e-01
467 4.709110e-01
468 4.833130e-01
469 4.951060e-01
470 5.061430e-01
471 5.163530e-01
472 5.263400e-01
473 5.359060e-01
474 5.452840e-01
475 5.542700e-01
476 5.628860e-01
477 5.712330e-01
478 5.791560e-01
479 5.869550e-01
480 5.947870e-01
481 6.027510e-01
482 6.107590e-01
483 6.187320e-01
484 6.265970e-01
485 6.342220e-01
486 6.414830e-01
487 6.482430e-01
488 6.544720e-01
489 6.602410e-01
490 6.659780e-01
491 6.716880e-01
492 6.773540e-01
493 6.829600e-01
494 6.884870e-01
495 6.939170e-01
496 6.992250e-01
497 7.043890e-01
498 7.093810e-01
499 7.141730e-01
500 7.187350e-01
