1 1.490510e+01
2 1.477540e+01
3 1.464270e+01
4 1.450690e+01
5 1.436790e+01
6 1.422570e+01
7 1.408020e+01
8 1.393130e+01
9 1.377890e+01
10 1.362300e+01
11 1.346340e+01
12 1.330010e+01
13 1.313310e+01
14 1.296210e+01
15 1.278710e+01
16 1.260810e+01
17 1.242490e+01
18 1.224320e+01
19 1.211440e+01
20 1.199690e+01
21 1.187680e+01
22 1.175390e+01
23 1.162800e+01
24 1.149930e+01
25 1.136760e+01
26 1.123270e+01
27 1.109480e+01
28 1.095360e+01
29 1.080920e+01
30 1.066130e+01
31 1.052980e+01
32 1.042430e+01
33 1.031670e+01
34 1.020660e+01
35 1.009400e+01
36 9.978640e+00
37 9.860670e+00
38 9.739940e+00
39 9.616380e+00
40 9.490890e+00
41 9.392100e+00
42 9.305200e+00
43 9.216260e+00
44 9.125260e+00
45 9.032150e+00
46 8.936860e+00
47 8.839340e+00
48 8.739580e+00
49 8.637470e+00
50 8.532970e+00
51 8.426070e+00
52 8.316660e+00
53 8.204690e+00
54 8.090140e+00
55 7.978990e+00
56 7.891160e+00
57 7.804220e+00
58 7.715250e+00
59 7.624190e+00
60 7.531030e+00
61 7.441040e+00
62 7.360350e+00
63 7.278140e+00
64 7.194010e+00
65 7.107940e+00
66 7.023020e+00
67 6.946140e+00
68 6.868190e+00
69 6.788420e+00
70 6.706850e+00
71 6.630350e+00
72 6.556840e+00
73 6.481620e+00
74 6.404630e+00
75 6.330540e+00
76 6.260140e+00
77 6.188130e+00
78 6.114580e+00
79 6.045220e+00
80 5.977290e+00
81 5.907770e+00
82 5.840460e+00
83 5.782530e+00
84 5.723910e+00
85 5.663910e+00
86 5.602530e+00
87 5.539720e+00
88 5.475430e+00
89 5.409650e+00
90 5.342350e+00
91 5.273460e+00
92 5.204230e+00
93 5.147970e+00
94 5.094600e+00
95 5.039990e+00
96 4.984110e+00
97 4.926930e+00
98 4.868410e+00
99 4.808540e+00
100 4.747260e+00
101 4.696030e+00
102 4.655170e+00
103 4.613370e+00
104 4.570590e+00
105 4.526810e+00
106 4.482020e+00
107 4.436180e+00
108 4.389270e+00
109 4.341270e+00
110 4.292160e+00
111 4.241900e+00
112 4.190460e+00
113 4.137840e+00
114 4.083980e+00
115 4.028870e+00
116 3.972480e+00
117 3.914770e+00
118 3.857560e+00
119 3.817060e+00
120 3.780190e+00
121 3.742460e+00
122 3.703860e+00
123 3.664350e+00
124 3.623920e+00
125 3.582550e+00
126 3.540220e+00
127 3.496900e+00
128 3.452570e+00
129 3.407210e+00
130 3.360790e+00
131 3.319430e+00
132 3.286230e+00
133 3.252340e+00
134 3.217670e+00
135 3.182180e+00
136 3.145860e+00
137 3.108710e+00
138 3.070690e+00
139 3.031770e+00
140 2.992250e+00
141 2.961180e+00
142 2.933880e+00
143 2.905930e+00
144 2.877340e+00
145 2.848080e+00
146 2.818140e+00
147 2.787500e+00
148 2.756160e+00
149 2.724080e+00
150 2.691240e+00
151 2.657660e+00
152 2.623280e+00
153 2.588100e+00
154 2.552110e+00
155 2.517210e+00
156 2.489720e+00
157 2.462530e+00
158 2.434700e+00
159 2.406220e+00
160 2.377080e+00
161 2.348910e+00
162 2.323570e+00
163 2.297750e+00
164 2.271330e+00
165 2.244290e+00
166 2.217650e+00
167 2.193610e+00
168 2.169240e+00
169 2.144300e+00
170 2.118800e+00
171 2.094880e+00
172 2.071890e+00
173 2.048360e+00
174 2.024280e+00
175 2.001140e+00
176 1.979210e+00
177 1.956760e+00
178 1.933840e+00
179 1.912200e+00
180 1.890980e+00
181 1.869270e+00
182 1.847890e+00
183 1.828390e+00
184 1.808570e+00
185 1.788290e+00
186 1.767540e+00
187 1.746300e+00
188 1.724990e+00
189 1.705840e+00
190 1.686700e+00
191 1.667530e+00
192 1.649220e+00
193 1.630560e+00
194 1.612690e+00
195 1.595380e+00
196 1.577670e+00
197 1.559550e+00
198 1.541060e+00
199 1.523770e+00
200 1.506800e+00
201 1.491970e+00
202 1.479340e+00
203 1.466430e+00
204 1.453210e+00
205 1.439680e+00
206 1.425840e+00
207 1.411680e+00
208 1.397190e+00
209 1.382360e+00
210 1.367180e+00
211 1.351650e+00
212 1.335760e+00
213 1.319500e+00
214 1.302860e+00
215 1.285830e+00
216 1.268410e+00
217 1.250580e+00
218 1.232920e+00
219 1.220590e+00
220 1.209430e+00
221 1.198000e+00
222 1.186310e+00
223 1.174350e+00
224 1.162110e+00
225 1.149580e+00
226 1.136770e+00
227 1.123650e+00
228 1.110230e+00
229 1.096490e+00
230 1.082440e+00
231 1.069830e+00
232 1.059580e+00
233 1.049110e+00
234 1.038390e+00
235 1.027430e+00
236 1.016210e+00
237 1.004730e+00
238 9.929770e-01
239 9.819940e-01
240 9.719280e-01
241 9.626690e-01
242 9.536930e-01
243 9.445070e-01
244 9.351070e-01
245 9.254890e-01
246 9.156450e-01
247 9.055730e-01
248 8.953720e-01
249 8.867780e-01
250 8.786500e-01
251 8.703320e-01
252 8.618220e-01
253 8.531120e-01
254 8.441990e-01
255 8.354700e-01
256 8.282020e-01
257 8.209530e-01
258 8.135340e-01
259 8.059410e-01
260 7.981730e-01
261 7.906320e-01
262 7.837850e-01
263 7.768060e-01
264 7.696650e-01
265 7.623580e-01
266 7.553160e-01
267 7.494850e-01
268 7.436170e-01
269 7.376120e-01
270 7.314720e-01
271 7.256660e-01
272 7.200530e-01
273 7.143100e-01
274 7.084310e-01
275 7.031890e-01
276 6.987210e-01
277 6.941520e-01
278 6.894960e-01
279 6.855440e-01
280 6.819180e-01
281 6.782060e-01
282 6.744090e-01
283 6.705230e-01
284 6.665470e-01
285 6.626150e-01
286 6.594620e-01
287 6.563870e-01
288 6.534500e-01
289 6.517420e-01
290 6.502180e-01
291 6.486880e-01
292 6.472090e-01
293 6.457040e-01
294 6.452220e-01
295 6.455830e-01
296 6.459530e-01
297 6.463290e-01
298 6.467570e-01
299 6.483300e-01
300 6.504450e-01
301 6.535150e-01
302 6.575710e-01
303 6.617210e-01
304 6.659670e-01
305 6.714160e-01
306 6.788560e-01
307 6.865000e-01
308 6.943340e-01
309 7.046080e-01
310 7.167930e-01
311 7.292610e-01
312 7.429960e-01
313 7.610150e-01
314 7.798720e-01
315 7.997120e-01
316 8.253680e-01
317 8.530050e-01
318 8.820600e-01
319 9.193930e-01
320 9.595320e-01
321 1.003110e+00
322 1.058550e+00
323 1.116530e+00
324 1.185220e+00
325 1.266740e+00
326 1.353170e+00
327 1.461970e+00
328 1.577390e+00
329 1.715880e+00
330 1.870540e+00
331 2.038480e+00
332 2.229350e+00
333 2.432330e+00
334 2.639930e+00
335 2.845610e+00
336 3.018820e+00
337 3.169870e+00
338 3.246490e+00
339 3.239520e+00
340 3.146550e+00
341 2.976080e+00
342 2.780540e+00
343 2.547020e+00
344 2.315120e+00
345 2.085460e+00
346 1.874010e+00
347 1.682190e+00
348 1.510590e+00
349 1.361800e+00
350 1.234310e+00
351 1.122130e+00
352 1.023690e+00
353 9.388760e-01
354 8.667490e-01
355 8.016360e-01
356 7.457630e-01
357 6.982700e-01
358 6.534260e-01
359 6.151820e-01
360 5.822120e-01
361 5.511680e-01
362 5.242240e-01
363 4.999620e-01
364 4.780440e-01
365 4.583610e-01
366 4.402900e-01
367 4.240790e-01
368 4.091620e-01
369 3.955080e-01
370 3.831280e-01
371 3.717380e-01
372 3.609530e-01
373 3.512150e-01
374 3.419850e-01
375 3.337530e-01
376 3.257430e-01
377 3.186110e-01
378 3.115870e-01
379 3.054520e-01
380 2.997160e-01
381 2.938460e-01
382 2.882240e-01
383 2.835650e-01
384 2.788630e-01
385 2.741820e-01
386 2.702250e-01
387 2.663210e-01
388 2.624240e-01
389 2.590380e-01
390 2.556770e-01
391 2.524060e-01
392 2.495650e-01
393 2.466930e-01
394 2.440160e-01
395 2.414890e-01
396 2.389750e-01
397 2.367300e-01
398 2.345470e-01
399 2.325540e-01
400 2.306180e-01
401 2.289000e-01
402 2.272720e-01
403 2.256450e-01
404 2.240430e-01
405 2.225610e-01
406 2.213100e-01
407 2.200630e-01
408 2.188270e-01
409 2.177810e-01
410 2.168750e-01
411 2.159790e-01
412 2.151300e-01
413 2.144920e-01
414 2.138770e-01
415 2.132890e-01
416 2.129750e-01
417 2.127310e-01
418 2.125130e-01
419 2.125390e-01
420 2.126280e-01
421 2.127880e-01
422 2.132570e-01
423 2.137620e-01
424 2.144770e-01
425 2.154470e-01
426 2.163780e-01
427 2.170210e-01
428 2.176120e-01
429 2.174450e-01
430 2.167850e-01
431 2.157560e-01
432 2.141990e-01
433 2.124800e-01
434 2.103850e-01
435 2.081470e-01
436 2.056600e-01
437 2.030290e-01
438 2.002480e-01
439 1.972930e-01
440 1.941200e-01
441 1.909880e-01
442 1.878210e-01
443 1.841430e-01
444 1.804350e-01
445 1.767740e-01
446 1.729560e-01
447 1.690810e-01
448 1.653000e-01
449 1.610830e-01
450 1.564420e-01
451 1.513740e-01
452 1.461140e-01
453 1.407930e-01
454 1.355120e-01
455 1.304020e-01
456 1.255800e-01
457 1.211220e-01
458 1.170910e-01
459 1.135560e-01
460 1.105550e-01
461 1.080490e-01
462 1.058130e-01
463 1.035120e-01
464 1.008780e-01
465 9.818720e-02
466 9.541050e-02
467 9.241480e-02
468 8.956560e-02
469 8.655080e-02
470 8.395900e-02
471 8.206620e-02
472 8.047590e-02
473 7.874270e-02
474 7.634890e-02
475 7.383340e-02
476 7.187820e-02
477 7.022630e-02
478 6.853160e-02
479 6.680710e-02
480 6.503230e-02
481 6.324120e-02
482 6.168380e-02
483 6.016500e-02
484 5.860820e-02
485 5.701440e-02
486 5.539920e-02
487 5.403750e-02
488 5.275640e-02
489 5.143190e-02
490 5.007780e-02
491 4.879840e-02
492 4.766390e-02
493 4.651560e-02
494 4.533890e-02
495 4.413490e-02
496 4.289720e-02
497 4.160430e-02
498 4.034800e-02
499 3.933930e-02
500 3.844210e-02
