1 4.544060e+00
2 1.788120e+00
3 4.316470e-01
4 1.609110e+01
5 5.428900e-01
6 5.479680e-01
7 1.205860e+00
8 8.248160e+01
9 5.712260e+01
10 6.302030e-01
11 2.235230e-01
12 1.247860e-01
13 9.641930e-02
14 3.021160e+00
15 6.171850e+00
16 3.926900e+00
17 1.245650e-01
18 4.819200e-02
19 6.159650e-02
20 1.750030e+00
21 6.871510e+00
22 2.593090e+01
23 4.217970e-01
24 6.997890e-02
25 4.577270e-02
26 4.188430e-02
27 5.751830e-02
28 1.965920e-01
29 1.128590e+01
30 4.584610e-01
31 6.334240e-02
32 5.505020e-02
33 1.977480e-01
34 1.037220e+01
35 3.822070e-01
36 3.045410e+01
37 8.430760e+00
38 2.197540e+00
39 7.260470e-02
40 4.184630e-02
41 5.156180e-02
42 8.518570e+00
43 8.341100e-01
44 4.564580e+00
45 3.497890e+00
46 7.352380e-02
47 9.900840e+00
48 9.417640e-02
49 2.336860e-02
50 8.029740e-01
51 2.294180e-02
52 1.793900e-01
53 1.399270e+00
54 2.716790e-02
55 2.252110e-01
56 5.159040e+00
57 1.247560e+00
58 2.814630e+00
59 1.298760e+00
60 3.081750e+01
61 8.133510e-01
62 5.894330e+00
63 1.069680e+00
64 3.082020e+00
65 1.142400e+01
66 1.765890e-01
67 2.082740e-02
68 7.996680e-02
69 6.710020e-01
70 1.830680e-01
71 3.221170e+00
72 7.684510e-02
73 2.317860e+00
74 3.308260e+00
75 3.648830e+00
76 9.204630e-02
77 1.776340e+00
78 3.083310e-02
79 2.266740e+00
80 3.362680e+00
81 2.297640e-02
82 3.022570e-02
83 1.028160e+01
84 6.535900e-01
85 1.973030e-02
86 9.742910e-01
87 1.147140e+00
88 1.093140e+01
89 2.286990e-01
90 1.068880e-02
91 6.688530e-03
92 8.502690e-03
93 3.773620e-02
94 2.278240e+00
95 1.659630e-02
96 9.326810e-03
97 4.728260e-01
98 3.265890e+00
99 9.438660e-03
100 5.080050e-03
101 5.221080e-03
102 8.229840e-03
103 1.638100e-02
104 8.717150e-02
105 4.273320e+00
106 3.369090e+00
107 7.909800e-01
108 7.585730e-01
109 7.285340e-01
110 7.010320e-01
111 6.745940e-01
112 6.555240e-01
113 6.670190e-01
114 6.825630e-01
115 7.028940e-01
116 7.620820e-01
117 8.359950e-01
118 9.180290e-01
119 1.007590e+00
120 1.104610e+00
121 1.199890e+00
122 1.260140e+00
123 1.317490e+00
124 1.376180e+00
125 1.436250e+00
126 1.493070e+00
127 1.519800e+00
128 1.541270e+00
129 1.563230e+00
130 1.585720e+00
131 1.595230e+00
132 1.584900e+00
133 1.574150e+00
134 1.563150e+00
135 1.551900e+00
136 1.540380e+00
137 1.528590e+00
138 1.516530e+00
139 1.504180e+00
140 1.491610e+00
141 1.480600e+00
142 1.470210e+00
143 1.459580e+00
144 1.448710e+00
145 1.437580e+00
146 1.426190e+00
147 1.414540e+00
148 1.402830e+00
149 1.394560e+00
150 1.387440e+00
151 1.380150e+00
152 1.372690e+00
153 1.365060e+00
154 1.357250e+00
155 1.349260e+00
156 1.341090e+00
157 1.332720e+00
158 1.324160e+00
159 1.315400e+00
160 1.306440e+00
161 1.297260e+00
162 1.287880e+00
163 1.278290e+00
164 1.268460e+00
165 1.258410e+00
166 1.248130e+00
167 1.237600e+00
168 1.226840e+00
169 1.215820e+00
170 1.204540e+00
171 1.193000e+00
172 1.181200e+00
173 1.169120e+00
174 1.156750e+00
175 1.144110e+00
176 1.131160e+00
177 1.117920e+00
178 1.104430e+00
179 1.093350e+00
180 1.083410e+00
181 1.073240e+00
182 1.062830e+00
183 1.052180e+00
184 1.041270e+00
185 1.030310e+00
186 1.020320e+00
187 1.010310e+00
188 1.000060e+00
189 9.895740e-01
190 9.788440e-01
191 9.674260e-01
192 9.544210e-01
193 9.410230e-01
194 9.273100e-01
195 9.132810e-01
196 8.996080e-01
197 8.887280e-01
198 8.779750e-01
199 8.669700e-01
200 8.557080e-01
201 8.431330e-01
202 8.291990e-01
203 8.149430e-01
204 8.003550e-01
205 7.854240e-01
206 7.712800e-01
207 7.585630e-01
208 7.455680e-01
209 7.322740e-01
210 7.187600e-01
211 7.063410e-01
212 6.941070e-01
213 6.815860e-01
214 6.688000e-01
215 6.568750e-01
216 6.453000e-01
217 6.334540e-01
218 6.213080e-01
219 6.086610e-01
220 5.956600e-01
221 5.823580e-01
222 5.695910e-01
223 5.577040e-01
224 5.455480e-01
225 5.335840e-01
226 5.227570e-01
227 5.117680e-01
228 5.005210e-01
229 4.890140e-01
230 4.772390e-01
231 4.663760e-01
232 4.570230e-01
233 4.474680e-01
234 4.376920e-01
235 4.276870e-01
236 4.180410e-01
237 4.094820e-01
238 4.007690e-01
239 3.918530e-01
240 3.827950e-01
241 3.755940e-01
242 3.692160e-01
243 3.626870e-01
244 3.560090e-01
245 3.497330e-01
246 3.437450e-01
247 3.376190e-01
248 3.313880e-01
249 3.257050e-01
250 3.201400e-01
251 3.144450e-01
252 3.086190e-01
253 3.026560e-01
254 2.965540e-01
255 2.905420e-01
256 2.853860e-01
257 2.802200e-01
258 2.749340e-01
259 2.695240e-01
260 2.639900e-01
261 2.590170e-01
262 2.554010e-01
263 2.517480e-01
264 2.480090e-01
265 2.441840e-01
266 2.404160e-01
267 2.370200e-01
268 2.335790e-01
269 2.300570e-01
270 2.264580e-01
271 2.232530e-01
272 2.203000e-01
273 2.172790e-01
274 2.141870e-01
275 2.110240e-01
276 2.077870e-01
277 2.044740e-01
278 2.010950e-01
279 1.980920e-01
280 1.952530e-01
281 1.923480e-01
282 1.893750e-01
283 1.863330e-01
284 1.832200e-01
285 1.802270e-01
286 1.783880e-01
287 1.767190e-01
288 1.750120e-01
289 1.732640e-01
290 1.714760e-01
291 1.696460e-01
292 1.677750e-01
293 1.658600e-01
294 1.639000e-01
295 1.618940e-01
296 1.598420e-01
297 1.577420e-01
298 1.555940e-01
299 1.533950e-01
300 1.511450e-01
301 1.493070e-01
302 1.478930e-01
303 1.464460e-01
304 1.449650e-01
305 1.434500e-01
306 1.419000e-01
307 1.403140e-01
308 1.386920e-01
309 1.373530e-01
310 1.362200e-01
311 1.350600e-01
312 1.338740e-01
313 1.326590e-01
314 1.314170e-01
315 1.301700e-01
316 1.291330e-01
317 1.281350e-01
318 1.271130e-01
319 1.260670e-01
320 1.249970e-01
321 1.239020e-01
322 1.227820e-01
323 1.216360e-01
324 1.204630e-01
325 1.192630e-01
326 1.181040e-01
327 1.173890e-01
328 1.167460e-01
329 1.160870e-01
330 1.154140e-01
331 1.147240e-01
332 1.140190e-01
333 1.132970e-01
334 1.125590e-01
335 1.117300e-01
336 1.107070e-01
337 1.096520e-01
338 1.085730e-01
339 1.078680e-01
340 1.075850e-01
341 1.072950e-01
342 1.069990e-01
343 1.066960e-01
344 1.063860e-01
345 1.060690e-01
346 1.057450e-01
347 1.054130e-01
348 1.050700e-01
349 1.046700e-01
350 1.042430e-01
351 1.038060e-01
352 1.033590e-01
353 1.029020e-01
354 1.024340e-01
355 1.019830e-01
356 1.016430e-01
357 1.013090e-01
358 1.009660e-01
359 1.006160e-01
360 1.002580e-01
361 9.989120e-02
362 9.951600e-02
363 9.913200e-02
364 9.873910e-02
365 9.833710e-02
366 9.787770e-02
367 9.725690e-02
368 9.661070e-02
369 9.594940e-02
370 9.527140e-02
371 9.444030e-02
372 9.349560e-02
373 9.252890e-02
374 9.153950e-02
375 9.064570e-02
376 8.986850e-02
377 8.907350e-02
378 8.825520e-02
379 8.723660e-02
380 8.610080e-02
381 8.493860e-02
382 8.374900e-02
383 8.253190e-02
384 8.128650e-02
385 8.001200e-02
386 7.870800e-02
387 7.737360e-02
388 7.604990e-02
389 7.495790e-02
390 7.388540e-02
391 7.269960e-02
392 7.122010e-02
393 6.968720e-02
394 6.789980e-02
395 6.589420e-02
396 6.397960e-02
397 6.264510e-02
398 6.135000e-02
399 5.987580e-02
400 5.830080e-02
401 5.689730e-02
402 5.567160e-02
403 5.441770e-02
404 5.313450e-02
405 5.193960e-02
406 5.081880e-02
407 4.967200e-02
408 4.849810e-02
409 4.725490e-02
410 4.595990e-02
411 4.475900e-02
412 4.358360e-02
413 4.242550e-02
414 4.127450e-02
415 4.014000e-02
416 3.907490e-02
417 3.803480e-02
418 3.701610e-02
419 3.600010e-02
420 3.496470e-02
421 3.393730e-02
422 3.302530e-02
423 3.210800e-02
424 3.123030e-02
425 3.038670e-02
426 2.953520e-02
427 2.874380e-02
428 2.795020e-02
429 2.719650e-02
430 2.645510e-02
431 2.570900e-02
432 2.496430e-02
433 2.422950e-02
434 2.352920e-02
435 2.283860e-02
436 2.219170e-02
437 2.153230e-02
438 2.085750e-02
439 2.030040e-02
440 1.987630e-02
441 1.944250e-02
442 1.897970e-02
443 1.839250e-02
444 1.777270e-02
445 1.714500e-02
446 1.661720e-02
447 1.611910e-02
448 1.561530e-02
449 1.520170e-02
450 1.481540e-02
451 1.442010e-02
452 1.404300e-02
453 1.369190e-02
454 1.333280e-02
455 1.296930e-02
456 1.261510e-02
457 1.225470e-02
458 1.189840e-02
459 1.157120e-02
460 1.123890e-02
461 1.091380e-02
462 1.061230e-02
463 1.030570e-02
464 1.001870e-02
465 9.736550e-03
466 9.459210e-03
467 9.211520e-03
468 8.962760e-03
469 8.728740e-03
470 8.494610e-03
471 8.274060e-03
472 8.061510e-03
473 7.843960e-03
474 7.621400e-03
475 7.417310e-03
476 7.235970e-03
477 7.050460e-03
478 6.861570e-03
479 6.704570e-03
480 6.562600e-03
481 6.417310e-03
482 6.261010e-03
483 6.079700e-03
484 5.892880e-03
485 5.709530e-03
486 5.570800e-03
487 5.437360e-03
488 5.300760e-03
489 5.161030e-03
490 5.018050e-03
491 4.871700e-03
492 4.721980e-03
493 4.568840e-03
494 4.433990e-03
495 4.313660e-03
496 4.190520e-03
497 4.064500e-03
498 3.935570e-03
499 3.803620e-03
500 3.668620e-03
