1 5.981200e-03
2 5.981200e-03
3 5.981200e-03
4 5.981200e-03
5 5.981200e-03
6 5.981200e-03
7 5.981200e-03
8 5.981200e-03
9 5.981200e-03
10 5.981200e-03
11 5.981200e-03
12 5.981200e-03
13 5.981200e-03
14 5.981200e-03
15 5.981200e-03
16 5.981200e-03
17 5.981200e-03
18 5.981200e-03
19 5.981200e-03
20 5.981200e-03
21 5.981200e-03
22 5.981200e-03
23 5.981200e-03
24 5.981200e-03
25 5.981200e-03
26 5.981200e-03
27 5.981200e-03
28 5.981200e-03
29 5.981200e-03
30 5.981200e-03
31 5.981200e-03
32 5.981200e-03
33 5.981200e-03
34 5.981200e-03
35 5.981200e-03
36 5.981200e-03
37 5.981200e-03
38 5.981200e-03
39 5.981200e-03
40 5.981200e-03
41 5.981200e-03
42 5.981200e-03
43 5.981200e-03
44 5.981200e-03
45 5.981200e-03
46 5.981200e-03
47 5.981200e-03
48 5.981200e-03
49 5.981200e-03
50 5.981200e-03
51 5.981200e-03
52 5.981200e-03
53 5.981200e-03
54 5.981200e-03
55 5.981200e-03
56 5.981200e-03
57 5.981200e-03
58 5.981200e-03
59 5.981200e-03
60 5.981200e-03
61 5.981200e-03
62 5.981200e-03
63 5.981200e-03
64 5.981200e-03
65 5.981200e-03
66 5.981200e-03
67 5.981200e-03
68 5.981200e-03
69 5.981200e-03
70 5.981200e-03
71 5.981200e-03
72 5.981200e-03
73 5.981200e-03
74 5.981200e-03
75 5.981200e-03
76 5.981200e-03
77 5.981200e-03
78 5.981200e-03
79 5.981200e-03
80 5.981200e-03
81 5.981200e-03
82 5.981200e-03
83 5.981200e-03
84 5.981200e-03
85 5.981200e-03
86 5.981200e-03
87 5.981200e-03
88 5.981200e-03
89 5.981200e-03
90 5.981200e-03
91 5.981200e-03
92 5.981200e-03
93 5.981200e-03
94 5.981200e-03
95 5.981200e-03
96 5.981200e-03
97 5.981200e-03
98 5.981200e-03
99 5.981200e-03
100 5.981200e-03
101 5.981200e-03
102 5.981200e-03
103 5.981200e-03
104 5.981200e-03
105 5.981200e-03
106 5.981200e-03
107 5.981200e-03
108 5.981200e-03
109 5.981200e-03
110 5.981200e-03
111 5.981200e-03
112 5.981200e-03
113 5.981200e-03
114 5.981200e-03
115 5.981200e-03
116 5.981200e-03
117 5.981200e-03
118 5.981200e-03
119 5.981200e-03
120 5.981200e-03
121 5.981200e-03
122 5.981200e-03
123 5.981200e-03
124 5.981200e-03
125 5.981200e-03
126 5.981200e-03
127 5.981200e-03
128 5.981200e-03
129 5.981200e-03
130 5.981200e-03
131 5.981200e-03
132 5.981200e-03
133 5.981200e-03
134 5.981200e-03
135 5.981200e-03
136 5.981200e-03
137 5.981200e-03
138 5.981200e-03
139 5.981200e-03
140 5.981200e-03
141 5.981200e-03
142 5.981200e-03
143 5.981200e-03
144 5.981200e-03
145 5.981200e-03
146 5.981200e-03
147 5.981200e-03
148 5.981200e-03
149 5.981200e-03
150 5.981200e-03
151 5.981200e-03
152 5.981200e-03
153 5.981200e-03
154 5.981200e-03
155 5.981200e-03
156 5.981200e-03
157 5.981200e-03
158 5.981200e-03
159 5.981200e-03
160 5.981200e-03
161 5.981200e-03
162 5.981200e-03
163 5.981200e-03
164 5.981200e-03
165 5.981200e-03
166 5.981200e-03
167 5.981200e-03
168 5.981200e-03
169 5.981200e-03
170 5.981200e-03
171 5.981200e-03
172 5.981200e-03
173 5.981200e-03
174 5.981200e-03
175 5.981200e-03
176 5.981200e-03
177 5.981200e-03
178 5.981200e-03
179 5.981200e-03
180 5.981200e-03
181 5.981200e-03
182 5.981200e-03
183 5.981200e-03
184 5.981200e-03
185 5.981200e-03
186 5.981200e-03
187 5.981200e-03
188 5.981200e-03
189 5.981200e-03
190 5.981200e-03
191 5.981200e-03
192 5.981200e-03
193 5.981200e-03
194 5.981200e-03
195 5.981200e-03
196 5.981200e-03
197 5.981200e-03
198 5.981200e-03
199 5.981200e-03
200 5.981200e-03
201 5.981200e-03
202 5.981200e-03
203 5.981200e-03
204 5.981200e-03
205 5.981200e-03
206 5.981200e-03
207 5.981200e-03
208 5.981200e-03
209 5.981200e-03
210 5.981200e-03
211 5.981200e-03
212 5.981200e-03
213 5.981200e-03
214 5.981200e-03
215 5.981200e-03
216 5.981200e-03
217 5.981200e-03
218 5.981200e-03
219 5.981200e-03
220 5.981200e-03
221 5.981200e-03
222 5.981200e-03
223 5.981200e-03
224 5.981200e-03
225 5.981200e-03
226 5.981200e-03
227 5.981200e-03
228 5.981200e-03
229 5.981200e-03
230 5.981200e-03
231 5.981200e-03
232 5.981200e-03
233 5.981200e-03
234 5.981200e-03
235 5.981200e-03
236 5.981200e-03
237 5.981200e-03
238 5.981200e-03
239 5.981200e-03
240 5.981200e-03
241 5.981200e-03
242 5.981200e-03
243 5.981200e-03
244 5.981200e-03
245 5.981200e-03
246 5.981200e-03
247 5.981200e-03
248 5.981200e-03
249 5.981200e-03
250 5.981200e-03
251 5.981200e-03
252 5.981200e-03
253 5.981200e-03
254 5.981200e-03
255 5.981200e-03
256 5.981200e-03
257 5.981200e-03
258 5.981200e-03
259 5.981200e-03
260 5.981200e-03
261 5.981200e-03
262 5.981200e-03
263 5.981200e-03
264 5.981200e-03
265 5.981200e-03
266 5.981200e-03
267 5.981200e-03
268 5.981200e-03
269 5.981200e-03
270 5.995390e-03
271 7.606490e-03
272 1.034720e-02
273 1.315170e-02
274 1.602170e-02
275 1.895830e-02
276 2.196350e-02
277 2.503840e-02
278 2.818540e-02
279 3.140540e-02
280 3.470010e-02
281 3.807200e-02
282 4.152260e-02
283 4.505320e-02
284 4.866610e-02
285 5.236280e-02
286 5.614710e-02
287 6.001780e-02
288 6.398010e-02
289 6.803260e-02
290 7.218120e-02
291 7.642620e-02
292 8.076950e-02
293 8.521620e-02
294 8.976340e-02
295 9.441800e-02
296 9.918160e-02
297 1.040550e-01
298 1.090420e-01
299 1.141460e-01
300 1.193670e-01
301 1.228270e-01
302 1.244730e-01
303 1.261540e-01
304 1.278760e-01
305 1.296360e-01
306 1.314390e-01
307 1.332820e-01
308 1.351720e-01
309 1.371030e-01
310 1.390790e-01
311 1.411020e-01
312 1.431730e-01
313 1.452890e-01
314 1.474580e-01
315 1.496730e-01
316 1.519410e-01
317 1.542660e-01
318 1.566420e-01
319 1.590720e-01
320 1.615630e-01
321 1.641070e-01
322 1.667130e-01
323 1.693790e-01
324 1.721070e-01
325 1.748980e-01
326 1.777570e-01
327 1.806780e-01
328 1.836710e-01
329 1.867310e-01
330 1.898640e-01
331 1.930720e-01
332 1.963490e-01
333 1.997070e-01
334 2.031400e-01
335 2.066560e-01
336 2.102550e-01
337 2.139320e-01
338 2.176990e-01
339 2.215550e-01
340 2.254960e-01
341 2.295320e-01
342 2.336590e-01
343 2.378880e-01
344 2.422110e-01
345 2.466380e-01
346 2.511630e-01
347 2.557990e-01
348 2.605370e-01
349 2.653880e-01
350 2.703550e-01
351 2.754340e-01
352 2.806310e-01
353 2.859530e-01
354 2.913970e-01
355 2.969660e-01
356 3.026670e-01
357 3.085000e-01
358 3.144680e-01
359 3.205790e-01
360 3.268260e-01
361 3.317110e-01
362 3.335060e-01
363 3.352420e-01
364 3.370160e-01
365 3.388280e-01
366 3.406880e-01
367 3.425900e-01
368 3.445320e-01
369 3.465220e-01
370 3.485620e-01
371 3.506460e-01
372 3.527790e-01
373 3.549600e-01
374 3.571960e-01
375 3.594820e-01
376 3.618200e-01
377 3.642130e-01
378 3.666610e-01
379 3.691670e-01
380 3.717320e-01
381 3.743560e-01
382 3.770410e-01
383 3.797890e-01
384 3.826000e-01
385 3.854780e-01
386 3.884230e-01
387 3.914360e-01
388 3.945180e-01
389 3.976740e-01
390 4.009020e-01
391 4.041290e-01
392 4.072010e-01
393 4.103350e-01
394 4.135430e-01
395 4.168210e-01
396 4.201670e-01
397 4.236090e-01
398 4.271280e-01
399 4.307110e-01
400 4.344020e-01
401 4.378730e-01
402 4.411180e-01
403 4.444750e-01
404 4.478640e-01
405 4.513540e-01
406 4.549250e-01
407 4.585980e-01
408 4.623390e-01
409 4.661620e-01
410 4.700750e-01
411 4.741050e-01
412 4.781870e-01
413 4.823860e-01
414 4.867050e-01
415 4.910730e-01
416 4.955740e-01
417 5.002030e-01
418 5.048980e-01
419 5.097290e-01
420 5.146490e-01
421 5.197130e-01
422 5.248680e-01
423 5.301680e-01
424 5.355610e-01
425 5.410920e-01
426 5.467620e-01
427 5.525500e-01
428 5.584770e-01
429 5.645720e-01
430 5.707680e-01
431 5.767530e-01
432 5.823700e-01
433 5.880800e-01
434 5.939360e-01
435 5.999800e-01
436 6.060520e-01
437 6.123780e-01
438 6.187890e-01
439 6.253240e-01
440 6.321360e-01
441 6.389670e-01
442 6.460800e-01
443 6.532390e-01
444 6.606530e-01
445 6.671740e-01
446 6.576370e-01
447 6.414460e-01
448 6.251720e-01
449 6.084930e-01
450 5.913960e-01
451 5.736550e-01
452 5.558080e-01
453 5.373090e-01
454 5.185330e-01
455 4.993840e-01
456 4.795280e-01
457 4.603830e-01
458 4.818350e-01
459 5.252830e-01
460 5.697520e-01
461 6.020330e-01
462 6.072880e-01
463 6.113670e-01
464 6.154590e-01
465 6.201370e-01
466 6.243970e-01
467 6.290480e-01
468 6.337720e-01
469 6.385440e-01
470 6.436650e-01
471 6.486240e-01
472 6.538950e-01
473 6.587850e-01
474 6.643160e-01
475 6.699110e-01
476 6.757440e-01
477 6.816170e-01
478 6.868850e-01
479 6.920590e-01
480 6.946110e-01
481 6.982160e-01
482 7.014150e-01
483 7.048840e-01
484 7.084260e-01
485 7.120480e-01
486 7.162730e-01
487 7.203870e-01
488 7.231820e-01
489 7.273200e-01
490 7.317260e-01
491 7.356350e-01
492 7.399720e-01
493 7.441650e-01
494 7.493640e-01
495 7.527670e-01
496 7.588280e-01
497 7.619580e-01
498 7.676350e-01
499 7.726140e-01
500 7.780930e-01
