1 2.968130e+00
2 1.826820e+00
3 3.567410e-01
4 1.627580e+01
5 4.249620e-01
6 5.156430e-01
7 1.209370e+00
8 8.643600e+01
9 5.319000e+01
10 6.076690e-01
11 2.223840e-01
12 1.244730e-01
13 9.555180e-02
14 2.508960e+00
15 6.682630e+00
16 3.956220e+00
17 9.561430e-02
18 4.801700e-02
19 6.116820e-02
20 1.187820e+00
21 7.409570e+00
22 2.603770e+01
23 3.507440e-01
24 6.958400e-02
25 4.571750e-02
26 4.176370e-02
27 5.725260e-02
28 1.880930e-01
29 1.137280e+01
30 3.802960e-01
31 6.293300e-02
32 5.493510e-02
33 1.577370e-01
34 1.041500e+01
35 2.867160e-01
36 3.058060e+01
37 8.924870e+00
38 1.697410e+00
39 7.193960e-02
40 4.172280e-02
41 5.075790e-02
42 8.659600e+00
43 4.908480e-01
44 4.464420e+00
45 3.809060e+00
46 7.093450e-02
47 9.913670e+00
48 8.761450e-02
49 2.324660e-02
50 8.054560e-01
51 2.036410e-02
52 9.467980e-02
53 1.483080e+00
54 2.711440e-02
55 1.244580e-01
56 5.260960e+00
57 1.012310e+00
58 3.047810e+00
59 1.164990e+00
60 3.098200e+01
61 7.795980e-01
62 6.273710e+00
63 6.922540e-01
64 3.081990e+00
65 1.148850e+01
66 1.153240e-01
67 2.076390e-02
68 4.390490e-02
69 7.072820e-01
70 9.270560e-02
71 3.312820e+00
72 4.323060e-02
73 2.349570e+00
74 3.274970e+00
75 3.686410e+00
76 7.248070e-02
77 1.795980e+00
78 2.722940e-02
79 2.271210e+00
80 3.364550e+00
81 2.257280e-02
82 3.007050e-02
83 1.049010e+01
84 4.481050e-01
85 1.968110e-02
86 1.046590e+00
87 8.057260e-01
88 1.130120e+01
89 1.305300e-01
90 1.065860e-02
91 6.665540e-03
92 8.493540e-03
93 3.675260e-02
94 2.279980e+00
95 1.648320e-02
96 9.338340e-03
97 2.736720e-01
98 3.464470e+00
99 9.414040e-03
100 5.067730e-03
101 5.218770e-03
102 8.226590e-03
103 1.637260e-02
104 8.600570e-02
105 4.217140e+00
106 3.427940e+00
107 7.897660e-01
108 7.584360e-01
109 7.285320e-01
110 7.010320e-01
111 6.744980e-01
112 6.552570e-01
113 6.669130e-01
114 6.824500e-01
115 7.025740e-01
116 7.619160e-01
117 8.359870e-01
118 9.180260e-01
119 1.007580e+00
120 1.104720e+00
121 1.200210e+00
122 1.260470e+00
123 1.317800e+00
124 1.376480e+00
125 1.436530e+00
126 1.493330e+00
127 1.520050e+00
128 1.541510e+00
129 1.563460e+00
130 1.585930e+00
131 1.595430e+00
132 1.585080e+00
133 1.574310e+00
134 1.563290e+00
135 1.552010e+00
136 1.540470e+00
137 1.528670e+00
138 1.516580e+00
139 1.504210e+00
140 1.491620e+00
141 1.480600e+00
142 1.470210e+00
143 1.459580e+00
144 1.448700e+00
145 1.437570e+00
146 1.426180e+00
147 1.414520e+00
148 1.402810e+00
149 1.394540e+00
150 1.387420e+00
151 1.380130e+00
152 1.372680e+00
153 1.365050e+00
154 1.357240e+00
155 1.349260e+00
156 1.341080e+00
157 1.332720e+00
158 1.324160e+00
159 1.315400e+00
160 1.306440e+00
161 1.297270e+00
162 1.287890e+00
163 1.278290e+00
164 1.268470e+00
165 1.258420e+00
166 1.248130e+00
167 1.237610e+00
168 1.226840e+00
169 1.215820e+00
170 1.204540e+00
171 1.193000e+00
172 1.181200e+00
173 1.169120e+00
174 1.156750e+00
175 1.144100e+00
176 1.131160e+00
177 1.117910e+00
178 1.104420e+00
179 1.093340e+00
180 1.083400e+00
181 1.073230e+00
182 1.062820e+00
183 1.052170e+00
184 1.041270e+00
185 1.030310e+00
186 1.020320e+00
187 1.010300e+00
188 1.000060e+00
189 9.895760e-01
190 9.788480e-01
191 9.674310e-01
192 9.544230e-01
193 9.410210e-01
194 9.273050e-01
195 9.132720e-01
196 8.995970e-01
197 8.887200e-01
198 8.779710e-01
199 8.669700e-01
200 8.557120e-01
201 8.431390e-01
202 8.292040e-01
203 8.149470e-01
204 8.003570e-01
205 7.854250e-01
206 7.712800e-01
207 7.585630e-01
208 7.455690e-01
209 7.322740e-01
210 7.187600e-01
211 7.063410e-01
212 6.941070e-01
213 6.815860e-01
214 6.688000e-01
215 6.568750e-01
216 6.453010e-01
217 6.334550e-01
218 6.213090e-01
219 6.086620e-01
220 5.956610e-01
221 5.823580e-01
222 5.695910e-01
223 5.577040e-01
224 5.455480e-01
225 5.335840e-01
226 5.227560e-01
227 5.117660e-01
228 5.005180e-01
229 4.890110e-01
230 4.772350e-01
231 4.663720e-01
232 4.570200e-01
233 4.474660e-01
234 4.376910e-01
235 4.276870e-01
236 4.180400e-01
237 4.094800e-01
238 4.007660e-01
239 3.918500e-01
240 3.827900e-01
241 3.755900e-01
242 3.692120e-01
243 3.626860e-01
244 3.560080e-01
245 3.497330e-01
246 3.437450e-01
247 3.376180e-01
248 3.313870e-01
249 3.257050e-01
250 3.201400e-01
251 3.144450e-01
252 3.086180e-01
253 3.026560e-01
254 2.965530e-01
255 2.905420e-01
256 2.853850e-01
257 2.802200e-01
258 2.749330e-01
259 2.695230e-01
260 2.639870e-01
261 2.590150e-01
262 2.553990e-01
263 2.517460e-01
264 2.480080e-01
265 2.441840e-01
266 2.404160e-01
267 2.370200e-01
268 2.335790e-01
269 2.300570e-01
270 2.264570e-01
271 2.232520e-01
272 2.203000e-01
273 2.172790e-01
274 2.141870e-01
275 2.110230e-01
276 2.077860e-01
277 2.044730e-01
278 2.010950e-01
279 1.980920e-01
280 1.952530e-01
281 1.923470e-01
282 1.893740e-01
283 1.863320e-01
284 1.832190e-01
285 1.802260e-01
286 1.783870e-01
287 1.767180e-01
288 1.750110e-01
289 1.732640e-01
290 1.714760e-01
291 1.696460e-01
292 1.677750e-01
293 1.658600e-01
294 1.639000e-01
295 1.618940e-01
296 1.598420e-01
297 1.577420e-01
298 1.555940e-01
299 1.533950e-01
300 1.511450e-01
301 1.493060e-01
302 1.478920e-01
303 1.464450e-01
304 1.449650e-01
305 1.434500e-01
306 1.419000e-01
307 1.403130e-01
308 1.386920e-01
309 1.373530e-01
310 1.362200e-01
311 1.350600e-01
312 1.338730e-01
313 1.326590e-01
314 1.314170e-01
315 1.301690e-01
316 1.291330e-01
317 1.281350e-01
318 1.271130e-01
319 1.260670e-01
320 1.249970e-01
321 1.239020e-01
322 1.227820e-01
323 1.216360e-01
324 1.204630e-01
325 1.192620e-01
326 1.181030e-01
327 1.173890e-01
328 1.167450e-01
329 1.160870e-01
330 1.154140e-01
331 1.147240e-01
332 1.140190e-01
333 1.132970e-01
334 1.125590e-01
335 1.117300e-01
336 1.107070e-01
337 1.096520e-01
338 1.085730e-01
339 1.078680e-01
340 1.075850e-01
341 1.072950e-01
342 1.069990e-01
343 1.066960e-01
344 1.063860e-01
345 1.060690e-01
346 1.057450e-01
347 1.054130e-01
348 1.050700e-01
349 1.046700e-01
350 1.042430e-01
351 1.038060e-01
352 1.033590e-01
353 1.029020e-01
354 1.024340e-01
355 1.019830e-01
356 1.016430e-01
357 1.013090e-01
358 1.009660e-01
359 1.006160e-01
360 1.002580e-01
361 9.989120e-02
362 9.951600e-02
363 9.913200e-02
364 9.873910e-02
365 9.833710e-02
366 9.787770e-02
367 9.725690e-02
368 9.661070e-02
369 9.594940e-02
370 9.527140e-02
371 9.444030e-02
372 9.349560e-02
373 9.252890e-02
374 9.153950e-02
375 9.064570e-02
376 8.986850e-02
377 8.907350e-02
378 8.825520e-02
379 8.723660e-02
380 8.610080e-02
381 8.493860e-02
382 8.374900e-02
383 8.253190e-02
384 8.128650e-02
385 8.001200e-02
386 7.870800e-02
387 7.737360e-02
388 7.604990e-02
389 7.495790e-02
390 7.388540e-02
391 7.269960e-02
392 7.122010e-02
393 6.968720e-02
394 6.789980e-02
395 6.589420e-02
396 6.397960e-02
397 6.264510e-02
398 6.135000e-02
399 5.987580e-02
400 5.830080e-02
401 5.689730e-02
402 5.567160e-02
403 5.441770e-02
404 5.313450e-02
405 5.193960e-02
406 5.081880e-02
407 4.967200e-02
408 4.849810e-02
409 4.725490e-02
410 4.595990e-02
411 4.475900e-02
412 4.358360e-02
413 4.242550e-02
414 4.127450e-02
415 4.014000e-02
416 3.907490e-02
417 3.803480e-02
418 3.701610e-02
419 3.600010e-02
420 3.496470e-02
421 3.393730e-02
422 3.302530e-02
423 3.210800e-02
424 3.123030e-02
425 3.038670e-02
426 2.953520e-02
427 2.874380e-02
428 2.795020e-02
429 2.719650e-02
430 2.645510e-02
431 2.570900e-02
432 2.496430e-02
433 2.422950e-02
434 2.352920e-02
435 2.283860e-02
436 2.219170e-02
437 2.153230e-02
438 2.085750e-02
439 2.030040e-02
440 1.987630e-02
441 1.944250e-02
442 1.897970e-02
443 1.839250e-02
444 1.777270e-02
445 1.714500e-02
446 1.661720e-02
447 1.611910e-02
448 1.561530e-02
449 1.520170e-02
450 1.481540e-02
451 1.442010e-02
452 1.404300e-02
453 1.369190e-02
454 1.333280e-02
455 1.296930e-02
456 1.261510e-02
457 1.225470e-02
458 1.189840e-02
459 1.157120e-02
460 1.123890e-02
461 1.091380e-02
462 1.061230e-02
463 1.030570e-02
464 1.001870e-02
465 9.736550e-03
466 9.459210e-03
467 9.211520e-03
468 8.962760e-03
469 8.728740e-03
470 8.494610e-03
471 8.274060e-03
472 8.061510e-03
473 7.843960e-03
474 7.621400e-03
475 7.417310e-03
476 7.235970e-03
477 7.050460e-03
478 6.861570e-03
479 6.704570e-03
480 6.562600e-03
481 6.417310e-03
482 6.261010e-03
483 6.079700e-03
484 5.892880e-03
485 5.709530e-03
486 5.570800e-03
487 5.437360e-03
488 5.300760e-03
489 5.161030e-03
490 5.018050e-03
491 4.871700e-03
492 4.721980e-03
493 4.568840e-03
494 4.433990e-03
495 4.313660e-03
496 4.190520e-03
497 4.064500e-03
498 3.935570e-03
499 3.803620e-03
500 3.668620e-03
