1 4.995390e+00
2 4.457330e+00
3 3.969720e+00
4 3.536890e+00
5 3.153970e+00
6 2.811080e+00
7 2.505270e+00
8 2.232030e+00
9 1.989990e+00
10 1.773200e+00
11 1.580020e+00
12 1.408630e+00
13 1.255240e+00
14 1.118900e+00
15 9.970340e-01
16 8.887680e-01
17 7.921240e-01
18 7.057850e-01
19 6.292500e-01
20 5.607120e-01
21 4.996880e-01
22 4.454980e-01
23 3.969730e-01
24 3.537840e-01
25 3.153840e-01
26 2.811250e-01
27 2.505190e-01
28 2.232750e-01
29 1.990820e-01
30 1.774220e-01
31 1.581450e-01
32 1.410320e-01
33 1.257140e-01
34 1.121110e-01
35 9.995760e-02
36 8.915720e-02
37 7.957740e-02
38 7.106380e-02
39 6.327310e-02
40 5.636300e-02
