1 1 4.925400e+00
1 2 1.841260e+00
1 3 2.397320e+00
1 4 2.881550e+00
1 5 3.625950e+00
1 6 4.501420e+00
1 7 5.541870e+00
1 8 6.829530e+00
1 9 8.305310e+00
1 10 1.010440e+01
1 11 1.210630e+01
1 12 1.434860e+01
1 13 1.672520e+01
1 14 1.918930e+01
1 15 2.145420e+01
1 16 2.327370e+01
1 17 2.441100e+01
1 18 2.451390e+01
1 19 2.300230e+01
1 20 2.007510e+01
1 21 1.610360e+01
1 22 1.183770e+01
1 23 8.087430e+00
1 24 5.677660e+00
1 25 4.865290e+00
1 26 5.334780e+00
1 27 6.386660e+00
1 28 7.074100e+00
1 29 6.274120e+00
1 30 4.026710e+00
1 31 1.962240e+00
1 32 7.807450e-01
1 33 2.402340e-01
1 34 5.726640e-02
1 35 7.360170e-03
1 36 5.579690e-04
1 37 2.129500e-05
1 38 4.720670e-07
1 39 0.000000e+00
1 40 0.000000e+00
2 1 3.884480e+00
2 2 1.615050e+00
2 3 2.153590e+00
2 4 2.587280e+00
2 5 3.253420e+00
2 6 4.037370e+00
2 7 4.969110e+00
2 8 6.121350e+00
2 9 7.443480e+00
2 10 9.056990e+00
2 11 1.086040e+01
2 12 1.287390e+01
2 13 1.500730e+01
2 14 1.721060e+01
2 15 1.923150e+01
2 16 2.089980e+01
2 17 2.192180e+01
2 18 2.204140e+01
2 19 2.068350e+01
2 20 1.807490e+01
2 21 1.451480e+01
2 22 1.067620e+01
2 23 7.296820e+00
2 24 5.113540e+00
2 25 4.363970e+00
2 26 4.769190e+00
2 27 5.702150e+00
2 28 6.314490e+00
2 29 5.601550e+00
2 30 3.595860e+00
2 31 1.752280e+00
2 32 6.971500e-01
2 33 2.144820e-01
2 34 5.112690e-02
2 35 6.571340e-03
2 36 4.981590e-04
2 37 1.906160e-05
2 38 4.451290e-07
2 39 0.000000e+00
2 40 0.000000e+00
3 1 3.031990e+00
3 2 1.288760e+00
3 3 1.890130e+00
3 4 2.329660e+00
3 5 2.927930e+00
3 6 3.630060e+00
3 7 4.468490e+00
3 8 5.502270e+00
3 9 6.689710e+00
3 10 8.136160e+00
3 11 9.763360e+00
3 12 1.157580e+01
3 13 1.349630e+01
3 14 1.547750e+01
3 15 1.729950e+01
3 16 1.881310e+01
3 17 1.973740e+01
3 18 1.987450e+01
3 19 1.865100e+01
3 20 1.632490e+01
3 21 1.312730e+01
3 22 9.662950e+00
3 23 6.607720e+00
3 24 4.620480e+00
3 25 3.922910e+00
3 26 4.269080e+00
3 27 5.095760e+00
3 28 5.641320e+00
3 29 5.005700e+00
3 30 3.214270e+00
3 31 1.566310e+00
3 32 6.231050e-01
3 33 1.916690e-01
3 34 4.568750e-02
3 35 5.872510e-03
3 36 4.451760e-04
3 37 1.706180e-05
3 38 4.113120e-07
3 39 0.000000e+00
3 40 0.000000e+00
4 1 2.347630e+00
4 2 9.960010e-01
4 3 1.499730e+00
4 4 2.043860e+00
4 5 2.637470e+00
4 6 3.267110e+00
4 7 4.020090e+00
4 8 4.952410e+00
4 9 6.019600e+00
4 10 7.313780e+00
4 11 8.778210e+00
4 12 1.040990e+01
4 13 1.213990e+01
4 14 1.392770e+01
4 15 1.559870e+01
4 16 1.694230e+01
4 17 1.778290e+01
4 18 1.793690e+01
4 19 1.683470e+01
4 20 1.476330e+01
4 21 1.189150e+01
4 22 8.761260e+00
4 23 5.995310e+00
4 24 4.181080e+00
4 25 3.527210e+00
4 26 3.818100e+00
4 27 4.547870e+00
4 28 5.032880e+00
4 29 4.467270e+00
4 30 2.869570e+00
4 31 1.398320e+00
4 32 5.562090e-01
4 33 1.710550e-01
4 34 4.077200e-02
4 35 5.241070e-03
4 36 3.972900e-04
4 37 1.522540e-05
4 38 3.670780e-07
4 39 0.000000e+00
4 40 0.000000e+00
5 1 1.880070e+00
5 2 7.893360e-01
5 3 1.172480e+00
5 4 1.628610e+00
5 5 2.325490e+00
5 6 2.959030e+00
5 7 3.633800e+00
5 8 4.476100e+00
5 9 5.442710e+00
5 10 6.610780e+00
5 11 7.929780e+00
5 12 9.405640e+00
5 13 1.097140e+01
5 14 1.259210e+01
5 15 1.412600e+01
5 16 1.533600e+01
5 17 1.610230e+01
5 18 1.627620e+01
5 19 1.528410e+01
5 20 1.343270e+01
5 21 1.084190e+01
5 22 7.996510e+00
5 23 5.476930e+00
5 24 3.807450e+00
5 25 3.186920e+00
5 26 3.426990e+00
5 27 4.071190e+00
5 28 4.503210e+00
5 29 3.998730e+00
5 30 2.569750e+00
5 31 1.252200e+00
5 32 4.980160e-01
5 33 1.531150e-01
5 34 3.649470e-02
5 35 4.691610e-03
5 36 3.556230e-04
5 37 1.362690e-05
5 38 3.285730e-07
5 39 0.000000e+00
5 40 0.000000e+00
6 1 1.477630e+00
6 2 6.209140e-01
6 3 9.284350e-01
6 4 1.280080e+00
6 5 1.857290e+00
6 6 2.613480e+00
6 7 3.296860e+00
6 8 4.049190e+00
6 9 4.923960e+00
6 10 5.987200e+00
6 11 7.175380e+00
6 12 8.511190e+00
6 13 9.931980e+00
6 14 1.140270e+01
6 15 1.279970e+01
6 16 1.390830e+01
6 17 1.460700e+01
6 18 1.480110e+01
6 19 1.391480e+01
6 20 1.226020e+01
6 21 9.920390e+00
6 22 7.326920e+00
6 23 5.023880e+00
6 24 3.479260e+00
6 25 2.884110e+00
6 26 3.075610e+00
6 27 3.641390e+00
6 28 4.025270e+00
6 29 3.576140e+00
6 30 2.299490e+00
6 31 1.120490e+00
6 32 4.455510e-01
6 33 1.369350e-01
6 34 3.263710e-02
6 35 4.196040e-03
6 36 3.180410e-04
6 37 1.218480e-05
6 38 2.938490e-07
6 39 0.000000e+00
6 40 0.000000e+00
7 1 1.118740e+00
7 2 4.693370e-01
7 3 7.089830e-01
7 4 9.872550e-01
7 5 1.441550e+00
7 6 2.083720e+00
7 7 2.920970e+00
7 8 3.681720e+00
7 9 4.464730e+00
7 10 5.430920e+00
7 11 6.508970e+00
7 12 7.731900e+00
7 13 9.029940e+00
7 14 1.036610e+01
7 15 1.163090e+01
7 16 1.265840e+01
7 17 1.330300e+01
7 18 1.350910e+01
7 19 1.271770e+01
7 20 1.124180e+01
7 21 9.125970e+00
7 22 6.751930e+00
7 23 4.635800e+00
7 24 3.196170e+00
7 25 2.618290e+00
7 26 2.763200e+00
7 27 3.257410e+00
7 28 3.597900e+00
7 29 3.198460e+00
7 30 2.058120e+00
7 31 1.002860e+00
7 32 3.986840e-01
7 33 1.224770e-01
7 34 2.918940e-02
7 35 3.753100e-03
7 36 2.844370e-04
7 37 1.089660e-05
7 38 2.628100e-07
7 39 0.000000e+00
7 40 0.000000e+00
8 1 8.492220e-01
8 2 3.553020e-01
8 3 5.396370e-01
8 4 7.572920e-01
8 5 1.107980e+00
8 6 1.604950e+00
8 7 2.320670e+00
8 8 3.276480e+00
8 9 4.076860e+00
8 10 4.947630e+00
8 11 5.933180e+00
8 12 7.051990e+00
8 13 8.247890e+00
8 14 9.476040e+00
8 15 1.062480e+01
8 16 1.158350e+01
8 17 1.217840e+01
8 18 1.239930e+01
8 19 1.169890e+01
8 20 1.037700e+01
8 21 8.456700e+00
8 22 6.272190e+00
8 23 4.313050e+00
8 24 2.958220e+00
8 25 2.388990e+00
8 26 2.488460e+00
8 27 2.917340e+00
8 28 3.218870e+00
8 29 2.863750e+00
8 30 1.844420e+00
8 31 8.987180e-01
8 32 3.571790e-01
8 33 1.096640e-01
8 34 2.613250e-02
8 35 3.360570e-03
8 36 2.546680e-04
8 37 9.763990e-06
8 38 2.353100e-07
8 39 0.000000e+00
8 40 0.000000e+00
9 1 6.830070e-01
9 2 2.739410e-01
9 3 4.063630e-01
9 4 5.658420e-01
9 5 8.367710e-01
9 6 1.229360e+00
9 7 1.787500e+00
9 8 2.601200e+00
9 9 3.646150e+00
9 10 4.545290e+00
9 11 5.442050e+00
9 12 6.469710e+00
9 13 7.575990e+00
9 14 8.717870e+00
9 15 9.778630e+00
9 16 1.068400e+01
9 17 1.122060e+01
9 18 1.146360e+01
9 19 1.085540e+01
9 20 9.662780e+00
9 21 7.910120e+00
9 22 5.887780e+00
9 23 4.055770e+00
9 24 2.765280e+00
9 25 2.195460e+00
9 26 2.249550e+00
9 27 2.618530e+00
9 28 2.885070e+00
9 29 2.569220e+00
9 30 1.656620e+00
9 31 8.072020e-01
9 32 3.206910e-01
9 33 9.838730e-02
9 34 2.344110e-02
9 35 3.015190e-03
9 36 2.284880e-04
9 37 8.778100e-06
9 38 2.111170e-07
9 39 0.000000e+00
9 40 0.000000e+00
10 1 5.205090e-01
10 2 2.152060e-01
10 3 3.200120e-01
10 4 4.417580e-01
10 5 6.428960e-01
10 6 9.313190e-01
10 7 1.354100e+00
10 8 1.985090e+00
10 9 2.881590e+00
10 10 4.086380e+00
10 11 5.022720e+00
10 12 5.959720e+00
10 13 6.996050e+00
10 14 8.069000e+00
10 15 9.054060e+00
10 16 9.923960e+00
10 17 1.042310e+01
10 18 1.066330e+01
10 19 1.015090e+01
10 20 9.077030e+00
10 21 7.468670e+00
10 22 5.585940e+00
10 23 3.856050e+00
10 24 2.611540e+00
10 25 2.032380e+00
10 26 2.040200e+00
10 27 2.353130e+00
10 28 2.587770e+00
10 29 2.307170e+00
10 30 1.489830e+00
10 31 7.259240e-01
10 32 2.882500e-01
10 33 8.834300e-02
10 34 2.104820e-02
10 35 2.708210e-03
10 36 2.051950e-04
10 37 7.886710e-06
10 38 1.895900e-07
10 39 0.000000e+00
10 40 0.000000e+00
11 1 3.839650e-01
11 2 1.567560e-01
11 3 2.347190e-01
11 4 3.273730e-01
11 5 4.816490e-01
11 6 7.053040e-01
11 7 1.026730e+00
11 8 1.497310e+00
11 9 2.174100e+00
11 10 3.201690e+00
11 11 4.548990e+00
11 12 5.548540e+00
11 13 6.508490e+00
11 14 7.528470e+00
11 15 8.462510e+00
11 16 9.290380e+00
11 17 9.787860e+00
11 18 1.000340e+01
11 19 9.595110e+00
11 20 8.621130e+00
11 21 7.134350e+00
11 22 5.369390e+00
11 23 3.714850e+00
11 24 2.498110e+00
11 25 1.900340e+00
11 26 1.860080e+00
11 27 2.120100e+00
11 28 2.325590e+00
11 29 2.076420e+00
11 30 1.343310e+00
11 31 6.544320e-01
11 32 2.597170e-01
11 33 7.950690e-02
11 34 1.894250e-02
11 35 2.438150e-03
11 36 1.846940e-04
11 37 7.096160e-06
11 38 1.706410e-07
11 39 0.000000e+00
11 40 0.000000e+00
12 1 3.037680e-01
12 2 1.242930e-01
12 3 1.841590e-01
12 4 2.518580e-01
12 5 3.642390e-01
12 6 5.274910e-01
12 7 7.690200e-01
12 8 1.131310e+00
12 9 1.645820e+00
12 10 2.412280e+00
12 11 3.542600e+00
12 12 5.056170e+00
12 13 6.132040e+00
12 14 7.090110e+00
12 15 7.992730e+00
12 16 8.780200e+00
12 17 9.303090e+00
12 18 9.486180e+00
12 19 9.187920e+00
12 20 8.295810e+00
12 21 6.909340e+00
12 22 5.244070e+00
12 23 3.636470e+00
12 24 2.427850e+00
12 25 1.800330e+00
12 26 1.707900e+00
12 27 1.916450e+00
12 28 2.094710e+00
12 29 1.873430e+00
12 30 1.214810e+00
12 31 5.916240e-01
12 32 2.346610e-01
12 33 7.175350e-02
12 34 1.709040e-02
12 35 2.200740e-03
12 36 1.666680e-04
12 37 6.402540e-06
12 38 1.539830e-07
12 39 0.000000e+00
12 40 0.000000e+00
13 1 2.107010e-01
13 2 8.631640e-02
13 3 1.281430e-01
13 4 1.763250e-01
13 5 2.572510e-01
13 6 3.731050e-01
13 7 5.434240e-01
13 8 8.052210e-01
13 9 1.194020e+00
13 10 1.781370e+00
13 11 2.629360e+00
13 12 3.880140e+00
13 13 5.598030e+00
13 14 6.758200e+00
13 15 7.635100e+00
13 16 8.408520e+00
13 17 8.955640e+00
13 18 9.132780e+00
13 19 8.896090e+00
13 20 8.096170e+00
13 21 6.784880e+00
13 22 5.200560e+00
13 23 3.619860e+00
13 24 2.400060e+00
13 25 1.730870e+00
13 26 1.581900e+00
13 27 1.739790e+00
13 28 1.892460e+00
13 29 1.695440e+00
13 30 1.102650e+00
13 31 5.371680e-01
13 32 2.128820e-01
13 33 6.499540e-02
13 34 1.547330e-02
13 35 1.993730e-03
13 36 1.509500e-04
13 37 5.837560e-06
13 38 1.394420e-07
13 39 0.000000e+00
13 40 0.000000e+00
14 1 1.676480e-01
14 2 6.861660e-02
14 3 1.019400e-01
14 4 1.400330e-01
14 5 2.014800e-01
14 6 2.897740e-01
14 7 4.188340e-01
14 8 6.120980e-01
14 9 8.938550e-01
14 10 1.324160e+00
14 11 1.959760e+00
14 12 2.904190e+00
14 13 4.272830e+00
14 14 6.189690e+00
14 15 7.376210e+00
14 16 8.162470e+00
14 17 8.727640e+00
14 18 8.953030e+00
14 19 8.722490e+00
14 20 8.032320e+00
14 21 6.798780e+00
14 22 5.254160e+00
14 23 3.687010e+00
14 24 2.430810e+00
14 25 1.698190e+00
14 26 1.482680e+00
14 27 1.587060e+00
14 28 1.713830e+00
14 29 1.538110e+00
14 30 1.004020e+00
14 31 4.894770e-01
14 32 1.937540e-01
14 33 5.904630e-02
14 34 1.404560e-02
14 35 1.811220e-03
14 36 1.370820e-04
14 37 5.358960e-06
14 38 1.266080e-07
14 39 0.000000e+00
14 40 0.000000e+00
15 1 1.208710e-01
15 2 4.952970e-02
15 3 7.364810e-02
15 4 1.014660e-01
15 5 1.465580e-01
15 6 2.108900e-01
15 7 3.034530e-01
15 8 4.416770e-01
15 9 6.446870e-01
15 10 9.579960e-01
15 11 1.421060e+00
15 12 2.116010e+00
15 13 3.163950e+00
15 14 4.749410e+00
15 15 6.852120e+00
15 16 8.039650e+00
15 17 8.638460e+00
15 18 8.917980e+00
15 19 8.732770e+00
15 20 8.092430e+00
15 21 6.953200e+00
15 22 5.416330e+00
15 23 3.838600e+00
15 24 2.521480e+00
15 25 1.704910e+00
15 26 1.411630e+00
15 27 1.458880e+00
15 28 1.557860e+00
15 29 1.402500e+00
15 30 9.201730e-01
15 31 4.487840e-01
15 32 1.773730e-01
15 33 5.394350e-02
15 34 1.281540e-02
15 35 1.654560e-03
15 36 1.251400e-04
15 37 4.915830e-06
15 38 1.155600e-07
15 39 0.000000e+00
15 40 0.000000e+00
16 1 8.305930e-02
16 2 3.411360e-02
16 3 5.070350e-02
16 4 6.998820e-02
16 5 1.013150e-01
16 6 1.458790e-01
16 7 2.102820e-01
16 8 3.059670e-01
16 9 4.462350e-01
16 10 6.641410e-01
16 11 9.908530e-01
16 12 1.489470e+00
16 13 2.248860e+00
16 14 3.424970e+00
16 15 5.232930e+00
16 16 7.603640e+00
16 17 8.712550e+00
16 18 9.053680e+00
16 19 8.942530e+00
16 20 8.321800e+00
16 21 7.249580e+00
16 22 5.728040e+00
16 23 4.092070e+00
16 24 2.684010e+00
16 25 1.761950e+00
16 26 1.373410e+00
16 27 1.355380e+00
16 28 1.426500e+00
16 29 1.287850e+00
16 30 8.502430e-01
16 31 4.148910e-01
16 32 1.636480e-01
16 33 4.966250e-02
16 34 1.177550e-02
16 35 1.522770e-03
16 36 1.150650e-04
16 37 4.519750e-06
16 38 1.062360e-07
16 39 0.000000e+00
16 40 0.000000e+00
17 1 5.922170e-02
17 2 2.431060e-02
17 3 3.618150e-02
17 4 4.985110e-02
17 5 7.220680e-02
17 6 1.041000e-01
17 7 1.499160e-01
17 8 2.180760e-01
17 9 3.176640e-01
17 10 4.692860e-01
17 11 6.964760e-01
17 12 1.042730e+00
17 13 1.572000e+00
17 14 2.398590e+00
17 15 3.684410e+00
17 16 5.730520e+00
17 17 8.376060e+00
17 18 9.354980e+00
17 19 9.337780e+00
17 20 8.775800e+00
17 21 7.717390e+00
17 22 6.193010e+00
17 23 4.482370e+00
17 24 2.948770e+00
17 25 1.881640e+00
17 26 1.372460e+00
17 27 1.275650e+00
17 28 1.313960e+00
17 29 1.188410e+00
17 30 7.906330e-01
17 31 3.862320e-01
17 32 1.519040e-01
17 33 4.599750e-02
17 34 1.087520e-02
17 35 1.409080e-03
17 36 1.063940e-04
17 37 4.169790e-06
17 38 9.815480e-08
17 39 0.000000e+00
17 40 0.000000e+00
18 1 3.832330e-02
18 2 1.572890e-02
18 3 2.338080e-02
18 4 3.227100e-02
18 5 4.689370e-02
18 6 6.782660e-02
18 7 9.784890e-02
18 8 1.424630e-01
18 9 2.074680e-01
18 10 3.073000e-01
18 11 4.578390e-01
18 12 6.899650e-01
18 13 1.049350e+00
18 14 1.614520e+00
18 15 2.499850e+00
18 16 3.921630e+00
18 17 6.216040e+00
18 18 9.190000e+00
18 19 9.968220e+00
18 20 9.492820e+00
18 21 8.414570e+00
18 22 6.881230e+00
18 23 5.050630e+00
18 24 3.343100e+00
18 25 2.082220e+00
18 26 1.420160e+00
18 27 1.227120e+00
18 28 1.224290e+00
18 29 1.107530e+00
18 30 7.439150e-01
18 31 3.642000e-01
18 32 1.427100e-01
18 33 4.310730e-02
18 34 1.015700e-02
18 35 1.318350e-03
18 36 9.952870e-05
18 37 3.889200e-06
18 38 9.164930e-08
18 39 0.000000e+00
18 40 0.000000e+00
19 1 2.290610e-02
19 2 9.471640e-03
19 3 1.404560e-02
19 4 1.938390e-02
19 5 2.820270e-02
19 6 4.071600e-02
19 7 5.892900e-02
19 8 8.603290e-02
19 9 1.259940e-01
19 10 1.870620e-01
19 11 2.795500e-01
19 12 4.243560e-01
19 13 6.515060e-01
19 14 1.019020e+00
19 15 1.607300e+00
19 16 2.561990e+00
19 17 4.123630e+00
19 18 6.710010e+00
19 19 1.001310e+01
19 20 1.055130e+01
19 21 9.475480e+00
19 22 7.853940e+00
19 23 5.869200e+00
19 24 3.919560e+00
19 25 2.406600e+00
19 26 1.535480e+00
19 27 1.216420e+00
19 28 1.158960e+00
19 29 1.045240e+00
19 30 7.104510e-01
19 31 3.490090e-01
19 32 1.362250e-01
19 33 4.101580e-02
19 34 9.625630e-03
19 35 1.252130e-03
19 36 9.453440e-05
19 37 3.680180e-06
19 38 8.673480e-08
19 39 0.000000e+00
19 40 0.000000e+00
20 1 1.422010e-02
20 2 5.875500e-03
20 3 8.755340e-03
20 4 1.210620e-02
20 5 1.761730e-02
20 6 2.548270e-02
20 7 3.691650e-02
20 8 5.409180e-02
20 9 7.924830e-02
20 10 1.180860e-01
20 11 1.767370e-01
20 12 2.679630e-01
20 13 4.102100e-01
20 14 6.388390e-01
20 15 1.007620e+00
20 16 1.616450e+00
20 17 2.624840e+00
20 18 4.316530e+00
20 19 7.183470e+00
20 20 1.086500e+01
20 21 1.096720e+01
20 22 9.246450e+00
20 23 7.032890e+00
20 24 4.773510e+00
20 25 2.923880e+00
20 26 1.756580e+00
20 27 1.253950e+00
20 28 1.115860e+00
20 29 9.954590e-01
20 30 6.861470e-01
20 31 3.387580e-01
20 32 1.316820e-01
20 33 3.947120e-02
20 34 9.218130e-03
20 35 1.202960e-03
20 36 9.079750e-05
20 37 3.522110e-06
20 38 8.280180e-08
20 39 0.000000e+00
20 40 0.000000e+00
21 1 8.091650e-03
21 2 3.360890e-03
21 3 5.032500e-03
21 4 6.961760e-03
21 5 1.015020e-02
21 6 1.471460e-02
21 7 2.131480e-02
21 8 3.128380e-02
21 9 4.598400e-02
21 10 6.883090e-02
21 11 1.036180e-01
21 12 1.581670e-01
21 13 2.443740e-01
21 14 3.844030e-01
21 15 6.115130e-01
21 16 9.849890e-01
21 17 1.604210e+00
21 18 2.653000e+00
21 19 4.462260e+00
21 20 7.629280e+00
21 21 1.168330e+01
21 22 1.126660e+01
21 23 8.774720e+00
21 24 6.071040e+00
21 25 3.728660e+00
21 26 2.150590e+00
21 27 1.369140e+00
21 28 1.107860e+00
21 29 9.645230e-01
21 30 6.751400e-01
21 31 3.362160e-01
21 32 1.300090e-01
21 33 3.874690e-02
21 34 8.977050e-03
21 35 1.179360e-03
21 36 8.895580e-05
21 37 3.455430e-06
21 38 8.034200e-08
21 39 0.000000e+00
21 40 0.000000e+00
22 1 4.240290e-03
22 2 1.749520e-03
22 3 2.625500e-03
22 4 3.651680e-03
22 5 5.319120e-03
22 6 7.751420e-03
22 7 1.128040e-02
22 8 1.660610e-02
22 9 2.453020e-02
22 10 3.687440e-02
22 11 5.584430e-02
22 12 8.573540e-02
22 13 1.336120e-01
22 14 2.121010e-01
22 15 3.401950e-01
22 16 5.525570e-01
22 17 9.135840e-01
22 18 1.534880e+00
22 19 2.620100e+00
22 20 4.551220e+00
22 21 8.036260e+00
22 22 1.245050e+01
22 23 1.140720e+01
22 24 8.072790e+00
22 25 5.019400e+00
22 26 2.815330e+00
22 27 1.618030e+00
22 28 1.153190e+00
22 29 9.582750e-01
22 30 6.798380e-01
22 31 3.430870e-01
22 32 1.319220e-01
22 33 3.908320e-02
22 34 8.949550e-03
22 35 1.186110e-03
22 36 8.934180e-05
22 37 3.449290e-06
22 38 7.955810e-08
22 39 0.000000e+00
22 40 0.000000e+00
23 1 2.078620e-03
23 2 8.598540e-04
23 3 1.285530e-03
23 4 1.785490e-03
23 5 2.599200e-03
23 6 3.778880e-03
23 7 5.508230e-03
23 8 8.113460e-03
23 9 1.198760e-02
23 10 1.804970e-02
23 11 2.745690e-02
23 12 4.228290e-02
23 13 6.607020e-02
23 14 1.060910e-01
23 15 1.711310e-01
23 16 2.820310e-01
23 17 4.746740e-01
23 18 8.111350e-01
23 19 1.413630e+00
23 20 2.508050e+00
23 21 4.540580e+00
23 22 8.357950e+00
23 23 1.318490e+01
23 24 1.130070e+01
23 25 7.162440e+00
23 26 3.973530e+00
23 27 2.100590e+00
23 28 1.287650e+00
23 29 9.849170e-01
23 30 7.038890e-01
23 31 3.619000e-01
23 32 1.383950e-01
23 33 4.080070e-02
23 34 9.181490e-03
23 35 1.231960e-03
23 36 9.249710e-05
23 37 3.551360e-06
23 38 8.056600e-08
23 39 0.000000e+00
23 40 0.000000e+00
24 1 1.123510e-03
24 2 4.635510e-04
24 3 6.902670e-04
24 4 9.545890e-04
24 5 1.388300e-03
24 6 2.008540e-03
24 7 2.913410e-03
24 8 4.280510e-03
24 9 6.296300e-03
24 10 9.414670e-03
24 11 1.417230e-02
24 12 2.161840e-02
24 13 3.336730e-02
24 14 5.294260e-02
24 15 8.542400e-02
24 16 1.406840e-01
24 17 2.360980e-01
24 18 4.060840e-01
24 19 7.134620e-01
24 20 1.284730e+00
24 21 2.365020e+00
24 22 4.457030e+00
24 23 8.559790e+00
24 24 1.381540e+01
24 25 1.091620e+01
24 26 6.095550e+00
24 27 3.037850e+00
24 28 1.599230e+00
24 29 1.063570e+00
24 30 7.509350e-01
24 31 3.967730e-01
24 32 1.511330e-01
24 33 4.421660e-02
24 34 9.749270e-03
24 35 1.328960e-03
24 36 9.955550e-05
24 37 3.787920e-06
24 38 8.345100e-08
24 39 0.000000e+00
24 40 0.000000e+00
25 1 7.790220e-04
25 2 3.185110e-04
25 3 4.716200e-04
25 4 6.481500e-04
25 5 9.351970e-04
25 6 1.338760e-03
25 7 1.916930e-03
25 8 2.768340e-03
25 9 3.994270e-03
25 10 5.854500e-03
25 11 8.619290e-03
25 12 1.284230e-02
25 13 1.934010e-02
25 14 2.962320e-02
25 15 4.601870e-02
25 16 7.354050e-02
25 17 1.198070e-01
25 18 2.015840e-01
25 19 3.489410e-01
25 20 6.232500e-01
25 21 1.150020e+00
25 22 2.190440e+00
25 23 4.288260e+00
25 24 8.644540e+00
25 25 1.423290e+01
25 26 1.026450e+01
25 27 4.978220e+00
25 28 2.284580e+00
25 29 1.257280e+00
25 30 8.313740e-01
25 31 4.544110e-01
25 32 1.738640e-01
25 33 5.038140e-02
25 34 1.087590e-02
25 35 1.504360e-03
25 36 1.121240e-04
25 37 4.297310e-06
25 38 9.090090e-08
25 39 0.000000e+00
25 40 0.000000e+00
26 1 7.271400e-04
26 2 2.951920e-04
26 3 4.349020e-04
26 4 5.929680e-04
26 5 8.511920e-04
26 6 1.206550e-03
26 7 1.704230e-03
26 8 2.430050e-03
26 9 3.434270e-03
26 10 4.901440e-03
26 11 7.001650e-03
26 12 1.001460e-02
26 13 1.441810e-02
26 14 2.101480e-02
26 15 3.091500e-02
26 16 4.623210e-02
26 17 7.046950e-02
26 18 1.108060e-01
26 19 1.798920e-01
26 20 3.049970e-01
26 21 5.401410e-01
26 22 1.003370e+00
26 23 1.959620e+00
26 24 4.008460e+00
26 25 8.575630e+00
26 26 1.442710e+01
26 27 9.401300e+00
26 28 3.905260e+00
26 29 1.716250e+00
26 30 9.785070e-01
26 31 5.454850e-01
26 32 2.129650e-01
26 33 6.106940e-02
26 34 1.287340e-02
26 35 1.809810e-03
26 36 1.341710e-04
26 37 5.168930e-06
26 38 1.085920e-07
26 39 0.000000e+00
26 40 0.000000e+00
27 1 7.825260e-04
27 2 3.160410e-04
27 3 4.666250e-04
27 4 6.357940e-04
27 5 9.072370e-04
27 6 1.286920e-03
27 7 1.813460e-03
27 8 2.564360e-03
27 9 3.612720e-03
27 10 5.120950e-03
27 11 7.209640e-03
27 12 1.022550e-02
27 13 1.448650e-02
27 14 2.056580e-02
27 15 2.921020e-02
27 16 4.184840e-02
27 17 6.019800e-02
27 18 8.761160e-02
27 19 1.298620e-01
27 20 1.981280e-01
27 21 3.143210e-01
27 22 5.255380e-01
27 23 9.349870e-01
27 24 1.791590e+00
27 25 3.711600e+00
27 26 8.307080e+00
27 27 1.450120e+01
27 28 8.283000e+00
27 29 2.960890e+00
27 30 1.295850e+00
27 31 6.902140e-01
27 32 2.801560e-01
27 33 7.963530e-02
27 34 1.641580e-02
27 35 2.327560e-03
27 36 1.721540e-04
27 37 6.588080e-06
27 38 1.399180e-07
27 39 0.000000e+00
27 40 0.000000e+00
28 1 8.364470e-04
28 2 3.384720e-04
28 3 4.984670e-04
28 4 6.787760e-04
28 5 9.712670e-04
28 6 1.374170e-03
28 7 1.934770e-03
28 8 2.743480e-03
28 9 3.856180e-03
28 10 5.458740e-03
28 11 7.698890e-03
28 12 1.084010e-02
28 13 1.522650e-02
28 14 2.155880e-02
28 15 3.047250e-02
28 16 4.307020e-02
28 17 6.085170e-02
28 18 8.600160e-02
28 19 1.215110e-01
28 20 1.729020e-01
28 21 2.493740e-01
28 22 3.688500e-01
28 23 5.668490e-01
28 24 9.288520e-01
28 25 1.672690e+00
28 26 3.398240e+00
28 27 7.920140e+00
28 28 1.429760e+01
28 29 7.063580e+00
28 30 2.190210e+00
28 31 9.472540e-01
28 32 4.005240e-01
28 33 1.142380e-01
28 34 2.307470e-02
28 35 3.263890e-03
28 36 2.425370e-04
28 37 9.227960e-06
28 38 1.901830e-07
28 39 0.000000e+00
28 40 0.000000e+00
29 1 7.716040e-04
29 2 3.121050e-04
29 3 4.601320e-04
29 4 6.278690e-04
29 5 8.970250e-04
29 6 1.270970e-03
29 7 1.794160e-03
29 8 2.541800e-03
29 9 3.580920e-03
29 10 5.088460e-03
29 11 7.184000e-03
29 12 1.016080e-02
29 13 1.436250e-02
29 14 2.034500e-02
29 15 2.878780e-02
29 16 4.094470e-02
29 17 5.830360e-02
29 18 8.262180e-02
29 19 1.170020e-01
29 20 1.653630e-01
29 21 2.332270e-01
29 22 3.289750e-01
29 23 4.653120e-01
29 24 6.696800e-01
29 25 1.002900e+00
29 26 1.637240e+00
29 27 3.123980e+00
29 28 7.471690e+00
29 29 1.368580e+01
29 30 5.892770e+00
29 31 1.590850e+00
29 32 6.217960e-01
29 33 1.849790e-01
29 34 3.680770e-02
29 35 5.078590e-03
29 36 3.843670e-04
29 37 1.456860e-05
29 38 2.850900e-07
29 39 0.000000e+00
29 40 0.000000e+00
30 1 6.568640e-04
30 2 2.662260e-04
30 3 3.915370e-04
30 4 5.341660e-04
30 5 7.652820e-04
30 6 1.081760e-03
30 7 1.526770e-03
30 8 2.169250e-03
30 9 3.049480e-03
30 10 4.333810e-03
30 11 6.141270e-03
30 12 8.678900e-03
30 13 1.228920e-02
30 14 1.748270e-02
30 15 2.468980e-02
30 16 3.509460e-02
30 17 5.004820e-02
30 18 7.167780e-02
30 19 1.022460e-01
30 20 1.466170e-01
30 21 2.097300e-01
30 22 3.004750e-01
30 23 4.297980e-01
30 24 6.122430e-01
30 25 8.667980e-01
30 26 1.224640e+00
30 27 1.787910e+00
30 28 2.990920e+00
30 29 6.857660e+00
30 30 1.305090e+01
30 31 4.722300e+00
30 32 1.114320e+00
30 33 3.421110e-01
30 34 6.813180e-02
30 35 9.027090e-03
30 36 7.090310e-04
30 37 2.663350e-05
30 38 5.116490e-07
30 39 3.132930e-09
30 40 0.000000e+00
31 1 5.036860e-04
31 2 2.036350e-04
31 3 3.002620e-04
31 4 4.102260e-04
31 5 5.853340e-04
31 6 8.294170e-04
31 7 1.172460e-03
31 8 1.659050e-03
31 9 2.337670e-03
31 10 3.327550e-03
31 11 4.695710e-03
31 12 6.650640e-03
31 13 9.436500e-03
31 14 1.338510e-02
31 15 1.898260e-02
31 16 2.704720e-02
31 17 3.836590e-02
31 18 5.462930e-02
31 19 7.833280e-02
31 20 1.127680e-01
31 21 1.621710e-01
31 22 2.345740e-01
31 23 3.405130e-01
31 24 4.961500e-01
31 25 7.228590e-01
31 26 1.045520e+00
31 27 1.479200e+00
31 28 2.048130e+00
31 29 3.004070e+00
31 30 6.289310e+00
31 31 1.219040e+01
31 32 3.634620e+00
31 33 7.215430e-01
31 34 1.518460e-01
31 35 1.952720e-02
31 36 1.575640e-03
31 37 5.846070e-05
31 38 1.020940e-06
31 39 7.717140e-09
31 40 0.000000e+00
32 1 3.898960e-04
32 2 1.577590e-04
32 3 2.323750e-04
32 4 3.172600e-04
32 5 4.532370e-04
32 6 6.415090e-04
32 7 9.060220e-04
32 8 1.283340e-03
32 9 1.805880e-03
32 10 2.567430e-03
32 11 3.624690e-03
32 12 5.122780e-03
32 13 7.249020e-03
32 14 1.027640e-02
32 15 1.454350e-02
32 16 2.070430e-02
32 17 2.942640e-02
32 18 4.182440e-02
32 19 5.962000e-02
32 20 8.509530e-02
32 21 1.215470e-01
32 22 1.746420e-01
32 23 2.514170e-01
32 24 3.636690e-01
32 25 5.298210e-01
32 26 7.763210e-01
32 27 1.139250e+00
32 28 1.652200e+00
32 29 2.316400e+00
32 30 3.165430e+00
32 31 5.866510e+00
32 32 1.104360e+01
32 33 2.762130e+00
32 34 4.181370e-01
32 35 5.440610e-02
32 36 4.219260e-03
32 37 1.617510e-04
32 38 2.680610e-06
32 39 2.065480e-08
32 40 0.000000e+00
33 1 3.132770e-04
33 2 1.267290e-04
33 3 1.868380e-04
33 4 2.541730e-04
33 5 3.634550e-04
33 6 5.152320e-04
33 7 7.263060e-04
33 8 1.028940e-03
33 9 1.449150e-03
33 10 2.052460e-03
33 11 2.897280e-03
33 12 4.096540e-03
33 13 5.769860e-03
33 14 8.157030e-03
33 15 1.147430e-02
33 16 1.613550e-02
33 17 2.276930e-02
33 18 3.228830e-02
33 19 4.595590e-02
33 20 6.564300e-02
33 21 9.335700e-02
33 22 1.330500e-01
33 23 1.898350e-01
33 24 2.712640e-01
33 25 3.900030e-01
33 26 5.646350e-01
33 27 8.213500e-01
33 28 1.194260e+00
33 29 1.728830e+00
33 30 2.465290e+00
33 31 3.341920e+00
33 32 5.424440e+00
33 33 1.000370e+01
33 34 2.048530e+00
33 35 2.065740e-01
33 36 1.537120e-02
33 37 6.176060e-04
33 38 9.840810e-06
33 39 6.998510e-08
33 40 0.000000e+00
34 1 2.652570e-04
34 2 1.074960e-04
34 3 1.580590e-04
34 4 2.153310e-04
34 5 3.077490e-04
34 6 4.337180e-04
34 7 6.105940e-04
34 8 8.659350e-04
34 9 1.226800e-03
34 10 1.742630e-03
34 11 2.468380e-03
34 12 3.488490e-03
34 13 4.922320e-03
34 14 6.988200e-03
34 15 9.854720e-03
34 16 1.397270e-02
34 17 1.978720e-02
34 18 2.793940e-02
34 19 3.951040e-02
34 20 5.603760e-02
34 21 7.946210e-02
34 22 1.133290e-01
34 23 1.607430e-01
34 24 2.271150e-01
34 25 3.191800e-01
34 26 4.472970e-01
34 27 6.288070e-01
34 28 8.841580e-01
34 29 1.252040e+00
34 30 1.775160e+00
34 31 2.499190e+00
34 32 3.447110e+00
34 33 5.242330e+00
34 34 8.847650e+00
34 35 1.453710e+00
34 36 8.602060e-02
34 37 3.301780e-03
34 38 5.425950e-05
34 39 3.528260e-07
34 40 0.000000e+00
35 1 2.002590e-04
35 2 8.105280e-05
35 3 1.195620e-04
35 4 1.625800e-04
35 5 2.327160e-04
35 6 3.298330e-04
35 7 4.638880e-04
35 8 6.581230e-04
35 9 9.271530e-04
35 10 1.312350e-03
35 11 1.855270e-03
35 12 2.625070e-03
35 13 3.698480e-03
35 14 5.243130e-03
35 15 7.400130e-03
35 16 1.043040e-02
35 17 1.475110e-02
35 18 2.090390e-02
35 19 2.956690e-02
35 20 4.192650e-02
35 21 5.965450e-02
35 22 8.542630e-02
35 23 1.216940e-01
35 24 1.731570e-01
35 25 2.474220e-01
35 26 3.530840e-01
35 27 5.052640e-01
35 28 7.159410e-01
35 29 9.975020e-01
35 30 1.361730e+00
35 31 1.828880e+00
35 32 2.478690e+00
35 33 3.422100e+00
35 34 4.927110e+00
35 35 8.007000e+00
35 36 9.594030e-01
35 37 2.931600e-02
35 38 4.969470e-04
35 39 2.812700e-06
35 40 5.439610e-09
36 1 1.441370e-04
36 2 5.848300e-05
36 3 8.593300e-05
36 4 1.172010e-04
36 5 1.679040e-04
36 6 2.370470e-04
36 7 3.343280e-04
36 8 4.747890e-04
36 9 6.662700e-04
36 10 9.455670e-04
36 11 1.338150e-03
36 12 1.885960e-03
36 13 2.664360e-03
36 14 3.783460e-03
36 15 5.330140e-03
36 16 7.549970e-03
36 17 1.071440e-02
36 18 1.513470e-02
36 19 2.143320e-02
36 20 3.046460e-02
36 21 4.303480e-02
36 22 6.095150e-02
36 23 8.676340e-02
36 24 1.229230e-01
36 25 1.747860e-01
36 26 2.488320e-01
36 27 3.536070e-01
36 28 5.006660e-01
36 29 7.096810e-01
36 30 1.001020e+00
36 31 1.400930e+00
36 32 1.896250e+00
36 33 2.496910e+00
36 34 3.324380e+00
36 35 4.757830e+00
36 36 7.095790e+00
36 37 6.891060e-01
36 38 8.600360e-03
36 39 4.893510e-05
36 40 8.587940e-08
37 1 1.113140e-04
37 2 4.509240e-05
37 3 6.643280e-05
37 4 9.053570e-05
37 5 1.294320e-04
37 6 1.831950e-04
37 7 2.581990e-04
37 8 3.658460e-04
37 9 5.145960e-04
37 10 7.297720e-04
37 11 1.030170e-03
37 12 1.454870e-03
37 13 2.053470e-03
37 14 2.907430e-03
37 15 4.102030e-03
37 16 5.802160e-03
37 17 8.203400e-03
37 18 1.159320e-02
37 19 1.637760e-02
37 20 2.317580e-02
37 21 3.274400e-02
37 22 4.626220e-02
37 23 6.532040e-02
37 24 9.222920e-02
37 25 1.300090e-01
37 26 1.829060e-01
37 27 2.569350e-01
37 28 3.631870e-01
37 29 5.114170e-01
37 30 7.182890e-01
37 31 9.962100e-01
37 32 1.364970e+00
37 33 1.870970e+00
37 34 2.489670e+00
37 35 3.283240e+00
37 36 4.618950e+00
37 37 5.870080e+00
37 38 8.335070e-01
37 39 2.777460e-03
37 40 4.182420e-06
38 1 9.598660e-05
38 2 3.874680e-05
38 3 5.727520e-05
38 4 7.837840e-05
38 5 1.112020e-04
38 6 1.578880e-04
38 7 2.234770e-04
38 8 3.142210e-04
38 9 4.432880e-04
38 10 6.313170e-04
38 11 8.842050e-04
38 12 1.252050e-03
38 13 1.774500e-03
38 14 2.491980e-03
38 15 3.523620e-03
38 16 5.001310e-03
38 17 6.982970e-03
38 18 9.836460e-03
38 19 1.389520e-02
38 20 1.968440e-02
38 21 2.797070e-02
38 22 3.941580e-02
38 23 5.530470e-02
38 24 7.776750e-02
38 25 1.092800e-01
38 26 1.513270e-01
38 27 2.107780e-01
38 28 2.945220e-01
38 29 4.089260e-01
38 30 5.618020e-01
38 31 7.639570e-01
38 32 1.026250e+00
38 33 1.352570e+00
38 34 1.790500e+00
38 35 2.422920e+00
38 36 3.180860e+00
38 37 4.932100e+00
38 38 4.733890e+00
38 39 6.272150e-01
38 40 6.270590e-04
39 1 7.937150e-05
39 2 3.226390e-05
39 3 4.730590e-05
39 4 6.466090e-05
39 5 9.258350e-05
39 6 1.304040e-04
39 7 1.842930e-04
39 8 2.615410e-04
39 9 3.660230e-04
39 10 5.202960e-04
39 11 7.355260e-04
39 12 1.033100e-03
39 13 1.460770e-03
39 14 2.070490e-03
39 15 2.903310e-03
39 16 4.110280e-03
39 17 5.802200e-03
39 18 8.109080e-03
39 19 1.140750e-02
39 20 1.619010e-02
39 21 2.285720e-02
39 22 3.208910e-02
39 23 4.529810e-02
39 24 6.338220e-02
39 25 8.889570e-02
39 26 1.242500e-01
39 27 1.727070e-01
39 28 2.389700e-01
39 29 3.277330e-01
39 30 4.485510e-01
39 31 6.050030e-01
39 32 8.058310e-01
39 33 1.048710e+00
39 34 1.366100e+00
39 35 1.763490e+00
39 36 2.262660e+00
39 37 3.066070e+00
39 38 4.672700e+00
39 39 4.695930e+00
39 40 2.086900e-01
40 1 6.484210e-05
40 2 2.628540e-05
40 3 3.879930e-05
40 4 5.274640e-05
40 5 7.541930e-05
40 6 1.069520e-04
40 7 1.503340e-04
40 8 2.130090e-04
40 9 3.001460e-04
40 10 4.243510e-04
40 11 5.988000e-04
40 12 8.468390e-04
40 13 1.190890e-03
40 14 1.684360e-03
40 15 2.378030e-03
40 16 3.347710e-03
40 17 4.722460e-03
40 18 6.668920e-03
40 19 9.358730e-03
40 20 1.318400e-02
40 21 1.857030e-02
40 22 2.600650e-02
40 23 3.647720e-02
40 24 5.124090e-02
40 25 7.161920e-02
40 26 9.985890e-02
40 27 1.384620e-01
40 28 1.900210e-01
40 29 2.594950e-01
40 30 3.533410e-01
40 31 4.786460e-01
40 32 6.422680e-01
40 33 8.518740e-01
40 34 1.117910e+00
40 35 1.443090e+00
40 36 1.812380e+00
40 37 2.240870e+00
40 38 2.915150e+00
40 39 4.304450e+00
40 40 4.614270e+00
