1 7.834580e+02
2 6.991080e+02
3 6.243320e+02
4 5.565190e+02
5 4.974620e+02
6 4.441840e+02
7 3.964030e+02
8 3.538970e+02
9 3.163880e+02
10 2.828780e+02
11 2.530570e+02
12 2.267560e+02
13 2.031950e+02
14 1.826600e+02
15 1.642720e+02
16 1.479510e+02
17 1.334370e+02
18 1.204820e+02
19 1.090160e+02
20 9.874590e+01
21 8.944680e+01
22 8.098460e+01
23 7.325560e+01
24 6.627650e+01
25 5.995700e+01
26 5.420740e+01
27 4.912910e+01
28 4.474000e+01
29 4.100040e+01
30 3.781910e+01
31 3.507150e+01
32 3.268350e+01
33 3.059970e+01
34 2.879020e+01
35 2.718900e+01
36 2.577040e+01
37 2.452170e+01
38 2.352440e+01
39 2.275990e+01
40 2.220960e+01
