1 1 2.674640e+00
1 2 9.965080e-01
1 3 1.306760e+00
1 4 1.584990e+00
1 5 2.013770e+00
1 6 2.526530e+00
1 7 3.150230e+00
1 8 3.937670e+00
1 9 4.876750e+00
1 10 6.066780e+00
1 11 7.475130e+00
1 12 9.186640e+00
1 13 1.121540e+01
1 14 1.360980e+01
1 15 1.633700e+01
1 16 1.941550e+01
1 17 2.274840e+01
1 18 2.619540e+01
1 19 2.955650e+01
1 20 3.272180e+01
1 21 3.485300e+01
1 22 3.604320e+01
1 23 3.633200e+01
1 24 3.632770e+01
1 25 3.614660e+01
1 26 3.723080e+01
1 27 4.035900e+01
1 28 4.487390e+01
1 29 4.839180e+01
1 30 4.877220e+01
1 31 4.568520e+01
1 32 3.983800e+01
1 33 3.190920e+01
1 34 2.277690e+01
1 35 1.411550e+01
1 36 7.455870e+00
1 37 3.255220e+00
1 38 1.112160e+00
1 39 2.738110e-01
1 40 4.811240e-02
2 1 2.118710e+00
2 2 8.700630e-01
2 3 1.165840e+00
2 4 1.412930e+00
2 5 1.795920e+00
2 6 2.255600e+00
2 7 2.815360e+00
2 8 3.520270e+00
2 9 4.360900e+00
2 10 5.424080e+00
2 11 6.681010e+00
2 12 8.207180e+00
2 13 1.001920e+01
2 14 1.215670e+01
2 15 1.459160e+01
2 16 1.734100e+01
2 17 2.031580e+01
2 18 2.339600e+01
2 19 2.639490e+01
2 20 2.922430e+01
2 21 3.112580e+01
2 22 3.223370e+01
2 23 3.247290e+01
2 24 3.243440e+01
2 25 3.226840e+01
2 26 3.322820e+01
2 27 3.600940e+01
2 28 4.003210e+01
2 29 4.316830e+01
2 30 4.350730e+01
2 31 4.075260e+01
2 32 3.553590e+01
2 33 2.846310e+01
2 34 2.031700e+01
2 35 1.259090e+01
2 36 6.650450e+00
2 37 2.903560e+00
2 38 9.919990e-01
2 39 2.442310e-01
2 40 4.294310e-02
3 1 1.669730e+00
3 2 6.982350e-01
3 3 1.018630e+00
3 4 1.262650e+00
3 5 1.603960e+00
3 6 2.014970e+00
3 7 2.516910e+00
3 8 3.148510e+00
3 9 3.901460e+00
3 10 4.853380e+00
3 11 5.978390e+00
3 12 7.341360e+00
3 13 8.961860e+00
3 14 1.087210e+01
3 15 1.304790e+01
3 16 1.550630e+01
3 17 1.816450e+01
3 18 2.091960e+01
3 19 2.359790e+01
3 20 2.613060e+01
3 21 2.782910e+01
3 22 2.882910e+01
3 23 2.903680e+01
3 24 2.898600e+01
3 25 2.883670e+01
3 26 2.968500e+01
3 27 3.215710e+01
3 28 3.574280e+01
3 29 3.854090e+01
3 30 3.884310e+01
3 31 3.638270e+01
3 32 3.172430e+01
3 33 2.540980e+01
3 34 1.813750e+01
3 35 1.124010e+01
3 36 5.936880e+00
3 37 2.591990e+00
3 38 8.855380e-01
3 39 2.180230e-01
3 40 3.835120e-02
4 1 1.305920e+00
4 2 5.493050e-01
4 3 8.165400e-01
4 4 1.103110e+00
4 5 1.432860e+00
4 6 1.798720e+00
4 7 2.245290e+00
4 8 2.809310e+00
4 9 3.481470e+00
4 10 4.333080e+00
4 11 5.340810e+00
4 12 6.558820e+00
4 13 8.005980e+00
4 14 9.711190e+00
4 15 1.165160e+01
4 16 1.384690e+01
4 17 1.621920e+01
4 18 1.867930e+01
4 19 2.106730e+01
4 20 2.333180e+01
4 21 2.484730e+01
4 22 2.570790e+01
4 23 2.589660e+01
4 24 2.586150e+01
4 25 2.573140e+01
4 26 2.647770e+01
4 27 2.866820e+01
4 28 3.185730e+01
4 29 3.434890e+01
4 30 3.461780e+01
4 31 3.242400e+01
4 32 2.827130e+01
4 33 2.264370e+01
4 34 1.616310e+01
4 35 1.001630e+01
4 36 5.290360e+00
4 37 2.309700e+00
4 38 7.890840e-01
4 39 1.942770e-01
4 40 3.417460e-02
5 1 1.045430e+00
5 2 4.379650e-01
5 3 6.472810e-01
5 4 8.870540e-01
5 5 1.255260e+00
5 6 1.611610e+00
5 7 2.010440e+00
5 8 2.515120e+00
5 9 3.117280e+00
5 10 3.881360e+00
5 11 4.786870e+00
5 12 5.879930e+00
5 13 7.176290e+00
5 14 8.703410e+00
5 15 1.043740e+01
5 16 1.240370e+01
5 17 1.452770e+01
5 18 1.673050e+01
5 19 1.886650e+01
5 20 2.089800e+01
5 21 2.225450e+01
5 22 2.301020e+01
5 23 2.317530e+01
5 24 2.314730e+01
5 25 2.303010e+01
5 26 2.368510e+01
5 27 2.562810e+01
5 28 2.847030e+01
5 29 3.069470e+01
5 30 3.093450e+01
5 31 2.897280e+01
5 32 2.526080e+01
5 33 2.023210e+01
5 34 1.444160e+01
5 35 8.949380e+00
5 36 4.726670e+00
5 37 2.063580e+00
5 38 7.049830e-01
5 39 1.735730e-01
5 40 3.055060e-02
6 1 8.285400e-01
6 2 3.446540e-01
6 3 5.123900e-01
6 4 7.004350e-01
6 5 1.006210e+00
6 6 1.409590e+00
6 7 1.800110e+00
6 8 2.251510e+00
6 9 2.790680e+00
6 10 3.475260e+00
6 11 4.287770e+00
6 12 5.268420e+00
6 13 6.429300e+00
6 14 7.797240e+00
6 15 9.344040e+00
6 16 1.110360e+01
6 17 1.300430e+01
6 18 1.497450e+01
6 19 1.688390e+01
6 20 1.870440e+01
6 21 1.991710e+01
6 22 2.060110e+01
6 23 2.074070e+01
6 24 2.070570e+01
6 25 2.059620e+01
6 26 2.116620e+01
6 27 2.288390e+01
6 28 2.541170e+01
6 29 2.739440e+01
6 30 2.760770e+01
6 31 2.585580e+01
6 32 2.254160e+01
6 33 1.805380e+01
6 34 1.288670e+01
6 35 7.985600e+00
6 36 4.217490e+00
6 37 1.841240e+00
6 38 6.290090e-01
6 39 1.548730e-01
6 40 2.729060e-02
7 1 6.353370e-01
7 2 2.634210e-01
7 3 3.958200e-01
7 4 5.484590e-01
7 5 7.895010e-01
7 6 1.127470e+00
7 7 1.575280e+00
7 8 2.017690e+00
7 9 2.499720e+00
7 10 3.111180e+00
7 11 3.837400e+00
7 12 4.715210e+00
7 13 5.754950e+00
7 14 6.984440e+00
7 15 8.368150e+00
7 16 9.942350e+00
7 17 1.164190e+01
7 18 1.340510e+01
7 19 1.511170e+01
7 20 1.673860e+01
7 21 1.781810e+01
7 22 1.845790e+01
7 23 1.857540e+01
7 24 1.851850e+01
7 25 1.841840e+01
7 26 1.891050e+01
7 27 2.042490e+01
7 28 2.266890e+01
7 29 2.443470e+01
7 30 2.462430e+01
7 31 2.306030e+01
7 32 2.010270e+01
7 33 1.610000e+01
7 34 1.149200e+01
7 35 7.121110e+00
7 36 3.760750e+00
7 37 1.641810e+00
7 38 5.608590e-01
7 39 1.380950e-01
7 40 2.433700e-02
8 1 4.907500e-01
8 2 2.021370e-01
8 3 3.031680e-01
8 4 4.212650e-01
8 5 6.123060e-01
8 6 8.768900e-01
8 7 1.251960e+00
8 8 1.765410e+00
8 9 2.242780e+00
8 10 2.790600e+00
8 11 3.440080e+00
8 12 4.227350e+00
8 13 5.159190e+00
8 14 6.265170e+00
8 15 7.505610e+00
8 16 8.916090e+00
8 17 1.043690e+01
8 18 1.201680e+01
8 19 1.354330e+01
8 20 1.499960e+01
8 21 1.596620e+01
8 22 1.655260e+01
8 23 1.664610e+01
8 24 1.658160e+01
8 25 1.648880e+01
8 26 1.690850e+01
8 27 1.824030e+01
8 28 2.023060e+01
8 29 2.180330e+01
8 30 2.197170e+01
8 31 2.057460e+01
8 32 1.793380e+01
8 33 1.436250e+01
8 34 1.025170e+01
8 35 6.352280e+00
8 36 3.354540e+00
8 37 1.464420e+00
8 38 5.002420e-01
8 39 1.231730e-01
8 40 2.170680e-02
9 1 3.998060e-01
9 2 1.623650e-01
9 3 2.399570e-01
9 4 3.280530e-01
9 5 4.709280e-01
9 6 6.726720e-01
9 7 9.620830e-01
9 8 1.392830e+00
9 9 1.961780e+00
9 10 2.509800e+00
9 11 3.094110e+00
9 12 3.801500e+00
9 13 4.640450e+00
9 14 5.636310e+00
9 15 6.751220e+00
9 16 8.018330e+00
9 17 9.381510e+00
9 18 1.080100e+01
9 19 1.216910e+01
9 20 1.347580e+01
9 21 1.435130e+01
9 22 1.487650e+01
9 23 1.493270e+01
9 24 1.488330e+01
9 25 1.479510e+01
9 26 1.514710e+01
9 27 1.631580e+01
9 28 1.808070e+01
9 29 1.948260e+01
9 30 1.963230e+01
9 31 1.838210e+01
9 32 1.602070e+01
9 33 1.282970e+01
9 34 9.157540e+00
9 35 5.674040e+00
9 36 2.996150e+00
9 37 1.307910e+00
9 38 4.467540e-01
9 39 1.100080e-01
9 40 1.938670e-02
10 1 3.092790e-01
10 2 1.259620e-01
10 3 1.870770e-01
10 4 2.582450e-01
10 5 3.746590e-01
10 6 5.362100e-01
10 7 7.587820e-01
10 8 1.083000e+00
10 9 1.554440e+00
10 10 2.202590e+00
10 11 2.788350e+00
10 12 3.420710e+00
10 13 4.175460e+00
10 14 5.073590e+00
10 15 6.080720e+00
10 16 7.218840e+00
10 17 8.440650e+00
10 18 9.717880e+00
10 19 1.094860e+01
10 20 1.211570e+01
10 21 1.291330e+01
10 22 1.338790e+01
10 23 1.342110e+01
10 24 1.337000e+01
10 25 1.328490e+01
10 26 1.357380e+01
10 27 1.459430e+01
10 28 1.615510e+01
10 29 1.740350e+01
10 30 1.753650e+01
10 31 1.641780e+01
10 32 1.430620e+01
10 33 1.145610e+01
10 34 8.177020e+00
10 35 5.066170e+00
10 36 2.674930e+00
10 37 1.167630e+00
10 38 3.988100e-01
10 39 9.820560e-02
10 40 1.730620e-02
11 1 2.348110e-01
11 2 9.527830e-02
11 3 1.412580e-01
11 4 1.946480e-01
11 5 2.826320e-01
11 6 4.088480e-01
11 7 5.901700e-01
11 8 8.517140e-01
11 9 1.212980e+00
11 10 1.746560e+00
11 11 2.453110e+00
11 12 3.090610e+00
11 13 3.763920e+00
11 14 4.574720e+00
11 15 5.488050e+00
11 16 6.512950e+00
11 17 7.615040e+00
11 18 8.765600e+00
11 19 9.878230e+00
11 20 1.091690e+01
11 21 1.164750e+01
11 22 1.207620e+01
11 23 1.209590e+01
11 24 1.203350e+01
11 25 1.194330e+01
11 26 1.217680e+01
11 27 1.306470e+01
11 28 1.444140e+01
11 29 1.555270e+01
11 30 1.567080e+01
11 31 1.466890e+01
11 32 1.277960e+01
11 33 1.023280e+01
11 34 7.303800e+00
11 35 4.524790e+00
11 36 2.388820e+00
11 37 1.042670e+00
11 38 3.560990e-01
11 39 8.769280e-02
11 40 1.545260e-02
12 1 1.894330e-01
12 2 7.683780e-02
12 3 1.136160e-01
12 4 1.551530e-01
12 5 2.228330e-01
12 6 3.180470e-01
12 7 4.538820e-01
12 8 6.533320e-01
12 9 9.383830e-01
12 10 1.358550e+00
12 11 1.950070e+00
12 12 2.727870e+00
12 13 3.413730e+00
12 14 4.139980e+00
12 15 4.969440e+00
12 16 5.897970e+00
12 17 6.901180e+00
12 18 7.943050e+00
12 19 8.951130e+00
12 20 9.879670e+00
12 21 1.055200e+01
12 22 1.093610e+01
12 23 1.094500e+01
12 24 1.087010e+01
12 25 1.076500e+01
12 26 1.094970e+01
12 27 1.172040e+01
12 28 1.293180e+01
12 29 1.392180e+01
12 30 1.402670e+01
12 31 1.312740e+01
12 32 1.143370e+01
12 33 9.154190e+00
12 34 6.533850e+00
12 35 4.047400e+00
12 36 2.136470e+00
12 37 9.324570e-01
12 38 3.184220e-01
12 39 7.842020e-02
12 40 1.381760e-02
13 1 1.368400e-01
13 2 5.580220e-02
13 3 8.249810e-02
13 4 1.125840e-01
13 5 1.622880e-01
13 6 2.323770e-01
13 7 3.341780e-01
13 8 4.869400e-01
13 9 7.057090e-01
13 10 1.026320e+00
13 11 1.487150e+00
13 12 2.154240e+00
13 13 3.021330e+00
13 14 3.765040e+00
13 15 4.511210e+00
13 16 5.357610e+00
13 17 6.269110e+00
13 18 7.224190e+00
13 19 8.142000e+00
13 20 8.972270e+00
13 21 9.596310e+00
13 22 9.935370e+00
13 23 9.933500e+00
13 24 9.840340e+00
13 25 9.729610e+00
13 26 9.858520e+00
13 27 1.051820e+01
13 28 1.157860e+01
13 29 1.245920e+01
13 30 1.255250e+01
13 31 1.174490e+01
13 32 1.022640e+01
13 33 8.186530e+00
13 34 5.843110e+00
13 35 3.619070e+00
13 36 1.910020e+00
13 37 8.335480e-01
13 38 2.846050e-01
13 39 7.009760e-02
13 40 1.235000e-02
14 1 1.128580e-01
14 2 4.556340e-02
14 3 6.760680e-02
14 4 9.274310e-02
14 5 1.331550e-01
14 6 1.898860e-01
14 7 2.700020e-01
14 8 3.864370e-01
14 9 5.513010e-01
14 10 7.966850e-01
14 11 1.147850e+00
14 12 1.654790e+00
14 13 2.388620e+00
14 14 3.353830e+00
14 15 4.129120e+00
14 16 4.899950e+00
14 17 5.728900e+00
14 18 6.608110e+00
14 19 7.462010e+00
14 20 8.206630e+00
14 21 8.793940e+00
14 22 9.084440e+00
14 23 9.080520e+00
14 24 8.959280e+00
14 25 8.847100e+00
14 26 8.916580e+00
14 27 9.474020e+00
14 28 1.039910e+01
14 29 1.118280e+01
14 30 1.126580e+01
14 31 1.053800e+01
14 32 9.172020e+00
14 33 7.341190e+00
14 34 5.239660e+00
14 35 3.244820e+00
14 36 1.712100e+00
14 37 7.470920e-01
14 38 2.550370e-01
14 39 6.282170e-02
14 40 1.106680e-02
15 1 8.654260e-02
15 2 3.509770e-02
15 3 5.186090e-02
15 4 7.070100e-02
15 5 1.012310e-01
15 6 1.438710e-01
15 7 2.041650e-01
15 8 2.930330e-01
15 9 4.191580e-01
15 10 6.053610e-01
15 11 8.676030e-01
15 12 1.252090e+00
15 13 1.813170e+00
15 14 2.632820e+00
15 15 3.693670e+00
15 16 4.516010e+00
15 17 5.288300e+00
15 18 6.062980e+00
15 19 6.857290e+00
15 20 7.555160e+00
15 21 8.104270e+00
15 22 8.359340e+00
15 23 8.365050e+00
15 24 8.190030e+00
15 25 8.079890e+00
15 26 8.080280e+00
15 27 8.544480e+00
15 28 9.349070e+00
15 29 1.004510e+01
15 30 1.011900e+01
15 31 9.461840e+00
15 32 8.231610e+00
15 33 6.586980e+00
15 34 4.701280e+00
15 35 2.910810e+00
15 36 1.535420e+00
15 37 6.699020e-01
15 38 2.286320e-01
15 39 5.632590e-02
15 40 9.921070e-03
16 1 6.417560e-02
16 2 2.601860e-02
16 3 3.845540e-02
16 4 5.248180e-02
16 5 7.521430e-02
16 6 1.069710e-01
16 7 1.513130e-01
16 8 2.157890e-01
16 9 3.075720e-01
16 10 4.452230e-01
16 11 6.449470e-01
16 12 9.343700e-01
16 13 1.353910e+00
16 14 1.974930e+00
16 15 2.878580e+00
16 16 4.056820e+00
16 17 4.911780e+00
16 18 5.638420e+00
16 19 6.334180e+00
16 20 7.016440e+00
16 21 7.511530e+00
16 22 7.757900e+00
16 23 7.753470e+00
16 24 7.546100e+00
16 25 7.429380e+00
16 26 7.362790e+00
16 27 7.731690e+00
16 28 8.424430e+00
16 29 9.041200e+00
16 30 9.107580e+00
16 31 8.512480e+00
16 32 7.401600e+00
16 33 5.920990e+00
16 34 4.225890e+00
16 35 2.615820e+00
16 36 1.379330e+00
16 37 6.016920e-01
16 38 2.052880e-01
16 39 5.058410e-02
16 40 8.908250e-03
17 1 4.977650e-02
17 2 2.019410e-02
17 3 2.976850e-02
17 4 4.070290e-02
17 5 5.833430e-02
17 6 8.270970e-02
17 7 1.170800e-01
17 8 1.665310e-01
17 9 2.360050e-01
17 10 3.389780e-01
17 11 4.859500e-01
17 12 7.021110e-01
17 13 1.015950e+00
17 14 1.477390e+00
17 15 2.147400e+00
17 16 3.143390e+00
17 17 4.430230e+00
17 18 5.287520e+00
17 19 5.946650e+00
17 20 6.573610e+00
17 21 7.028240e+00
17 22 7.273130e+00
17 23 7.246990e+00
17 24 7.032430e+00
17 25 6.846090e+00
17 26 6.751650e+00
17 27 7.014640e+00
17 28 7.610050e+00
17 29 8.154930e+00
17 30 8.214730e+00
17 31 7.674340e+00
17 32 6.668260e+00
17 33 5.332170e+00
17 34 3.805550e+00
17 35 2.354960e+00
17 36 1.241200e+00
17 37 5.413180e-01
17 38 1.846170e-01
17 39 4.550040e-02
17 40 8.011540e-03
18 1 3.617030e-02
18 2 1.468660e-02
18 3 2.164150e-02
18 4 2.956470e-02
18 5 4.242910e-02
18 6 6.014350e-02
18 7 8.505880e-02
18 8 1.210910e-01
18 9 1.709270e-01
18 10 2.448070e-01
18 11 3.512210e-01
18 12 5.083310e-01
18 13 7.384240e-01
18 14 1.075260e+00
18 15 1.566250e+00
18 16 2.300160e+00
18 17 3.394000e+00
18 18 4.816340e+00
18 19 5.667140e+00
18 20 6.240560e+00
18 21 6.651370e+00
18 22 6.906030e+00
18 23 6.862450e+00
18 24 6.639710e+00
18 25 6.358240e+00
18 26 6.243530e+00
18 27 6.399060e+00
18 28 6.895340e+00
18 29 7.374520e+00
18 30 7.429130e+00
18 31 6.937130e+00
18 32 6.022580e+00
18 33 4.813250e+00
18 34 3.435100e+00
18 35 2.125070e+00
18 36 1.119330e+00
18 37 4.880330e-01
18 38 1.663730e-01
18 39 4.101240e-02
18 40 7.219910e-03
19 1 2.495480e-02
19 2 1.014090e-02
19 3 1.496380e-02
19 4 2.037960e-02
19 5 2.931460e-02
19 6 4.163620e-02
19 7 5.878030e-02
19 8 8.402270e-02
19 9 1.189720e-01
19 10 1.696350e-01
19 11 2.429420e-01
19 12 3.507070e-01
19 13 5.112600e-01
19 14 7.540460e-01
19 15 1.110680e+00
19 16 1.639470e+00
19 17 2.433010e+00
19 18 3.646120e+00
19 19 5.198820e+00
19 20 6.031340e+00
19 21 6.402110e+00
19 22 6.640940e+00
19 23 6.617990e+00
19 24 6.379480e+00
19 25 6.034860e+00
19 26 5.833120e+00
19 27 5.900080e+00
19 28 6.275640e+00
19 29 6.695410e+00
19 30 6.748410e+00
19 31 6.298990e+00
19 32 5.462760e+00
19 33 4.362890e+00
19 34 3.113650e+00
19 35 1.925580e+00
19 36 1.013440e+00
19 37 4.416890e-01
19 38 1.505100e-01
19 39 3.710770e-02
19 40 6.529110e-03
20 1 1.856330e-02
20 2 7.522580e-03
20 3 1.109130e-02
20 4 1.513190e-02
20 5 2.169750e-02
20 6 3.085670e-02
20 7 4.374220e-02
20 8 6.230640e-02
20 9 8.825840e-02
20 10 1.262370e-01
20 11 1.801280e-01
20 12 2.582660e-01
20 13 3.716370e-01
20 14 5.404030e-01
20 15 7.901860e-01
20 16 1.168770e+00
20 17 1.730930e+00
20 18 2.581550e+00
20 19 3.890940e+00
20 20 5.578690e+00
20 21 6.306060e+00
20 22 6.483360e+00
20 23 6.487740e+00
20 24 6.225080e+00
20 25 5.868330e+00
20 26 5.515100e+00
20 27 5.492180e+00
20 28 5.740590e+00
20 29 6.097150e+00
20 30 6.152290e+00
20 31 5.740530e+00
20 32 4.971880e+00
20 33 3.967490e+00
20 34 2.831420e+00
20 35 1.750340e+00
20 36 9.203370e-01
20 37 4.008570e-01
20 38 1.365490e-01
20 39 3.366650e-02
20 40 5.917910e-03
21 1 1.318440e-02
21 2 5.342240e-03
21 3 7.881100e-03
21 4 1.074260e-02
21 5 1.531440e-02
21 6 2.170100e-02
21 7 3.077140e-02
21 8 4.394030e-02
21 9 6.232560e-02
21 10 8.934470e-02
21 11 1.276750e-01
21 12 1.825600e-01
21 13 2.628230e-01
21 14 3.809300e-01
21 15 5.541940e-01
21 16 8.142030e-01
21 17 1.204230e+00
21 18 1.788590e+00
21 19 2.680160e+00
21 20 4.106840e+00
21 21 5.971980e+00
21 22 6.549920e+00
21 23 6.477050e+00
21 24 6.202230e+00
21 25 5.801930e+00
21 26 5.317540e+00
21 27 5.166950e+00
21 28 5.307790e+00
21 29 5.584150e+00
21 30 5.639800e+00
21 31 5.260870e+00
21 32 4.550230e+00
21 33 3.626780e+00
21 34 2.588270e+00
21 35 1.599220e+00
21 36 8.400330e-01
21 37 3.654970e-01
21 38 1.244850e-01
21 39 3.068150e-02
21 40 5.390160e-03
22 1 8.956560e-03
22 2 3.635710e-03
22 3 5.345470e-03
22 4 7.321210e-03
22 5 1.047960e-02
22 6 1.479720e-02
22 7 2.095780e-02
22 8 2.998530e-02
22 9 4.250760e-02
22 10 6.084900e-02
22 11 8.694270e-02
22 12 1.241160e-01
22 13 1.783320e-01
22 14 2.577850e-01
22 15 3.737620e-01
22 16 5.483640e-01
22 17 8.099500e-01
22 18 1.207690e+00
22 19 1.816390e+00
22 20 2.769720e+00
22 21 4.314250e+00
22 22 6.294580e+00
22 23 6.713140e+00
22 24 6.346580e+00
22 25 5.856700e+00
22 26 5.293410e+00
22 27 4.941830e+00
22 28 4.962380e+00
22 29 5.157710e+00
22 30 5.201020e+00
22 31 4.858520e+00
22 32 4.194250e+00
22 33 3.338190e+00
22 34 2.382420e+00
22 35 1.471120e+00
22 36 7.719020e-01
22 37 3.353500e-01
22 38 1.142280e-01
22 39 2.798410e-02
22 40 4.950880e-03
23 1 5.777390e-03
23 2 2.346710e-03
23 3 3.454790e-03
23 4 4.715670e-03
23 5 6.775670e-03
23 6 9.599610e-03
23 7 1.357720e-02
23 8 1.938540e-02
23 9 2.742700e-02
23 10 3.922940e-02
23 11 5.600120e-02
23 12 8.014560e-02
23 13 1.150640e-01
23 14 1.661540e-01
23 15 2.403400e-01
23 16 3.523820e-01
23 17 5.214580e-01
23 18 7.807680e-01
23 19 1.180300e+00
23 20 1.803850e+00
23 21 2.791930e+00
23 22 4.464820e+00
23 23 6.617740e+00
23 24 6.807830e+00
23 25 6.134610e+00
23 26 5.456560e+00
23 27 4.878790e+00
23 28 4.704140e+00
23 29 4.810850e+00
23 30 4.835640e+00
23 31 4.522590e+00
23 32 3.898520e+00
23 33 3.096720e+00
23 34 2.210010e+00
23 35 1.363940e+00
23 36 7.145890e-01
23 37 3.099560e-01
23 38 1.055920e-01
23 39 2.576290e-02
23 40 4.574640e-03
24 1 3.839690e-03
24 2 1.555190e-03
24 3 2.294720e-03
24 4 3.137390e-03
24 5 4.487260e-03
24 6 6.369390e-03
24 7 9.020570e-03
24 8 1.281440e-02
24 9 1.812250e-02
24 10 2.591240e-02
24 11 3.685140e-02
24 12 5.263610e-02
24 13 7.550410e-02
24 14 1.088880e-01
24 15 1.572510e-01
24 16 2.294850e-01
24 17 3.373860e-01
24 18 5.014590e-01
24 19 7.537230e-01
24 20 1.149050e+00
24 21 1.774510e+00
24 22 2.798130e+00
24 23 4.576380e+00
24 24 6.934070e+00
24 25 6.828430e+00
24 26 5.836620e+00
24 27 5.040000e+00
24 28 4.594500e+00
24 29 4.549330e+00
24 30 4.549330e+00
24 31 4.252660e+00
24 32 3.663420e+00
24 33 2.901730e+00
24 34 2.070520e+00
24 35 1.277350e+00
24 36 6.677940e-01
24 37 2.892070e-01
24 38 9.851310e-02
24 39 2.407570e-02
24 40 4.263190e-03
25 1 2.605320e-03
25 2 1.055610e-03
25 3 1.556200e-03
25 4 2.124790e-03
25 5 3.042560e-03
25 6 4.313820e-03
25 7 6.098720e-03
25 8 8.670660e-03
25 9 1.224540e-02
25 10 1.746260e-02
25 11 2.481110e-02
25 12 3.532370e-02
25 13 5.039880e-02
25 14 7.233190e-02
25 15 1.038820e-01
25 16 1.503730e-01
25 17 2.194220e-01
25 18 3.235260e-01
25 19 4.818800e-01
25 20 7.269750e-01
25 21 1.113800e+00
25 22 1.736850e+00
25 23 2.777520e+00
25 24 4.658750e+00
25 25 7.184790e+00
25 26 6.753850e+00
25 27 5.498510e+00
25 28 4.693310e+00
25 29 4.398180e+00
25 30 4.337350e+00
25 31 4.064810e+00
25 32 3.491930e+00
25 33 2.755350e+00
25 34 1.964330e+00
25 35 1.211630e+00
25 36 6.319420e-01
25 37 2.731020e-01
25 38 9.297060e-02
25 39 2.284590e-02
25 40 4.018700e-03
26 1 1.775740e-03
26 2 7.174370e-04
26 3 1.059190e-03
26 4 1.446950e-03
26 5 2.063690e-03
26 6 2.928010e-03
26 7 4.138710e-03
26 8 5.851270e-03
26 9 8.254400e-03
26 10 1.172670e-02
26 11 1.656680e-02
26 12 2.356060e-02
26 13 3.360920e-02
26 14 4.791410e-02
26 15 6.825830e-02
26 16 9.795020e-02
26 17 1.408970e-01
26 18 2.046760e-01
26 19 3.000810e-01
26 20 4.483790e-01
26 21 6.807270e-01
26 22 1.055300e+00
26 23 1.667190e+00
26 24 2.712540e+00
26 25 4.698630e+00
26 26 7.368940e+00
26 27 6.622140e+00
26 28 5.155060e+00
26 29 4.423180e+00
26 30 4.197950e+00
26 31 3.945970e+00
26 32 3.385950e+00
26 33 2.660390e+00
26 34 1.892480e+00
26 35 1.167420e+00
26 36 6.071820e-01
26 37 2.615010e-01
26 38 8.893740e-02
26 39 2.189300e-02
26 40 3.845060e-03
27 1 1.390570e-03
27 2 5.629640e-04
27 3 8.287440e-04
27 4 1.130670e-03
27 5 1.617610e-03
27 6 2.288390e-03
27 7 3.228680e-03
27 8 4.578050e-03
27 9 6.428750e-03
27 10 9.112750e-03
27 11 1.283530e-02
27 12 1.809260e-02
27 13 2.559540e-02
27 14 3.661420e-02
27 15 5.208030e-02
27 16 7.413710e-02
27 17 1.055470e-01
27 18 1.511980e-01
27 19 2.173400e-01
27 20 3.156310e-01
27 21 4.632390e-01
27 22 6.904780e-01
27 23 1.047680e+00
27 24 1.631620e+00
27 25 2.656320e+00
27 26 4.683540e+00
27 27 7.541830e+00
27 28 6.406390e+00
27 29 4.820650e+00
27 30 4.194660e+00
27 31 3.893480e+00
27 32 3.354370e+00
27 33 2.623040e+00
27 34 1.859420e+00
27 35 1.147280e+00
27 36 5.947910e-01
27 37 2.549940e-01
27 38 8.662790e-02
27 39 2.136600e-02
27 40 3.747230e-03
28 1 1.110740e-03
28 2 4.494970e-04
28 3 6.619560e-04
28 4 9.024130e-04
28 5 1.290760e-03
28 6 1.826420e-03
28 7 2.575010e-03
28 8 3.650990e-03
28 9 5.134980e-03
28 10 7.281920e-03
28 11 1.026400e-02
28 12 1.440610e-02
28 13 2.018270e-02
28 14 2.846260e-02
28 15 4.029050e-02
28 16 5.739260e-02
28 17 8.172340e-02
28 18 1.160680e-01
28 19 1.653180e-01
28 20 2.359140e-01
28 21 3.382750e-01
28 22 4.901500e-01
28 23 7.181820e-01
28 24 1.065470e+00
28 25 1.622900e+00
28 26 2.610750e+00
28 27 4.656070e+00
28 28 7.656970e+00
28 29 6.143680e+00
28 30 4.514020e+00
28 31 3.938960e+00
28 32 3.408340e+00
28 33 2.658270e+00
28 34 1.875050e+00
28 35 1.157030e+00
28 36 5.978050e-01
28 37 2.550930e-01
28 38 8.647330e-02
28 39 2.132170e-02
28 40 3.737130e-03
29 1 8.626700e-04
29 2 3.493020e-04
29 3 5.142780e-04
29 4 7.005020e-04
29 5 1.002860e-03
29 6 1.418630e-03
29 7 1.998420e-03
29 8 2.835830e-03
29 9 3.987030e-03
29 10 5.651580e-03
29 11 7.991000e-03
29 12 1.128200e-02
29 13 1.591850e-02
29 14 2.258250e-02
29 15 3.186020e-02
29 16 4.501580e-02
29 17 6.367820e-02
29 18 8.979180e-02
29 19 1.268590e-01
29 20 1.798070e-01
29 21 2.550930e-01
29 22 3.638930e-01
29 23 5.213930e-01
29 24 7.539980e-01
29 25 1.102530e+00
29 26 1.645200e+00
29 27 2.587070e+00
29 28 4.633090e+00
29 29 7.664180e+00
29 30 5.858250e+00
29 31 4.228990e+00
29 32 3.568030e+00
29 33 2.789230e+00
29 34 1.952780e+00
29 35 1.205220e+00
29 36 6.210710e-01
29 37 2.632100e-01
29 38 8.882730e-02
29 39 2.190380e-02
29 40 3.842980e-03
30 1 6.954090e-04
30 2 2.814220e-04
30 3 4.141710e-04
30 4 5.623570e-04
30 5 8.027590e-04
30 6 1.134490e-03
30 7 1.598610e-03
30 8 2.275260e-03
30 9 3.214890e-03
30 10 4.554910e-03
30 11 6.441010e-03
30 12 9.102300e-03
30 13 1.281490e-02
30 14 1.818050e-02
30 15 2.567460e-02
30 16 3.626530e-02
30 17 5.141090e-02
30 18 7.280820e-02
30 19 1.028790e-01
30 20 1.458640e-01
30 21 2.061830e-01
30 22 2.927170e-01
30 23 4.168710e-01
30 24 5.956400e-01
30 25 8.523070e-01
30 26 1.217050e+00
30 27 1.749310e+00
30 28 2.623310e+00
30 29 4.560290e+00
30 30 7.669030e+00
30 31 5.508080e+00
30 32 3.911520e+00
30 33 3.050060e+00
30 34 2.121440e+00
30 35 1.304100e+00
30 36 6.721610e-01
30 37 2.823460e-01
30 38 9.468060e-02
30 39 2.338750e-02
30 40 4.104640e-03
31 1 5.461860e-04
31 2 2.208750e-04
31 3 3.259280e-04
31 4 4.432140e-04
31 5 6.336420e-04
31 6 8.958960e-04
31 7 1.251660e-03
31 8 1.762330e-03
31 9 2.478160e-03
31 10 3.528930e-03
31 11 5.009620e-03
31 12 7.100900e-03
31 13 1.005160e-02
31 14 1.426150e-02
31 15 2.013040e-02
31 16 2.851650e-02
31 17 4.024450e-02
31 18 5.692890e-02
31 19 8.060100e-02
31 20 1.140940e-01
31 21 1.614670e-01
31 22 2.283640e-01
31 23 3.234500e-01
31 24 4.599080e-01
31 25 6.564170e-01
31 26 9.385410e-01
31 27 1.333460e+00
31 28 1.882700e+00
31 29 2.711390e+00
31 30 4.515360e+00
31 31 7.583940e+00
31 32 5.119070e+00
31 33 3.502000e+00
31 34 2.432290e+00
31 35 1.479830e+00
31 36 7.652560e-01
31 37 3.183100e-01
31 38 1.058130e-01
31 39 2.608970e-02
31 40 4.621160e-03
32 1 4.230950e-04
32 2 1.708980e-04
32 3 2.521830e-04
32 4 3.437770e-04
32 5 4.904780e-04
32 6 6.953180e-04
32 7 9.802210e-04
32 8 1.386010e-03
32 9 1.952510e-03
32 10 2.768430e-03
32 11 3.894680e-03
32 12 5.498620e-03
32 13 7.751700e-03
32 14 1.096390e-02
32 15 1.551940e-02
32 16 2.196130e-02
32 17 3.102650e-02
32 18 4.390170e-02
32 19 6.203470e-02
32 20 8.781010e-02
32 21 1.239700e-01
32 22 1.751980e-01
32 23 2.473150e-01
32 24 3.497110e-01
32 25 4.965980e-01
32 26 7.077550e-01
32 27 1.010010e+00
32 28 1.434450e+00
32 29 2.018340e+00
32 30 2.839840e+00
32 31 4.510550e+00
32 32 7.371220e+00
32 33 4.719560e+00
32 34 2.987030e+00
32 35 1.798390e+00
32 36 9.266480e-01
32 37 3.835520e-01
32 38 1.257360e-01
32 39 3.097950e-02
32 40 5.509220e-03
33 1 3.273890e-04
33 2 1.323040e-04
33 3 1.949490e-04
33 4 2.661640e-04
33 5 3.797110e-04
33 6 5.374910e-04
33 7 7.588900e-04
33 8 1.072980e-03
33 9 1.509220e-03
33 10 2.143810e-03
33 11 3.019400e-03
33 12 4.263160e-03
33 13 6.025670e-03
33 14 8.509790e-03
33 15 1.199940e-02
33 16 1.699060e-02
33 17 2.396170e-02
33 18 3.386680e-02
33 19 4.790490e-02
33 20 6.762330e-02
33 21 9.536660e-02
33 22 1.345940e-01
33 23 1.897980e-01
33 24 2.674050e-01
33 25 3.765150e-01
33 26 5.329660e-01
33 27 7.560880e-01
33 28 1.072130e+00
33 29 1.514380e+00
33 30 2.126300e+00
33 31 2.962300e+00
33 32 4.477520e+00
33 33 7.156100e+00
33 34 4.272770e+00
33 35 2.395380e+00
33 36 1.216650e+00
33 37 5.031070e-01
33 38 1.618180e-01
33 39 3.964290e-02
33 40 7.113660e-03
34 1 2.550730e-04
34 2 1.032460e-04
34 3 1.520690e-04
34 4 2.071290e-04
34 5 2.963000e-04
34 6 4.192820e-04
34 7 5.905570e-04
34 8 8.372340e-04
34 9 1.177310e-03
34 10 1.668220e-03
34 11 2.355820e-03
34 12 3.325550e-03
34 13 4.688600e-03
34 14 6.638900e-03
34 15 9.355800e-03
34 16 1.319890e-02
34 17 1.862610e-02
34 18 2.629220e-02
34 19 3.709160e-02
34 20 5.242030e-02
34 21 7.421710e-02
34 22 1.048040e-01
34 23 1.480210e-01
34 24 2.083730e-01
34 25 2.929320e-01
34 26 4.119040e-01
34 27 5.796970e-01
34 28 8.138630e-01
34 29 1.139540e+00
34 30 1.588710e+00
34 31 2.208580e+00
34 32 3.061290e+00
34 33 4.502220e+00
34 34 6.829270e+00
34 35 3.758220e+00
34 36 1.788930e+00
34 37 7.351810e-01
34 38 2.323440e-01
34 39 5.599960e-02
34 40 1.013230e-02
35 1 1.985310e-04
35 2 8.030320e-05
35 3 1.183720e-04
35 4 1.612560e-04
35 5 2.304470e-04
35 6 3.263390e-04
35 7 4.597300e-04
35 8 6.510980e-04
35 9 9.161990e-04
35 10 1.298450e-03
35 11 1.831180e-03
35 12 2.584820e-03
35 13 3.636990e-03
35 14 5.132730e-03
35 15 7.230940e-03
35 16 1.023880e-02
35 17 1.453220e-02
35 18 2.047140e-02
35 19 2.885690e-02
35 20 4.084650e-02
35 21 5.758850e-02
35 22 8.137540e-02
35 23 1.145360e-01
35 24 1.614620e-01
35 25 2.273720e-01
35 26 3.190190e-01
35 27 4.472310e-01
35 28 6.254420e-01
35 29 8.721640e-01
35 30 1.206960e+00
35 31 1.656830e+00
35 32 2.267000e+00
35 33 3.111130e+00
35 34 4.439720e+00
35 35 6.545040e+00
35 36 3.182880e+00
35 37 1.231940e+00
35 38 3.858460e-01
35 39 8.980670e-02
35 40 1.632780e-02
36 1 1.510230e-04
36 2 6.099680e-05
36 3 9.013140e-05
36 4 1.227170e-04
36 5 1.750270e-04
36 6 2.484540e-04
36 7 3.498230e-04
36 8 4.944230e-04
36 9 6.973860e-04
36 10 9.878060e-04
36 11 1.390470e-03
36 12 1.968560e-03
36 13 2.774110e-03
36 14 3.914550e-03
36 15 5.533530e-03
36 16 7.809170e-03
36 17 1.099360e-02
36 18 1.553920e-02
36 19 2.184330e-02
36 20 3.068440e-02
36 21 4.342740e-02
36 22 6.137950e-02
36 23 8.616470e-02
36 24 1.213780e-01
36 25 1.701970e-01
36 26 2.381590e-01
36 27 3.324230e-01
36 28 4.632720e-01
36 29 6.455500e-01
36 30 8.976760e-01
36 31 1.241370e+00
36 32 1.699720e+00
36 33 2.305970e+00
36 34 3.125100e+00
36 35 4.399470e+00
36 36 6.171900e+00
36 37 2.633630e+00
36 38 7.768050e-01
36 39 1.743230e-01
36 40 3.108240e-02
37 1 1.191210e-04
37 2 4.823160e-05
37 3 7.107960e-05
37 4 9.681840e-05
37 5 1.383960e-04
37 6 1.959340e-04
37 7 2.759630e-04
37 8 3.909190e-04
37 9 5.499050e-04
37 10 7.790860e-04
37 11 1.099210e-03
37 12 1.551900e-03
37 13 2.187220e-03
37 14 3.093510e-03
37 15 4.359450e-03
37 16 6.150320e-03
37 17 8.676620e-03
37 18 1.224570e-02
37 19 1.720090e-02
37 20 2.413960e-02
37 21 3.378530e-02
37 22 4.768870e-02
37 23 6.722110e-02
37 24 9.496930e-02
37 25 1.328340e-01
37 26 1.855920e-01
37 27 2.572160e-01
37 28 3.572900e-01
37 29 4.948550e-01
37 30 6.819570e-01
37 31 9.336600e-01
37 32 1.271960e+00
37 33 1.724020e+00
37 34 2.325600e+00
37 35 3.126380e+00
37 36 4.365280e+00
37 37 5.527950e+00
37 38 2.247300e+00
37 39 4.518590e-01
37 40 7.549480e-02
38 1 9.696390e-05
38 2 3.914270e-05
38 3 5.817120e-05
38 4 7.873560e-05
38 5 1.123110e-04
38 6 1.603500e-04
38 7 2.244450e-04
38 8 3.172120e-04
38 9 4.500200e-04
38 10 6.336770e-04
38 11 8.918580e-04
38 12 1.269940e-03
38 13 1.779010e-03
38 14 2.509570e-03
38 15 3.567820e-03
38 16 5.004540e-03
38 17 7.041060e-03
38 18 1.001480e-02
38 19 1.398410e-02
38 20 1.960220e-02
38 21 2.778030e-02
38 22 3.932330e-02
38 23 5.518300e-02
38 24 7.746050e-02
38 25 1.082020e-01
38 26 1.508820e-01
38 27 2.081210e-01
38 28 2.881340e-01
38 29 3.963090e-01
38 30 5.432100e-01
38 31 7.366010e-01
38 32 9.906350e-01
38 33 1.319440e+00
38 34 1.748670e+00
38 35 2.321490e+00
38 36 3.093980e+00
38 37 4.469950e+00
38 38 4.792460e+00
38 39 1.822440e+00
38 40 2.655530e-01
39 1 7.578680e-05
39 2 3.062170e-05
39 3 4.537820e-05
39 4 6.169820e-05
39 5 8.786220e-05
39 6 1.250730e-04
39 7 1.758690e-04
39 8 2.481560e-04
39 9 3.509780e-04
39 10 4.964830e-04
39 11 6.976460e-04
39 12 9.902580e-04
39 13 1.393580e-03
39 14 1.962790e-03
39 15 2.781850e-03
39 16 3.920140e-03
39 17 5.504950e-03
39 18 7.805110e-03
39 19 1.099640e-02
39 20 1.547570e-02
39 21 2.182620e-02
39 22 3.066110e-02
39 23 4.307850e-02
39 24 6.031970e-02
39 25 8.405340e-02
39 26 1.172890e-01
39 27 1.620380e-01
39 28 2.246050e-01
39 29 3.075680e-01
39 30 4.208260e-01
39 31 5.732120e-01
39 32 7.709360e-01
39 33 1.024930e+00
39 34 1.353090e+00
39 35 1.761760e+00
39 36 2.283520e+00
39 37 3.012490e+00
39 38 4.310150e+00
39 39 4.766700e+00
39 40 1.313880e+00
40 1 6.015080e-05
40 2 2.442310e-05
40 3 3.588440e-05
40 4 4.904540e-05
40 5 7.007790e-05
40 6 9.890480e-05
40 7 1.397810e-04
40 8 1.979310e-04
40 9 2.775420e-04
40 10 3.945490e-04
40 11 5.564450e-04
40 12 7.830110e-04
40 13 1.107220e-03
40 14 1.565360e-03
40 15 2.199170e-03
40 16 3.113570e-03
40 17 4.392040e-03
40 18 6.189820e-03
40 19 8.753340e-03
40 20 1.233020e-02
40 21 1.726500e-02
40 22 2.425740e-02
40 23 3.398690e-02
40 24 4.748370e-02
40 25 6.633110e-02
40 26 9.231220e-02
40 27 1.276030e-01
40 28 1.754770e-01
40 29 2.404160e-01
40 30 3.299600e-01
40 31 4.497960e-01
40 32 6.072650e-01
40 33 8.128750e-01
40 34 1.080770e+00
40 35 1.412790e+00
40 36 1.813370e+00
40 37 2.292030e+00
40 38 2.937200e+00
40 39 4.092770e+00
40 40 5.454570e+00
