1 6.673460e-01
2 6.673230e-01
3 6.672850e-01
4 6.672600e-01
5 6.672420e-01
6 6.673670e-01
7 6.673520e-01
8 6.673050e-01
9 6.672730e-01
10 6.672520e-01
11 6.672370e-01
12 6.672270e-01
13 6.672210e-01
14 6.672170e-01
15 6.672140e-01
16 6.672130e-01
17 6.672120e-01
18 6.672120e-01
19 6.672120e-01
20 6.672130e-01
21 6.672130e-01
22 6.672130e-01
23 6.672140e-01
24 6.672150e-01
25 6.672150e-01
26 6.672160e-01
27 6.672160e-01
28 6.672170e-01
29 6.672170e-01
30 6.672170e-01
31 6.672170e-01
32 6.672180e-01
33 6.672180e-01
34 6.672180e-01
35 6.672180e-01
36 6.672190e-01
37 6.672190e-01
38 6.672190e-01
39 6.672190e-01
40 6.672190e-01
