1 4.997310e+00
2 4.459040e+00
3 3.971240e+00
4 3.538250e+00
5 3.155190e+00
6 2.812160e+00
7 2.506240e+00
8 2.232890e+00
9 1.990750e+00
10 1.773890e+00
11 1.580630e+00
12 1.409170e+00
13 1.255730e+00
14 1.119330e+00
15 9.974240e-01
16 8.891180e-01
17 7.924380e-01
18 7.060660e-01
19 6.295030e-01
20 5.609410e-01
21 4.998940e-01
22 4.456850e-01
23 3.971430e-01
24 3.539390e-01
25 3.155260e-01
26 2.812540e-01
27 2.506380e-01
28 2.233840e-01
29 1.991820e-01
30 1.775130e-01
31 1.582250e-01
32 1.411010e-01
33 1.257700e-01
34 1.121510e-01
35 9.997790e-02
36 8.915820e-02
37 7.956620e-02
38 7.105270e-02
39 6.326850e-02
40 5.635670e-02
