1 5.455210e+02
2 4.873330e+02
3 4.358430e+02
4 3.892860e+02
5 3.488110e+02
6 3.123360e+02
7 2.797010e+02
8 2.507980e+02
9 2.254540e+02
10 2.029210e+02
11 1.829940e+02
12 1.655580e+02
13 1.500020e+02
14 1.365360e+02
15 1.246160e+02
16 1.140830e+02
17 1.049630e+02
18 9.689600e+01
19 8.959370e+01
20 8.296790e+01
21 7.678700e+01
22 7.100170e+01
23 6.545560e+01
24 6.016140e+01
25 5.511520e+01
26 5.037940e+01
27 4.597730e+01
28 4.209920e+01
29 3.886130e+01
30 3.611820e+01
31 3.370600e+01
32 3.161610e+01
33 2.975760e+01
34 2.813200e+01
35 2.667700e+01
36 2.531800e+01
37 2.410470e+01
38 2.311350e+01
39 2.241690e+01
40 2.194020e+01
