1 4.994750e+00
2 4.456750e+00
3 3.969200e+00
4 3.536430e+00
5 3.153560e+00
6 2.810720e+00
7 2.504940e+00
8 2.231740e+00
9 1.989720e+00
10 1.772960e+00
11 1.579810e+00
12 1.408440e+00
13 1.255070e+00
14 1.118740e+00
15 9.968910e-01
16 8.886380e-01
17 7.920040e-01
18 7.056730e-01
19 6.291460e-01
20 5.606140e-01
21 4.995950e-01
22 4.454090e-01
23 3.968860e-01
24 3.536990e-01
25 3.153010e-01
26 2.810420e-01
27 2.504370e-01
28 2.231950e-01
29 1.990060e-01
30 1.773500e-01
31 1.580780e-01
32 1.409710e-01
33 1.256580e-01
34 1.120590e-01
35 9.991810e-02
36 8.914590e-02
37 7.960200e-02
38 7.109510e-02
39 6.327100e-02
40 5.634500e-02
