1 3.288810e+02
2 2.947190e+02
3 2.646350e+02
4 2.376200e+02
5 2.142980e+02
6 1.934250e+02
7 1.749150e+02
8 1.586820e+02
9 1.446130e+02
10 1.323160e+02
11 1.216480e+02
12 1.124860e+02
13 1.044340e+02
14 9.761860e+01
15 9.177570e+01
16 8.675200e+01
17 8.230100e+01
18 7.823050e+01
19 7.445600e+01
20 7.086030e+01
21 6.738960e+01
22 6.387280e+01
23 6.017320e+01
24 5.633020e+01
25 5.235070e+01
26 4.832190e+01
27 4.442600e+01
28 4.087600e+01
29 3.783170e+01
30 3.527430e+01
31 3.307530e+01
32 3.106820e+01
33 2.924840e+01
34 2.774330e+01
35 2.642760e+01
36 2.512550e+01
37 2.384750e+01
38 2.283620e+01
39 2.218390e+01
40 2.176820e+01
