1 1 3.459010e+00
1 2 1.290090e+00
1 3 1.687890e+00
1 4 2.041430e+00
1 5 2.587680e+00
1 6 3.235820e+00
1 7 4.019310e+00
1 8 5.007150e+00
1 9 6.175570e+00
1 10 7.643720e+00
1 11 9.357110e+00
1 12 1.138170e+01
1 13 1.373590e+01
1 14 1.643930e+01
1 15 1.936480e+01
1 16 2.249550e+01
1 17 2.563460e+01
1 18 2.852310e+01
1 19 3.049810e+01
1 20 3.190220e+01
1 21 3.191000e+01
1 22 2.998690e+01
1 23 2.686400e+01
1 24 2.339230e+01
1 25 2.081000e+01
1 26 2.030780e+01
1 27 2.231390e+01
1 28 2.549660e+01
1 29 2.681530e+01
1 30 2.420440e+01
1 31 1.894390e+01
1 32 1.320880e+01
1 33 8.165080e+00
1 34 4.221320e+00
1 35 1.685260e+00
1 36 5.068730e-01
1 37 1.109070e-01
1 38 1.636990e-02
1 39 1.445590e-03
1 40 6.495300e-05
2 1 2.737320e+00
2 2 1.129350e+00
2 3 1.510880e+00
2 4 1.825700e+00
2 5 2.312590e+00
2 6 2.893490e+00
2 7 3.596460e+00
2 8 4.480580e+00
2 9 5.526200e+00
2 10 6.839370e+00
2 11 8.371800e+00
2 12 1.018080e+01
2 13 1.228490e+01
2 14 1.470230e+01
2 15 1.731910e+01
2 16 2.012030e+01
2 17 2.292340e+01
2 18 2.551580e+01
2 19 2.728400e+01
2 20 2.853380e+01
2 21 2.856040e+01
2 22 2.683350e+01
2 23 2.404640e+01
2 24 2.093800e+01
2 25 1.861390e+01
2 26 1.814840e+01
2 27 1.992280e+01
2 28 2.275340e+01
2 29 2.392820e+01
2 30 2.159910e+01
2 31 1.690460e+01
2 32 1.178630e+01
2 33 7.285320e+00
2 34 3.766470e+00
2 35 1.503660e+00
2 36 4.522450e-01
2 37 9.894980e-02
2 38 1.460500e-02
2 39 1.289720e-03
2 40 5.794860e-05
3 1 2.152600e+00
3 2 9.052220e-01
3 3 1.323090e+00
3 4 1.636850e+00
3 5 2.071840e+00
3 6 2.591270e+00
3 7 3.221330e+00
3 8 4.013240e+00
3 9 4.950570e+00
3 10 6.127480e+00
3 11 7.500720e+00
3 12 9.120710e+00
3 13 1.100350e+01
3 14 1.316820e+01
3 15 1.551260e+01
3 16 1.802250e+01
3 17 2.052960e+01
3 18 2.286030e+01
3 19 2.444580e+01
3 20 2.555970e+01
3 21 2.560500e+01
3 22 2.405090e+01
3 23 2.156080e+01
3 24 1.877170e+01
3 25 1.667400e+01
3 26 1.623950e+01
3 27 1.780580e+01
3 28 2.032350e+01
3 29 2.137060e+01
3 30 1.929120e+01
3 31 1.509800e+01
3 32 1.052600e+01
3 33 6.505840e+00
3 34 3.363470e+00
3 35 1.342760e+00
3 36 4.038480e-01
3 37 8.835570e-02
3 38 1.304110e-02
3 39 1.151610e-03
3 40 5.175140e-05
4 1 1.679560e+00
4 2 7.096440e-01
4 3 1.058180e+00
4 4 1.432410e+00
4 5 1.856500e+00
4 6 2.321100e+00
4 7 2.883070e+00
4 8 3.588740e+00
4 9 4.427690e+00
4 10 5.482450e+00
4 11 6.712840e+00
4 12 8.164250e+00
4 13 9.847100e+00
4 14 1.178390e+01
4 15 1.388240e+01
4 16 1.612920e+01
4 17 1.837030e+01
4 18 2.046420e+01
4 19 2.188470e+01
4 20 2.287650e+01
4 21 2.294040e+01
4 22 2.154210e+01
4 23 1.932010e+01
4 24 1.681740e+01
4 25 1.492280e+01
4 26 1.451540e+01
4 27 1.589100e+01
4 28 1.812460e+01
4 29 1.905590e+01
4 30 1.720260e+01
4 31 1.346290e+01
4 32 9.385330e+00
4 33 5.800290e+00
4 34 2.998700e+00
4 35 1.197120e+00
4 36 3.600310e-01
4 37 7.876500e-02
4 38 1.162540e-02
4 39 1.026570e-03
4 40 4.615220e-05
5 1 1.341630e+00
5 2 5.644600e-01
5 3 8.365880e-01
5 4 1.149870e+00
5 5 1.630020e+00
5 6 2.087190e+00
5 7 2.591580e+00
5 8 3.223210e+00
5 9 3.974020e+00
5 10 4.921560e+00
5 11 6.028100e+00
5 12 7.334820e+00
5 13 8.844570e+00
5 14 1.058420e+01
5 15 1.246930e+01
5 16 1.448690e+01
5 17 1.649660e+01
5 18 1.838620e+01
5 19 1.967040e+01
5 20 2.055130e+01
5 21 2.063360e+01
5 22 1.937030e+01
5 23 1.738140e+01
5 24 1.512720e+01
5 25 1.340620e+01
5 26 1.301860e+01
5 27 1.422540e+01
5 28 1.620950e+01
5 29 1.703950e+01
5 30 1.538320e+01
5 31 1.203870e+01
5 32 8.391640e+00
5 33 5.185570e+00
5 34 2.680880e+00
5 35 1.070220e+00
5 36 3.218550e-01
5 37 7.040810e-02
5 38 1.039170e-02
5 39 9.176110e-04
5 40 4.126380e-05
6 1 1.059380e+00
6 2 4.425090e-01
6 3 6.593260e-01
6 4 9.047900e-01
6 5 1.304400e+00
6 6 1.830460e+00
6 7 2.330210e+00
6 8 2.897970e+00
6 9 3.568410e+00
6 10 4.417460e+00
6 11 5.411410e+00
6 12 6.588770e+00
6 13 7.944540e+00
6 14 9.507080e+00
6 15 1.119960e+01
6 16 1.301040e+01
6 17 1.481190e+01
6 18 1.651830e+01
6 19 1.768690e+01
6 20 1.846370e+01
6 21 1.856430e+01
6 22 1.742290e+01
6 23 1.564380e+01
6 24 1.361340e+01
6 25 1.204600e+01
6 26 1.167200e+01
6 27 1.272380e+01
6 28 1.448090e+01
6 29 1.521910e+01
6 30 1.374080e+01
6 31 1.075290e+01
6 32 7.494440e+00
6 33 4.630470e+00
6 34 2.393890e+00
6 35 9.556310e-01
6 36 2.873780e-01
6 37 6.286070e-02
6 38 9.277500e-03
6 39 8.192060e-04
6 40 3.683720e-05
7 1 8.094100e-01
7 2 3.368120e-01
7 3 5.049690e-01
7 4 6.969430e-01
7 5 1.009540e+00
7 6 1.454320e+00
7 7 2.044140e+00
7 8 2.610330e+00
7 9 3.211280e+00
7 10 3.971080e+00
7 11 4.865760e+00
7 12 5.926370e+00
7 13 7.144710e+00
7 14 8.547950e+00
7 15 1.006630e+01
7 16 1.169440e+01
7 17 1.331370e+01
7 18 1.485500e+01
7 19 1.591610e+01
7 20 1.660640e+01
7 21 1.672400e+01
7 22 1.569250e+01
7 23 1.410160e+01
7 24 1.227030e+01
7 25 1.083670e+01
7 26 1.047100e+01
7 27 1.138020e+01
7 28 1.293280e+01
7 29 1.358840e+01
7 30 1.226960e+01
7 31 9.601090e+00
7 32 6.690660e+00
7 33 4.133100e+00
7 34 2.136740e+00
7 35 8.529510e-01
7 36 2.564810e-01
7 37 5.609720e-02
7 38 8.278950e-03
7 39 7.310030e-04
7 40 3.287020e-05
8 1 6.249050e-01
8 2 2.607470e-01
8 3 3.931810e-01
8 4 5.458810e-01
8 5 7.877330e-01
8 6 1.125240e+00
8 7 1.618430e+00
8 8 2.294030e+00
8 9 2.899520e+00
8 10 3.577980e+00
8 11 4.381480e+00
8 12 5.338550e+00
8 13 6.439750e+00
8 14 7.704270e+00
8 15 9.068500e+00
8 16 1.053590e+01
8 17 1.199560e+01
8 18 1.339010e+01
8 19 1.435990e+01
8 20 1.497230e+01
8 21 1.510640e+01
8 22 1.417540e+01
8 23 1.274850e+01
8 24 1.108720e+01
8 25 9.773060e+00
8 26 9.411130e+00
8 27 1.019000e+01
8 28 1.155810e+01
8 29 1.214010e+01
8 30 1.096310e+01
8 31 8.578250e+00
8 32 5.976720e+00
8 33 3.691230e+00
8 34 1.908290e+00
8 35 7.617250e-01
8 36 2.290310e-01
8 37 5.008680e-02
8 38 7.391530e-03
8 39 6.526170e-04
8 40 2.937790e-05
9 1 5.052940e-01
9 2 2.045190e-01
9 3 3.052310e-01
9 4 4.247830e-01
9 5 6.204400e-01
9 6 8.918590e-01
9 7 1.271630e+00
9 8 1.829560e+00
9 9 2.557660e+00
9 10 3.241310e+00
9 11 3.957550e+00
9 12 4.819200e+00
9 13 5.821540e+00
9 14 6.969500e+00
9 15 8.201160e+00
9 16 9.528910e+00
9 17 1.085100e+01
9 18 1.211460e+01
9 19 1.300980e+01
9 20 1.355270e+01
9 21 1.370100e+01
9 22 1.286360e+01
9 23 1.157750e+01
9 24 1.005710e+01
9 25 8.849170e+00
9 26 8.486190e+00
9 27 9.146100e+00
9 28 1.034810e+01
9 29 1.086490e+01
9 30 9.812900e+00
9 31 7.677680e+00
9 32 5.347960e+00
9 33 3.301960e+00
9 34 1.707030e+00
9 35 6.813560e-01
9 36 2.048470e-01
9 37 4.479010e-02
9 38 6.609410e-03
9 39 5.835330e-04
9 40 2.633920e-05
10 1 3.911010e-01
10 2 1.599240e-01
10 3 2.369220e-01
10 4 3.270780e-01
10 5 4.768800e-01
10 6 6.888400e-01
10 7 9.879260e-01
10 8 1.423780e+00
10 9 2.038880e+00
10 10 2.870770e+00
10 11 3.596660e+00
10 12 4.366750e+00
10 13 5.274240e+00
10 14 6.320130e+00
10 15 7.447030e+00
10 16 8.654610e+00
10 17 9.854720e+00
10 18 1.099460e+01
10 19 1.182400e+01
10 20 1.230490e+01
10 21 1.246400e+01
10 22 1.171450e+01
10 23 1.055490e+01
10 24 9.161550e+00
10 25 8.037730e+00
10 26 7.667890e+00
10 27 8.216560e+00
10 28 9.266520e+00
10 29 9.725050e+00
10 30 8.785010e+00
10 31 6.872810e+00
10 32 4.785850e+00
10 33 2.953850e+00
10 34 1.527040e+00
10 35 6.094770e-01
10 36 1.832140e-01
10 37 4.005130e-02
10 38 5.909650e-03
10 39 5.217150e-04
10 40 2.358630e-05
11 1 2.945640e-01
11 2 1.197070e-01
11 3 1.781620e-01
11 4 2.467150e-01
11 5 3.598970e-01
11 6 5.227300e-01
11 7 7.545460e-01
11 8 1.089920e+00
11 9 1.566170e+00
11 10 2.276050e+00
11 11 3.198120e+00
11 12 3.984450e+00
11 13 4.798390e+00
11 14 5.755130e+00
11 15 6.791100e+00
11 16 7.896480e+00
11 17 8.992350e+00
11 18 1.002140e+01
11 19 1.080180e+01
11 20 1.122840e+01
11 21 1.138960e+01
11 22 1.072190e+01
11 23 9.667910e+00
11 24 8.390150e+00
11 25 7.334560e+00
11 26 6.951380e+00
11 27 7.395800e+00
11 28 8.307240e+00
11 29 8.713280e+00
11 30 7.872900e+00
11 31 6.158580e+00
11 32 4.286870e+00
11 33 2.644690e+00
11 34 1.367180e+00
11 35 5.456310e-01
11 36 1.639970e-01
11 37 3.584040e-02
11 38 5.287780e-03
11 39 4.667820e-04
11 40 2.111440e-05
12 1 2.363280e-01
12 2 9.608560e-02
12 3 1.416090e-01
12 4 1.927890e-01
12 5 2.778580e-01
12 6 3.999600e-01
12 7 5.780240e-01
12 8 8.403320e-01
12 9 1.207330e+00
12 10 1.749100e+00
12 11 2.531460e+00
12 12 3.557830e+00
12 13 4.400920e+00
12 14 5.267520e+00
12 15 6.229780e+00
12 16 7.245130e+00
12 17 8.254620e+00
12 18 9.188730e+00
12 19 9.937000e+00
12 20 1.032350e+01
12 21 1.047230e+01
12 22 9.884760e+00
12 23 8.913190e+00
12 24 7.737290e+00
12 25 6.738550e+00
12 26 6.334580e+00
12 27 6.680160e+00
12 28 7.465270e+00
12 29 7.823580e+00
12 30 7.071100e+00
12 31 5.530690e+00
12 32 3.847980e+00
12 33 2.372600e+00
12 34 1.226480e+00
12 35 4.894270e-01
12 36 1.470810e-01
12 37 3.213120e-02
12 38 4.739970e-03
12 39 4.183880e-04
12 40 1.892280e-05
13 1 1.693690e-01
13 2 6.882600e-02
13 3 1.016370e-01
13 4 1.386820e-01
13 5 2.000390e-01
13 6 2.871180e-01
13 7 4.155770e-01
13 8 6.111480e-01
13 9 8.952560e-01
13 10 1.314660e+00
13 11 1.912820e+00
13 12 2.791760e+00
13 13 3.945720e+00
13 14 4.847950e+00
13 15 5.725720e+00
13 16 6.688020e+00
13 17 7.625340e+00
13 18 8.482320e+00
13 19 9.197280e+00
13 20 9.567930e+00
13 21 9.675010e+00
13 22 9.171600e+00
13 23 8.280130e+00
13 24 7.182530e+00
13 25 6.228910e+00
13 26 5.798310e+00
13 27 6.047990e+00
13 28 6.717210e+00
13 29 7.030030e+00
13 30 6.357570e+00
13 31 4.971910e+00
13 32 3.457210e+00
13 33 2.130140e+00
13 34 1.101110e+00
13 35 4.393400e-01
13 36 1.320040e-01
13 37 2.882320e-02
13 38 4.251390e-03
13 39 3.752290e-04
13 40 1.696790e-05
14 1 1.387930e-01
14 2 5.650230e-02
14 3 8.334380e-02
14 4 1.140950e-01
14 5 1.636230e-01
14 6 2.320120e-01
14 7 3.292720e-01
14 8 4.729910e-01
14 9 6.825940e-01
14 10 1.002120e+00
14 11 1.458670e+00
14 12 2.118010e+00
14 13 3.092420e+00
14 14 4.382280e+00
14 15 5.302250e+00
14 16 6.210130e+00
14 17 7.109410e+00
14 18 7.913340e+00
14 19 8.583200e+00
14 20 8.962400e+00
14 21 9.020950e+00
14 22 8.595950e+00
14 23 7.776780e+00
14 24 6.740260e+00
14 25 5.818780e+00
14 26 5.351430e+00
14 27 5.506370e+00
14 28 6.067580e+00
14 29 6.336700e+00
14 30 5.735170e+00
14 31 4.484390e+00
14 32 3.115990e+00
14 33 1.918150e+00
14 34 9.914790e-01
14 35 3.955290e-01
14 36 1.188140e-01
14 37 2.592680e-02
14 38 3.823440e-03
14 39 3.374280e-04
14 40 1.525500e-05
15 1 1.044590e-01
15 2 4.250910e-02
15 3 6.290390e-02
15 4 8.590140e-02
15 5 1.233980e-01
15 6 1.754950e-01
15 7 2.487980e-01
15 8 3.580870e-01
15 9 5.152310e-01
15 10 7.521700e-01
15 11 1.096190e+00
15 12 1.598160e+00
15 13 2.327420e+00
15 14 3.417280e+00
15 15 4.841530e+00
15 16 5.828270e+00
15 17 6.685140e+00
15 18 7.458900e+00
15 19 8.077780e+00
15 20 8.463440e+00
15 21 8.479590e+00
15 22 8.092370e+00
15 23 7.384040e+00
15 24 6.394800e+00
15 25 5.491650e+00
15 26 4.975960e+00
15 27 5.037190e+00
15 28 5.496430e+00
15 29 5.723620e+00
15 30 5.185720e+00
15 31 4.054340e+00
15 32 2.814710e+00
15 33 1.730720e+00
15 34 8.945260e-01
15 35 3.567740e-01
15 36 1.071460e-01
15 37 2.336290e-02
15 38 3.444300e-03
15 39 3.039450e-04
15 40 1.373800e-05
16 1 7.596610e-02
16 2 3.094260e-02
16 3 4.571790e-02
16 4 6.253410e-02
16 5 9.001090e-02
16 6 1.281960e-01
16 7 1.822160e-01
16 8 2.617610e-01
16 9 3.748510e-01
16 10 5.465520e-01
16 11 7.991410e-01
16 12 1.174940e+00
16 13 1.722990e+00
16 14 2.538240e+00
16 15 3.747060e+00
16 16 5.323210e+00
16 17 6.275580e+00
16 18 7.108270e+00
16 19 7.707950e+00
16 20 8.103560e+00
16 21 8.127250e+00
16 22 7.754430e+00
16 23 7.100090e+00
16 24 6.139380e+00
16 25 5.241270e+00
16 26 4.674910e+00
16 27 4.642520e+00
16 28 5.000260e+00
16 29 5.190440e+00
16 30 4.704230e+00
16 31 3.679190e+00
16 32 2.551600e+00
16 33 1.566710e+00
16 34 8.096600e-01
16 35 3.228360e-01
16 36 9.692930e-02
16 37 2.111630e-02
16 38 3.111740e-03
16 39 2.745780e-04
16 40 1.242490e-05
17 1 5.776590e-02
17 2 2.348950e-02
17 3 3.474040e-02
17 4 4.753150e-02
17 5 6.829620e-02
17 6 9.735910e-02
17 7 1.383420e-01
17 8 1.980870e-01
17 9 2.833420e-01
17 10 4.100320e-01
17 11 5.933590e-01
17 12 8.666770e-01
17 13 1.267810e+00
17 14 1.866890e+00
17 15 2.753960e+00
17 16 4.101750e+00
17 17 5.807930e+00
17 18 6.827290e+00
17 19 7.473130e+00
17 20 7.877730e+00
17 21 7.932820e+00
17 22 7.569570e+00
17 23 6.927490e+00
17 24 6.002730e+00
17 25 5.074080e+00
17 26 4.452030e+00
17 27 4.319590e+00
17 28 4.572900e+00
17 29 4.727690e+00
17 30 4.284080e+00
17 31 3.353040e+00
17 32 2.322420e+00
17 33 1.423450e+00
17 34 7.355060e-01
17 35 2.931530e-01
17 36 8.799440e-02
17 37 1.914980e-02
17 38 2.820340e-03
17 39 2.488360e-04
17 40 1.126950e-05
18 1 4.060290e-02
18 2 1.656080e-02
18 3 2.459020e-02
18 4 3.367580e-02
18 5 4.834540e-02
18 6 6.892850e-02
18 7 9.800360e-02
18 8 1.402090e-01
18 9 2.000470e-01
18 10 2.894400e-01
18 11 4.194730e-01
18 12 6.123250e-01
18 13 8.998860e-01
18 14 1.331500e+00
18 15 1.974690e+00
18 16 2.953790e+00
18 17 4.450880e+00
18 18 6.409130e+00
18 19 7.361740e+00
18 20 7.780360e+00
18 21 7.872520e+00
18 22 7.542810e+00
18 23 6.874520e+00
18 24 5.987040e+00
18 25 5.004110e+00
18 26 4.303480e+00
18 27 4.062790e+00
18 28 4.211090e+00
18 29 4.329310e+00
18 30 3.924770e+00
18 31 3.070570e+00
18 32 2.125210e+00
18 33 1.299780e+00
18 34 6.714950e-01
18 35 2.674830e-01
18 36 8.026870e-02
18 37 1.744840e-02
18 38 2.567790e-03
18 39 2.265140e-04
18 40 1.025120e-05
19 1 2.704190e-02
19 2 1.097900e-02
19 3 1.623370e-02
19 4 2.225100e-02
19 5 3.196150e-02
19 6 4.579310e-02
19 7 6.525180e-02
19 8 9.396330e-02
19 9 1.339720e-01
19 10 1.934260e-01
19 11 2.799580e-01
19 12 4.093070e-01
19 13 6.051230e-01
19 14 9.061470e-01
19 15 1.361540e+00
19 16 2.058640e+00
19 17 3.130200e+00
19 18 4.805890e+00
19 19 6.961590e+00
19 20 7.849540e+00
19 21 7.968320e+00
19 22 7.686910e+00
19 23 7.010460e+00
19 24 6.071900e+00
19 25 5.054910e+00
19 26 4.239340e+00
19 27 3.875690e+00
19 28 3.916410e+00
19 29 3.993820e+00
19 30 3.626570e+00
19 31 2.833250e+00
19 32 1.958850e+00
19 33 1.195600e+00
19 34 6.175410e-01
19 35 2.458460e-01
19 36 7.374810e-02
19 37 1.601070e-02
19 38 2.353830e-03
19 39 2.075860e-04
19 40 9.385720e-06
20 1 1.926110e-02
20 2 7.842530e-03
20 3 1.160290e-02
20 4 1.588380e-02
20 5 2.284150e-02
20 6 3.256200e-02
20 7 4.626580e-02
20 8 6.635310e-02
20 9 9.507310e-02
20 10 1.375870e-01
20 11 1.986850e-01
20 12 2.887680e-01
20 13 4.216370e-01
20 14 6.229800e-01
20 15 9.312220e-01
20 16 1.411460e+00
20 17 2.153080e+00
20 18 3.311200e+00
20 19 5.154710e+00
20 20 7.536700e+00
20 21 8.243660e+00
20 22 8.004120e+00
20 23 7.342630e+00
20 24 6.311760e+00
20 25 5.217450e+00
20 26 4.284290e+00
20 27 3.768660e+00
20 28 3.682590e+00
20 29 3.707240e+00
20 30 3.372550e+00
20 31 2.632900e+00
20 32 1.814580e+00
20 33 1.105740e+00
20 34 5.709040e-01
20 35 2.271810e-01
20 36 6.809910e-02
20 37 1.476480e-02
20 38 2.167690e-03
20 39 1.910900e-04
20 40 8.628880e-06
21 1 1.292800e-02
21 2 5.270050e-03
21 3 7.780390e-03
21 4 1.067670e-02
21 5 1.536250e-02
21 6 2.187660e-02
21 7 3.118920e-02
21 8 4.474090e-02
21 9 6.379250e-02
21 10 9.230780e-02
21 11 1.334190e-01
21 12 1.938360e-01
21 13 2.839090e-01
21 14 4.204190e-01
21 15 6.256550e-01
21 16 9.425590e-01
21 17 1.436020e+00
21 18 2.212690e+00
21 19 3.451710e+00
21 20 5.476690e+00
21 21 8.083520e+00
21 22 8.551580e+00
21 23 7.868620e+00
21 24 6.817940e+00
21 25 5.541600e+00
21 26 4.454820e+00
21 27 3.755050e+00
21 28 3.520410e+00
21 29 3.479200e+00
21 30 3.167450e+00
21 31 2.475510e+00
21 32 1.698030e+00
21 33 1.031630e+00
21 34 5.327260e-01
21 35 2.119800e-01
21 36 6.346120e-02
21 37 1.374270e-02
21 38 2.013940e-03
21 39 1.774250e-04
21 40 8.044980e-06
22 1 8.174050e-03
22 2 3.329680e-03
22 3 4.932920e-03
22 4 6.746130e-03
22 5 9.712010e-03
22 6 1.387820e-02
22 7 1.973110e-02
22 8 2.832550e-02
22 9 4.052330e-02
22 10 5.852780e-02
22 11 8.462860e-02
22 12 1.232520e-01
22 13 1.804180e-01
22 14 2.671650e-01
22 15 3.980970e-01
22 16 6.009140e-01
22 17 9.165990e-01
22 18 1.417440e+00
22 19 2.224350e+00
22 20 3.551020e+00
22 21 5.758910e+00
22 22 8.592280e+00
22 23 8.749740e+00
22 24 7.592050e+00
22 25 6.156170e+00
22 26 4.806990e+00
22 27 3.868490e+00
22 28 3.442640e+00
22 29 3.311640e+00
22 30 3.012420e+00
22 31 2.361070e+00
22 32 1.614110e+00
22 33 9.727330e-01
22 34 5.031060e-01
22 35 2.003630e-01
22 36 5.986100e-02
22 37 1.295150e-02
22 38 1.893380e-03
22 39 1.666520e-04
22 40 7.623410e-06
23 1 4.839170e-03
23 2 1.968400e-03
23 3 2.915290e-03
23 4 4.006750e-03
23 5 5.744930e-03
23 6 8.205770e-03
23 7 1.171700e-02
23 8 1.676430e-02
23 9 2.398350e-02
23 10 3.479130e-02
23 11 5.023980e-02
23 12 7.318920e-02
23 13 1.073800e-01
23 14 1.590420e-01
23 15 2.372420e-01
23 16 3.601850e-01
23 17 5.535310e-01
23 18 8.624250e-01
23 19 1.363410e+00
23 20 2.192350e+00
23 21 3.580570e+00
23 22 5.981670e+00
23 23 9.079080e+00
23 24 8.825560e+00
23 25 7.143050e+00
23 26 5.431960e+00
23 27 4.155760e+00
23 28 3.471330e+00
23 29 3.207470e+00
23 30 2.906110e+00
23 31 2.287640e+00
23 32 1.559830e+00
23 33 9.336990e-01
23 34 4.809000e-01
23 35 1.922320e-01
23 36 5.725530e-02
23 37 1.238360e-02
23 38 1.804570e-03
23 39 1.586200e-04
23 40 7.243800e-06
24 1 2.941810e-03
24 2 1.196510e-03
24 3 1.767740e-03
24 4 2.418040e-03
24 5 3.455970e-03
24 6 4.906210e-03
24 7 6.982040e-03
24 8 1.002970e-02
24 9 1.439580e-02
24 10 2.093560e-02
24 11 3.036300e-02
24 12 4.420890e-02
24 13 6.471780e-02
24 14 9.581990e-02
24 15 1.427910e-01
24 16 2.158250e-01
24 17 3.307270e-01
24 18 5.136380e-01
24 19 8.081930e-01
24 20 1.298430e+00
24 21 2.130490e+00
24 22 3.564320e+00
24 23 6.136680e+00
24 24 9.490160e+00
24 25 8.746450e+00
24 26 6.555730e+00
24 27 4.736270e+00
24 28 3.660630e+00
24 29 3.185600e+00
24 30 2.850980e+00
24 31 2.258560e+00
24 32 1.535830e+00
24 33 9.143220e-01
24 34 4.677510e-01
24 35 1.873570e-01
24 36 5.572240e-02
24 37 1.203460e-02
24 38 1.746880e-03
24 39 1.532570e-04
24 40 6.986200e-06
25 1 1.874160e-03
25 2 7.625940e-04
25 3 1.126690e-03
25 4 1.542570e-03
25 5 2.215640e-03
25 6 3.145680e-03
25 7 4.455120e-03
25 8 6.346590e-03
25 9 9.022240e-03
25 10 1.298210e-02
25 11 1.873550e-02
25 12 2.725320e-02
25 13 3.977400e-02
25 14 5.869010e-02
25 15 8.693360e-02
25 16 1.302760e-01
25 17 1.977170e-01
25 18 3.047130e-01
25 19 4.768300e-01
25 20 7.571710e-01
25 21 1.224110e+00
25 22 2.038010e+00
25 23 3.496560e+00
25 24 6.221880e+00
25 25 9.808040e+00
25 26 8.510280e+00
25 27 5.878100e+00
25 28 4.131100e+00
25 29 3.292020e+00
25 30 2.857140e+00
25 31 2.283540e+00
25 32 1.549990e+00
25 33 9.164650e-01
25 34 4.662640e-01
25 35 1.866010e-01
25 36 5.550560e-02
25 37 1.193290e-02
25 38 1.728290e-03
25 39 1.513770e-04
25 40 6.876200e-06
26 1 1.306360e-03
26 2 5.289640e-04
26 3 7.817240e-04
26 4 1.069620e-03
26 5 1.528680e-03
26 6 2.173740e-03
26 7 3.081890e-03
26 8 4.374280e-03
26 9 6.196940e-03
26 10 8.854750e-03
26 11 1.259580e-02
26 12 1.809180e-02
26 13 2.610050e-02
26 14 3.787230e-02
26 15 5.500760e-02
26 16 8.068940e-02
26 17 1.195500e-01
26 18 1.793650e-01
26 19 2.740390e-01
26 20 4.287660e-01
26 21 6.869050e-01
26 22 1.128510e+00
26 23 1.910200e+00
26 24 3.360880e+00
26 25 6.238990e+00
26 26 1.002000e+01
26 27 8.147200e+00
26 28 5.191180e+00
26 29 3.633180e+00
26 30 2.951200e+00
26 31 2.366240e+00
26 32 1.613660e+00
26 33 9.467390e-01
26 34 4.778580e-01
26 35 1.918250e-01
26 36 5.685730e-02
26 37 1.215650e-02
26 38 1.758330e-03
26 39 1.536800e-04
26 40 6.956690e-06
27 1 1.099540e-03
27 2 4.454690e-04
27 3 6.562120e-04
27 4 8.958720e-04
27 5 1.282460e-03
27 6 1.816460e-03
27 7 2.566960e-03
27 8 3.646830e-03
27 9 5.142100e-03
27 10 7.324420e-03
27 11 1.037600e-02
27 12 1.468280e-02
27 13 2.081770e-02
27 14 2.979900e-02
27 15 4.280910e-02
27 16 6.179750e-02
27 17 8.954470e-02
27 18 1.308000e-01
27 19 1.925310e-01
27 20 2.876840e-01
27 21 4.379610e-01
27 22 6.818620e-01
27 23 1.093280e+00
27 24 1.823640e+00
27 25 3.214470e+00
27 26 6.141920e+00
27 27 1.014710e+01
27 28 7.608090e+00
27 29 4.526140e+00
27 30 3.214650e+00
27 31 2.521500e+00
27 32 1.737830e+00
27 33 1.013070e+00
27 34 5.056300e-01
27 35 2.039360e-01
27 36 6.018350e-02
27 37 1.281320e-02
27 38 1.841800e-03
27 39 1.607460e-04
27 40 7.261980e-06
28 1 9.795400e-04
28 2 3.964960e-04
28 3 5.841650e-04
28 4 7.961680e-04
28 5 1.139300e-03
28 6 1.613160e-03
28 7 2.274320e-03
28 8 3.227000e-03
28 9 4.542940e-03
28 10 6.446280e-03
28 11 9.115710e-03
28 12 1.289330e-02
28 13 1.824350e-02
28 14 2.592960e-02
28 15 3.668200e-02
28 16 5.197730e-02
28 17 7.397570e-02
28 18 1.057960e-01
28 19 1.515360e-01
28 20 2.189380e-01
28 21 3.192870e-01
28 22 4.723230e-01
28 23 7.109510e-01
28 24 1.097030e+00
28 25 1.768580e+00
28 26 3.071290e+00
28 27 5.988770e+00
28 28 1.013860e+01
28 29 6.975650e+00
28 30 3.934220e+00
28 31 2.797150e+00
28 32 1.951710e+00
28 33 1.134700e+00
28 34 5.598880e-01
28 35 2.261310e-01
28 36 6.667810e-02
28 37 1.408180e-02
28 38 2.009150e-03
28 39 1.759440e-04
28 40 7.949740e-06
29 1 8.216120e-04
29 2 3.327820e-04
29 3 4.900460e-04
29 4 6.675990e-04
29 5 9.560560e-04
29 6 1.352910e-03
29 7 1.906560e-03
29 8 2.707070e-03
29 9 3.808660e-03
29 10 5.403040e-03
29 11 7.646740e-03
29 12 1.080520e-02
29 13 1.524820e-02
29 14 2.163430e-02
29 15 3.052350e-02
29 16 4.331190e-02
29 17 6.171200e-02
29 18 8.805140e-02
29 19 1.249140e-01
29 20 1.777420e-01
29 21 2.527680e-01
29 22 3.616990e-01
29 23 5.218720e-01
29 24 7.635780e-01
29 25 1.139440e+00
29 26 1.762450e+00
29 27 2.955070e+00
29 28 5.818650e+00
29 29 1.000350e+01
29 30 6.320010e+00
29 31 3.405110e+00
29 32 2.295980e+00
29 33 1.346240e+00
29 34 6.557470e-01
29 35 2.642400e-01
29 36 7.807870e-02
29 37 1.637800e-02
29 38 2.317490e-03
29 39 2.023400e-04
29 40 9.169080e-06
30 1 6.846520e-04
30 2 2.773230e-04
30 3 4.084010e-04
30 4 5.560880e-04
30 5 7.966280e-04
30 6 1.127390e-03
30 7 1.587910e-03
30 8 2.255210e-03
30 9 3.173150e-03
30 10 4.498940e-03
30 11 6.368940e-03
30 12 9.001490e-03
30 13 1.270520e-02
30 14 1.804290e-02
30 15 2.550860e-02
30 16 3.610970e-02
30 17 5.130340e-02
30 18 7.296160e-02
30 19 1.039120e-01
30 20 1.478490e-01
30 21 2.111930e-01
30 22 3.018470e-01
30 23 4.335280e-01
30 24 6.232580e-01
30 25 8.969080e-01
30 26 1.289930e+00
30 27 1.879840e+00
30 28 2.926480e+00
30 29 5.572660e+00
30 30 9.811450e+00
30 31 5.601670e+00
30 32 2.892430e+00
30 33 1.712560e+00
30 34 8.263400e-01
30 35 3.284060e-01
30 36 9.816830e-02
30 37 2.041490e-02
30 38 2.863640e-03
30 39 2.488900e-04
30 40 1.129900e-05
31 1 5.377990e-04
31 2 2.174650e-04
31 3 3.211500e-04
31 4 4.367870e-04
31 5 6.246030e-04
31 6 8.863770e-04
31 7 1.247010e-03
31 8 1.767750e-03
31 9 2.493910e-03
31 10 3.531520e-03
31 11 4.988630e-03
31 12 7.065760e-03
31 13 9.955980e-03
31 14 1.411130e-02
31 15 2.001500e-02
31 16 2.832570e-02
31 17 4.012340e-02
31 18 5.710820e-02
31 19 8.129620e-02
31 20 1.158030e-01
31 21 1.653320e-01
31 22 2.362670e-01
31 23 3.384350e-01
31 24 4.870800e-01
31 25 7.030490e-01
31 26 1.013570e+00
31 27 1.447680e+00
31 28 2.047320e+00
31 29 2.978750e+00
31 30 5.347240e+00
31 31 9.444740e+00
31 32 4.866750e+00
31 33 2.338610e+00
31 34 1.141100e+00
31 35 4.436070e-01
31 36 1.342490e-01
31 37 2.775550e-02
31 38 3.866250e-03
31 39 3.336850e-04
31 40 1.513240e-05
32 1 4.167700e-04
32 2 1.687060e-04
32 3 2.485680e-04
32 4 3.386760e-04
32 5 4.844330e-04
32 6 6.858280e-04
32 7 9.664570e-04
32 8 1.370340e-03
32 9 1.928420e-03
32 10 2.734820e-03
32 11 3.864290e-03
32 12 5.461960e-03
32 13 7.706600e-03
32 14 1.091080e-02
32 15 1.535810e-02
32 16 2.168450e-02
32 17 3.066720e-02
32 18 4.362450e-02
32 19 6.217730e-02
32 20 8.847600e-02
32 21 1.258710e-01
32 22 1.792750e-01
32 23 2.555730e-01
32 24 3.651930e-01
32 25 5.245970e-01
32 26 7.569590e-01
32 27 1.093570e+00
32 28 1.568610e+00
32 29 2.216360e+00
32 30 3.104490e+00
32 31 5.193630e+00
32 32 8.933900e+00
32 33 4.179080e+00
32 34 1.759550e+00
32 35 6.743950e-01
32 36 2.029070e-01
32 37 4.215600e-02
32 38 5.792440e-03
32 39 4.960800e-04
32 40 2.252280e-05
33 1 3.291650e-04
33 2 1.331520e-04
33 3 1.961840e-04
33 4 2.675700e-04
33 5 3.822530e-04
33 6 5.411020e-04
33 7 7.632470e-04
33 8 1.080770e-03
33 9 1.520480e-03
33 10 2.158050e-03
33 11 3.044720e-03
33 12 4.301000e-03
33 13 6.076180e-03
33 14 8.599730e-03
33 15 1.213820e-02
33 16 1.718760e-02
33 17 2.429280e-02
33 18 3.432070e-02
33 19 4.844850e-02
33 20 6.839680e-02
33 21 9.669120e-02
33 22 1.375140e-01
33 23 1.953240e-01
33 24 2.771290e-01
33 25 3.938630e-01
33 26 5.625020e-01
33 27 8.058990e-01
33 28 1.154290e+00
33 29 1.645190e+00
33 30 2.327790e+00
33 31 3.226950e+00
33 32 5.014300e+00
33 33 8.423130e+00
33 34 3.500350e+00
33 35 1.204010e+00
33 36 3.500190e-01
33 37 7.401280e-02
33 38 9.959590e-03
33 39 8.395760e-04
33 40 3.837910e-05
34 1 2.610520e-04
34 2 1.056500e-04
34 3 1.554380e-04
34 4 2.122390e-04
34 5 3.032960e-04
34 6 4.287240e-04
34 7 6.053970e-04
34 8 8.575400e-04
34 9 1.204760e-03
34 10 1.711780e-03
34 11 2.415990e-03
34 12 3.408430e-03
34 13 4.820410e-03
34 14 6.825540e-03
34 15 9.622740e-03
34 16 1.364070e-02
34 17 1.928610e-02
34 18 2.721660e-02
34 19 3.849770e-02
34 20 5.453000e-02
34 21 7.705480e-02
34 22 1.091000e-01
34 23 1.545020e-01
34 24 2.185840e-01
34 25 3.091330e-01
34 26 4.369620e-01
34 27 6.177940e-01
34 28 8.698280e-01
34 29 1.221800e+00
34 30 1.709870e+00
34 31 2.386450e+00
34 32 3.305010e+00
34 33 4.940610e+00
34 34 7.771270e+00
34 35 2.825580e+00
34 36 7.404410e-01
34 37 1.547070e-01
34 38 2.070600e-02
34 39 1.695400e-03
34 40 7.784020e-05
35 1 2.012680e-04
35 2 8.143120e-05
35 3 1.201800e-04
35 4 1.633450e-04
35 5 2.337490e-04
35 6 3.314590e-04
35 7 4.659100e-04
35 8 6.607980e-04
35 9 9.312710e-04
35 10 1.317130e-03
35 11 1.860450e-03
35 12 2.630100e-03
35 13 3.698520e-03
35 14 5.242170e-03
35 15 7.425210e-03
35 16 1.047170e-02
35 17 1.479370e-02
35 18 2.097230e-02
35 19 2.960280e-02
35 20 4.189820e-02
35 21 5.923310e-02
35 22 8.349440e-02
35 23 1.181240e-01
35 24 1.677850e-01
35 25 2.382810e-01
35 26 3.377330e-01
35 27 4.782950e-01
35 28 6.737990e-01
35 29 9.416280e-01
35 30 1.299940e+00
35 31 1.772930e+00
35 32 2.407340e+00
35 33 3.304260e+00
35 34 4.754700e+00
35 35 7.247590e+00
35 36 2.171780e+00
35 37 4.071810e-01
35 38 5.511210e-02
35 39 4.322420e-03
35 40 1.970120e-04
36 1 1.496090e-04
36 2 6.050040e-05
36 3 8.907720e-05
36 4 1.219250e-04
36 5 1.736510e-04
36 6 2.456120e-04
36 7 3.476780e-04
36 8 4.907970e-04
36 9 6.898210e-04
36 10 9.824730e-04
36 11 1.381620e-03
36 12 1.947320e-03
36 13 2.753900e-03
36 14 3.872180e-03
36 15 5.456680e-03
36 16 7.774440e-03
36 17 1.097330e-02
36 18 1.551650e-02
36 19 2.201390e-02
36 20 3.101040e-02
36 21 4.373920e-02
36 22 6.201550e-02
36 23 8.703060e-02
36 24 1.226140e-01
36 25 1.732720e-01
36 26 2.448870e-01
36 27 3.445040e-01
36 28 4.850320e-01
36 29 6.819750e-01
36 30 9.554810e-01
36 31 1.327120e+00
36 32 1.812640e+00
36 33 2.427220e+00
36 34 3.261230e+00
36 35 4.631680e+00
36 36 6.629790e+00
36 37 1.658190e+00
36 38 1.988850e-01
36 39 1.542960e-02
36 40 6.691810e-04
37 1 1.176410e-04
37 2 4.768160e-05
37 3 7.030150e-05
37 4 9.557840e-05
37 5 1.368360e-04
37 6 1.938280e-04
37 7 2.725080e-04
37 8 3.866220e-04
37 9 5.442190e-04
37 10 7.697400e-04
37 11 1.087770e-03
37 12 1.537090e-03
37 13 2.163130e-03
37 14 3.063760e-03
37 15 4.321120e-03
37 16 6.087650e-03
37 17 8.615560e-03
37 18 1.215750e-02
37 19 1.702910e-02
37 20 2.400230e-02
37 21 3.403770e-02
37 22 4.818240e-02
37 23 6.769630e-02
37 24 9.558450e-02
37 25 1.338550e-01
37 26 1.875550e-01
37 27 2.624450e-01
37 28 3.656310e-01
37 29 5.087390e-01
37 30 7.039420e-01
37 31 9.707100e-01
37 32 1.326950e+00
37 33 1.804020e+00
37 34 2.424950e+00
37 35 3.237560e+00
37 36 4.546050e+00
37 37 5.709320e+00
37 38 1.461730e+00
37 39 9.196380e-02
37 40 3.707950e-03
38 1 9.776460e-05
38 2 3.974620e-05
38 3 5.845730e-05
38 4 7.922030e-05
38 5 1.140470e-04
38 6 1.611740e-04
38 7 2.258330e-04
38 8 3.221640e-04
38 9 4.524980e-04
38 10 6.377390e-04
38 11 9.060900e-04
38 12 1.277730e-03
38 13 1.791350e-03
38 14 2.551470e-03
38 15 3.593550e-03
38 16 5.044680e-03
38 17 7.169170e-03
38 18 1.007480e-02
38 19 1.402580e-02
38 20 1.980770e-02
38 21 2.805770e-02
38 22 3.975950e-02
38 23 5.599600e-02
38 24 7.895680e-02
38 25 1.102780e-01
38 26 1.541330e-01
38 27 2.153820e-01
38 28 2.976600e-01
38 29 4.086680e-01
38 30 5.571700e-01
38 31 7.563360e-01
38 32 1.016530e+00
38 33 1.347910e+00
38 34 1.779070e+00
38 35 2.378630e+00
38 36 3.153210e+00
38 37 4.708680e+00
38 38 4.754940e+00
38 39 1.164300e+00
38 40 3.864540e-02
39 1 7.833130e-05
39 2 3.171090e-05
39 3 4.680950e-05
39 4 6.382290e-05
39 5 9.099280e-05
39 6 1.290330e-04
39 7 1.819200e-04
39 8 2.570250e-04
39 9 3.621490e-04
39 10 5.136110e-04
39 11 7.227280e-04
39 12 1.022060e-03
39 13 1.442000e-03
39 14 2.034040e-03
39 15 2.871800e-03
39 16 4.057070e-03
39 17 5.708690e-03
39 18 8.064030e-03
39 19 1.136390e-02
39 20 1.597130e-02
39 21 2.250480e-02
39 22 3.167780e-02
39 23 4.450130e-02
39 24 6.263720e-02
39 25 8.759450e-02
39 26 1.220790e-01
39 27 1.697530e-01
39 28 2.347140e-01
39 29 3.218840e-01
39 30 4.389210e-01
39 31 5.933220e-01
39 32 7.964500e-01
39 33 1.047750e+00
39 34 1.366350e+00
39 35 1.768370e+00
39 36 2.278010e+00
39 37 3.046110e+00
39 38 4.492610e+00
39 39 4.746460e+00
39 40 6.242820e-01
40 1 6.300090e-05
40 2 2.562790e-05
40 3 3.769600e-05
40 4 5.130850e-05
40 5 7.353310e-05
40 6 1.039110e-04
40 7 1.462310e-04
40 8 2.076860e-04
40 9 2.916200e-04
40 10 4.127680e-04
40 11 5.838680e-04
40 12 8.228330e-04
40 13 1.158420e-03
40 14 1.642550e-03
40 15 2.310960e-03
40 16 3.256900e-03
40 17 4.606410e-03
40 18 6.482710e-03
40 19 9.109350e-03
40 20 1.287000e-02
40 21 1.806990e-02
40 22 2.538840e-02
40 23 3.578150e-02
40 24 5.009530e-02
40 25 6.993310e-02
40 26 9.745040e-02
40 27 1.349070e-01
40 28 1.851810e-01
40 29 2.528510e-01
40 30 3.443480e-01
40 31 4.678360e-01
40 32 6.297120e-01
40 33 8.381620e-01
40 34 1.105730e+00
40 35 1.433680e+00
40 36 1.818230e+00
40 37 2.270890e+00
40 38 2.927460e+00
40 39 4.201200e+00
40 40 4.931530e+00
