1 3.203100e-02
2 3.203100e-02
3 3.203110e-02
4 3.203110e-02
5 3.203110e-02
6 3.203120e-02
7 3.203120e-02
8 3.203130e-02
9 3.203130e-02
10 3.203140e-02
11 3.203140e-02
12 3.203150e-02
13 3.203150e-02
14 3.203150e-02
15 3.203160e-02
16 3.203170e-02
17 3.203170e-02
18 3.203180e-02
19 3.203180e-02
20 3.203190e-02
21 3.203190e-02
22 3.203200e-02
23 3.203200e-02
24 3.203210e-02
25 3.203220e-02
26 3.203220e-02
27 3.203230e-02
28 3.203240e-02
29 3.203250e-02
30 3.203250e-02
31 3.203260e-02
32 3.203270e-02
33 3.203280e-02
34 3.203280e-02
35 3.203290e-02
36 3.203300e-02
37 3.203310e-02
38 3.203320e-02
39 3.203330e-02
40 3.203340e-02
41 3.203350e-02
42 3.203350e-02
43 3.203360e-02
44 3.203380e-02
45 3.203390e-02
46 3.203390e-02
47 3.203410e-02
48 3.203420e-02
49 3.203430e-02
50 3.203440e-02
51 3.203450e-02
52 3.203460e-02
53 3.203480e-02
54 3.203490e-02
55 3.203500e-02
56 3.203510e-02
57 3.203530e-02
58 3.203540e-02
59 3.203560e-02
60 3.203570e-02
61 3.203590e-02
62 3.203600e-02
63 3.203620e-02
64 3.203630e-02
65 3.203650e-02
66 3.203660e-02
67 3.203680e-02
68 3.203700e-02
69 3.203720e-02
70 3.203740e-02
71 3.203760e-02
72 3.203770e-02
73 3.203790e-02
74 3.203810e-02
75 3.203830e-02
76 3.203850e-02
77 3.203880e-02
78 3.203900e-02
79 3.203920e-02
80 3.203940e-02
81 3.203970e-02
82 3.203990e-02
83 3.204010e-02
84 3.204040e-02
85 3.204060e-02
86 3.204090e-02
87 3.204120e-02
88 3.204150e-02
89 3.204170e-02
90 3.204200e-02
91 3.204230e-02
92 3.204260e-02
93 3.204290e-02
94 3.204330e-02
95 3.204360e-02
96 3.204390e-02
97 3.204420e-02
98 3.204460e-02
99 3.204500e-02
100 3.204530e-02
101 3.204570e-02
102 3.204610e-02
103 3.204650e-02
104 3.204690e-02
105 3.204730e-02
106 3.204770e-02
107 3.204810e-02
108 3.204860e-02
109 3.204900e-02
110 3.204950e-02
111 3.204990e-02
112 3.205040e-02
113 3.205090e-02
114 3.205140e-02
115 3.205190e-02
116 3.205250e-02
117 3.205300e-02
118 3.205350e-02
119 3.205410e-02
120 3.205470e-02
121 3.205530e-02
122 3.205590e-02
123 3.205650e-02
124 3.205710e-02
125 3.205770e-02
126 3.205840e-02
127 3.205910e-02
128 3.205980e-02
129 3.206050e-02
130 3.206120e-02
131 3.206200e-02
132 3.206270e-02
133 3.206350e-02
134 3.206430e-02
135 3.206510e-02
136 3.206600e-02
137 3.206680e-02
138 3.206770e-02
139 3.206860e-02
140 3.206950e-02
141 3.207040e-02
142 3.207140e-02
143 3.207240e-02
144 3.207340e-02
145 3.207440e-02
146 3.207540e-02
147 3.207650e-02
148 3.207760e-02
149 3.207870e-02
150 3.207990e-02
151 3.208110e-02
152 3.208220e-02
153 3.208350e-02
154 3.208480e-02
155 3.208600e-02
156 3.208740e-02
157 3.208870e-02
158 3.209010e-02
159 3.209150e-02
160 3.209320e-02
161 3.209430e-02
162 3.209590e-02
163 3.209750e-02
164 3.209910e-02
165 3.210070e-02
166 3.210240e-02
167 3.210410e-02
168 3.210580e-02
169 3.210760e-02
170 3.210940e-02
171 3.211130e-02
172 3.211320e-02
173 3.211520e-02
174 3.211710e-02
175 3.211920e-02
176 3.212130e-02
177 3.212340e-02
178 3.212560e-02
179 3.212790e-02
180 3.213020e-02
181 3.213250e-02
182 3.213490e-02
183 3.213740e-02
184 3.213990e-02
185 3.214250e-02
186 3.214510e-02
187 3.214780e-02
188 3.215050e-02
189 3.215340e-02
190 3.215620e-02
191 3.215930e-02
192 3.216250e-02
193 3.216500e-02
194 3.216850e-02
195 3.217180e-02
196 3.217520e-02
197 3.217810e-02
198 3.218200e-02
199 3.218550e-02
200 3.218910e-02
