1 3.267310e+02
2 3.620970e+02
3 4.049950e+02
4 4.591240e+02
5 5.280410e+02
6 6.178410e+02
7 7.385620e+02
8 9.082360e+02
9 1.162760e+03
10 1.573400e+03
11 2.294600e+03
12 3.616660e+03
13 5.963880e+03
14 9.607840e+03
15 1.404540e+04
16 1.772670e+04
17 1.858660e+04
18 1.596480e+04
19 1.135840e+04
20 6.909380e+03
21 3.847370e+03
22 2.152950e+03
23 1.303520e+03
24 8.752800e+02
25 6.385960e+02
26 4.894560e+02
27 3.811510e+02
28 2.967510e+02
29 2.326130e+02
30 1.858640e+02
31 1.521170e+02
32 1.266760e+02
33 1.067210e+02
34 9.075730e+01
35 7.789730e+01
36 6.734570e+01
37 5.868510e+01
38 5.148460e+01
39 4.560210e+01
40 4.072370e+01
41 3.653210e+01
42 3.283190e+01
43 2.956460e+01
44 2.678700e+01
45 2.448570e+01
46 2.254870e+01
47 2.096240e+01
48 1.975260e+01
49 1.890880e+01
50 1.849880e+01
51 1.862270e+01
52 1.936540e+01
53 2.122800e+01
54 2.548960e+01
55 3.666580e+01
56 7.283610e+01
57 1.855930e+02
58 3.984000e+02
59 5.326630e+02
60 4.000180e+02
61 1.778000e+02
62 6.186460e+01
63 2.682460e+01
64 1.621560e+01
65 1.196700e+01
66 1.097600e+01
67 1.223050e+01
68 1.185360e+01
69 8.337830e+00
70 5.464390e+00
71 4.280130e+00
72 3.725840e+00
73 3.341430e+00
74 3.053830e+00
75 2.837440e+00
76 2.669120e+00
77 2.516680e+00
78 2.382660e+00
79 2.285850e+00
80 2.218620e+00
81 2.173200e+00
82 2.152190e+00
83 2.172050e+00
84 2.222350e+00
85 2.316490e+00
86 2.483860e+00
87 2.715600e+00
88 3.034980e+00
89 3.541300e+00
90 4.392440e+00
91 5.844280e+00
92 8.525890e+00
93 1.497870e+01
94 4.575710e+01
95 2.657920e+02
96 7.290900e+02
97 5.075920e+02
98 1.009950e+02
99 1.922680e+01
100 8.390590e+00
101 5.001410e+00
102 3.401150e+00
103 2.534680e+00
104 2.077730e+00
105 1.939480e+00
106 2.352490e+00
107 6.386930e+00
108 2.445220e+01
109 2.628680e+01
110 6.863800e+00
111 1.785420e+00
112 1.102570e+00
113 9.661510e-01
114 1.108200e+00
115 2.687880e+00
116 2.724230e+01
117 6.904930e+01
118 1.947080e+01
119 1.732060e+00
120 6.867870e-01
121 4.598990e-01
122 3.581390e-01
123 3.057950e-01
124 2.747630e-01
125 2.590950e-01
126 2.525220e-01
127 2.488540e-01
128 2.544650e-01
129 2.764000e-01
130 3.219840e-01
131 4.125880e-01
132 7.113560e-01
133 5.925840e+00
134 1.572060e+01
135 1.786140e+01
136 1.104330e+02
137 3.835370e+01
138 2.277330e+00
139 3.585590e+00
140 3.247930e+01
141 1.549610e+01
142 8.593330e-01
143 3.277260e-01
144 2.170650e-01
145 1.694710e-01
146 1.506670e-01
147 2.224700e-01
148 3.618130e-01
149 2.190440e-01
150 8.315230e-01
151 1.624330e+01
152 8.592460e+00
153 3.541900e-01
154 2.022770e-01
155 2.018460e-01
156 2.491760e-01
157 3.752440e-01
158 7.522900e-01
159 5.391550e+00
160 1.489570e+02
161 5.270380e+01
162 1.275190e+00
163 4.509430e-01
164 2.892050e-01
165 1.975390e+00
166 5.030030e+00
167 8.981450e+00
168 6.261270e+00
169 1.678650e+01
170 4.903610e-01
171 1.083580e-01
172 6.755310e-02
173 5.142760e-02
174 4.347370e-02
175 4.021530e-02
176 4.054660e-02
177 4.536240e-02
178 6.276110e-02
179 1.546060e-01
180 9.841570e+00
181 6.704210e+00
182 1.271270e-01
183 9.019270e-02
184 1.747670e+00
185 1.008540e+01
186 7.639280e-01
187 2.428940e-01
188 7.303570e-02
189 9.683070e-02
190 2.296030e-01
191 1.592490e+01
192 3.479250e+01
193 4.425540e+01
194 9.372040e-01
195 2.084640e-01
196 2.181070e+00
197 9.462470e+00
198 2.645160e+01
199 5.229040e-01
200 1.082890e-01
