1 3.207410e+02
2 3.545260e+02
3 3.958170e+02
4 4.464220e+02
5 5.109680e+02
6 5.940760e+02
7 7.034670e+02
8 8.520830e+02
9 1.064870e+03
10 1.391100e+03
11 1.930260e+03
12 2.922160e+03
13 4.872780e+03
14 8.568650e+03
15 1.417530e+04
16 1.975930e+04
17 2.133870e+04
18 1.737940e+04
19 1.099920e+04
20 5.909270e+03
21 3.104500e+03
22 1.778280e+03
23 1.137570e+03
24 8.011450e+02
25 6.057620e+02
26 4.763930e+02
27 3.732210e+02
28 2.883160e+02
29 2.252280e+02
30 1.809590e+02
31 1.491760e+02
32 1.248260e+02
33 1.053880e+02
34 8.975650e+01
35 7.714950e+01
36 6.677800e+01
37 5.824180e+01
38 5.111300e+01
39 4.529230e+01
40 4.051740e+01
41 3.642980e+01
42 3.273760e+01
43 2.942490e+01
44 2.665330e+01
45 2.440840e+01
46 2.246270e+01
47 2.085600e+01
48 1.966540e+01
49 1.879850e+01
50 1.834150e+01
51 1.847230e+01
52 1.914860e+01
53 2.067380e+01
54 2.418330e+01
55 3.237730e+01
56 5.602630e+01
57 1.471070e+02
58 4.065930e+02
59 6.242130e+02
60 4.170400e+02
61 1.427350e+02
62 4.709480e+01
63 2.365730e+01
64 1.535100e+01
65 1.142490e+01
66 1.033300e+01
67 1.259900e+01
68 1.277680e+01
69 8.012420e+00
70 5.142250e+00
71 4.206160e+00
72 3.704260e+00
73 3.328100e+00
74 3.044350e+00
75 2.830360e+00
76 2.666810e+00
77 2.514860e+00
78 2.374190e+00
79 2.276350e+00
80 2.216350e+00
81 2.169900e+00
82 2.146040e+00
83 2.168670e+00
84 2.217150e+00
85 2.305590e+00
86 2.480500e+00
87 2.709200e+00
88 3.004810e+00
89 3.502920e+00
90 4.326910e+00
91 5.721770e+00
92 8.212810e+00
93 1.372500e+01
94 3.280770e+01
95 2.069670e+02
96 8.393520e+02
97 5.083810e+02
98 6.664880e+01
99 1.637390e+01
100 7.978840e+00
101 4.886640e+00
102 3.347580e+00
103 2.505300e+00
104 2.055460e+00
105 1.906090e+00
106 2.210060e+00
107 4.986330e+00
108 2.555260e+01
109 2.847310e+01
110 5.350150e+00
111 1.635270e+00
112 1.077570e+00
113 9.514890e-01
114 1.068830e+00
115 1.969980e+00
116 2.220300e+01
117 8.025290e+01
118 1.440340e+01
119 1.375060e+00
120 6.653200e-01
121 4.545840e-01
122 3.558550e-01
123 3.047820e-01
124 2.739720e-01
125 2.581420e-01
126 2.524720e-01
127 2.484170e-01
128 2.536940e-01
129 2.752380e-01
130 3.203600e-01
131 4.067940e-01
132 6.451760e-01
133 4.899810e+00
134 1.746600e+01
135 1.115790e+01
136 1.241880e+02
137 3.110110e+01
138 1.909260e+00
139 2.384410e+00
140 3.560460e+01
141 1.373710e+01
142 7.160210e-01
143 3.208500e-01
144 2.155110e-01
145 1.687110e-01
146 1.497010e-01
147 2.090890e-01
148 3.810830e-01
149 2.081480e-01
150 5.409340e-01
151 1.741510e+01
152 7.755110e+00
153 3.131320e-01
154 2.002680e-01
155 2.006920e-01
156 2.474420e-01
157 3.703590e-01
158 7.284030e-01
159 3.226900e+00
160 1.610630e+02
161 4.298590e+01
162 1.165740e+00
163 4.427760e-01
164 2.822990e-01
165 1.888890e+00
166 5.095850e+00
167 9.435350e+00
168 4.696340e+00
169 1.806870e+01
170 3.427310e-01
171 1.065780e-01
172 6.722620e-02
173 5.129240e-02
174 4.341290e-02
175 4.016390e-02
176 4.047780e-02
177 4.518680e-02
178 6.216020e-02
179 1.412360e-01
180 1.022500e+01
181 6.343440e+00
182 1.215760e-01
183 8.842690e-02
184 1.355970e+00
185 1.074470e+01
186 4.979080e-01
187 2.500940e-01
188 7.153850e-02
189 9.613570e-02
190 2.111110e-01
191 1.697260e+01
192 3.198340e+01
193 4.604510e+01
194 9.421630e-01
195 1.870450e-01
196 1.683470e+00
197 9.702580e+00
198 2.689230e+01
199 3.389090e-01
200 9.779690e-02
