1 3.178740e+02
2 3.509270e+02
3 3.912330e+02
4 4.404730e+02
5 5.030400e+02
6 5.833280e+02
7 6.883400e+02
8 8.288660e+02
9 1.025960e+03
10 1.321270e+03
11 1.794660e+03
12 2.629430e+03
13 4.273680e+03
14 7.698070e+03
15 1.390890e+04
16 2.110580e+04
17 2.343650e+04
18 1.818270e+04
19 1.044060e+04
20 5.220970e+03
21 2.750520e+03
22 1.633320e+03
23 1.074410e+03
24 7.701190e+02
25 5.924480e+02
26 4.728510e+02
27 3.701620e+02
28 2.833820e+02
29 2.212750e+02
30 1.786790e+02
31 1.478410e+02
32 1.240030e+02
33 1.047230e+02
34 8.926890e+01
35 7.678500e+01
36 6.649950e+01
37 5.802920e+01
38 5.092950e+01
39 4.507830e+01
40 4.032070e+01
41 3.639530e+01
42 3.270100e+01
43 2.926520e+01
44 2.656920e+01
45 2.438280e+01
46 2.242130e+01
47 2.079330e+01
48 1.962970e+01
49 1.874880e+01
50 1.823560e+01
51 1.836790e+01
52 1.903700e+01
53 2.042240e+01
54 2.369810e+01
55 3.093690e+01
56 4.994540e+01
57 1.224470e+02
58 3.986010e+02
59 6.959790e+02
60 4.173150e+02
61 1.189610e+02
62 4.169120e+01
63 2.261190e+01
64 1.499840e+01
65 1.119910e+01
66 9.917910e+00
67 1.274130e+01
68 1.349990e+01
69 7.663100e+00
70 5.003430e+00
71 4.181070e+00
72 3.695660e+00
73 3.321210e+00
74 3.039850e+00
75 2.826360e+00
76 2.665710e+00
77 2.514020e+00
78 2.370810e+00
79 2.273900e+00
80 2.221540e+00
81 2.175510e+00
82 2.144910e+00
83 2.174040e+00
84 2.215180e+00
85 2.293650e+00
86 2.474590e+00
87 2.703430e+00
88 2.991850e+00
89 3.484370e+00
90 4.296140e+00
91 5.663380e+00
92 8.082570e+00
93 1.325080e+01
94 2.908860e+01
95 1.644840e+02
96 9.187080e+02
97 4.921290e+02
98 5.214740e+01
99 1.552020e+01
100 7.799460e+00
101 4.833170e+00
102 3.321270e+00
103 2.491070e+00
104 2.044770e+00
105 1.890560e+00
106 2.161280e+00
107 4.325800e+00
108 2.589480e+01
109 2.972130e+01
110 4.545630e+00
111 1.584430e+00
112 1.066290e+00
113 9.446550e-01
114 1.052470e+00
115 1.799940e+00
116 1.803330e+01
117 8.831980e+01
118 1.085550e+01
119 1.291450e+00
120 6.563950e-01
121 4.520190e-01
122 3.547560e-01
123 3.042650e-01
124 2.735650e-01
125 2.579280e-01
126 2.524630e-01
127 2.481900e-01
128 2.533070e-01
129 2.748890e-01
130 3.199170e-01
131 4.039850e-01
132 6.284300e-01
133 4.084880e+00
134 1.863400e+01
135 7.919990e+00
136 1.329180e+02
137 2.535950e+01
138 1.813390e+00
139 1.941620e+00
140 3.768700e+01
141 1.214070e+01
142 6.806940e-01
143 3.176510e-01
144 2.147780e-01
145 1.683480e-01
146 1.492820e-01
147 1.982670e-01
148 3.937710e-01
149 2.038300e-01
150 4.669090e-01
151 1.827300e+01
152 6.989010e+00
153 3.027580e-01
154 1.993300e-01
155 2.001030e-01
156 2.465900e-01
157 3.679960e-01
158 7.174440e-01
159 2.708880e+00
160 1.695110e+02
161 3.509530e+01
162 1.129830e+00
163 4.388050e-01
164 2.797800e-01
165 1.834600e+00
166 5.200680e+00
167 9.631640e+00
168 3.596300e+00
169 1.895680e+01
170 3.099490e-01
171 1.057430e-01
172 6.706190e-02
173 5.122220e-02
174 4.338050e-02
175 4.013420e-02
176 4.043860e-02
177 4.509790e-02
178 6.187820e-02
179 1.372270e-01
180 1.056890e+01
181 6.003430e+00
182 1.194380e-01
183 8.762520e-02
184 1.067450e+00
185 1.117720e+01
186 3.505010e-01
187 2.530900e-01
188 7.110710e-02
189 9.580260e-02
190 2.066460e-01
191 1.769010e+01
192 2.959570e+01
193 4.769570e+01
194 9.445080e-01
195 1.779900e-01
196 1.311670e+00
197 1.006260e+01
198 2.693670e+01
199 3.022210e-01
200 9.370290e-02
