1 3.150680e+02
2 3.474370e+02
3 3.868320e+02
4 4.353520e+02
5 4.954450e+02
6 5.730490e+02
7 6.744210e+02
8 8.084850e+02
9 9.914720e+02
10 1.261930e+03
11 1.685380e+03
12 2.397750e+03
13 3.737670e+03
14 6.598630e+03
15 1.296490e+04
16 2.273090e+04
17 2.662820e+04
18 1.879830e+04
19 9.333870e+03
20 4.476850e+03
21 2.460510e+03
22 1.517840e+03
23 1.022040e+03
24 7.413430e+02
25 5.802020e+02
26 4.725540e+02
27 3.673720e+02
28 2.769050e+02
29 2.173070e+02
30 1.766510e+02
31 1.465310e+02
32 1.233180e+02
33 1.039890e+02
34 8.882330e+01
35 7.641260e+01
36 6.622800e+01
37 5.782280e+01
38 5.085050e+01
39 4.494340e+01
40 4.018740e+01
41 3.637530e+01
42 3.267490e+01
43 2.914670e+01
44 2.649680e+01
45 2.442560e+01
46 2.239060e+01
47 2.071570e+01
48 1.960320e+01
49 1.869230e+01
50 1.809590e+01
51 1.830570e+01
52 1.894500e+01
53 2.016730e+01
54 2.325670e+01
55 2.975930e+01
56 4.575870e+01
57 9.840570e+01
58 3.664460e+02
59 8.085030e+02
60 3.963590e+02
61 9.464080e+01
62 3.796270e+01
63 2.176820e+01
64 1.467960e+01
65 1.100640e+01
66 9.480250e+00
67 1.271400e+01
68 1.456170e+01
69 7.101700e+00
70 4.898940e+00
71 4.160790e+00
72 3.688290e+00
73 3.313740e+00
74 3.035630e+00
75 2.821970e+00
76 2.664600e+00
77 2.513190e+00
78 2.367040e+00
79 2.271040e+00
80 2.219350e+00
81 2.171300e+00
82 2.139650e+00
83 2.171420e+00
84 2.212940e+00
85 2.285500e+00
86 2.469200e+00
87 2.698980e+00
88 2.979380e+00
89 3.470700e+00
90 4.268140e+00
91 5.599100e+00
92 7.955750e+00
93 1.282930e+01
94 2.673650e+01
95 1.165530e+02
96 1.026460e+03
97 4.450570e+02
98 4.259950e+01
99 1.485050e+01
100 7.631350e+00
101 4.784840e+00
102 3.294910e+00
103 2.477010e+00
104 2.037320e+00
105 1.875460e+00
106 2.123100e+00
107 3.813300e+00
108 2.581780e+01
109 3.105600e+01
110 3.864940e+00
111 1.542400e+00
112 1.055580e+00
113 9.380290e-01
114 1.037470e+00
115 1.699180e+00
116 1.213210e+01
117 9.834560e+01
118 6.892100e+00
119 1.234060e+00
120 6.481020e-01
121 4.495910e-01
122 3.536940e-01
123 3.036860e-01
124 2.731220e-01
125 2.589360e-01
126 2.528020e-01
127 2.485690e-01
128 2.529080e-01
129 2.746290e-01
130 3.192540e-01
131 4.014420e-01
132 6.169660e-01
133 2.923720e+00
134 2.004430e+01
135 5.646850e+00
136 1.431220e+02
137 1.719550e+01
138 1.740550e+00
139 1.695080e+00
140 4.065130e+01
141 9.449940e+00
142 6.548330e-01
143 3.145660e-01
144 2.140760e-01
145 1.680240e-01
146 1.490990e-01
147 1.825050e-01
148 4.104830e-01
149 2.005430e-01
150 4.305990e-01
151 1.971040e+01
152 5.595530e+00
153 2.950030e-01
154 1.983030e-01
155 1.995010e-01
156 2.457510e-01
157 3.659740e-01
158 7.070800e-01
159 2.462380e+00
160 1.817660e+02
161 2.310090e+01
162 1.098250e+00
163 4.349990e-01
164 2.776480e-01
165 1.738240e+00
166 5.386930e+00
167 9.746050e+00
168 2.247220e+00
169 2.012490e+01
170 2.926650e-01
171 1.049990e-01
172 6.689680e-02
173 5.123080e-02
174 4.334220e-02
175 4.009610e-02
176 4.045770e-02
177 4.501980e-02
178 6.161170e-02
179 1.338360e-01
180 1.125120e+01
181 5.329770e+00
182 1.176230e-01
183 8.688670e-02
184 6.706520e-01
185 1.169470e+01
186 2.290100e-01
187 2.549240e-01
188 7.084430e-02
189 9.547870e-02
190 2.029490e-01
191 1.854080e+01
192 2.540420e+01
193 5.106840e+01
194 9.432040e-01
195 1.722750e-01
196 8.244970e-01
197 1.063520e+01
198 2.688810e+01
199 2.848570e-01
200 9.133800e-02
