1 3.236900e+02
2 3.582460e+02
3 4.005850e+02
4 4.526310e+02
5 5.192730e+02
6 6.055150e+02
7 7.201100e+02
8 8.783150e+02
9 1.109860e+03
10 1.473900e+03
11 2.098080e+03
12 3.260290e+03
13 5.448490e+03
14 9.186530e+03
15 1.419170e+04
16 1.865340e+04
17 1.979450e+04
18 1.663610e+04
19 1.127010e+04
20 6.470250e+03
21 3.481510e+03
22 1.954100e+03
23 1.213240e+03
24 8.350580e+02
25 6.209620e+02
26 4.820540e+02
27 3.768620e+02
28 2.926590e+02
29 2.290120e+02
30 1.833790e+02
31 1.505990e+02
32 1.257220e+02
33 1.060470e+02
34 9.025390e+01
35 7.752010e+01
36 6.705970e+01
37 5.846090e+01
38 5.129820e+01
39 4.544900e+01
40 4.062120e+01
41 3.647630e+01
42 3.278200e+01
43 2.949760e+01
44 2.672250e+01
45 2.444400e+01
46 2.250520e+01
47 2.091130e+01
48 1.970710e+01
49 1.885250e+01
50 1.842240e+01
51 1.853960e+01
52 1.923340e+01
53 2.093880e+01
54 2.477860e+01
55 3.425190e+01
56 6.387610e+01
57 1.683800e+02
58 4.047210e+02
59 5.721710e+02
60 4.098470e+02
61 1.623650e+02
62 5.402440e+01
63 2.502740e+01
64 1.573850e+01
65 1.168320e+01
66 1.068760e+01
67 1.240860e+01
68 1.225530e+01
69 8.218680e+00
70 5.306510e+00
71 4.238810e+00
72 3.714180e+00
73 3.334770e+00
74 3.049050e+00
75 2.834010e+00
76 2.667930e+00
77 2.515720e+00
78 2.377210e+00
79 2.278870e+00
80 2.217390e+00
81 2.171540e+00
82 2.149260e+00
83 2.170260e+00
84 2.219660e+00
85 2.311220e+00
86 2.479850e+00
87 2.709990e+00
88 3.017210e+00
89 3.521910e+00
90 4.359170e+00
91 5.781690e+00
92 8.362380e+00
93 1.427880e+01
94 3.840460e+01
95 2.405670e+02
96 7.781890e+02
97 5.112410e+02
98 8.364960e+01
99 1.755370e+01
100 8.173590e+00
101 4.939560e+00
102 3.374120e+00
103 2.519830e+00
104 2.066440e+00
105 1.922290e+00
106 2.272810e+00
107 5.694360e+00
108 2.501490e+01
109 2.731160e+01
110 6.139210e+00
111 1.700720e+00
112 1.089590e+00
113 9.586280e-01
114 1.087030e+00
115 2.260550e+00
116 2.515600e+01
117 7.400900e+01
118 1.723920e+01
119 1.514950e+00
120 6.754470e-01
121 4.571940e-01
122 3.569850e-01
123 3.052860e-01
124 2.743540e-01
125 2.583680e-01
126 2.524910e-01
127 2.486360e-01
128 2.540780e-01
129 2.758300e-01
130 3.211430e-01
131 4.096420e-01
132 6.711640e-01
133 5.485600e+00
134 1.650160e+01
135 1.458540e+01
136 1.167190e+02
137 3.524730e+01
138 2.054250e+00
139 2.957620e+00
140 3.392280e+01
141 1.476940e+01
142 7.721850e-01
143 3.241920e-01
144 2.162730e-01
145 1.690870e-01
146 1.500840e-01
147 2.168410e-01
148 3.706930e-01
149 2.133210e-01
150 6.652690e-01
151 1.678230e+01
152 8.246260e+00
153 3.287600e-01
154 2.012420e-01
155 2.012720e-01
156 2.483030e-01
157 3.727750e-01
158 7.397350e-01
159 4.137180e+00
160 1.544970e+02
161 4.854060e+01
162 1.210820e+00
163 4.469070e-01
164 2.851500e-01
165 1.933440e+00
166 5.049620e+00
167 9.208810e+00
168 5.563110e+00
169 1.737570e+01
170 4.023190e-01
171 1.074470e-01
172 6.738960e-02
173 5.136070e-02
174 4.344340e-02
175 4.019020e-02
176 4.051310e-02
177 4.527480e-02
178 6.245480e-02
179 1.465130e-01
180 1.000390e+01
181 6.553720e+00
182 1.240520e-01
183 8.927740e-02
184 1.574960e+00
185 1.038960e+01
186 6.379030e-01
187 2.467490e-01
188 7.216110e-02
189 9.647840e-02
190 2.179040e-01
191 1.639720e+01
192 3.360450e+01
193 4.500770e+01
194 9.392360e-01
195 1.975840e-01
196 1.965220e+00
197 9.524480e+00
198 2.672590e+01
199 4.114480e-01
200 1.028560e-01
