1 1.418910e+04
2 1.265960e+04
3 1.127670e+04
4 1.004550e+04
5 8.958500e+03
6 7.984530e+03
7 7.115940e+03
8 6.339850e+03
9 5.652260e+03
10 5.036570e+03
11 4.487830e+03
12 4.001010e+03
13 3.565300e+03
14 3.178040e+03
15 2.831880e+03
16 2.524340e+03
17 2.249850e+03
18 2.004590e+03
19 1.787190e+03
20 1.592500e+03
21 1.419150e+03
22 1.265220e+03
23 1.127360e+03
24 1.004670e+03
25 8.955710e+02
26 7.982560e+02
27 7.113040e+02
28 6.338980e+02
29 5.651510e+02
30 5.035940e+02
31 4.488410e+02
32 4.003110e+02
33 3.569080e+02
34 3.182620e+02
35 2.836530e+02
36 2.530840e+02
37 2.261310e+02
38 2.021440e+02
39 1.797760e+02
40 1.598550e+02
