1 1.418870e+04
2 1.265930e+04
3 1.127650e+04
4 1.004530e+04
5 8.958270e+03
6 7.984330e+03
7 7.115760e+03
8 6.339700e+03
9 5.652120e+03
10 5.036450e+03
11 4.487730e+03
12 4.000910e+03
13 3.565220e+03
14 3.177970e+03
15 2.831820e+03
16 2.524280e+03
17 2.249810e+03
18 2.004560e+03
19 1.787160e+03
20 1.592480e+03
21 1.419140e+03
22 1.265210e+03
23 1.127360e+03
24 1.004680e+03
25 8.955800e+02
26 7.982650e+02
27 7.113120e+02
28 6.339080e+02
29 5.651760e+02
30 5.036480e+02
31 4.489150e+02
32 4.003600e+02
33 3.568970e+02
34 3.182500e+02
35 2.837130e+02
36 2.531330e+02
37 2.261350e+02
38 2.020770e+02
39 1.797520e+02
40 1.599330e+02
