1 1.418960e+04
2 1.266010e+04
3 1.127720e+04
4 1.004590e+04
5 8.958830e+03
6 7.984820e+03
7 7.116190e+03
8 6.340070e+03
9 5.652450e+03
10 5.036740e+03
11 4.487970e+03
12 4.001120e+03
13 3.565400e+03
14 3.178120e+03
15 2.831950e+03
16 2.524400e+03
17 2.249910e+03
18 2.004640e+03
19 1.787240e+03
20 1.592550e+03
21 1.419190e+03
22 1.265240e+03
23 1.127370e+03
24 1.004670e+03
25 8.955550e+02
26 7.982350e+02
27 7.112830e+02
28 6.338930e+02
29 5.651730e+02
30 5.035860e+02
31 4.487250e+02
32 4.001880e+02
33 3.569370e+02
34 3.183570e+02
35 2.835490e+02
36 2.530170e+02
37 2.261260e+02
38 2.022240e+02
39 1.798120e+02
40 1.597590e+02
