1 1.418850e+04
2 1.265910e+04
3 1.127630e+04
4 1.004510e+04
5 8.958130e+03
6 7.984210e+03
7 7.115650e+03
8 6.339600e+03
9 5.652040e+03
10 5.036380e+03
11 4.487660e+03
12 4.000860e+03
13 3.565170e+03
14 3.177930e+03
15 2.831780e+03
16 2.524250e+03
17 2.249790e+03
18 2.004540e+03
19 1.787150e+03
20 1.592470e+03
21 1.419130e+03
22 1.265210e+03
23 1.127370e+03
24 1.004680e+03
25 8.955890e+02
26 7.982780e+02
27 7.113300e+02
28 6.339360e+02
29 5.652160e+02
30 5.036990e+02
31 4.489650e+02
32 4.003890e+02
33 3.569030e+02
34 3.182640e+02
35 2.837570e+02
36 2.531720e+02
37 2.261300e+02
38 2.020240e+02
39 1.797390e+02
40 1.599900e+02
