1 1.418840e+04
2 1.265900e+04
3 1.127620e+04
4 1.004510e+04
5 8.958060e+03
6 7.984150e+03
7 7.115600e+03
8 6.339550e+03
9 5.651990e+03
10 5.036340e+03
11 4.487630e+03
12 4.000830e+03
13 3.565150e+03
14 3.177910e+03
15 2.831770e+03
16 2.524240e+03
17 2.249780e+03
18 2.004530e+03
19 1.787150e+03
20 1.592470e+03
21 1.419140e+03
22 1.265220e+03
23 1.127380e+03
24 1.004700e+03
25 8.956060e+02
26 7.983000e+02
27 7.113590e+02
28 6.339710e+02
29 5.652570e+02
30 5.037420e+02
31 4.490030e+02
32 4.004140e+02
33 3.569190e+02
34 3.182870e+02
35 2.837930e+02
36 2.532010e+02
37 2.261180e+02
38 2.019820e+02
39 1.797340e+02
40 1.600290e+02
