1 9.445990e+00
2 8.432440e+00
3 7.516580e+00
4 6.701840e+00
5 5.983200e+00
6 5.340110e+00
7 4.767500e+00
8 4.256870e+00
9 3.805590e+00
10 3.402750e+00
11 3.045100e+00
12 2.729380e+00
13 2.448510e+00
14 2.200790e+00
15 1.981460e+00
16 1.788930e+00
17 1.619630e+00
18 1.471090e+00
19 1.342440e+00
20 1.230370e+00
21 1.133960e+00
22 1.051860e+00
23 9.818750e-01
24 9.231810e-01
25 8.745010e-01
26 8.343920e-01
27 8.015970e-01
28 7.751450e-01
29 7.540220e-01
30 7.370510e-01
31 7.235640e-01
32 7.128940e-01
33 7.043600e-01
34 6.976080e-01
35 6.922230e-01
36 6.879600e-01
37 6.845970e-01
38 6.819400e-01
39 6.797570e-01
40 6.780310e-01
