1 8.186370e+00
2 7.309310e+00
3 6.516950e+00
4 5.812260e+00
5 5.190890e+00
6 4.635080e+00
7 4.140430e+00
8 3.699610e+00
9 3.310350e+00
10 2.963220e+00
11 2.655430e+00
12 2.384150e+00
13 2.143300e+00
14 1.931390e+00
15 1.744340e+00
16 1.580760e+00
17 1.437570e+00
18 1.312640e+00
19 1.205160e+00
20 1.112270e+00
21 1.033100e+00
22 9.664010e-01
23 9.101970e-01
24 8.636550e-01
25 8.255490e-01
26 7.945330e-01
27 7.694410e-01
28 7.493740e-01
29 7.334420e-01
30 7.206830e-01
31 7.105600e-01
32 7.025540e-01
33 6.961510e-01
34 6.910850e-01
35 6.870440e-01
36 6.838450e-01
37 6.813210e-01
38 6.793260e-01
39 6.776860e-01
40 6.763890e-01
