1 1 1.847320e-02
1 2 6.838930e-03
1 3 8.970370e-03
1 4 1.087930e-02
1 5 1.384470e-02
1 6 1.743210e-02
1 7 2.184340e-02
1 8 2.748540e-02
1 9 3.433020e-02
1 10 4.317760e-02
1 11 5.395690e-02
1 12 6.739610e-02
1 13 8.394950e-02
1 14 1.045830e-01
1 15 1.294940e-01
1 16 1.600570e-01
1 17 1.966730e-01
1 18 2.401680e-01
1 19 2.907690e-01
1 20 3.490030e-01
1 21 4.133560e-01
1 22 4.821570e-01
1 23 5.512850e-01
1 24 6.147760e-01
1 25 6.646210e-01
1 26 6.909030e-01
1 27 6.834990e-01
1 28 6.354990e-01
1 29 5.465900e-01
1 30 4.263470e-01
1 31 2.942170e-01
1 32 1.741480e-01
1 33 8.508790e-02
1 34 3.271430e-02
1 35 9.329270e-03
1 36 1.834230e-03
1 37 2.271270e-04
1 38 1.586670e-05
1 39 6.124640e-07
1 40 6.862760e-08
2 1 1.465430e-02
2 2 5.974240e-03
2 3 8.007440e-03
2 4 9.713860e-03
2 5 1.236160e-02
2 6 1.556460e-02
2 7 1.950340e-02
2 8 2.454100e-02
2 9 3.065260e-02
2 10 3.855240e-02
2 11 4.817700e-02
2 12 6.017730e-02
2 13 7.495720e-02
2 14 9.337910e-02
2 15 1.156230e-01
2 16 1.429140e-01
2 17 1.756080e-01
2 18 2.144530e-01
2 19 2.596400e-01
2 20 3.116390e-01
2 21 3.691050e-01
2 22 4.305450e-01
2 23 4.922820e-01
2 24 5.489830e-01
2 25 5.935000e-01
2 26 6.170250e-01
2 27 6.104490e-01
2 28 5.676240e-01
2 29 4.882590e-01
2 30 3.808940e-01
2 31 2.628920e-01
2 32 1.556360e-01
2 33 7.606180e-02
2 34 2.925290e-02
2 35 8.345310e-03
2 36 1.641550e-03
2 37 2.033800e-04
2 38 1.422060e-05
2 39 5.492790e-07
2 40 6.155300e-08
3 1 1.155820e-02
3 2 4.840760e-03
3 3 6.984260e-03
3 4 8.659470e-03
3 5 1.102170e-02
3 6 1.387750e-02
3 7 1.738940e-02
3 8 2.188100e-02
3 9 2.733030e-02
3 10 3.437390e-02
3 11 4.295520e-02
3 12 5.365540e-02
3 13 6.683350e-02
3 14 8.325860e-02
3 15 1.030910e-01
3 16 1.274260e-01
3 17 1.565780e-01
3 18 1.912180e-01
3 19 2.315180e-01
3 20 2.778860e-01
3 21 3.291300e-01
3 22 3.839210e-01
3 23 4.389840e-01
3 24 4.895560e-01
3 25 5.292720e-01
3 26 5.502920e-01
3 27 5.444750e-01
3 28 5.063280e-01
3 29 4.355870e-01
3 30 3.398580e-01
3 31 2.346150e-01
3 32 1.389300e-01
3 33 6.791820e-02
3 34 2.613100e-02
3 35 7.458250e-03
3 36 1.467900e-03
3 37 1.819900e-04
3 38 1.274410e-05
3 39 5.057120e-07
3 40 5.520140e-08
4 1 9.015310e-03
4 2 3.805910e-03
4 3 5.656930e-03
4 4 7.565530e-03
4 5 9.828860e-03
4 6 1.237720e-02
4 7 1.550930e-02
4 8 1.951530e-02
4 9 2.437550e-02
4 10 3.065760e-02
4 11 3.831120e-02
4 12 4.785480e-02
4 13 5.960870e-02
4 14 7.425910e-02
4 15 9.194800e-02
4 16 1.136510e-01
4 17 1.396540e-01
4 18 1.705510e-01
4 19 2.065080e-01
4 20 2.478710e-01
4 21 2.935830e-01
4 22 3.424620e-01
4 23 3.915910e-01
4 24 4.367210e-01
4 25 4.721820e-01
4 26 4.909560e-01
4 27 4.858250e-01
4 28 4.518440e-01
4 29 3.887760e-01
4 30 3.033940e-01
4 31 2.094950e-01
4 32 1.240940e-01
4 33 6.068860e-02
4 34 2.336080e-02
4 35 6.671590e-03
4 36 1.313980e-03
4 37 1.630430e-04
4 38 1.144400e-05
4 39 4.847440e-07
4 40 4.959070e-08
5 1 7.254660e-03
5 2 3.029580e-03
5 3 4.491390e-03
5 4 6.146470e-03
5 5 8.601410e-03
5 6 1.105330e-02
5 7 1.385150e-02
5 8 1.742930e-02
5 9 2.177010e-02
5 10 2.738080e-02
5 11 3.421650e-02
5 12 4.274000e-02
5 13 5.323810e-02
5 14 6.632350e-02
5 15 8.212290e-02
5 16 1.015070e-01
5 17 1.247320e-01
5 18 1.523290e-01
5 19 1.844500e-01
5 20 2.214080e-01
5 21 2.622430e-01
5 22 3.059110e-01
5 23 3.498100e-01
5 24 3.901470e-01
5 25 4.218680e-01
5 26 4.386650e-01
5 27 4.341360e-01
5 28 4.038330e-01
5 29 3.475340e-01
5 30 2.712760e-01
5 31 1.873740e-01
5 32 1.110340e-01
5 33 5.432770e-02
5 34 2.092480e-02
5 35 5.980240e-03
5 36 1.178820e-03
5 37 1.464350e-04
5 38 1.030030e-05
5 39 4.536790e-07
5 40 4.468890e-08
6 1 5.758330e-03
6 2 2.392820e-03
6 3 3.552010e-03
6 4 4.866670e-03
6 5 6.979540e-03
6 6 9.674650e-03
6 7 1.236800e-02
6 8 1.556350e-02
6 9 1.943960e-02
6 10 2.444970e-02
6 11 3.055380e-02
6 12 3.816510e-02
6 13 4.753990e-02
6 14 5.922500e-02
6 15 7.333470e-02
6 16 9.064520e-02
6 17 1.113860e-01
6 18 1.360330e-01
6 19 1.647160e-01
6 20 1.977400e-01
6 21 2.342150e-01
6 22 2.732250e-01
6 23 3.124480e-01
6 24 3.485060e-01
6 25 3.768910e-01
6 26 3.919290e-01
6 27 3.879350e-01
6 28 3.609270e-01
6 29 3.106850e-01
6 30 2.425870e-01
6 31 1.676240e-01
6 32 9.937820e-02
6 33 4.865450e-02
6 34 1.875390e-02
6 35 5.364530e-03
6 36 1.058610e-03
6 37 1.316970e-04
6 38 9.282140e-06
6 39 4.094630e-07
6 40 4.035790e-08
7 1 4.435520e-03
7 2 1.836610e-03
7 3 2.757610e-03
7 4 3.812810e-03
7 5 5.499560e-03
7 6 7.835230e-03
7 7 1.083260e-02
7 8 1.390260e-02
7 9 1.736560e-02
7 10 2.184130e-02
7 11 2.729440e-02
7 12 3.409380e-02
7 13 4.246880e-02
7 14 5.290820e-02
7 15 6.551360e-02
7 16 8.097970e-02
7 17 9.951020e-02
7 18 1.215310e-01
7 19 1.471610e-01
7 20 1.766730e-01
7 21 2.092780e-01
7 22 2.441430e-01
7 23 2.792140e-01
7 24 3.114770e-01
7 25 3.368770e-01
7 26 3.503660e-01
7 27 3.468650e-01
7 28 3.227900e-01
7 29 2.779360e-01
7 30 2.171000e-01
7 31 1.500860e-01
7 32 8.903480e-02
7 33 4.362360e-02
7 34 1.683030e-02
7 35 4.819620e-03
7 36 9.524570e-04
7 37 1.187030e-04
7 38 8.397300e-06
7 39 3.707100e-07
7 40 3.656620e-08
8 1 3.470330e-03
8 2 1.437280e-03
8 3 2.160090e-03
8 4 2.994840e-03
8 5 4.329240e-03
8 6 6.179620e-03
8 7 8.762500e-03
8 8 1.217820e-02
8 9 1.551740e-02
8 10 1.951690e-02
8 11 2.438990e-02
8 12 3.046590e-02
8 13 3.795010e-02
8 14 4.727940e-02
8 15 5.854460e-02
8 16 7.236710e-02
8 17 8.892890e-02
8 18 1.086110e-01
8 19 1.315220e-01
8 20 1.579010e-01
8 21 1.870610e-01
8 22 2.182400e-01
8 23 2.496120e-01
8 24 2.784910e-01
8 25 3.012410e-01
8 26 3.133600e-01
8 27 3.103090e-01
8 28 2.888580e-01
8 29 2.488100e-01
8 30 1.944390e-01
8 31 1.345010e-01
8 32 7.985050e-02
8 33 3.916080e-02
8 34 1.512590e-02
8 35 4.337610e-03
8 36 8.587530e-04
8 37 1.072590e-04
8 38 7.620760e-06
8 39 3.851390e-07
8 40 3.325450e-08
9 1 2.839460e-03
9 2 1.152800e-03
9 3 1.704010e-03
9 4 2.345680e-03
9 5 3.403440e-03
9 6 4.876570e-03
9 7 6.929040e-03
9 8 9.870000e-03
9 9 1.361950e-02
9 10 1.746470e-02
9 11 2.182540e-02
9 12 2.726280e-02
9 13 3.396060e-02
9 14 4.230950e-02
9 15 5.239170e-02
9 16 6.476340e-02
9 17 7.958730e-02
9 18 9.720590e-02
9 19 1.177170e-01
9 20 1.413310e-01
9 21 1.674510e-01
9 22 1.953820e-01
9 23 2.234900e-01
9 24 2.493770e-01
9 25 2.698040e-01
9 26 2.807250e-01
9 27 2.780820e-01
9 28 2.589580e-01
9 29 2.231640e-01
9 30 1.744940e-01
9 31 1.207940e-01
9 32 7.178130e-02
9 33 3.524500e-02
9 34 1.363280e-02
9 35 3.916410e-03
9 36 7.771010e-04
9 37 9.731990e-05
9 38 6.947510e-06
9 39 4.587050e-07
9 40 3.041050e-08
10 1 2.223520e-03
10 2 9.014090e-04
10 3 1.337850e-03
10 4 1.845480e-03
10 5 2.676260e-03
10 6 3.840060e-03
10 7 5.464500e-03
10 8 7.793370e-03
10 9 1.102250e-02
10 10 1.533170e-02
10 11 1.953880e-02
10 12 2.440680e-02
10 13 3.040330e-02
10 14 3.787870e-02
10 15 4.690590e-02
10 16 5.798400e-02
10 17 7.125910e-02
10 18 8.703870e-02
10 19 1.054100e-01
10 20 1.265640e-01
10 21 1.499680e-01
10 22 1.750120e-01
10 23 2.002190e-01
10 24 2.234470e-01
10 25 2.418080e-01
10 26 2.516830e-01
10 27 2.493960e-01
10 28 2.323580e-01
10 29 2.003610e-01
10 30 1.567800e-01
10 31 1.086270e-01
10 32 6.462810e-02
10 33 3.177900e-02
10 34 1.231420e-02
10 35 3.545470e-03
10 36 7.054260e-04
10 37 8.863850e-05
10 38 6.357210e-06
10 39 4.527790e-07
10 40 2.797230e-08
11 1 1.716230e-03
11 2 6.954060e-04
11 3 1.029710e-03
11 4 1.417050e-03
11 5 2.056120e-03
11 6 2.970010e-03
11 7 4.260000e-03
11 8 6.107430e-03
11 9 8.670150e-03
11 10 1.238410e-02
11 11 1.716430e-02
11 12 2.187590e-02
11 13 2.725090e-02
11 14 3.395190e-02
11 15 4.204480e-02
11 16 5.197660e-02
11 17 6.387950e-02
11 18 7.802980e-02
11 19 9.450570e-02
11 20 1.134840e-01
11 21 1.344810e-01
11 22 1.569700e-01
11 23 1.796130e-01
11 24 2.004960e-01
11 25 2.170330e-01
11 26 2.259890e-01
11 27 2.240340e-01
11 28 2.088520e-01
11 29 1.802280e-01
11 30 1.411600e-01
11 31 9.791290e-02
11 32 5.833780e-02
11 33 2.873800e-02
11 34 1.116070e-02
11 35 3.222240e-03
11 36 6.432820e-04
11 37 8.116650e-05
11 38 5.851040e-06
11 39 4.177560e-07
11 40 2.592290e-08
12 1 1.403680e-03
12 2 5.680070e-04
12 3 8.376440e-04
12 4 1.144200e-03
12 5 1.640890e-03
12 6 2.332190e-03
12 7 3.323910e-03
12 8 4.786380e-03
12 9 6.824170e-03
12 10 9.767540e-03
12 11 1.388530e-02
12 12 1.925980e-02
12 13 2.447420e-02
12 14 3.049300e-02
12 15 3.776270e-02
12 16 4.668540e-02
12 17 5.737990e-02
12 18 7.009560e-02
12 19 8.490540e-02
12 20 1.019650e-01
12 21 1.208510e-01
12 22 1.410870e-01
12 23 1.614790e-01
12 24 1.803110e-01
12 25 1.952500e-01
12 26 2.033970e-01
12 27 2.017660e-01
12 28 1.882300e-01
12 29 1.625830e-01
12 30 1.274920e-01
12 31 8.855870e-02
12 32 5.285680e-02
12 33 2.609680e-02
12 34 1.016290e-02
12 35 2.944210e-03
12 36 5.902290e-04
12 37 7.485560e-05
12 38 5.429100e-06
12 39 3.887950e-07
12 40 2.424790e-08
13 1 1.043320e-03
13 2 4.222870e-04
13 3 6.226550e-04
13 4 8.493850e-04
13 5 1.218040e-03
13 6 1.742340e-03
13 7 2.500600e-03
13 8 3.630810e-03
13 9 5.246630e-03
13 10 7.589560e-03
13 11 1.086100e-02
13 12 1.551500e-02
13 13 2.155880e-02
13 14 2.742690e-02
13 15 3.396680e-02
13 16 4.199500e-02
13 17 5.161900e-02
13 18 6.306390e-02
13 19 7.639680e-02
13 20 9.175940e-02
13 21 1.087780e-01
13 22 1.270190e-01
13 23 1.454250e-01
13 24 1.624450e-01
13 25 1.759830e-01
13 26 1.834280e-01
13 27 1.820930e-01
13 28 1.700320e-01
13 29 1.470330e-01
13 30 1.154620e-01
13 31 8.034760e-02
13 32 4.806010e-02
13 33 2.379380e-02
13 34 9.297700e-03
13 35 2.704860e-03
13 36 5.450300e-04
13 37 6.955960e-05
13 38 5.085390e-06
13 39 3.651980e-07
13 40 2.292270e-08
14 1 8.823150e-04
14 2 3.571010e-04
14 3 5.264680e-04
14 4 7.180240e-04
14 5 1.027290e-03
14 6 1.458220e-03
14 7 2.066610e-03
14 8 2.946780e-03
14 9 4.178220e-03
14 10 6.009400e-03
14 11 8.587590e-03
14 12 1.224360e-02
14 13 1.742360e-02
14 14 2.422170e-02
14 15 3.062990e-02
14 16 3.787160e-02
14 17 4.655510e-02
14 18 5.688360e-02
14 19 6.891980e-02
14 20 8.279430e-02
14 21 9.817420e-02
14 22 1.146710e-01
14 23 1.313390e-01
14 24 1.467780e-01
14 25 1.591020e-01
14 26 1.659500e-01
14 27 1.648930e-01
14 28 1.541510e-01
14 29 1.334880e-01
14 30 1.050090e-01
14 31 7.324070e-02
14 32 4.392840e-02
14 33 2.182200e-02
14 34 8.563180e-03
14 35 2.504020e-03
14 36 5.077260e-04
14 37 6.529450e-05
14 38 4.820030e-06
14 39 3.471440e-07
14 40 2.195460e-08
15 1 6.952030e-04
15 2 2.813900e-04
15 3 4.148700e-04
15 4 5.658420e-04
15 5 8.092900e-04
15 6 1.147140e-03
15 7 1.621220e-03
15 8 2.311330e-03
15 9 3.290090e-03
15 10 4.731270e-03
15 11 6.755770e-03
15 12 9.633430e-03
15 13 1.370690e-02
15 14 1.955610e-02
15 15 2.710690e-02
15 16 3.424350e-02
15 17 4.209920e-02
15 18 5.144670e-02
15 19 6.234290e-02
15 20 7.491340e-02
15 21 8.885260e-02
15 22 1.038240e-01
15 23 1.189670e-01
15 24 1.330300e-01
15 25 1.443020e-01
15 26 1.506440e-01
15 27 1.498540e-01
15 28 1.402880e-01
15 29 1.216960e-01
15 30 9.594280e-02
15 31 6.709990e-02
15 32 4.038240e-02
15 33 2.014330e-02
15 34 7.945150e-03
15 35 2.337870e-03
15 36 4.776500e-04
15 37 6.199520e-05
15 38 4.626930e-06
15 39 3.346530e-07
15 40 2.135770e-08
16 1 5.366130e-04
16 2 2.172420e-04
16 3 3.202910e-04
16 4 4.368700e-04
16 5 6.248380e-04
16 6 8.855210e-04
16 7 1.250010e-03
16 8 1.777270e-03
16 9 2.523320e-03
16 10 3.629740e-03
16 11 5.211600e-03
16 12 7.485070e-03
16 13 1.070500e-02
16 14 1.531900e-02
16 15 2.185030e-02
16 16 3.039610e-02
16 17 3.822280e-02
16 18 4.671700e-02
16 19 5.662410e-02
16 20 6.806050e-02
16 21 8.075500e-02
16 22 9.440370e-02
16 23 1.082310e-01
16 24 1.211150e-01
16 25 1.314940e-01
16 26 1.374130e-01
16 27 1.368870e-01
16 28 1.283680e-01
16 29 1.115960e-01
16 30 8.821640e-02
16 31 6.189940e-02
16 32 3.740710e-02
16 33 1.875320e-02
16 34 7.442990e-03
16 35 2.206740e-03
16 36 4.550070e-04
16 37 5.971200e-05
16 38 4.526760e-06
16 39 3.281150e-07
16 40 2.115750e-08
17 1 4.356440e-04
17 2 1.763290e-04
17 3 2.599750e-04
17 4 3.545640e-04
17 5 5.071250e-04
17 6 7.186920e-04
17 7 1.014360e-03
17 8 1.440250e-03
17 9 2.035720e-03
17 10 2.909020e-03
17 11 4.146560e-03
17 12 5.919860e-03
17 13 8.435570e-03
17 14 1.204670e-02
17 15 1.715330e-02
17 16 2.450640e-02
17 17 3.403580e-02
17 18 4.259450e-02
17 19 5.165030e-02
17 20 6.210210e-02
17 21 7.371890e-02
17 22 8.622540e-02
17 23 9.892570e-02
17 24 1.107980e-01
17 25 1.204250e-01
17 26 1.260110e-01
17 27 1.257430e-01
17 28 1.181700e-01
17 29 1.030020e-01
17 30 8.169140e-02
17 31 5.755300e-02
17 32 3.495560e-02
17 33 1.763200e-02
17 34 7.050780e-03
17 35 2.109550e-03
17 36 4.397560e-04
17 37 5.846940e-05
17 38 4.509950e-06
17 39 3.278460e-07
17 40 2.135770e-08
18 1 3.369160e-04
18 2 1.364240e-04
18 3 2.011450e-04
18 4 2.743530e-04
18 5 3.923930e-04
18 6 5.561240e-04
18 7 7.849470e-04
18 8 1.113710e-03
18 9 1.571770e-03
18 10 2.241950e-03
18 11 3.193110e-03
18 12 4.567560e-03
18 13 6.536190e-03
18 14 9.367550e-03
18 15 1.337420e-02
18 16 1.913560e-02
18 17 2.738990e-02
18 18 3.807700e-02
18 19 4.736170e-02
18 20 5.697820e-02
18 21 6.766980e-02
18 22 7.920390e-02
18 23 9.094700e-02
18 24 1.019690e-01
18 25 1.109770e-01
18 26 1.163120e-01
18 27 1.163040e-01
18 28 1.095790e-01
18 29 9.581880e-02
18 30 7.629580e-02
18 31 5.401570e-02
18 32 3.300350e-02
18 33 1.677060e-02
18 34 6.766520e-03
18 35 2.046550e-03
18 36 4.321920e-04
18 37 5.835680e-05
18 38 4.580400e-06
18 39 3.348410e-07
18 40 2.203940e-08
19 1 2.500840e-04
19 2 1.013290e-04
19 3 1.494100e-04
19 4 2.038090e-04
19 5 2.915370e-04
19 6 4.132200e-04
19 7 5.833320e-04
19 8 8.277740e-04
19 9 1.167510e-03
19 10 1.662730e-03
19 11 2.364940e-03
19 12 3.385670e-03
19 13 4.873340e-03
19 14 7.071400e-03
19 15 1.021990e-02
19 16 1.474540e-02
19 17 2.122300e-02
19 18 3.055760e-02
19 19 4.258370e-02
19 20 5.267510e-02
19 21 6.260270e-02
19 22 7.333070e-02
19 23 8.429080e-02
19 24 9.462690e-02
19 25 1.031500e-01
19 26 1.083180e-01
19 27 1.085680e-01
19 28 1.026040e-01
19 29 9.006100e-02
19 30 7.204800e-02
19 31 5.130550e-02
19 32 3.156990e-02
19 33 1.618210e-02
19 34 6.598280e-03
19 35 2.021280e-03
19 36 4.334110e-04
19 37 5.959080e-05
19 38 4.767100e-06
19 39 3.510250e-07
19 40 2.338510e-08
20 1 2.038430e-04
20 2 8.257840e-05
20 3 1.217590e-04
20 4 1.660750e-04
20 5 2.375550e-04
20 6 3.367010e-04
20 7 4.752360e-04
20 8 6.742710e-04
20 9 9.506570e-04
20 10 1.351870e-03
20 11 1.914470e-03
20 12 2.718720e-03
20 13 3.866530e-03
20 14 5.523350e-03
20 15 7.917640e-03
20 16 1.143160e-02
20 17 1.646500e-02
20 18 2.370720e-02
20 19 3.415820e-02
20 20 4.763890e-02
20 21 5.832780e-02
20 22 6.839360e-02
20 23 7.870830e-02
20 24 8.850840e-02
20 25 9.666860e-02
20 26 1.017540e-01
20 27 1.022880e-01
20 28 9.703360e-02
20 29 8.556710e-02
20 30 6.884520e-02
20 31 4.937010e-02
20 32 3.064010e-02
20 33 1.586890e-02
20 34 6.551950e-03
20 35 2.037340e-03
20 36 4.446310e-04
20 37 6.241100e-05
20 38 5.096210e-06
20 39 3.779430e-07
20 40 2.548890e-08
21 1 1.604040e-04
21 2 6.496720e-05
21 3 9.579230e-05
21 4 1.306590e-04
21 5 1.868860e-04
21 6 2.648860e-04
21 7 3.738950e-04
21 8 5.305050e-04
21 9 7.480130e-04
21 10 1.063700e-03
21 11 1.506160e-03
21 12 2.137610e-03
21 13 3.038520e-03
21 14 4.347090e-03
21 15 6.216470e-03
21 16 8.912510e-03
21 17 1.277650e-02
21 18 1.834970e-02
21 19 2.640290e-02
21 20 3.814900e-02
21 21 5.318410e-02
21 22 6.443530e-02
21 23 7.426570e-02
21 24 8.366640e-02
21 25 9.159370e-02
21 26 9.669490e-02
21 27 9.754290e-02
21 28 9.294130e-02
21 29 8.240870e-02
21 30 6.675290e-02
21 31 4.826560e-02
21 32 3.025830e-02
21 33 1.586080e-02
21 34 6.644450e-03
21 35 2.102160e-03
21 36 4.682030e-04
21 37 6.729810e-05
21 38 5.640290e-06
21 39 4.198000e-07
21 40 2.872340e-08
22 1 1.224990e-04
22 2 4.962500e-05
22 3 7.316900e-05
22 4 9.980680e-05
22 5 1.427620e-04
22 6 2.023460e-04
22 7 2.856420e-04
22 8 4.053140e-04
22 9 5.715730e-04
22 10 8.129440e-04
22 11 1.151230e-03
22 12 1.633590e-03
22 13 2.320270e-03
22 14 3.315920e-03
22 15 4.742670e-03
22 16 6.810020e-03
22 17 9.776810e-03
22 18 1.405790e-02
22 19 2.024940e-02
22 20 2.929030e-02
22 21 4.249640e-02
22 22 5.936280e-02
22 23 7.096600e-02
22 24 8.011440e-02
22 25 8.794250e-02
22 26 9.316250e-02
22 27 9.436710e-02
22 28 9.037890e-02
22 29 8.067040e-02
22 30 6.586290e-02
22 31 4.807270e-02
22 32 3.048660e-02
22 33 1.620450e-02
22 34 6.902270e-03
22 35 2.227270e-03
22 36 5.077130e-04
22 37 7.498100e-05
22 38 6.477000e-06
22 39 4.826560e-07
22 40 3.348540e-08
23 1 9.018130e-05
23 2 3.658540e-05
23 3 5.394750e-05
23 4 7.358810e-05
23 5 1.052670e-04
23 6 1.492220e-04
23 7 2.106690e-04
23 8 2.990090e-04
23 9 4.217410e-04
23 10 6.000020e-04
23 11 8.500540e-04
23 12 1.206670e-03
23 13 1.713630e-03
23 14 2.445840e-03
23 15 3.493670e-03
23 16 5.026580e-03
23 17 7.262960e-03
23 18 1.052960e-02
23 19 1.526640e-02
23 20 2.219110e-02
23 21 3.231980e-02
23 22 4.725830e-02
23 23 6.618130e-02
23 24 7.785390e-02
23 25 8.572740e-02
23 26 9.116480e-02
23 27 9.279250e-02
23 28 8.938840e-02
23 29 8.037700e-02
23 30 6.621100e-02
23 31 4.886220e-02
23 32 3.140010e-02
23 33 1.695820e-02
23 34 7.361100e-03
23 35 2.429150e-03
23 36 5.685860e-04
23 37 8.659680e-05
23 38 7.740320e-06
23 39 5.761260e-07
23 40 4.056910e-08
24 1 6.788520e-05
24 2 2.757850e-05
24 3 4.066530e-05
24 4 5.547550e-05
24 5 7.936470e-05
24 6 1.125040e-04
24 7 1.588470e-04
24 8 2.254580e-04
24 9 3.180400e-04
24 10 4.525410e-04
24 11 6.412030e-04
24 12 9.104690e-04
24 13 1.293420e-03
24 14 1.845200e-03
24 15 2.631540e-03
24 16 3.776450e-03
24 17 5.441610e-03
24 18 7.882000e-03
24 19 1.145160e-02
24 20 1.668680e-02
24 21 2.435750e-02
24 22 3.569990e-02
24 23 5.251970e-02
24 24 7.364440e-02
24 25 8.497590e-02
24 26 9.077450e-02
24 27 9.291490e-02
24 28 9.011880e-02
24 29 8.170220e-02
24 30 6.801080e-02
24 31 5.082420e-02
24 32 3.315830e-02
24 33 1.823690e-02
24 34 8.088540e-03
24 35 2.738120e-03
24 36 6.603270e-04
24 37 1.040960e-04
24 38 9.672630e-06
24 39 6.341850e-07
24 40 5.109640e-08
25 1 5.012660e-05
25 2 2.036120e-05
25 3 3.002540e-05
25 4 4.096150e-05
25 5 5.860300e-05
25 6 8.308470e-05
25 7 1.173220e-04
25 8 1.665560e-04
25 9 2.350170e-04
25 10 3.344950e-04
25 11 4.740980e-04
25 12 6.734170e-04
25 13 9.570090e-04
25 14 1.366010e-03
25 15 1.948160e-03
25 16 2.793540e-03
25 17 4.023410e-03
25 18 5.826880e-03
25 19 8.472950e-03
25 20 1.237690e-02
25 21 1.811780e-02
25 22 2.663320e-02
25 23 3.931280e-02
25 24 5.826850e-02
25 25 8.184690e-02
25 26 9.223900e-02
25 27 9.500650e-02
25 28 9.287390e-02
25 29 8.498610e-02
25 30 7.157670e-02
25 31 5.425130e-02
25 32 3.600260e-02
25 33 2.020830e-02
25 34 9.182880e-03
25 35 3.198200e-03
25 36 7.974260e-04
25 37 1.306630e-04
25 38 1.268080e-05
25 39 7.236190e-07
25 40 6.712600e-08
26 1 3.362070e-05
26 2 1.368480e-05
26 3 2.018290e-05
26 4 2.753900e-05
26 5 3.940750e-05
26 6 5.588870e-05
26 7 7.894670e-05
26 8 1.121200e-04
26 9 1.582780e-04
26 10 2.254170e-04
26 11 3.197650e-04
26 12 4.546960e-04
26 13 6.470240e-04
26 14 9.249950e-04
26 15 1.321580e-03
26 16 1.897640e-03
26 17 2.732810e-03
26 18 3.963400e-03
26 19 5.796290e-03
26 20 8.569380e-03
26 21 1.276830e-02
26 22 1.911640e-02
26 23 2.862140e-02
26 24 4.291730e-02
26 25 6.451490e-02
26 26 9.101300e-02
26 27 9.975240e-02
26 28 9.831590e-02
26 29 9.086650e-02
26 30 7.746430e-02
26 31 5.961370e-02
26 32 4.029200e-02
26 33 2.312060e-02
26 34 1.078800e-02
26 35 3.877620e-03
26 36 1.003570e-03
26 37 1.718490e-04
26 38 1.753900e-05
26 39 1.013520e-06
26 40 9.285550e-08
27 1 2.462060e-05
27 2 1.003840e-05
27 3 1.480530e-05
27 4 2.020170e-05
27 5 2.891000e-05
27 6 4.099800e-05
27 7 5.792070e-05
27 8 8.226810e-05
27 9 1.161440e-04
27 10 1.654490e-04
27 11 2.347510e-04
27 12 3.338570e-04
27 13 4.752400e-04
27 14 6.797220e-04
27 15 9.717440e-04
27 16 1.396370e-03
27 17 2.012020e-03
27 18 2.912810e-03
27 19 4.241200e-03
27 20 6.233160e-03
27 21 9.234160e-03
27 22 1.379500e-02
27 23 2.070920e-02
27 24 3.117700e-02
27 25 4.710080e-02
27 26 7.134380e-02
27 27 1.005510e-01
27 28 1.065770e-01
27 29 9.968450e-02
27 30 8.619400e-02
27 31 6.751290e-02
27 32 4.660970e-02
27 33 2.743260e-02
27 34 1.319020e-02
27 35 4.911690e-03
27 36 1.324570e-03
27 37 2.379020e-04
27 38 2.563060e-05
27 39 1.511000e-06
27 40 1.329610e-07
28 1 1.664830e-05
28 2 6.814400e-06
28 3 1.005180e-05
28 4 1.371770e-05
28 5 1.963340e-05
28 6 2.784930e-05
28 7 3.935070e-05
28 8 5.591040e-05
28 9 7.896810e-05
28 10 1.125340e-04
28 11 1.597660e-04
28 12 2.274040e-04
28 13 3.239870e-04
28 14 4.639100e-04
28 15 6.641820e-04
28 16 9.561190e-04
28 17 1.380580e-03
28 18 2.002970e-03
28 19 2.920010e-03
28 20 4.293710e-03
28 21 6.367480e-03
28 22 9.555990e-03
28 23 1.447420e-02
28 24 2.201390e-02
28 25 3.359380e-02
28 26 5.141090e-02
28 27 7.876990e-02
28 28 1.109790e-01
28 29 1.129710e-01
28 30 9.921300e-02
28 31 7.915200e-02
28 32 5.590770e-02
28 33 3.381820e-02
28 34 1.680150e-02
28 35 6.503710e-03
28 36 1.835830e-03
28 37 3.478000e-04
28 38 3.985990e-05
28 39 2.494990e-06
28 40 2.002740e-07
29 1 1.025460e-05
29 2 4.244670e-06
29 3 6.261920e-06
29 4 8.547280e-06
29 5 1.223690e-05
29 6 1.736320e-05
29 7 2.454610e-05
29 8 3.489370e-05
29 9 4.931530e-05
29 10 7.034000e-05
29 11 9.995890e-05
29 12 1.424460e-04
29 13 2.032750e-04
29 14 2.916260e-04
29 15 4.184860e-04
29 16 6.042110e-04
29 17 8.755830e-04
29 18 1.275770e-03
29 19 1.868960e-03
29 20 2.760180e-03
29 21 4.103610e-03
29 22 6.171610e-03
29 23 9.426420e-03
29 24 1.459110e-02
29 25 2.278440e-02
29 26 3.564090e-02
29 27 5.570220e-02
29 28 8.682270e-02
29 29 1.224710e-01
29 30 1.187390e-01
29 31 9.657700e-02
29 32 6.983180e-02
29 33 4.347480e-02
29 34 2.236460e-02
29 35 9.027330e-03
29 36 2.679020e-03
29 37 5.386170e-04
29 38 6.621720e-05
29 39 4.446800e-06
29 40 3.219860e-07
30 1 6.599120e-06
30 2 2.748060e-06
30 3 4.054850e-06
30 4 5.535650e-06
30 5 7.926670e-06
30 6 1.124960e-05
30 7 1.590730e-05
30 8 2.262070e-05
30 9 3.198320e-05
30 10 4.564370e-05
30 11 6.491360e-05
30 12 9.259110e-05
30 13 1.322750e-04
30 14 1.900370e-04
30 15 2.731860e-04
30 16 3.952760e-04
30 17 5.743640e-04
30 18 8.396680e-04
30 19 1.235070e-03
30 20 1.833120e-03
30 21 2.743600e-03
30 22 4.152890e-03
30 23 6.360230e-03
30 24 9.857440e-03
30 25 1.543940e-02
30 26 2.432380e-02
30 27 3.841690e-02
30 28 6.065810e-02
30 29 9.535270e-02
30 30 1.337450e-01
30 31 1.224720e-01
30 32 9.096260e-02
30 33 5.850150e-02
30 34 3.129380e-02
30 35 1.323300e-02
30 36 4.148250e-03
30 37 8.891920e-04
30 38 1.177630e-04
30 39 8.538040e-06
30 40 5.682870e-07
31 1 3.814600e-06
31 2 1.638060e-06
31 3 2.417500e-06
31 4 3.301000e-06
31 5 4.728080e-06
31 6 6.713050e-06
31 7 9.495810e-06
31 8 1.351040e-05
31 9 1.911660e-05
31 10 2.730100e-05
31 11 3.886500e-05
31 12 5.551130e-05
31 13 7.942800e-05
31 14 1.143370e-04
31 15 1.647730e-04
31 16 2.391270e-04
31 17 3.487640e-04
31 18 5.122170e-04
31 19 7.576530e-04
31 20 1.132150e-03
31 21 1.707130e-03
31 22 2.603060e-03
31 23 4.014880e-03
31 24 6.266540e-03
31 25 9.899720e-03
31 26 1.582470e-02
31 27 2.544900e-02
31 28 4.097660e-02
31 29 6.577610e-02
31 30 1.046580e-01
31 31 1.456650e-01
31 32 1.243560e-01
31 33 8.273290e-02
31 34 4.612650e-02
31 35 2.050480e-02
31 36 6.823380e-03
31 37 1.569510e-03
31 38 2.257440e-04
31 39 1.791960e-05
31 40 1.062700e-06
32 1 1.927880e-06
32 2 8.872490e-07
32 3 1.310090e-06
32 4 1.789540e-06
32 5 2.564210e-06
32 6 3.642290e-06
32 7 5.155460e-06
32 8 7.340390e-06
32 9 1.039500e-05
32 10 1.486390e-05
32 11 2.119010e-05
32 12 3.031460e-05
32 13 4.346860e-05
32 14 6.274150e-05
32 15 9.072070e-05
32 16 1.322060e-04
32 17 1.937950e-04
32 18 2.863440e-04
32 19 4.266670e-04
32 20 6.432130e-04
32 21 9.800700e-04
32 22 1.512480e-03
32 23 2.363920e-03
32 24 3.742200e-03
32 25 6.002160e-03
32 26 9.756460e-03
32 27 1.601440e-02
32 28 2.639730e-02
32 29 4.347350e-02
32 30 7.109220e-02
32 31 1.145560e-01
32 32 1.578060e-01
32 33 1.238720e-01
32 34 7.208010e-02
32 35 3.376900e-02
32 36 1.197630e-02
32 37 2.973130e-03
32 38 4.680670e-04
32 39 4.126930e-05
32 40 2.021840e-06
33 1 8.735400e-07
33 2 4.290470e-07
33 3 6.437930e-07
33 4 8.837130e-07
33 5 1.267350e-06
33 6 1.801410e-06
33 7 2.551640e-06
33 8 3.636300e-06
33 9 5.155100e-06
33 10 7.380920e-06
33 11 1.054050e-05
33 12 1.511210e-05
33 13 2.172630e-05
33 14 3.146150e-05
33 15 4.567010e-05
33 16 6.687440e-05
33 17 9.860860e-05
33 18 1.467570e-04
33 19 2.205870e-04
33 20 3.360060e-04
33 21 5.183440e-04
33 22 8.117110e-04
33 23 1.290290e-03
33 24 2.081900e-03
33 25 3.407780e-03
33 26 5.652450e-03
33 27 9.486190e-03
33 28 1.604770e-02
33 29 2.721470e-02
33 30 4.595950e-02
33 31 7.665080e-02
33 32 1.249810e-01
33 33 1.697400e-01
33 34 1.204610e-01
33 35 5.956700e-02
33 36 2.257990e-02
33 37 6.079100e-03
33 38 1.054820e-03
33 39 1.043660e-04
33 40 5.303830e-06
34 1 3.493370e-07
34 2 1.809720e-07
34 3 2.792050e-07
34 4 3.895910e-07
34 5 5.611610e-07
34 6 7.990000e-07
34 7 1.133060e-06
34 8 1.616630e-06
34 9 2.295270e-06
34 10 3.292040e-06
34 11 4.710850e-06
34 12 6.772030e-06
34 13 9.767780e-06
34 14 1.420170e-05
34 15 2.071850e-05
34 16 3.052140e-05
34 17 4.533070e-05
34 18 6.804880e-05
34 19 1.033330e-04
34 20 1.593070e-04
34 21 2.492350e-04
34 22 3.966900e-04
34 23 6.425020e-04
34 24 1.059370e-03
34 25 1.777480e-03
34 26 3.027910e-03
34 27 5.222030e-03
34 28 9.096260e-03
34 29 1.594570e-02
34 30 2.793940e-02
34 31 4.850200e-02
34 32 8.252900e-02
34 33 1.359940e-01
34 34 1.809940e-01
34 35 1.137690e-01
34 36 4.615780e-02
34 37 1.352290e-02
34 38 2.602110e-03
34 39 2.914740e-04
34 40 1.686970e-05
35 1 9.629340e-08
35 2 5.512120e-08
35 3 9.105680e-08
35 4 1.375820e-07
35 5 2.106070e-07
35 6 3.069340e-07
35 7 4.376700e-07
35 8 6.259730e-07
35 9 8.905580e-07
35 10 1.280380e-06
35 11 1.837540e-06
35 12 2.650750e-06
35 13 3.840020e-06
35 14 5.612230e-06
35 15 8.239290e-06
35 16 1.223070e-05
35 17 1.833130e-05
35 18 2.781590e-05
35 19 4.277150e-05
35 20 6.689680e-05
35 21 1.063950e-04
35 22 1.725370e-04
35 23 2.854360e-04
35 24 4.819860e-04
35 25 8.307160e-04
35 26 1.457990e-03
35 27 2.598680e-03
35 28 4.696650e-03
35 29 8.571930e-03
35 30 1.569430e-02
35 31 2.856200e-02
35 32 5.109080e-02
35 33 8.870780e-02
35 34 1.473870e-01
35 35 1.910410e-01
35 36 1.038950e-01
35 37 3.311260e-02
35 38 7.085440e-03
35 39 9.047190e-04
35 40 6.115900e-05
36 1 2.183230e-08
36 2 1.249760e-08
36 3 2.067710e-08
36 4 3.163040e-08
36 5 5.062340e-08
36 6 7.900590e-08
36 7 1.202250e-07
36 8 1.805260e-07
36 9 2.649190e-07
36 10 3.886580e-07
36 11 5.650310e-07
36 12 8.206080e-07
36 13 1.194560e-06
36 14 1.755940e-06
36 15 2.595950e-06
36 16 3.886510e-06
36 17 5.885740e-06
36 18 9.043490e-06
36 19 1.411760e-05
36 20 2.248680e-05
36 21 3.654790e-05
36 22 6.079930e-05
36 23 1.036110e-04
36 24 1.810540e-04
36 25 3.245390e-04
36 26 5.958570e-04
36 27 1.115120e-03
36 28 2.112100e-03
36 29 4.035880e-03
36 30 7.770620e-03
36 31 1.498880e-02
36 32 2.860340e-02
36 33 5.318680e-02
36 34 9.477970e-02
36 35 1.591340e-01
36 36 1.999620e-01
36 37 9.136920e-02
36 38 2.164260e-02
36 39 3.151020e-03
36 40 2.522530e-04
37 1 3.816630e-09
37 2 2.184780e-09
37 3 3.614690e-09
37 4 5.529490e-09
37 5 8.860030e-09
37 6 1.407510e-08
37 7 2.226050e-08
37 8 3.537760e-08
37 9 5.557270e-08
37 10 8.601050e-08
37 11 1.306600e-07
37 12 1.972150e-07
37 13 2.944710e-07
37 14 4.390930e-07
37 15 6.555440e-07
37 16 9.901050e-07
37 17 1.515100e-06
37 18 2.357580e-06
37 19 3.737390e-06
37 20 6.064950e-06
37 21 1.008120e-05
37 22 1.722930e-05
37 23 3.032390e-05
37 24 5.504790e-05
37 25 1.031470e-04
37 26 1.993000e-04
37 27 3.960210e-04
37 28 8.026260e-04
37 29 1.641790e-03
37 30 3.364410e-03
37 31 6.893220e-03
37 32 1.409230e-02
37 33 2.837830e-02
37 34 5.511670e-02
37 35 1.009980e-01
37 36 1.710860e-01
37 37 2.068390e-01
37 38 7.680230e-02
37 39 1.264960e-02
37 40 1.200390e-03
38 1 5.051700e-10
38 2 2.891800e-10
38 3 4.784400e-10
38 4 7.318800e-10
38 5 1.172710e-09
38 6 1.862970e-09
38 7 2.946390e-09
38 8 4.682560e-09
38 9 7.390870e-09
38 10 1.175930e-08
38 11 1.861700e-08
38 12 2.950130e-08
38 13 4.670470e-08
38 14 7.414420e-08
38 15 1.173660e-07
38 16 1.856620e-07
38 17 2.931280e-07
38 18 4.658610e-07
38 19 7.518100e-07
38 20 1.243810e-06
38 21 2.116470e-06
38 22 3.725630e-06
38 23 6.801940e-06
38 24 1.291410e-05
38 25 2.554120e-05
38 26 5.259900e-05
38 27 1.124830e-04
38 28 2.480240e-04
38 29 5.532410e-04
38 30 1.229400e-03
38 31 2.716500e-03
38 32 5.972700e-03
38 33 1.304350e-02
38 34 2.790860e-02
38 35 5.690130e-02
38 36 1.073670e-01
38 37 1.830170e-01
38 38 2.111650e-01
38 39 6.140930e-02
38 40 6.815720e-03
39 1 7.768000e-11
39 2 4.446700e-11
39 3 7.357000e-11
39 4 1.125400e-10
39 5 1.803300e-10
39 6 2.864700e-10
39 7 4.530700e-10
39 8 7.200400e-10
39 9 1.136500e-09
39 10 1.808240e-09
39 11 2.862750e-09
39 12 4.536440e-09
39 13 7.181820e-09
39 14 1.140110e-08
39 15 1.804560e-08
39 16 2.862440e-08
39 17 4.540570e-08
39 18 7.233190e-08
39 19 1.161550e-07
39 20 1.905810e-07
39 21 3.252700e-07
39 22 5.836240e-07
39 23 1.099170e-06
39 24 2.183860e-06
39 25 4.580180e-06
39 26 1.013510e-05
39 27 2.360330e-05
39 28 5.748530e-05
39 29 1.445510e-04
39 30 3.622770e-04
39 31 8.850190e-04
39 32 2.124320e-03
39 33 5.048990e-03
39 34 1.188560e-02
39 35 2.724640e-02
39 36 5.861790e-02
39 37 1.139370e-01
39 38 1.946510e-01
39 39 2.125390e-01
39 40 4.946360e-02
40 1 1.501300e-11
40 2 8.594000e-12
40 3 1.421900e-11
40 4 2.175100e-11
40 5 3.485200e-11
40 6 5.536600e-11
40 7 8.756400e-11
40 8 1.391600e-10
40 9 2.196500e-10
40 10 3.494800e-10
40 11 5.532800e-10
40 12 8.767500e-10
40 13 1.388020e-09
40 14 2.203470e-09
40 15 3.487640e-09
40 16 5.532140e-09
40 17 8.767830e-09
40 18 1.389720e-08
40 19 2.201010e-08
40 20 3.490260e-08
40 21 5.534140e-08
40 22 8.883590e-08
40 23 1.506040e-07
40 24 2.785830e-07
40 25 5.768090e-07
40 26 1.335300e-06
40 27 3.356110e-06
40 28 8.980940e-06
40 29 2.527000e-05
40 30 7.350900e-05
40 31 2.102730e-04
40 32 5.739990e-04
40 33 1.528010e-03
40 34 4.037090e-03
40 35 1.056300e-02
40 36 2.648600e-02
40 37 6.061050e-02
40 38 1.210890e-01
40 39 2.057500e-01
40 40 2.451350e-01
