1 1 1.599190e-02
1 2 5.922750e-03
1 3 7.772030e-03
1 4 9.428850e-03
1 5 1.200350e-02
1 6 1.512090e-02
1 7 1.895890e-02
1 8 2.387400e-02
1 9 2.984830e-02
1 10 3.758600e-02
1 11 4.704060e-02
1 12 5.886950e-02
1 13 7.350480e-02
1 14 9.184830e-02
1 15 1.141620e-01
1 16 1.417850e-01
1 17 1.752770e-01
1 18 2.156800e-01
1 19 2.636380e-01
1 20 3.202620e-01
1 21 3.851240e-01
1 22 4.578800e-01
1 23 5.362480e-01
1 24 6.163580e-01
1 25 6.921190e-01
1 26 7.545120e-01
1 27 7.926870e-01
1 28 7.947570e-01
1 29 7.514190e-01
1 30 6.600260e-01
1 31 5.285960e-01
1 32 3.770090e-01
1 33 2.325920e-01
1 34 1.196700e-01
1 35 4.907620e-02
1 36 1.516740e-02
1 37 3.295860e-03
1 38 4.621430e-04
1 39 3.760940e-05
1 40 1.763910e-06
2 1 1.269300e-02
2 2 5.167310e-03
2 3 6.935520e-03
2 4 8.417200e-03
2 5 1.071560e-02
2 6 1.349860e-02
2 7 1.692470e-02
2 8 2.131250e-02
2 9 2.664580e-02
2 10 3.355330e-02
2 11 4.199370e-02
2 12 5.255370e-02
2 13 6.561910e-02
2 14 8.199360e-02
2 15 1.019130e-01
2 16 1.265740e-01
2 17 1.564710e-01
2 18 1.925430e-01
2 19 2.353650e-01
2 20 2.859170e-01
2 21 3.438220e-01
2 22 4.087760e-01
2 23 4.787440e-01
2 24 5.502700e-01
2 25 6.179150e-01
2 26 6.736160e-01
2 27 7.077490e-01
2 28 7.096260e-01
2 29 6.709660e-01
2 30 5.893990e-01
2 31 4.720750e-01
2 32 3.367340e-01
2 33 2.077730e-01
2 34 1.069190e-01
2 35 4.385650e-02
2 36 1.355790e-02
2 37 2.947090e-03
2 38 4.134110e-04
2 39 3.366540e-05
2 40 1.579660e-06
3 1 1.001330e-02
3 2 4.192000e-03
3 3 6.042760e-03
3 4 7.501070e-03
3 5 9.551830e-03
3 6 1.203260e-02
3 7 1.508660e-02
3 8 1.899790e-02
3 9 2.375190e-02
3 10 2.990930e-02
3 11 3.743310e-02
3 12 4.684660e-02
3 13 5.849330e-02
3 14 7.308950e-02
3 15 9.084530e-02
3 16 1.128290e-01
3 17 1.394790e-01
3 18 1.716360e-01
3 19 2.098140e-01
3 20 2.548840e-01
3 21 3.065030e-01
3 22 3.644090e-01
3 23 4.267860e-01
3 24 4.905570e-01
3 25 5.508720e-01
3 26 6.005370e-01
3 27 6.310050e-01
3 28 6.327170e-01
3 29 5.982880e-01
3 30 5.256030e-01
3 31 4.210250e-01
3 32 3.003610e-01
3 33 1.853630e-01
3 34 9.540790e-02
3 35 3.914550e-02
3 36 1.210560e-02
3 37 2.632530e-03
3 38 3.694710e-04
3 39 3.010880e-05
3 40 1.413830e-06
4 1 7.811740e-03
4 2 3.296980e-03
4 3 4.899130e-03
4 4 6.546640e-03
4 5 8.514930e-03
4 6 1.072850e-02
4 7 1.345150e-02
4 8 1.693880e-02
4 9 2.117770e-02
4 10 2.666770e-02
4 11 3.337610e-02
4 12 4.176960e-02
4 13 5.215400e-02
4 14 6.516920e-02
4 15 8.100100e-02
4 16 1.006010e-01
4 17 1.243650e-01
4 18 1.530380e-01
4 19 1.870810e-01
4 20 2.272790e-01
4 21 2.733080e-01
4 22 3.249440e-01
4 23 3.805710e-01
4 24 4.374450e-01
4 25 4.912420e-01
4 26 5.355520e-01
4 27 5.627420e-01
4 28 5.643210e-01
4 29 5.336610e-01
4 30 4.688790e-01
4 31 3.756400e-01
4 32 2.680300e-01
4 33 1.654470e-01
4 34 8.518060e-02
4 35 3.496130e-02
4 36 1.081630e-02
4 37 2.353410e-03
4 38 3.304960e-04
4 39 2.695320e-05
4 40 1.267100e-06
5 1 6.287270e-03
5 2 2.624960e-03
5 3 3.891050e-03
5 4 5.323460e-03
5 5 7.444650e-03
5 6 9.576950e-03
5 7 1.200930e-02
5 8 1.512270e-02
5 9 1.890710e-02
5 10 2.380850e-02
5 11 2.979780e-02
5 12 3.729140e-02
5 13 4.656270e-02
5 14 5.818300e-02
5 15 7.231800e-02
5 16 8.981650e-02
5 17 1.110330e-01
5 18 1.366340e-01
5 19 1.670300e-01
5 20 2.029260e-01
5 21 2.440320e-01
5 22 2.901390e-01
5 23 3.398110e-01
5 24 3.906040e-01
5 25 4.386540e-01
5 26 4.782480e-01
5 27 5.025490e-01
5 28 5.040150e-01
5 29 4.766820e-01
5 30 4.188760e-01
5 31 3.356380e-01
5 32 2.395400e-01
5 33 1.479010e-01
5 34 7.617340e-02
5 35 3.127780e-02
5 36 9.681890e-03
5 37 2.107920e-03
5 38 2.962420e-04
5 39 2.418650e-05
5 40 1.162110e-06
6 1 4.991760e-03
6 2 2.073770e-03
6 3 3.078020e-03
6 4 4.216590e-03
6 5 6.045570e-03
6 6 8.375480e-03
6 7 1.071780e-02
6 8 1.349760e-02
6 9 1.687530e-02
6 10 2.125010e-02
6 11 2.659570e-02
6 12 3.328420e-02
6 13 4.155960e-02
6 14 5.193130e-02
6 15 6.454820e-02
6 16 8.016750e-02
6 17 9.910420e-02
6 18 1.219550e-01
6 19 1.490870e-01
6 20 1.811300e-01
6 21 2.178370e-01
6 22 2.589980e-01
6 23 3.033440e-01
6 24 3.486970e-01
6 25 3.916080e-01
6 26 4.269910e-01
6 27 4.487110e-01
6 28 4.500770e-01
6 29 4.257270e-01
6 30 3.741650e-01
6 31 2.998790e-01
6 32 2.140780e-01
6 33 1.322260e-01
6 34 6.812960e-02
6 35 2.799010e-02
6 36 8.669980e-03
6 37 1.889060e-03
6 38 2.657400e-04
6 39 2.173120e-05
6 40 1.091080e-06
7 1 3.846510e-03
7 2 1.592320e-03
7 3 2.390480e-03
7 4 3.304630e-03
7 5 4.765600e-03
7 6 6.787530e-03
7 7 9.379080e-03
7 8 1.204990e-02
7 9 1.506630e-02
7 10 1.897200e-02
7 11 2.374470e-02
7 12 2.971630e-02
7 13 3.710460e-02
7 14 4.636490e-02
7 15 5.762990e-02
7 16 7.157560e-02
7 17 8.848450e-02
7 18 1.088870e-01
7 19 1.331140e-01
7 20 1.617250e-01
7 21 1.945090e-01
7 22 2.312740e-01
7 23 2.708790e-01
7 24 3.113920e-01
7 25 3.497360e-01
7 26 3.813710e-01
7 27 4.008090e-01
7 28 4.020770e-01
7 29 3.803900e-01
7 30 3.343920e-01
7 31 2.680760e-01
7 32 1.914420e-01
7 33 1.182960e-01
7 34 6.098520e-02
7 35 2.507190e-02
7 36 7.772340e-03
7 37 1.695110e-03
7 38 2.387700e-04
7 39 1.956460e-05
7 40 9.961800e-07
8 1 3.010630e-03
8 2 1.246630e-03
8 3 1.873280e-03
8 4 2.596740e-03
8 5 3.752990e-03
8 6 5.355740e-03
8 7 7.591700e-03
8 8 1.054560e-02
8 9 1.345260e-02
8 10 1.694060e-02
8 11 2.120220e-02
8 12 2.653450e-02
8 13 3.313200e-02
8 14 4.140110e-02
8 15 5.146050e-02
8 16 6.391400e-02
8 17 7.901470e-02
8 18 9.723450e-02
8 19 1.188710e-01
8 20 1.444250e-01
8 21 1.737060e-01
8 22 2.065570e-01
8 23 2.419360e-01
8 24 2.781360e-01
8 25 3.124110e-01
8 26 3.407120e-01
8 27 3.581220e-01
8 28 3.593140e-01
8 29 3.400050e-01
8 30 2.989700e-01
8 31 2.397600e-01
8 32 1.712940e-01
8 33 1.059040e-01
8 34 5.463400e-02
8 35 2.247970e-02
8 36 6.975760e-03
8 37 1.523280e-03
8 38 2.149160e-04
8 39 1.764930e-05
8 40 9.050220e-07
9 1 2.464500e-03
9 2 1.000400e-03
9 3 1.478530e-03
9 4 2.034940e-03
9 5 2.951920e-03
9 6 4.228510e-03
9 7 6.006350e-03
9 8 8.552220e-03
9 9 1.179550e-02
9 10 1.514500e-02
9 11 1.895530e-02
9 12 2.372260e-02
9 13 2.962120e-02
9 14 3.701440e-02
9 15 4.600840e-02
9 16 5.714340e-02
9 17 7.064560e-02
9 18 8.693840e-02
9 19 1.062850e-01
9 20 1.291380e-01
9 21 1.553230e-01
9 22 1.847160e-01
9 23 2.163670e-01
9 24 2.487610e-01
9 25 2.794420e-01
9 26 3.048050e-01
9 27 3.204320e-01
9 28 3.215720e-01
9 29 3.043690e-01
9 30 2.677200e-01
9 31 2.147870e-01
9 32 1.535360e-01
9 33 9.498980e-02
9 34 4.904530e-02
9 35 2.020120e-02
9 36 6.276520e-03
9 37 1.372800e-03
9 38 1.940710e-04
9 39 1.597660e-05
9 40 8.258940e-07
10 1 1.931260e-03
10 2 7.827640e-04
10 3 1.161590e-03
10 4 1.602050e-03
10 5 2.322720e-03
10 6 3.331870e-03
10 7 4.739810e-03
10 8 6.757220e-03
10 9 9.552310e-03
10 10 1.328120e-02
10 11 1.694990e-02
10 12 2.121290e-02
10 13 2.648760e-02
10 14 3.309920e-02
10 15 4.114230e-02
10 16 5.110050e-02
10 17 6.317620e-02
10 18 7.774860e-02
10 19 9.505400e-02
10 20 1.154960e-01
10 21 1.389210e-01
10 22 1.652230e-01
10 23 1.935560e-01
10 24 2.225540e-01
10 25 2.500380e-01
10 26 2.727760e-01
10 27 2.868180e-01
10 28 2.879210e-01
10 29 2.726110e-01
10 30 2.398890e-01
10 31 1.925570e-01
10 32 1.377350e-01
10 33 8.528680e-02
10 34 4.408210e-02
10 35 1.818030e-02
10 36 5.657590e-03
10 37 1.239920e-03
10 38 1.757110e-04
10 39 1.451250e-05
10 40 8.575710e-07
11 1 1.492120e-03
11 2 6.044350e-04
11 3 8.948650e-04
11 4 1.231250e-03
11 5 1.786090e-03
11 6 2.579200e-03
11 7 3.698140e-03
11 8 5.299900e-03
11 9 7.520550e-03
11 10 1.073450e-02
11 11 1.487120e-02
11 12 1.898550e-02
11 13 2.370640e-02
11 14 2.962410e-02
11 15 3.682340e-02
11 16 4.573740e-02
11 17 5.654710e-02
11 18 6.959280e-02
11 19 8.508720e-02
11 20 1.033910e-01
11 21 1.243690e-01
11 22 1.479240e-01
11 23 1.733190e-01
11 24 1.993100e-01
11 25 2.239620e-01
11 26 2.443760e-01
11 27 2.570220e-01
11 28 2.580990e-01
11 29 2.444820e-01
11 30 2.152520e-01
11 31 1.728960e-01
11 32 1.237700e-01
11 33 7.672020e-02
11 34 3.970660e-02
11 35 1.640210e-02
11 36 5.114380e-03
11 37 1.123660e-03
11 38 1.597140e-04
11 39 1.324390e-05
11 40 8.683130e-07
12 1 1.221510e-03
12 2 4.941720e-04
12 3 7.286640e-04
12 4 9.951550e-04
12 5 1.426840e-03
12 6 2.027430e-03
12 7 2.888530e-03
12 8 4.157600e-03
12 9 5.924740e-03
12 10 8.476510e-03
12 11 1.203940e-02
12 12 1.668870e-02
12 13 2.125180e-02
12 14 2.655710e-02
12 15 3.301170e-02
12 16 4.100400e-02
12 17 5.069670e-02
12 18 6.239540e-02
12 19 7.629170e-02
12 20 9.271020e-02
12 21 1.115310e-01
12 22 1.326630e-01
12 23 1.554660e-01
12 24 1.788140e-01
12 25 2.009720e-01
12 26 2.193460e-01
12 27 2.307760e-01
12 28 2.318370e-01
12 29 2.197230e-01
12 30 1.935820e-01
12 31 1.556240e-01
12 32 1.115160e-01
12 33 6.921410e-02
12 34 3.588030e-02
12 35 1.485130e-02
12 36 4.642310e-03
12 37 1.023060e-03
12 38 1.459570e-04
12 39 1.215970e-05
12 40 8.002590e-07
13 1 9.095030e-04
13 2 3.680230e-04
13 3 5.425600e-04
13 4 7.399930e-04
13 5 1.060920e-03
13 6 1.517110e-03
13 7 2.176500e-03
13 8 3.158480e-03
13 9 4.561220e-03
13 10 6.593500e-03
13 11 9.429030e-03
13 12 1.345590e-02
13 13 1.868540e-02
13 14 2.383130e-02
13 15 2.962380e-02
13 16 3.679710e-02
13 17 4.549730e-02
13 18 5.599910e-02
13 19 6.847530e-02
13 20 8.321950e-02
13 21 1.001230e-01
13 22 1.191110e-01
13 23 1.396060e-01
13 24 1.606100e-01
13 25 1.805610e-01
13 26 1.971300e-01
13 27 2.074860e-01
13 28 2.085530e-01
13 29 1.977870e-01
13 30 1.743990e-01
13 31 1.403480e-01
13 32 1.007010e-01
13 33 6.259840e-02
13 34 3.251620e-02
13 35 1.349240e-02
13 36 4.230440e-03
13 37 9.358090e-04
13 38 1.341280e-04
13 39 1.123840e-05
13 40 7.428090e-07
14 1 7.699910e-04
14 2 3.115620e-04
14 3 4.592680e-04
14 4 6.262650e-04
14 5 8.958150e-04
14 6 1.271250e-03
14 7 1.801010e-03
14 8 2.567190e-03
14 9 3.638300e-03
14 10 5.229070e-03
14 11 7.465740e-03
14 12 1.063390e-02
14 13 1.511520e-02
14 14 2.100070e-02
14 15 2.663730e-02
14 16 3.308820e-02
14 17 4.091360e-02
14 18 5.036100e-02
14 19 6.158580e-02
14 20 7.485440e-02
14 21 9.007100e-02
14 22 1.071740e-01
14 23 1.256360e-01
14 24 1.445820e-01
14 25 1.625970e-01
14 26 1.775890e-01
14 27 1.870110e-01
14 28 1.881010e-01
14 29 1.785400e-01
14 30 1.575910e-01
14 31 1.269840e-01
14 32 9.126400e-02
14 33 5.684110e-02
14 34 2.959970e-02
14 35 1.232000e-02
14 36 3.877520e-03
14 37 8.617240e-04
14 38 1.242110e-04
14 39 1.048060e-05
14 40 6.962150e-07
15 1 6.078960e-04
15 2 2.459900e-04
15 3 3.626290e-04
15 4 4.945040e-04
15 5 7.070980e-04
15 6 1.002010e-03
15 7 1.415620e-03
15 8 2.017320e-03
15 9 2.869970e-03
15 10 4.124310e-03
15 11 5.884550e-03
15 12 8.382540e-03
15 13 1.191270e-02
15 14 1.697200e-02
15 15 2.350960e-02
15 16 2.981030e-02
15 17 3.686240e-02
15 18 4.537800e-02
15 19 5.549800e-02
15 20 6.746340e-02
15 21 8.119020e-02
15 22 9.662800e-02
15 23 1.133050e-01
15 24 1.304350e-01
15 25 1.467470e-01
15 26 1.603630e-01
15 27 1.689800e-01
15 28 1.701000e-01
15 29 1.616190e-01
15 30 1.428390e-01
15 31 1.152790e-01
15 32 8.301740e-02
15 33 5.183410e-02
15 34 2.707370e-02
15 35 1.131150e-02
15 36 3.576710e-03
15 37 7.993890e-04
15 38 1.160270e-04
15 39 9.876300e-06
15 40 6.598430e-07
16 1 4.704830e-04
16 2 1.904380e-04
16 3 2.807300e-04
16 4 3.828420e-04
16 5 5.474510e-04
16 6 7.756350e-04
16 7 1.094520e-03
16 8 1.555510e-03
16 9 2.207010e-03
16 10 3.172330e-03
16 11 4.550770e-03
16 12 6.529000e-03
16 13 9.325890e-03
16 14 1.332540e-02
16 15 1.897240e-02
16 16 2.637140e-02
16 17 3.331660e-02
16 18 4.101650e-02
16 19 5.017040e-02
16 20 6.099640e-02
16 21 7.342340e-02
16 22 8.740590e-02
16 23 1.025280e-01
16 24 1.180720e-01
16 25 1.329110e-01
16 26 1.453370e-01
16 27 1.532660e-01
16 28 1.544350e-01
16 29 1.469210e-01
16 30 1.300520e-01
16 31 1.051650e-01
16 32 7.591790e-02
16 33 4.754790e-02
16 34 2.492660e-02
16 35 1.046290e-02
16 36 3.327210e-03
16 37 7.487670e-04
16 38 1.095960e-04
16 39 9.424780e-06
16 40 6.341410e-07
17 1 3.829130e-04
17 2 1.549830e-04
17 3 2.284700e-04
17 4 3.115400e-04
17 5 4.454880e-04
17 6 6.311720e-04
17 7 8.905360e-04
17 8 1.263900e-03
17 9 1.785630e-03
17 10 2.549720e-03
17 11 3.631120e-03
17 12 5.178510e-03
17 13 7.369840e-03
17 14 1.050880e-02
17 15 1.493620e-02
17 16 2.129200e-02
17 17 2.954920e-02
17 18 3.719310e-02
17 19 4.550020e-02
17 20 5.532970e-02
17 21 6.662000e-02
17 22 7.933320e-02
17 23 9.309440e-02
17 24 1.072630e-01
17 25 1.208240e-01
17 26 1.322250e-01
17 27 1.395700e-01
17 28 1.408130e-01
17 29 1.341700e-01
17 30 1.189960e-01
17 31 9.645910e-02
17 32 6.984140e-02
17 33 4.390710e-02
17 34 2.312330e-02
17 35 9.760980e-03
17 36 3.125430e-03
17 37 7.092490e-04
17 38 1.048620e-04
17 39 9.137610e-06
17 40 6.191250e-07
18 1 2.974880e-04
18 2 1.204000e-04
18 3 1.774910e-04
18 4 2.420450e-04
18 5 3.461020e-04
18 6 4.903710e-04
18 7 6.918800e-04
18 8 9.812090e-04
18 9 1.383980e-03
18 10 1.972730e-03
18 11 2.807160e-03
18 12 4.010970e-03
18 13 5.731930e-03
18 14 8.201630e-03
18 15 1.168710e-02
18 16 1.668330e-02
18 17 2.381470e-02
18 18 3.308780e-02
18 19 4.143270e-02
18 20 5.039550e-02
18 21 6.069860e-02
18 22 7.230470e-02
18 23 8.489380e-02
18 24 9.787840e-02
18 25 1.103350e-01
18 26 1.208660e-01
18 27 1.277320e-01
18 28 1.290650e-01
18 29 1.232100e-01
18 30 1.095350e-01
18 31 8.905320e-02
18 32 6.471450e-02
18 33 4.086760e-02
18 34 2.164290e-02
18 35 9.198300e-03
18 36 2.969790e-03
18 37 6.807060e-04
18 38 1.018590e-04
18 39 9.015720e-06
18 40 6.158990e-07
19 1 2.220820e-04
19 2 8.995220e-05
19 3 1.326130e-04
19 4 1.808530e-04
19 5 2.586320e-04
19 6 3.664750e-04
19 7 5.171250e-04
19 8 7.334370e-04
19 9 1.033740e-03
19 10 1.470960e-03
19 11 2.090040e-03
19 12 2.988370e-03
19 13 4.294770e-03
19 14 6.220890e-03
19 15 8.972230e-03
19 16 1.291340e-02
19 17 1.853060e-02
19 18 2.659030e-02
19 19 3.701890e-02
19 20 4.617770e-02
19 21 5.564020e-02
19 22 6.631070e-02
19 23 7.790120e-02
19 24 8.988690e-02
19 25 1.014210e-01
19 26 1.112340e-01
19 27 1.177250e-01
19 28 1.191650e-01
19 29 1.140240e-01
19 30 1.016560e-01
19 31 8.294050e-02
19 32 6.053850e-02
19 33 3.843630e-02
19 34 2.049140e-02
19 35 8.779750e-03
19 36 2.862840e-03
19 37 6.640430e-04
19 38 1.007920e-04
19 39 9.071660e-06
19 40 6.266960e-07
20 1 1.820190e-04
20 2 7.371000e-05
20 3 1.086600e-04
20 4 1.481830e-04
20 5 2.119080e-04
20 6 3.002230e-04
20 7 4.236020e-04
20 8 6.007640e-04
20 9 8.465170e-04
20 10 1.202860e-03
20 11 1.701780e-03
20 12 2.413700e-03
20 13 3.428020e-03
20 14 4.888220e-03
20 15 6.991010e-03
20 16 1.006670e-02
20 17 1.445580e-02
20 18 2.073830e-02
20 19 2.975510e-02
20 20 4.143900e-02
20 21 5.128400e-02
20 22 6.116030e-02
20 23 7.189730e-02
20 24 8.304050e-02
20 25 9.380800e-02
20 26 1.030350e-01
20 27 1.092450e-01
20 28 1.108270e-01
20 29 1.063460e-01
20 30 9.514580e-02
20 31 7.796550e-02
20 32 5.721420e-02
20 33 3.656400e-02
20 34 1.965040e-02
20 35 8.501670e-03
20 36 2.804970e-03
20 37 6.597880e-04
20 38 1.018190e-04
20 39 9.341050e-06
20 40 6.529410e-07
21 1 1.441660e-04
21 2 5.840000e-05
21 3 8.609290e-05
21 4 1.174030e-04
21 5 1.678930e-04
21 6 2.378840e-04
21 7 3.356280e-04
21 8 4.759720e-04
21 9 6.706990e-04
21 10 9.530280e-04
21 11 1.348100e-03
21 12 1.911020e-03
21 13 2.712470e-03
21 14 3.873380e-03
21 15 5.526750e-03
21 16 7.901770e-03
21 17 1.129230e-02
21 18 1.615800e-02
21 19 2.314420e-02
21 20 3.327950e-02
21 21 4.630960e-02
21 22 5.685770e-02
21 23 6.690290e-02
21 24 7.734590e-02
21 25 8.751100e-02
21 26 9.628990e-02
21 27 1.023140e-01
21 28 1.040700e-01
21 29 1.002010e-01
21 30 9.002610e-02
21 31 7.415450e-02
21 32 5.476590e-02
21 33 3.527390e-02
21 34 1.913710e-02
21 35 8.375180e-03
21 36 2.801540e-03
21 37 6.698360e-04
21 38 1.053760e-04
21 39 9.874780e-06
21 40 6.998370e-07
22 1 1.111730e-04
22 2 4.504370e-05
22 3 6.640340e-05
22 4 9.055760e-05
22 5 1.295000e-04
22 6 1.834900e-04
22 7 2.589130e-04
22 8 3.672010e-04
22 9 5.174570e-04
22 10 7.353210e-04
22 11 1.040200e-03
22 12 1.474040e-03
22 13 2.090250e-03
22 14 2.981390e-03
22 15 4.253710e-03
22 16 6.090410e-03
22 17 8.713760e-03
22 18 1.248010e-02
22 19 1.789100e-02
22 20 2.574680e-02
22 21 3.713080e-02
22 22 5.176100e-02
22 23 6.288130e-02
22 24 7.279930e-02
22 25 8.249730e-02
22 26 9.096340e-02
22 27 9.691150e-02
22 28 9.888500e-02
22 29 9.558940e-02
22 30 8.631000e-02
22 31 7.152850e-02
22 32 5.322310e-02
22 33 3.459640e-02
22 34 1.897780e-02
22 35 8.417090e-03
22 36 2.860880e-03
22 37 6.970750e-04
22 38 1.121180e-04
22 39 1.076410e-05
22 40 7.743100e-07
23 1 8.301440e-05
23 2 3.363750e-05
23 3 4.958970e-05
23 4 6.762970e-05
23 5 9.671770e-05
23 6 1.370470e-04
23 7 1.933910e-04
23 8 2.743050e-04
23 9 3.866060e-04
23 10 5.495160e-04
23 11 7.775710e-04
23 12 1.102170e-03
23 13 1.562410e-03
23 14 2.224870e-03
23 15 3.169580e-03
23 16 4.546010e-03
23 17 6.543100e-03
23 18 9.444080e-03
23 19 1.362200e-02
23 20 1.968730e-02
23 21 2.848310e-02
23 22 4.134310e-02
23 23 5.777420e-02
23 24 6.931480e-02
23 25 7.870080e-02
23 26 8.697340e-02
23 27 9.295950e-02
23 28 9.520670e-02
23 29 9.245740e-02
23 30 8.397920e-02
23 31 7.009560e-02
23 32 5.260970e-02
23 33 3.456080e-02
23 34 1.920240e-02
23 35 8.647430e-03
23 36 2.993430e-03
23 37 7.453510e-04
23 38 1.229640e-04
23 39 1.215560e-05
23 40 8.872160e-07
24 1 6.342190e-05
24 2 2.573760e-05
24 3 3.794410e-05
24 4 5.174950e-05
24 5 7.400640e-05
24 6 1.048700e-04
24 7 1.479940e-04
24 8 2.099170e-04
24 9 2.958770e-04
24 10 4.205550e-04
24 11 5.951320e-04
24 12 8.437400e-04
24 13 1.196150e-03
24 14 1.702410e-03
24 15 2.420950e-03
24 16 3.461920e-03
24 17 4.968060e-03
24 18 7.161820e-03
24 19 1.034590e-02
24 20 1.497740e-02
24 21 2.170410e-02
24 22 3.155330e-02
24 23 4.602850e-02
24 24 6.440110e-02
24 25 7.609770e-02
24 26 8.434750e-02
24 27 9.046300e-02
24 28 9.307080e-02
24 29 9.086970e-02
24 30 8.310730e-02
24 31 6.995370e-02
24 32 5.303990e-02
24 33 3.527300e-02
24 34 1.989130e-02
24 35 9.116140e-03
24 36 3.222250e-03
24 37 8.223400e-04
24 38 1.396070e-04
24 39 1.425750e-05
24 40 1.056370e-06
25 1 4.768420e-05
25 2 1.936900e-05
25 3 2.855510e-05
25 4 3.894290e-05
25 5 5.569460e-05
25 6 7.892340e-05
25 7 1.113810e-04
25 8 1.580070e-04
25 9 2.227360e-04
25 10 3.166460e-04
25 11 4.481800e-04
25 12 6.354820e-04
25 13 9.011730e-04
25 14 1.282970e-03
25 15 1.823860e-03
25 16 2.605360e-03
25 17 3.735380e-03
25 18 5.380580e-03
25 19 7.774990e-03
25 20 1.127550e-02
25 21 1.636980e-02
25 22 2.384630e-02
25 23 3.485960e-02
25 24 5.116730e-02
25 25 7.171500e-02
25 26 8.317250e-02
25 27 8.957030e-02
25 28 9.262840e-02
25 29 9.100970e-02
25 30 8.386080e-02
25 31 7.127290e-02
25 32 5.466930e-02
25 33 3.687020e-02
25 34 2.114480e-02
25 35 9.888310e-03
25 36 3.578930e-03
25 37 9.391660e-04
25 38 1.646760e-04
25 39 1.744650e-05
25 40 1.214170e-06
26 1 3.287640e-05
26 2 1.336580e-05
26 3 1.970720e-05
26 4 2.688050e-05
26 5 3.844890e-05
26 6 5.449620e-05
26 7 7.692720e-05
26 8 1.091540e-04
26 9 1.539190e-04
26 10 2.189180e-04
26 11 3.100200e-04
26 12 4.398760e-04
26 13 6.243300e-04
26 14 8.897440e-04
26 15 1.266350e-03
26 16 1.810020e-03
26 17 2.592540e-03
26 18 3.736000e-03
26 19 5.423990e-03
26 20 7.952920e-03
26 21 1.174140e-02
26 22 1.739890e-02
26 23 2.575980e-02
26 24 3.817920e-02
26 25 5.673720e-02
26 26 7.989060e-02
26 27 9.063760e-02
26 28 9.424440e-02
26 29 9.323740e-02
26 30 8.662190e-02
26 31 7.438290e-02
26 32 5.778130e-02
26 33 3.956980e-02
26 34 2.311580e-02
26 35 1.105280e-02
26 36 4.107310e-03
26 37 1.112060e-03
26 38 2.023040e-04
26 39 2.237190e-05
26 40 1.519470e-06
27 1 2.478010e-05
27 2 1.008980e-05
27 3 1.487610e-05
27 4 2.029170e-05
27 5 2.902530e-05
27 6 4.113900e-05
27 7 5.807320e-05
27 8 8.241000e-05
27 9 1.162140e-04
27 10 1.652940e-04
27 11 2.341040e-04
27 12 3.322260e-04
27 13 4.715640e-04
27 14 6.721530e-04
27 15 9.569270e-04
27 16 1.368180e-03
27 17 1.959550e-03
27 18 2.816720e-03
27 19 4.067550e-03
27 20 5.921980e-03
27 21 8.681490e-03
27 22 1.281890e-02
27 23 1.900030e-02
27 24 2.822200e-02
27 25 4.206330e-02
27 26 6.290480e-02
27 27 8.855950e-02
27 28 9.778920e-02
27 29 9.753420e-02
27 30 9.152230e-02
27 31 7.953300e-02
27 32 6.271110e-02
27 33 4.371890e-02
27 34 2.609010e-02
27 35 1.279480e-02
27 36 4.898500e-03
27 37 1.373110e-03
27 38 2.600680e-04
27 39 3.011460e-05
27 40 2.111850e-06
28 1 1.741260e-05
28 2 7.115260e-06
28 3 1.049200e-05
28 4 1.431210e-05
28 5 2.047310e-05
28 6 2.902060e-05
28 7 4.097060e-05
28 8 5.815030e-05
28 9 8.202150e-05
28 10 1.166920e-04
28 11 1.653310e-04
28 12 2.347130e-04
28 13 3.333390e-04
28 14 4.754750e-04
28 15 6.775010e-04
28 16 9.697030e-04
28 17 1.390600e-03
28 18 2.000980e-03
28 19 2.889180e-03
28 20 4.202030e-03
28 21 6.155590e-03
28 22 9.114550e-03
28 23 1.360390e-02
28 24 2.036640e-02
28 25 3.058090e-02
28 26 4.607000e-02
28 27 6.960480e-02
28 28 9.807980e-02
28 29 1.048790e-01
28 30 9.948100e-02
28 31 8.756740e-02
28 32 7.016560e-02
28 33 4.987430e-02
28 34 3.046600e-02
28 35 1.536180e-02
28 36 6.078370e-03
28 37 1.770960e-03
28 38 3.509380e-04
28 39 4.281890e-05
28 40 3.090730e-06
29 1 1.128950e-05
29 2 4.659210e-06
29 3 6.870720e-06
29 4 9.373780e-06
29 5 1.341180e-05
29 6 1.901440e-05
29 7 2.685210e-05
29 8 3.812290e-05
29 9 5.379460e-05
29 10 7.657810e-05
29 11 1.085550e-04
29 12 1.542300e-04
29 13 2.192720e-04
29 14 3.131260e-04
29 15 4.468330e-04
29 16 6.407640e-04
29 17 9.209730e-04
29 18 1.328890e-03
29 19 1.924680e-03
29 20 2.805340e-03
29 21 4.109280e-03
29 22 6.080040e-03
29 23 9.127520e-03
29 24 1.387580e-02
29 25 2.126650e-02
29 26 3.264050e-02
29 27 5.009920e-02
29 28 7.688690e-02
29 29 1.086420e-01
29 30 1.117460e-01
29 31 9.974270e-02
29 32 8.124750e-02
29 33 5.895870e-02
29 34 3.692270e-02
29 35 1.918500e-02
29 36 7.868630e-03
29 37 2.392740e-03
29 38 4.987120e-04
29 39 6.457790e-05
29 40 4.944350e-06
30 1 7.701300e-06
30 2 3.193540e-06
30 3 4.709970e-06
30 4 6.426030e-06
30 5 9.195110e-06
30 6 1.303890e-05
30 7 1.841630e-05
30 8 2.615170e-05
30 9 3.690980e-05
30 10 5.255840e-05
30 11 7.454040e-05
30 12 1.059550e-04
30 13 1.507300e-04
30 14 2.154290e-04
30 15 3.077200e-04
30 16 4.418120e-04
30 17 6.360210e-04
30 18 9.195390e-04
30 19 1.334930e-03
30 20 1.951440e-03
30 21 2.870710e-03
30 22 4.263260e-03
30 23 6.396800e-03
30 24 9.703180e-03
30 25 1.486440e-02
30 26 2.289200e-02
30 27 3.536450e-02
30 28 5.473970e-02
30 29 8.468170e-02
30 30 1.192790e-01
30 31 1.172160e-01
30 32 9.736940e-02
30 33 7.232620e-02
30 34 4.660050e-02
30 35 2.504750e-02
30 36 1.069320e-02
30 37 3.408390e-03
30 38 7.504260e-04
30 39 1.035480e-04
30 40 8.464690e-06
31 1 4.899740e-06
31 2 2.052880e-06
31 3 3.028120e-06
31 4 4.132290e-06
31 5 5.913590e-06
31 6 8.387040e-06
31 7 1.184790e-05
31 8 1.682900e-05
31 9 2.376240e-05
31 10 3.384940e-05
31 11 4.803490e-05
31 12 6.833570e-05
31 13 9.729260e-05
31 14 1.392060e-04
31 15 1.991280e-04
31 16 2.863840e-04
31 17 4.131560e-04
31 18 5.989200e-04
31 19 8.723420e-04
31 20 1.280370e-03
31 21 1.891490e-03
31 22 2.818730e-03
31 23 4.240500e-03
31 24 6.447460e-03
31 25 9.915140e-03
31 26 1.542570e-02
31 27 2.414920e-02
31 28 3.791050e-02
31 29 5.953840e-02
31 30 9.319280e-02
31 31 1.306860e-01
31 32 1.214860e-01
31 33 9.250760e-02
31 34 6.142810e-02
31 35 3.424380e-02
31 36 1.527180e-02
31 37 5.125930e-03
31 38 1.199250e-03
31 39 1.775970e-04
31 40 1.566220e-05
32 1 2.805840e-06
32 2 1.222700e-06
32 3 1.803860e-06
32 4 2.462010e-06
32 5 3.524250e-06
32 6 4.999690e-06
32 7 7.065650e-06
32 8 1.004040e-05
32 9 1.418440e-05
32 10 2.021970e-05
32 11 2.871520e-05
32 12 4.088990e-05
32 13 5.829840e-05
32 14 8.354920e-05
32 15 1.197480e-04
32 16 1.726560e-04
32 17 2.498470e-04
32 18 3.635310e-04
32 19 5.319370e-04
32 20 7.850810e-04
32 21 1.167490e-03
32 22 1.753160e-03
32 23 2.658780e-03
32 24 4.076150e-03
32 25 6.326730e-03
32 26 9.953510e-03
32 27 1.581640e-02
32 28 2.526150e-02
32 29 4.042270e-02
32 30 6.454980e-02
32 31 1.023170e-01
32 32 1.425970e-01
32 33 1.240100e-01
32 34 8.499170e-02
32 35 4.924810e-02
32 36 2.301440e-02
32 37 8.169800e-03
32 38 2.042530e-03
32 39 3.270180e-04
32 40 3.148710e-05
33 1 1.413110e-06
33 2 6.769940e-07
33 3 1.001870e-06
33 4 1.367880e-06
33 5 1.958600e-06
33 6 2.779610e-06
33 7 3.929730e-06
33 8 5.587210e-06
33 9 7.898060e-06
33 10 1.126780e-05
33 11 1.601920e-05
33 12 2.283960e-05
33 13 3.261030e-05
33 14 4.682470e-05
33 15 6.727360e-05
33 16 9.728830e-05
33 17 1.413070e-04
33 18 2.065380e-04
33 19 3.038640e-04
33 20 4.514540e-04
33 21 6.767340e-04
33 22 1.025870e-03
33 23 1.573080e-03
33 24 2.441580e-03
33 25 3.838220e-03
33 26 6.116810e-03
33 27 9.870320e-03
33 28 1.606580e-02
33 29 2.626380e-02
33 30 4.293850e-02
33 31 6.980340e-02
33 32 1.120130e-01
33 33 1.546860e-01
33 34 1.241820e-01
33 35 7.491910e-02
33 36 3.678560e-02
33 37 1.386480e-02
33 38 3.724210e-03
33 39 6.491740e-04
33 40 6.883840e-05
34 1 6.653840e-07
34 2 3.356530e-07
34 3 5.083530e-07
34 4 7.016310e-07
34 5 1.007030e-06
34 6 1.429990e-06
34 7 2.022890e-06
34 8 2.877860e-06
34 9 4.071590e-06
34 10 5.814450e-06
34 11 8.276020e-06
34 12 1.181850e-05
34 13 1.690740e-05
34 14 2.433330e-05
34 15 3.506250e-05
34 16 5.088230e-05
34 17 7.421900e-05
34 18 1.090490e-04
34 19 1.614600e-04
34 20 2.417150e-04
34 21 3.656160e-04
34 22 5.601890e-04
34 23 8.698480e-04
34 24 1.369900e-03
34 25 2.189030e-03
34 26 3.546740e-03
34 27 5.824500e-03
34 28 9.676060e-03
34 29 1.619780e-02
34 30 2.719450e-02
34 31 4.551860e-02
34 32 7.536770e-02
34 33 1.223310e-01
34 34 1.666070e-01
34 35 1.214730e-01
34 36 6.278490e-02
34 37 2.520800e-02
34 38 7.311720e-03
34 39 1.397180e-03
34 40 1.658800e-04
35 1 2.765670e-07
35 2 1.518050e-07
35 3 2.338800e-07
35 4 3.249210e-07
35 5 4.678420e-07
35 6 6.652600e-07
35 7 9.420190e-07
35 8 1.341400e-06
35 9 1.899530e-06
35 10 2.716100e-06
35 11 3.872160e-06
35 12 5.539560e-06
35 13 7.943290e-06
35 14 1.146530e-05
35 15 1.657970e-05
35 16 2.416760e-05
35 17 3.544190e-05
35 18 5.240800e-05
35 19 7.818830e-05
35 20 1.181100e-04
35 21 1.805640e-04
35 22 2.801010e-04
35 23 4.411410e-04
35 24 7.061400e-04
35 25 1.149760e-03
35 26 1.902720e-03
35 27 3.195550e-03
35 28 5.438900e-03
35 29 9.358240e-03
35 30 1.620120e-02
35 31 2.804080e-02
35 32 4.814450e-02
35 33 8.122380e-02
35 34 1.331250e-01
35 35 1.779470e-01
35 36 1.156190e-01
35 37 4.950930e-02
35 38 1.555580e-02
35 39 3.277460e-03
35 40 4.407130e-04
36 1 6.921060e-08
36 2 3.961870e-08
36 3 6.553210e-08
36 4 9.988240e-08
36 5 1.578190e-07
36 6 2.404640e-07
36 7 3.541560e-07
36 8 5.129140e-07
36 9 7.300790e-07
36 10 1.045840e-06
36 11 1.493970e-06
36 12 2.142590e-06
36 13 3.081370e-06
36 14 4.464020e-06
36 15 6.483990e-06
36 16 9.503590e-06
36 17 1.403230e-05
36 18 2.092370e-05
36 19 3.153500e-05
36 20 4.821870e-05
36 21 7.478850e-05
36 22 1.180250e-04
36 23 1.896880e-04
36 24 3.108690e-04
36 25 5.199670e-04
36 26 8.872330e-04
36 27 1.541400e-03
36 28 2.716190e-03
36 29 4.840940e-03
36 30 8.709940e-03
36 31 1.575130e-02
36 32 2.837290e-02
36 33 5.037440e-02
36 34 8.706070e-02
36 35 1.444580e-01
36 36 1.887290e-01
36 37 1.067100e-01
36 38 3.627040e-02
36 39 8.439640e-03
36 40 1.296740e-03
37 1 1.601730e-08
37 2 9.168870e-09
37 3 1.516980e-08
37 4 2.320570e-08
37 5 3.718290e-08
37 6 5.906420e-08
37 7 9.331060e-08
37 8 1.463490e-07
37 9 2.218000e-07
37 10 3.306770e-07
37 11 4.817530e-07
37 12 6.978360e-07
37 13 1.008340e-06
37 14 1.466520e-06
37 15 2.140390e-06
37 16 3.155430e-06
37 17 4.692280e-06
37 18 7.057850e-06
37 19 1.075010e-05
37 20 1.665240e-05
37 21 2.623680e-05
37 22 4.218840e-05
37 23 6.933090e-05
37 24 1.166340e-04
37 25 2.011360e-04
37 26 3.555530e-04
37 27 6.435190e-04
37 28 1.187680e-03
37 29 2.221860e-03
37 30 4.190640e-03
37 31 7.944360e-03
37 32 1.509170e-02
37 33 2.845630e-02
37 34 5.246810e-02
37 35 9.307050e-02
37 36 1.561850e-01
37 37 1.981490e-01
37 38 9.479340e-02
37 39 2.429720e-02
37 40 4.280700e-03
38 1 3.074570e-09
38 2 1.759990e-09
38 3 2.911890e-09
38 4 4.454410e-09
38 5 7.137390e-09
38 6 1.133850e-08
38 7 1.793250e-08
38 8 2.849920e-08
38 9 4.498250e-08
38 10 7.154500e-08
38 11 1.120540e-07
38 12 1.722730e-07
38 13 2.600990e-07
38 14 3.881600e-07
38 15 5.726310e-07
38 16 8.494520e-07
38 17 1.272130e-06
38 18 1.930300e-06
38 19 2.972360e-06
38 20 4.666630e-06
38 21 7.475780e-06
38 22 1.226970e-05
38 23 2.067570e-05
38 24 3.586090e-05
38 25 6.414060e-05
38 26 1.183490e-04
38 27 2.250840e-04
38 28 4.398040e-04
38 29 8.745680e-04
38 30 1.752390e-03
38 31 3.523510e-03
38 32 7.093660e-03
38 33 1.425500e-02
38 34 2.830360e-02
38 35 5.443860e-02
38 36 9.926270e-02
38 37 1.681410e-01
38 38 2.055930e-01
38 39 8.060220e-02
38 40 1.621240e-02
39 1 4.631500e-10
39 2 2.651200e-10
39 3 4.386400e-10
39 4 6.710000e-10
39 5 1.075160e-09
39 6 1.708010e-09
39 7 2.701310e-09
39 8 4.293070e-09
39 9 6.776110e-09
39 10 1.078120e-08
39 11 1.706850e-08
39 12 2.704740e-08
39 13 4.281990e-08
39 14 6.798150e-08
39 15 1.074590e-07
39 16 1.685900e-07
39 17 2.621240e-07
39 18 4.072490e-07
39 19 6.370080e-07
39 20 1.014060e-06
39 21 1.652990e-06
39 22 2.773040e-06
39 23 4.801230e-06
39 24 8.608460e-06
39 25 1.603090e-05
39 26 3.104820e-05
39 27 6.253500e-05
39 28 1.306500e-04
39 29 2.813170e-04
39 30 6.131360e-04
39 31 1.331560e-03
39 32 2.878230e-03
39 33 6.198740e-03
39 34 1.328000e-02
39 35 2.795710e-02
39 36 5.634160e-02
39 37 1.056680e-01
39 38 1.800960e-01
39 39 2.104550e-01
39 40 7.348460e-02
40 1 7.098400e-11
40 2 4.063400e-11
40 3 6.722800e-11
40 4 1.028400e-10
40 5 1.647800e-10
40 6 2.617800e-10
40 7 4.140200e-10
40 8 6.579700e-10
40 9 1.038540e-09
40 10 1.652380e-09
40 11 2.615990e-09
40 12 4.145400e-09
40 13 6.562760e-09
40 14 1.041830e-08
40 15 1.649010e-08
40 16 2.615680e-08
40 17 4.145550e-08
40 18 6.572050e-08
40 19 1.044120e-07
40 20 1.678950e-07
40 21 2.752900e-07
40 22 4.685630e-07
40 23 8.336800e-07
40 24 1.548510e-06
40 25 3.010240e-06
40 26 6.130020e-06
40 27 1.308290e-05
40 28 2.922130e-05
40 29 6.801380e-05
40 30 1.635910e-04
40 31 3.961200e-04
40 32 9.437660e-04
40 33 2.223900e-03
40 34 5.218980e-03
40 35 1.216610e-02
40 36 2.754030e-02
40 37 5.847140e-02
40 38 1.125990e-01
40 39 1.918660e-01
40 40 2.658720e-01
