1 1 2.262990e-02
1 2 8.373640e-03
1 3 1.097650e-02
1 4 1.330430e-02
1 5 1.691790e-02
1 6 2.128100e-02
1 7 2.663410e-02
1 8 3.346260e-02
1 9 4.171620e-02
1 10 5.234040e-02
1 11 6.520870e-02
1 12 8.114040e-02
1 13 1.005850e-01
1 14 1.245500e-01
1 15 1.530470e-01
1 16 1.873630e-01
1 17 2.274560e-01
1 18 2.735660e-01
1 19 3.249290e-01
1 20 3.807200e-01
1 21 4.374730e-01
1 22 4.912080e-01
1 23 5.353460e-01
1 24 5.622160e-01
1 25 5.634980e-01
1 26 5.325220e-01
1 27 4.674780e-01
1 28 3.741100e-01
1 29 2.665940e-01
1 30 1.642810e-01
1 31 8.440570e-02
1 32 3.455250e-02
1 33 1.065570e-02
1 34 2.309080e-03
1 35 3.226470e-04
1 36 2.614880e-05
1 37 1.156310e-06
1 38 8.418120e-08
1 39 1.602920e-09
1 40 0.000000e+00
2 1 1.793990e-02
2 2 7.325690e-03
2 3 9.802970e-03
2 4 1.188350e-02
2 5 1.511110e-02
2 6 1.900830e-02
2 7 2.378980e-02
2 8 2.988900e-02
2 9 3.726140e-02
2 10 4.675120e-02
2 11 5.824560e-02
2 12 7.247670e-02
2 13 8.984430e-02
2 14 1.112510e-01
2 15 1.367070e-01
2 16 1.673600e-01
2 17 2.031800e-01
2 18 2.443770e-01
2 19 2.902620e-01
2 20 3.401050e-01
2 21 3.908140e-01
2 22 4.388270e-01
2 23 4.782760e-01
2 24 5.023310e-01
2 25 5.035190e-01
2 26 4.758910e-01
2 27 4.178220e-01
2 28 3.344300e-01
2 29 2.383700e-01
2 30 1.469290e-01
2 31 7.551650e-02
2 32 3.092690e-02
2 33 9.542680e-03
2 34 2.069220e-03
2 35 2.893380e-04
2 36 2.347450e-05
2 37 1.077380e-06
2 38 7.567080e-08
2 39 1.445810e-09
2 40 0.000000e+00
3 1 1.414540e-02
3 2 5.927770e-03
3 3 8.561600e-03
3 4 1.059950e-02
3 5 1.347960e-02
3 6 1.695600e-02
3 7 2.122120e-02
3 8 2.666190e-02
3 9 3.323840e-02
3 10 4.170400e-02
3 11 5.195760e-02
3 12 6.465290e-02
3 13 8.014600e-02
3 14 9.924170e-02
3 15 1.219520e-01
3 16 1.492980e-01
3 17 1.812560e-01
3 18 2.180190e-01
3 19 2.589600e-01
3 20 3.034330e-01
3 21 3.486860e-01
3 22 3.915410e-01
3 23 4.267620e-01
3 24 4.482650e-01
3 25 4.493780e-01
3 26 4.247790e-01
3 27 3.730130e-01
3 28 2.986310e-01
3 29 2.129120e-01
3 30 1.312830e-01
3 31 6.750460e-02
3 32 2.766080e-02
3 33 8.540570e-03
3 34 1.853390e-03
3 35 2.594130e-04
3 36 2.107940e-05
3 37 9.932580e-07
3 38 6.805770e-08
3 39 1.306390e-09
3 40 0.000000e+00
4 1 1.102930e-02
4 2 4.658490e-03
4 3 6.926700e-03
4 4 9.272070e-03
4 5 1.202870e-02
4 6 1.513180e-02
4 7 1.893810e-02
4 8 2.379370e-02
4 9 2.966270e-02
4 10 3.721770e-02
4 11 4.636860e-02
4 12 5.769850e-02
4 13 7.152600e-02
4 14 8.856920e-02
4 15 1.088370e-01
4 16 1.332460e-01
4 17 1.617690e-01
4 18 1.945890e-01
4 19 2.311420e-01
4 20 2.708440e-01
4 21 3.112490e-01
4 22 3.495280e-01
4 23 3.810050e-01
4 24 4.002220e-01
4 25 4.012850e-01
4 26 3.793840e-01
4 27 3.332240e-01
4 28 2.668500e-01
4 29 1.903210e-01
4 30 1.174040e-01
4 31 6.040150e-02
4 32 2.476710e-02
4 33 7.653380e-03
4 34 1.662460e-03
4 35 2.330000e-04
4 36 1.897490e-05
4 37 9.008220e-07
4 38 6.137930e-08
4 39 1.182550e-09
4 40 0.000000e+00
5 1 8.872200e-03
5 2 3.706840e-03
5 3 5.496810e-03
5 4 7.525430e-03
5 5 1.053930e-02
5 6 1.352390e-02
5 7 1.692630e-02
5 8 2.126600e-02
5 9 2.651180e-02
5 10 3.326440e-02
5 11 4.144350e-02
5 12 5.157060e-02
5 13 6.393030e-02
5 14 7.916500e-02
5 15 9.728160e-02
5 16 1.191010e-01
5 17 1.445990e-01
5 18 1.739430e-01
5 19 2.066340e-01
5 20 2.421330e-01
5 21 2.782720e-01
5 22 3.125200e-01
5 23 3.407060e-01
5 24 3.579240e-01
5 25 3.589430e-01
5 26 3.394260e-01
5 27 2.982050e-01
5 28 2.388880e-01
5 29 1.704520e-01
5 30 1.052050e-01
5 31 5.416200e-02
5 32 2.222730e-02
5 33 6.875440e-03
5 34 1.495330e-03
5 35 2.099160e-04
5 36 1.713490e-05
5 37 8.181150e-07
5 38 5.557390e-08
5 39 1.076380e-09
5 40 0.000000e+00
6 1 7.038790e-03
6 2 2.926260e-03
6 3 4.344980e-03
6 4 5.954950e-03
6 5 8.544030e-03
6 6 1.185220e-02
6 7 1.512800e-02
6 8 1.900700e-02
6 9 2.369560e-02
6 10 2.973120e-02
6 11 3.704190e-02
6 12 4.609370e-02
6 13 5.714210e-02
6 14 7.076010e-02
6 15 8.695580e-02
6 16 1.064600e-01
6 17 1.292580e-01
6 18 1.554910e-01
6 19 1.847330e-01
6 20 2.164810e-01
6 21 2.488130e-01
6 22 2.794630e-01
6 23 3.047130e-01
6 24 3.201640e-01
6 25 3.211480e-01
6 26 3.037660e-01
6 27 2.669610e-01
6 28 2.139490e-01
6 29 1.527400e-01
6 30 9.433770e-02
6 31 4.860890e-02
6 32 1.996930e-02
6 33 6.184720e-03
6 34 1.347290e-03
6 35 1.895120e-04
6 36 1.550780e-05
6 37 7.606980e-07
6 38 5.048480e-08
6 39 9.844000e-10
6 40 0.000000e+00
7 1 5.417680e-03
7 2 2.244400e-03
7 3 3.370880e-03
7 4 4.662330e-03
7 5 6.727580e-03
7 6 9.589850e-03
7 7 1.326770e-02
7 8 1.699890e-02
7 9 2.119230e-02
7 10 2.659040e-02
7 11 3.312930e-02
7 12 4.122540e-02
7 13 5.110780e-02
7 14 6.328920e-02
7 15 7.777730e-02
7 16 9.522700e-02
7 17 1.156230e-01
7 18 1.390950e-01
7 19 1.652660e-01
7 20 1.936910e-01
7 21 2.226380e-01
7 22 2.500990e-01
7 23 2.727410e-01
7 24 2.866270e-01
7 25 2.875920e-01
7 26 2.721190e-01
7 27 2.392530e-01
7 28 1.918400e-01
7 29 1.370460e-01
7 30 8.471700e-02
7 31 4.369820e-02
7 32 1.797500e-02
7 33 5.575980e-03
7 34 1.217140e-03
7 35 1.716220e-04
7 36 1.408980e-05
7 37 8.018620e-07
7 38 4.609000e-08
7 39 9.049600e-10
7 40 0.000000e+00
8 1 4.234960e-03
8 2 1.754920e-03
8 3 2.638280e-03
8 4 3.659120e-03
8 5 5.291690e-03
8 6 7.557190e-03
8 7 1.072270e-02
8 8 1.491200e-02
8 9 1.896470e-02
8 10 2.379560e-02
8 11 2.964760e-02
8 12 3.689360e-02
8 13 4.573840e-02
8 14 5.664150e-02
8 15 6.961040e-02
8 16 8.523230e-02
8 17 1.034920e-01
8 18 1.245110e-01
8 19 1.479450e-01
8 20 1.734200e-01
8 21 1.993620e-01
8 22 2.239910e-01
8 23 2.443180e-01
8 24 2.568240e-01
8 25 2.577790e-01
8 26 2.440130e-01
8 27 2.146590e-01
8 28 1.722340e-01
8 29 1.231380e-01
8 30 7.620050e-02
8 31 3.935730e-02
8 32 1.621560e-02
8 33 5.040240e-03
8 34 1.102950e-03
8 35 1.559900e-04
8 36 1.285710e-05
8 37 8.023240e-07
8 38 4.229500e-08
8 39 8.389300e-10
8 40 0.000000e+00
9 1 3.461790e-03
9 2 1.406140e-03
9 3 2.079020e-03
9 4 2.862920e-03
9 5 4.155760e-03
9 6 5.957650e-03
9 7 8.470320e-03
9 8 1.207500e-02
9 9 1.667210e-02
9 10 2.133250e-02
9 11 2.657900e-02
9 12 3.307560e-02
9 13 4.100630e-02
9 14 5.078300e-02
9 15 6.241330e-02
9 16 7.642430e-02
9 17 9.280390e-02
9 18 1.116620e-01
9 19 1.326870e-01
9 20 1.555630e-01
9 21 1.788670e-01
9 22 2.010040e-01
9 23 2.193020e-01
9 24 2.306070e-01
9 25 2.315590e-01
9 26 2.193120e-01
9 27 1.930570e-01
9 28 1.550360e-01
9 29 1.109530e-01
9 30 6.874940e-02
9 31 3.556690e-02
9 32 1.468360e-02
9 33 4.575410e-03
9 34 1.004300e-03
9 35 1.425690e-04
9 36 1.180640e-05
9 37 7.392420e-07
9 38 3.908980e-08
9 39 7.862900e-10
9 40 0.000000e+00
10 1 2.707240e-03
10 2 1.098060e-03
10 3 1.630190e-03
10 4 2.249580e-03
10 5 3.263720e-03
10 6 4.685510e-03
10 7 6.671690e-03
10 8 9.521130e-03
10 9 1.348030e-02
10 10 1.876450e-02
10 11 2.384980e-02
10 12 2.967980e-02
10 13 3.679740e-02
10 14 4.557290e-02
10 15 5.601270e-02
10 16 6.859140e-02
10 17 8.329980e-02
10 18 1.002350e-01
10 19 1.191280e-01
10 20 1.396860e-01
10 21 1.606520e-01
10 22 1.805850e-01
10 23 1.970850e-01
10 24 2.073310e-01
10 25 2.082970e-01
10 26 1.974150e-01
10 27 1.739260e-01
10 28 1.398200e-01
10 29 1.001940e-01
10 30 6.217960e-02
10 31 3.223350e-02
10 32 1.334070e-02
10 33 4.169780e-03
10 34 9.187290e-04
10 35 1.310270e-04
10 36 1.091280e-05
10 37 6.859040e-07
10 38 3.643730e-08
10 39 7.441800e-10
10 40 0.000000e+00
11 1 2.085730e-03
11 2 8.455700e-04
11 3 1.252430e-03
11 4 1.724200e-03
11 5 2.502980e-03
11 6 3.617800e-03
11 7 5.192770e-03
11 8 7.450830e-03
11 9 1.058590e-02
11 10 1.513980e-02
11 11 2.100220e-02
11 12 2.668030e-02
11 13 3.307950e-02
11 14 4.097050e-02
11 15 5.035950e-02
11 16 6.167360e-02
11 17 7.490640e-02
11 18 9.014640e-02
11 19 1.071590e-01
11 20 1.256740e-01
11 21 1.445810e-01
11 22 1.625730e-01
11 23 1.774990e-01
11 24 1.868220e-01
11 25 1.878170e-01
11 26 1.781540e-01
11 27 1.571190e-01
11 28 1.264700e-01
11 29 9.077740e-02
11 30 5.644570e-02
11 31 2.933400e-02
11 32 1.217830e-02
11 33 3.820930e-03
11 34 8.457960e-04
11 35 1.213160e-04
11 36 1.017640e-05
11 37 6.425030e-07
11 38 3.432070e-08
11 39 7.142700e-10
11 40 0.000000e+00
12 1 1.702710e-03
12 2 6.893550e-04
12 3 1.016870e-03
12 4 1.389500e-03
12 5 1.993490e-03
12 6 2.834650e-03
12 7 4.042750e-03
12 8 5.826890e-03
12 9 8.317060e-03
12 10 1.191880e-02
12 11 1.696880e-02
12 12 2.355690e-02
12 13 2.981720e-02
12 14 3.693170e-02
12 15 4.539910e-02
12 16 5.560450e-02
12 17 6.754390e-02
12 18 8.129950e-02
12 19 9.666290e-02
12 20 1.133970e-01
12 21 1.304990e-01
12 22 1.467990e-01
12 23 1.603630e-01
12 24 1.688920e-01
12 25 1.699310e-01
12 26 1.613530e-01
12 27 1.424850e-01
12 28 1.148720e-01
12 29 8.262010e-02
12 30 5.150160e-02
12 31 2.684610e-02
12 32 1.118790e-02
12 33 3.526630e-03
12 34 7.851090e-04
12 35 1.133980e-04
12 36 9.596310e-06
12 37 6.090380e-07
12 38 3.272620e-08
12 39 6.978300e-10
12 40 0.000000e+00
13 1 1.261280e-03
13 2 5.107910e-04
13 3 7.533930e-04
13 4 1.028140e-03
13 5 1.475110e-03
13 6 2.111440e-03
13 7 3.032840e-03
13 8 4.407940e-03
13 9 6.376860e-03
13 10 9.237580e-03
13 11 1.324120e-02
13 12 1.895110e-02
13 13 2.635920e-02
13 14 3.337270e-02
13 15 4.102750e-02
13 16 5.025680e-02
13 17 6.105780e-02
13 18 7.350880e-02
13 19 8.742090e-02
13 20 1.025900e-01
13 21 1.181070e-01
13 22 1.329310e-01
13 23 1.453080e-01
13 24 1.531510e-01
13 25 1.542490e-01
13 26 1.466470e-01
13 27 1.297020e-01
13 28 1.047710e-01
13 29 7.553810e-02
13 30 4.723140e-02
13 31 2.471150e-02
13 32 1.034620e-02
13 33 3.279920e-03
13 34 7.352570e-04
13 35 1.070980e-04
13 36 9.157300e-06
13 37 5.850210e-07
13 38 3.162940e-08
13 39 6.950000e-10
13 40 0.000000e+00
14 1 1.064390e-03
14 2 4.309550e-04
14 3 6.355220e-04
14 4 8.670600e-04
14 5 1.241080e-03
14 6 1.762680e-03
14 7 2.499810e-03
14 8 3.567520e-03
14 9 5.063730e-03
14 10 7.292860e-03
14 11 1.043840e-02
14 12 1.491130e-02
14 13 2.126850e-02
14 14 2.959900e-02
14 15 3.720720e-02
14 16 4.558360e-02
14 17 5.539160e-02
14 18 6.670550e-02
14 19 7.935600e-02
14 20 9.316190e-02
14 21 1.073070e-01
14 22 1.208570e-01
14 23 1.322160e-01
14 24 1.394840e-01
14 25 1.406650e-01
14 26 1.339430e-01
14 27 1.186970e-01
14 28 9.611610e-02
14 29 6.950670e-02
14 30 4.362530e-02
14 31 2.292950e-02
14 32 9.654930e-03
14 33 3.082020e-03
14 34 6.966950e-04
14 35 1.025110e-04
14 36 8.872960e-06
14 37 5.711160e-07
14 38 3.106230e-08
14 39 7.080500e-10
14 40 0.000000e+00
15 1 8.354660e-04
15 2 3.382620e-04
15 3 4.988640e-04
15 4 6.806450e-04
15 5 9.738820e-04
15 6 1.381190e-03
15 7 1.953320e-03
15 8 2.787390e-03
15 9 3.972410e-03
15 10 5.720450e-03
15 11 8.181650e-03
15 12 1.168950e-02
15 13 1.667150e-02
15 14 2.385300e-02
15 15 3.310430e-02
15 16 4.151240e-02
15 17 5.045670e-02
15 18 6.078140e-02
15 19 7.233730e-02
15 20 8.496190e-02
15 21 9.792910e-02
15 22 1.103790e-01
15 23 1.208730e-01
15 24 1.276720e-01
15 25 1.289480e-01
15 26 1.230200e-01
15 27 1.092780e-01
15 28 8.875250e-02
15 29 6.441750e-02
15 30 4.061470e-02
15 31 2.146720e-02
15 32 9.100980e-03
15 33 2.929480e-03
15 34 6.688970e-04
15 35 9.961400e-05
15 36 8.760950e-06
15 37 5.679750e-07
15 38 3.107680e-08
15 39 7.412900e-10
15 40 0.000000e+00
16 1 6.413360e-04
16 2 2.597190e-04
16 3 3.830310e-04
16 4 5.226370e-04
16 5 7.478450e-04
16 6 1.060560e-03
16 7 1.498250e-03
16 8 2.132250e-03
16 9 3.030800e-03
16 10 4.366180e-03
16 11 6.280340e-03
16 12 9.039350e-03
16 13 1.296040e-02
16 14 1.860180e-02
16 15 2.662620e-02
16 16 3.708710e-02
16 17 4.621880e-02
16 18 5.570380e-02
16 19 6.632620e-02
16 20 7.795000e-02
16 21 8.991390e-02
16 22 1.014420e-01
16 23 1.112210e-01
16 24 1.176500e-01
16 25 1.190400e-01
16 26 1.138340e-01
16 27 1.014090e-01
16 28 8.265660e-02
16 29 6.026050e-02
16 30 3.820020e-02
16 31 2.032710e-02
16 32 8.688210e-03
16 33 2.824570e-03
16 34 6.526860e-04
16 35 9.859620e-05
16 36 8.822910e-06
16 37 5.775430e-07
16 38 3.177930e-08
16 39 8.009900e-10
16 40 0.000000e+00
17 1 5.177340e-04
17 2 2.096910e-04
17 3 3.092500e-04
17 4 4.219180e-04
17 5 6.037290e-04
17 6 8.560350e-04
17 7 1.209170e-03
17 8 1.718470e-03
17 9 2.431760e-03
17 10 3.479920e-03
17 11 4.968960e-03
17 12 7.108900e-03
17 13 1.015550e-02
17 14 1.454670e-02
17 15 2.078840e-02
17 16 2.982700e-02
17 17 4.148480e-02
17 18 5.135340e-02
17 19 6.119030e-02
17 20 7.196940e-02
17 21 8.308900e-02
17 22 9.385530e-02
17 23 1.030560e-01
17 24 1.092100e-01
17 25 1.107460e-01
17 26 1.062030e-01
17 27 9.494580e-02
17 28 7.772650e-02
17 29 5.697290e-02
17 30 3.635390e-02
17 31 1.950110e-02
17 32 8.416910e-03
17 33 2.768860e-03
17 34 6.488630e-04
17 35 9.966270e-05
17 36 9.091400e-06
17 37 6.018820e-07
17 38 3.330730e-08
17 39 8.965600e-10
17 40 0.000000e+00
18 1 3.972710e-04
18 2 1.609240e-04
18 3 2.373400e-04
18 4 3.238460e-04
18 5 4.634210e-04
18 6 6.571540e-04
18 7 9.282760e-04
18 8 1.318380e-03
18 9 1.862810e-03
18 10 2.661270e-03
18 11 3.797450e-03
18 12 5.444290e-03
18 13 7.812140e-03
18 14 1.123220e-02
18 15 1.609590e-02
18 16 2.313610e-02
18 17 3.329370e-02
18 18 4.637970e-02
18 19 5.689690e-02
18 20 6.698250e-02
18 21 7.741960e-02
18 22 8.757440e-02
18 23 9.632840e-02
18 24 1.023020e-01
18 25 1.040140e-01
18 26 1.000840e-01
18 27 8.985030e-02
18 28 7.393580e-02
18 29 5.454010e-02
18 30 3.507400e-02
18 31 1.899280e-02
18 32 8.292160e-03
18 33 2.765710e-03
18 34 6.588440e-04
18 35 1.031740e-04
18 36 9.613440e-06
18 37 6.451800e-07
18 38 3.589060e-08
18 39 1.045150e-09
18 40 0.000000e+00
19 1 2.915230e-04
19 2 1.181830e-04
19 3 1.743260e-04
19 4 2.379000e-04
19 5 3.405010e-04
19 6 4.829810e-04
19 7 6.824070e-04
19 8 9.694580e-04
19 9 1.369160e-03
19 10 1.953140e-03
19 11 2.783890e-03
19 12 3.995610e-03
19 13 5.768770e-03
19 14 8.400970e-03
19 15 1.219370e-02
19 16 1.767870e-02
19 17 2.559140e-02
19 18 3.708930e-02
19 19 5.181460e-02
19 20 6.301580e-02
19 21 7.293340e-02
19 22 8.263580e-02
19 23 9.107980e-02
19 24 9.697520e-02
19 25 9.890090e-02
19 26 9.553770e-02
19 27 8.619520e-02
19 28 7.135460e-02
19 29 5.302050e-02
19 30 3.440700e-02
19 31 1.883720e-02
19 32 8.333800e-03
19 33 2.824300e-03
19 34 6.857040e-04
19 35 1.098160e-04
19 36 1.049030e-05
19 37 7.147740e-07
19 38 3.990020e-08
19 39 1.276630e-09
19 40 0.000000e+00
20 1 2.350460e-04
20 2 9.525360e-05
20 3 1.404860e-04
20 4 1.917110e-04
20 5 2.743570e-04
20 6 3.891050e-04
20 7 5.497120e-04
20 8 7.807570e-04
20 9 1.102370e-03
20 10 1.570250e-03
20 11 2.228080e-03
20 12 3.172130e-03
20 13 4.525340e-03
20 14 6.488310e-03
20 15 9.341790e-03
20 16 1.355890e-02
20 17 1.965000e-02
20 18 2.849310e-02
20 19 4.136890e-02
20 20 5.785530e-02
20 21 6.939060e-02
20 22 7.878040e-02
20 23 8.704620e-02
20 24 9.297540e-02
20 25 9.518680e-02
20 26 9.238210e-02
20 27 8.385930e-02
20 28 6.992520e-02
20 29 5.241370e-02
20 30 3.438170e-02
20 31 1.907060e-02
20 32 8.568300e-03
20 33 2.957800e-03
20 34 7.338730e-04
20 35 1.205320e-04
20 36 1.185020e-05
20 37 8.184300e-07
20 38 4.563950e-08
20 39 1.628890e-09
20 40 0.000000e+00
21 1 1.822700e-04
21 2 7.387570e-05
21 3 1.089640e-04
21 4 1.486900e-04
21 5 2.127970e-04
21 6 3.018060e-04
21 7 4.263710e-04
21 8 6.056580e-04
21 9 8.552110e-04
21 10 1.218300e-03
21 11 1.728800e-03
21 12 2.460190e-03
21 13 3.508220e-03
21 14 5.038400e-03
21 15 7.238850e-03
21 16 1.043490e-02
21 17 1.505640e-02
21 18 2.178410e-02
21 19 3.160670e-02
21 20 4.609920e-02
21 21 6.445750e-02
21 22 7.615360e-02
21 23 8.438580e-02
21 24 9.046740e-02
21 25 9.304320e-02
21 26 9.079720e-02
21 27 8.298490e-02
21 28 6.979140e-02
21 29 5.286310e-02
21 30 3.510890e-02
21 31 1.976570e-02
21 32 9.039510e-03
21 33 3.186580e-03
21 34 8.103390e-04
21 35 1.369440e-04
21 36 1.390830e-05
21 37 9.743910e-07
21 38 5.400180e-08
21 39 2.186300e-09
21 40 0.000000e+00
22 1 1.365700e-04
22 2 5.535640e-05
22 3 8.165120e-05
22 4 1.114290e-04
22 5 1.594840e-04
22 6 2.262260e-04
22 7 3.196570e-04
22 8 4.541560e-04
22 9 6.413950e-04
22 10 9.139890e-04
22 11 1.297450e-03
22 12 1.846350e-03
22 13 2.631750e-03
22 14 3.777180e-03
22 15 5.428870e-03
22 16 7.841740e-03
22 17 1.133780e-02
22 18 1.643670e-02
22 19 2.389710e-02
22 20 3.493130e-02
22 21 5.123320e-02
22 22 7.178450e-02
22 23 8.323660e-02
22 24 8.960050e-02
22 25 9.263010e-02
22 26 9.096680e-02
22 27 8.377000e-02
22 28 7.113710e-02
22 29 5.451230e-02
22 30 3.671590e-02
22 31 2.102230e-02
22 32 9.810250e-03
22 33 3.541440e-03
22 34 9.261420e-04
22 35 1.616760e-04
22 36 1.703600e-05
22 37 1.175150e-06
22 38 6.651060e-08
22 39 3.112660e-09
22 40 0.000000e+00
23 1 9.813570e-05
23 2 3.979890e-05
23 3 5.871130e-05
23 4 8.013550e-05
23 5 1.147190e-04
23 6 1.627750e-04
23 7 2.300660e-04
23 8 3.269700e-04
23 9 4.619930e-04
23 10 6.586820e-04
23 11 9.356300e-04
23 12 1.332550e-03
23 13 1.900010e-03
23 14 2.724690e-03
23 15 3.914460e-03
23 16 5.670120e-03
23 17 8.256460e-03
23 18 1.207810e-02
23 19 1.769310e-02
23 20 2.602100e-02
23 21 3.837480e-02
23 22 5.683170e-02
23 23 7.985170e-02
23 24 9.053220e-02
23 25 9.412540e-02
23 26 9.309920e-02
23 27 8.646600e-02
23 28 7.421140e-02
23 29 5.761240e-02
23 30 3.941690e-02
23 31 2.299750e-02
23 32 1.097650e-02
23 33 4.069090e-03
23 34 1.097990e-03
23 35 1.988190e-04
23 36 2.185020e-05
23 37 1.385240e-06
23 38 8.592470e-08
23 39 4.699770e-09
23 40 0.000000e+00
24 1 7.172160e-05
24 2 2.911030e-05
24 3 4.294520e-05
24 4 5.862010e-05
24 5 8.392440e-05
24 6 1.190820e-04
24 7 1.683500e-04
24 8 2.393360e-04
24 9 3.382700e-04
24 10 4.824880e-04
24 11 6.857120e-04
24 12 9.771850e-04
24 13 1.394200e-03
24 14 1.999650e-03
24 15 2.870030e-03
24 16 4.149850e-03
24 17 6.032800e-03
24 18 8.827270e-03
24 19 1.297290e-02
24 20 1.915040e-02
24 21 2.835540e-02
24 22 4.218080e-02
24 23 6.298750e-02
24 24 8.858430e-02
24 25 9.777060e-02
24 26 9.748000e-02
24 27 9.143140e-02
24 28 7.940530e-02
24 29 6.256670e-02
24 30 4.357260e-02
24 31 2.596810e-02
24 32 1.271150e-02
24 33 4.855040e-03
24 34 1.356530e-03
24 35 2.558180e-04
24 36 2.945410e-05
24 37 1.936190e-06
24 38 1.171070e-07
24 39 7.499170e-09
24 40 0.000000e+00
25 1 5.091330e-05
25 2 2.068810e-05
25 3 3.052390e-05
25 4 4.167050e-05
25 5 5.966920e-05
25 6 8.469140e-05
25 7 1.197540e-04
25 8 1.702950e-04
25 9 2.407960e-04
25 10 3.436180e-04
25 11 4.886370e-04
25 12 6.969080e-04
25 13 9.953500e-04
25 14 1.429320e-03
25 15 2.053280e-03
25 16 2.969790e-03
25 17 4.320440e-03
25 18 6.329910e-03
25 19 9.326580e-03
25 20 1.382660e-02
25 21 2.057060e-02
25 22 3.076670e-02
25 23 4.621780e-02
25 24 6.967470e-02
25 25 9.806080e-02
25 26 1.048070e-01
25 27 9.938480e-02
25 28 8.744230e-02
25 29 7.002440e-02
25 30 4.973460e-02
25 31 3.034660e-02
25 32 1.527670e-02
25 33 6.031460e-03
25 34 1.751860e-03
25 35 3.456670e-04
25 36 4.193180e-05
25 37 2.837950e-06
25 38 1.697950e-07
25 39 1.266920e-08
25 40 0.000000e+00
26 1 3.238770e-05
26 2 1.321320e-05
26 3 1.950040e-05
26 4 2.663060e-05
26 5 3.814770e-05
26 6 5.417230e-05
26 7 7.664910e-05
26 8 1.090810e-04
26 9 1.543920e-04
26 10 2.205890e-04
26 11 3.141530e-04
26 12 4.488750e-04
26 13 6.425120e-04
26 14 9.251520e-04
26 15 1.333270e-03
26 16 1.934150e-03
26 17 2.819040e-03
26 18 4.145060e-03
26 19 6.156020e-03
26 20 9.256910e-03
26 21 1.404910e-02
26 22 2.145430e-02
26 23 3.279830e-02
26 24 5.021220e-02
26 25 7.693700e-02
26 26 1.086400e-01
26 27 1.117410e-01
26 28 9.968160e-02
26 29 8.114250e-02
26 30 5.882730e-02
26 31 3.679580e-02
26 32 1.908650e-02
26 33 7.810840e-03
26 34 2.367990e-03
26 35 4.915810e-04
26 36 6.332640e-05
26 37 4.526220e-06
26 38 2.656040e-07
26 39 2.286680e-08
26 40 0.000000e+00
27 1 2.238670e-05
27 2 9.148390e-06
27 3 1.350320e-05
27 4 1.844200e-05
27 5 2.642280e-05
27 6 3.752560e-05
27 7 5.311120e-05
27 8 7.561140e-05
27 9 1.070490e-04
27 10 1.530280e-04
27 11 2.180810e-04
27 12 3.118220e-04
27 13 4.467930e-04
27 14 6.441630e-04
27 15 9.298500e-04
27 16 1.351680e-03
27 17 1.974350e-03
27 18 2.903960e-03
27 19 4.304820e-03
27 20 6.453270e-03
27 21 9.767730e-03
27 22 1.493260e-02
27 23 2.297220e-02
27 24 3.545170e-02
27 25 5.483710e-02
27 26 8.478080e-02
27 27 1.193280e-01
27 28 1.172030e-01
27 29 9.728850e-02
27 30 7.220170e-02
27 31 4.646800e-02
27 32 2.493790e-02
27 33 1.062500e-02
27 34 3.377210e-03
27 35 7.407700e-04
27 36 1.017040e-04
27 37 7.776080e-06
27 38 4.387570e-07
27 39 4.276770e-08
27 40 0.000000e+00
28 1 1.402840e-05
28 2 5.758230e-06
28 3 8.500610e-06
28 4 1.161260e-05
28 5 1.664290e-05
28 6 2.364760e-05
28 7 3.348380e-05
28 8 4.769960e-05
28 9 6.759390e-05
28 10 9.671590e-05
28 11 1.379940e-04
28 12 1.976310e-04
28 13 2.837120e-04
28 14 4.100050e-04
28 15 5.935810e-04
28 16 8.659970e-04
28 17 1.270480e-03
28 18 1.877690e-03
28 19 2.795980e-03
28 20 4.209840e-03
28 21 6.406000e-03
28 22 9.880290e-03
28 23 1.539980e-02
28 24 2.412540e-02
28 25 3.790360e-02
28 26 5.956750e-02
28 27 9.328990e-02
28 28 1.308680e-01
28 29 1.215830e-01
28 30 9.247260e-02
28 31 6.131870e-02
28 32 3.411990e-02
28 33 1.518220e-02
28 34 5.081120e-03
28 35 1.184490e-03
28 36 1.746450e-04
28 37 1.445580e-05
28 38 7.708320e-07
28 39 7.675730e-08
28 40 0.000000e+00
29 1 7.827520e-06
29 2 3.256600e-06
29 3 4.809250e-06
29 4 6.573050e-06
29 5 9.425220e-06
29 6 1.339980e-05
29 7 1.898920e-05
29 8 2.707570e-05
29 9 3.841030e-05
29 10 5.504590e-05
29 11 7.868860e-05
29 12 1.129500e-04
29 13 1.626190e-04
29 14 2.358420e-04
29 15 3.429070e-04
29 16 5.029390e-04
29 17 7.425810e-04
29 18 1.105900e-03
29 19 1.661360e-03
29 20 2.524300e-03
29 21 3.872570e-03
29 22 6.021610e-03
29 23 9.516630e-03
29 24 1.524690e-02
29 25 2.464120e-02
29 26 3.985980e-02
29 27 6.419960e-02
29 28 1.024560e-01
29 29 1.433970e-01
29 30 1.245210e-01
29 31 8.509250e-02
29 32 4.913850e-02
29 33 2.287860e-02
29 34 8.089990e-03
29 35 2.014910e-03
29 36 3.215530e-04
29 37 2.919890e-05
29 38 1.458680e-06
29 39 7.593960e-08
29 40 0.000000e+00
30 1 4.485190e-06
30 2 1.881310e-06
30 3 2.779000e-06
30 4 3.799240e-06
30 5 5.449980e-06
30 6 7.752140e-06
30 7 1.099210e-05
30 8 1.568600e-05
30 9 2.227550e-05
30 10 3.195980e-05
30 11 4.575690e-05
30 12 6.580980e-05
30 13 9.497430e-05
30 14 1.381550e-04
30 15 2.016290e-04
30 16 2.970860e-04
30 17 4.411470e-04
30 18 6.616010e-04
30 19 1.002370e-03
30 20 1.538520e-03
30 21 2.389770e-03
30 22 3.764330e-03
30 23 6.008660e-03
30 24 9.709910e-03
30 25 1.585310e-02
30 26 2.601820e-02
30 27 4.269110e-02
30 28 6.962250e-02
30 29 1.120330e-01
30 30 1.550980e-01
30 31 1.244600e-01
30 32 7.489810e-02
30 33 3.666540e-02
30 34 1.376970e-02
30 35 3.683570e-03
30 36 6.393410e-04
30 37 6.401320e-05
30 38 3.318480e-06
30 39 1.093450e-07
30 40 0.000000e+00
31 1 2.170340e-06
31 2 9.647520e-07
31 3 1.426430e-06
31 4 1.951330e-06
31 5 2.800920e-06
31 6 3.987570e-06
31 7 5.659390e-06
31 8 8.085450e-06
31 9 1.149960e-05
31 10 1.652960e-05
31 11 2.371900e-05
31 12 3.420940e-05
31 13 4.953910e-05
31 14 7.236680e-05
31 15 1.061630e-04
31 16 1.574140e-04
31 17 2.355270e-04
31 18 3.564340e-04
31 19 5.458960e-04
31 20 8.488520e-04
31 21 1.338140e-03
31 22 2.141400e-03
31 23 3.475140e-03
31 24 5.712060e-03
31 25 9.496360e-03
31 26 1.595200e-02
31 27 2.690560e-02
31 28 4.522980e-02
31 29 7.518480e-02
31 30 1.224290e-01
31 31 1.670550e-01
31 32 1.216640e-01
31 33 6.270550e-02
31 34 2.508820e-02
31 35 7.247320e-03
31 36 1.378670e-03
31 37 1.537870e-04
31 38 8.776120e-06
31 39 3.226320e-07
31 40 0.000000e+00
32 1 8.423250e-07
32 2 4.263330e-07
32 3 6.402390e-07
32 4 8.781500e-07
32 5 1.261910e-06
32 6 1.798350e-06
32 7 2.555600e-06
32 8 3.656600e-06
32 9 5.209590e-06
32 10 7.505360e-06
32 11 1.080030e-05
32 12 1.563190e-05
32 13 2.273590e-05
32 14 3.339070e-05
32 15 4.930240e-05
32 16 7.367740e-05
32 17 1.112900e-04
32 18 1.703570e-04
32 19 2.644700e-04
32 20 4.178050e-04
32 21 6.710480e-04
32 22 1.097510e-03
32 23 1.825330e-03
32 24 3.080670e-03
32 25 5.264150e-03
32 26 9.091670e-03
32 27 1.582180e-02
32 28 2.756440e-02
32 29 4.765630e-02
32 30 8.091690e-02
32 31 1.333430e-01
32 32 1.786400e-01
32 33 1.158070e-01
32 34 4.939600e-02
32 35 1.544980e-02
32 36 3.239180e-03
32 37 4.060890e-04
32 38 2.637410e-05
32 39 8.496970e-07
32 40 3.147830e-08
33 1 2.630120e-07
33 2 1.467300e-07
33 3 2.328690e-07
33 4 3.348890e-07
33 5 4.926730e-07
33 6 7.064930e-07
33 7 1.005800e-06
33 8 1.441860e-06
33 9 2.058850e-06
33 10 2.973940e-06
33 11 4.293780e-06
33 12 6.239900e-06
33 13 9.121340e-06
33 14 1.347890e-05
33 15 2.005380e-05
33 16 3.024870e-05
33 17 4.620370e-05
33 18 7.167800e-05
33 19 1.130610e-04
33 20 1.820190e-04
33 21 2.988780e-04
33 22 5.015080e-04
33 23 8.591110e-04
33 24 1.499940e-03
33 25 2.657990e-03
33 26 4.752350e-03
33 27 8.563920e-03
33 28 1.551730e-02
33 29 2.805930e-02
33 30 5.004660e-02
33 31 8.688090e-02
33 32 1.446820e-01
33 33 1.892260e-01
33 34 1.067140e-01
33 35 3.613580e-02
33 36 8.371410e-03
33 37 1.186850e-03
33 38 8.934230e-05
33 39 3.065890e-06
33 40 1.518340e-07
34 1 6.108260e-08
34 2 3.496590e-08
34 3 5.785070e-08
34 4 8.849130e-08
34 5 1.412140e-07
34 6 2.194550e-07
34 7 3.272190e-07
34 8 4.772790e-07
34 9 6.868710e-07
34 10 9.967730e-07
34 11 1.445740e-06
34 12 2.112690e-06
34 13 3.109060e-06
34 14 4.631660e-06
34 15 6.958010e-06
34 16 1.061650e-05
34 17 1.643920e-05
34 18 2.591470e-05
34 19 4.164350e-05
34 20 6.848470e-05
34 21 1.152100e-04
34 22 1.987170e-04
34 23 3.512580e-04
34 24 6.357280e-04
34 25 1.175150e-03
34 26 2.205260e-03
34 27 4.166030e-03
34 28 7.908860e-03
34 29 1.505160e-02
34 30 2.843190e-02
34 31 5.249620e-02
34 32 9.319270e-02
34 33 1.564340e-01
34 34 1.982150e-01
34 35 9.459070e-02
34 36 2.417770e-02
34 37 3.886460e-03
34 38 3.419630e-04
34 39 1.383920e-05
34 40 4.301470e-07
35 1 1.220820e-08
35 2 6.988440e-09
35 3 1.156230e-08
35 4 1.768720e-08
35 5 2.834060e-08
35 6 4.502190e-08
35 7 7.120040e-08
35 8 1.122690e-07
35 9 1.722650e-07
35 10 2.615950e-07
35 11 3.904740e-07
35 12 5.789630e-07
35 13 8.612090e-07
35 14 1.298060e-06
35 15 1.977110e-06
35 16 3.065290e-06
35 17 4.833640e-06
35 18 7.777470e-06
35 19 1.278660e-05
35 20 2.156770e-05
35 21 3.731450e-05
35 22 6.637040e-05
35 23 1.213460e-04
35 24 2.279920e-04
35 25 4.396190e-04
35 26 8.647330e-04
35 27 1.724990e-03
35 28 3.487830e-03
35 29 7.104960e-03
35 30 1.440990e-02
35 31 2.867610e-02
35 32 5.500570e-02
35 33 9.982410e-02
35 34 1.682720e-01
35 35 2.050620e-01
35 36 8.029410e-02
35 37 1.454610e-02
35 38 1.496320e-03
35 39 7.345790e-05
35 40 1.773990e-06
36 1 1.972250e-09
36 2 1.128990e-09
36 3 1.867900e-09
36 4 2.857370e-09
36 5 4.578430e-09
36 6 7.273310e-09
36 7 1.150320e-08
36 8 1.828140e-08
36 9 2.885330e-08
36 10 4.586070e-08
36 11 7.230190e-08
36 12 1.126840e-07
36 13 1.733190e-07
36 14 2.663240e-07
36 15 4.107710e-07
36 16 6.453840e-07
36 17 1.035220e-06
36 18 1.701420e-06
36 19 2.870420e-06
36 20 4.992960e-06
36 21 8.957810e-06
36 22 1.662830e-05
36 23 3.195750e-05
36 24 6.360980e-05
36 25 1.309940e-04
36 26 2.780110e-04
36 27 6.008350e-04
36 28 1.303080e-03
36 29 2.829970e-03
36 30 6.167580e-03
36 31 1.337530e-02
36 32 2.827340e-02
36 33 5.686670e-02
36 34 1.061770e-01
36 35 1.801510e-01
36 36 2.099760e-01
36 37 6.504080e-02
36 38 7.706030e-03
36 39 4.582060e-04
36 40 1.161000e-05
37 1 2.847400e-10
37 2 1.630000e-10
37 3 2.696800e-10
37 4 4.125300e-10
37 5 6.610100e-10
37 6 1.050090e-09
37 7 1.660770e-09
37 8 2.639380e-09
37 9 4.165960e-09
37 10 6.628300e-09
37 11 1.049370e-08
37 12 1.662880e-08
37 13 2.632570e-08
37 14 4.179170e-08
37 15 6.615070e-08
37 16 1.048860e-07
37 17 1.677760e-07
37 18 2.761020e-07
37 19 4.709420e-07
37 20 8.388300e-07
37 21 1.554300e-06
37 22 3.013550e-06
37 23 6.109080e-06
37 24 1.295910e-05
37 25 2.875340e-05
37 26 6.651760e-05
37 27 1.592960e-04
37 28 3.867930e-04
37 29 9.338160e-04
37 30 2.223470e-03
37 31 5.235960e-03
37 32 1.220820e-02
37 33 2.760260e-02
37 34 5.852590e-02
37 35 1.126160e-01
37 36 1.918400e-01
37 37 2.121900e-01
37 38 4.997260e-02
37 39 3.512410e-03
37 40 1.082990e-04
38 1 5.007200e-11
38 2 2.866300e-11
38 3 4.742200e-11
38 4 7.254300e-11
38 5 1.162400e-10
38 6 1.846600e-10
38 7 2.920400e-10
38 8 4.641300e-10
38 9 7.325800e-10
38 10 1.165570e-09
38 11 1.845300e-09
38 12 2.924130e-09
38 13 4.629310e-09
38 14 7.348990e-09
38 15 1.163200e-08
38 16 1.845080e-08
38 17 2.924240e-08
38 18 4.635090e-08
38 19 7.355540e-08
38 20 1.200920e-07
38 21 2.078480e-07
38 22 3.895590e-07
38 23 8.060880e-07
38 24 1.831860e-06
38 25 4.468290e-06
38 26 1.158050e-05
38 27 3.156510e-05
38 28 8.872990e-05
38 29 2.451710e-04
38 30 6.520620e-04
38 31 1.692160e-03
38 32 4.333830e-03
38 33 1.095100e-02
38 34 2.669140e-02
38 35 6.001190e-02
38 36 1.191430e-01
38 37 2.030630e-01
38 38 2.115760e-01
38 39 3.638850e-02
38 40 1.360110e-03
39 1 1.541400e-11
39 2 8.823600e-12
39 3 1.459900e-11
39 4 2.233200e-11
39 5 3.578300e-11
39 6 5.684500e-11
39 7 8.990300e-11
39 8 1.428800e-10
39 9 2.255200e-10
39 10 3.588100e-10
39 11 5.680600e-10
39 12 9.001700e-10
39 13 1.425100e-09
39 14 2.262330e-09
39 15 3.580810e-09
39 16 5.679930e-09
39 17 9.002060e-09
39 18 1.426840e-08
39 19 2.259810e-08
39 20 3.583500e-08
39 21 5.678160e-08
39 22 9.011140e-08
39 23 1.453750e-07
39 24 2.509190e-07
39 25 5.151430e-07
39 26 1.320940e-06
39 27 4.038320e-06
39 28 1.347740e-05
39 29 4.612500e-05
39 30 1.481980e-04
39 31 4.380990e-04
39 32 1.244120e-03
39 33 3.483920e-03
39 34 9.645220e-03
39 35 2.561110e-02
39 36 6.144680e-02
39 37 1.258370e-01
39 38 2.134900e-01
39 39 2.082300e-01
39 40 2.560260e-02
40 1 4.434400e-12
40 2 2.538400e-12
40 3 4.199800e-12
40 4 6.424600e-12
40 5 1.029400e-11
40 6 1.635300e-11
40 7 2.586400e-11
40 8 4.110400e-11
40 9 6.487800e-11
40 10 1.032300e-10
40 11 1.634200e-10
40 12 2.589700e-10
40 13 4.099800e-10
40 14 6.508400e-10
40 15 1.030150e-09
40 16 1.634030e-09
40 17 2.589760e-09
40 18 4.104820e-09
40 19 6.501120e-09
40 20 1.030920e-08
40 21 1.633520e-08
40 22 2.589480e-08
40 23 4.104030e-08
40 24 6.512670e-08
40 25 1.057300e-07
40 26 1.866300e-07
40 27 4.021090e-07
40 28 1.185950e-06
40 29 4.532000e-06
40 30 1.889820e-05
40 31 7.215290e-05
40 32 2.442540e-04
40 33 7.902540e-04
40 34 2.546410e-03
40 35 8.136860e-03
40 36 2.437000e-02
40 37 6.324370e-02
40 38 1.332270e-01
40 39 2.228520e-01
40 40 2.191130e-01
