1 1 3.199330e-02
1 2 1.182910e-02
1 3 1.548150e-02
1 4 1.873050e-02
1 5 2.376390e-02
1 6 2.980690e-02
1 7 3.716970e-02
1 8 4.648690e-02
1 9 5.762200e-02
1 10 7.177730e-02
1 11 8.861400e-02
1 12 1.090100e-01
1 13 1.332030e-01
1 14 1.619750e-01
1 15 1.945580e-01
1 16 2.314210e-01
1 17 2.709470e-01
1 18 3.113810e-01
1 19 3.492880e-01
1 20 3.808630e-01
1 21 3.998310e-01
1 22 4.007450e-01
1 23 3.786020e-01
1 24 3.322140e-01
1 25 2.657760e-01
1 26 1.893020e-01
1 27 1.165800e-01
1 28 5.985090e-02
1 29 2.447860e-02
1 30 7.539530e-03
1 31 1.631160e-03
1 32 2.274630e-04
1 33 1.840620e-05
1 34 8.656580e-07
1 35 6.049100e-08
1 36 1.031010e-09
1 37 0.000000e+00
1 38 0.000000e+00
1 39 0.000000e+00
1 40 0.000000e+00
2 1 2.533550e-02
2 2 1.037110e-02
2 3 1.384290e-02
2 4 1.674860e-02
2 5 2.124940e-02
2 6 2.665310e-02
2 7 3.323700e-02
2 8 4.156860e-02
2 9 5.152600e-02
2 10 6.418450e-02
2 11 7.924210e-02
2 12 9.748270e-02
2 13 1.191180e-01
2 14 1.448530e-01
2 15 1.739960e-01
2 16 2.069800e-01
2 17 2.423370e-01
2 18 2.785200e-01
2 19 3.124520e-01
2 20 3.407370e-01
2 21 3.577580e-01
2 22 3.586330e-01
2 23 3.388840e-01
2 24 2.974410e-01
2 25 2.380390e-01
2 26 1.696190e-01
2 27 1.045160e-01
2 28 5.369400e-02
2 29 2.197900e-02
2 30 6.776360e-03
2 31 1.467900e-03
2 32 2.050310e-04
2 33 1.663130e-05
2 34 7.874650e-07
2 35 5.479730e-08
2 36 9.392900e-10
2 37 0.000000e+00
2 38 0.000000e+00
2 39 0.000000e+00
2 40 0.000000e+00
3 1 1.996040e-02
3 2 8.377400e-03
3 3 1.211530e-02
3 4 1.496080e-02
3 5 1.898160e-02
3 6 2.380860e-02
3 7 2.969020e-02
3 8 3.713300e-02
3 9 4.602830e-02
3 10 5.733700e-02
3 11 7.078970e-02
3 12 8.708690e-02
3 13 1.064170e-01
3 14 1.294130e-01
3 15 1.554530e-01
3 16 1.849390e-01
3 17 2.165440e-01
3 18 2.488950e-01
3 19 2.792470e-01
3 20 3.045670e-01
3 21 3.198390e-01
3 22 3.206900e-01
3 23 3.031110e-01
3 24 2.661330e-01
3 25 2.130740e-01
3 26 1.519110e-01
3 27 9.366930e-02
3 28 4.816320e-02
3 29 1.973570e-02
3 30 6.092470e-03
3 31 1.321890e-03
3 32 1.850090e-04
3 33 1.504980e-05
3 34 7.598960e-07
3 35 4.975190e-08
3 36 8.591600e-10
3 37 0.000000e+00
3 38 0.000000e+00
3 39 0.000000e+00
3 40 0.000000e+00
4 1 1.554610e-02
4 2 6.576080e-03
4 3 9.786280e-03
4 4 1.311650e-02
4 5 1.696910e-02
4 6 2.128450e-02
4 7 2.654270e-02
4 8 3.319690e-02
4 9 4.114980e-02
4 10 5.126090e-02
4 11 6.328930e-02
4 12 7.786180e-02
4 13 9.514860e-02
4 14 1.157140e-01
4 15 1.390010e-01
4 16 1.653810e-01
4 17 1.936670e-01
4 18 2.226200e-01
4 19 2.498020e-01
4 20 2.724950e-01
4 21 2.862160e-01
4 22 2.870640e-01
4 23 2.714240e-01
4 24 2.384160e-01
4 25 1.909800e-01
4 26 1.362500e-01
4 27 8.408500e-02
4 28 4.328180e-02
4 29 1.775850e-02
4 30 5.490940e-03
4 31 1.193820e-03
4 32 1.674950e-04
4 33 1.366970e-05
4 34 7.920490e-07
4 35 4.538360e-08
4 36 7.912400e-10
4 37 0.000000e+00
4 38 0.000000e+00
4 39 0.000000e+00
4 40 0.000000e+00
5 1 1.249210e-02
5 2 5.226700e-03
5 3 7.756310e-03
5 4 1.062910e-02
5 5 1.490280e-02
5 6 1.906480e-02
5 7 2.377480e-02
5 8 2.973550e-02
5 9 3.686000e-02
5 10 4.591790e-02
5 11 5.669410e-02
5 12 6.975040e-02
5 13 8.524040e-02
5 14 1.036690e-01
5 15 1.245410e-01
5 16 1.481850e-01
5 17 1.735590e-01
5 18 1.995310e-01
5 19 2.239300e-01
5 20 2.443210e-01
5 21 2.566970e-01
5 22 2.575410e-01
5 23 2.436160e-01
5 24 2.141050e-01
5 25 1.716200e-01
5 26 1.225350e-01
5 27 7.570150e-02
5 28 3.901800e-02
5 29 1.603490e-02
5 30 4.967880e-03
5 31 1.082790e-03
5 32 1.523750e-04
5 33 1.248460e-05
5 34 7.809650e-07
5 35 4.167640e-08
5 36 7.347100e-10
5 37 0.000000e+00
5 38 0.000000e+00
5 39 0.000000e+00
5 40 0.000000e+00
6 1 9.895380e-03
6 2 4.119830e-03
6 3 6.121830e-03
6 4 8.397590e-03
6 5 1.206320e-02
6 6 1.675170e-02
6 7 2.130800e-02
6 8 2.665050e-02
6 9 3.303650e-02
6 10 4.115600e-02
6 11 5.081650e-02
6 12 6.252200e-02
6 13 7.641060e-02
6 14 9.293650e-02
6 15 1.116590e-01
6 16 1.328650e-01
6 17 1.556470e-01
6 18 1.789710e-01
6 19 2.008950e-01
6 20 2.192450e-01
6 21 2.304410e-01
6 22 2.312830e-01
6 23 2.188990e-01
6 24 1.925110e-01
6 25 1.544440e-01
6 26 1.103820e-01
6 27 6.828250e-02
6 28 3.525210e-02
6 29 1.451670e-02
6 30 4.508750e-03
6 31 9.857490e-04
6 32 1.392410e-04
6 33 1.146300e-05
6 34 7.192630e-07
6 35 3.853280e-08
6 36 6.883800e-10
6 37 0.000000e+00
6 38 0.000000e+00
6 39 0.000000e+00
6 40 0.000000e+00
7 1 7.598860e-03
7 2 3.152990e-03
7 3 4.739660e-03
7 4 6.561940e-03
7 5 9.478550e-03
7 6 1.353280e-02
7 7 1.874540e-02
7 8 2.391840e-02
7 9 2.965010e-02
7 10 3.693860e-02
7 11 4.561120e-02
7 12 5.612050e-02
7 13 6.859200e-02
7 14 8.343450e-02
7 15 1.002510e-01
7 16 1.193120e-01
7 17 1.397870e-01
7 18 1.607750e-01
7 19 1.805210e-01
7 20 1.970720e-01
7 21 2.072130e-01
7 22 2.080910e-01
7 23 1.970810e-01
7 24 1.734670e-01
7 25 1.393140e-01
7 26 9.969970e-02
7 27 6.177050e-02
7 28 3.195520e-02
7 29 1.319220e-02
7 30 4.110040e-03
7 31 9.020010e-04
7 32 1.280050e-04
7 33 1.059870e-05
7 34 6.675630e-07
7 35 3.590430e-08
7 36 6.528200e-10
7 37 0.000000e+00
7 38 0.000000e+00
7 39 0.000000e+00
7 40 0.000000e+00
8 1 5.924900e-03
8 2 2.459200e-03
8 3 3.700570e-03
8 4 5.137880e-03
8 5 7.439110e-03
8 6 1.063730e-02
8 7 1.512290e-02
8 8 2.105960e-02
8 9 2.665080e-02
8 10 3.320280e-02
8 11 4.100040e-02
8 12 5.045090e-02
8 13 6.166760e-02
8 14 7.501970e-02
8 15 9.015090e-02
8 16 1.073130e-01
8 17 1.257510e-01
8 18 1.446760e-01
8 19 1.625000e-01
8 20 1.774710e-01
8 21 1.866930e-01
8 22 1.876140e-01
8 23 1.778360e-01
8 24 1.566910e-01
8 25 1.260030e-01
8 26 9.032330e-02
8 27 5.607130e-02
8 28 2.907940e-02
8 29 1.204230e-02
8 30 3.766140e-03
8 31 8.303980e-04
8 32 1.185210e-04
8 33 9.883870e-06
8 34 6.253370e-07
8 35 3.378520e-08
8 36 6.276800e-10
8 37 0.000000e+00
8 38 0.000000e+00
8 39 0.000000e+00
8 40 0.000000e+00
9 1 4.829540e-03
9 2 1.964540e-03
9 3 2.906780e-03
9 4 4.006890e-03
9 5 5.824220e-03
9 6 8.363160e-03
9 7 1.190990e-02
9 8 1.701890e-02
9 9 2.353320e-02
9 10 2.992950e-02
9 11 3.696010e-02
9 12 4.548320e-02
9 13 5.560130e-02
9 14 6.764880e-02
9 15 8.130690e-02
9 16 9.680580e-02
9 17 1.134710e-01
9 18 1.305910e-01
9 19 1.467400e-01
9 20 1.603450e-01
9 21 1.687840e-01
9 22 1.697560e-01
9 23 1.610760e-01
9 24 1.421060e-01
9 25 1.144560e-01
9 26 8.221380e-02
9 27 5.116480e-02
9 28 2.661580e-02
9 29 1.106430e-02
9 30 3.476560e-03
9 31 7.709370e-04
9 32 1.108050e-04
9 33 9.322380e-06
9 34 5.928680e-07
9 35 3.219510e-08
9 36 6.139600e-10
9 37 0.000000e+00
9 38 0.000000e+00
9 39 0.000000e+00
9 40 0.000000e+00
10 1 3.762030e-03
10 2 1.528190e-03
10 3 2.270680e-03
10 4 3.136830e-03
10 5 4.556870e-03
10 6 6.552770e-03
10 7 9.349020e-03
10 8 1.337170e-02
10 9 1.898580e-02
10 10 2.646820e-02
10 11 3.339490e-02
10 12 4.109940e-02
10 13 5.024880e-02
10 14 6.114590e-02
10 15 7.350780e-02
10 16 8.754170e-02
10 17 1.026490e-01
10 18 1.181790e-01
10 19 1.328680e-01
10 20 1.452820e-01
10 21 1.530470e-01
10 22 1.540850e-01
10 23 1.463910e-01
10 24 1.293570e-01
10 25 1.043940e-01
10 26 7.517030e-02
10 27 4.692670e-02
10 28 2.450240e-02
10 29 1.023350e-02
10 30 3.233960e-03
10 31 7.221420e-04
10 32 1.046730e-04
10 33 8.897100e-06
10 34 5.694500e-07
10 35 3.108940e-08
10 36 6.125000e-10
10 37 0.000000e+00
10 38 0.000000e+00
10 39 0.000000e+00
10 40 0.000000e+00
11 1 2.882790e-03
11 2 1.170610e-03
11 3 1.735550e-03
11 4 2.392110e-03
11 5 3.477570e-03
11 6 5.034800e-03
11 7 7.241770e-03
11 8 1.041680e-02
11 9 1.484360e-02
11 10 2.130350e-02
11 11 2.960250e-02
11 12 3.726950e-02
11 13 4.557280e-02
11 14 5.546740e-02
11 15 6.669810e-02
11 16 7.945810e-02
11 17 9.320600e-02
11 18 1.073630e-01
11 19 1.207870e-01
11 20 1.321770e-01
11 21 1.393740e-01
11 22 1.404970e-01
11 23 1.336890e-01
11 24 1.183610e-01
11 25 9.575260e-02
11 26 6.915490e-02
11 27 4.333430e-02
11 28 2.273040e-02
11 29 9.547520e-03
11 30 3.038160e-03
11 31 6.841490e-04
11 32 1.001820e-04
11 33 8.625310e-06
11 34 5.559670e-07
11 35 3.053670e-08
11 36 6.260600e-10
11 37 0.000000e+00
11 38 0.000000e+00
11 39 0.000000e+00
11 40 0.000000e+00
12 1 2.340410e-03
12 2 9.489350e-04
12 3 1.400870e-03
12 4 1.916180e-03
12 5 2.752880e-03
12 6 3.921080e-03
12 7 5.604190e-03
12 8 8.098700e-03
12 9 1.159550e-02
12 10 1.667820e-02
12 11 2.384820e-02
12 12 3.317180e-02
12 13 4.152260e-02
12 14 5.055040e-02
12 15 6.080490e-02
12 16 7.246600e-02
12 17 8.504360e-02
12 18 9.802860e-02
12 19 1.103700e-01
12 20 1.208990e-01
12 21 1.276330e-01
12 22 1.288590e-01
12 23 1.228520e-01
12 24 1.090280e-01
12 25 8.846580e-02
12 26 6.412790e-02
12 27 4.036760e-02
12 28 2.129390e-02
12 29 9.005600e-03
12 30 2.889770e-03
12 31 6.573260e-04
12 32 9.742530e-05
12 33 8.522030e-06
12 34 5.533300e-07
12 35 3.058690e-08
12 36 6.578400e-10
12 37 0.000000e+00
12 38 0.000000e+00
12 39 0.000000e+00
12 40 0.000000e+00
13 1 1.717070e-03
13 2 6.965070e-04
13 3 1.028300e-03
13 4 1.404990e-03
13 5 2.018980e-03
13 6 2.895570e-03
13 7 4.169360e-03
13 8 6.077960e-03
13 9 8.823950e-03
13 10 1.283430e-02
13 11 1.848320e-02
13 12 2.659900e-02
13 13 3.708100e-02
13 14 4.631000e-02
13 15 5.572650e-02
13 16 6.644710e-02
13 17 7.802470e-02
13 18 9.000800e-02
13 19 1.014330e-01
13 20 1.112440e-01
13 21 1.176120e-01
13 22 1.189550e-01
13 23 1.136730e-01
13 24 1.011690e-01
13 25 8.238140e-02
13 26 5.998170e-02
13 27 3.796210e-02
13 28 2.015940e-02
13 29 8.595550e-03
13 30 2.785780e-03
13 31 6.413110e-04
13 32 9.642800e-05
13 33 8.582650e-06
13 34 5.627450e-07
13 35 3.132020e-08
13 36 7.146200e-10
13 37 0.000000e+00
13 38 0.000000e+00
13 39 0.000000e+00
13 40 0.000000e+00
14 1 1.438790e-03
14 2 5.834660e-04
14 3 8.612030e-04
14 4 1.176270e-03
14 5 1.685900e-03
14 6 2.398510e-03
14 7 3.409070e-03
14 8 4.877700e-03
14 9 6.945960e-03
14 10 1.004420e-02
14 11 1.444550e-02
14 12 2.075250e-02
14 13 2.979610e-02
14 14 4.156430e-02
14 15 5.138120e-02
14 16 6.130130e-02
14 17 7.203920e-02
14 18 8.318250e-02
14 19 9.385500e-02
14 20 1.030840e-01
14 21 1.091860e-01
14 22 1.106810e-01
14 23 1.060700e-01
14 24 9.474000e-02
14 25 7.748540e-02
14 26 5.672470e-02
14 27 3.613880e-02
14 28 1.934760e-02
14 29 8.330760e-03
14 30 2.732170e-03
14 31 6.378950e-04
14 32 9.752410e-05
14 33 8.846570e-06
14 34 5.864220e-07
14 35 3.281350e-08
14 36 8.030800e-10
14 37 0.000000e+00
14 38 0.000000e+00
14 39 0.000000e+00
14 40 0.000000e+00
15 1 1.116150e-03
15 2 4.526830e-04
15 3 6.682070e-04
15 4 9.127230e-04
15 5 1.307820e-03
15 6 1.858110e-03
15 7 2.633840e-03
15 8 3.769400e-03
15 9 5.390240e-03
15 10 7.794370e-03
15 11 1.120320e-02
15 12 1.609900e-02
15 13 2.311940e-02
15 14 3.334760e-02
15 15 4.640670e-02
15 16 5.700570e-02
15 17 6.705580e-02
15 18 7.750880e-02
15 19 8.758270e-02
15 20 9.636550e-02
15 21 1.022930e-01
15 22 1.039660e-01
15 23 9.997360e-02
15 24 8.967210e-02
15 25 7.372320e-02
15 26 5.431670e-02
15 27 3.487740e-02
15 28 1.885030e-02
15 29 8.210800e-03
15 30 2.730390e-03
15 31 6.480530e-04
15 32 1.010170e-04
15 33 9.355380e-06
15 34 6.288230e-07
15 35 3.534710e-08
15 36 9.386300e-10
15 37 0.000000e+00
15 38 0.000000e+00
15 39 0.000000e+00
15 40 0.000000e+00
16 1 8.432310e-04
16 2 3.420870e-04
16 3 5.050430e-04
16 4 6.899880e-04
16 5 9.889390e-04
16 6 1.405130e-03
16 7 1.989610e-03
16 8 2.840020e-03
16 9 4.051620e-03
16 10 5.862930e-03
16 11 8.479610e-03
16 12 1.228280e-02
16 13 1.774230e-02
16 14 2.568630e-02
16 15 3.713110e-02
16 16 5.190800e-02
16 17 6.305760e-02
16 18 7.298700e-02
16 19 8.260610e-02
16 20 9.107580e-02
16 21 9.693970e-02
16 22 9.883360e-02
16 23 9.541690e-02
16 24 8.601270e-02
16 25 7.114390e-02
16 26 5.280970e-02
16 27 3.422220e-02
16 28 1.870180e-02
16 29 8.255850e-03
16 30 2.789780e-03
16 31 6.748720e-04
16 32 1.075790e-04
16 33 1.021740e-05
16 34 6.965740e-07
16 35 3.927240e-08
16 36 1.151460e-09
16 37 0.000000e+00
16 38 0.000000e+00
16 39 0.000000e+00
16 40 0.000000e+00
17 1 6.697290e-04
17 2 2.716670e-04
17 3 4.010490e-04
17 4 5.479030e-04
17 5 7.852410e-04
17 6 1.115650e-03
17 7 1.579680e-03
17 8 2.251570e-03
17 9 3.198000e-03
17 10 4.597140e-03
17 11 6.599530e-03
17 12 9.503950e-03
17 13 1.368080e-02
17 14 1.977320e-02
17 15 2.855650e-02
17 16 4.145900e-02
17 17 5.791430e-02
17 18 6.946400e-02
17 19 7.878200e-02
17 20 8.707000e-02
17 21 9.297460e-02
17 22 9.515770e-02
17 23 9.230340e-02
17 24 8.371480e-02
17 25 6.975330e-02
17 26 5.223830e-02
17 27 3.421960e-02
17 28 1.894360e-02
17 29 8.492770e-03
17 30 2.923510e-03
17 31 7.227690e-04
17 32 1.181710e-04
17 33 1.155300e-05
17 34 7.984010e-07
17 35 4.498640e-08
17 36 1.479960e-09
17 37 0.000000e+00
17 38 0.000000e+00
17 39 0.000000e+00
17 40 0.000000e+00
18 1 5.017050e-04
18 2 2.036020e-04
18 3 3.006040e-04
18 4 4.107300e-04
18 5 5.887310e-04
18 6 8.367200e-04
18 7 1.185040e-03
18 8 1.688590e-03
18 9 2.395770e-03
18 10 3.439390e-03
18 11 4.936680e-03
18 12 7.127890e-03
18 13 1.031340e-02
18 14 1.497390e-02
18 15 2.170260e-02
18 16 3.159960e-02
18 17 4.612700e-02
18 18 6.457190e-02
18 19 7.621630e-02
18 20 8.448840e-02
18 21 9.052980e-02
18 22 9.307650e-02
18 23 9.077070e-02
18 24 8.289040e-02
18 25 6.965120e-02
18 26 5.269520e-02
18 27 3.494570e-02
18 28 1.963550e-02
18 29 8.959660e-03
18 30 3.149640e-03
18 31 7.982610e-04
18 32 1.343340e-04
18 33 1.357250e-05
18 34 9.517720e-07
18 35 5.341240e-08
18 36 2.007630e-09
18 37 0.000000e+00
18 38 0.000000e+00
18 39 0.000000e+00
18 40 0.000000e+00
19 1 3.567230e-04
19 2 1.449010e-04
19 3 2.140050e-04
19 4 2.925220e-04
19 5 4.195020e-04
19 6 5.964870e-04
19 7 8.453530e-04
19 8 1.205450e-03
19 9 1.710260e-03
19 10 2.453540e-03
19 11 3.520810e-03
19 12 5.093510e-03
19 13 7.422390e-03
19 14 1.092680e-02
19 15 1.605840e-02
19 16 2.361850e-02
19 17 3.474110e-02
19 18 5.123000e-02
19 19 7.195980e-02
19 20 8.350740e-02
19 21 8.983470e-02
19 22 9.282280e-02
19 23 9.107860e-02
19 24 8.377870e-02
19 25 7.106190e-02
19 26 5.437340e-02
19 27 3.655700e-02
19 28 2.088640e-02
19 29 9.722970e-03
19 30 3.499540e-03
19 31 9.122000e-04
19 32 1.586460e-04
19 33 1.664950e-05
19 34 1.128230e-06
19 35 6.609460e-08
19 36 2.895930e-09
19 37 0.000000e+00
19 38 0.000000e+00
19 39 0.000000e+00
19 40 0.000000e+00
20 1 2.778540e-04
20 2 1.128710e-04
20 3 1.666790e-04
20 4 2.277750e-04
20 5 3.266110e-04
20 6 4.643910e-04
20 7 6.581020e-04
20 8 9.383530e-04
20 9 1.331080e-03
20 10 1.906980e-03
20 11 2.724980e-03
20 12 3.912190e-03
20 13 5.637020e-03
20 14 8.178220e-03
20 15 1.193910e-02
20 16 1.760330e-02
20 17 2.596660e-02
20 18 3.838890e-02
20 19 5.688740e-02
20 20 7.998520e-02
20 21 9.063430e-02
20 22 9.420340e-02
20 23 9.311980e-02
20 24 8.641440e-02
20 25 7.411010e-02
20 26 5.746970e-02
20 27 3.926590e-02
20 28 2.287020e-02
20 29 1.089310e-02
20 30 4.027380e-03
20 31 1.083160e-03
20 32 1.953190e-04
20 33 2.135700e-05
20 34 1.366070e-06
20 35 8.479120e-08
20 36 4.375590e-09
20 37 0.000000e+00
20 38 0.000000e+00
20 39 0.000000e+00
20 40 0.000000e+00
21 1 2.063810e-04
21 2 8.382220e-05
21 3 1.238030e-04
21 4 1.692400e-04
21 5 2.427440e-04
21 6 3.452290e-04
21 7 4.893740e-04
21 8 6.980170e-04
21 9 9.906590e-04
21 10 1.420150e-03
21 11 2.030630e-03
21 12 2.916310e-03
21 13 4.204440e-03
21 14 6.116490e-03
21 15 8.919670e-03
21 16 1.308150e-02
21 17 1.924790e-02
21 18 2.845860e-02
21 19 4.224660e-02
21 20 6.306860e-02
21 21 8.862870e-02
21 22 9.779770e-02
21 23 9.746790e-02
21 24 9.136260e-02
21 25 7.930120e-02
21 26 6.242900e-02
21 27 4.342810e-02
21 28 2.584370e-02
21 29 1.262710e-02
21 30 4.810660e-03
21 31 1.339800e-03
21 32 2.515950e-04
21 33 2.881140e-05
21 34 1.884190e-06
21 35 1.149940e-07
21 36 7.023320e-09
21 37 0.000000e+00
21 38 0.000000e+00
21 39 0.000000e+00
21 40 0.000000e+00
22 1 1.459210e-04
22 2 5.931160e-05
22 3 8.762360e-05
22 4 1.198070e-04
22 5 1.718910e-04
22 6 2.445660e-04
22 7 3.468730e-04
22 8 4.951450e-04
22 9 7.033550e-04
22 10 1.009370e-03
22 11 1.445170e-03
22 12 2.078090e-03
22 13 2.999030e-03
22 14 4.367420e-03
22 15 6.384600e-03
22 16 9.403160e-03
22 17 1.389870e-02
22 18 2.065060e-02
22 19 3.082510e-02
22 20 4.629570e-02
22 21 6.974470e-02
22 22 9.813200e-02
22 23 1.048450e-01
22 24 9.935530e-02
22 25 8.737110e-02
22 26 6.991210e-02
22 27 4.959890e-02
22 28 3.022070e-02
22 29 1.518620e-02
22 30 5.981170e-03
22 31 1.731870e-03
22 32 3.403290e-04
22 33 4.106870e-05
22 34 2.751230e-06
22 35 1.664950e-07
22 36 1.197150e-08
22 37 0.000000e+00
22 38 0.000000e+00
22 39 0.000000e+00
22 40 0.000000e+00
23 1 9.731300e-05
23 2 3.960950e-05
23 3 5.853860e-05
23 4 8.008370e-05
23 5 1.149600e-04
23 6 1.636850e-04
23 7 2.323830e-04
23 8 3.320600e-04
23 9 4.723350e-04
23 10 6.790180e-04
23 11 9.742300e-04
23 12 1.404340e-03
23 13 2.031480e-03
23 14 2.963450e-03
23 15 4.342380e-03
23 16 6.432930e-03
23 17 9.605980e-03
23 18 1.444950e-02
23 19 2.181980e-02
23 20 3.312980e-02
23 21 5.044720e-02
23 22 7.700150e-02
23 23 1.084600e-01
23 24 1.114720e-01
23 25 9.945720e-02
23 26 8.094950e-02
23 27 5.866700e-02
23 28 3.667030e-02
23 29 1.900040e-02
23 30 7.761000e-03
23 31 2.346190e-03
23 32 4.849540e-04
23 33 6.208410e-05
23 34 4.401920e-06
23 35 2.587860e-07
23 36 2.164540e-08
23 37 0.000000e+00
23 38 0.000000e+00
23 39 0.000000e+00
23 40 0.000000e+00
24 1 6.497540e-05
24 2 2.648370e-05
24 3 3.915050e-05
24 4 5.357800e-05
24 5 7.695700e-05
24 6 1.096380e-04
24 7 1.557620e-04
24 8 2.228080e-04
24 9 3.173050e-04
24 10 4.568020e-04
24 11 6.566270e-04
24 12 9.487260e-04
24 13 1.376140e-03
24 14 2.012920e-03
24 15 2.956140e-03
24 16 4.387880e-03
24 17 6.568960e-03
24 18 9.927570e-03
24 19 1.511170e-02
24 20 2.315850e-02
24 21 3.562540e-02
24 22 5.498970e-02
24 23 8.487110e-02
24 24 1.192930e-01
24 25 1.170850e-01
24 26 9.715770e-02
24 27 7.205890e-02
24 28 4.633310e-02
24 29 2.483360e-02
24 30 1.056020e-02
24 31 3.347710e-03
24 32 7.314970e-04
24 33 9.990150e-05
24 34 7.582360e-06
24 35 4.292970e-07
24 36 4.094020e-08
24 37 0.000000e+00
24 38 0.000000e+00
24 39 0.000000e+00
24 40 0.000000e+00
25 1 4.116360e-05
25 2 1.680720e-05
25 3 2.485730e-05
25 4 3.403620e-05
25 5 4.891680e-05
25 6 6.975250e-05
25 7 9.920320e-05
25 8 1.420740e-04
25 9 2.026560e-04
25 10 2.923320e-04
25 11 4.212020e-04
25 12 6.103710e-04
25 13 8.886000e-04
25 14 1.305420e-03
25 15 1.926070e-03
25 16 2.872710e-03
25 17 4.325710e-03
25 18 6.582950e-03
25 19 1.010740e-02
25 20 1.565860e-02
25 21 2.438550e-02
25 22 3.815500e-02
25 23 5.976690e-02
25 24 9.335100e-02
25 25 1.307400e-01
25 26 1.213980e-01
25 27 9.230270e-02
25 28 6.116810e-02
25 29 3.400570e-02
25 30 1.510830e-02
25 31 5.044870e-03
25 32 1.171910e-03
25 33 1.719030e-04
25 34 1.412140e-05
25 35 7.630010e-07
25 36 8.019320e-08
25 37 0.000000e+00
25 38 0.000000e+00
25 39 0.000000e+00
25 40 0.000000e+00
26 1 2.262190e-05
26 2 9.289720e-06
26 3 1.374840e-05
26 4 1.884030e-05
26 5 2.710440e-05
26 6 3.869790e-05
26 7 5.512430e-05
26 8 7.910880e-05
26 9 1.131290e-04
26 10 1.636950e-04
26 11 2.367700e-04
26 12 3.447290e-04
26 13 5.047380e-04
26 14 7.466530e-04
26 15 1.110730e-03
26 16 1.671520e-03
26 17 2.539690e-03
26 18 3.908960e-03
26 19 6.096140e-03
26 20 9.647810e-03
26 21 1.543240e-02
26 22 2.486150e-02
26 23 4.006710e-02
26 24 6.435040e-02
26 25 1.024900e-01
26 26 1.433180e-01
26 27 1.244500e-01
26 28 8.497400e-02
26 29 4.901490e-02
26 30 2.278120e-02
26 31 8.035930e-03
26 32 1.994540e-03
26 33 3.168340e-04
26 34 2.859530e-05
26 35 1.447670e-06
26 36 9.372070e-08
26 37 0.000000e+00
26 38 0.000000e+00
26 39 0.000000e+00
26 40 0.000000e+00
27 1 1.311930e-05
27 2 5.405240e-06
27 3 8.003110e-06
27 4 1.097400e-05
27 5 1.580130e-05
27 6 2.258110e-05
27 7 3.220400e-05
27 8 4.628700e-05
27 9 6.631440e-05
27 10 9.618040e-05
27 11 1.395270e-04
27 12 2.038720e-04
27 13 2.998250e-04
27 14 4.459490e-04
27 15 6.678480e-04
27 16 1.013300e-03
27 17 1.554270e-03
27 18 2.414440e-03
27 19 3.797360e-03
27 20 6.057330e-03
27 21 9.770550e-03
27 22 1.592840e-02
27 23 2.611960e-02
27 24 4.281370e-02
27 25 6.976500e-02
27 26 1.121720e-01
27 27 1.551030e-01
27 28 1.243450e-01
27 29 7.475240e-02
27 30 3.653940e-02
27 31 1.369510e-02
27 32 3.653090e-03
27 33 6.315050e-04
27 34 6.286090e-05
27 35 3.242480e-06
27 36 1.083660e-07
27 37 0.000000e+00
27 38 0.000000e+00
27 39 0.000000e+00
27 40 0.000000e+00
28 1 6.478950e-06
28 2 2.725360e-06
28 3 4.038460e-06
28 4 5.542340e-06
28 5 7.988380e-06
28 6 1.143210e-05
28 7 1.633190e-05
28 8 2.352200e-05
28 9 3.378760e-05
28 10 4.916310e-05
28 11 7.160380e-05
28 12 1.051500e-04
28 13 1.555980e-04
28 14 2.331820e-04
28 15 3.524120e-04
28 16 5.406700e-04
28 17 8.404970e-04
28 18 1.325890e-03
28 19 2.120840e-03
28 20 3.445730e-03
28 21 5.668430e-03
28 22 9.447850e-03
28 23 1.590260e-02
28 24 2.685390e-02
28 25 4.519710e-02
28 26 7.520170e-02
28 27 1.225450e-01
28 28 1.672590e-01
28 29 1.216960e-01
28 30 6.258990e-02
28 31 2.497680e-02
28 32 7.190970e-03
28 33 1.362330e-03
28 34 1.511960e-04
28 35 8.582940e-06
28 36 3.194130e-07
28 37 0.000000e+00
28 38 0.000000e+00
28 39 0.000000e+00
28 40 0.000000e+00
29 1 2.601690e-06
29 2 1.185010e-06
29 3 1.757510e-06
29 4 2.414280e-06
29 5 3.483120e-06
29 6 4.989850e-06
29 7 7.138930e-06
29 8 1.030080e-05
29 9 1.483080e-05
29 10 2.164430e-05
29 11 3.164290e-05
29 12 4.668660e-05
29 13 6.949860e-05
29 14 1.049460e-04
29 15 1.601370e-04
29 16 2.486560e-04
29 17 3.923500e-04
29 18 6.304760e-04
29 19 1.031370e-03
29 20 1.720020e-03
29 21 2.912660e-03
29 22 5.001680e-03
29 23 8.689580e-03
29 24 1.522540e-02
29 25 2.676560e-02
29 26 4.677060e-02
29 27 8.025400e-02
29 28 1.334670e-01
29 29 1.797730e-01
29 30 1.162250e-01
29 31 4.930260e-02
29 32 1.532730e-02
29 33 3.194510e-03
29 34 3.985530e-04
29 35 2.581770e-05
29 36 8.466320e-07
29 37 1.558730e-08
29 38 0.000000e+00
29 39 0.000000e+00
29 40 0.000000e+00
30 1 9.142880e-07
30 2 4.685650e-07
30 3 7.113060e-07
30 4 9.877320e-07
30 5 1.429170e-06
30 6 2.051830e-06
30 7 2.942900e-06
30 8 4.259930e-06
30 9 6.157160e-06
30 10 9.029890e-06
30 11 1.328140e-05
30 12 1.974280e-05
30 13 2.965960e-05
30 14 4.528630e-05
30 15 7.003110e-05
30 16 1.104900e-04
30 17 1.776960e-04
30 18 2.919950e-04
30 19 4.901780e-04
30 20 8.419110e-04
30 21 1.472410e-03
30 22 2.613660e-03
30 23 4.685940e-03
30 24 8.457290e-03
30 25 1.532490e-02
30 26 2.775020e-02
30 27 4.965180e-02
30 28 8.651960e-02
30 29 1.446080e-01
30 30 1.897810e-01
30 31 1.069330e-01
30 32 3.603590e-02
30 33 8.299850e-03
30 34 1.169050e-03
30 35 8.746430e-05
30 36 2.982110e-06
30 37 8.855140e-08
30 38 0.000000e+00
30 39 0.000000e+00
30 40 0.000000e+00
31 1 2.223140e-07
31 2 1.272410e-07
31 3 2.082820e-07
31 4 3.070600e-07
31 5 4.647400e-07
31 6 6.823440e-07
31 7 9.886790e-07
31 8 1.438190e-06
31 9 2.089210e-06
31 10 3.082620e-06
31 11 4.567770e-06
31 12 6.850240e-06
31 13 1.040000e-05
31 14 1.608010e-05
31 15 2.524050e-05
31 16 4.052180e-05
31 17 6.649630e-05
31 18 1.118670e-04
31 19 1.930130e-04
31 20 3.423830e-04
31 21 6.223700e-04
31 22 1.155770e-03
31 23 2.174930e-03
31 24 4.119420e-03
31 25 7.820830e-03
31 26 1.485360e-02
31 27 2.807200e-02
31 28 5.202680e-02
31 29 9.281330e-02
31 30 1.564930e-01
31 31 1.987760e-01
31 32 9.468770e-02
31 33 2.407470e-02
31 34 3.844890e-03
31 35 3.358950e-04
31 36 1.350800e-05
31 37 3.009840e-07
31 38 0.000000e+00
31 39 0.000000e+00
31 40 0.000000e+00
32 1 4.194250e-08
32 2 2.400940e-08
32 3 3.972340e-08
32 4 6.076600e-08
32 5 9.736660e-08
32 6 1.543900e-07
32 7 2.416630e-07
32 8 3.732090e-07
32 9 5.586030e-07
32 10 8.354630e-07
32 11 1.248430e-06
32 12 1.889050e-06
32 13 2.899720e-06
32 14 4.544000e-06
32 15 7.249400e-06
32 16 1.187080e-05
32 17 1.995060e-05
32 18 3.453680e-05
32 19 6.164480e-05
32 20 1.137820e-04
32 21 2.166290e-04
32 22 4.248920e-04
32 23 8.525120e-04
32 24 1.728950e-03
32 25 3.502420e-03
32 26 7.043520e-03
32 27 1.412740e-02
32 28 2.808020e-02
32 29 5.419650e-02
32 30 9.919130e-02
32 31 1.684980e-01
32 32 2.059210e-01
32 33 8.034220e-02
32 34 1.445540e-02
32 35 1.475330e-03
32 36 7.186620e-05
32 37 1.491030e-06
32 38 0.000000e+00
32 39 0.000000e+00
32 40 0.000000e+00
33 1 6.840660e-09
33 2 3.915840e-09
33 3 6.478720e-09
33 4 9.910680e-09
33 5 1.588010e-08
33 6 2.522720e-08
33 7 3.989820e-08
33 8 6.340880e-08
33 9 1.001000e-07
33 10 1.593800e-07
33 11 2.523470e-07
33 12 3.965100e-07
33 13 6.219850e-07
33 14 9.916890e-07
33 15 1.612910e-06
33 16 2.703400e-06
33 17 4.672700e-06
33 18 8.362920e-06
33 19 1.552660e-05
33 20 3.002040e-05
33 21 6.033400e-05
33 22 1.259530e-04
33 23 2.717100e-04
33 24 5.997250e-04
33 25 1.328790e-03
33 26 2.882780e-03
33 27 6.183290e-03
33 28 1.322910e-02
33 29 2.788620e-02
33 30 5.631010e-02
33 31 1.057800e-01
33 32 1.804140e-01
33 33 2.105290e-01
33 34 6.495150e-02
33 35 7.645980e-03
33 36 4.512200e-04
33 37 1.086190e-05
33 38 2.035650e-07
33 39 0.000000e+00
33 40 0.000000e+00
34 1 1.013130e-09
34 2 5.799500e-10
34 3 9.595300e-10
34 4 1.467820e-09
34 5 2.351920e-09
34 6 3.736270e-09
34 7 5.909120e-09
34 8 9.391080e-09
34 9 1.482270e-08
34 10 2.358440e-08
34 11 3.745150e-08
34 12 6.011850e-08
34 13 9.757970e-08
34 14 1.602650e-07
34 15 2.663640e-07
34 16 4.566760e-07
34 17 8.125720e-07
34 18 1.503900e-06
34 19 2.908610e-06
34 20 5.893200e-06
34 21 1.248770e-05
34 22 2.767870e-05
34 23 6.393040e-05
34 24 1.529760e-04
34 25 3.751200e-04
34 26 9.228100e-04
34 27 2.208830e-03
34 28 5.198790e-03
34 29 1.213400e-02
34 30 2.751610e-02
34 31 5.851530e-02
34 32 1.127790e-01
34 33 1.921840e-01
34 34 2.121190e-01
34 35 4.976040e-02
34 36 3.480490e-03
34 37 1.051120e-04
34 38 1.338030e-06
34 39 1.056770e-07
34 40 0.000000e+00
35 1 2.071500e-10
35 2 1.185800e-10
35 3 1.961900e-10
35 4 3.001200e-10
35 5 4.808900e-10
35 6 7.639400e-10
35 7 1.208220e-09
35 8 1.920160e-09
35 9 3.030750e-09
35 10 4.822110e-09
35 11 7.634200e-09
35 12 1.209750e-08
35 13 1.915200e-08
35 14 3.040360e-08
35 15 4.814120e-08
35 16 7.689750e-08
35 17 1.268940e-07
35 18 2.232400e-07
35 19 4.177010e-07
35 20 8.464210e-07
35 21 1.864430e-06
35 22 4.367920e-06
35 23 1.075350e-05
35 24 2.768280e-05
35 25 7.396580e-05
35 26 2.002020e-04
35 27 5.428580e-04
35 28 1.488810e-03
35 29 4.074210e-03
35 30 1.081840e-02
35 31 2.697360e-02
35 32 6.085950e-02
35 33 1.201340e-01
35 34 2.032230e-01
35 35 2.107200e-01
35 36 3.616510e-02
35 37 1.328230e-03
35 38 1.765240e-05
35 39 3.194600e-07
35 40 6.237600e-11
36 1 3.939000e-11
36 2 2.254800e-11
36 3 3.730600e-11
36 4 5.706800e-11
36 5 9.144200e-11
36 6 1.452600e-10
36 7 2.297400e-10
36 8 3.651200e-10
36 9 5.763000e-10
36 10 9.169300e-10
36 11 1.451660e-09
36 12 2.300350e-09
36 13 3.641780e-09
36 14 5.781300e-09
36 15 9.150610e-09
36 16 1.451480e-08
36 17 2.300440e-08
36 18 3.649190e-08
36 19 5.864240e-08
36 20 9.888710e-08
36 21 1.926220e-07
36 22 4.469510e-07
36 23 1.193220e-06
36 24 3.491250e-06
36 25 1.090070e-05
36 26 3.554450e-05
36 27 1.147390e-04
36 28 3.546020e-04
36 29 1.073110e-03
36 30 3.230120e-03
36 31 9.473400e-03
36 32 2.583740e-02
36 33 6.224910e-02
36 34 1.267100e-01
36 35 2.134560e-01
36 36 2.075140e-01
36 37 2.507120e-02
36 38 4.115310e-04
36 39 2.289590e-06
36 40 5.568170e-08
37 1 1.013600e-11
37 2 5.802200e-12
37 3 9.599700e-12
37 4 1.468500e-11
37 5 2.353000e-11
37 6 3.738000e-11
37 7 5.911800e-11
37 8 9.395400e-11
37 9 1.483000e-10
37 10 2.359500e-10
37 11 3.735400e-10
37 12 5.919300e-10
37 13 9.371100e-10
37 14 1.487660e-09
37 15 2.354660e-09
37 16 3.735000e-09
37 17 5.919550e-09
37 18 9.382600e-09
37 19 1.486000e-08
37 20 2.356430e-08
37 21 3.737370e-08
37 22 6.030480e-08
37 23 1.115360e-07
37 24 2.822740e-07
37 25 9.415880e-07
37 26 3.711280e-06
37 27 1.552090e-05
37 28 6.121040e-05
37 29 2.218150e-04
37 30 7.595790e-04
37 31 2.524860e-03
37 32 8.174100e-03
37 33 2.450600e-02
37 34 6.338690e-02
37 35 1.332010e-01
37 36 2.226980e-01
37 37 2.023780e-01
37 38 1.663030e-02
37 39 9.971790e-05
37 40 4.491280e-07
38 1 4.231000e-12
38 2 2.422000e-12
38 3 4.007200e-12
38 4 6.129900e-12
38 5 9.822000e-12
38 6 1.560300e-11
38 7 2.467800e-11
38 8 3.921900e-11
38 9 6.190200e-11
38 10 9.849100e-11
38 11 1.559300e-10
38 12 2.470900e-10
38 13 3.911800e-10
38 14 6.209900e-10
38 15 9.829000e-10
38 16 1.559090e-09
38 17 2.470980e-09
38 18 3.916540e-09
38 19 6.202940e-09
38 20 9.836360e-09
38 21 1.558600e-08
38 22 2.470710e-08
38 23 3.918060e-08
38 24 6.363060e-08
38 25 1.199250e-07
38 26 3.524540e-07
38 27 1.665000e-06
38 28 8.973080e-06
38 29 4.000590e-05
38 30 1.512440e-04
38 31 5.429260e-04
38 32 1.948280e-03
38 33 6.941220e-03
38 34 2.301260e-02
38 35 6.432640e-02
38 36 1.395980e-01
38 37 2.307300e-01
38 38 1.959790e-01
38 39 1.068790e-02
38 40 1.839170e-05
39 1 3.368000e-12
39 2 1.928000e-12
39 3 3.189800e-12
39 4 4.879600e-12
39 5 7.818600e-12
39 6 1.242100e-11
39 7 1.964400e-11
39 8 3.121900e-11
39 9 4.927600e-11
39 10 7.840100e-11
39 11 1.241200e-10
39 12 1.966900e-10
39 13 3.113900e-10
39 14 4.943200e-10
39 15 7.824100e-10
39 16 1.241080e-09
39 17 1.966970e-09
39 18 3.117680e-09
39 19 4.937720e-09
39 20 7.830030e-09
39 21 1.240690e-08
39 22 1.966760e-08
39 23 3.117090e-08
39 24 4.939640e-08
39 25 7.829230e-08
39 26 1.254670e-07
39 27 2.346590e-07
39 28 7.802350e-07
39 29 4.571160e-06
39 30 2.331540e-05
39 31 9.589650e-05
39 32 3.706800e-04
39 33 1.451460e-03
39 34 5.766160e-03
39 35 2.143300e-02
39 36 6.527290e-02
39 37 1.460370e-01
39 38 2.373380e-01
39 39 1.889370e-01
39 40 6.744360e-03
40 1 1.380100e-12
40 2 0.000000e+00
40 3 1.307100e-12
40 4 1.999500e-12
40 5 3.203800e-12
40 6 5.089500e-12
40 7 8.049400e-12
40 8 1.279300e-11
40 9 2.019100e-11
40 10 3.212600e-11
40 11 5.086100e-11
40 12 8.059600e-11
40 13 1.275900e-10
40 14 2.025600e-10
40 15 3.206000e-10
40 16 5.085500e-10
40 17 8.059900e-10
40 18 1.277510e-09
40 19 2.023290e-09
40 20 3.208450e-09
40 21 5.083880e-09
40 22 8.059030e-09
40 23 1.277260e-08
40 24 2.024080e-08
40 25 3.208120e-08
40 26 5.084510e-08
40 27 8.058560e-08
40 28 1.308140e-07
40 29 2.764220e-07
40 30 1.316290e-06
40 31 7.680310e-06
40 32 3.751860e-05
40 33 1.772400e-04
40 34 8.682320e-04
40 35 4.332790e-03
40 36 1.950230e-02
40 37 6.673090e-02
40 38 1.533570e-01
40 39 2.423660e-01
40 40 1.857130e-01
