1 1.117930e-01
2 1.117930e-01
3 1.117930e-01
4 1.117930e-01
5 1.117930e-01
6 1.117930e-01
7 1.117930e-01
8 1.117930e-01
9 1.117930e-01
10 1.117930e-01
11 1.117930e-01
12 1.117930e-01
13 1.117930e-01
14 1.117930e-01
15 1.117930e-01
16 1.117930e-01
17 1.117930e-01
18 1.117930e-01
19 1.117930e-01
20 1.117930e-01
21 1.117930e-01
22 1.117930e-01
23 1.117930e-01
24 1.117930e-01
25 1.117930e-01
26 1.117930e-01
27 1.117930e-01
28 1.117930e-01
29 1.117930e-01
30 1.117930e-01
31 1.117930e-01
32 1.117930e-01
33 1.117930e-01
34 1.117930e-01
35 1.117930e-01
36 1.117930e-01
37 1.117930e-01
38 1.117930e-01
39 1.117930e-01
40 1.117920e-01
