1 1 1.429630e-02
1 2 5.296470e-03
1 3 6.953390e-03
1 4 8.437190e-03
1 5 1.074350e-02
1 6 1.353770e-02
1 7 1.697980e-02
1 8 2.139170e-02
1 9 2.676010e-02
1 10 3.372160e-02
1 11 4.224290e-02
1 12 5.292620e-02
1 13 6.617960e-02
1 14 8.284640e-02
1 15 1.032070e-01
1 16 1.285500e-01
1 17 1.594930e-01
1 18 1.971590e-01
1 19 2.423910e-01
1 20 2.965900e-01
1 21 3.599080e-01
1 22 4.328470e-01
1 23 5.142910e-01
1 24 6.019440e-01
1 25 6.915400e-01
1 26 7.758500e-01
1 27 8.449200e-01
1 28 8.864950e-01
1 29 8.873350e-01
1 30 8.372200e-01
1 31 7.334870e-01
1 32 5.854740e-01
1 33 4.159000e-01
1 34 2.552650e-01
1 35 1.304920e-01
1 36 5.308860e-02
1 37 1.624460e-02
1 38 3.486330e-03
1 39 4.813630e-04
1 40 4.018660e-05
2 1 1.135360e-02
2 2 4.615830e-03
2 3 6.203480e-03
2 4 7.531110e-03
2 5 9.589660e-03
2 6 1.208380e-02
2 7 1.515630e-02
2 8 1.909430e-02
2 9 2.388620e-02
2 10 3.010020e-02
2 11 3.770640e-02
2 12 4.724260e-02
2 13 5.907270e-02
2 14 7.394870e-02
2 15 9.212300e-02
2 16 1.147450e-01
2 17 1.423640e-01
2 18 1.759850e-01
2 19 2.163680e-01
2 20 2.647520e-01
2 21 3.212710e-01
2 22 3.863780e-01
2 23 4.590800e-01
2 24 5.373270e-01
2 25 6.173110e-01
2 26 6.925790e-01
2 27 7.542510e-01
2 28 7.913880e-01
2 29 7.921660e-01
2 30 7.474590e-01
2 31 6.548850e-01
2 32 5.227700e-01
2 33 3.713900e-01
2 34 2.279720e-01
2 35 1.165560e-01
2 36 4.742720e-02
2 37 1.451540e-02
2 38 3.116060e-03
2 39 4.303830e-04
2 40 3.595820e-05
3 1 8.958060e-03
3 2 3.748980e-03
3 3 5.399800e-03
3 4 6.709880e-03
3 5 8.546980e-03
3 6 1.076990e-02
3 7 1.350840e-02
3 8 1.701810e-02
3 9 2.128910e-02
3 10 2.682740e-02
3 11 3.360650e-02
3 12 4.210610e-02
3 13 5.265000e-02
3 14 6.590810e-02
3 15 8.210650e-02
3 16 1.022690e-01
3 17 1.268850e-01
3 18 1.568510e-01
3 19 1.928480e-01
3 20 2.359770e-01
3 21 2.863550e-01
3 22 3.443860e-01
3 23 4.091870e-01
3 24 4.789350e-01
3 25 5.502340e-01
3 26 6.173340e-01
3 27 6.723210e-01
3 28 7.054520e-01
3 29 7.061750e-01
3 30 6.663590e-01
3 31 5.838700e-01
3 32 4.661230e-01
3 33 3.311840e-01
3 34 2.033210e-01
3 35 1.039710e-01
3 36 4.231560e-02
3 37 1.295460e-02
3 38 2.781940e-03
3 39 3.843980e-04
3 40 3.214210e-05
4 1 6.989250e-03
4 2 2.949400e-03
4 3 4.381800e-03
4 4 5.850820e-03
4 5 7.617200e-03
4 6 9.600870e-03
4 7 1.204210e-02
4 8 1.517100e-02
4 9 1.897830e-02
4 10 2.391540e-02
4 11 2.995880e-02
4 12 3.753600e-02
4 13 4.693550e-02
4 14 5.875490e-02
4 15 7.319550e-02
4 16 9.116900e-02
4 17 1.131140e-01
4 18 1.398280e-01
4 19 1.719170e-01
4 20 2.103730e-01
4 21 2.552920e-01
4 22 3.070270e-01
4 23 3.648000e-01
4 24 4.269860e-01
4 25 4.905590e-01
4 26 5.503940e-01
4 27 5.994370e-01
4 28 6.290120e-01
4 29 6.296860e-01
4 30 5.942230e-01
4 31 5.207120e-01
4 32 4.157490e-01
4 33 2.954340e-01
4 34 1.814060e-01
4 35 9.278500e-02
4 36 3.777350e-02
4 37 1.156810e-02
4 38 2.485260e-03
4 39 3.435860e-04
4 40 2.875260e-05
5 1 5.625890e-03
5 2 2.348490e-03
5 3 3.480980e-03
5 4 4.761580e-03
5 5 6.654360e-03
5 6 8.567980e-03
5 7 1.074860e-02
5 8 1.354140e-02
5 9 1.693980e-02
5 10 2.134660e-02
5 11 2.674080e-02
5 12 3.350420e-02
5 13 4.189430e-02
5 14 5.244430e-02
5 15 6.533440e-02
5 16 8.137720e-02
5 17 1.009650e-01
5 18 1.248110e-01
5 19 1.534540e-01
5 20 1.877830e-01
5 21 2.278890e-01
5 22 2.740720e-01
5 23 3.256460e-01
5 24 3.811610e-01
5 25 4.379210e-01
5 26 4.913430e-01
5 27 5.351420e-01
5 28 5.615830e-01
5 29 5.622270e-01
5 30 5.306100e-01
5 31 4.650200e-01
5 32 3.713350e-01
5 33 2.639200e-01
5 34 1.620910e-01
5 35 8.292900e-02
5 36 3.377270e-02
5 37 1.034730e-02
5 38 2.224170e-03
5 39 3.076770e-04
5 40 2.579780e-05
6 1 4.467350e-03
6 2 1.855640e-03
6 3 2.754050e-03
6 4 3.772430e-03
6 5 5.407660e-03
6 6 7.487560e-03
6 7 9.589630e-03
6 8 1.208290e-02
6 9 1.511520e-02
6 10 1.904740e-02
6 11 2.386060e-02
6 12 2.989560e-02
6 13 3.738240e-02
6 14 4.679590e-02
6 15 5.829840e-02
6 16 7.261380e-02
6 17 9.009170e-02
6 18 1.113700e-01
6 19 1.369300e-01
6 20 1.675640e-01
6 21 2.033590e-01
6 22 2.445790e-01
6 23 2.906050e-01
6 24 3.401520e-01
6 25 3.908150e-01
6 26 4.384970e-01
6 27 4.776050e-01
6 28 5.012370e-01
6 29 5.018720e-01
6 30 4.737020e-01
6 31 4.152050e-01
6 32 3.316150e-01
6 33 2.357430e-01
6 34 1.448260e-01
6 35 7.412170e-02
6 36 3.019920e-02
6 37 9.257430e-03
6 38 1.991210e-03
6 39 2.756510e-04
6 40 2.318810e-05
7 1 3.443200e-03
7 2 1.425150e-03
7 3 2.139310e-03
7 4 2.957110e-03
7 5 4.263940e-03
7 6 6.071720e-03
7 7 8.386280e-03
7 8 1.078270e-02
7 9 1.349000e-02
7 10 1.699940e-02
7 11 2.129520e-02
7 12 2.668120e-02
7 13 3.336310e-02
7 14 4.176500e-02
7 15 5.203080e-02
7 16 6.480780e-02
7 17 8.040800e-02
7 18 9.939860e-02
7 19 1.222120e-01
7 20 1.495560e-01
7 21 1.815050e-01
7 22 2.183110e-01
7 23 2.593970e-01
7 24 3.036290e-01
7 25 3.488640e-01
7 26 3.914510e-01
7 27 4.264070e-01
7 28 4.475110e-01
7 29 4.481370e-01
7 30 4.230410e-01
7 31 3.708660e-01
7 32 2.962680e-01
7 33 2.106740e-01
7 34 1.294710e-01
7 35 6.629210e-02
7 36 2.702400e-02
7 37 8.289690e-03
7 38 1.784420e-03
7 39 2.472760e-04
7 40 2.084030e-05
8 1 2.695690e-03
8 2 1.116030e-03
8 3 1.676880e-03
8 4 2.324240e-03
8 5 3.358730e-03
8 6 4.792400e-03
8 7 6.791610e-03
8 8 9.430560e-03
8 9 1.203950e-02
8 10 1.517250e-02
8 11 1.900660e-02
8 12 2.381390e-02
8 13 2.977760e-02
8 14 3.727690e-02
8 15 4.643990e-02
8 16 5.784440e-02
8 17 7.176940e-02
8 18 8.872050e-02
8 19 1.090840e-01
8 20 1.334930e-01
8 21 1.620110e-01
8 22 1.948770e-01
8 23 2.315620e-01
8 24 2.710530e-01
8 25 3.114490e-01
8 26 3.494920e-01
8 27 3.807450e-01
8 28 3.996190e-01
8 29 4.002310e-01
8 30 3.778820e-01
8 31 3.313500e-01
8 32 2.647750e-01
8 33 1.883450e-01
8 34 1.157990e-01
8 35 5.932490e-02
8 36 2.420040e-02
8 37 7.429660e-03
8 38 1.600870e-03
8 39 2.221300e-04
8 40 1.876210e-05
9 1 2.207370e-03
9 2 8.958730e-04
9 3 1.323950e-03
9 4 1.821990e-03
9 5 2.642660e-03
9 6 3.784910e-03
9 7 5.375230e-03
9 8 7.651630e-03
9 9 1.054930e-02
9 10 1.355670e-02
9 11 1.698310e-02
9 12 2.127860e-02
9 13 2.660770e-02
9 14 3.330880e-02
9 15 4.149670e-02
9 16 5.168790e-02
9 17 6.413120e-02
9 18 7.928010e-02
9 19 9.747770e-02
9 20 1.192910e-01
9 21 1.447800e-01
9 22 1.741560e-01
9 23 2.069570e-01
9 24 2.422580e-01
9 25 2.783800e-01
9 26 3.124070e-01
9 27 3.403780e-01
9 28 3.573200e-01
9 29 3.579130e-01
9 30 3.379980e-01
9 31 2.964570e-01
9 32 2.369750e-01
9 33 1.686450e-01
9 34 1.037440e-01
9 35 5.318570e-02
9 36 2.171460e-02
9 37 6.673190e-03
9 38 1.439700e-03
9 39 2.000990e-04
9 40 1.695060e-05
10 1 1.730460e-03
10 2 7.012570e-04
10 3 1.040550e-03
10 4 1.434950e-03
10 5 2.080170e-03
10 6 2.983460e-03
10 7 4.243360e-03
10 8 6.048050e-03
10 9 8.547200e-03
10 10 1.187950e-02
10 11 1.517550e-02
10 12 1.901420e-02
10 13 2.377610e-02
10 14 2.976440e-02
10 15 3.708120e-02
10 16 4.618850e-02
10 17 5.730900e-02
10 18 7.084760e-02
10 19 8.711230e-02
10 20 1.066080e-01
10 21 1.293920e-01
10 22 1.556480e-01
10 23 1.849840e-01
10 24 2.165490e-01
10 25 2.488550e-01
10 26 2.793030e-01
10 27 3.043510e-01
10 28 3.195620e-01
10 29 3.201590e-01
10 30 3.024260e-01
10 31 2.653460e-01
10 32 2.121930e-01
10 33 1.510910e-01
10 34 9.301040e-02
10 35 4.772410e-02
10 36 1.950510e-02
10 37 6.001830e-03
10 38 1.296970e-03
10 39 1.806240e-04
10 40 1.534590e-05
11 1 1.337590e-03
11 2 5.417990e-04
11 3 8.020600e-04
11 4 1.103430e-03
11 5 1.600440e-03
11 6 2.310690e-03
11 7 3.312450e-03
11 8 4.745970e-03
11 9 6.732530e-03
11 10 9.606090e-03
11 11 1.330330e-02
11 12 1.700250e-02
11 13 2.126090e-02
11 14 2.661580e-02
11 15 3.315900e-02
11 16 4.130330e-02
11 17 5.124870e-02
11 18 6.335680e-02
11 19 7.790480e-02
11 20 9.534260e-02
11 21 1.157240e-01
11 22 1.392110e-01
11 23 1.654650e-01
11 24 1.937190e-01
11 25 2.226420e-01
11 26 2.499170e-01
11 27 2.723730e-01
11 28 2.860500e-01
11 29 2.866640e-01
11 30 2.708790e-01
11 31 2.377700e-01
11 32 1.902390e-01
11 33 1.355480e-01
11 34 8.351450e-02
11 35 4.289790e-02
11 36 1.755550e-02
11 37 5.410610e-03
11 38 1.171600e-03
11 39 1.635670e-04
11 40 1.399000e-05
12 1 1.095670e-03
12 2 4.432190e-04
12 3 6.534780e-04
12 4 8.923810e-04
12 5 1.279330e-03
12 6 1.817530e-03
12 7 2.588940e-03
12 8 3.725390e-03
12 9 5.307140e-03
12 10 7.590080e-03
12 11 1.077540e-02
12 12 1.493110e-02
12 13 1.903860e-02
12 14 2.383410e-02
12 15 2.969380e-02
12 16 3.698760e-02
12 17 4.589460e-02
12 18 5.673960e-02
12 19 6.977050e-02
12 20 8.539210e-02
12 21 1.036510e-01
12 22 1.246980e-01
12 23 1.482210e-01
12 24 1.735600e-01
12 25 1.994990e-01
12 26 2.239760e-01
12 27 2.441460e-01
12 28 2.564770e-01
12 29 2.571210e-01
12 30 2.430670e-01
12 31 2.134750e-01
12 32 1.709170e-01
12 33 1.218770e-01
12 34 7.517230e-02
12 35 3.866450e-02
12 36 1.584880e-02
12 37 4.894490e-03
12 38 1.062510e-03
12 39 1.487870e-04
12 40 1.288420e-05
13 1 8.167170e-04
13 2 3.304210e-04
13 3 4.870810e-04
13 4 6.642500e-04
13 5 9.521830e-04
13 6 1.361360e-03
13 7 1.952560e-03
13 8 2.832630e-03
13 9 4.089170e-03
13 10 5.908650e-03
13 11 8.445530e-03
13 12 1.204530e-02
13 13 1.671980e-02
13 14 2.135780e-02
13 15 2.660900e-02
13 16 3.314600e-02
13 17 4.112880e-02
13 18 5.084960e-02
13 19 6.253030e-02
13 20 7.653500e-02
13 21 9.290680e-02
13 22 1.117810e-01
13 23 1.328790e-01
13 24 1.556220e-01
13 25 1.789120e-01
13 26 2.009070e-01
13 27 2.190550e-01
13 28 2.301930e-01
13 29 2.308720e-01
13 30 2.183710e-01
13 31 1.919140e-01
13 32 1.537860e-01
13 33 1.097740e-01
13 34 6.779460e-02
13 35 3.492750e-02
13 36 1.434600e-02
13 37 4.441500e-03
13 38 9.671580e-04
13 39 1.359470e-04
13 40 1.186390e-05
14 1 6.918850e-04
14 2 2.799160e-04
14 3 4.125840e-04
14 4 5.625480e-04
14 5 8.045760e-04
14 6 1.141610e-03
14 7 1.617050e-03
14 8 2.304340e-03
14 9 3.264690e-03
14 10 4.690200e-03
14 11 6.693100e-03
14 12 9.527840e-03
14 13 1.353340e-02
14 14 1.879500e-02
14 15 2.388500e-02
14 16 2.975320e-02
14 17 3.692030e-02
14 18 4.564820e-02
14 19 5.613730e-02
14 20 6.871470e-02
14 21 8.342160e-02
14 22 1.003780e-01
14 23 1.193410e-01
14 24 1.397900e-01
14 25 1.607510e-01
14 26 1.805630e-01
14 27 1.969360e-01
14 28 2.070330e-01
14 29 2.077580e-01
14 30 1.966430e-01
14 31 1.729620e-01
14 32 1.387490e-01
14 33 9.917050e-02
14 34 6.134340e-02
14 35 3.166880e-02
14 36 1.304050e-02
14 37 4.049850e-03
14 38 8.852470e-04
14 39 1.250140e-04
14 40 1.097650e-05
15 1 5.468830e-04
15 2 2.212680e-04
15 3 3.261570e-04
15 4 4.447230e-04
15 5 6.358320e-04
15 6 9.008670e-04
15 7 1.272470e-03
15 8 1.812950e-03
15 9 2.578470e-03
15 10 3.703950e-03
15 11 5.281990e-03
15 12 7.519140e-03
15 13 1.067800e-02
15 14 1.519960e-02
15 15 2.104490e-02
15 16 2.674730e-02
15 17 3.319130e-02
15 18 4.103980e-02
15 19 5.047320e-02
15 20 6.178720e-02
15 21 7.501890e-02
15 22 9.027770e-02
15 23 1.073550e-01
15 24 1.257740e-01
15 25 1.446770e-01
15 26 1.625630e-01
15 27 1.773760e-01
15 28 1.865610e-01
15 29 1.873460e-01
15 30 1.774740e-01
15 31 1.562640e-01
15 32 1.255160e-01
15 33 8.986350e-02
15 34 5.569490e-02
15 35 2.882530e-02
15 36 1.190670e-02
15 37 3.711950e-03
15 38 8.151990e-04
15 39 1.157860e-04
15 40 1.024600e-05
16 1 4.239780e-04
16 2 1.715880e-04
16 3 2.529200e-04
16 4 3.448790e-04
16 5 4.930960e-04
16 6 6.985060e-04
16 7 9.854660e-04
16 8 1.400140e-03
16 9 1.985870e-03
16 10 2.853210e-03
16 11 4.090900e-03
16 12 5.865720e-03
16 13 8.371710e-03
16 14 1.195080e-02
16 15 1.699660e-02
16 16 2.361230e-02
16 17 2.991640e-02
16 18 3.699260e-02
16 19 4.549950e-02
16 20 5.570430e-02
16 21 6.764180e-02
16 22 8.141560e-02
16 23 9.683520e-02
16 24 1.134810e-01
16 25 1.305810e-01
16 26 1.467850e-01
16 27 1.602450e-01
16 28 1.686480e-01
16 29 1.695000e-01
16 30 1.607340e-01
16 31 1.417090e-01
16 32 1.140060e-01
16 33 8.178890e-02
16 34 5.081790e-02
16 35 2.638150e-02
16 36 1.093920e-02
16 37 3.426420e-03
16 38 7.568190e-04
16 39 1.082510e-04
16 40 9.665950e-06
17 1 3.455610e-04
17 2 1.398630e-04
17 3 2.061620e-04
17 4 2.810910e-04
17 5 4.018960e-04
17 6 5.693180e-04
17 7 8.030980e-04
17 8 1.139510e-03
17 9 1.609360e-03
17 10 2.297080e-03
17 11 3.269670e-03
17 12 4.660130e-03
17 13 6.627140e-03
17 14 9.441190e-03
17 15 1.340390e-02
17 16 1.908210e-02
17 17 2.646600e-02
17 18 3.343050e-02
17 19 4.112190e-02
17 20 5.035160e-02
17 21 6.115180e-02
17 22 7.362020e-02
17 23 8.758620e-02
17 24 1.026780e-01
17 25 1.181950e-01
17 26 1.329360e-01
17 27 1.452220e-01
17 28 1.529570e-01
17 29 1.538890e-01
17 30 1.461160e-01
17 31 1.290280e-01
17 32 1.040110e-01
17 33 7.480320e-02
17 34 4.662390e-02
17 35 2.429510e-02
17 36 1.012170e-02
17 37 3.188630e-03
17 38 7.092260e-04
17 39 1.023080e-04
17 40 9.232250e-06
18 1 2.690720e-04
18 2 1.089210e-04
18 3 1.605570e-04
18 4 2.189280e-04
18 5 3.130030e-04
18 6 4.433980e-04
18 7 6.254780e-04
18 8 8.868130e-04
18 9 1.250430e-03
18 10 1.781650e-03
18 11 2.533780e-03
18 12 3.617870e-03
18 13 5.166010e-03
18 14 7.384780e-03
18 15 1.051100e-02
18 16 1.498350e-02
18 17 2.135280e-02
18 18 2.964560e-02
18 19 3.728540e-02
18 20 4.566050e-02
18 21 5.546600e-02
18 22 6.679280e-02
18 23 7.948990e-02
18 24 9.322420e-02
18 25 1.073670e-01
18 26 1.208380e-01
18 27 1.321130e-01
18 28 1.392830e-01
18 29 1.403080e-01
18 30 1.334320e-01
18 31 1.180570e-01
18 32 9.540240e-02
18 33 6.881860e-02
18 34 4.305680e-02
18 35 2.254010e-02
18 36 9.444250e-03
18 37 2.996010e-03
18 38 6.720320e-04
18 39 9.793590e-05
18 40 8.962270e-06
19 1 2.017510e-04
19 2 8.166930e-05
19 3 1.203900e-04
19 4 1.641640e-04
19 5 2.347290e-04
19 6 3.325400e-04
19 7 4.691240e-04
19 8 6.651570e-04
19 9 9.371550e-04
19 10 1.332890e-03
19 11 1.892840e-03
19 12 2.704420e-03
19 13 3.883100e-03
19 14 5.618340e-03
19 15 8.092560e-03
19 16 1.162960e-02
19 17 1.665860e-02
19 18 2.385390e-02
19 19 3.317900e-02
19 20 4.161110e-02
19 21 5.056410e-02
19 22 6.090870e-02
19 23 7.251570e-02
19 24 8.508690e-02
19 25 9.805860e-02
19 26 1.104470e-01
19 27 1.208700e-01
19 28 1.275820e-01
19 29 1.287160e-01
19 30 1.226420e-01
19 31 1.087700e-01
19 32 8.815790e-02
19 33 6.382650e-02
19 34 4.011480e-02
19 35 2.111810e-02
19 36 8.909210e-03
19 37 2.850040e-03
19 38 6.457910e-04
19 39 9.526530e-05
19 40 8.861900e-06
20 1 1.657800e-04
20 2 6.713910e-05
20 3 9.896240e-05
20 4 1.349390e-04
20 5 1.929420e-04
20 6 2.733050e-04
20 7 3.855350e-04
20 8 5.466220e-04
20 9 7.699430e-04
20 10 1.093570e-03
20 11 1.546270e-03
20 12 2.191650e-03
20 13 3.110090e-03
20 14 4.430250e-03
20 15 6.327850e-03
20 16 9.097320e-03
20 17 1.303930e-02
20 18 1.866480e-02
20 19 2.671150e-02
20 20 3.715960e-02
20 21 4.629650e-02
20 22 5.579650e-02
20 23 6.646130e-02
20 24 7.803180e-02
20 25 8.999740e-02
20 26 1.014640e-01
20 27 1.111790e-01
20 28 1.175300e-01
20 29 1.187930e-01
20 30 1.134570e-01
20 31 1.009200e-01
20 32 8.209420e-02
20 33 5.970600e-02
20 34 3.773230e-02
20 35 1.999980e-02
20 36 8.507390e-03
20 37 2.748950e-03
20 38 6.304160e-04
20 39 9.433680e-05
20 40 8.928400e-06
21 1 1.318730e-04
21 2 5.341590e-05
21 3 7.874210e-05
21 4 1.073700e-04
21 5 1.535130e-04
21 6 2.174750e-04
21 7 3.067710e-04
21 8 4.348990e-04
21 9 6.126200e-04
21 10 8.700850e-04
21 11 1.230060e-03
21 12 1.742510e-03
21 13 2.470970e-03
21 14 3.524810e-03
21 15 5.022940e-03
21 16 7.170010e-03
21 17 1.022690e-02
21 18 1.460280e-02
21 19 2.085970e-02
21 20 2.989980e-02
21 21 4.155980e-02
21 22 5.144320e-02
21 23 6.131870e-02
21 24 7.204800e-02
21 25 8.317300e-02
21 26 9.388470e-02
21 27 1.030260e-01
21 28 1.091110e-01
21 29 1.105310e-01
21 30 1.058680e-01
21 31 9.450540e-02
21 32 7.721410e-02
21 33 5.646290e-02
21 34 3.591920e-02
21 35 1.919400e-02
21 36 8.245220e-03
21 37 2.696090e-03
21 38 6.270980e-04
21 39 9.542480e-05
21 40 9.214300e-06
22 1 1.022780e-04
22 2 4.144120e-05
22 3 6.108850e-05
22 4 8.329710e-05
22 5 1.191010e-04
22 6 1.687290e-04
22 7 2.380210e-04
22 8 3.374690e-04
22 9 4.753820e-04
22 10 6.751840e-04
22 11 9.545830e-04
22 12 1.351690e-03
22 13 1.915010e-03
22 14 2.728390e-03
22 15 3.887430e-03
22 16 5.556620e-03
22 17 7.933740e-03
22 18 1.133550e-02
22 19 1.620670e-02
22 20 2.324030e-02
22 21 3.339460e-02
22 22 4.648820e-02
22 23 5.704820e-02
22 24 6.709290e-02
22 25 7.754100e-02
22 26 8.765370e-02
22 27 9.636050e-02
22 28 1.022740e-01
22 29 1.038810e-01
22 30 9.983990e-02
22 31 8.950170e-02
22 32 7.350870e-02
22 33 5.409960e-02
22 34 3.468820e-02
22 35 1.871350e-02
22 36 8.132390e-03
22 37 2.696410e-03
22 38 6.376070e-04
22 39 9.892940e-05
22 40 9.771870e-06
23 1 7.698790e-05
23 2 3.119120e-05
23 3 4.597780e-05
23 4 6.269770e-05
23 5 8.964870e-05
23 6 1.270030e-04
23 7 1.791790e-04
23 8 2.540610e-04
23 9 3.579240e-04
23 10 5.084760e-04
23 11 7.189720e-04
23 12 1.018300e-03
23 13 1.442020e-03
23 14 2.050760e-03
23 15 2.917170e-03
23 16 4.176220e-03
23 17 5.997470e-03
23 18 8.633960e-03
23 19 1.241510e-02
23 20 1.787850e-02
23 21 2.576190e-02
23 22 3.722370e-02
23 23 5.193360e-02
23 24 6.307500e-02
23 25 7.299750e-02
23 26 8.265940e-02
23 27 9.105890e-02
23 28 9.690200e-02
23 29 9.873360e-02
23 30 9.527350e-02
23 31 8.583330e-02
23 32 7.093020e-02
23 33 5.259580e-02
23 34 3.403660e-02
23 35 1.856690e-02
23 36 8.177920e-03
23 37 2.755530e-03
23 38 6.641480e-04
23 39 1.053860e-04
23 40 1.067260e-05
24 1 5.941080e-05
24 2 2.408320e-05
24 3 3.550130e-05
24 4 4.841000e-05
24 5 6.921980e-05
24 6 9.806520e-05
24 7 1.383490e-04
24 8 1.961680e-04
24 9 2.763760e-04
24 10 3.926260e-04
24 11 5.552390e-04
24 12 7.864510e-04
24 13 1.113750e-03
24 14 1.583020e-03
24 15 2.247310e-03
24 16 3.207360e-03
24 17 4.591990e-03
24 18 6.600190e-03
24 19 9.502930e-03
24 20 1.370330e-02
24 21 1.977080e-02
24 22 2.859970e-02
24 23 4.149030e-02
24 24 5.795460e-02
24 25 6.950720e-02
24 26 7.886140e-02
24 27 8.709420e-02
24 28 9.297580e-02
24 29 9.509650e-02
24 30 9.219640e-02
24 31 8.356660e-02
24 32 6.955970e-02
24 33 5.203810e-02
24 34 3.404040e-02
24 35 1.881040e-02
24 36 8.414550e-03
24 37 2.888220e-03
24 38 7.114990e-04
24 39 1.158130e-04
24 40 1.208670e-05
25 1 4.512370e-05
25 2 1.833090e-05
25 3 2.702160e-05
25 4 3.684750e-05
25 5 5.268900e-05
25 6 7.464650e-05
25 7 1.053140e-04
25 8 1.493390e-04
25 9 2.104100e-04
25 10 2.989400e-04
25 11 4.227670e-04
25 12 5.988760e-04
25 13 8.482860e-04
25 14 1.205880e-03
25 15 1.711230e-03
25 16 2.439200e-03
25 17 3.487890e-03
25 18 5.008770e-03
25 19 7.212300e-03
25 20 1.041470e-02
25 21 1.504570e-02
25 22 2.179860e-02
25 23 3.167180e-02
25 24 4.618830e-02
25 25 6.462320e-02
25 26 7.630760e-02
25 27 8.451930e-02
25 28 9.055420e-02
25 29 9.304290e-02
25 30 9.069660e-02
25 31 8.278070e-02
25 32 6.949500e-02
25 33 5.252440e-02
25 34 3.478670e-02
25 35 1.951280e-02
25 36 8.884790e-03
25 37 3.114810e-03
25 38 7.866170e-04
25 39 1.317800e-04
25 40 1.422320e-05
26 1 3.147440e-05
26 2 1.285530e-05
26 3 1.895160e-05
26 4 2.584550e-05
26 5 3.696050e-05
26 6 5.237070e-05
26 7 7.389730e-05
26 8 1.048070e-04
26 9 1.477050e-04
26 10 2.099140e-04
26 11 2.970060e-04
26 12 4.209460e-04
26 13 5.965930e-04
26 14 8.487460e-04
26 15 1.205500e-03
26 16 1.718620e-03
26 17 2.453900e-03
26 18 3.523540e-03
26 19 5.093850e-03
26 20 7.432840e-03
26 21 1.091390e-02
26 22 1.607300e-02
26 23 2.363400e-02
26 24 3.477020e-02
26 25 5.127750e-02
26 26 7.206480e-02
26 27 8.355660e-02
26 28 8.987880e-02
26 29 9.281020e-02
26 30 9.102330e-02
26 31 8.368740e-02
26 32 7.091890e-02
26 33 5.421080e-02
26 34 3.640050e-02
26 35 2.076200e-02
26 36 9.644560e-03
26 37 3.462300e-03
26 38 8.993670e-04
26 39 1.557330e-04
26 40 1.739980e-05
27 1 2.416500e-05
27 2 9.872580e-06
27 3 1.455350e-05
27 4 1.984760e-05
27 5 2.838350e-05
27 6 4.021670e-05
27 7 5.675150e-05
27 8 8.049240e-05
27 9 1.134340e-04
27 10 1.612210e-04
27 11 2.280880e-04
27 12 3.232870e-04
27 13 4.582250e-04
27 14 6.518830e-04
27 15 9.259750e-04
27 16 1.320360e-03
27 17 1.884850e-03
27 18 2.698510e-03
27 19 3.878890e-03
27 20 5.617070e-03
27 21 8.184280e-03
27 22 1.200210e-02
27 23 1.765180e-02
27 24 2.599770e-02
27 25 3.841070e-02
27 26 5.694180e-02
27 27 8.004380e-02
27 28 9.073280e-02
27 29 9.424800e-02
27 30 9.311750e-02
27 31 8.636970e-02
27 32 7.400220e-02
27 33 5.732830e-02
27 34 3.911770e-02
27 35 2.274530e-02
27 36 1.081060e-02
27 37 3.986260e-03
27 38 1.068530e-03
27 39 1.918930e-04
27 40 2.228100e-05
28 1 1.742390e-05
28 2 7.124420e-06
28 3 1.050360e-05
28 4 1.432470e-05
28 5 2.048580e-05
28 6 2.903020e-05
28 7 4.096660e-05
28 8 5.810910e-05
28 9 8.191070e-05
28 10 1.164340e-04
28 11 1.647720e-04
28 12 2.336030e-04
28 13 3.312080e-04
28 14 4.714400e-04
28 15 6.700510e-04
28 16 9.560790e-04
28 17 1.365960e-03
28 18 1.956760e-03
28 19 2.810340e-03
28 20 4.062050e-03
28 21 5.908760e-03
28 22 8.679970e-03
28 23 1.284070e-02
28 24 1.903850e-02
28 25 2.829470e-02
28 26 4.218780e-02
28 27 6.311640e-02
28 28 8.885200e-02
28 29 9.801350e-02
28 30 9.761240e-02
28 31 9.144000e-02
28 32 7.927540e-02
28 33 6.232880e-02
28 34 4.328990e-02
28 35 2.571160e-02
28 36 1.253370e-02
28 37 4.762080e-03
28 38 1.322010e-03
28 39 2.473410e-04
28 40 3.016560e-05
29 1 1.168040e-05
29 2 4.809840e-06
29 3 7.091270e-06
29 4 9.672270e-06
29 5 1.383410e-05
29 6 1.960480e-05
29 7 2.767160e-05
29 8 3.925950e-05
29 9 5.535350e-05
29 10 7.871590e-05
29 11 1.114450e-04
29 12 1.580850e-04
29 13 2.243040e-04
29 14 3.195340e-04
29 15 4.546130e-04
29 16 6.495310e-04
29 17 9.294110e-04
29 18 1.333930e-03
29 19 1.919840e-03
29 20 2.777740e-03
29 21 4.034540e-03
29 22 5.913210e-03
29 23 8.786000e-03
29 24 1.320950e-02
29 25 2.000880e-02
29 26 3.033560e-02
29 27 4.599970e-02
29 28 6.982510e-02
29 29 9.864360e-02
29 30 1.053410e-01
29 31 9.970190e-02
29 32 8.753570e-02
29 33 6.991050e-02
29 34 4.948920e-02
29 35 3.007720e-02
29 36 1.507200e-02
29 37 5.918370e-03
29 38 1.708350e-03
29 39 3.346870e-04
29 40 4.316010e-05
30 1 8.242870e-06
30 2 3.411430e-06
30 3 5.030060e-06
30 4 6.860700e-06
30 5 9.813520e-06
30 6 1.390940e-05
30 7 1.963420e-05
30 8 2.786080e-05
30 9 3.928550e-05
30 10 5.587700e-05
30 11 7.913360e-05
30 12 1.122820e-04
30 13 1.593790e-04
30 14 2.271710e-04
30 15 3.233980e-04
30 16 4.624190e-04
30 17 6.623850e-04
30 18 9.519180e-04
30 19 1.372060e-03
30 20 1.988960e-03
30 21 2.897720e-03
30 22 4.256700e-03
30 23 6.310950e-03
30 24 9.450600e-03
30 25 1.428090e-02
30 26 2.167870e-02
30 27 3.300740e-02
30 28 5.039800e-02
30 29 7.706370e-02
30 30 1.086850e-01
30 31 1.116990e-01
30 32 9.954140e-02
30 33 8.092650e-02
30 34 5.856200e-02
30 35 3.653700e-02
30 36 1.888960e-02
30 37 7.695390e-03
30 38 2.319060e-03
30 39 4.776370e-04
30 40 6.546300e-05
31 1 5.495030e-06
31 2 2.294950e-06
31 3 3.384280e-06
31 4 4.616600e-06
31 5 6.603860e-06
31 6 9.360910e-06
31 7 1.321480e-05
31 8 1.875510e-05
31 9 2.645390e-05
31 10 3.763370e-05
31 11 5.331730e-05
31 12 7.569320e-05
31 13 1.074940e-04
31 14 1.533220e-04
31 15 2.184720e-04
31 16 3.127150e-04
31 17 4.485490e-04
31 18 6.457210e-04
31 19 9.327570e-04
31 20 1.355650e-03
31 21 1.979970e-03
31 22 2.912510e-03
31 23 4.318830e-03
31 24 6.465050e-03
31 25 9.780580e-03
31 26 1.496000e-02
31 27 2.301760e-02
31 28 3.552880e-02
31 29 5.495660e-02
31 30 8.496960e-02
31 31 1.195390e-01
31 32 1.172550e-01
31 33 9.718460e-02
31 34 7.198190e-02
31 35 4.620360e-02
31 36 2.471320e-02
31 37 1.048280e-02
31 38 3.313090e-03
31 39 7.213700e-04
31 40 1.059580e-04
32 1 3.411230e-06
32 2 1.447580e-06
32 3 2.134920e-06
32 4 2.912810e-06
32 5 4.167570e-06
32 6 5.908520e-06
32 7 8.343090e-06
32 8 1.184380e-05
32 9 1.671090e-05
32 10 2.378440e-05
32 11 3.371330e-05
32 12 4.789300e-05
32 13 6.807770e-05
32 14 9.720330e-05
32 15 1.386860e-04
32 16 1.988490e-04
32 17 2.858060e-04
32 18 4.124610e-04
32 19 5.976510e-04
32 20 8.719160e-04
32 21 1.279270e-03
32 22 1.891640e-03
32 23 2.819610e-03
32 24 4.242090e-03
32 25 6.455150e-03
32 26 9.951370e-03
32 27 1.548960e-02
32 28 2.423560e-02
32 29 3.803650e-02
32 30 5.973050e-02
32 31 9.348890e-02
32 32 1.310190e-01
32 33 1.215520e-01
32 34 9.229380e-02
32 35 6.105920e-02
32 36 3.387580e-02
32 37 1.501380e-02
32 38 4.998520e-03
32 39 1.157150e-03
32 40 1.836750e-04
33 1 1.934110e-06
33 2 8.631480e-07
33 3 1.273280e-06
33 4 1.737520e-06
33 5 2.486400e-06
33 6 3.525980e-06
33 7 4.980270e-06
33 8 7.072550e-06
33 9 9.983410e-06
33 10 1.421680e-05
33 11 2.016510e-05
33 12 2.866880e-05
33 13 4.079220e-05
33 14 5.832290e-05
33 15 8.334860e-05
33 16 1.197440e-04
33 17 1.725390e-04
33 18 2.497610e-04
33 19 3.632490e-04
33 20 5.323840e-04
33 21 7.854430e-04
33 22 1.169110e-03
33 23 1.756180e-03
33 24 2.664530e-03
33 25 4.088590e-03
33 26 6.357960e-03
33 27 1.000880e-02
33 28 1.589180e-02
33 29 2.535970e-02
33 30 4.055890e-02
33 31 6.474500e-02
33 32 1.025860e-01
33 33 1.428970e-01
33 34 1.240010e-01
33 35 8.469420e-02
33 36 4.885760e-02
33 37 2.269870e-02
33 38 7.996000e-03
33 39 1.979100e-03
33 40 3.423350e-04
34 1 1.039000e-06
34 2 4.815720e-07
34 3 7.152670e-07
34 4 9.770110e-07
34 5 1.398450e-06
34 6 1.983700e-06
34 7 2.802920e-06
34 8 3.981880e-06
34 9 5.623650e-06
34 10 8.013300e-06
34 11 1.137470e-05
34 12 1.618870e-05
34 13 2.306210e-05
34 14 3.301840e-05
34 15 4.727430e-05
34 16 6.807280e-05
34 17 9.836740e-05
34 18 1.429030e-04
34 19 2.087290e-04
34 20 3.074900e-04
34 21 4.565030e-04
34 22 6.846100e-04
34 23 1.037590e-03
34 24 1.590810e-03
34 25 2.469390e-03
34 26 3.881310e-03
34 27 6.181970e-03
34 28 9.962750e-03
34 29 1.618860e-02
34 30 2.642520e-02
34 31 4.314930e-02
34 32 7.006250e-02
34 33 1.123210e-01
34 34 1.549120e-01
34 35 1.240330e-01
34 36 7.453720e-02
34 37 3.641040e-02
34 38 1.362900e-02
34 39 3.627270e-03
34 40 6.895880e-04
35 1 4.568850e-07
35 2 2.457970e-07
35 3 3.704660e-07
35 4 5.076040e-07
35 5 7.272640e-07
35 6 1.032080e-06
35 7 1.459000e-06
35 8 2.073930e-06
35 9 2.930620e-06
35 10 4.179380e-06
35 11 5.938660e-06
35 12 8.461260e-06
35 13 1.207220e-05
35 14 1.731740e-05
35 15 2.484920e-05
35 16 3.588190e-05
35 17 5.202610e-05
35 18 7.588890e-05
35 19 1.114060e-04
35 20 1.651260e-04
35 21 2.469340e-04
35 22 3.735150e-04
35 23 5.718540e-04
35 24 8.872530e-04
35 25 1.396440e-03
35 26 2.229190e-03
35 27 3.608020e-03
35 28 5.915550e-03
35 29 9.803980e-03
35 30 1.637050e-02
35 31 2.742100e-02
35 32 4.578980e-02
35 33 7.566490e-02
35 34 1.225820e-01
35 35 1.667260e-01
35 36 1.212360e-01
35 37 6.237240e-02
35 38 2.488520e-02
35 39 7.156900e-03
35 40 1.509730e-03
36 1 1.548750e-07
36 2 8.848150e-08
36 3 1.433220e-07
36 4 2.091920e-07
36 5 3.110470e-07
36 6 4.496540e-07
36 7 6.414260e-07
36 8 9.142510e-07
36 9 1.293280e-06
36 10 1.846290e-06
36 11 2.626910e-06
36 12 3.749080e-06
36 13 5.359590e-06
36 14 7.707650e-06
36 15 1.109530e-05
36 16 1.608440e-05
36 17 2.343410e-05
36 18 3.438650e-05
36 19 5.084430e-05
36 20 7.601810e-05
36 21 1.148750e-04
36 22 1.759530e-04
36 23 2.733900e-04
36 24 4.315040e-04
36 25 6.927110e-04
36 26 1.131280e-03
36 27 1.878060e-03
36 28 3.162910e-03
36 29 5.393060e-03
36 30 9.292610e-03
36 31 1.611670e-02
36 32 2.795260e-02
36 33 4.809930e-02
36 34 8.130150e-02
36 35 1.334460e-01
36 36 1.784170e-01
36 37 1.154740e-01
36 38 4.910530e-02
36 39 1.529180e-02
36 40 3.606960e-03
37 1 4.235200e-08
37 2 2.424380e-08
37 3 4.010590e-08
37 4 6.125800e-08
37 5 9.765720e-08
37 6 1.525350e-07
37 7 2.296020e-07
37 8 3.394520e-07
37 9 4.906950e-07
37 10 7.079990e-07
37 11 1.011410e-06
37 12 1.446540e-06
37 13 2.072670e-06
37 14 2.988830e-06
37 15 4.317200e-06
37 16 6.284680e-06
37 17 9.203940e-06
37 18 1.359230e-05
37 19 2.025590e-05
37 20 3.057690e-05
37 21 4.674360e-05
37 22 7.259020e-05
37 23 1.146570e-04
37 24 1.845310e-04
37 25 3.030740e-04
37 26 5.081330e-04
37 27 8.695120e-04
37 28 1.515440e-03
37 29 2.680650e-03
37 30 4.793920e-03
37 31 8.642450e-03
37 32 1.565180e-02
37 33 2.825990e-02
37 34 5.030120e-02
37 35 8.713390e-02
37 36 1.448290e-01
37 37 1.892170e-01
37 38 1.064410e-01
37 39 3.587670e-02
37 40 9.509040e-03
38 1 1.061350e-08
38 2 6.075540e-09
38 3 1.005190e-08
38 4 1.537670e-08
38 5 2.463840e-08
38 6 3.914050e-08
38 7 6.186630e-08
38 8 9.705080e-08
38 9 1.478660e-07
38 10 2.222660e-07
38 11 3.255830e-07
38 12 4.696530e-07
38 13 6.750810e-07
38 14 9.764340e-07
38 15 1.415440e-06
38 16 2.069550e-06
38 17 3.047230e-06
38 18 4.530190e-06
38 19 6.806930e-06
38 20 1.037980e-05
38 21 1.606750e-05
38 22 2.534000e-05
38 23 4.078390e-05
38 24 6.713760e-05
38 25 1.132660e-04
38 26 1.959960e-04
38 27 3.479010e-04
38 28 6.324830e-04
38 29 1.171370e-03
38 30 2.195810e-03
38 31 4.150240e-03
38 32 7.884110e-03
38 33 1.500050e-02
38 34 2.834530e-02
38 35 5.239700e-02
38 36 9.316090e-02
38 37 1.565900e-01
38 38 1.985830e-01
38 39 9.441940e-02
38 40 2.811900e-02
39 1 1.827090e-09
39 2 1.045890e-09
39 3 1.730410e-09
39 4 2.647060e-09
39 5 4.241450e-09
39 6 6.737980e-09
39 7 1.065650e-08
39 8 1.693590e-08
39 9 2.673130e-08
39 10 4.253100e-08
39 11 6.731610e-08
39 12 1.062140e-07
39 13 1.644020e-07
39 14 2.501710e-07
39 15 3.733570e-07
39 16 5.526900e-07
39 17 8.192040e-07
39 18 1.226740e-06
39 19 1.859780e-06
39 20 2.867620e-06
39 21 4.500080e-06
39 22 7.216730e-06
39 23 1.185510e-05
39 24 2.000790e-05
39 25 3.478880e-05
39 26 6.241170e-05
39 27 1.155920e-04
39 28 2.207850e-04
39 29 4.333910e-04
39 30 8.652780e-04
39 31 1.737850e-03
39 32 3.499360e-03
39 33 7.054620e-03
39 34 1.419680e-02
39 35 2.824140e-02
39 36 5.443020e-02
39 37 9.940850e-02
39 38 1.685320e-01
39 39 2.058340e-01
39 40 9.603820e-02
40 1 2.799800e-10
40 2 1.602700e-10
40 3 2.651600e-10
40 4 4.056300e-10
40 5 6.499500e-10
40 6 1.032510e-09
40 7 1.632980e-09
40 8 2.595210e-09
40 9 4.096240e-09
40 10 6.517370e-09
40 11 1.031810e-08
40 12 1.635050e-08
40 13 2.588510e-08
40 14 4.109240e-08
40 15 6.504200e-08
40 16 1.031160e-07
40 17 1.620070e-07
40 18 2.523430e-07
40 19 3.925220e-07
40 20 6.164170e-07
40 21 9.849900e-07
40 22 1.613740e-06
40 23 2.719100e-06
40 24 4.726470e-06
40 25 8.501720e-06
40 26 1.585650e-05
40 27 3.070620e-05
40 28 6.173210e-05
40 29 1.285660e-04
40 30 2.759580e-04
40 31 6.010750e-04
40 32 1.306740e-03
40 33 2.834030e-03
40 34 6.143920e-03
40 35 1.327250e-02
40 36 2.808060e-02
40 37 5.665760e-02
40 38 1.061410e-01
40 39 1.805140e-01
40 40 2.830100e-01
