1 7.47701E-2
2 7.89864E-2
3 9.16059E-2
4 1.68362E-1
5 4.46841E-1
6 2.34229E0
7 3.13422E-1
8 4.05285E-1
9 4.92869E-1
10 9.81695E-1
11 3.30916E0
12 1.34415E2
13 5.06552E1
14 1.90886E0
15 6.56916E-1
16 3.28504E-1
17 1.99676E-1
18 1.37461E-1
19 1.12264E-1
20 5.67756E-1
21 6.30115E0
22 9.02914E-2
23 4.51634E-2
24 3.31365E-2
25 2.63491E-2
26 2.19934E-2
27 1.92081E-2
28 1.66805E-2
29 1.49039E-2
30 1.36331E-2
31 1.27549E-2
32 2.38152E-2
33 1.36504E-1
34 3.11667E-1
35 5.68551E-2
36 3.83625E-1
37 1.91919E-2
38 1.12409E-2
39 1.88623E-2
40 5.31177E-1
41 1.7106E-2
42 6.27933E-2
43 1.8973E0
44 2.36063E-1
45 4.54599E-2
46 4.16653E0
47 7.98283E-2
48 2.42808E-2
49 2.97825E-2
50 8.99897E-1
51 3.35911E-2
52 2.0383E-1
53 3.23346E-1
54 9.31597E-1
55 1.38218E0
56 2.08702E1
57 1.37944E1
58 2.43026E-1
59 9.55636E-2
60 2.77884E0
61 4.37593E-1
62 5.71024E-2
63 3.43191E-1
64 1.19732E1
65 1.17682E-1
66 2.25272E-1
67 1.93223E1
68 1.05328E1
69 1.73724E-1
70 7.33088E-2
71 1.31934E0
72 2.92798E-2
73 2.81395E-2
74 7.7776E-2
75 6.77007E0
76 1.20118E-1
77 2.40525E-2
78 2.10324E-2
79 3.44623E0
80 4.85745E-1
81 1.16914E-1
82 5.46065E-1
83 2.19056E0
84 6.31282E0
85 6.14939E-2
86 1.88817E-2
87 1.64615E-2
88 4.77079E-1
89 5.4462E-1
90 2.53499E0
91 1.00587E-1
92 5.92064E0
93 2.10889E-2
94 3.94778E-1
95 1.97983E-2
96 2.00792E0
97 8.61017E-1
98 8.58192E-1
99 8.65328E-1
100 1.18041E0
101 8.894E-1
102 8.82613E-1
103 8.75667E-1
104 8.68559E-1
105 8.61285E-1
106 8.53842E-1
107 8.46224E-1
108 8.3843E-1
109 8.30455E-1
110 8.22294E-1
111 8.13942E-1
112 8.05396E-1
113 7.96651E-1
114 7.87703E-1
115 7.78545E-1
116 7.69176E-1
117 7.59586E-1
118 7.49774E-1
119 7.39735E-1
120 7.30101E-1
121 7.25978E-1
122 7.23113E-1
123 7.20183E-1
124 7.17185E-1
125 7.14116E-1
126 7.10977E-1
127 7.07764E-1
128 7.04475E-1
129 7.01111E-1
130 6.97668E-1
131 6.94145E-1
132 6.9054E-1
133 6.86851E-1
134 6.83515E-1
135 6.81164E-1
136 6.78805E-1
137 6.7639E-1
138 6.7392E-1
139 6.71392E-1
140 6.68804E-1
141 6.66157E-1
142 6.63449E-1
143 6.60676E-1
144 6.5784E-1
145 6.54937E-1
146 6.51967E-1
147 6.48927E-1
148 6.45728E-1
149 6.40934E-1
150 6.35474E-1
151 6.29886E-1
152 6.2417E-1
153 6.1832E-1
154 6.12333E-1
155 6.06208E-1
156 5.9994E-1
157 5.93524E-1
158 5.86961E-1
159 5.80243E-1
160 5.73371E-1
161 5.66337E-1
162 5.59141E-1
163 5.51775E-1
164 5.44239E-1
165 5.36528E-1
166 5.28636E-1
167 5.20687E-1
168 5.15283E-1
169 5.10862E-1
170 5.06337E-1
171 5.01708E-1
172 4.96971E-1
173 4.92124E-1
174 4.87163E-1
175 4.82087E-1
176 4.76894E-1
177 4.71578E-1
178 4.66145E-1
179 4.60831E-1
180 4.55518E-1
181 4.50082E-1
182 4.44519E-1
183 4.38827E-1
184 4.33002E-1
185 4.2704E-1
186 4.20941E-1
187 4.14699E-1
188 4.08313E-1
189 4.01777E-1
190 3.95088E-1
191 3.88692E-1
192 3.83504E-1
193 3.78285E-1
194 3.72944E-1
195 3.6748E-1
196 3.61887E-1
197 3.56165E-1
198 3.5031E-1
199 3.44318E-1
200 3.38186E-1
201 3.33504E-1
202 3.3032E-1
203 3.27063E-1
204 3.23729E-1
205 3.20318E-1
206 3.16827E-1
207 3.13255E-1
208 3.096E-1
209 3.0586E-1
210 3.02032E-1
211 2.98116E-1
212 2.94108E-1
213 2.90007E-1
214 2.85811E-1
215 2.81516E-1
216 2.77121E-1
217 2.72625E-1
218 2.68158E-1
219 2.64909E-1
220 2.61919E-1
221 2.5886E-1
222 2.55729E-1
223 2.52525E-1
224 2.49247E-1
225 2.45893E-1
226 2.4246E-1
227 2.38947E-1
228 2.35353E-1
229 2.31674E-1
230 2.2791E-1
231 2.24436E-1
232 2.2144E-1
233 2.18379E-1
234 2.15248E-1
235 2.12044E-1
236 2.08764E-1
237 2.05409E-1
238 2.01976E-1
239 1.98461E-1
240 1.94866E-1
241 1.91187E-1
242 1.87422E-1
243 1.83569E-1
244 1.79627E-1
245 1.75593E-1
246 1.71465E-1
247 1.6724E-1
248 1.63024E-1
249 1.60538E-1
250 1.58658E-1
251 1.56733E-1
252 1.54765E-1
253 1.5275E-1
254 1.50688E-1
255 1.48579E-1
256 1.4642E-1
257 1.44211E-1
258 1.41951E-1
259 1.39637E-1
260 1.37271E-1
261 1.35147E-1
262 1.33609E-1
263 1.32055E-1
264 1.30465E-1
265 1.28838E-1
266 1.27173E-1
267 1.25469E-1
268 1.23726E-1
269 1.21942E-1
270 1.20117E-1
271 1.18249E-1
272 1.16337E-1
273 1.14381E-1
274 1.1238E-1
275 1.10332E-1
276 1.08236E-1
277 1.06091E-1
278 1.03911E-1
279 1.02283E-1
280 1.00927E-1
281 9.95387E-2
282 9.81182E-2
283 9.66649E-2
284 9.51775E-2
285 9.36552E-2
286 9.20979E-2
287 9.05041E-2
288 8.88734E-2
289 8.72045E-2
290 8.54967E-2
291 8.38822E-2
292 8.26326E-2
293 8.13807E-2
294 8.00995E-2
295 7.87886E-2
296 7.74473E-2
297 7.60745E-2
298 7.46698E-2
299 7.32326E-2
300 7.17616E-2
301 7.02359E-2
302 6.97194E-2
303 6.91908E-2
304 6.865E-2
305 6.80965E-2
306 6.75301E-2
307 6.69506E-2
308 6.63575E-2
309 6.57506E-2
310 6.51298E-2
311 6.44944E-2
312 6.38443E-2
313 6.3179E-2
314 6.24982E-2
315 6.18015E-2
316 6.10887E-2
317 6.03593E-2
318 5.97917E-2
319 5.94182E-2
320 5.90446E-2
321 5.86624E-2
322 5.82713E-2
323 5.7871E-2
324 5.74614E-2
325 5.70424E-2
326 5.66628E-2
327 5.63151E-2
328 5.59593E-2
329 5.55952E-2
330 5.52227E-2
331 5.48578E-2
332 5.45086E-2
333 5.41652E-2
334 5.39138E-2
335 5.36764E-2
336 5.34335E-2
337 5.31848E-2
338 5.29304E-2
339 5.26701E-2
340 5.24036E-2
341 5.21242E-2
342 5.18332E-2
343 5.15353E-2
344 5.12305E-2
345 5.09357E-2
346 5.06473E-2
347 5.03531E-2
348 5.01429E-2
349 4.99971E-2
350 4.98512E-2
351 4.9702E-2
352 4.95493E-2
353 4.9393E-2
354 4.9234E-2
355 4.90843E-2
356 4.89434E-2
357 4.88002E-2
358 4.86537E-2
359 4.85038E-2
360 4.83504E-2
361 4.82139E-2
362 4.81178E-2
363 4.80209E-2
364 4.79217E-2
365 4.78202E-2
366 4.77163E-2
367 4.761E-2
368 4.75012E-2
369 4.73899E-2
370 4.72724E-2
371 4.71517E-2
372 4.70334E-2
373 4.69123E-2
374 4.67884E-2
375 4.66617E-2
376 4.6532E-2
377 4.63992E-2
378 4.62585E-2
379 4.59266E-2
380 4.549E-2
381 4.50432E-2
382 4.45862E-2
383 4.41184E-2
384 4.36373E-2
385 4.31366E-2
386 4.26412E-2
387 4.21305E-2
388 4.15952E-2
389 4.10668E-2
390 4.05195E-2
391 3.99556E-2
392 3.93992E-2
393 3.88261E-2
394 3.82371E-2
395 3.76318E-2
396 3.70009E-2
397 3.63779E-2
398 3.57404E-2
399 3.508E-2
400 3.44038E-2
401 3.38754E-2
402 3.34999E-2
403 3.31156E-2
404 3.27223E-2
405 3.23195E-2
406 3.19075E-2
407 3.14817E-2
408 3.10425E-2
409 3.06069E-2
410 3.01521E-2
411 2.96905E-2
412 2.92246E-2
413 2.87423E-2
414 2.82441E-2
415 2.77365E-2
416 2.7218E-2
417 2.66781E-2
418 2.61273E-2
419 2.55247E-2
420 2.48751E-2
421 2.42182E-2
422 2.35566E-2
423 2.28681E-2
424 2.21626E-2
425 2.14148E-2
426 2.06637E-2
427 1.9937E-2
428 1.91761E-2
429 1.83858E-2
430 1.75892E-2
431 1.7199E-2
432 1.70132E-2
433 1.68243E-2
434 1.66794E-2
435 1.65556E-2
436 1.6429E-2
437 1.62992E-2
438 1.61662E-2
439 1.603E-2
440 1.58879E-2
441 1.57461E-2
442 1.5603E-2
443 1.54546E-2
444 1.5302E-2
445 1.51458E-2
446 1.49862E-2
447 1.48229E-2
448 1.46531E-2
449 1.44326E-2
450 1.41899E-2
451 1.39415E-2
452 1.36868E-2
453 1.34228E-2
454 1.31522E-2
455 1.28791E-2
456 1.26106E-2
457 1.23258E-2
458 1.20339E-2
459 1.17352E-2
460 1.14411E-2
461 1.1159E-2
462 1.08874E-2
463 1.061E-2
464 1.03282E-2
465 1.00407E-2
466 9.75267E-3
467 9.47526E-3
468 9.17594E-3
469 8.86659E-3
470 8.55021E-3
471 8.23859E-3
472 7.91186E-3
473 7.57624E-3
474 7.23276E-3
475 6.88193E-3
476 6.52246E-3
477 6.15465E-3
478 5.78306E-3
479 5.58868E-3
480 5.48552E-3
481 5.37965E-3
482 5.2717E-3
483 5.16143E-3
484 5.04793E-3
485 4.93118E-3
486 4.81417E-3
487 4.69297E-3
488 4.56741E-3
489 4.44141E-3
490 4.31126E-3
491 4.1783E-3
492 4.04338E-3
493 3.90365E-3
494 3.76029E-3
495 3.61522E-3
496 3.46375E-3
497 3.31361E-3
498 3.15553E-3
499 3.00034E-3
500 2.84406E-3
