1 7.009E-3
2 7.009E-3
3 7.009E-3
4 7.009E-3
5 7.009E-3
6 7.009E-3
7 7.009E-3
8 7.009E-3
9 7.009E-3
10 7.009E-3
11 7.009E-3
12 7.009E-3
13 7.009E-3
14 7.009E-3
15 7.009E-3
16 7.009E-3
17 7.009E-3
18 7.009E-3
19 7.009E-3
20 7.009E-3
21 7.009E-3
22 7.009E-3
23 7.009E-3
24 7.009E-3
25 7.009E-3
26 7.009E-3
27 7.009E-3
28 7.009E-3
29 7.009E-3
30 7.009E-3
31 7.009E-3
32 7.009E-3
33 7.009E-3
34 7.009E-3
35 7.009E-3
36 7.009E-3
37 7.009E-3
38 7.009E-3
39 7.009E-3
40 7.009E-3
41 7.009E-3
42 7.009E-3
43 7.009E-3
44 7.009E-3
45 7.009E-3
46 7.009E-3
47 7.009E-3
48 7.009E-3
49 7.009E-3
50 7.009E-3
51 7.009E-3
52 7.009E-3
53 7.009E-3
54 7.009E-3
55 7.009E-3
56 7.009E-3
57 7.009E-3
58 7.009E-3
59 7.009E-3
60 7.009E-3
61 7.009E-3
62 7.009E-3
63 7.009E-3
64 7.009E-3
65 7.009E-3
66 7.009E-3
67 7.009E-3
68 7.009E-3
69 7.009E-3
70 7.009E-3
71 7.009E-3
72 7.009E-3
73 7.009E-3
74 7.009E-3
75 7.009E-3
76 7.009E-3
77 7.009E-3
78 7.009E-3
79 7.009E-3
80 7.009E-3
81 7.009E-3
82 7.009E-3
83 7.009E-3
84 7.009E-3
85 7.009E-3
86 7.009E-3
87 7.009E-3
88 7.009E-3
89 7.009E-3
90 7.009E-3
91 7.009E-3
92 7.009E-3
93 7.009E-3
94 7.009E-3
95 7.009E-3
96 7.009E-3
97 7.009E-3
98 7.009E-3
99 7.009E-3
100 7.009E-3
101 7.009E-3
102 7.009E-3
103 7.009E-3
104 7.009E-3
105 7.009E-3
106 7.009E-3
107 7.009E-3
108 7.009E-3
109 7.009E-3
110 7.009E-3
111 7.009E-3
112 7.009E-3
113 7.009E-3
114 7.009E-3
115 7.009E-3
116 7.009E-3
117 7.009E-3
118 7.009E-3
119 7.009E-3
120 7.009E-3
121 7.009E-3
122 7.009E-3
123 7.009E-3
124 7.009E-3
125 7.009E-3
126 7.009E-3
127 7.009E-3
128 7.009E-3
129 7.009E-3
130 7.009E-3
131 7.009E-3
132 7.009E-3
133 7.009E-3
134 7.009E-3
135 7.009E-3
136 7.009E-3
137 7.009E-3
138 7.009E-3
139 7.009E-3
140 7.009E-3
141 7.009E-3
142 7.009E-3
143 7.009E-3
144 7.009E-3
145 7.009E-3
146 7.009E-3
147 7.009E-3
148 7.009E-3
149 7.009E-3
150 7.009E-3
151 7.009E-3
152 7.009E-3
153 7.009E-3
154 7.009E-3
155 7.009E-3
156 7.009E-3
157 7.009E-3
158 7.009E-3
159 7.009E-3
160 7.009E-3
161 7.009E-3
162 7.009E-3
163 7.009E-3
164 7.009E-3
165 7.009E-3
166 7.009E-3
167 7.009E-3
168 7.009E-3
169 7.009E-3
170 7.009E-3
171 7.009E-3
172 7.009E-3
173 7.009E-3
174 7.009E-3
175 7.009E-3
176 7.009E-3
177 7.009E-3
178 7.009E-3
179 7.009E-3
180 7.009E-3
181 7.009E-3
182 7.009E-3
183 7.009E-3
184 7.009E-3
185 7.009E-3
186 7.009E-3
187 7.009E-3
188 7.009E-3
189 7.009E-3
190 7.009E-3
191 7.009E-3
192 7.009E-3
193 7.009E-3
194 7.009E-3
195 7.009E-3
196 7.009E-3
197 7.009E-3
198 7.009E-3
199 7.009E-3
200 7.009E-3
201 7.009E-3
202 7.009E-3
203 7.009E-3
204 7.009E-3
205 7.009E-3
206 7.009E-3
207 7.009E-3
208 7.009E-3
209 7.009E-3
210 7.009E-3
211 7.009E-3
212 7.009E-3
213 7.009E-3
214 7.009E-3
215 7.009E-3
216 7.009E-3
217 7.009E-3
218 7.009E-3
219 7.009E-3
220 7.009E-3
221 7.009E-3
222 7.009E-3
223 7.009E-3
224 7.009E-3
225 7.009E-3
226 7.009E-3
227 7.009E-3
228 7.009E-3
229 7.009E-3
230 7.009E-3
231 7.009E-3
232 7.009E-3
233 7.009E-3
234 7.009E-3
235 7.009E-3
236 7.009E-3
237 7.009E-3
238 7.009E-3
239 7.009E-3
240 7.009E-3
241 7.009E-3
242 7.009E-3
243 7.009E-3
244 7.009E-3
245 7.009E-3
246 7.009E-3
247 7.009E-3
248 7.009E-3
249 7.009E-3
250 7.009E-3
251 7.009E-3
252 7.009E-3
253 7.009E-3
254 7.009E-3
255 7.009E-3
256 7.009E-3
257 7.009E-3
258 7.009E-3
259 7.009E-3
260 7.009E-3
261 7.009E-3
262 7.009E-3
263 7.009E-3
264 7.009E-3
265 7.009E-3
266 7.009E-3
267 7.009E-3
268 7.009E-3
269 7.009E-3
270 7.03468E-3
271 9.95001E-3
272 1.49097E-2
273 1.9985E-2
274 2.51784E-2
275 3.04929E-2
276 3.59311E-2
277 4.1496E-2
278 4.70985E-2
279 4.93008E-2
280 4.97387E-2
281 5.01868E-2
282 5.06453E-2
283 5.11145E-2
284 5.15947E-2
285 5.20861E-2
286 5.25889E-2
287 5.31035E-2
288 5.363E-2
289 5.41686E-2
290 5.47198E-2
291 5.52842E-2
292 5.58616E-2
293 5.64523E-2
294 5.70566E-2
295 5.76748E-2
296 5.83078E-2
297 5.89557E-2
298 5.96186E-2
299 6.02969E-2
300 6.09906E-2
301 6.17015E-2
302 6.24279E-2
303 6.3171E-2
304 6.39322E-2
305 6.47111E-2
306 6.55081E-2
307 6.63237E-2
308 6.71577E-2
309 6.80126E-2
310 6.88863E-2
311 6.97797E-2
312 7.0694E-2
313 7.16301E-2
314 7.2588E-2
315 7.35694E-2
316 7.45726E-2
317 7.55992E-2
318 7.67461E-2
319 7.8876E-2
320 8.12941E-2
321 8.37684E-2
322 8.63018E-2
323 8.88938E-2
324 9.15461E-2
325 9.42602E-2
326 9.70376E-2
327 9.98795E-2
328 1.02788E-1
329 1.05763E-1
330 1.08808E-1
331 1.11924E-1
332 1.15113E-1
333 1.18376E-1
334 1.21714E-1
335 1.25131E-1
336 1.28628E-1
337 1.32206E-1
338 1.35866E-1
339 1.39612E-1
340 1.43413E-1
341 1.46244E-1
342 1.48633E-1
343 1.5108E-1
344 1.5358E-1
345 1.56141E-1
346 1.58761E-1
347 1.61442E-1
348 1.64188E-1
349 1.66994E-1
350 1.69868E-1
351 1.72807E-1
352 1.75816E-1
353 1.78893E-1
354 1.82045E-1
355 1.85268E-1
356 1.88566E-1
357 1.91942E-1
358 1.95397E-1
359 1.98931E-1
360 2.02549E-1
361 2.06248E-1
362 2.10041E-1
363 2.13914E-1
364 2.17879E-1
365 2.21937E-1
366 2.26088E-1
367 2.30345E-1
368 2.34693E-1
369 2.39138E-1
370 2.43678E-1
371 2.46763E-1
372 2.48845E-1
373 2.50969E-1
374 2.53144E-1
375 2.55373E-1
376 2.57653E-1
377 2.59991E-1
378 2.62379E-1
379 2.64823E-1
380 2.67323E-1
381 2.69882E-1
382 2.72503E-1
383 2.75179E-1
384 2.7792E-1
385 2.80726E-1
386 2.836E-1
387 2.86537E-1
388 2.89541E-1
389 2.92621E-1
390 2.95769E-1
391 2.9899E-1
392 3.02288E-1
393 3.05659E-1
394 3.09111E-1
395 3.12646E-1
396 3.16261E-1
397 3.19957E-1
398 3.2374E-1
399 3.27615E-1
400 3.31583E-1
401 3.34529E-1
402 3.36422E-1
403 3.38362E-1
404 3.40344E-1
405 3.42378E-1
406 3.44454E-1
407 3.46577E-1
408 3.48749E-1
409 3.50977E-1
410 3.53254E-1
411 3.55586E-1
412 3.57973E-1
413 3.60411E-1
414 3.62909E-1
415 3.65466E-1
416 3.68079E-1
417 3.7075E-1
418 3.7349E-1
419 3.76297E-1
420 3.79163E-1
421 3.821E-1
422 3.85103E-1
423 3.88174E-1
424 3.91317E-1
425 3.94537E-1
426 3.97815E-1
427 4.01186E-1
428 4.04636E-1
429 4.08165E-1
430 4.11767E-1
431 4.15481E-1
432 4.1925E-1
433 4.23105E-1
434 4.27086E-1
435 4.31142E-1
436 4.35272E-1
437 4.39501E-1
438 4.43836E-1
439 4.48292E-1
440 4.5284E-1
441 4.57489E-1
442 4.62252E-1
443 4.67133E-1
444 4.7212E-1
445 4.77189E-1
446 4.82447E-1
447 4.87732E-1
448 4.93216E-1
449 4.98801E-1
450 5.04518E-1
451 5.10407E-1
452 5.16378E-1
453 5.2252E-1
454 5.28764E-1
455 5.34921E-1
456 5.39902E-1
457 5.44895E-1
458 5.50006E-1
459 5.55254E-1
460 5.60598E-1
461 5.66011E-1
462 5.71604E-1
463 5.77373E-1
464 5.83307E-1
465 5.89309E-1
466 5.9532E-1
467 6.01587E-1
468 6.08089E-1
469 6.14716E-1
470 6.21476E-1
471 6.28238E-1
472 6.35272E-1
473 6.42475E-1
474 6.49989E-1
475 6.57302E-1
476 6.65213E-1
477 6.72993E-1
478 6.81106E-1
479 6.89582E-1
480 6.98102E-1
481 7.06427E-1
482 7.15496E-1
483 7.24464E-1
484 7.33898E-1
485 7.42725E-1
486 7.46464E-1
487 7.49752E-1
488 7.53322E-1
489 7.567E-1
490 7.60142E-1
491 7.64044E-1
492 7.67471E-1
493 7.71254E-1
494 7.75262E-1
495 7.79319E-1
496 7.83274E-1
497 7.87563E-1
498 7.91485E-1
499 7.96357E-1
500 8.00919E-1
