1 3.083400e-03
2 3.076990e-03
3 3.070430e-03
4 3.063720e-03
5 3.056850e-03
6 3.049820e-03
7 3.042620e-03
8 3.035260e-03
9 3.027730e-03
10 3.020020e-03
11 3.012130e-03
12 3.015570e-03
13 3.049920e-03
14 3.086740e-03
15 3.124430e-03
16 3.170610e-03
17 3.262130e-03
18 3.420800e-03
19 3.762360e-03
20 1.286270e-02
21 6.668100e-02
22 5.062180e-03
23 5.324450e-03
24 7.423510e-03
25 1.668460e-02
26 1.896650e+00
27 1.156680e+00
28 1.435830e-02
29 7.448050e-03
30 5.715020e-03
31 5.253070e-03
32 5.196240e-03
33 5.296850e-03
34 5.655210e-03
35 6.177370e-03
36 7.185520e-03
37 9.680350e-03
38 2.615970e-01
39 3.736380e-01
40 1.446220e-02
41 1.573030e-02
42 2.054730e-02
43 2.949270e-02
44 4.872030e-02
45 1.029870e-01
46 4.399940e-01
47 1.704570e+01
48 6.087690e+00
49 1.560530e+00
50 7.521540e-02
51 3.427820e-02
52 1.980940e-02
53 1.333910e-02
54 9.426990e-03
55 7.071410e-03
56 5.599410e-03
57 4.632100e-03
58 3.778420e-03
59 3.251540e-03
60 2.809530e-03
61 2.497670e-03
62 2.255470e-03
63 2.144060e-03
64 2.186860e-03
65 6.849620e-03
66 2.104820e-01
67 2.294020e-03
68 1.612070e-03
69 1.443030e-03
70 1.352350e-03
71 1.308800e-03
72 1.297960e-03
73 1.286880e-03
74 1.279220e-03
75 1.318370e-03
76 1.399730e-03
77 1.523540e-03
78 1.755710e-03
79 2.126560e-03
80 2.860650e-03
81 4.518950e-03
82 9.937000e-03
83 6.783800e-02
84 2.600680e+00
85 2.535870e-02
86 6.398560e-03
87 3.138250e-03
88 1.989470e-03
89 1.484750e-03
90 1.179120e-03
91 1.035770e-03
92 9.404880e-04
93 9.569400e-04
94 2.440720e-02
95 9.192180e-02
96 3.412810e-01
97 1.262020e-03
98 8.090550e-04
99 6.987840e-04
100 6.502890e-04
101 6.271010e-04
102 6.300760e-04
103 6.331200e-04
104 6.362350e-04
105 6.401290e-04
106 6.578380e-04
107 6.813670e-04
108 7.209120e-04
109 7.727330e-04
110 8.331620e-04
111 9.371440e-04
112 1.085050e-03
113 1.291110e-03
114 1.629530e-03
115 2.296180e-03
116 3.664830e-03
117 7.693680e-03
118 3.387050e-02
119 7.744190e-01
120 3.370930e-02
121 6.977590e-03
122 3.222570e-03
123 1.979480e-03
124 1.494110e-03
125 1.253140e-03
126 1.164970e-03
127 1.255490e-03
128 1.739010e-03
129 4.694720e-02
130 5.132020e-01
131 6.810970e-01
132 2.681800e-03
133 1.969430e-03
134 2.721310e-03
135 5.643520e-02
136 4.993140e-01
137 1.183620e-02
138 3.883270e-01
139 1.411910e-02
140 1.817200e-01
141 1.393680e-02
142 3.136170e-02
143 4.163080e-01
144 4.515360e-01
145 2.285120e-01
146 8.825950e-03
147 4.454980e-03
148 2.743590e-03
149 2.061500e-03
150 1.826690e-01
151 1.999380e-02
152 1.247200e-03
153 1.100280e-03
154 1.136900e-03
155 1.347070e-03
156 8.234270e-02
157 1.002850e-01
158 1.058850e-02
159 5.176360e-01
160 1.962780e-02
161 9.588600e-01
162 1.065770e+00
163 1.262690e-02
164 2.482020e-01
165 4.908350e-03
166 5.268150e-03
167 1.514270e-01
168 8.737590e-02
169 2.711140e-03
170 2.034450e-01
171 1.949250e-01
172 1.211470e-03
173 9.495230e-03
174 1.266750e-02
175 3.771120e-02
176 6.733600e-02
177 3.592190e-01
178 3.537100e-02
179 1.733800e-02
180 5.261910e-03
181 4.987550e-03
182 3.989500e-02
183 3.992800e-01
184 1.979580e-01
185 1.138230e-01
186 1.434380e-01
187 5.703340e-01
188 2.777170e-03
189 1.407250e-01
190 2.530600e-02
191 7.303170e-04
192 6.236720e-04
193 2.621290e-02
194 1.623360e-02
195 3.120790e-01
196 7.364050e-02
197 4.564840e-02
198 5.691510e-04
199 1.668880e-02
200 1.258910e-01
201 7.652350e-02
202 7.431380e-04
203 6.411550e-02
204 1.239650e-02
205 2.998380e-02
206 9.760000e-03
207 5.022230e-04
208 1.151340e-01
209 8.927570e-02
210 1.002080e-01
211 2.770040e-03
212 5.780360e-02
213 1.051400e-01
214 3.411900e-02
215 1.125290e-02
216 6.586380e-02
217 1.342820e-02
218 2.571140e-02
219 4.389890e-02
220 5.829180e-03
221 1.447110e-02
222 1.828390e-03
223 6.179720e-02
224 8.632930e-02
225 2.978740e-02
226 6.818770e-02
227 5.479330e-03
228 2.726320e-02
229 6.815130e-02
230 1.161220e-01
231 6.175290e-02
232 3.115450e-02
233 1.383430e-02
234 1.145740e-02
235 3.944660e-02
236 1.512340e-02
237 7.681840e-03
238 2.309710e-02
239 2.751170e-02
240 1.172100e-02
241 9.625070e-03
242 3.241720e-02
243 9.701440e-02
244 3.014470e-02
245 2.972590e-02
246 4.179260e-02
247 1.379850e-02
248 2.002850e-02
249 2.927270e-02
250 2.290280e-02
251 7.963180e-03
252 2.937310e-02
253 7.056720e-03
254 7.174010e-03
255 6.230200e-02
256 2.980720e-02
257 1.196990e-02
258 1.656610e-02
259 1.354320e-02
260 5.223340e-02
261 1.893500e-02
262 1.474590e-01
263 3.006240e-02
264 1.696930e-02
265 2.068450e-02
266 3.338190e-02
267 1.496360e-02
268 2.216350e-02
269 9.463360e-03
270 2.302670e-02
271 6.840340e-03
272 9.293700e-03
273 1.394210e-02
274 2.361500e-02
275 1.645620e-02
276 1.982270e-02
277 2.117520e-02
278 1.029270e-02
279 1.426390e-02
280 2.365530e-02
281 1.528960e-02
282 3.415580e-02
283 1.096950e-02
284 3.107230e-02
285 1.029790e-02
286 1.647030e-02
287 1.717480e-02
288 1.802080e-02
289 1.570210e-02
290 1.253100e-02
291 1.821470e-02
292 2.556980e-02
293 1.594940e-02
294 1.377100e-02
295 1.201960e-02
296 1.713870e-02
297 1.563640e-02
298 1.675240e-02
299 2.771690e-02
300 1.944350e-02
301 1.683880e-02
302 1.790610e-02
303 2.645850e-02
304 2.098130e-02
305 2.497770e-02
306 1.713300e-02
307 1.110990e-02
308 1.606500e-02
309 2.086300e-02
310 1.399150e-02
311 2.512700e-02
312 1.999880e-02
313 1.702630e-02
314 1.070240e-02
315 1.336160e-02
316 1.252840e-02
317 1.412430e-02
318 1.500860e-02
319 1.124790e-02
320 1.463020e-02
321 2.151390e-02
322 1.479510e-02
323 1.861550e-02
324 1.315240e-02
325 1.404190e-02
326 1.395080e-02
327 1.385760e-02
328 1.376220e-02
329 1.366470e-02
330 1.356480e-02
331 1.347320e-02
332 1.339530e-02
333 1.331560e-02
334 1.323420e-02
335 1.315080e-02
336 1.306550e-02
337 1.297820e-02
338 1.288890e-02
339 1.279740e-02
340 1.270400e-02
341 1.261250e-02
342 1.252090e-02
343 1.242710e-02
344 1.233110e-02
345 1.223290e-02
346 1.213240e-02
347 1.202950e-02
348 1.192650e-02
349 1.185900e-02
350 1.180380e-02
351 1.174720e-02
352 1.168940e-02
353 1.163020e-02
354 1.156960e-02
355 1.150760e-02
356 1.144410e-02
357 1.137920e-02
358 1.131280e-02
359 1.124460e-02
360 1.116840e-02
361 1.109130e-02
362 1.102100e-02
363 1.094930e-02
364 1.087590e-02
365 1.080090e-02
366 1.072400e-02
367 1.064540e-02
368 1.056490e-02
369 1.048260e-02
370 1.039870e-02
371 1.035080e-02
372 1.032770e-02
373 1.030420e-02
374 1.028000e-02
375 1.025540e-02
376 1.023010e-02
377 1.020430e-02
378 1.017780e-02
379 1.015080e-02
380 1.012310e-02
381 1.009480e-02
382 1.006580e-02
383 1.003610e-02
384 1.000570e-02
385 9.975160e-03
386 9.947100e-03
387 9.918950e-03
388 9.890320e-03
389 9.862240e-03
390 9.834460e-03
391 9.807900e-03
392 9.785820e-03
393 9.763570e-03
394 9.740800e-03
395 9.717500e-03
396 9.718630e-03
397 9.820960e-03
398 9.598780e-03
399 8.871600e-03
400 8.057850e-03
401 7.658610e-03
402 7.687670e-03
403 7.717390e-03
404 7.747820e-03
405 7.778950e-03
406 7.810800e-03
407 7.843390e-03
408 7.876740e-03
409 7.908870e-03
410 7.942160e-03
411 8.057660e-03
412 8.203670e-03
413 8.352220e-03
414 8.503680e-03
415 8.658060e-03
416 8.811390e-03
417 8.967350e-03
418 8.992640e-03
419 8.997820e-03
420 9.032660e-03
421 9.068280e-03
422 9.104750e-03
423 9.140760e-03
424 9.155040e-03
425 9.209430e-03
426 9.386330e-03
427 9.551610e-03
428 9.695130e-03
429 9.771820e-03
430 9.825260e-03
431 9.982800e-03
432 1.029750e-02
433 1.055930e-02
434 1.077400e-02
435 1.080380e-02
436 1.042730e-02
437 9.998290e-03
438 9.548210e-03
439 9.047710e-03
440 8.611300e-03
441 8.259690e-03
442 7.962790e-03
443 7.682500e-03
444 7.419420e-03
445 7.117100e-03
446 6.867510e-03
447 6.639880e-03
448 6.409120e-03
449 6.262790e-03
450 6.098890e-03
451 5.878310e-03
452 5.664050e-03
453 5.460980e-03
454 5.277570e-03
455 5.110120e-03
456 4.981430e-03
457 4.887980e-03
458 4.826790e-03
459 4.766640e-03
460 4.691200e-03
461 4.598250e-03
462 4.494050e-03
463 4.402730e-03
464 4.305130e-03
465 4.118640e-03
466 3.919140e-03
467 3.730960e-03
468 3.551300e-03
469 3.381220e-03
470 3.218420e-03
471 3.032120e-03
472 2.832620e-03
473 2.644050e-03
474 2.470380e-03
475 2.302910e-03
476 2.150300e-03
477 2.007340e-03
478 1.873910e-03
479 1.734780e-03
480 1.598620e-03
481 1.473330e-03
482 1.358060e-03
483 1.252910e-03
484 1.155760e-03
485 1.066210e-03
486 9.833340e-04
487 9.077820e-04
488 8.400720e-04
489 7.829670e-04
490 7.303370e-04
491 6.854860e-04
492 6.559610e-04
493 6.309150e-04
494 6.153990e-04
495 6.062060e-04
496 6.021980e-04
497 6.144190e-04
498 6.356780e-04
499 6.642740e-04
500 6.986200e-04
