1 7.370600e-03
2 7.370600e-03
3 7.370600e-03
4 7.370600e-03
5 7.370600e-03
6 7.370600e-03
7 7.370600e-03
8 7.370600e-03
9 7.370600e-03
10 7.370600e-03
11 7.370600e-03
12 7.370600e-03
13 7.370600e-03
14 7.370600e-03
15 7.370600e-03
16 7.370600e-03
17 7.370600e-03
18 7.370600e-03
19 7.370600e-03
20 7.370600e-03
21 7.370600e-03
22 7.370600e-03
23 7.370600e-03
24 7.370600e-03
25 7.370600e-03
26 7.370600e-03
27 7.370600e-03
28 7.370600e-03
29 7.370600e-03
30 7.370600e-03
31 7.370600e-03
32 7.370600e-03
33 7.370600e-03
34 7.370600e-03
35 7.370600e-03
36 7.370600e-03
37 7.370600e-03
38 7.370600e-03
39 7.370600e-03
40 7.370600e-03
41 7.370600e-03
42 7.370600e-03
43 7.370600e-03
44 7.370600e-03
45 7.370600e-03
46 7.370600e-03
47 7.370600e-03
48 7.370600e-03
49 7.370600e-03
50 7.370600e-03
51 7.370600e-03
52 7.370600e-03
53 7.370600e-03
54 7.370600e-03
55 7.370600e-03
56 7.370600e-03
57 7.370600e-03
58 7.370600e-03
59 7.370600e-03
60 7.370600e-03
61 7.370600e-03
62 7.370600e-03
63 7.370600e-03
64 7.370600e-03
65 7.370600e-03
66 7.370600e-03
67 7.370600e-03
68 7.370600e-03
69 7.370600e-03
70 7.370600e-03
71 7.370600e-03
72 7.370600e-03
73 7.370600e-03
74 7.370600e-03
75 7.370600e-03
76 7.370600e-03
77 7.370600e-03
78 7.370600e-03
79 7.370600e-03
80 7.370600e-03
81 7.370600e-03
82 7.370600e-03
83 7.370600e-03
84 7.370600e-03
85 7.370600e-03
86 7.370600e-03
87 7.370600e-03
88 7.370600e-03
89 7.370600e-03
90 7.370600e-03
91 7.370600e-03
92 7.370600e-03
93 7.370600e-03
94 7.370600e-03
95 7.370600e-03
96 7.370600e-03
97 7.370600e-03
98 7.370600e-03
99 7.370600e-03
100 7.370600e-03
101 7.370600e-03
102 7.370600e-03
103 7.370600e-03
104 7.370600e-03
105 7.370600e-03
106 7.370600e-03
107 7.370600e-03
108 7.370600e-03
109 7.370600e-03
110 7.370600e-03
111 7.370600e-03
112 7.370600e-03
113 7.370600e-03
114 7.370600e-03
115 7.370600e-03
116 7.370600e-03
117 7.370600e-03
118 7.370600e-03
119 7.370600e-03
120 7.370600e-03
121 7.370600e-03
122 7.370600e-03
123 7.370600e-03
124 7.370600e-03
125 7.370600e-03
126 7.370600e-03
127 7.370600e-03
128 7.370600e-03
129 7.370600e-03
130 7.370600e-03
131 7.370600e-03
132 7.370600e-03
133 7.370600e-03
134 7.370600e-03
135 7.370600e-03
136 7.370600e-03
137 7.370600e-03
138 7.370600e-03
139 7.370600e-03
140 7.370600e-03
141 7.370600e-03
142 7.370600e-03
143 7.370600e-03
144 7.370600e-03
145 7.370600e-03
146 7.370600e-03
147 7.370600e-03
148 7.370600e-03
149 7.370600e-03
150 7.370600e-03
151 7.370600e-03
152 7.370600e-03
153 7.370600e-03
154 7.370600e-03
155 7.370600e-03
156 7.370600e-03
157 7.370600e-03
158 7.370600e-03
159 7.370600e-03
160 7.370600e-03
161 7.370600e-03
162 7.370600e-03
163 7.370600e-03
164 7.370600e-03
165 7.370600e-03
166 7.370600e-03
167 7.370600e-03
168 7.370600e-03
169 7.370600e-03
170 7.370600e-03
171 7.370600e-03
172 7.370600e-03
173 7.370600e-03
174 7.370600e-03
175 7.370600e-03
176 7.370600e-03
177 7.370600e-03
178 7.370600e-03
179 7.370600e-03
180 7.370600e-03
181 7.370600e-03
182 7.370600e-03
183 7.370600e-03
184 7.370600e-03
185 7.370600e-03
186 7.370600e-03
187 7.370600e-03
188 7.370600e-03
189 7.370600e-03
190 7.370600e-03
191 7.370600e-03
192 7.370600e-03
193 7.370600e-03
194 7.370600e-03
195 7.370600e-03
196 7.370600e-03
197 7.370600e-03
198 7.370600e-03
199 7.370600e-03
200 7.370600e-03
201 7.370600e-03
202 7.370600e-03
203 7.370600e-03
204 7.370600e-03
205 7.370600e-03
206 7.370600e-03
207 7.370600e-03
208 7.370600e-03
209 7.370600e-03
210 7.370600e-03
211 7.370600e-03
212 7.370600e-03
213 7.370600e-03
214 7.370600e-03
215 7.370600e-03
216 7.370600e-03
217 7.370600e-03
218 7.370600e-03
219 7.370600e-03
220 7.370600e-03
221 7.370600e-03
222 7.370600e-03
223 7.370600e-03
224 7.370600e-03
225 7.370600e-03
226 7.370600e-03
227 7.370600e-03
228 7.370600e-03
229 7.370600e-03
230 7.370600e-03
231 7.370600e-03
232 7.370600e-03
233 7.370600e-03
234 7.370600e-03
235 7.370600e-03
236 7.370600e-03
237 7.370600e-03
238 7.370600e-03
239 7.370600e-03
240 7.370600e-03
241 7.370600e-03
242 7.370600e-03
243 7.370600e-03
244 7.370600e-03
245 7.370600e-03
246 7.370600e-03
247 7.370600e-03
248 7.409850e-03
249 8.356290e-03
250 9.551570e-03
251 1.068530e-02
252 1.190490e-02
253 1.318780e-02
254 1.449090e-02
255 1.591880e-02
256 1.713240e-02
257 1.856260e-02
258 2.011220e-02
259 2.150600e-02
260 2.303290e-02
261 2.453620e-02
262 2.623820e-02
263 2.786750e-02
264 2.925620e-02
265 3.097500e-02
266 3.253180e-02
267 3.453660e-02
268 3.612340e-02
269 3.806840e-02
270 3.997620e-02
271 4.133320e-02
272 4.231580e-02
273 4.333470e-02
274 4.436480e-02
275 4.545450e-02
276 4.641230e-02
277 4.770240e-02
278 4.872610e-02
279 4.990430e-02
280 5.110180e-02
281 5.227290e-02
282 5.348400e-02
283 5.483270e-02
284 5.613760e-02
285 5.744190e-02
286 5.884890e-02
287 6.018340e-02
288 6.160860e-02
289 6.309740e-02
290 6.459940e-02
291 6.614530e-02
292 6.770630e-02
293 6.933210e-02
294 7.102390e-02
295 7.267300e-02
296 7.444540e-02
297 7.621450e-02
298 7.805910e-02
299 7.989850e-02
300 8.180340e-02
301 8.371550e-02
302 8.572550e-02
303 8.741080e-02
304 8.967070e-02
305 9.167070e-02
306 9.383420e-02
307 9.589960e-02
308 9.811650e-02
309 1.003780e-01
310 1.026720e-01
311 1.049940e-01
312 1.076330e-01
313 1.100140e-01
314 1.124360e-01
315 1.150260e-01
316 1.177280e-01
317 1.203140e-01
318 1.231810e-01
319 1.258540e-01
320 1.283400e-01
321 1.312360e-01
322 1.340870e-01
323 1.366990e-01
324 1.398980e-01
325 1.428690e-01
326 1.459480e-01
327 1.490990e-01
328 1.523230e-01
329 1.556220e-01
330 1.589990e-01
331 1.622990e-01
332 1.654490e-01
333 1.686690e-01
334 1.719650e-01
335 1.753370e-01
336 1.787880e-01
337 1.823190e-01
338 1.859330e-01
339 1.896310e-01
340 1.934040e-01
341 1.969490e-01
342 2.004240e-01
343 2.039800e-01
344 2.076190e-01
345 2.113420e-01
346 2.151520e-01
347 2.190510e-01
348 2.229920e-01
349 2.261780e-01
350 2.291320e-01
351 2.321540e-01
352 2.352470e-01
353 2.384120e-01
354 2.416510e-01
355 2.449650e-01
356 2.483560e-01
357 2.518270e-01
358 2.553780e-01
359 2.590120e-01
360 2.627300e-01
361 2.665350e-01
362 2.704290e-01
363 2.744130e-01
364 2.784900e-01
365 2.826620e-01
366 2.869320e-01
367 2.913010e-01
368 2.957710e-01
369 3.003460e-01
370 3.050150e-01
371 3.084700e-01
372 3.111000e-01
373 3.137900e-01
374 3.165440e-01
375 3.193610e-01
376 3.222440e-01
377 3.251940e-01
378 3.282130e-01
379 3.313020e-01
380 3.344630e-01
381 3.376980e-01
382 3.410080e-01
383 3.443960e-01
384 3.478620e-01
385 3.512260e-01
386 3.535190e-01
387 3.556640e-01
388 3.578590e-01
389 3.601050e-01
390 3.624040e-01
391 3.645550e-01
392 3.661490e-01
393 3.677380e-01
394 3.693650e-01
395 3.710290e-01
396 3.726200e-01
397 3.737650e-01
398 3.756650e-01
399 3.786070e-01
400 3.817520e-01
401 3.838250e-01
402 3.847820e-01
403 3.857620e-01
404 3.867630e-01
405 3.877890e-01
406 3.888380e-01
407 3.899120e-01
408 3.910110e-01
409 3.921310e-01
410 3.931600e-01
411 3.929850e-01
412 3.923920e-01
413 3.918060e-01
414 3.912180e-01
415 3.906200e-01
416 3.900330e-01
417 3.894370e-01
418 3.888890e-01
419 3.879230e-01
420 3.867750e-01
421 3.856010e-01
422 3.844320e-01
423 3.832480e-01
424 3.820710e-01
425 3.806560e-01
426 3.792770e-01
427 3.786650e-01
428 3.781170e-01
429 3.778740e-01
430 3.777430e-01
431 3.770260e-01
432 3.754380e-01
433 3.737800e-01
434 3.721060e-01
435 3.715930e-01
436 3.760510e-01
437 3.812330e-01
438 3.845990e-01
439 3.858960e-01
440 3.871250e-01
441 3.881840e-01
442 3.891400e-01
443 3.900270e-01
444 3.908270e-01
445 3.921130e-01
446 3.945510e-01
447 3.973080e-01
448 4.002980e-01
449 4.028550e-01
450 4.056210e-01
451 4.097230e-01
452 4.140120e-01
453 4.187060e-01
454 4.250400e-01
455 4.313720e-01
456 4.369650e-01
457 4.422460e-01
458 4.472650e-01
459 4.524030e-01
460 4.585040e-01
461 4.653960e-01
462 4.723460e-01
463 4.795780e-01
464 4.873820e-01
465 4.964750e-01
466 5.059740e-01
467 5.156910e-01
468 5.256340e-01
469 5.358090e-01
470 5.462160e-01
471 5.562870e-01
472 5.661980e-01
473 5.763390e-01
474 5.867160e-01
475 5.973350e-01
476 6.082020e-01
477 6.193210e-01
478 6.306650e-01
479 6.409420e-01
480 6.507750e-01
481 6.608370e-01
482 6.711330e-01
483 6.816700e-01
484 6.924510e-01
485 7.031250e-01
486 7.117960e-01
487 7.202780e-01
488 7.289560e-01
489 7.378350e-01
490 7.469260e-01
491 7.554880e-01
492 7.620290e-01
493 7.685670e-01
494 7.752630e-01
495 7.821090e-01
496 7.887220e-01
497 7.936900e-01
498 7.985550e-01
499 8.035310e-01
500 8.086250e-01
