1 1.93114E1
2 1.72298E1
3 1.53477E1
4 1.36721E1
5 1.21927E1
6 1.08671E1
7 9.685E0
8 8.62879E0
9 7.69304E0
10 6.85516E0
11 6.10842E0
12 5.44594E0
13 4.85305E0
14 4.32609E0
15 3.85505E0
16 3.43652E0
17 3.06294E0
18 2.72907E0
19 2.43307E0
20 2.16799E0
21 1.93195E0
22 1.72237E0
23 1.5347E0
24 1.36771E0
25 1.21915E0
26 1.08655E0
27 9.68546E-1
28 8.63298E-1
29 7.69142E-1
30 6.85581E-1
31 6.10977E-1
32 5.44472E-1
33 4.85272E-1
34 4.32443E-1
35 3.85513E-1
36 3.43487E-1
37 3.06162E-1
38 2.72968E-1
39 2.43718E-1
40 2.17042E-1
