1 1.58058E1
2 1.448E1
3 1.3319E1
4 1.23256E1
5 1.1489E1
6 1.07807E1
7 1.01896E1
8 9.70016E0
9 9.3031E0
10 8.97969E0
11 8.71993E0
12 8.51354E0
13 8.34821E0
14 8.21726E0
15 8.11282E0
16 8.0302E0
17 7.96446E0
18 7.91206E0
19 7.87073E0
20 7.83769E0
21 7.81149E0
22 7.79075E0
23 7.7734E0
24 7.75123E0
25 7.70414E0
26 7.63722E0
27 7.57376E0
28 7.51822E0
29 7.46957E0
30 7.42728E0
31 7.39026E0
32 7.35789E0
33 7.32961E0
34 7.30481E0
35 7.28317E0
36 7.26412E0
37 7.24746E0
38 7.23288E0
39 7.22025E0
40 7.20888E0
