1 1 5.13995E-1
1 2 1.90777E-1
1 3 2.53656E-1
1 4 3.05601E-1
1 5 3.84676E-1
1 6 4.77692E-1
1 7 5.88235E-1
1 8 7.24109E-1
1 9 8.79826E-1
1 10 1.06876E0
1 11 1.27835E0
1 12 1.51114E0
1 13 1.75621E0
1 14 2.00499E0
1 15 2.22469E0
1 16 2.39575E0
1 17 2.47517E0
1 18 2.42993E0
1 19 2.2362E0
1 20 1.90128E0
1 21 1.46031E0
1 22 9.89011E-1
1 23 5.71575E-1
1 24 2.70963E-1
1 25 1.00347E-1
1 26 2.73026E-2
1 27 5.0621E-3
1 28 5.82603E-4
1 29 3.78712E-5
1 30 1.51903E-6
1 31 0E0
1 32 0E0
1 33 0E0
1 34 0E0
1 35 0E0
1 36 0E0
1 37 0E0
1 38 0E0
1 39 0E0
1 40 0E0
2 1 4.11392E-1
2 2 1.6379E-1
2 3 2.24426E-1
2 4 2.74115E-1
2 5 3.45379E-1
2 6 4.28918E-1
2 7 5.28218E-1
2 8 6.50284E-1
2 9 7.90225E-1
2 10 9.60079E-1
2 11 1.14855E0
2 12 1.35808E0
2 13 1.57879E0
2 14 1.80314E0
2 15 2.00166E0
2 16 2.15676E0
2 17 2.23005E0
2 18 2.19139E0
2 19 2.01905E0
2 20 1.71927E0
2 21 1.32287E0
2 22 8.98011E-1
2 23 5.20473E-1
2 24 2.4761E-1
2 25 9.20977E-2
2 26 2.51923E-2
2 27 4.70143E-3
2 28 5.45372E-4
2 29 3.57808E-5
2 30 1.44915E-6
2 31 0E0
2 32 0E0
2 33 0E0
2 34 0E0
2 35 0E0
2 36 0E0
2 37 0E0
2 38 0E0
2 39 0E0
2 40 0E0
3 1 3.24646E-1
3 2 1.35436E-1
3 3 1.92765E-1
3 4 2.43372E-1
3 5 3.09992E-1
3 6 3.85157E-1
3 7 4.74369E-1
3 8 5.84064E-1
3 9 7.09859E-1
3 10 8.62607E-1
3 11 1.0322E0
3 12 1.22088E0
3 13 1.41985E0
3 14 1.62241E0
3 15 1.80207E0
3 16 1.94311E0
3 17 2.01111E0
3 18 1.97859E0
3 19 1.82568E0
3 20 1.55753E0
3 21 1.20117E0
3 22 8.17724E-1
3 23 4.75632E-1
3 24 2.27272E-1
3 25 8.49894E-2
3 26 2.34017E-2
3 27 4.40243E-3
3 28 5.15645E-4
3 29 3.4535E-5
3 30 1.41648E-6
3 31 0E0
3 32 0E0
3 33 0E0
3 34 0E0
3 35 0E0
3 36 0E0
3 37 0E0
3 38 0E0
3 39 0E0
3 40 0E0
4 1 2.50857E-1
4 2 1.07354E-1
4 3 1.58785E-1
4 4 2.09808E-1
4 5 2.76603E-1
4 6 3.46498E-1
4 7 4.26887E-1
4 8 5.25679E-1
4 9 6.39018E-1
4 10 7.76709E-1
4 11 9.2972E-1
4 12 1.10005E0
4 13 1.27999E0
4 14 1.46348E0
4 15 1.62669E0
4 16 1.75567E0
4 17 1.81924E0
4 18 1.79246E0
4 19 1.65698E0
4 20 1.41681E0
4 21 1.09586E0
4 22 7.48622E-1
4 23 4.37356E-1
4 24 2.10111E-1
4 25 7.90903E-2
4 26 2.19528E-2
4 27 4.17E-3
4 28 4.94122E-4
4 29 3.4264E-5
4 30 1.42987E-6
4 31 0E0
4 32 0E0
4 33 0E0
4 34 0E0
4 35 0E0
4 36 0E0
4 37 0E0
4 38 0E0
4 39 0E0
4 40 0E0
5 1 1.99766E-1
5 2 8.46163E-2
5 3 1.26323E-1
5 4 1.72822E-1
5 5 2.39628E-1
5 6 3.11028E-1
5 7 3.85394E-1
5 8 4.74745E-1
5 9 5.77239E-1
5 10 7.01793E-1
5 11 8.40393E-1
5 12 9.94832E-1
5 13 1.15825E0
5 14 1.32527E0
5 15 1.47438E0
5 16 1.59309E0
5 17 1.65312E0
5 18 1.63175E0
5 19 1.51182E0
5 20 1.29629E0
5 21 1.00616E0
5 22 6.9027E-1
5 23 4.05407E-1
5 24 1.96028E-1
5 25 7.43719E-2
5 26 2.08411E-2
5 27 4.00433E-3
5 28 4.81009E-4
5 29 3.43064E-5
5 30 1.45874E-6
5 31 0E0
5 32 0E0
5 33 0E0
5 34 0E0
5 35 0E0
5 36 0E0
5 37 0E0
5 38 0E0
5 39 0E0
5 40 0E0
6 1 1.56279E-1
6 2 6.58838E-2
6 3 9.85549E-2
6 4 1.36266E-1
6 5 1.96328E-1
6 6 2.7055E-1
6 7 3.47453E-1
6 8 4.29811E-1
6 9 5.22795E-1
6 10 6.35793E-1
6 11 7.6175E-1
6 12 9.02277E-1
6 13 1.05123E0
6 14 1.20392E0
6 15 1.3409E0
6 16 1.45087E0
6 17 1.50818E0
6 18 1.49203E0
6 19 1.3862E0
6 20 1.19267E0
6 21 9.29655E-1
6 22 6.41142E-1
6 23 3.78989E-1
6 24 1.84702E-1
6 25 7.07458E-2
6 26 2.00543E-2
6 27 3.90638E-3
6 28 4.7696E-4
6 29 3.45664E-5
6 30 1.49726E-6
6 31 0E0
6 32 0E0
6 33 0E0
6 34 0E0
6 35 0E0
6 36 0E0
6 37 0E0
6 38 0E0
6 39 0E0
6 40 0E0
7 1 1.17903E-1
7 2 4.95926E-2
7 3 7.50904E-2
7 4 1.04861E-1
7 5 1.53028E-1
7 6 2.20193E-1
7 7 3.03853E-1
7 8 3.89613E-1
7 9 4.75278E-1
7 10 5.78304E-1
7 11 6.93174E-1
7 12 8.2167E-1
7 13 9.58164E-1
7 14 1.09856E0
7 15 1.22525E0
7 16 1.32797E0
7 17 1.38336E0
7 18 1.37226E0
7 19 1.27918E0
7 20 1.10518E0
7 21 8.65851E-1
7 22 6.00923E-1
7 23 3.57963E-1
7 24 1.76109E-1
7 25 6.8226E-2
7 26 1.9606E-2
7 27 3.88161E-3
7 28 4.83151E-4
7 29 3.49274E-5
7 30 1.53835E-6
7 31 0E0
7 32 0E0
7 33 0E0
7 34 0E0
7 35 0E0
7 36 0E0
7 37 0E0
7 38 0E0
7 39 0E0
7 40 0E0
8 1 9.01342E-2
8 2 3.79442E-2
8 3 5.75138E-2
8 4 8.05548E-2
8 5 1.17866E-1
8 6 1.70716E-1
8 7 2.45727E-1
8 8 3.4238E-1
8 9 4.33243E-1
8 10 5.2829E-1
8 11 6.33606E-1
8 12 7.51737E-1
8 13 8.77574E-1
8 14 1.00749E0
8 15 1.12558E0
8 16 1.22245E0
8 17 1.27674E0
8 18 1.27063E0
8 19 1.18922E0
8 20 1.0326E0
8 21 8.13978E-1
8 22 5.69214E-1
8 23 3.42205E-1
8 24 1.70253E-1
8 25 6.68511E-2
8 26 1.95217E-2
8 27 3.93909E-3
8 28 5.01402E-4
8 29 3.66336E-5
8 30 1.64564E-6
8 31 0E0
8 32 0E0
8 33 0E0
8 34 0E0
8 35 0E0
8 36 0E0
8 37 0E0
8 38 0E0
8 39 0E0
8 40 0E0
9 1 7.16906E-2
9 2 2.95562E-2
9 3 4.40527E-2
9 4 6.1283E-2
9 5 9.00706E-2
9 6 1.31068E-1
9 7 1.89682E-1
9 8 2.75782E-1
9 9 3.83335E-1
9 10 4.8487E-1
9 11 5.82584E-1
9 12 6.9189E-1
9 13 8.08811E-1
9 14 9.30074E-1
9 15 1.04121E0
9 16 1.13368E0
9 17 1.1877E0
9 18 1.18675E0
9 19 1.11615E0
9 20 9.75013E-1
9 21 7.74267E-1
9 22 5.46334E-1
9 23 3.32064E-1
9 24 1.67403E-1
9 25 6.67725E-2
9 26 1.98644E-2
9 27 4.09644E-3
9 28 5.34778E-4
9 29 4.01716E-5
9 30 1.85355E-6
9 31 0E0
9 32 0E0
9 33 0E0
9 34 0E0
9 35 0E0
9 36 0E0
9 37 0E0
9 38 0E0
9 39 0E0
9 40 0E0
10 1 5.41083E-2
10 2 2.22946E-2
10 3 3.33874E-2
10 4 4.65627E-2
10 5 6.84101E-2
10 6 9.97191E-2
10 7 1.44626E-1
10 8 2.11035E-1
10 9 3.06498E-1
10 10 4.3176E-1
10 11 5.38793E-1
10 12 6.40969E-1
10 13 7.50378E-1
10 14 8.64688E-1
10 15 9.70361E-1
10 16 1.05972E0
10 17 1.11432E0
10 18 1.11866E0
10 19 1.0582E0
10 20 9.30958E-1
10 21 7.45756E-1
10 22 5.31782E-1
10 23 3.27375E-1
10 24 1.67594E-1
10 25 6.808E-2
10 26 2.06935E-2
10 27 4.3761E-3
10 28 5.88182E-4
10 29 4.56426E-5
10 30 2.17071E-6
10 31 0E0
10 32 0E0
10 33 0E0
10 34 0E0
10 35 0E0
10 36 0E0
10 37 0E0
10 38 0E0
10 39 0E0
10 40 0E0
11 1 3.981E-2
11 2 1.64138E-2
11 3 2.45361E-2
11 4 3.41602E-2
11 5 5.02657E-2
11 6 7.38356E-2
11 7 1.08029E-1
11 8 1.58613E-1
11 9 2.31733E-1
11 10 3.42343E-1
11 11 4.83505E-1
11 12 5.98656E-1
11 13 7.02283E-1
11 14 8.11086E-1
11 15 9.12848E-1
11 16 1.00044E0
11 17 1.05649E0
11 18 1.06639E0
11 19 1.01554E0
11 20 9.00807E-1
11 21 7.28899E-1
11 22 5.26138E-1
11 23 3.28709E-1
11 24 1.71283E-1
11 25 7.10593E-2
11 26 2.2142E-2
11 27 4.82065E-3
11 28 6.70248E-4
11 29 5.3882E-5
11 30 2.66246E-6
11 31 0E0
11 32 0E0
11 33 0E0
11 34 0E0
11 35 0E0
11 36 0E0
11 37 0E0
11 38 0E0
11 39 0E0
11 40 0E0
12 1 3.07862E-2
12 2 1.26705E-2
12 3 1.88572E-2
12 4 2.60524E-2
12 5 3.78792E-2
12 6 5.47617E-2
12 7 7.97301E-2
12 8 1.17816E-1
12 9 1.73124E-1
12 10 2.56875E-1
12 11 3.80877E-1
12 12 5.41787E-1
12 13 6.62896E-1
12 14 7.67713E-1
12 15 8.66969E-1
12 16 9.54221E-1
12 17 1.01294E0
12 18 1.02897E0
12 19 9.87752E-1
12 20 8.84715E-1
12 21 7.2438E-1
12 22 5.30397E-1
12 23 3.37064E-1
12 24 1.79242E-1
12 25 7.6163E-2
12 26 2.4403E-2
12 27 5.48684E-3
12 28 7.91544E-4
12 29 6.59538E-5
12 30 3.39529E-6
12 31 0E0
12 32 0E0
12 33 0E0
12 34 0E0
12 35 0E0
12 36 0E0
12 37 0E0
12 38 0E0
12 39 0E0
12 40 0E0
13 1 2.10803E-2
13 2 8.69823E-3
13 3 1.29618E-2
13 4 1.79132E-2
13 5 2.61048E-2
13 6 3.80841E-2
13 7 5.59637E-2
13 8 8.35419E-2
13 9 1.24704E-1
13 10 1.87411E-1
13 11 2.80542E-1
13 12 4.22248E-1
13 13 6.06457E-1
13 14 7.35655E-1
13 15 8.33915E-1
13 16 9.22121E-1
13 17 9.8453E-1
13 18 1.00715E0
13 19 9.75357E-1
13 20 8.83046E-1
13 21 7.32544E-1
13 22 5.44969E-1
13 23 3.52998E-1
13 24 1.92059E-1
13 25 8.38654E-2
13 26 2.77489E-2
13 27 6.47934E-3
13 28 9.76965E-4
13 29 8.55023E-5
13 30 4.61529E-6
13 31 0E0
13 32 0E0
13 33 0E0
13 34 0E0
13 35 0E0
13 36 0E0
13 37 0E0
13 38 0E0
13 39 0E0
13 40 0E0
14 1 1.64943E-2
14 2 6.79792E-3
14 3 1.0123E-2
14 4 1.39807E-2
14 5 2.03078E-2
14 6 2.93719E-2
14 7 4.25836E-2
14 8 6.24022E-2
14 9 9.14713E-2
14 10 1.36925E-1
14 11 2.05086E-1
14 12 3.08951E-1
14 13 4.68399E-1
14 14 6.7829E-1
14 15 8.08919E-1
14 16 8.99668E-1
14 17 9.67463E-1
14 18 9.98297E-1
14 19 9.77178E-1
14 20 8.96266E-1
14 21 7.55256E-1
14 22 5.72492E-1
14 23 3.79164E-1
14 24 2.11741E-1
14 25 9.53167E-2
14 26 3.26598E-2
14 27 7.93587E-3
14 28 1.25159E-3
14 29 1.15046E-4
14 30 6.4638E-6
14 31 0E0
14 32 0E0
14 33 0E0
14 34 0E0
14 35 0E0
14 36 0E0
14 37 0E0
14 38 0E0
14 39 0E0
14 40 0E0
15 1 1.16156E-2
15 2 4.79392E-3
15 3 7.14413E-3
15 4 9.87392E-3
15 5 1.43538E-2
15 6 2.07595E-2
15 7 3.00657E-2
15 8 4.41556E-2
15 9 6.5118E-2
15 10 9.76483E-2
15 11 1.46498E-1
15 12 2.21339E-1
15 13 3.36869E-1
15 14 5.18996E-1
15 15 7.56261E-1
15 16 8.90206E-1
15 17 9.6481E-1
15 18 1.00522E0
15 19 9.95499E-1
15 20 9.26253E-1
15 21 7.94135E-1
15 22 6.14579E-1
15 23 4.17228E-1
15 24 2.39874E-1
15 25 1.11738E-1
15 26 3.98388E-2
15 27 1.01341E-2
15 28 1.68448E-3
15 29 1.64159E-4
15 30 9.67135E-6
15 31 5.46052E-7
15 32 3.30194E-7
15 33 0E0
15 34 0E0
15 35 0E0
15 36 0E0
15 37 0E0
15 38 0E0
15 39 0E0
15 40 0E0
16 1 7.73864E-3
16 2 3.20046E-3
16 3 4.77458E-3
16 4 6.60759E-3
16 5 9.62081E-3
16 6 1.39394E-2
16 7 2.02157E-2
16 8 2.97003E-2
16 9 4.38449E-2
16 10 6.60295E-2
16 11 1.00013E-1
16 12 1.52851E-1
16 13 2.3493E-1
16 14 3.65199E-1
16 15 5.71821E-1
16 16 8.45229E-1
16 17 9.77357E-1
16 18 1.029E0
16 19 1.03211E0
16 20 9.75447E-1
16 21 8.52295E-1
16 22 6.74817E-1
16 23 4.7079E-1
16 24 2.79584E-1
16 25 1.353E-1
16 26 5.04509E-2
16 27 1.35196E-2
16 28 2.38676E-3
16 29 2.49071E-4
16 30 1.52226E-5
16 31 2.60089E-6
16 32 8.2202E-7
16 33 0E0
16 34 0E0
16 35 0E0
16 36 0E0
16 37 0E0
16 38 0E0
16 39 0E0
16 40 0E0
17 1 5.31906E-3
17 2 2.20174E-3
17 3 3.28593E-3
17 4 4.55008E-3
17 5 6.63001E-3
17 6 9.61492E-3
17 7 1.3959E-2
17 8 2.05101E-2
17 9 3.02046E-2
17 10 4.53066E-2
17 11 6.83579E-2
17 12 1.04305E-1
17 13 1.60571E-1
17 14 2.50578E-1
17 15 3.94436E-1
17 16 6.29883E-1
17 17 9.40363E-1
17 18 1.06673E0
17 19 1.08588E0
17 20 1.04473E0
17 21 9.32817E-1
17 22 7.57971E-1
17 23 5.45353E-1
17 24 3.35853E-1
17 25 1.69558E-1
17 26 6.64147E-2
17 27 1.88311E-2
17 28 3.54525E-3
17 29 3.97771E-4
17 30 2.47524E-5
17 31 3.64424E-6
17 32 2.985E-7
17 33 1.0032E-10
17 34 0E0
17 35 0E0
17 36 0E0
17 37 0E0
17 38 0E0
17 39 0E0
17 40 0E0
18 1 3.28279E-3
18 2 1.3623E-3
18 3 2.03597E-3
18 4 2.82377E-3
18 5 4.12264E-3
18 6 5.99371E-3
18 7 8.7282E-3
18 8 1.28645E-2
18 9 1.90056E-2
18 10 2.8622E-2
18 11 4.34336E-2
18 12 6.68406E-2
18 13 1.04042E-1
18 14 1.64243E-1
18 15 2.61626E-1
18 16 4.22898E-1
18 17 6.91369E-1
18 18 1.04728E0
18 19 1.16153E0
18 20 1.13898E0
18 21 1.04083E0
18 22 8.69853E-1
18 23 6.47177E-1
18 24 4.14701E-1
18 25 2.19442E-1
18 26 9.08318E-2
18 27 2.7466E-2
18 28 5.56998E-3
18 29 6.807E-4
18 30 4.46994E-5
18 31 4.28477E-6
18 32 2.52952E-7
18 33 1.47689E-9
18 34 0E0
18 35 0E0
18 36 0E0
18 37 0E0
18 38 0E0
18 39 0E0
18 40 0E0
19 1 1.83399E-3
19 2 7.64047E-4
19 3 1.14339E-3
19 4 1.5886E-3
19 5 2.32443E-3
19 6 3.38874E-3
19 7 4.95234E-3
19 8 7.33203E-3
19 9 1.08865E-2
19 10 1.64899E-2
19 11 2.52179E-2
19 12 3.92397E-2
19 13 6.20495E-2
19 14 1.00027E-1
19 15 1.6285E-1
19 16 2.68745E-1
19 17 4.48479E-1
19 18 7.5664E-1
19 19 1.16722E0
19 20 1.26465E0
19 21 1.18389E0
19 22 1.01901E0
19 23 7.8574E-1
19 24 5.25566E-1
19 25 2.92759E-1
19 26 1.28842E-1
19 27 4.19094E-2
19 28 9.2664E-3
19 29 1.25475E-3
19 30 9.18241E-5
19 31 5.14064E-6
19 32 1.09852E-7
19 33 3.88546E-9
19 34 0E0
19 35 0E0
19 36 0E0
19 37 0E0
19 38 0E0
19 39 0E0
19 40 0E0
20 1 1.05469E-3
20 2 4.40949E-4
20 3 6.60915E-4
20 4 9.2005E-4
20 5 1.34919E-3
20 6 1.97231E-3
20 7 2.89169E-3
20 8 4.29701E-3
20 9 6.40678E-3
20 10 9.74197E-3
20 11 1.49368E-2
20 12 2.32691E-2
20 13 3.68034E-2
20 14 5.93497E-2
20 15 9.73938E-2
20 16 1.63183E-1
20 17 2.7692E-1
20 18 4.75961E-1
20 19 8.26112E-1
20 20 1.29458E0
20 21 1.36164E0
20 22 1.21208E0
20 23 9.73659E-1
20 24 6.83892E-1
20 25 4.03562E-1
20 26 1.89921E-1
20 27 6.67268E-2
20 28 1.61E-2
20 29 2.40358E-3
20 30 1.94933E-4
20 31 8.89869E-6
20 32 2.6334E-7
20 33 9.40838E-9
20 34 0E0
20 35 0E0
20 36 0E0
20 37 0E0
20 38 0E0
20 39 0E0
20 40 0E0
21 1 5.39038E-4
21 2 2.26544E-4
21 3 3.40319E-4
21 4 4.75045E-4
21 5 6.99008E-4
21 6 1.02603E-3
21 7 1.51167E-3
21 8 2.25971E-3
21 9 3.39313E-3
21 10 5.20283E-3
21 11 8.05534E-3
21 12 1.26887E-2
21 13 2.03205E-2
21 14 3.32375E-2
21 15 5.52034E-2
21 16 9.35399E-2
21 17 1.61143E-1
21 18 2.82138E-1
21 19 5.00474E-1
21 20 8.98155E-1
21 21 1.43193E0
21 22 1.4605E0
21 23 1.22539E0
21 24 9.07381E-1
21 25 5.70094E-1
21 26 2.88845E-1
21 27 1.10613E-1
21 28 2.94859E-2
21 29 4.93157E-3
21 30 4.54703E-4
21 31 2.06458E-5
21 32 7.07048E-7
21 33 2.61225E-8
21 34 0E0
21 35 0E0
21 36 0E0
21 37 0E0
21 38 0E0
21 39 0E0
21 40 0E0
22 1 2.3568E-4
22 2 1.00181E-4
22 3 1.50909E-4
22 4 2.1136E-4
22 5 3.12275E-4
22 6 4.60717E-4
22 7 6.83025E-4
22 8 1.02869E-3
22 9 1.55852E-3
22 10 2.41542E-3
22 11 3.78741E-3
22 12 6.05522E-3
22 13 9.86389E-3
22 14 1.64353E-2
22 15 2.78473E-2
22 16 4.82481E-2
22 17 8.52385E-2
22 18 1.53459E-1
22 19 2.80645E-1
22 20 5.20564E-1
22 21 9.72619E-1
22 22 1.58534E0
22 23 1.5589E0
22 24 1.22018E0
22 25 8.20051E-1
22 26 4.50354E-1
22 27 1.89711E-1
22 28 5.65486E-2
22 29 1.07681E-2
22 30 1.15228E-3
22 31 6.00566E-5
22 32 2.06892E-6
22 33 8.09813E-8
22 34 0E0
22 35 0E0
22 36 0E0
22 37 0E0
22 38 0E0
22 39 0E0
22 40 0E0
23 1 8.56502E-5
23 2 3.74865E-5
23 3 5.65916E-5
23 4 7.94799E-5
23 5 1.17841E-4
23 6 1.74628E-4
23 7 2.60345E-4
23 8 3.94904E-4
23 9 6.03725E-4
23 10 9.46351E-4
23 11 1.50512E-3
23 12 2.4493E-3
23 13 4.07855E-3
23 14 6.97972E-3
23 15 1.219E-2
23 16 2.18057E-2
23 17 3.97974E-2
23 18 7.41676E-2
23 19 1.40943E-1
23 20 2.7278E-1
23 21 5.33469E-1
23 22 1.04808E0
23 23 1.75348E0
23 24 1.65316E0
23 25 1.19238E0
23 26 7.13543E-1
23 27 3.33301E-1
23 28 1.1236E-1
23 29 2.47497E-2
23 30 3.1426E-3
23 31 1.9686E-4
23 32 6.99454E-6
23 33 2.81803E-7
23 34 0E0
23 35 0E0
23 36 0E0
23 37 0E0
23 38 0E0
23 39 0E0
23 40 0E0
24 1 2.59751E-5
24 2 1.20119E-5
24 3 1.82038E-5
24 4 2.56845E-5
24 5 3.82942E-5
24 6 5.71374E-5
24 7 8.58925E-5
24 8 1.31588E-4
24 9 2.03558E-4
24 10 3.23563E-4
24 11 5.23085E-4
24 12 8.67473E-4
24 13 1.47673E-3
24 14 2.59487E-3
24 15 4.67597E-3
24 16 8.65731E-3
24 17 1.63838E-2
24 18 3.17038E-2
24 19 6.26952E-2
24 20 1.26918E-1
24 21 2.61044E-1
24 22 5.41792E-1
24 23 1.12309E0
24 24 1.92923E0
24 25 1.73463E0
24 26 1.13837E0
24 27 5.94417E-1
24 28 2.28777E-1
24 29 5.88632E-2
24 30 8.94809E-3
24 31 6.88063E-4
24 32 2.41245E-5
24 33 9.76201E-7
24 34 0E0
24 35 0E0
24 36 0E0
24 37 0E0
24 38 0E0
24 39 0E0
24 40 0E0
25 1 5.45108E-6
25 2 2.93697E-6
25 3 4.57298E-6
25 4 6.53578E-6
25 5 9.81702E-6
25 6 1.47657E-5
25 7 2.24121E-5
25 8 3.47368E-5
25 9 5.44878E-5
25 10 8.8059E-5
25 11 1.45208E-4
25 12 2.46514E-4
25 13 4.31306E-4
25 14 7.82771E-4
25 15 1.46751E-3
25 16 2.84446E-3
25 17 5.62937E-3
25 18 1.13903E-2
25 19 2.36049E-2
25 20 5.03192E-2
25 21 1.09788E-1
25 22 2.4331E-1
25 23 5.41467E-1
25 24 1.19482E0
25 25 2.11471E0
25 26 1.80058E0
25 27 1.05797E0
25 28 4.69682E-1
25 29 1.4318E-1
25 30 2.65495E-2
25 31 2.56961E-3
25 32 1.07864E-4
25 33 3.59885E-6
25 34 2.27838E-8
25 35 0E0
25 36 0E0
25 37 0E0
25 38 0E0
25 39 0E0
25 40 0E0
26 1 8.31172E-7
26 2 4.7581E-7
26 3 7.87604E-7
26 4 1.20415E-6
26 5 1.90514E-6
26 6 2.95318E-6
26 7 4.53437E-6
26 8 7.00236E-6
26 9 1.08635E-5
26 10 1.74002E-5
26 11 2.85626E-5
26 12 4.86143E-5
26 13 8.61871E-5
26 14 1.6085E-4
26 15 3.1602E-4
26 16 6.59358E-4
26 17 1.44621E-3
26 18 3.22532E-3
26 19 7.22572E-3
26 20 1.6372E-2
26 21 3.77089E-2
26 22 8.91373E-2
26 23 2.15889E-1
26 24 5.25588E-1
26 25 1.25902E0
26 26 2.31859E0
26 27 1.85123E0
26 28 9.51061E-1
26 29 3.47212E-1
26 30 8.03428E-2
26 31 1.01998E-2
26 32 5.92263E-4
26 33 1.47803E-5
26 34 2.70492E-7
26 35 0E0
26 36 0E0
26 37 0E0
26 38 0E0
26 39 0E0
26 40 0E0
27 1 1.13824E-7
27 2 6.51571E-8
27 3 1.07802E-7
27 4 1.64908E-7
27 5 2.64235E-7
27 6 4.19765E-7
27 7 6.66246E-7
27 8 1.08116E-6
27 9 1.74705E-6
27 10 2.84614E-6
27 11 4.76849E-6
27 12 8.32573E-6
27 13 1.51622E-5
27 14 2.90779E-5
27 15 5.87532E-5
27 16 1.26253E-4
27 17 2.88403E-4
27 18 6.90951E-4
27 19 1.68861E-3
27 20 4.18356E-3
27 21 1.05148E-2
27 22 2.69795E-2
27 23 7.09965E-2
27 24 1.90496E-1
27 25 5.09242E-1
27 26 1.32091E0
27 27 2.51705E0
27 28 1.87527E0
27 29 8.29287E-1
27 30 2.40772E-1
27 31 3.97554E-2
27 32 3.11881E-3
27 33 9.40169E-5
27 34 1.39733E-6
27 35 0E0
27 36 0E0
27 37 0E0
27 38 0E0
27 39 0E0
27 40 0E0
28 1 1.84819E-8
28 2 1.05797E-8
28 3 1.7504E-8
28 4 2.67764E-8
28 5 4.29045E-8
28 6 6.81582E-8
28 7 1.07796E-7
28 8 1.71315E-7
28 9 2.70401E-7
28 10 4.30225E-7
28 11 6.81118E-7
28 12 1.08402E-6
28 13 1.82094E-6
28 14 3.36065E-6
28 15 6.73027E-6
28 16 1.4816E-5
28 17 3.58497E-5
28 18 9.49331E-5
28 19 2.68704E-4
28 20 7.73016E-4
28 21 2.21558E-3
28 22 6.23918E-3
28 23 1.77405E-2
28 24 5.26069E-2
28 25 1.59832E-1
28 26 4.80158E-1
28 27 1.37583E0
28 28 2.73335E0
28 29 1.87756E0
28 30 6.94786E-1
28 31 1.53505E-1
28 32 1.69764E-2
28 33 7.56697E-4
28 34 1.22117E-5
28 35 6.63021E-7
28 36 0E0
28 37 0E0
28 38 0E0
28 39 0E0
28 40 0E0
29 1 3.71378E-9
29 2 2.12591E-9
29 3 3.51729E-9
29 4 5.3805E-9
29 5 8.62128E-9
29 6 1.36958E-8
29 7 2.16607E-8
29 8 3.44243E-8
29 9 5.43348E-8
29 10 8.645E-8
29 11 1.36865E-7
29 12 2.16882E-7
29 13 3.43354E-7
29 14 5.45072E-7
29 15 8.70693E-7
29 16 1.48276E-6
29 17 2.8829E-6
29 18 7.14266E-6
29 19 2.21649E-5
29 20 7.96009E-5
29 21 3.11567E-4
29 22 1.13012E-3
29 23 3.60569E-3
29 24 1.13367E-2
29 25 3.71393E-2
29 26 1.27471E-1
29 27 4.38078E-1
29 28 1.41867E0
29 29 2.97027E0
29 30 1.85344E0
29 31 5.55052E-1
29 32 8.92107E-2
29 33 6.20819E-3
29 34 1.42595E-4
29 35 2.66759E-6
29 36 2.70317E-7
29 37 0E0
29 38 0E0
29 39 0E0
29 40 0E0
30 1 1.03346E-9
30 2 5.9159E-10
30 3 9.7878E-10
30 4 1.49727E-9
30 5 2.3991E-9
30 6 3.81122E-9
30 7 6.02767E-9
30 8 9.57948E-9
30 9 1.51201E-8
30 10 2.4057E-8
30 11 3.80863E-8
30 12 6.03531E-8
30 13 9.55474E-8
30 14 1.51681E-7
30 15 2.40079E-7
30 16 3.80899E-7
30 17 6.09652E-7
30 18 1.03635E-6
30 19 2.38256E-6
30 20 8.23972E-6
30 21 3.21204E-5
30 22 1.17232E-4
30 23 4.16212E-4
30 24 1.51598E-3
30 25 5.83221E-3
30 26 2.37261E-2
30 27 9.88603E-2
30 28 3.98271E-1
30 29 1.45711E0
30 30 3.1981E0
30 31 1.80601E0
30 32 4.24164E-1
30 33 4.62879E-2
30 34 1.81E-3
30 35 2.06973E-5
30 36 1.10046E-7
30 37 5.5226E-10
30 38 0E0
30 39 0E0
30 40 0E0
31 1 4.3291E-10
31 2 2.4781E-10
31 3 4.1001E-10
31 4 6.272E-10
31 5 1.00498E-9
31 6 1.59651E-9
31 7 2.52497E-9
31 8 4.01281E-9
31 9 6.33375E-9
31 10 1.00774E-8
31 11 1.59542E-8
31 12 2.52817E-8
31 13 4.00245E-8
31 14 6.35385E-8
31 15 1.00568E-7
31 16 1.59523E-7
31 17 2.52826E-7
31 18 4.00734E-7
31 19 6.34678E-7
31 20 1.01491E-6
31 21 1.81401E-6
31 22 5.23247E-6
31 23 2.22288E-5
31 24 1.09168E-4
31 25 5.61856E-4
31 26 2.73088E-3
31 27 1.37664E-2
31 28 7.09993E-2
31 29 3.47653E-1
31 30 1.48572E0
31 31 3.43988E0
31 32 1.72875E0
31 33 3.06415E-1
31 34 2.11346E-2
31 35 4.06806E-4
31 36 2.02883E-6
31 37 1.35624E-8
31 38 0E0
31 39 0E0
31 40 0E0
32 1 2.1141E-10
32 2 1.2102E-10
32 3 2.0023E-10
32 4 3.0629E-10
32 5 4.9078E-10
32 6 7.7965E-10
32 7 1.23306E-9
32 8 1.95965E-9
32 9 3.09307E-9
32 10 4.92127E-9
32 11 7.79119E-9
32 12 1.23463E-8
32 13 1.95459E-8
32 14 3.10289E-8
32 15 4.91123E-8
32 16 7.79027E-8
32 17 1.23467E-7
32 18 1.95698E-7
32 19 3.09942E-7
32 20 4.91493E-7
32 21 7.78789E-7
32 22 1.23929E-6
32 23 2.14383E-6
32 24 6.36729E-6
32 25 3.46283E-5
32 26 1.9065E-4
32 27 1.11844E-3
32 28 7.19047E-3
32 29 4.76402E-2
32 30 2.93292E-1
32 31 1.49909E0
32 32 3.68891E0
32 33 1.6268E0
32 34 2.07472E-1
32 35 8.30216E-3
32 36 6.92464E-5
32 37 2.17395E-7
32 38 0E0
32 39 0E0
32 40 0E0
33 1 6.5598E-11
33 2 3.7551E-11
33 3 6.2127E-11
33 4 9.5037E-11
33 5 1.5228E-10
33 6 2.4191E-10
33 7 3.826E-10
33 8 6.0805E-10
33 9 9.5973E-10
33 10 1.52699E-9
33 11 2.41749E-9
33 12 3.83085E-9
33 13 6.06478E-9
33 14 9.62777E-9
33 15 1.52388E-8
33 16 2.4172E-8
33 17 3.83099E-8
33 18 6.07219E-8
33 19 9.61701E-8
33 20 1.52503E-7
33 21 2.41645E-7
33 22 3.83058E-7
33 23 6.07103E-7
33 24 9.72532E-7
33 25 2.07116E-6
33 26 8.01769E-6
33 27 4.76231E-5
33 28 3.68135E-4
33 29 3.25605E-3
33 30 2.94809E-2
33 31 2.3871E-1
33 32 1.49827E0
33 33 3.9395E0
33 34 1.50414E0
33 35 1.30728E-1
33 36 2.73476E-3
33 37 9.04683E-6
33 38 5.32984E-8
33 39 0E0
33 40 0E0
34 1 5.1652E-11
34 2 2.9568E-11
34 3 4.8919E-11
34 4 7.4833E-11
34 5 1.1991E-10
34 6 1.9048E-10
34 7 3.0126E-10
34 8 4.7878E-10
34 9 7.557E-10
34 10 1.20237E-9
34 11 1.90355E-9
34 12 3.01644E-9
34 13 4.77545E-9
34 14 7.58099E-9
34 15 1.19992E-8
34 16 1.90332E-8
34 17 3.01655E-8
34 18 4.7813E-8
34 19 7.57252E-8
34 20 1.20082E-7
34 21 1.90273E-7
34 22 3.01623E-7
34 23 4.78038E-7
34 24 7.57542E-7
34 25 1.20051E-6
34 26 1.90159E-6
34 27 3.26429E-6
34 28 1.03524E-5
34 29 9.16611E-5
34 30 1.22102E-3
34 31 1.64519E-2
34 32 1.86103E-1
34 33 1.4843E0
34 34 4.18788E0
34 35 1.36594E0
34 36 7.61193E-2
34 37 7.21118E-4
34 38 1.92085E-6
34 39 0E0
34 40 0E0
35 1 3.1738E-11
35 2 1.8168E-11
35 3 3.0058E-11
35 4 4.5981E-11
35 5 7.3677E-11
35 6 1.1704E-10
35 7 1.8511E-10
35 8 2.9419E-10
35 9 4.6434E-10
35 10 7.3879E-10
35 11 1.16963E-9
35 12 1.85345E-9
35 13 2.93427E-9
35 14 4.65813E-9
35 15 7.37286E-9
35 16 1.16949E-8
35 17 1.85352E-8
35 18 2.93786E-8
35 19 4.65292E-8
35 20 7.37841E-8
35 21 1.16913E-7
35 22 1.85332E-7
35 23 2.9373E-7
35 24 4.65473E-7
35 25 7.38016E-7
35 26 1.1722E-6
35 27 1.86575E-6
35 28 2.97019E-6
35 29 4.74939E-6
35 30 1.45501E-5
35 31 3.19571E-4
35 32 7.93525E-3
35 33 1.38623E-1
35 34 1.45734E0
35 35 4.43027E0
35 36 1.21924E0
35 37 4.04402E-2
35 38 1.49233E-4
35 39 9.50603E-8
35 40 0E0
36 1 1.5619E-11
36 2 8.941E-12
36 3 1.4793E-11
36 4 2.2629E-11
36 5 3.6259E-11
36 6 5.7601E-11
36 7 9.1099E-11
36 8 1.4478E-10
36 9 2.2852E-10
36 10 3.6358E-10
36 11 5.7561E-10
36 12 9.1214E-10
36 13 1.44405E-9
36 14 2.29242E-9
36 15 3.62843E-9
36 16 5.75546E-9
36 17 9.12176E-9
36 18 1.44582E-8
36 19 2.28986E-8
36 20 3.63116E-8
36 21 5.75366E-8
36 22 9.12078E-8
36 23 1.44554E-7
36 24 2.29075E-7
36 25 3.63079E-7
36 26 5.75415E-7
36 27 9.11352E-7
36 28 1.44091E-6
36 29 2.27268E-6
36 30 3.58111E-6
36 31 6.22216E-6
36 32 8.31115E-5
36 33 3.52005E-3
36 34 9.81225E-2
36 35 1.41504E0
36 36 4.66748E0
36 37 1.06924E0
36 38 1.94618E-2
36 39 2.52928E-5
36 40 0E0
37 1 1.2355E-11
37 2 7.0727E-12
37 3 1.1702E-11
37 4 1.79E-11
37 5 2.8682E-11
37 6 4.5565E-11
37 7 7.2063E-11
37 8 1.1453E-10
37 9 1.8077E-10
37 10 2.8761E-10
37 11 4.5534E-10
37 12 7.2155E-10
37 13 1.14231E-9
37 14 1.81341E-9
37 15 2.87026E-9
37 16 4.55284E-9
37 17 7.21574E-9
37 18 1.14371E-8
37 19 1.81138E-8
37 20 2.87242E-8
37 21 4.55142E-8
37 22 7.21497E-8
37 23 1.14349E-7
37 24 1.81209E-7
37 25 2.87212E-7
37 26 4.55198E-7
37 27 7.21609E-7
37 28 1.14704E-6
37 29 1.83521E-6
37 30 2.95838E-6
37 31 4.79503E-6
37 32 7.77679E-6
37 33 2.46598E-5
37 34 1.38668E-3
37 35 6.59273E-2
37 36 1.3623E0
37 37 4.89271E0
37 38 9.23793E-1
37 39 8.35723E-3
37 40 5.34701E-6
38 1 2.9672E-12
38 2 1.6985E-12
38 3 2.8102E-12
38 4 4.2988E-12
38 5 6.8881E-12
38 6 1.0942E-11
38 7 1.7306E-11
38 8 2.7504E-11
38 9 4.3412E-11
38 10 6.907E-11
38 11 1.0935E-10
38 12 1.7328E-10
38 13 2.7433E-10
38 14 4.3549E-10
38 15 6.893E-10
38 16 1.09337E-9
38 17 1.73287E-9
38 18 2.74663E-9
38 19 4.35006E-9
38 20 6.89814E-9
38 21 1.09303E-8
38 22 1.73268E-8
38 23 2.74611E-8
38 24 4.35175E-8
38 25 6.89744E-8
38 26 1.09316E-7
38 27 1.73253E-7
38 28 2.74707E-7
38 29 4.36814E-7
38 30 6.98972E-7
38 31 1.12753E-6
38 32 1.83059E-6
38 33 2.97706E-6
38 34 7.19033E-6
38 35 4.78535E-4
38 36 4.19086E-2
38 37 1.30193E0
38 38 5.10276E0
38 39 7.88281E-1
38 40 3.11813E-3
39 1 3.7805E-12
39 2 2.1641E-12
39 3 3.5805E-12
39 4 5.4771E-12
39 5 8.7761E-12
39 6 1.3942E-11
39 7 2.205E-11
39 8 3.5043E-11
39 9 5.5311E-11
39 10 8.8003E-11
39 11 1.3932E-10
39 12 2.2078E-10
39 13 3.4952E-10
39 14 5.5486E-10
39 15 8.7823E-10
39 16 1.39307E-9
39 17 2.20785E-9
39 18 3.49949E-9
39 19 5.54242E-9
39 20 8.78893E-9
39 21 1.39263E-8
39 22 2.20762E-8
39 23 3.49882E-8
39 24 5.54457E-8
39 25 8.78804E-8
39 26 1.3928E-7
39 27 2.20742E-7
39 28 3.49853E-7
39 29 5.5435E-7
39 30 8.76786E-7
39 31 1.38106E-6
39 32 2.1632E-6
39 33 3.37155E-6
39 34 5.24609E-6
39 35 8.31101E-6
39 36 1.4686E-4
39 37 2.49718E-2
39 38 1.23813E0
39 39 5.29447E0
39 40 6.67E-1
40 1 3.4511E-12
40 2 1.9755E-12
40 3 3.2685E-12
40 4 4.9999E-12
40 5 8.0114E-12
40 6 1.2727E-11
40 7 2.0128E-11
40 8 3.1989E-11
40 9 5.0491E-11
40 10 8.0335E-11
40 11 1.2718E-10
40 12 2.0154E-10
40 13 3.1907E-10
40 14 5.0651E-10
40 15 8.0171E-10
40 16 1.27168E-9
40 17 2.01547E-9
40 18 3.19456E-9
40 19 5.05948E-9
40 20 8.0231E-9
40 21 1.27128E-8
40 22 2.01525E-8
40 23 3.19395E-8
40 24 5.06144E-8
40 25 8.02229E-8
40 26 1.27144E-7
40 27 2.01508E-7
40 28 3.19368E-7
40 29 5.06161E-7
40 30 8.02276E-7
40 31 1.27286E-6
40 32 2.02345E-6
40 33 3.22573E-6
40 34 5.15294E-6
40 35 8.2302E-6
40 36 1.31267E-5
40 37 4.5247E-5
40 38 1.36464E-2
40 39 1.17349E0
40 40 6.02526E0
