1 1.93132E1
2 1.72314E1
3 1.53492E1
4 1.36734E1
5 1.21938E1
6 1.08682E1
7 9.68593E0
8 8.62962E0
9 7.69375E0
10 6.85577E0
11 6.1089E0
12 5.44631E0
13 4.85329E0
14 4.3262E0
15 3.85505E0
16 3.43645E0
17 3.06283E0
18 2.72897E0
19 2.43301E0
20 2.16796E0
21 1.93196E0
22 1.7224E0
23 1.53476E0
24 1.36775E0
25 1.21913E0
26 1.08652E0
27 9.68542E-1
28 8.63296E-1
29 7.69138E-1
30 6.85582E-1
31 6.10978E-1
32 5.44472E-1
33 4.8527E-1
34 4.32442E-1
35 3.85514E-1
36 3.43487E-1
37 3.06162E-1
38 2.72968E-1
39 2.43718E-1
40 2.1704E-1
