1 2.9038E1
2 2.61089E1
3 2.34839E1
4 2.1173E1
5 1.91607E1
6 1.73888E1
7 1.58419E1
8 1.44955E1
9 1.3341E1
10 1.23465E1
11 1.15012E1
12 1.07928E1
13 1.01988E1
14 9.71006E0
15 9.30915E0
16 8.98577E0
17 8.72543E0
18 8.51664E0
19 8.35145E0
20 8.21904E0
21 8.11324E0
22 8.02725E0
23 7.9525E0
24 7.88048E0
25 7.80365E0
26 7.72209E0
27 7.64362E0
28 7.57403E0
29 7.51388E0
30 7.46251E0
31 7.41824E0
32 7.38012E0
33 7.34727E0
34 7.31884E0
35 7.29433E0
36 7.27297E0
37 7.2545E0
38 7.23848E0
39 7.22471E0
40 7.21243E0
