1 1 5.95233E-1
1 2 2.21447E-1
1 3 2.9192E-1
1 4 3.50096E-1
1 5 4.38897E-1
1 6 5.42222E-1
1 7 6.63388E-1
1 8 8.09969E-1
1 9 9.74103E-1
1 10 1.16806E0
1 11 1.37457E0
1 12 1.59194E0
1 13 1.80313E0
1 14 1.99325E0
1 15 2.12391E0
1 16 2.1732E0
1 17 2.10495E0
1 18 1.90615E0
1 19 1.58496E0
1 20 1.18673E0
1 21 7.77249E-1
1 22 4.31081E-1
1 23 1.94046E-1
1 24 6.73425E-2
1 25 1.69039E-2
1 26 2.83428E-3
1 27 2.87865E-4
1 28 1.67923E-5
1 29 7.47554E-7
1 30 0E0
1 31 0E0
1 32 0E0
1 33 0E0
1 34 0E0
1 35 0E0
1 36 0E0
1 37 0E0
1 38 0E0
1 39 0E0
1 40 0E0
2 1 4.74212E-1
2 2 1.90737E-1
2 3 2.5992E-1
2 4 3.14867E-1
2 5 3.94895E-1
2 6 4.87912E-1
2 7 5.97017E-1
2 8 7.29052E-1
2 9 8.76994E-1
2 10 1.05191E0
2 11 1.23831E0
2 12 1.43474E0
2 13 1.62593E0
2 14 1.79855E0
2 15 1.91791E0
2 16 1.96464E0
2 17 1.90541E0
2 18 1.72825E0
2 19 1.44006E0
2 20 1.08094E0
2 21 7.10196E-1
2 22 3.95438E-1
2 23 1.78862E-1
2 24 6.24392E-2
2 25 1.57865E-2
2 26 2.67003E-3
2 27 2.74045E-4
2 28 1.69069E-5
2 29 7.27689E-7
2 30 0E0
2 31 0E0
2 32 0E0
2 33 0E0
2 34 0E0
2 35 0E0
2 36 0E0
2 37 0E0
2 38 0E0
2 39 0E0
2 40 0E0
3 1 3.72396E-1
3 2 1.56979E-1
3 3 2.24165E-1
3 4 2.81343E-1
3 5 3.55442E-1
3 6 4.39322E-1
3 7 5.37647E-1
3 8 6.56697E-1
3 9 7.9015E-1
3 10 9.4811E-1
3 11 1.11655E0
3 12 1.29439E0
3 13 1.46786E0
3 14 1.62499E0
3 15 1.73456E0
3 16 1.77924E0
3 17 1.72843E0
3 18 1.57087E0
3 19 1.3123E0
3 20 9.8815E-1
3 21 6.51756E-1
3 22 3.64661E-1
3 23 1.65924E-1
3 24 5.83429E-2
3 25 1.48814E-2
3 26 2.54379E-3
3 27 2.6445E-4
3 28 1.6979E-5
3 29 7.21261E-7
3 30 0E0
3 31 0E0
3 32 0E0
3 33 0E0
3 34 0E0
3 35 0E0
3 36 0E0
3 37 0E0
3 38 0E0
3 39 0E0
3 40 0E0
4 1 2.8659E-1
4 2 1.23376E-1
4 3 1.83691E-1
4 4 2.43737E-1
4 5 3.19144E-1
4 6 3.96549E-1
4 7 4.85489E-1
4 8 5.93132E-1
4 9 7.13924E-1
4 10 8.56974E-1
4 11 1.00978E0
4 12 1.17141E0
4 13 1.32949E0
4 14 1.47328E0
4 15 1.57461E0
4 16 1.6178E0
4 17 1.5748E0
4 18 1.43484E0
4 19 1.20239E0
4 20 9.08939E-1
4 21 6.02365E-1
4 22 3.39028E-1
4 23 1.55376E-1
4 24 5.51148E-2
4 25 1.42078E-2
4 26 2.45961E-3
4 27 2.59611E-4
4 28 1.69765E-5
4 29 7.30365E-7
4 30 0E0
4 31 0E0
4 32 0E0
4 33 0E0
4 34 0E0
4 35 0E0
4 36 0E0
4 37 0E0
4 38 0E0
4 39 0E0
4 40 0E0
5 1 2.27382E-1
5 2 9.68012E-2
5 3 1.44934E-1
5 4 1.9958E-1
5 5 2.78068E-1
5 6 3.58149E-1
5 7 4.4015E-1
5 8 5.37919E-1
5 9 6.47742E-1
5 10 7.77907E-1
5 11 9.17227E-1
5 12 1.0649E0
5 13 1.20983E0
5 14 1.34233E0
5 15 1.43694E0
5 16 1.47917E0
5 17 1.44343E0
5 18 1.3192E0
5 19 1.10962E0
5 20 8.4277E-1
5 21 5.61726E-1
5 22 3.18399E-1
5 23 1.4718E-1
5 24 5.27521E-2
5 25 1.3769E-2
5 26 2.41913E-3
5 27 2.59841E-4
5 28 1.68191E-5
5 29 7.57026E-7
5 30 0E0
5 31 0E0
5 32 0E0
5 33 0E0
5 34 0E0
5 35 0E0
5 36 0E0
5 37 0E0
5 38 0E0
5 39 0E0
5 40 0E0
6 1 1.76993E-1
6 2 7.50027E-2
6 3 1.12497E-1
6 4 1.56043E-1
6 5 2.26296E-1
6 6 3.13585E-1
6 7 3.99515E-1
6 8 4.89573E-1
6 9 5.89792E-1
6 10 7.08776E-1
6 11 8.36349E-1
6 12 9.71957E-1
6 13 1.10563E0
6 14 1.2286E0
6 15 1.31772E0
6 16 1.35968E0
6 17 1.33078E0
6 18 1.2208E0
6 19 1.03159E0
6 20 7.87955E-1
6 21 5.28868E-1
6 22 3.02335E-1
6 23 1.41205E-1
6 24 5.12439E-2
6 25 1.3575E-2
6 26 2.42725E-3
6 27 2.66131E-4
6 28 1.66565E-5
6 29 8.07358E-7
6 30 0E0
6 31 0E0
6 32 0E0
6 33 0E0
6 34 0E0
6 35 0E0
6 36 0E0
6 37 0E0
6 38 0E0
6 39 0E0
6 40 0E0
7 1 1.32592E-1
7 2 5.60875E-2
7 3 8.51752E-2
7 4 1.19358E-1
7 5 1.749E-1
7 6 2.53386E-1
7 7 3.51788E-1
7 8 4.47102E-1
7 9 5.39707E-1
7 10 6.49081E-1
7 11 7.66635E-1
7 12 8.92017E-1
7 13 1.01621E0
7 14 1.1313E0
7 15 1.21607E0
7 16 1.25843E0
7 17 1.23616E0
7 18 1.13901E0
7 19 9.67832E-1
7 20 7.44229E-1
7 21 5.03683E-1
7 22 2.90855E-1
7 23 1.37515E-1
7 24 5.06403E-2
7 25 1.36507E-2
7 26 2.49154E-3
7 27 2.79812E-4
7 28 1.78661E-5
7 29 8.89228E-7
7 30 0E0
7 31 0E0
7 32 0E0
7 33 0E0
7 34 0E0
7 35 0E0
7 36 0E0
7 37 0E0
7 38 0E0
7 39 0E0
7 40 0E0
8 1 1.0058E-1
8 2 4.25903E-2
8 3 6.4748E-2
8 4 9.10051E-2
8 5 1.33718E-1
8 6 1.94682E-1
8 7 2.82294E-1
8 8 3.95938E-1
8 9 4.96173E-1
8 10 5.97767E-1
8 11 7.06843E-1
8 12 8.23627E-1
8 13 9.39981E-1
8 14 1.0488E0
8 15 1.13046E0
8 16 1.1738E0
8 17 1.15807E0
8 18 1.07277E0
8 19 9.17527E-1
8 20 7.11237E-1
8 21 4.86095E-1
8 22 2.84054E-1
8 23 1.36239E-1
8 24 5.10352E-2
8 25 1.40381E-2
8 26 2.62387E-3
8 27 3.0293E-4
8 28 1.9937E-5
8 29 1.01453E-6
8 30 0E0
8 31 0E0
8 32 0E0
8 33 0E0
8 34 0E0
8 35 0E0
8 36 0E0
8 37 0E0
8 38 0E0
8 39 0E0
8 40 0E0
9 1 7.91958E-2
9 2 3.28401E-2
9 3 4.90991E-2
9 4 6.85638E-2
9 5 1.01224E-1
9 6 1.4807E-1
9 7 2.15667E-1
9 8 3.16215E-1
9 9 4.42773E-1
9 10 5.54063E-1
9 11 6.56375E-1
9 12 7.66159E-1
9 13 8.76295E-1
9 14 9.80409E-1
9 15 1.06027E0
9 16 1.10544E0
9 17 1.0963E0
9 18 1.02204E0
9 19 8.81004E-1
9 20 6.89483E-1
9 21 4.76686E-1
9 22 2.82464E-1
9 23 1.37755E-1
9 24 5.26279E-2
9 25 1.48136E-2
9 26 2.84394E-3
9 27 3.3858E-4
9 28 2.30286E-5
9 29 1.19831E-6
9 30 0E0
9 31 0E0
9 32 0E0
9 33 0E0
9 34 0E0
9 35 0E0
9 36 0E0
9 37 0E0
9 38 0E0
9 39 0E0
9 40 0E0
10 1 5.90202E-2
10 2 2.44724E-2
10 3 3.67716E-2
10 4 5.14883E-2
10 5 7.60078E-2
10 6 1.11422E-1
10 7 1.62656E-1
10 8 2.39191E-1
10 9 3.50784E-1
10 10 4.98131E-1
10 11 6.14215E-1
10 12 7.18577E-1
10 13 8.23976E-1
10 14 9.24814E-1
10 15 1.00409E0
10 16 1.0519E0
10 17 1.04953E0
10 18 9.85735E-1
10 19 8.57455E-1
10 20 6.78533E-1
10 21 4.75414E-1
10 22 2.8627E-1
10 23 1.42312E-1
10 24 5.56115E-2
10 25 1.60726E-2
10 26 3.18179E-3
10 27 3.92404E-4
10 28 2.77197E-5
10 29 1.47886E-6
10 30 0E0
10 31 0E0
10 32 0E0
10 33 0E0
10 34 0E0
10 35 0E0
10 36 0E0
10 37 0E0
10 38 0E0
10 39 0E0
10 40 0E0
11 1 4.27428E-2
11 2 1.77449E-2
11 3 2.66215E-2
11 4 3.72238E-2
11 5 5.50478E-2
11 6 8.13339E-2
11 7 1.19847E-1
11 8 1.77432E-1
11 9 2.61718E-1
11 10 3.91074E-1
11 11 5.57292E-1
11 12 6.80858E-1
11 13 7.83095E-1
11 14 8.82142E-1
11 15 9.6212E-1
11 16 1.01348E0
11 17 1.01818E0
11 18 9.64447E-1
11 19 8.47683E-1
11 20 6.79314E-1
11 21 4.83281E-1
11 22 2.9637E-1
11 23 1.50589E-1
11 24 6.03866E-2
11 25 1.799E-2
11 26 3.68966E-3
11 27 4.74108E-4
11 28 3.48366E-5
11 29 1.92263E-6
11 30 0E0
11 31 0E0
11 32 0E0
11 33 0E0
11 34 0E0
11 35 0E0
11 36 0E0
11 37 0E0
11 38 0E0
11 39 0E0
11 40 0E0
12 1 3.24036E-2
12 2 1.3428E-2
12 3 2.00577E-2
12 4 2.78347E-2
12 5 4.06904E-2
12 6 5.92116E-2
12 7 8.6873E-2
12 8 1.29523E-1
12 9 1.92342E-1
12 10 2.88814E-1
12 11 4.34076E-1
12 12 6.2364E-1
12 13 7.51664E-1
12 14 8.50426E-1
12 15 9.32523E-1
12 16 9.88809E-1
12 17 1.00138E0
12 18 9.58076E-1
12 19 8.52353E-1
12 20 6.9314E-1
12 21 5.01894E-1
12 22 3.14287E-1
12 23 1.637E-1
12 24 6.75779E-2
12 25 2.08203E-2
12 26 4.43824E-3
12 27 5.95939E-4
12 28 4.54994E-5
12 29 2.59528E-6
12 30 0E0
12 31 0E0
12 32 0E0
12 33 0E0
12 34 0E0
12 35 0E0
12 36 0E0
12 37 0E0
12 38 0E0
12 39 0E0
12 40 0E0
13 1 2.16197E-2
13 2 8.99108E-3
13 3 1.34547E-2
13 4 1.86894E-2
13 5 2.73988E-2
13 6 4.02639E-2
13 7 5.96703E-2
13 8 8.99431E-2
13 9 1.35767E-1
13 10 2.06676E-1
13 11 3.13955E-1
13 12 4.80262E-1
13 13 6.97625E-1
13 14 8.31945E-1
13 15 9.1753E-1
13 16 9.79887E-1
13 17 1.00099E0
13 18 9.68084E-1
13 19 8.72666E-1
13 20 7.21096E-1
13 21 5.32326E-1
13 22 3.41172E-1
13 23 1.82689E-1
13 24 7.79446E-2
13 25 2.49654E-2
13 26 5.57042E-3
13 27 7.89059E-4
13 28 6.38101E-5
13 29 3.76999E-6
13 30 0E0
13 31 0E0
13 32 0E0
13 33 0E0
13 34 0E0
13 35 0E0
13 36 0E0
13 37 0E0
13 38 0E0
13 39 0E0
13 40 0E0
14 1 1.64256E-2
14 2 6.82471E-3
14 3 1.02076E-2
14 4 1.41706E-2
14 5 2.07145E-2
14 6 3.019E-2
14 7 4.41597E-2
14 8 6.53937E-2
14 9 9.70214E-2
14 10 1.473E-1
14 11 2.24144E-1
14 12 3.43679E-1
14 13 5.31134E-1
14 14 7.78798E-1
14 15 9.11088E-1
14 16 9.81577E-1
14 17 1.01359E0
14 18 9.93093E-1
14 19 9.09532E-1
14 20 7.66006E-1
14 21 5.78449E-1
14 22 3.80812E-1
14 23 2.10383E-1
14 24 9.30808E-2
14 25 3.10783E-2
14 26 7.26865E-3
14 27 1.08552E-3
14 28 9.28216E-5
14 29 5.57304E-6
14 30 9.40462E-7
14 31 4.39604E-7
14 32 0E0
14 33 0E0
14 34 0E0
14 35 0E0
14 36 0E0
14 37 0E0
14 38 0E0
14 39 0E0
14 40 0E0
15 1 1.11215E-2
15 2 4.63106E-3
15 3 6.93461E-3
15 4 9.64079E-3
15 5 1.41138E-2
15 6 2.05869E-2
15 7 3.0119E-2
15 8 4.47565E-2
15 9 6.69012E-2
15 10 1.01869E-1
15 11 1.55513E-1
15 12 2.39559E-1
15 13 3.72333E-1
15 14 5.86701E-1
15 15 8.6708E-1
15 16 9.98837E-1
15 17 1.04338E0
15 18 1.03681E0
15 19 9.66036E-1
15 20 8.3062E-1
15 21 6.43019E-1
15 22 4.36E-1
15 23 2.49401E-1
15 24 1.14927E-1
15 25 4.02326E-2
15 26 9.93679E-3
15 27 1.57964E-3
15 28 1.44407E-4
15 29 8.77211E-6
15 30 2.13939E-6
15 31 3.34604E-7
15 32 0E0
15 33 0E0
15 34 0E0
15 35 0E0
15 36 0E0
15 37 0E0
15 38 0E0
15 39 0E0
15 40 0E0
16 1 7.0517E-3
16 2 2.94548E-3
16 3 4.41784E-3
16 4 6.15405E-3
16 5 9.03153E-3
16 6 1.32121E-2
16 7 1.93821E-2
16 8 2.88624E-2
16 9 4.32674E-2
16 10 6.62935E-2
16 11 1.0236E-1
16 12 1.59815E-1
16 13 2.51504E-1
16 14 4.00964E-1
16 15 6.44441E-1
16 16 9.67974E-1
16 17 1.09213E0
16 18 1.1018E0
16 19 1.04572E0
16 20 9.19539E-1
16 21 7.31361E-1
16 22 5.122E-1
16 23 3.04484E-1
16 24 1.46811E-1
16 25 5.42082E-2
16 26 1.42449E-2
16 27 2.43316E-3
16 28 2.4124E-4
16 29 1.42988E-5
16 30 3.16045E-6
16 31 2.70848E-8
16 32 0E0
16 33 0E0
16 34 0E0
16 35 0E0
16 36 0E0
16 37 0E0
16 38 0E0
16 39 0E0
16 40 0E0
17 1 4.5652E-3
17 2 1.91059E-3
17 3 2.8684E-3
17 4 4.00079E-3
17 5 5.8808E-3
17 6 8.6196E-3
17 7 1.26746E-2
17 8 1.89045E-2
17 9 2.83247E-2
17 10 4.33243E-2
17 11 6.68058E-2
17 12 1.04423E-1
17 13 1.65072E-1
17 14 2.65051E-1
17 15 4.299E-1
17 16 7.07327E-1
17 17 1.07502E0
17 18 1.18613E0
17 19 1.14972E0
17 20 1.0371E0
17 21 8.50625E-1
17 22 6.17814E-1
17 23 3.83369E-1
17 24 1.94315E-1
17 25 7.60447E-2
17 26 2.13637E-2
17 27 3.93742E-3
17 28 4.2526E-4
17 29 2.53273E-5
17 30 3.29408E-6
17 31 4.18709E-8
17 32 0E0
17 33 0E0
17 34 0E0
17 35 0E0
17 36 0E0
17 37 0E0
17 38 0E0
17 39 0E0
17 40 0E0
18 1 2.60611E-3
18 2 1.09567E-3
18 3 1.64855E-3
18 4 2.30538E-3
18 5 3.39949E-3
18 6 5.00257E-3
18 7 7.39147E-3
18 8 1.10837E-2
18 9 1.67057E-2
18 10 2.57364E-2
18 11 4.00526E-2
18 12 6.3358E-2
18 13 1.01612E-1
18 14 1.65667E-1
18 15 2.73038E-1
18 16 4.57093E-1
18 17 7.73673E-1
18 18 1.19555E0
18 19 1.28497E0
18 20 1.19064E0
18 21 1.00891E0
18 22 7.6216E-1
18 23 4.95603E-1
18 24 2.65535E-1
18 25 1.10902E-1
18 26 3.36156E-2
18 27 6.76645E-3
18 28 8.089E-4
18 29 5.138E-5
18 30 2.43567E-6
18 31 3.90185E-8
18 32 1.22773E-9
18 33 0E0
18 34 0E0
18 35 0E0
18 36 0E0
18 37 0E0
18 38 0E0
18 39 0E0
18 40 0E0
19 1 1.33007E-3
19 2 5.61332E-4
19 3 8.45953E-4
19 4 1.18557E-3
19 5 1.75314E-3
19 6 2.58938E-3
19 7 3.84453E-3
19 8 5.80169E-3
19 9 8.8126E-3
19 10 1.37066E-2
19 11 2.15951E-2
19 12 3.47135E-2
19 13 5.68182E-2
19 14 9.49577E-2
19 15 1.60656E-1
19 16 2.76089E-1
19 17 4.80088E-1
19 18 8.43405E-1
19 19 1.33074E0
19 20 1.39116E0
19 21 1.21903E0
19 22 9.59599E-1
19 23 6.55831E-1
19 24 3.73147E-1
19 25 1.67451E-1
19 26 5.53039E-2
19 27 1.23316E-2
19 28 1.66519E-3
19 29 1.19696E-4
19 30 4.62645E-6
19 31 1.28934E-7
19 32 4.64407E-9
19 33 0E0
19 34 0E0
19 35 0E0
19 36 0E0
19 37 0E0
19 38 0E0
19 39 0E0
19 40 0E0
20 1 6.7529E-4
20 2 2.87041E-4
20 3 4.33959E-4
20 4 6.10466E-4
20 5 9.06685E-4
20 6 1.34612E-3
20 7 2.01037E-3
20 8 3.05358E-3
20 9 4.67131E-3
20 10 7.31827E-3
20 11 1.16089E-2
20 12 1.87772E-2
20 13 3.09357E-2
20 14 5.21327E-2
20 15 8.9533E-2
20 16 1.57151E-1
20 17 2.7981E-1
20 18 5.04532E-1
20 19 9.17072E-1
20 20 1.47334E0
20 21 1.48769E0
20 22 1.22697E0
20 23 8.8736E-1
20 24 5.39907E-1
20 25 2.6211E-1
20 26 9.48025E-2
20 27 2.34327E-2
20 28 3.54831E-3
20 29 2.87419E-4
20 30 1.16322E-5
20 31 3.84214E-7
20 32 1.39931E-8
20 33 0E0
20 34 0E0
20 35 0E0
20 36 0E0
20 37 0E0
20 38 0E0
20 39 0E0
20 40 0E0
21 1 2.94598E-4
21 2 1.26869E-4
21 3 1.92582E-4
21 4 2.72236E-4
21 5 4.06728E-4
21 6 6.08168E-4
21 7 9.16031E-4
21 8 1.4054E-3
21 9 2.17517E-3
21 10 3.45385E-3
21 11 5.56427E-3
21 12 9.16035E-3
21 13 1.53832E-2
21 14 2.64444E-2
21 15 4.62652E-2
21 16 8.28089E-2
21 17 1.50961E-1
21 18 2.79806E-1
21 19 5.24725E-1
21 20 9.92332E-1
21 21 1.62646E0
21 22 1.58393E0
21 23 1.21643E0
21 24 7.95654E-1
21 25 4.2089E-1
21 26 1.68354E-1
21 27 4.67678E-2
21 28 8.10047E-3
21 29 7.64169E-4
21 30 3.44434E-5
21 31 1.28317E-6
21 32 4.88204E-8
21 33 0E0
21 34 0E0
21 35 0E0
21 36 0E0
21 37 0E0
21 38 0E0
21 39 0E0
21 40 0E0
22 1 1.0563E-4
22 2 4.65487E-5
22 3 7.09808E-5
22 4 1.00901E-4
22 5 1.51762E-4
22 6 2.28777E-4
22 7 3.4798E-4
22 8 5.40208E-4
22 9 8.47806E-4
22 10 1.36836E-3
22 11 2.24686E-3
22 12 3.78245E-3
22 13 6.51705E-3
22 14 1.15137E-2
22 15 2.07231E-2
22 16 3.82474E-2
22 17 7.21946E-2
22 18 1.39091E-1
22 19 2.72152E-1
22 20 5.38789E-1
22 21 1.06904E0
22 22 1.79726E0
22 23 1.67638E0
22 24 1.18346E0
22 25 6.86673E-1
22 26 3.06739E-1
22 27 9.7059E-2
22 28 1.95711E-2
22 29 2.20103E-3
22 30 1.17369E-4
22 31 4.07242E-6
22 32 1.85769E-7
22 33 0E0
22 34 0E0
22 35 0E0
22 36 0E0
22 37 0E0
22 38 0E0
22 39 0E0
22 40 0E0
23 1 3.00852E-5
23 2 1.39551E-5
23 3 2.13397E-5
23 4 3.0442E-5
23 5 4.59924E-5
23 6 6.97446E-5
23 7 1.069E-4
23 8 1.67607E-4
23 9 2.66446E-4
23 10 4.37207E-4
23 11 7.33136E-4
23 12 1.26718E-3
23 13 2.25792E-3
23 14 4.15651E-3
23 15 7.82381E-3
23 16 1.50852E-2
23 17 2.96883E-2
23 18 5.97582E-2
23 19 1.22939E-1
23 20 2.57607E-1
23 21 5.43754E-1
23 22 1.14539E0
23 23 1.9839E0
23 24 1.76072E0
23 25 1.12525E0
23 26 5.65491E-1
23 27 2.06168E-1
23 28 4.92145E-2
23 29 6.75659E-3
23 30 4.53481E-4
23 31 1.33821E-5
23 32 7.75776E-7
23 33 0E0
23 34 0E0
23 35 0E0
23 36 0E0
23 37 0E0
23 38 0E0
23 39 0E0
23 40 0E0
24 1 5.96667E-6
24 2 3.22519E-6
24 3 5.07708E-6
24 4 7.38028E-6
24 5 1.12916E-5
24 6 1.73113E-5
24 7 2.68691E-5
24 8 4.27604E-5
24 9 6.9176E-5
24 10 1.15848E-4
24 11 1.98944E-4
24 12 3.53421E-4
24 13 6.49993E-4
24 14 1.24442E-3
24 15 2.45519E-3
24 16 4.97953E-3
24 17 1.03184E-2
24 18 2.18709E-2
24 19 4.74676E-2
24 20 1.05737E-1
24 21 2.39103E-1
24 22 5.42905E-1
24 23 1.21983E0
24 24 2.17766E0
24 25 1.82728E0
24 26 1.04104E0
24 27 4.41674E-1
24 28 1.2618E-1
24 29 2.1366E-2
24 30 1.82543E-3
24 31 6.52048E-5
24 32 3.11208E-6
24 33 0E0
24 34 0E0
24 35 0E0
24 36 0E0
24 37 0E0
24 38 0E0
24 39 0E0
24 40 0E0
25 1 9.37644E-7
25 2 5.35644E-7
25 3 8.74753E-7
25 4 1.30916E-6
25 5 2.04554E-6
25 6 3.18205E-6
25 7 4.99699E-6
25 8 8.06995E-6
25 9 1.33086E-5
25 10 2.28267E-5
25 11 4.03265E-5
25 12 7.40787E-5
25 13 1.41726E-4
25 14 2.84378E-4
25 15 5.95653E-4
25 16 1.29389E-3
25 17 2.85232E-3
25 18 6.41429E-3
25 19 1.48113E-2
25 20 3.53502E-2
25 21 8.65708E-2
25 22 2.14923E-1
25 23 5.31932E-1
25 24 1.28825E0
25 25 2.37989E0
25 26 1.8725E0
25 27 9.32482E-1
25 28 3.23288E-1
25 29 6.88537E-2
25 30 7.68947E-3
25 31 3.69122E-4
25 32 8.34568E-6
25 33 5.3374E-8
25 34 0E0
25 35 0E0
25 36 0E0
25 37 0E0
25 38 0E0
25 39 0E0
25 40 0E0
26 1 1.27209E-7
26 2 7.28192E-8
26 3 1.20479E-7
26 4 1.843E-7
26 5 2.95307E-7
26 6 4.69126E-7
26 7 7.42074E-7
26 8 1.18297E-6
26 9 1.88876E-6
26 10 3.11571E-6
26 11 5.34199E-6
26 12 9.73816E-6
26 13 1.89373E-5
26 14 3.97816E-5
26 15 9.0235E-5
26 16 2.22539E-4
26 17 5.81478E-4
26 18 1.49986E-3
26 19 3.79457E-3
26 20 9.62691E-3
26 21 2.48809E-2
26 22 6.65046E-2
26 23 1.83038E-1
26 24 5.04028E-1
26 25 1.34518E0
26 26 2.59958E0
26 27 1.89586E0
26 28 8.01824E-1
26 29 2.18458E-1
26 30 3.30758E-2
26 31 2.30927E-3
26 32 5.98035E-5
26 33 1.09044E-6
26 34 0E0
26 35 0E0
26 36 0E0
26 37 0E0
26 38 0E0
26 39 0E0
26 40 0E0
27 1 2.32195E-8
27 2 1.32917E-8
27 3 2.1991E-8
27 4 3.36402E-8
27 5 5.39025E-8
27 6 8.56297E-8
27 7 1.35428E-7
27 8 2.1523E-7
27 9 3.39715E-7
27 10 5.40508E-7
27 11 8.55775E-7
27 12 1.37881E-6
27 13 2.45783E-6
27 14 4.86432E-6
27 15 1.08383E-5
27 16 2.70372E-5
27 17 7.42615E-5
27 18 2.14926E-4
27 19 6.2223E-4
27 20 1.8048E-3
27 21 5.30443E-3
27 22 1.59077E-2
27 23 4.89567E-2
27 24 1.53747E-1
27 25 4.76012E-1
27 26 1.39914E0
27 27 2.81137E0
27 28 1.89013E0
27 29 6.6576E-1
27 30 1.36354E-1
27 31 1.34903E-2
27 32 5.12297E-4
27 33 7.53431E-6
27 34 1.131E-6
27 35 0E0
27 36 0E0
27 37 0E0
27 38 0E0
27 39 0E0
27 40 0E0
28 1 6.23678E-9
28 2 3.57016E-9
28 3 5.90679E-9
28 4 9.03579E-9
28 5 1.44783E-8
28 6 2.30002E-8
28 7 3.63761E-8
28 8 5.78108E-8
28 9 9.12477E-8
28 10 1.45181E-7
28 11 2.29845E-7
28 12 3.64223E-7
28 13 5.76616E-7
28 14 9.15451E-7
28 15 1.45678E-6
28 16 2.56356E-6
28 17 5.94525E-6
28 18 1.84822E-5
28 19 6.6283E-5
28 20 2.3709E-4
28 21 8.29165E-4
28 22 2.78374E-3
28 23 9.3728E-3
28 24 3.331E-2
28 25 1.21829E-1
28 26 4.35541E-1
28 27 1.44323E0
28 28 3.04038E0
28 29 1.8586E0
28 30 5.27046E-1
28 31 7.69711E-2
28 32 4.61551E-3
28 33 8.83221E-5
28 34 3.5824E-6
28 35 1.23089E-9
28 36 0E0
28 37 0E0
28 38 0E0
28 39 0E0
28 40 0E0
29 1 1.80246E-9
29 2 1.03179E-9
29 3 1.70709E-9
29 4 2.61139E-9
29 5 4.18428E-9
29 6 6.64717E-9
29 7 1.05129E-8
29 8 1.67076E-8
29 9 2.6371E-8
29 10 4.19579E-8
29 11 6.64264E-8
29 12 1.05262E-7
29 13 1.66645E-7
29 14 2.64547E-7
29 15 4.18723E-7
29 16 6.64185E-7
29 17 1.05675E-6
29 18 1.8436E-6
29 19 4.38882E-6
29 20 1.67901E-5
29 21 8.73239E-5
29 22 4.01241E-4
29 23 1.50439E-3
29 24 5.55506E-3
29 25 2.18541E-2
29 26 9.17104E-2
29 27 3.84207E-1
29 28 1.47168E0
29 29 3.28859E0
29 30 1.79755E0
29 31 3.9495E-1
29 32 3.90816E-2
29 33 1.31155E-3
29 34 1.28438E-5
29 35 9.74691E-8
29 36 0E0
29 37 0E0
29 38 0E0
29 39 0E0
29 40 0E0
30 1 6.7323E-10
30 2 3.8538E-10
30 3 6.3761E-10
30 4 9.7537E-10
30 5 1.56285E-9
30 6 2.48275E-9
30 7 3.92661E-9
30 8 6.24037E-9
30 9 9.8497E-9
30 10 1.56715E-8
30 11 2.48106E-8
30 12 3.93159E-8
30 13 6.22426E-8
30 14 9.88095E-8
30 15 1.56395E-7
30 16 2.48076E-7
30 17 3.93173E-7
30 18 6.24913E-7
30 19 1.04142E-6
30 20 2.24941E-6
30 21 7.01191E-6
30 22 2.61669E-5
30 23 1.05318E-4
30 24 4.64358E-4
30 25 2.27477E-3
30 26 1.20601E-2
30 27 6.55741E-2
30 28 3.36616E-1
30 29 1.49574E0
30 30 3.52436E0
30 31 1.71551E0
30 32 2.80485E-1
30 33 1.72066E-2
30 34 2.83383E-4
30 35 1.43924E-6
30 36 1.13804E-8
30 37 0E0
30 38 0E0
30 39 0E0
30 40 0E0
31 1 2.939E-10
31 2 1.6824E-10
31 3 2.7835E-10
31 4 4.258E-10
31 5 6.8227E-10
31 6 1.08386E-9
31 7 1.71419E-9
31 8 2.72428E-9
31 9 4.29995E-9
31 10 6.84149E-9
31 11 1.08312E-8
31 12 1.71636E-8
31 13 2.71724E-8
31 14 4.31359E-8
31 15 6.82753E-8
31 16 1.08299E-7
31 17 1.71642E-7
31 18 2.72056E-7
31 19 4.30877E-7
31 20 6.83267E-7
31 21 1.09042E-6
31 22 1.85427E-6
31 23 4.15164E-6
31 24 1.90711E-5
31 25 1.31502E-4
31 26 8.7454E-4
31 27 6.08051E-3
31 28 4.30453E-2
31 29 2.81156E-1
31 30 1.50714E0
31 31 3.77087E0
31 32 1.60618E0
31 33 1.86875E-1
31 34 6.47474E-3
31 35 4.51249E-5
31 36 2.0966E-7
31 37 0E0
31 38 0E0
31 39 0E0
31 40 0E0
32 1 1.6435E-10
32 2 9.4078E-11
32 3 1.5565E-10
32 4 2.381E-10
32 5 3.8152E-10
32 6 6.0608E-10
32 7 9.5855E-10
32 8 1.52338E-9
32 9 2.40447E-9
32 10 3.82567E-9
32 11 6.05667E-9
32 12 9.59765E-9
32 13 1.51944E-8
32 14 2.4121E-8
32 15 3.81786E-8
32 16 6.05595E-8
32 17 9.598E-8
32 18 1.5213E-7
32 19 2.40941E-7
32 20 3.82074E-7
32 21 6.05406E-7
32 22 9.59702E-7
32 23 1.52135E-6
32 24 2.48967E-6
32 25 6.72152E-6
32 26 3.67461E-5
32 27 2.92254E-4
32 28 2.71734E-3
32 29 2.61208E-2
32 30 2.26039E-1
32 31 1.50189E0
32 32 4.02096E0
32 33 1.47701E0
32 34 1.15604E-1
32 35 2.03003E-3
32 36 5.84215E-6
32 37 9.27849E-9
32 38 0E0
32 39 0E0
32 40 0E0
33 1 1.183E-10
33 2 6.7721E-11
33 3 1.1204E-10
33 4 1.714E-10
33 5 2.7463E-10
33 6 4.3628E-10
33 7 6.9E-10
33 8 1.09659E-9
33 9 1.73084E-9
33 10 2.75388E-9
33 11 4.35984E-9
33 12 6.90879E-9
33 13 1.09376E-8
33 14 1.73633E-8
33 15 2.74826E-8
33 16 4.35932E-8
33 17 6.90904E-8
33 18 1.0951E-7
33 19 1.73439E-7
33 20 2.75032E-7
33 21 4.35796E-7
33 22 6.9083E-7
33 23 1.0949E-6
33 24 1.73636E-6
33 25 2.76276E-6
33 26 4.48422E-6
33 27 1.075E-5
33 28 7.65282E-5
33 29 1.01201E-3
33 30 1.43628E-2
33 31 1.74468E-1
33 32 1.48261E0
33 33 4.26803E0
33 34 1.33445E0
33 35 6.58435E-2
33 36 5.15516E-4
33 37 1.76711E-6
33 38 0E0
33 39 0E0
33 40 0E0
34 1 5.2958E-11
34 2 3.0315E-11
34 3 5.0156E-11
34 4 7.6725E-11
34 5 1.2294E-10
34 6 1.953E-10
34 7 3.0888E-10
34 8 4.9088E-10
34 9 7.748E-10
34 10 1.23276E-9
34 11 1.95167E-9
34 12 3.09269E-9
34 13 4.89617E-9
34 14 7.77263E-9
34 15 1.23025E-8
34 16 1.95144E-8
34 17 3.09281E-8
34 18 4.90216E-8
34 19 7.76394E-8
34 20 1.23117E-7
34 21 1.95083E-7
34 22 3.09248E-7
34 23 4.90122E-7
34 24 7.7669E-7
34 25 1.23077E-6
34 26 1.95428E-6
34 27 3.13344E-6
34 28 5.24817E-6
34 29 1.81237E-5
34 30 2.99861E-4
34 31 6.9687E-3
34 32 1.28181E-1
34 33 1.45081E0
34 34 4.50848E0
34 35 1.18511E0
34 36 3.41994E-2
34 37 9.81361E-5
34 38 0E0
34 39 0E0
34 40 0E0
35 1 3.1651E-11
35 2 1.8118E-11
35 3 2.9976E-11
35 4 4.5855E-11
35 5 7.3475E-11
35 6 1.1672E-10
35 7 1.846E-10
35 8 2.9338E-10
35 9 4.6307E-10
35 10 7.3677E-10
35 11 1.16643E-9
35 12 1.84838E-9
35 13 2.92625E-9
35 14 4.64539E-9
35 15 7.35269E-9
35 16 1.1663E-8
35 17 1.84845E-8
35 18 2.92983E-8
35 19 4.6402E-8
35 20 7.35823E-8
35 21 1.16593E-7
35 22 1.84825E-7
35 23 2.92926E-7
35 24 4.642E-7
35 25 7.35975E-7
35 26 1.16867E-6
35 27 1.85917E-6
35 28 2.95799E-6
35 29 4.70256E-6
35 30 7.57833E-6
35 31 5.62184E-5
35 32 2.7646E-3
35 33 8.92498E-2
35 34 1.40818E0
35 35 4.73841E0
35 36 1.03598E0
35 37 1.5953E-2
35 38 1.56554E-5
35 39 0E0
35 40 0E0
36 1 2.4695E-11
36 2 1.4136E-11
36 3 2.3388E-11
36 4 3.5778E-11
36 5 5.7327E-11
36 6 9.107E-11
36 7 1.4403E-10
36 8 2.289E-10
36 9 3.613E-10
36 10 5.7485E-10
36 11 9.1008E-10
36 12 1.44215E-9
36 13 2.28313E-9
36 14 3.62445E-9
36 15 5.73676E-9
36 16 9.09973E-9
36 17 1.44221E-8
36 18 2.28592E-8
36 19 3.6204E-8
36 20 5.74108E-8
36 21 9.09689E-8
36 22 1.44205E-7
36 23 2.28549E-7
36 24 3.62181E-7
36 25 5.74049E-7
36 26 9.09545E-7
36 27 1.44001E-6
36 28 2.28004E-6
36 29 3.62025E-6
36 30 5.76292E-6
36 31 9.17346E-6
36 32 2.05727E-5
36 33 1.01999E-3
36 34 5.89562E-2
36 35 1.353E0
36 36 4.9586E0
36 37 8.91809E-1
36 38 6.62445E-3
36 39 4.74978E-6
36 40 0E0
37 1 7.5452E-12
37 2 4.3192E-12
37 3 7.146E-12
37 4 1.0931E-11
37 5 1.7516E-11
37 6 2.7825E-11
37 7 4.4008E-11
37 8 6.9939E-11
37 9 1.1039E-10
37 10 1.7564E-10
37 11 2.7807E-10
37 12 4.4063E-10
37 13 6.9759E-10
37 14 1.10741E-9
37 15 1.7528E-9
37 16 2.78032E-9
37 17 4.4065E-9
37 18 6.98439E-9
37 19 1.10617E-8
37 20 1.75412E-8
37 21 2.77946E-8
37 22 4.40603E-8
37 23 6.98305E-8
37 24 1.1066E-7
37 25 1.75394E-7
37 26 2.7798E-7
37 27 4.40704E-7
37 28 7.01159E-7
37 29 1.12538E-6
37 30 1.83413E-6
37 31 3.02141E-6
37 32 4.9674E-6
37 33 8.56923E-6
37 34 3.28453E-4
37 35 3.67872E-2
37 36 1.29097E0
37 37 5.16319E0
37 38 7.58493E-1
37 39 2.38307E-3
37 40 1.78283E-7
38 1 6.8888E-12
38 2 3.9434E-12
38 3 6.5243E-12
38 4 9.9804E-12
38 5 1.5992E-11
38 6 2.5405E-11
38 7 4.0179E-11
38 8 6.3854E-11
38 9 1.0079E-10
38 10 1.6036E-10
38 11 2.5387E-10
38 12 4.023E-10
38 13 6.369E-10
38 14 1.01107E-9
38 15 1.60031E-9
38 16 2.53843E-9
38 17 4.02313E-9
38 18 6.37674E-9
38 19 1.00994E-8
38 20 1.60151E-8
38 21 2.53764E-8
38 22 4.0227E-8
38 23 6.37552E-8
38 24 1.01033E-7
38 25 1.60135E-7
38 26 2.53795E-7
38 27 4.02235E-7
38 28 6.37193E-7
38 29 1.00617E-6
38 30 1.57748E-6
38 31 2.44968E-6
38 32 3.77104E-6
38 33 5.78892E-6
38 34 8.93298E-6
38 35 9.85986E-5
38 36 2.15806E-2
38 37 1.22517E0
38 38 5.35027E0
38 39 6.38796E-1
38 40 7.15102E-4
39 1 6.1905E-12
39 2 3.5437E-12
39 3 5.863E-12
39 4 8.9687E-12
39 5 1.4371E-11
39 6 2.283E-11
39 7 3.6106E-11
39 8 5.7382E-11
39 9 9.0571E-11
39 10 1.441E-10
39 11 2.2814E-10
39 12 3.6152E-10
39 13 5.7234E-10
39 14 9.0858E-10
39 15 1.4381E-9
39 16 2.28113E-9
39 17 3.61533E-9
39 18 5.73037E-9
39 19 9.07564E-9
39 20 1.43918E-8
39 21 2.28042E-8
39 22 3.61494E-8
39 23 5.72927E-8
39 24 9.07917E-8
39 25 1.43903E-7
39 26 2.2807E-7
39 27 3.61463E-7
39 28 5.72879E-7
39 29 9.08168E-7
39 30 1.44294E-6
39 31 2.30364E-6
39 32 3.69836E-6
39 33 5.96516E-6
39 34 9.63002E-6
39 35 1.55044E-5
39 36 4.10387E-5
39 37 1.17564E-2
39 38 1.15948E0
39 39 5.51798E0
39 40 5.33992E-1
40 1 2.3015E-12
40 2 1.3175E-12
40 3 2.1798E-12
40 4 3.3344E-12
40 5 5.3429E-12
40 6 8.4877E-12
40 7 1.3424E-11
40 8 2.1334E-11
40 9 3.3673E-11
40 10 5.3576E-11
40 11 8.4819E-11
40 12 1.3441E-10
40 13 2.1279E-10
40 14 3.378E-10
40 15 5.3466E-10
40 16 8.4809E-10
40 17 1.34413E-9
40 18 2.13047E-9
40 19 3.37419E-9
40 20 5.35065E-9
40 21 8.47825E-9
40 22 1.34398E-8
40 23 2.13006E-8
40 24 3.3755E-8
40 25 5.35011E-8
40 26 8.4793E-8
40 27 1.34387E-7
40 28 2.12988E-7
40 29 3.37561E-7
40 30 5.35172E-7
40 31 8.51793E-7
40 32 1.36747E-6
40 33 2.21861E-6
40 34 3.62358E-6
40 35 5.90938E-6
40 36 9.58247E-6
40 37 1.73701E-5
40 38 5.75583E-3
40 39 1.09594E0
40 40 6.10955E0
