1 1 4.58026E-1
1 2 1.69618E-1
1 3 2.2708E-1
1 4 2.74634E-1
1 5 3.46566E-1
1 6 4.31708E-1
1 7 5.337E-1
1 8 6.60227E-1
1 9 8.072E-1
1 10 9.88261E-1
1 11 1.19374E0
1 12 1.42879E0
1 13 1.68651E0
1 14 1.96355E0
1 15 2.23287E0
1 16 2.48E0
1 17 2.66381E0
1 18 2.74681E0
1 19 2.6881E0
1 20 2.46899E0
1 21 2.08911E0
1 22 1.59738E0
1 23 1.07486E0
1 24 6.16351E-1
1 25 2.89438E-1
1 26 1.05899E-1
1 27 2.83872E-2
1 28 5.1667E-3
1 29 5.81209E-4
1 30 3.68325E-5
1 31 1.46807E-6
1 32 0E0
1 33 0E0
1 34 0E0
1 35 0E0
1 36 0E0
1 37 0E0
1 38 0E0
1 39 0E0
1 40 0E0
2 1 3.67881E-1
2 2 1.45371E-1
2 3 1.99911E-1
2 4 2.45792E-1
2 5 3.10767E-1
2 6 3.87131E-1
2 7 4.78615E-1
2 8 5.92121E-1
2 9 7.23994E-1
2 10 8.86465E-1
2 11 1.07093E0
2 12 1.28196E0
2 13 1.51357E0
2 14 1.76263E0
2 15 2.00499E0
2 16 2.22771E0
2 17 2.39403E0
2 18 2.47015E0
2 19 2.41923E0
2 20 2.22422E0
2 21 1.88429E0
2 22 1.44289E0
2 23 9.72749E-1
2 24 5.59112E-1
2 25 2.63319E-1
2 26 9.66877E-2
2 27 2.60317E-2
2 28 4.76378E-3
2 29 5.39414E-4
2 30 3.44493E-5
2 31 1.38347E-6
2 32 0E0
2 33 0E0
2 34 0E0
2 35 0E0
2 36 0E0
2 37 0E0
2 38 0E0
2 39 0E0
2 40 0E0
3 1 2.91408E-1
3 2 1.20592E-1
3 3 1.71278E-1
3 4 2.17158E-1
3 5 2.78328E-1
3 6 3.47067E-1
3 7 4.29114E-1
3 8 5.30922E-1
3 9 6.49227E-1
3 10 7.95023E-1
3 11 9.60615E-1
3 12 1.15011E0
3 13 1.35829E0
3 14 1.58227E0
3 15 1.80054E0
3 16 2.00147E0
3 17 2.15221E0
3 18 2.22239E0
3 19 2.17871E0
3 20 2.00553E0
3 21 1.70163E0
3 22 1.30544E0
3 23 8.82156E-1
3 24 5.08534E-1
3 25 2.40366E-1
3 26 8.86523E-2
3 27 2.39987E-2
3 28 4.42125E-3
3 29 5.04689E-4
3 30 3.25465E-5
3 31 1.31911E-6
3 32 0E0
3 33 0E0
3 34 0E0
3 35 0E0
3 36 0E0
3 37 0E0
3 38 0E0
3 39 0E0
3 40 0E0
4 1 2.2582E-1
4 2 9.62236E-2
4 3 1.41591E-1
4 4 1.86617E-1
4 5 2.47157E-1
4 6 3.11536E-1
4 7 3.85376E-1
4 8 4.76852E-1
4 9 5.83179E-1
4 10 7.14265E-1
4 11 8.63192E-1
4 12 1.03375E0
4 13 1.22123E0
4 14 1.42318E0
4 15 1.6203E0
4 16 1.80216E0
4 17 1.9393E0
4 18 2.00456E0
4 19 1.96756E0
4 20 1.81387E0
4 21 1.54197E0
4 22 1.18572E0
4 23 8.0357E-1
4 24 4.64914E-1
4 25 2.20733E-1
4 26 8.18559E-2
4 27 2.23078E-2
4 28 4.14317E-3
4 29 4.77585E-4
4 30 3.1169E-5
4 31 1.27708E-6
4 32 0E0
4 33 0E0
4 34 0E0
4 35 0E0
4 36 0E0
4 37 0E0
4 38 0E0
4 39 0E0
4 40 0E0
5 1 1.8023E-1
5 2 7.61112E-2
5 3 1.1337E-1
5 4 1.54321E-1
5 5 2.13355E-1
5 6 2.78326E-1
5 7 3.47051E-1
5 8 4.29557E-1
5 9 5.25419E-1
5 10 6.43641E-1
5 11 7.78044E-1
5 12 9.32065E-1
5 13 1.10149E0
5 14 1.28431E0
5 15 1.46308E0
5 16 1.62845E0
5 17 1.75403E0
5 18 1.81522E0
5 19 1.78436E0
5 20 1.64801E0
5 21 1.4042E0
5 22 1.08292E0
5 23 7.36469E-1
5 24 4.27972E-1
5 25 2.04293E-1
5 26 7.62586E-2
5 27 2.09498E-2
5 28 3.92866E-3
5 29 4.58122E-4
5 30 3.08135E-5
5 31 1.26676E-6
5 32 0E0
5 33 0E0
5 34 0E0
5 35 0E0
5 36 0E0
5 37 0E0
5 38 0E0
5 39 0E0
5 40 0E0
6 1 1.41432E-1
6 2 5.94378E-2
6 3 8.8769E-2
6 4 1.22458E-1
6 5 1.75561E-1
6 6 2.41049E-1
6 7 3.11424E-1
6 8 3.87687E-1
6 9 4.74319E-1
6 10 5.81185E-1
6 11 7.02763E-1
6 12 8.42191E-1
6 13 9.95774E-1
6 14 1.16176E0
6 15 1.32444E0
6 16 1.47549E0
6 17 1.59117E0
6 18 1.64909E0
6 19 1.62398E0
6 20 1.50334E0
6 21 1.28453E0
6 22 9.94191E-1
6 23 6.79054E-1
6 24 3.96744E-1
6 25 1.9064E-1
6 26 7.17352E-2
6 27 1.98999E-2
6 28 3.77554E-3
6 29 4.4644E-4
6 30 3.1441E-5
6 31 1.29279E-6
6 32 0E0
6 33 0E0
6 34 0E0
6 35 0E0
6 36 0E0
6 37 0E0
6 38 0E0
6 39 0E0
6 40 0E0
7 1 1.07162E-1
7 2 4.49224E-2
7 3 6.78978E-2
7 4 9.46171E-2
7 5 1.37718E-1
7 6 1.9716E-1
7 7 2.70912E-1
7 8 3.49654E-1
7 9 4.29507E-1
7 10 5.26425E-1
7 11 6.36792E-1
7 12 7.63494E-1
7 13 9.03262E-1
7 14 1.05456E0
7 15 1.20337E0
7 16 1.34214E0
7 17 1.44935E0
7 18 1.50486E0
7 19 1.48524E0
7 20 1.37874E0
7 21 1.18214E0
7 22 9.18865E-1
7 23 6.30945E-1
7 24 3.71036E-1
7 25 1.79711E-1
7 26 6.82787E-2
7 27 1.91629E-2
7 28 3.68665E-3
7 29 4.43222E-4
7 30 3.18952E-5
7 31 1.33723E-6
7 32 0E0
7 33 0E0
7 34 0E0
7 35 0E0
7 36 0E0
7 37 0E0
7 38 0E0
7 39 0E0
7 40 0E0
8 1 8.23161E-2
8 2 3.45315E-2
8 3 5.2245E-2
8 4 7.30187E-2
8 5 1.06568E-1
8 6 1.53866E-1
8 7 2.20307E-1
8 8 3.05536E-1
8 9 3.89324E-1
8 10 4.78507E-1
8 11 5.79096E-1
8 12 6.94679E-1
8 13 8.22476E-1
8 14 9.61107E-1
8 15 1.09798E0
8 16 1.2263E0
8 17 1.3265E0
8 18 1.38028E0
8 19 1.36606E0
8 20 1.2724E0
8 21 1.09557E0
8 22 8.55969E-1
8 23 5.91533E-1
8 24 3.50588E-1
8 25 1.71433E-1
8 26 6.58878E-2
8 27 1.87489E-2
8 28 3.66671E-3
8 29 4.49484E-4
8 30 3.26121E-5
8 31 1.40832E-6
8 32 0E0
8 33 0E0
8 34 0E0
8 35 0E0
8 36 0E0
8 37 0E0
8 38 0E0
8 39 0E0
8 40 0E0
9 1 6.58659E-2
9 2 2.7064E-2
9 3 4.02656E-2
9 4 5.58866E-2
9 5 8.19144E-2
9 6 1.18812E-1
9 7 1.71277E-1
9 8 2.47611E-1
9 9 3.4245E-1
9 10 4.36422E-1
9 11 5.29255E-1
9 12 6.35267E-1
9 13 7.52845E-1
9 14 8.80761E-1
9 15 1.00755E0
9 16 1.12725E0
9 17 1.22193E0
9 18 1.27476E0
9 19 1.2659E0
9 20 1.18397E0
9 21 1.02466E0
9 22 8.05583E-1
9 23 5.61009E-1
9 24 3.35615E-1
9 25 1.65986E-1
9 26 6.46647E-2
9 27 1.87E-2
9 28 3.72727E-3
9 29 4.67172E-4
9 30 3.38144E-5
9 31 1.51044E-6
9 32 0E0
9 33 0E0
9 34 0E0
9 35 0E0
9 36 0E0
9 37 0E0
9 38 0E0
9 39 0E0
9 40 0E0
10 1 5.00953E-2
10 2 2.05657E-2
10 3 3.07377E-2
10 4 4.27672E-2
10 5 6.26616E-2
10 6 9.10413E-2
10 7 1.31515E-1
10 8 1.90966E-1
10 9 2.7555E-1
10 10 3.8607E-1
10 11 4.85747E-1
10 12 5.84155E-1
10 13 6.92879E-1
10 14 8.11727E-1
10 15 9.30123E-1
10 16 1.04277E0
10 17 1.1332E0
10 18 1.18588E0
10 19 1.18239E0
10 20 1.11132E0
10 21 9.67628E-1
10 22 7.66419E-1
10 23 5.38605E-1
10 24 3.25782E-1
10 25 1.63282E-1
10 26 6.46306E-2
10 27 1.9045E-2
10 28 3.88086E-3
10 29 4.99109E-4
10 30 3.68843E-5
10 31 1.69621E-6
10 32 0E0
10 33 0E0
10 34 0E0
10 35 0E0
10 36 0E0
10 37 0E0
10 38 0E0
10 39 0E0
10 40 0E0
11 1 3.72197E-2
11 2 1.52867E-2
11 3 2.28032E-2
11 4 3.16676E-2
11 5 4.64553E-2
11 6 6.79916E-2
11 7 9.90687E-2
11 8 1.44751E-1
11 9 2.10217E-1
11 10 3.08195E-1
11 11 4.32649E-1
11 12 5.40601E-1
11 13 6.424E-1
11 14 7.53705E-1
11 15 8.65336E-1
11 16 9.7249E-1
11 17 1.05999E0
11 18 1.11338E0
11 19 1.11531E0
11 20 1.05434E0
11 21 9.24562E-1
11 22 7.38732E-1
11 23 5.24662E-1
11 24 3.2146E-1
11 25 1.63633E-1
11 26 6.5977E-2
11 27 1.98715E-2
11 28 4.15471E-3
11 29 5.5059E-4
11 30 4.20635E-5
11 31 1.99586E-6
11 32 0E0
11 33 0E0
11 34 0E0
11 35 0E0
11 36 0E0
11 37 0E0
11 38 0E0
11 39 0E0
11 40 0E0
12 1 2.91291E-2
12 2 1.19411E-2
12 3 1.77344E-2
12 4 2.44383E-2
12 5 3.54252E-2
12 6 5.10243E-2
12 7 7.39419E-2
12 8 1.0865E-1
12 9 1.58658E-1
12 10 2.33696E-1
12 11 3.43474E-1
12 12 4.85275E-1
12 13 5.99866E-1
12 14 7.05318E-1
12 15 8.11694E-1
12 16 9.14912E-1
12 17 1.00089E0
12 18 1.05595E0
12 19 1.06375E0
12 20 1.01256E0
12 21 8.95467E-1
12 22 7.22905E-1
12 23 5.19857E-1
12 24 3.23329E-1
12 25 1.67563E-1
12 26 6.90076E-2
12 27 2.13052E-2
12 28 4.58424E-3
12 29 6.27881E-4
12 30 4.97184E-5
12 31 2.43653E-6
12 32 0E0
12 33 0E0
12 34 0E0
12 35 0E0
12 36 0E0
12 37 0E0
12 38 0E0
12 39 0E0
12 40 0E0
13 1 2.02697E-2
13 2 8.32651E-3
13 3 1.23778E-2
13 4 1.70555E-2
13 5 2.47643E-2
13 6 3.59706E-2
13 7 5.25912E-2
13 8 7.80547E-2
13 9 1.15727E-1
13 10 1.72567E-1
13 11 2.56002E-1
13 12 3.81325E-1
13 13 5.4348E-1
13 14 6.66935E-1
13 15 7.69647E-1
13 16 8.70387E-1
13 17 9.56105E-1
13 18 1.01379E0
13 19 1.0276E0
13 20 9.85795E-1
13 21 8.80112E-1
13 22 7.18794E-1
13 23 5.24235E-1
13 24 3.31622E-1
13 25 1.75399E-1
13 26 7.401E-2
13 27 2.35137E-2
13 28 5.23272E-3
13 29 7.45469E-4
13 30 6.14524E-5
13 31 3.14895E-6
13 32 0E0
13 33 0E0
13 34 0E0
13 35 0E0
13 36 0E0
13 37 0E0
13 38 0E0
13 39 0E0
13 40 0E0
14 1 1.61366E-2
14 2 6.62187E-3
14 3 9.83699E-3
14 4 1.35453E-2
14 5 1.96055E-2
14 6 2.82328E-2
14 7 4.07179E-2
14 8 5.92998E-2
14 9 8.62856E-2
14 10 1.28065E-1
14 11 1.89961E-1
14 12 2.83073E-1
14 13 4.23928E-1
14 14 6.08693E-1
14 15 7.35468E-1
14 16 8.3518E-1
14 17 9.22131E-1
14 18 9.83922E-1
14 19 1.00494E0
14 20 9.73238E-1
14 21 8.78947E-1
14 22 7.27887E-1
14 23 5.39799E-1
14 24 3.48282E-1
14 25 1.8856E-1
14 26 8.17617E-2
14 27 2.68049E-2
14 28 6.18294E-3
14 29 9.17312E-4
14 30 7.87011E-5
14 31 4.20005E-6
14 32 0E0
14 33 0E0
14 34 0E0
14 35 0E0
14 36 0E0
14 37 0E0
14 38 0E0
14 39 0E0
14 40 0E0
15 1 1.16384E-2
15 2 4.77942E-3
15 3 7.10351E-3
15 4 9.7858E-3
15 5 1.41696E-2
15 6 2.03957E-2
15 7 2.93698E-2
15 8 4.28389E-2
15 9 6.26795E-2
15 10 9.31339E-2
15 11 1.3826E-1
15 12 2.06403E-1
15 13 3.09997E-1
15 14 4.70709E-1
15 15 6.79399E-1
15 16 8.11581E-1
15 17 9.01163E-1
15 18 9.6835E-1
15 19 9.97506E-1
15 20 9.76264E-1
15 21 8.93055E-1
15 22 7.51135E-1
15 23 5.67508E-1
15 24 3.74382E-1
15 25 2.08062E-1
15 26 9.30415E-2
15 27 3.16128E-2
15 28 7.59885E-3
15 29 1.18193E-3
15 30 1.06753E-4
15 31 5.96279E-6
15 32 0E0
15 33 0E0
15 34 0E0
15 35 0E0
15 36 0E0
15 37 0E0
15 38 0E0
15 39 0E0
15 40 0E0
16 1 7.99307E-3
16 2 3.28759E-3
16 3 4.88991E-3
16 4 6.7426E-3
16 5 9.77429E-3
16 6 1.40857E-2
16 7 2.02953E-2
16 8 2.95898E-2
16 9 4.32924E-2
16 10 6.45337E-2
16 11 9.66203E-2
16 12 1.4574E-1
16 13 2.20746E-1
16 14 3.37721E-1
16 15 5.19762E-1
16 16 7.59992E-1
16 17 8.93482E-1
16 18 9.67522E-1
16 19 1.00619E0
16 20 9.96191E-1
16 21 9.24319E-1
16 22 7.909E-1
16 23 6.10039E-1
16 24 4.12519E-1
16 25 2.36058E-1
16 26 1.09272E-1
16 27 3.86586E-2
16 28 9.73876E-3
16 29 1.59914E-3
16 30 1.53526E-4
16 31 9.02527E-6
16 32 0E0
16 33 0E0
16 34 0E0
16 35 0E0
16 36 0E0
16 37 0E0
16 38 0E0
16 39 0E0
16 40 0E0
17 1 5.69335E-3
17 2 2.34285E-3
17 3 3.48554E-3
17 4 4.80762E-3
17 5 6.9719E-3
17 6 1.00518E-2
17 7 1.44906E-2
17 8 2.11123E-2
17 9 3.07869E-2
17 10 4.56607E-2
17 11 6.8011E-2
17 12 1.02276E-1
17 13 1.54897E-1
17 14 2.37426E-1
17 15 3.66698E-1
17 16 5.74007E-1
17 17 8.466E-1
17 18 9.78473E-1
17 19 1.02885E0
17 20 1.03236E0
17 21 9.73678E-1
17 22 8.49696E-1
17 23 6.71034E-1
17 24 4.66637E-1
17 25 2.75963E-1
17 26 1.3274E-1
17 27 4.90982E-2
17 28 1.30156E-2
17 29 2.26495E-3
17 30 2.31965E-4
17 31 1.40875E-5
17 32 2.50141E-6
17 33 9.00257E-7
17 34 0E0
17 35 0E0
17 36 0E0
17 37 0E0
17 38 0E0
17 39 0E0
17 40 0E0
18 1 3.68311E-3
18 2 1.51834E-3
18 3 2.26101E-3
18 4 3.12199E-3
18 5 4.53352E-3
18 6 6.54761E-3
18 7 9.45878E-3
18 8 1.3808E-2
18 9 2.01703E-2
18 10 2.99826E-2
18 11 4.48315E-2
18 12 6.78677E-2
18 13 1.0374E-1
18 14 1.60513E-1
18 15 2.50199E-1
18 16 3.95339E-1
18 17 6.31694E-1
18 18 9.43832E-1
18 19 1.06926E0
18 20 1.08849E0
18 21 1.04475E0
18 22 9.31364E-1
18 23 7.54637E-1
18 24 5.4111E-1
18 25 3.31872E-1
18 26 1.66606E-1
18 27 6.47961E-2
18 28 1.82061E-2
18 29 3.38816E-3
18 30 3.74607E-4
18 31 2.30387E-5
18 32 3.60962E-6
18 33 2.49806E-7
18 34 0E0
18 35 0E0
18 36 0E0
18 37 0E0
18 38 0E0
18 39 0E0
18 40 0E0
19 1 2.17972E-3
19 2 9.0057E-4
19 3 1.3425E-3
19 4 1.85635E-3
19 5 2.70037E-3
19 6 3.9085E-3
19 7 5.66185E-3
19 8 8.29361E-3
19 9 1.2158E-2
19 10 1.81412E-2
19 11 2.72703E-2
19 12 4.16294E-2
19 13 6.4474E-2
19 14 1.01648E-1
19 15 1.61547E-1
19 16 2.59775E-1
19 17 4.22028E-1
19 18 6.93296E-1
19 19 1.0529E0
19 20 1.16872E0
19 21 1.14264E0
19 22 1.04182E0
19 23 8.6758E-1
19 24 6.42963E-1
19 25 4.10259E-1
19 26 2.15918E-1
19 27 8.88119E-2
19 28 2.66716E-2
19 29 5.36907E-3
19 30 6.51211E-4
19 31 4.267E-5
19 32 4.78468E-6
19 33 2.98927E-7
19 34 1.42249E-9
19 35 0E0
19 36 0E0
19 37 0E0
19 38 0E0
19 39 0E0
19 40 0E0
20 1 1.35072E-3
20 2 5.5948E-4
20 3 8.34718E-4
20 4 1.15548E-3
20 5 1.68285E-3
20 6 2.43942E-3
20 7 3.5403E-3
20 8 5.19685E-3
20 9 7.63696E-3
20 10 1.14172E-2
20 11 1.71658E-2
20 12 2.61573E-2
20 13 4.03708E-2
20 14 6.3381E-2
20 15 1.01113E-1
20 16 1.64495E-1
20 17 2.70673E-1
20 18 4.50893E-1
20 19 7.58954E-1
20 20 1.16924E0
20 21 1.26401E0
20 22 1.18301E0
20 23 1.01681E0
20 24 7.82697E-1
20 25 5.22308E-1
20 26 2.89744E-1
20 27 1.26637E-1
20 28 4.07871E-2
20 29 8.88615E-3
20 30 1.1773E-3
20 31 8.37204E-5
20 32 5.64489E-6
20 33 1.48409E-7
20 34 3.283E-9
20 35 0E0
20 36 0E0
20 37 0E0
20 38 0E0
20 39 0E0
20 40 0E0
21 1 7.5721E-4
21 2 3.14734E-4
21 3 4.70256E-4
21 4 6.52023E-4
21 5 9.51677E-4
21 6 1.38316E-3
21 7 2.0136E-3
21 8 2.96738E-3
21 9 4.3812E-3
21 10 6.58667E-3
21 11 9.96854E-3
21 12 1.53041E-2
21 13 2.38281E-2
21 14 3.78145E-2
21 15 6.08066E-2
21 16 9.95396E-2
21 17 1.65422E-1
21 18 2.79216E-1
21 19 4.77652E-1
21 20 8.27814E-1
21 21 1.29496E0
21 22 1.36235E0
21 23 1.21139E0
21 24 9.71555E-1
21 25 6.80817E-1
21 26 4.0014E-1
21 27 1.87189E-1
21 28 6.51997E-2
21 29 1.55431E-2
21 30 2.28264E-3
21 31 1.81172E-4
21 32 7.78607E-6
21 33 2.38123E-7
21 34 8.51293E-9
21 35 0E0
21 36 0E0
21 37 0E0
21 38 0E0
21 39 0E0
21 40 0E0
22 1 3.72761E-4
22 2 1.55898E-4
22 3 2.33343E-4
22 4 3.24296E-4
22 5 4.74688E-4
22 6 6.92318E-4
22 7 1.01223E-3
22 8 1.49946E-3
22 9 2.2278E-3
22 10 3.37475E-3
22 11 5.15372E-3
22 12 7.99594E-3
22 13 1.25996E-2
22 14 2.02612E-2
22 15 3.30719E-2
22 16 5.50822E-2
22 17 9.33326E-2
22 18 1.60952E-1
22 19 2.81867E-1
22 20 5.01146E-1
22 21 8.99609E-1
22 22 1.43552E0
22 23 1.46238E0
22 24 1.22452E0
22 25 9.04432E-1
22 26 5.66048E-1
22 27 2.85309E-1
22 28 1.08492E-1
22 29 2.8647E-2
22 30 4.73112E-3
22 31 4.29114E-4
22 32 1.90208E-5
22 33 6.63182E-7
22 34 2.45848E-8
22 35 0E0
22 36 0E0
22 37 0E0
22 38 0E0
22 39 0E0
22 40 0E0
23 1 1.57673E-4
23 2 6.68674E-5
23 3 1.00264E-4
23 4 1.39636E-4
23 5 2.04937E-4
23 6 2.99922E-4
23 7 4.40416E-4
23 8 6.55952E-4
23 9 9.81196E-4
23 10 1.49892E-3
23 11 2.31334E-3
23 12 3.63604E-3
23 13 5.82092E-3
23 14 9.53928E-3
23 15 1.59169E-2
23 16 2.71707E-2
23 17 4.7284E-2
23 18 8.39078E-2
23 19 1.51578E-1
23 20 2.78743E-1
23 21 5.18755E-1
23 22 9.7322E-1
23 23 1.58987E0
23 24 1.56092E0
23 25 1.21813E0
23 26 8.15256E-1
23 27 4.45437E-1
23 28 1.86477E-1
23 29 5.51773E-2
23 30 1.04186E-2
23 31 1.10436E-3
23 32 5.68321E-5
23 33 2.02873E-6
23 34 8.04989E-8
23 35 0E0
23 36 0E0
23 37 0E0
23 38 0E0
23 39 0E0
23 40 0E0
24 1 5.8089E-5
24 2 2.55653E-5
24 3 3.84308E-5
24 4 5.36941E-5
24 5 7.91052E-5
24 6 1.1632E-4
24 7 1.71794E-4
24 8 2.57661E-4
24 9 3.88665E-4
24 10 5.99729E-4
24 11 9.36599E-4
24 12 1.49273E-3
24 13 2.42885E-3
24 14 4.05805E-3
24 15 6.92561E-3
24 16 1.21223E-2
24 17 2.16716E-2
24 18 3.95826E-2
24 19 7.37878E-2
24 20 1.40563E-1
24 21 2.72101E-1
24 22 5.3282E-1
24 23 1.04736E0
24 24 1.7521E0
24 25 1.64998E0
24 26 1.18713E0
24 27 7.07891E-1
24 28 3.28915E-1
24 29 1.10017E-1
24 30 2.39604E-2
24 31 2.99359E-3
24 32 1.83345E-4
24 33 6.51754E-6
24 34 2.66508E-7
24 35 0E0
24 36 0E0
24 37 0E0
24 38 0E0
24 39 0E0
24 40 0E0
25 1 1.68105E-5
25 2 8.03895E-6
25 3 1.21267E-5
25 4 1.70069E-5
25 5 2.51696E-5
25 6 3.72188E-5
25 7 5.53484E-5
25 8 8.37126E-5
25 9 1.27562E-4
25 10 1.99246E-4
25 11 3.15716E-4
25 12 5.11909E-4
25 13 8.50022E-4
25 14 1.45457E-3
25 15 2.55505E-3
25 16 4.62424E-3
25 17 8.55334E-3
25 18 1.61788E-2
25 19 3.13017E-2
25 20 6.21286E-2
25 21 1.25968E-1
25 22 2.59677E-1
25 23 5.39645E-1
25 24 1.11988E0
25 25 1.92451E0
25 26 1.72756E0
25 27 1.1304E0
25 28 5.87679E-1
25 29 2.247E-1
25 30 5.72608E-2
25 31 8.58594E-3
25 32 6.47776E-4
25 33 2.19409E-5
25 34 9.43552E-7
25 35 0E0
25 36 0E0
25 37 0E0
25 38 0E0
25 39 0E0
25 40 0E0
26 1 3.13553E-6
26 2 1.78319E-6
26 3 2.88673E-6
26 4 4.23229E-6
26 5 6.41239E-6
26 6 9.55214E-6
26 7 1.41609E-5
26 8 2.13029E-5
26 9 3.23019E-5
26 10 5.02764E-5
26 11 7.95993E-5
26 12 1.29548E-4
26 13 2.17383E-4
26 14 3.79416E-4
26 15 6.88075E-4
26 16 1.30787E-3
26 17 2.59247E-3
26 18 5.26968E-3
26 19 1.08732E-2
26 20 2.28084E-2
26 21 4.86595E-2
26 22 1.06229E-1
26 23 2.36899E-1
26 24 5.32435E-1
26 25 1.18752E0
26 26 2.11556E0
26 27 1.79482E0
26 28 1.04643E0
26 29 4.60842E-1
26 30 1.39601E-1
26 31 2.58469E-2
26 32 2.51971E-3
26 33 1.07677E-4
26 34 3.9929E-6
26 35 1.69209E-8
26 36 0E0
26 37 0E0
26 38 0E0
26 39 0E0
26 40 0E0
27 1 5.36906E-7
27 2 3.07345E-7
27 3 5.08445E-7
27 4 7.71156E-7
27 5 1.20753E-6
27 6 1.86799E-6
27 7 2.87039E-6
27 8 4.4103E-6
27 9 6.80198E-6
27 10 1.07961E-5
27 11 1.74852E-5
27 12 2.91631E-5
27 13 5.02103E-5
27 14 8.9981E-5
27 15 1.67635E-4
27 16 3.27682E-4
27 17 6.72095E-4
27 18 1.43786E-3
27 19 3.15516E-3
27 20 7.06073E-3
27 21 1.60678E-2
27 22 3.73427E-2
27 23 8.89182E-2
27 24 2.15811E-1
27 25 5.2479E-1
27 26 1.25355E0
27 27 2.30281E0
27 28 1.83807E0
27 29 9.42516E-1
27 30 3.42171E-1
27 31 7.82032E-2
27 32 9.70793E-3
27 33 5.44541E-4
27 34 1.45382E-5
27 35 2.94424E-7
27 36 0E0
27 37 0E0
27 38 0E0
27 39 0E0
27 40 0E0
28 1 7.54187E-8
28 2 4.31724E-8
28 3 7.14283E-8
28 4 1.09266E-7
28 5 1.75079E-7
28 6 2.78131E-7
28 7 4.39881E-7
28 8 6.99081E-7
28 9 1.0995E-6
28 10 1.72459E-6
28 11 2.72809E-6
28 12 4.49662E-6
28 13 7.75517E-6
28 14 1.40765E-5
28 15 2.68876E-5
28 16 5.45025E-5
28 17 1.17329E-4
28 18 2.6962E-4
28 19 6.55317E-4
28 20 1.63747E-3
28 21 4.1257E-3
28 22 1.03648E-2
28 23 2.64135E-2
28 24 6.97072E-2
28 25 1.87988E-1
28 26 5.04939E-1
28 27 1.31476E0
28 28 2.50789E0
28 29 1.86349E0
28 30 8.20021E-1
28 31 2.3628E-1
28 32 3.85698E-2
28 33 2.9798E-3
28 34 8.83621E-5
28 35 1.43321E-6
28 36 0E0
28 37 0E0
28 38 0E0
28 39 0E0
28 40 0E0
29 1 1.19002E-8
29 2 6.81208E-9
29 3 1.12705E-8
29 4 1.72408E-8
29 5 2.76254E-8
29 6 4.38858E-8
29 7 6.94078E-8
29 8 1.10307E-7
29 9 1.74106E-7
29 10 2.77014E-7
29 11 4.38559E-7
29 12 6.94958E-7
29 13 1.10282E-6
29 14 1.79235E-6
29 15 3.04904E-6
29 16 5.74037E-6
29 17 1.23028E-5
29 18 2.95665E-5
29 19 7.89027E-5
29 20 2.31113E-4
29 21 7.26998E-4
29 22 2.23004E-3
29 23 6.33795E-3
29 24 1.78494E-2
29 25 5.18143E-2
29 26 1.56003E-1
29 27 4.71394E-1
29 28 1.36651E0
29 29 2.73424E0
29 30 1.86615E0
29 31 6.84251E-1
29 32 1.50228E-1
29 33 1.65872E-2
29 34 7.35396E-4
29 35 1.17497E-5
29 36 0E0
29 37 0E0
29 38 0E0
29 39 0E0
29 40 0E0
30 1 2.52313E-9
30 2 1.44433E-9
30 3 2.38963E-9
30 4 3.65548E-9
30 5 5.85726E-9
30 6 9.30486E-9
30 7 1.47162E-8
30 8 2.33877E-8
30 9 3.69148E-8
30 10 5.87337E-8
30 11 9.29852E-8
30 12 1.47348E-7
30 13 2.33273E-7
30 14 3.70319E-7
30 15 5.86247E-7
30 16 9.36142E-7
30 17 1.62358E-6
30 18 3.45256E-6
30 19 9.18871E-6
30 20 2.98422E-5
30 21 1.00442E-4
30 22 3.22182E-4
30 23 1.00971E-3
30 24 3.20247E-3
30 25 1.05275E-2
30 26 3.61985E-2
30 27 1.27417E-1
30 28 4.39287E-1
30 29 1.41421E0
30 30 2.95367E0
30 31 1.84538E0
30 32 5.49378E-1
30 33 8.69141E-2
30 34 5.90033E-3
30 35 1.33463E-4
30 36 2.9181E-6
30 37 8.76497E-7
30 38 0E0
30 39 0E0
30 40 0E0
31 1 9.2E-10
31 2 5.2664E-10
31 3 8.7132E-10
31 4 1.33289E-9
31 5 2.13571E-9
31 6 3.3928E-9
31 7 5.36591E-9
31 8 8.52779E-9
31 9 1.34601E-8
31 10 2.14159E-8
31 11 3.39049E-8
31 12 5.37272E-8
31 13 8.50577E-8
31 14 1.35028E-7
31 15 2.13722E-7
31 16 3.39009E-7
31 17 5.37434E-7
31 18 8.56162E-7
31 19 1.38473E-6
31 20 2.40522E-6
31 21 5.89059E-6
31 22 2.11832E-5
31 23 8.38377E-5
31 24 3.41249E-4
31 25 1.40721E-3
31 26 5.59796E-3
31 27 2.30497E-2
31 28 9.71375E-2
31 29 3.95139E-1
31 30 1.45438E0
31 31 3.18881E0
31 32 1.79522E0
31 33 4.19399E-1
31 34 4.50266E-2
31 35 1.69176E-3
31 36 1.73365E-5
31 37 2.79523E-7
31 38 3.9496E-10
31 39 0E0
31 40 0E0
32 1 1.3643E-10
32 2 7.8096E-11
32 3 1.2921E-10
32 4 1.9766E-10
32 5 3.1671E-10
32 6 5.0312E-10
32 7 7.9572E-10
32 8 1.2646E-9
32 9 1.99602E-9
32 10 3.17579E-9
32 11 5.0278E-9
32 12 7.96726E-9
32 13 1.26133E-8
32 14 2.00235E-8
32 15 3.16931E-8
32 16 5.0272E-8
32 17 7.96755E-8
32 18 1.26287E-7
32 19 2.00011E-7
32 20 3.1788E-7
32 21 5.75201E-7
32 22 1.38979E-6
32 23 4.92478E-6
32 24 2.36039E-5
32 25 1.22093E-4
32 26 5.59492E-4
32 27 2.63433E-3
32 28 1.33721E-2
32 29 6.97401E-2
32 30 3.44603E-1
32 31 1.48106E0
32 32 3.43353E0
32 33 1.71881E0
32 34 3.02162E-1
32 35 2.04762E-2
32 36 3.78196E-4
32 37 1.82376E-6
32 38 1.18598E-8
32 39 0E0
32 40 0E0
33 1 1.0478E-10
33 2 5.9982E-11
33 3 9.924E-11
33 4 1.5181E-10
33 5 2.4325E-10
33 6 3.8643E-10
33 7 6.1115E-10
33 8 9.7128E-10
33 9 1.53305E-9
33 10 2.43918E-9
33 11 3.86162E-9
33 12 6.11929E-9
33 13 9.6877E-9
33 14 1.53791E-8
33 15 2.4342E-8
33 16 3.86116E-8
33 17 6.11951E-8
33 18 9.69955E-8
33 19 1.53619E-7
33 20 2.43603E-7
33 21 3.85996E-7
33 22 6.11886E-7
33 23 9.72049E-7
33 24 1.81388E-6
33 25 6.5232E-6
33 26 3.22891E-5
33 27 1.72142E-4
33 28 1.03661E-3
33 29 6.88709E-3
33 30 4.67042E-2
33 31 2.90982E-1
33 32 1.49444E0
33 33 3.68277E0
33 34 1.61795E0
33 35 2.04104E-1
33 36 7.99969E-3
33 37 6.43814E-5
33 38 1.99528E-7
33 39 0E0
33 40 0E0
34 1 4.4438E-11
34 2 2.5438E-11
34 3 4.2087E-11
34 4 6.4382E-11
34 5 1.0316E-10
34 6 1.6388E-10
34 7 2.5919E-10
34 8 4.1191E-10
34 9 6.5016E-10
34 10 1.03444E-9
34 11 1.6377E-9
34 12 2.59516E-9
34 13 4.10851E-9
34 14 6.52222E-9
34 15 1.03233E-8
34 16 1.6375E-8
34 17 2.59526E-8
34 18 4.11353E-8
34 19 6.51493E-8
34 20 1.03311E-7
34 21 1.63699E-7
34 22 2.59498E-7
34 23 4.11274E-7
34 24 6.51744E-7
34 25 1.03699E-6
34 26 1.98737E-6
34 27 6.49822E-6
34 28 3.81027E-5
34 29 3.18919E-4
34 30 3.02566E-3
34 31 2.86145E-2
34 32 2.36472E-1
34 33 1.49487E0
34 34 3.93326E0
34 35 1.49585E0
34 36 1.28448E-1
34 37 2.5957E-3
34 38 8.0768E-6
34 39 3.97056E-8
34 40 0E0
35 1 4.5327E-11
35 2 2.5947E-11
35 3 4.2928E-11
35 4 6.5669E-11
35 5 1.0522E-10
35 6 1.6716E-10
35 7 2.6437E-10
35 8 4.2015E-10
35 9 6.6315E-10
35 10 1.05512E-9
35 11 1.67043E-9
35 12 2.64703E-9
35 13 4.19063E-9
35 14 6.65258E-9
35 15 1.05297E-8
35 16 1.67023E-8
35 17 2.64713E-8
35 18 4.19575E-8
35 19 6.64515E-8
35 20 1.05376E-7
35 21 1.66971E-7
35 22 2.64685E-7
35 23 4.19495E-7
35 24 6.64773E-7
35 25 1.05359E-6
35 26 1.66956E-6
35 27 2.64712E-6
35 28 4.19923E-6
35 29 7.85307E-6
35 30 6.0352E-5
35 31 1.01479E-3
35 32 1.56115E-2
35 33 1.84557E-1
35 34 1.48161E0
35 35 4.18121E0
35 36 1.35881E0
35 37 7.44818E-2
35 38 6.82012E-4
35 39 2.21507E-6
35 40 0E0
36 1 3.2644E-11
36 2 1.8687E-11
36 3 3.0917E-11
36 4 4.7295E-11
36 5 7.5781E-11
36 6 1.2039E-10
36 7 1.904E-10
36 8 3.0259E-10
36 9 4.776E-10
36 10 7.599E-10
36 11 1.20304E-9
36 12 1.90639E-9
36 13 3.01809E-9
36 14 4.79119E-9
36 15 7.58347E-9
36 16 1.2029E-8
36 17 1.90646E-8
36 18 3.02178E-8
36 19 4.78583E-8
36 20 7.58917E-8
36 21 1.20253E-7
36 22 1.90626E-7
36 23 3.0212E-7
36 24 4.78769E-7
36 25 7.5884E-7
36 26 1.20296E-6
36 27 1.91064E-6
36 28 3.04649E-6
36 29 4.87321E-6
36 30 7.80025E-6
36 31 1.80139E-5
36 32 3.19412E-4
36 33 7.82962E-3
36 34 1.37154E-1
36 35 1.45172E0
36 36 4.42788E0
36 37 1.21135E0
36 38 3.95145E-2
36 39 1.4517E-4
36 40 1.26643E-7
37 1 1.468E-11
37 2 8.4034E-12
37 3 1.3903E-11
37 4 2.1268E-11
37 5 3.4079E-11
37 6 5.4137E-11
37 7 8.5621E-11
37 8 1.3607E-10
37 9 2.1478E-10
37 10 3.4172E-10
37 11 5.41E-10
37 12 8.573E-10
37 13 1.35722E-9
37 14 2.15458E-9
37 15 3.41026E-9
37 16 5.4094E-9
37 17 8.5733E-9
37 18 1.35889E-8
37 19 2.15217E-8
37 20 3.41283E-8
37 21 5.40772E-8
37 22 8.57238E-8
37 23 1.35862E-7
37 24 2.15301E-7
37 25 3.41248E-7
37 26 5.40838E-7
37 27 8.5728E-7
37 28 1.36094E-6
37 29 2.1686E-6
37 30 3.47576E-6
37 31 5.59509E-6
37 32 9.40023E-6
37 33 8.96986E-5
37 34 3.5239E-3
37 35 9.70611E-2
37 36 1.40928E0
37 37 4.66599E0
37 38 1.06187E0
37 39 1.89994E-2
37 40 2.49209E-5
38 1 5.4913E-12
38 2 3.1434E-12
38 3 5.2008E-12
38 4 7.9558E-12
38 5 1.2748E-11
38 6 2.0251E-11
38 7 3.2028E-11
38 8 5.0901E-11
38 9 8.0341E-11
38 10 1.2783E-10
38 11 2.0237E-10
38 12 3.2069E-10
38 13 5.0769E-10
38 14 8.0596E-10
38 15 1.27567E-9
38 16 2.02348E-9
38 17 3.20699E-9
38 18 5.08314E-9
38 19 8.05057E-9
38 20 1.27663E-8
38 21 2.02285E-8
38 22 3.20665E-8
38 23 5.08217E-8
38 24 8.0537E-8
38 25 1.2765E-7
38 26 2.0231E-7
38 27 3.20637E-7
38 28 5.08405E-7
38 29 8.08698E-7
38 30 1.29508E-6
38 31 2.09139E-6
38 32 3.39952E-6
38 33 5.63071E-6
38 34 2.52681E-5
38 35 1.40722E-3
38 36 6.52381E-2
38 37 1.35651E0
38 38 4.89162E0
38 39 9.17429E-1
38 40 8.12332E-3
39 1 1.8671E-12
39 2 1.0688E-12
39 3 1.7683E-12
39 4 2.7051E-12
39 5 4.3344E-12
39 6 6.8857E-12
39 7 1.089E-11
39 8 1.7307E-11
39 9 2.7317E-11
39 10 4.3463E-11
39 11 6.881E-11
39 12 1.0904E-10
39 13 1.7262E-10
39 14 2.7404E-10
39 15 4.3375E-10
39 16 6.8802E-10
39 17 1.09043E-9
39 18 1.72835E-9
39 19 2.73733E-9
39 20 4.34075E-9
39 21 6.87803E-9
39 22 1.09031E-8
39 23 1.72802E-8
39 24 2.7384E-8
39 25 4.3403E-8
39 26 6.87888E-8
39 27 1.09022E-7
39 28 1.72788E-7
39 29 2.73963E-7
39 30 4.35733E-7
39 31 6.98072E-7
39 32 1.129E-6
39 33 1.84052E-6
39 34 3.00957E-6
39 35 7.82331E-6
39 36 4.85955E-4
39 37 4.13491E-2
39 38 1.29733E0
39 39 5.10085E0
39 40 7.86175E-1
40 1 3.0939E-12
40 2 1.7711E-12
40 3 2.9302E-12
40 4 4.4824E-12
40 5 7.1823E-12
40 6 1.141E-11
40 7 1.8045E-11
40 8 2.8679E-11
40 9 4.5266E-11
40 10 7.2021E-11
40 11 1.1402E-10
40 12 1.8068E-10
40 13 2.8605E-10
40 14 4.5409E-10
40 15 7.1874E-10
40 16 1.14007E-9
40 17 1.80689E-9
40 18 2.86395E-9
40 19 4.53587E-9
40 20 7.19279E-9
40 21 1.13972E-8
40 22 1.8067E-8
40 23 2.86341E-8
40 24 4.53763E-8
40 25 7.19206E-8
40 26 1.13986E-7
40 27 1.80654E-7
40 28 2.86317E-7
40 29 4.53778E-7
40 30 7.19056E-7
40 31 1.13731E-6
40 32 1.79145E-6
40 33 2.80555E-6
40 34 4.37218E-6
40 35 6.81202E-6
40 36 1.06933E-5
40 37 1.36835E-4
40 38 2.43077E-2
40 39 1.23469E0
40 40 5.95448E0
