1 1.93126E1
2 1.72309E1
3 1.53487E1
4 1.3673E1
5 1.21935E1
6 1.08679E1
7 9.68567E0
8 8.6294E0
9 7.69357E0
10 6.85562E0
11 6.10879E0
12 5.44623E0
13 4.85324E0
14 4.32618E0
15 3.85505E0
16 3.43646E0
17 3.06285E0
18 2.72899E0
19 2.43303E0
20 2.16797E0
21 1.93195E0
22 1.72239E0
23 1.53475E0
24 1.36774E0
25 1.21914E0
26 1.08653E0
27 9.68544E-1
28 8.63297E-1
29 7.69139E-1
30 6.85582E-1
31 6.10978E-1
32 5.44472E-1
33 4.85271E-1
34 4.32442E-1
35 3.85514E-1
36 3.43487E-1
37 3.06162E-1
38 2.72968E-1
39 2.43718E-1
40 2.1704E-1
