1 8.725090e-05
2 8.649070e-05
3 8.571300e-05
4 8.491710e-05
5 8.410260e-05
6 8.326920e-05
7 8.241640e-05
8 8.154360e-05
9 8.065060e-05
10 7.973680e-05
11 7.880160e-05
12 7.784470e-05
13 7.686560e-05
14 7.586360e-05
15 7.483810e-05
16 7.378910e-05
17 7.271540e-05
18 7.165090e-05
19 7.089800e-05
20 7.021250e-05
21 6.951120e-05
22 6.879360e-05
23 6.805910e-05
24 6.730760e-05
25 6.653870e-05
26 6.575170e-05
27 6.494640e-05
28 6.412250e-05
29 6.327930e-05
30 6.241640e-05
31 6.167990e-05
32 6.114390e-05
33 6.059730e-05
34 6.003820e-05
35 5.946590e-05
36 5.888020e-05
37 5.828110e-05
38 5.766790e-05
39 5.704030e-05
40 5.639830e-05
41 5.574120e-05
42 5.506880e-05
43 5.438080e-05
44 5.367690e-05
45 5.295630e-05
46 5.221910e-05
47 5.146480e-05
48 5.070580e-05
49 5.015530e-05
50 4.967370e-05
51 4.918100e-05
52 4.867680e-05
53 4.816090e-05
54 4.763280e-05
55 4.709260e-05
56 4.653980e-05
57 4.597400e-05
58 4.539510e-05
59 4.480280e-05
60 4.419660e-05
61 4.363950e-05
62 4.320390e-05
63 4.276230e-05
64 4.231060e-05
65 4.184840e-05
66 4.137530e-05
67 4.089130e-05
68 4.039600e-05
69 3.988910e-05
70 3.937140e-05
71 3.896030e-05
72 3.862070e-05
73 3.827330e-05
74 3.791780e-05
75 3.755400e-05
76 3.718170e-05
77 3.680070e-05
78 3.641090e-05
79 3.601200e-05
80 3.560380e-05
81 3.518610e-05
82 3.475870e-05
83 3.432130e-05
84 3.387370e-05
85 3.341570e-05
86 3.294700e-05
87 3.246740e-05
88 3.200110e-05
89 3.167600e-05
90 3.136950e-05
91 3.105590e-05
92 3.073490e-05
93 3.040650e-05
94 3.007040e-05
95 2.972650e-05
96 2.937460e-05
97 2.901450e-05
98 2.864600e-05
99 2.826890e-05
100 2.788300e-05
101 2.757630e-05
102 2.735140e-05
103 2.712130e-05
104 2.688590e-05
105 2.664490e-05
106 2.639830e-05
107 2.614600e-05
108 2.588780e-05
109 2.562360e-05
110 2.535320e-05
111 2.507660e-05
112 2.479350e-05
113 2.450380e-05
114 2.420730e-05
115 2.390390e-05
116 2.359360e-05
117 2.327590e-05
118 2.296050e-05
119 2.273230e-05
120 2.252270e-05
121 2.230820e-05
122 2.208880e-05
123 2.186420e-05
124 2.163440e-05
125 2.139930e-05
126 2.115860e-05
127 2.091240e-05
128 2.066040e-05
129 2.040250e-05
130 2.013870e-05
131 1.991340e-05
132 1.974950e-05
133 1.958220e-05
134 1.941120e-05
135 1.923610e-05
136 1.905690e-05
137 1.887360e-05
138 1.868600e-05
139 1.849400e-05
140 1.829760e-05
141 1.809660e-05
142 1.789090e-05
143 1.768040e-05
144 1.746500e-05
145 1.724460e-05
146 1.701910e-05
147 1.678830e-05
148 1.655570e-05
149 1.637930e-05
150 1.622110e-05
151 1.605920e-05
152 1.589350e-05
153 1.572400e-05
154 1.555060e-05
155 1.537310e-05
156 1.519150e-05
157 1.500560e-05
158 1.481540e-05
159 1.462080e-05
160 1.442170e-05
161 1.423860e-05
162 1.409560e-05
163 1.395050e-05
164 1.380220e-05
165 1.365040e-05
166 1.349500e-05
167 1.333600e-05
168 1.317330e-05
169 1.300680e-05
170 1.283680e-05
171 1.270170e-05
172 1.259030e-05
173 1.247620e-05
174 1.235950e-05
175 1.224000e-05
176 1.211780e-05
177 1.199270e-05
178 1.186470e-05
179 1.173370e-05
180 1.159970e-05
181 1.146260e-05
182 1.132220e-05
183 1.117860e-05
184 1.103160e-05
185 1.088130e-05
186 1.072740e-05
187 1.056990e-05
188 1.041700e-05
189 1.031180e-05
190 1.021300e-05
191 1.011190e-05
192 1.000840e-05
193 9.902480e-06
194 9.794120e-06
195 9.683230e-06
196 9.569750e-06
197 9.453650e-06
198 9.334830e-06
199 9.213220e-06
200 9.088820e-06
201 9.573760e-06
202 1.068870e-05
203 1.182920e-05
204 1.299650e-05
205 1.419110e-05
206 1.541330e-05
207 1.666400e-05
208 1.794410e-05
209 1.925380e-05
210 2.096890e-05
211 2.329980e-05
212 2.569120e-05
213 2.813770e-05
214 3.064170e-05
215 3.320430e-05
216 3.582580e-05
217 3.861260e-05
218 4.264160e-05
219 4.709790e-05
220 5.165780e-05
221 5.632330e-05
222 6.109820e-05
223 6.598440e-05
224 7.136570e-05
225 7.818430e-05
226 8.527190e-05
227 9.388620e-05
228 1.074110e-04
229 1.216470e-04
230 1.307610e-03
231 9.007400e-03
232 1.119490e-04
233 8.945270e-05
234 7.340580e-05
235 6.065380e-05
236 4.888820e-05
237 4.033570e-05
238 3.277870e-05
239 2.796670e-05
240 2.324580e-05
241 1.841410e-05
242 1.447160e-05
243 1.183150e-05
244 9.560170e-06
245 7.833980e-06
246 6.364950e-06
247 5.305410e-06
248 4.970970e-06
249 4.885610e-06
250 4.821720e-06
251 4.762530e-06
252 4.702560e-06
253 4.641180e-06
254 4.582530e-06
255 4.526230e-06
256 4.468620e-06
257 4.409670e-06
258 4.349340e-06
259 4.287610e-06
260 4.227920e-06
261 4.180030e-06
262 4.132290e-06
263 4.083430e-06
264 4.033430e-06
265 3.982280e-06
266 3.929920e-06
267 3.876350e-06
268 3.821540e-06
269 3.765440e-06
270 3.708170e-06
271 3.665640e-06
272 3.633130e-06
273 3.599860e-06
274 3.565810e-06
275 3.530980e-06
276 3.495330e-06
277 3.458850e-06
278 3.421520e-06
279 3.383330e-06
280 3.344240e-06
281 3.304240e-06
282 3.263310e-06
283 3.221430e-06
284 3.178560e-06
285 3.134710e-06
286 3.089830e-06
287 3.043900e-06
288 2.999510e-06
289 2.970280e-06
290 2.943150e-06
291 2.915400e-06
292 2.886990e-06
293 2.857920e-06
294 2.828180e-06
295 2.797750e-06
296 2.766600e-06
297 2.734730e-06
298 2.702120e-06
299 2.668740e-06
300 2.634600e-06
301 2.605730e-06
302 2.582330e-06
303 2.558400e-06
304 2.533900e-06
305 2.508830e-06
306 2.483170e-06
307 2.456920e-06
308 2.430090e-06
309 2.407610e-06
310 2.388300e-06
311 2.368540e-06
312 2.348320e-06
313 2.327630e-06
314 2.306450e-06
315 2.285010e-06
316 2.265290e-06
317 2.245680e-06
318 2.225620e-06
319 2.205090e-06
320 2.184080e-06
321 2.163300e-06
322 2.145160e-06
323 2.126950e-06
324 2.108320e-06
325 2.089240e-06
326 2.070530e-06
327 2.056810e-06
328 2.043780e-06
329 2.030450e-06
330 2.016810e-06
331 2.005800e-06
332 1.998920e-06
333 1.991930e-06
334 1.984770e-06
335 1.977450e-06
336 1.970000e-06
337 1.962380e-06
338 1.954980e-06
339 1.968260e-06
340 1.993880e-06
341 2.020090e-06
342 2.046910e-06
343 2.074360e-06
344 2.102450e-06
345 2.131200e-06
346 2.160710e-06
347 2.190950e-06
348 2.225580e-06
349 2.324280e-06
350 2.448270e-06
351 2.589870e-06
352 2.829430e-06
353 3.091500e-06
354 3.378240e-06
355 3.704130e-06
356 4.078610e-06
357 4.899330e-06
358 5.859320e-06
359 7.372120e-06
360 9.792310e-06
361 1.364380e-05
362 2.073360e-05
363 2.816260e-05
364 2.781240e-05
365 2.463070e-05
366 1.598330e-05
367 1.032530e-05
368 7.280620e-06
369 5.281370e-06
370 3.985960e-06
371 3.274150e-06
372 2.831600e-06
373 2.462330e-06
374 2.151560e-06
375 1.946390e-06
376 1.813420e-06
377 1.717420e-06
378 1.627420e-06
379 1.542320e-06
380 1.460980e-06
381 1.384280e-06
382 1.311860e-06
383 1.252360e-06
384 1.208780e-06
385 1.179760e-06
386 1.152090e-06
387 1.125110e-06
388 1.101640e-06
389 1.083230e-06
390 1.068430e-06
391 1.053870e-06
392 1.040490e-06
393 1.032040e-06
394 1.028510e-06
395 1.027020e-06
396 1.034240e-06
397 1.053480e-06
398 1.101880e-06
399 1.263630e-06
400 1.810350e-06
401 2.105360e-06
402 1.821210e-06
403 1.574100e-06
404 1.361890e-06
405 1.294790e-06
406 1.448400e-06
407 1.621800e-06
408 1.817710e-06
409 2.103480e-06
410 2.491670e-06
411 2.951860e-06
412 3.212530e-06
413 2.499550e-06
414 1.873330e-06
415 1.422730e-06
416 1.245580e-06
417 1.133170e-06
418 1.039860e-06
419 1.044600e-06
420 1.074430e-06
421 1.151790e-06
422 1.463080e-06
423 1.891750e-06
424 2.724800e-06
425 4.395960e-06
426 6.179680e-06
427 3.659590e-06
428 1.812610e-06
429 1.200680e-06
430 9.839420e-07
431 8.684860e-07
432 8.629920e-07
433 8.583560e-07
434 8.536130e-07
435 9.339830e-07
436 1.266130e-06
437 1.732080e-06
438 2.368400e-06
439 3.155080e-06
440 4.100440e-06
441 5.323720e-06
442 6.144610e-06
443 3.528660e-06
444 1.776280e-06
445 9.105170e-07
446 7.062390e-07
447 6.463090e-07
448 5.937230e-07
449 5.774850e-07
450 5.744280e-07
451 5.835310e-07
452 6.760120e-07
453 7.995840e-07
454 8.921510e-07
455 9.075240e-07
456 9.093740e-07
457 7.827900e-07
458 6.455180e-07
459 5.552140e-07
460 4.974320e-07
461 4.585220e-07
462 4.510820e-07
463 4.530500e-07
464 4.822940e-07
465 5.651030e-07
466 8.894200e-07
467 1.312720e-06
468 1.587940e-06
469 2.023590e-06
470 2.805180e-06
471 1.918630e-06
472 8.212140e-07
473 7.543430e-07
474 1.002900e-06
475 1.838600e-06
476 1.180050e-06
477 5.050520e-07
478 5.027270e-07
479 8.373550e-07
480 1.078640e-06
481 5.059900e-07
482 3.789230e-07
483 3.515930e-07
484 3.539360e-07
485 4.165860e-07
486 7.601910e-07
487 5.215010e-07
488 3.640860e-07
489 7.863110e-07
490 1.370830e-06
491 4.133180e-07
492 3.104080e-07
493 2.888430e-07
494 2.815940e-07
495 2.786240e-07
496 2.802260e-07
497 2.920640e-07
498 3.654220e-07
499 5.781090e-07
500 5.059420e-07
