1 6.107970e-02
2 6.107970e-02
3 6.107970e-02
4 6.107970e-02
5 6.107970e-02
6 6.107970e-02
7 6.107970e-02
8 6.107970e-02
9 6.107970e-02
10 6.107970e-02
11 6.107970e-02
12 6.107970e-02
13 6.107970e-02
14 6.107970e-02
15 6.107970e-02
16 6.107970e-02
17 6.107970e-02
18 6.107970e-02
19 6.107970e-02
20 6.107970e-02
21 6.107970e-02
22 6.107970e-02
23 6.107970e-02
24 6.107970e-02
25 6.107970e-02
26 6.107970e-02
27 6.107970e-02
28 6.107970e-02
29 6.107970e-02
30 6.107970e-02
31 6.107970e-02
32 6.107970e-02
33 6.107970e-02
34 6.107970e-02
35 6.107970e-02
36 6.107970e-02
37 6.107970e-02
38 6.107970e-02
39 6.107970e-02
40 6.107970e-02
41 6.107970e-02
42 6.107970e-02
43 6.107970e-02
44 6.107970e-02
45 6.107970e-02
46 6.107970e-02
47 6.107970e-02
48 6.107970e-02
49 6.107970e-02
50 6.107970e-02
51 6.107970e-02
52 6.107970e-02
53 6.107970e-02
54 6.107970e-02
55 6.107970e-02
56 6.107970e-02
57 6.107970e-02
58 6.107970e-02
59 6.107970e-02
60 6.107970e-02
61 6.107970e-02
62 6.107970e-02
63 6.107970e-02
64 6.107970e-02
65 6.107970e-02
66 6.107970e-02
67 6.107970e-02
68 6.107970e-02
69 6.107970e-02
70 6.107970e-02
71 6.107970e-02
72 6.107970e-02
73 6.107970e-02
74 6.107970e-02
75 6.107970e-02
76 6.107970e-02
77 6.107970e-02
78 6.107970e-02
79 6.107970e-02
80 6.107970e-02
81 6.107970e-02
82 6.107970e-02
83 6.107970e-02
84 6.107970e-02
85 6.107970e-02
86 6.107970e-02
87 6.107970e-02
88 6.107970e-02
89 6.107970e-02
90 6.107970e-02
91 6.107970e-02
92 6.107970e-02
93 6.107970e-02
94 6.107970e-02
95 6.107970e-02
96 6.107970e-02
97 6.107970e-02
98 6.107970e-02
99 6.107970e-02
100 6.107970e-02
101 6.107970e-02
102 6.107970e-02
103 6.107970e-02
104 6.107970e-02
105 6.107970e-02
106 6.107970e-02
107 6.107970e-02
108 6.107970e-02
109 6.107970e-02
110 6.107970e-02
111 6.107970e-02
112 6.107970e-02
113 6.107970e-02
114 6.107970e-02
115 6.107970e-02
116 6.107970e-02
117 6.107970e-02
118 6.107970e-02
119 6.107970e-02
120 6.107970e-02
121 6.107970e-02
122 6.107970e-02
123 6.107970e-02
124 6.107970e-02
125 6.107970e-02
126 6.107970e-02
127 6.107970e-02
128 6.107970e-02
129 6.107970e-02
130 6.107970e-02
131 6.107970e-02
132 6.107970e-02
133 6.107970e-02
134 6.107970e-02
135 6.107970e-02
136 6.107970e-02
137 6.107970e-02
138 6.107970e-02
139 6.107970e-02
140 6.107970e-02
141 6.107970e-02
142 6.107970e-02
143 6.107970e-02
144 6.107970e-02
145 6.107970e-02
146 6.107970e-02
147 6.107970e-02
148 6.107970e-02
149 6.107970e-02
150 6.107970e-02
151 6.107970e-02
152 6.107970e-02
153 6.107970e-02
154 6.107970e-02
155 6.107970e-02
156 6.107970e-02
157 6.107970e-02
158 6.107970e-02
159 6.107970e-02
160 6.107970e-02
161 6.107970e-02
162 6.107970e-02
163 6.107970e-02
164 6.107970e-02
165 6.107970e-02
166 6.107970e-02
167 6.107970e-02
168 6.107970e-02
169 6.107970e-02
170 6.107970e-02
171 6.107970e-02
172 6.107970e-02
173 6.107970e-02
174 6.107970e-02
175 6.107970e-02
176 6.107970e-02
177 6.107970e-02
178 6.107970e-02
179 6.107970e-02
180 6.107970e-02
181 6.107970e-02
182 6.107970e-02
183 6.107970e-02
184 6.107970e-02
185 6.107970e-02
186 6.107970e-02
187 6.107970e-02
188 6.107970e-02
189 6.107970e-02
190 6.107970e-02
191 6.107970e-02
192 6.107970e-02
193 6.107970e-02
194 6.107970e-02
195 6.107970e-02
196 6.107970e-02
197 6.107970e-02
198 6.107970e-02
199 6.107970e-02
200 6.107970e-02
201 6.107970e-02
202 6.107970e-02
203 6.107970e-02
204 6.107970e-02
205 6.107970e-02
206 6.107970e-02
207 6.107970e-02
208 6.107970e-02
209 6.107970e-02
210 6.107970e-02
211 6.107970e-02
212 6.107970e-02
213 6.107970e-02
214 6.107970e-02
215 6.107970e-02
216 6.107970e-02
217 6.107970e-02
218 6.107970e-02
219 6.107970e-02
220 6.107970e-02
221 6.107970e-02
222 6.107970e-02
223 6.107970e-02
224 6.107970e-02
225 6.107970e-02
226 6.107970e-02
227 6.107970e-02
228 6.107970e-02
229 6.107970e-02
230 6.107970e-02
231 6.107970e-02
232 6.107970e-02
233 6.107970e-02
234 6.107970e-02
235 6.107970e-02
236 6.107970e-02
237 6.107970e-02
238 6.107970e-02
239 6.107970e-02
240 6.107970e-02
241 6.107970e-02
242 6.107970e-02
243 6.107970e-02
244 6.107970e-02
245 6.107970e-02
246 6.107970e-02
247 6.107970e-02
248 6.107970e-02
249 6.107970e-02
250 6.107970e-02
251 6.107970e-02
252 6.107970e-02
253 6.107970e-02
254 6.107970e-02
255 6.107970e-02
256 6.107970e-02
257 6.107970e-02
258 6.107970e-02
259 6.107970e-02
260 6.107970e-02
261 6.107970e-02
262 6.107970e-02
263 6.107970e-02
264 6.107970e-02
265 6.107970e-02
266 6.107970e-02
267 6.107970e-02
268 6.107970e-02
269 6.107970e-02
270 6.107630e-02
271 6.069080e-02
272 6.003470e-02
273 5.936340e-02
274 5.867640e-02
275 5.797340e-02
276 5.725400e-02
277 5.651790e-02
278 5.576460e-02
279 5.499380e-02
280 5.420500e-02
281 5.339790e-02
282 5.257190e-02
283 5.172670e-02
284 5.086180e-02
285 4.997680e-02
286 4.907120e-02
287 4.814440e-02
288 4.726910e-02
289 4.682620e-02
290 4.645090e-02
291 4.606700e-02
292 4.567410e-02
293 4.527200e-02
294 4.486050e-02
295 4.443950e-02
296 4.400870e-02
297 4.356780e-02
298 4.311670e-02
299 4.265500e-02
300 4.218260e-02
301 4.242240e-02
302 4.339720e-02
303 4.439470e-02
304 4.541540e-02
305 4.645990e-02
306 4.752870e-02
307 4.862240e-02
308 4.974160e-02
309 5.088680e-02
310 5.205870e-02
311 5.325790e-02
312 5.448510e-02
313 5.574090e-02
314 5.700920e-02
315 5.756030e-02
316 5.771900e-02
317 5.788140e-02
318 5.804760e-02
319 5.821770e-02
320 5.839170e-02
321 5.856980e-02
322 5.875200e-02
323 5.893840e-02
324 5.912920e-02
325 5.943580e-02
326 6.007920e-02
327 6.075920e-02
328 6.145500e-02
329 6.216700e-02
330 6.289560e-02
331 6.358670e-02
332 6.421280e-02
333 6.485270e-02
334 6.550750e-02
335 6.617750e-02
336 6.634230e-02
337 6.535790e-02
338 6.430930e-02
339 6.323670e-02
340 6.213870e-02
341 6.101510e-02
342 5.986540e-02
343 5.868890e-02
344 5.748290e-02
345 5.571250e-02
346 5.348090e-02
347 5.119740e-02
348 4.885840e-02
349 4.642550e-02
350 4.392160e-02
351 4.135810e-02
352 3.866440e-02
353 3.576940e-02
354 3.280240e-02
355 2.976690e-02
356 2.666100e-02
357 2.348290e-02
358 2.294400e-02
359 3.380400e-02
360 4.615060e-02
361 7.247260e-02
362 1.273470e-01
363 1.832230e-01
364 2.218900e-01
365 2.518360e-01
366 2.741870e-01
367 2.674210e-01
368 2.580620e-01
369 2.460930e-01
370 2.331170e-01
371 2.250030e-01
372 2.202760e-01
373 2.154380e-01
374 2.104880e-01
375 2.078040e-01
376 2.078420e-01
377 2.078840e-01
378 2.078630e-01
379 2.053960e-01
380 2.016020e-01
381 1.977220e-01
382 1.937530e-01
383 1.896930e-01
384 1.855330e-01
385 1.818790e-01
386 1.819500e-01
387 1.826930e-01
388 1.829750e-01
389 1.802700e-01
390 1.769810e-01
391 1.754180e-01
392 1.793050e-01
393 1.836410e-01
394 1.836760e-01
395 1.801490e-01
396 1.746280e-01
397 1.602360e-01
398 1.444420e-01
399 1.282680e-01
400 1.118490e-01
401 9.883250e-02
402 8.921360e-02
403 7.978110e-02
404 7.171870e-02
405 6.426800e-02
406 5.881470e-02
407 5.419140e-02
408 4.872510e-02
409 4.145820e-02
410 3.527720e-02
411 3.210820e-02
412 3.400940e-02
413 3.392570e-02
414 4.057990e-02
415 4.821680e-02
416 5.605260e-02
417 6.408370e-02
418 7.214640e-02
419 7.896940e-02
420 8.555310e-02
421 9.173690e-02
422 9.803780e-02
423 1.127230e-01
424 1.418770e-01
425 1.922860e-01
426 1.821440e-01
427 1.472670e-01
428 1.180950e-01
429 9.610880e-02
430 8.582100e-02
431 8.407580e-02
432 8.180840e-02
433 7.978050e-02
434 8.182850e-02
435 8.104480e-02
436 8.686610e-02
437 1.326470e-01
438 2.205970e-01
439 3.043850e-01
440 3.265640e-01
441 2.156570e-01
442 2.152830e-01
443 2.305360e-01
444 1.857220e-01
445 1.818800e-01
446 1.705090e-01
447 1.563680e-01
448 1.500140e-01
449 1.534720e-01
450 1.344440e-01
451 1.201780e-01
452 1.335630e-01
453 1.550920e-01
454 1.877190e-01
455 2.685040e-01
456 2.824070e-01
457 2.629290e-01
458 2.762240e-01
459 2.957120e-01
460 3.033190e-01
461 2.852380e-01
462 2.395340e-01
463 1.988010e-01
464 1.629780e-01
465 1.578660e-01
466 1.609020e-01
467 2.254390e-01
468 2.280350e-01
469 2.280930e-01
470 2.395230e-01
471 2.150170e-01
472 2.399900e-01
473 2.273230e-01
474 2.423610e-01
475 1.716870e-01
476 1.850400e-01
477 2.511940e-01
478 2.696830e-01
479 2.694290e-01
480 3.513760e-01
481 3.746000e-01
482 3.612610e-01
483 3.709940e-01
484 3.636920e-01
485 3.674510e-01
486 4.098430e-01
487 4.408420e-01
488 4.479560e-01
489 4.496080e-01
490 4.504310e-01
491 4.488300e-01
492 4.439220e-01
493 4.365920e-01
494 4.280470e-01
495 4.201240e-01
496 4.139720e-01
497 4.105820e-01
498 4.118180e-01
499 4.216470e-01
500 4.490760e-01
