1 1.546350e-04
2 1.533690e-04
3 1.520740e-04
4 1.507480e-04
5 1.493910e-04
6 1.480030e-04
7 1.465830e-04
8 1.451300e-04
9 1.436420e-04
10 1.421200e-04
11 1.405630e-04
12 1.389690e-04
13 1.373390e-04
14 1.356700e-04
15 1.339620e-04
16 1.322150e-04
17 1.304260e-04
18 1.285970e-04
19 1.268510e-04
20 1.257440e-04
21 1.247120e-04
22 1.236560e-04
23 1.225750e-04
24 1.214700e-04
25 1.203380e-04
26 1.191800e-04
27 1.179950e-04
28 1.167830e-04
29 1.155420e-04
30 1.142730e-04
31 1.132100e-04
32 1.124740e-04
33 1.117240e-04
34 1.109570e-04
35 1.101720e-04
36 1.093680e-04
37 1.085460e-04
38 1.077050e-04
39 1.068440e-04
40 1.059630e-04
41 1.050610e-04
42 1.041390e-04
43 1.031940e-04
44 1.022290e-04
45 1.012400e-04
46 1.002280e-04
47 9.919320e-05
48 9.813390e-05
49 9.705000e-05
50 9.594090e-05
51 9.480590e-05
52 9.364440e-05
53 9.245610e-05
54 9.123990e-05
55 9.009990e-05
56 8.937940e-05
57 8.869240e-05
58 8.798920e-05
59 8.726970e-05
60 8.653350e-05
61 8.578010e-05
62 8.500900e-05
63 8.422020e-05
64 8.341290e-05
65 8.258670e-05
66 8.174140e-05
67 8.087640e-05
68 7.999120e-05
69 7.908540e-05
70 7.816110e-05
71 7.751450e-05
72 7.705790e-05
73 7.659080e-05
74 7.611270e-05
75 7.562350e-05
76 7.512290e-05
77 7.461060e-05
78 7.408640e-05
79 7.355010e-05
80 7.300120e-05
81 7.243950e-05
82 7.186480e-05
83 7.127660e-05
84 7.067470e-05
85 7.005890e-05
86 6.942870e-05
87 6.878370e-05
88 6.812390e-05
89 6.744860e-05
90 6.675760e-05
91 6.605050e-05
92 6.532700e-05
93 6.458640e-05
94 6.382880e-05
95 6.305350e-05
96 6.226010e-05
97 6.144810e-05
98 6.061750e-05
99 5.976730e-05
100 5.889730e-05
101 5.835270e-05
102 5.814440e-05
103 5.793130e-05
104 5.771320e-05
105 5.748990e-05
106 5.726160e-05
107 5.702790e-05
108 5.678870e-05
109 5.654400e-05
110 5.629350e-05
111 5.603730e-05
112 5.577500e-05
113 5.550670e-05
114 5.523210e-05
115 5.495110e-05
116 5.466360e-05
117 5.436930e-05
118 5.406820e-05
119 5.376020e-05
120 5.344490e-05
121 5.312220e-05
122 5.279210e-05
123 5.245430e-05
124 5.210860e-05
125 5.175490e-05
126 5.139290e-05
127 5.102240e-05
128 5.064340e-05
129 5.025560e-05
130 4.985860e-05
131 4.959040e-05
132 4.952100e-05
133 4.945180e-05
134 4.938100e-05
135 4.930860e-05
136 4.923450e-05
137 4.915870e-05
138 4.908100e-05
139 4.900160e-05
140 4.892040e-05
141 4.883720e-05
142 4.875210e-05
143 4.866500e-05
144 4.857590e-05
145 4.848470e-05
146 4.839150e-05
147 4.829600e-05
148 4.820550e-05
149 4.823800e-05
150 4.831650e-05
151 4.839690e-05
152 4.847920e-05
153 4.856340e-05
154 4.864950e-05
155 4.873770e-05
156 4.882790e-05
157 4.892020e-05
158 4.901470e-05
159 4.911130e-05
160 4.921020e-05
161 4.935320e-05
162 4.958820e-05
163 4.983150e-05
164 5.008060e-05
165 5.033540e-05
166 5.059620e-05
167 5.086300e-05
168 5.113600e-05
169 5.141550e-05
170 5.170210e-05
171 5.206970e-05
172 5.249700e-05
173 5.293420e-05
174 5.338160e-05
175 5.383940e-05
176 5.430780e-05
177 5.478730e-05
178 5.528020e-05
179 5.587480e-05
180 5.652980e-05
181 5.720010e-05
182 5.788610e-05
183 5.858790e-05
184 5.930620e-05
185 6.006130e-05
186 6.096050e-05
187 6.190290e-05
188 6.286700e-05
189 6.385380e-05
190 6.486360e-05
191 6.594840e-05
192 6.721360e-05
193 6.851900e-05
194 6.985490e-05
195 7.122180e-05
196 7.266800e-05
197 7.436280e-05
198 7.612290e-05
199 7.792430e-05
200 7.976790e-05
201 8.185190e-05
202 8.418490e-05
203 8.657160e-05
204 8.901410e-05
205 9.241840e-05
206 9.743240e-05
207 1.025880e-04
208 1.078620e-04
209 1.132600e-04
210 1.187840e-04
211 1.244350e-04
212 1.302190e-04
213 1.361380e-04
214 1.421940e-04
215 1.483910e-04
216 1.547330e-04
217 1.612230e-04
218 1.678640e-04
219 1.746760e-04
220 1.816520e-04
221 1.910320e-04
222 2.103480e-04
223 2.312340e-04
224 2.527130e-04
225 2.748180e-04
226 2.974350e-04
227 3.205780e-04
228 3.445380e-04
229 3.907210e-04
230 4.517340e-04
231 5.143760e-04
232 5.787820e-04
233 6.667970e-04
234 8.064690e-04
235 9.810950e-04
236 1.231510e-03
237 1.564470e-03
238 2.303010e-03
239 3.253490e-03
240 4.886440e-03
241 9.213280e-03
242 2.504390e-02
243 1.777730e-01
244 3.929340e-01
245 4.745350e-02
246 1.309810e-02
247 5.981700e-03
248 3.271680e-03
249 2.266590e-03
250 1.591240e-03
251 1.186040e-03
252 9.362930e-04
253 7.604780e-04
254 6.390890e-04
255 5.647360e-04
256 4.928860e-04
257 4.559200e-04
258 4.280790e-04
259 4.152090e-04
260 4.165210e-04
261 4.330650e-04
262 4.823170e-04
263 5.574170e-04
264 6.677210e-04
265 9.313080e-04
266 1.351530e-03
267 2.397270e-03
268 5.744600e-03
269 1.672510e-02
270 1.824970e-02
271 6.473800e-03
272 2.487540e-03
273 1.340010e-03
274 8.610040e-04
275 6.030510e-04
276 4.771570e-04
277 3.865100e-04
278 3.353900e-04
279 3.019570e-04
280 2.822570e-04
281 2.710420e-04
282 2.670660e-04
283 2.706720e-04
284 2.791110e-04
285 2.933310e-04
286 3.141310e-04
287 3.454250e-04
288 3.845040e-04
289 4.345180e-04
290 5.021680e-04
291 5.956450e-04
292 7.276730e-04
293 8.936280e-04
294 1.140310e-03
295 1.495560e-03
296 1.993770e-03
297 2.661080e-03
298 3.356800e-03
299 3.794880e-03
300 3.619770e-03
301 2.961570e-03
302 2.222760e-03
303 1.623880e-03
304 1.182620e-03
305 9.068660e-04
306 7.142570e-04
307 5.659290e-04
308 4.615450e-04
309 3.796330e-04
310 3.198400e-04
311 2.773680e-04
312 2.404780e-04
313 2.139870e-04
314 1.927260e-04
315 1.741320e-04
316 1.639290e-04
317 1.552360e-04
318 1.483710e-04
319 1.478200e-04
320 1.506330e-04
321 1.668940e-04
322 1.857570e-04
323 2.123600e-04
324 2.423760e-04
325 2.379500e-04
326 2.072570e-04
327 1.783190e-04
328 1.614920e-04
329 1.545680e-04
330 1.548990e-04
331 1.601110e-04
332 1.703900e-04
333 1.848790e-04
334 2.053840e-04
335 2.309050e-04
336 2.642190e-04
337 3.076060e-04
338 3.621130e-04
339 4.298970e-04
340 5.037510e-04
341 5.809670e-04
342 7.072450e-04
343 8.455490e-04
344 7.946690e-04
345 9.201360e-04
346 9.227750e-04
347 4.607280e-04
348 3.935460e-04
349 7.724310e-04
350 8.035290e-04
351 3.973740e-04
352 2.814580e-04
353 2.732880e-04
354 2.727080e-04
355 2.741980e-04
356 2.763000e-04
357 3.086900e-04
358 6.391160e-04
359 1.123360e-03
360 7.532750e-04
361 3.260900e-04
362 3.841300e-04
363 4.871990e-04
364 3.147530e-04
365 1.463720e-04
366 9.349590e-05
367 9.234860e-05
368 1.365740e-04
369 2.184130e-04
370 2.258250e-04
371 1.391880e-04
372 7.309980e-05
373 5.078380e-05
374 4.724560e-05
375 5.999420e-05
376 1.417830e-04
377 3.892950e-04
378 6.170550e-04
379 5.119890e-04
380 2.752020e-04
381 1.270920e-04
382 7.309700e-05
383 6.647470e-05
384 8.320160e-05
385 1.108870e-04
386 1.352980e-04
387 1.398560e-04
388 1.251960e-04
389 1.161130e-04
390 1.266360e-04
391 1.342880e-04
392 1.370900e-04
393 1.654600e-04
394 1.861430e-04
395 1.665500e-04
396 1.473050e-04
397 1.474080e-04
398 1.413440e-04
399 1.111880e-04
400 7.172340e-05
401 4.537430e-05
402 4.038700e-05
403 6.033400e-05
404 1.007000e-04
405 1.323420e-04
406 1.336860e-04
407 1.268740e-04
408 1.444840e-04
409 2.024510e-04
410 2.845060e-04
411 3.264130e-04
412 2.817430e-04
413 1.860820e-04
414 1.033870e-04
415 5.925180e-05
416 4.498510e-05
417 4.524180e-05
418 5.191910e-05
419 6.254090e-05
420 7.381780e-05
421 8.016040e-05
422 7.705590e-05
423 6.523890e-05
424 5.105440e-05
425 4.063920e-05
426 3.728130e-05
427 4.236510e-05
428 5.542930e-05
429 7.233270e-05
430 8.490100e-05
431 8.765780e-05
432 8.568680e-05
433 8.373570e-05
434 8.182830e-05
435 7.996460e-05
436 7.814470e-05
437 7.636590e-05
438 7.462810e-05
439 7.293110e-05
440 7.126910e-05
441 6.964700e-05
442 6.806230e-05
443 6.651290e-05
444 6.500550e-05
445 6.351960e-05
446 6.207620e-05
447 6.066360e-05
448 5.927910e-05
449 5.792980e-05
450 5.661190e-05
451 5.532240e-05
452 5.406280e-05
453 5.283270e-05
454 5.162930e-05
455 5.045420e-05
456 4.930620e-05
457 4.818410e-05
458 4.708730e-05
459 4.601530e-05
460 4.496800e-05
461 4.394480e-05
462 4.294380e-05
463 4.196610e-05
464 4.101100e-05
465 4.007820e-05
466 3.916610e-05
467 3.827410e-05
468 3.740290e-05
469 3.655150e-05
470 3.571880e-05
471 3.490630e-05
472 3.411140e-05
473 3.333580e-05
474 3.257640e-05
475 3.183490e-05
476 3.110990e-05
477 3.040170e-05
478 2.970960e-05
479 2.903370e-05
480 2.837260e-05
481 2.772800e-05
482 2.709590e-05
483 2.647920e-05
484 2.587670e-05
485 2.528790e-05
486 2.471160e-05
487 2.414910e-05
488 2.359970e-05
489 2.306220e-05
490 2.253730e-05
491 2.202480e-05
492 2.152400e-05
493 2.103320e-05
494 2.055460e-05
495 2.008700e-05
496 1.962940e-05
497 1.918230e-05
498 1.874560e-05
499 1.831930e-05
500 1.790220e-05
