1 1.546730e-04
2 1.534060e-04
3 1.521100e-04
4 1.507830e-04
5 1.494260e-04
6 1.480370e-04
7 1.466150e-04
8 1.451610e-04
9 1.436720e-04
10 1.421490e-04
11 1.405900e-04
12 1.389950e-04
13 1.373630e-04
14 1.356930e-04
15 1.339840e-04
16 1.322360e-04
17 1.304460e-04
18 1.286150e-04
19 1.268670e-04
20 1.257600e-04
21 1.247270e-04
22 1.236710e-04
23 1.225900e-04
24 1.214830e-04
25 1.203510e-04
26 1.191930e-04
27 1.180070e-04
28 1.167950e-04
29 1.155530e-04
30 1.142830e-04
31 1.132200e-04
32 1.124840e-04
33 1.117340e-04
34 1.109660e-04
35 1.101810e-04
36 1.093770e-04
37 1.085550e-04
38 1.077140e-04
39 1.068530e-04
40 1.059720e-04
41 1.050700e-04
42 1.041470e-04
43 1.032030e-04
44 1.022370e-04
45 1.012480e-04
46 1.002370e-04
47 9.920150e-05
48 9.814210e-05
49 9.705810e-05
50 9.594900e-05
51 9.481380e-05
52 9.365220e-05
53 9.246380e-05
54 9.124750e-05
55 9.010740e-05
56 8.938680e-05
57 8.869960e-05
58 8.799640e-05
59 8.727670e-05
60 8.654040e-05
61 8.578680e-05
62 8.501560e-05
63 8.422660e-05
64 8.341920e-05
65 8.259290e-05
66 8.174740e-05
67 8.088230e-05
68 7.999690e-05
69 7.909090e-05
70 7.816650e-05
71 7.751980e-05
72 7.706320e-05
73 7.659610e-05
74 7.611790e-05
75 7.562870e-05
76 7.512810e-05
77 7.461580e-05
78 7.409160e-05
79 7.355520e-05
80 7.300630e-05
81 7.244450e-05
82 7.186980e-05
83 7.128160e-05
84 7.067970e-05
85 7.006380e-05
86 6.943360e-05
87 6.878860e-05
88 6.812870e-05
89 6.745340e-05
90 6.676230e-05
91 6.605510e-05
92 6.533160e-05
93 6.459100e-05
94 6.383330e-05
95 6.305800e-05
96 6.226450e-05
97 6.145250e-05
98 6.062180e-05
99 5.977160e-05
100 5.890160e-05
101 5.835690e-05
102 5.814860e-05
103 5.793530e-05
104 5.771720e-05
105 5.749390e-05
106 5.726540e-05
107 5.703160e-05
108 5.679240e-05
109 5.654760e-05
110 5.629710e-05
111 5.604070e-05
112 5.577840e-05
113 5.551000e-05
114 5.523530e-05
115 5.495420e-05
116 5.466660e-05
117 5.437220e-05
118 5.407100e-05
119 5.376290e-05
120 5.344750e-05
121 5.312470e-05
122 5.279450e-05
123 5.245660e-05
124 5.211070e-05
125 5.175690e-05
126 5.139480e-05
127 5.102420e-05
128 5.064510e-05
129 5.025710e-05
130 4.986000e-05
131 4.959170e-05
132 4.952230e-05
133 4.945310e-05
134 4.938230e-05
135 4.930980e-05
136 4.923570e-05
137 4.915980e-05
138 4.908220e-05
139 4.900270e-05
140 4.892150e-05
141 4.883830e-05
142 4.875310e-05
143 4.866600e-05
144 4.857690e-05
145 4.848570e-05
146 4.839230e-05
147 4.829680e-05
148 4.820630e-05
149 4.823870e-05
150 4.831730e-05
151 4.839770e-05
152 4.847990e-05
153 4.856410e-05
154 4.865020e-05
155 4.873830e-05
156 4.882850e-05
157 4.892080e-05
158 4.901520e-05
159 4.911190e-05
160 4.921080e-05
161 4.935370e-05
162 4.958870e-05
163 4.983210e-05
164 5.008110e-05
165 5.033590e-05
166 5.059660e-05
167 5.086350e-05
168 5.113650e-05
169 5.141590e-05
170 5.170250e-05
171 5.207020e-05
172 5.249740e-05
173 5.293460e-05
174 5.338200e-05
175 5.383990e-05
176 5.430830e-05
177 5.478770e-05
178 5.528070e-05
179 5.587530e-05
180 5.653030e-05
181 5.720060e-05
182 5.788660e-05
183 5.858840e-05
184 5.930670e-05
185 6.006180e-05
186 6.096100e-05
187 6.190330e-05
188 6.286750e-05
189 6.385420e-05
190 6.486400e-05
191 6.594880e-05
192 6.721410e-05
193 6.851950e-05
194 6.985550e-05
195 7.122240e-05
196 7.266870e-05
197 7.436350e-05
198 7.612370e-05
199 7.792520e-05
200 7.976890e-05
201 8.185340e-05
202 8.418750e-05
203 8.657540e-05
204 8.901910e-05
205 9.242400e-05
206 9.743760e-05
207 1.025930e-04
208 1.078670e-04
209 1.132640e-04
210 1.187870e-04
211 1.244390e-04
212 1.302220e-04
213 1.361400e-04
214 1.421960e-04
215 1.483920e-04
216 1.547340e-04
217 1.612230e-04
218 1.678650e-04
219 1.746820e-04
220 1.816650e-04
221 1.910490e-04
222 2.103600e-04
223 2.312380e-04
224 2.527190e-04
225 2.748370e-04
226 2.974660e-04
227 3.206230e-04
228 3.445960e-04
229 3.907670e-04
230 4.517520e-04
231 5.143960e-04
232 5.788520e-04
233 6.668860e-04
234 8.065100e-04
235 9.811370e-04
236 1.231690e-03
237 1.564580e-03
238 2.303010e-03
239 3.253500e-03
240 4.886860e-03
241 9.213810e-03
242 2.503480e-02
243 1.777890e-01
244 3.927910e-01
245 4.748290e-02
246 1.310050e-02
247 5.981970e-03
248 3.271880e-03
249 2.266510e-03
250 1.591310e-03
251 1.186250e-03
252 9.363650e-04
253 7.605210e-04
254 6.391670e-04
255 5.647930e-04
256 4.929220e-04
257 4.559470e-04
258 4.281010e-04
259 4.152290e-04
260 4.165400e-04
261 4.330800e-04
262 4.823230e-04
263 5.574500e-04
264 6.678270e-04
265 9.313480e-04
266 1.351630e-03
267 2.397660e-03
268 5.745770e-03
269 1.672500e-02
270 1.824170e-02
271 6.475520e-03
272 2.488100e-03
273 1.340080e-03
274 8.609230e-04
275 6.030510e-04
276 4.771660e-04
277 3.865310e-04
278 3.354130e-04
279 3.019750e-04
280 2.822610e-04
281 2.710490e-04
282 2.670710e-04
283 2.706730e-04
284 2.791100e-04
285 2.933390e-04
286 3.141460e-04
287 3.454170e-04
288 3.844960e-04
289 4.345380e-04
290 5.022240e-04
291 5.957060e-04
292 7.276490e-04
293 8.936850e-04
294 1.140460e-03
295 1.495630e-03
296 1.993860e-03
297 2.661070e-03
298 3.356640e-03
299 3.794620e-03
300 3.619720e-03
301 2.961560e-03
302 2.222820e-03
303 1.623910e-03
304 1.182720e-03
305 9.068840e-04
306 7.142610e-04
307 5.659350e-04
308 4.615450e-04
309 3.796330e-04
310 3.198400e-04
311 2.773680e-04
312 2.404780e-04
313 2.139870e-04
314 1.927260e-04
315 1.741320e-04
316 1.639290e-04
317 1.552360e-04
318 1.483710e-04
319 1.478200e-04
320 1.506330e-04
321 1.668940e-04
322 1.857570e-04
323 2.123600e-04
324 2.423760e-04
325 2.379500e-04
326 2.072570e-04
327 1.783190e-04
328 1.614920e-04
329 1.545680e-04
330 1.548990e-04
331 1.601110e-04
332 1.703900e-04
333 1.848790e-04
334 2.053840e-04
335 2.309050e-04
336 2.642190e-04
337 3.076060e-04
338 3.621130e-04
339 4.298970e-04
340 5.037510e-04
341 5.809670e-04
342 7.072450e-04
343 8.455490e-04
344 7.946690e-04
345 9.201360e-04
346 9.227750e-04
347 4.607280e-04
348 3.935460e-04
349 7.724310e-04
350 8.035290e-04
351 3.973740e-04
352 2.814580e-04
353 2.732880e-04
354 2.727080e-04
355 2.741980e-04
356 2.763000e-04
357 3.086900e-04
358 6.391160e-04
359 1.123360e-03
360 7.532750e-04
361 3.260900e-04
362 3.841300e-04
363 4.871990e-04
364 3.147530e-04
365 1.463720e-04
366 9.349590e-05
367 9.234860e-05
368 1.365740e-04
369 2.184130e-04
370 2.258250e-04
371 1.391880e-04
372 7.309980e-05
373 5.078380e-05
374 4.724560e-05
375 5.999420e-05
376 1.417830e-04
377 3.892950e-04
378 6.170550e-04
379 5.119890e-04
380 2.752020e-04
381 1.270920e-04
382 7.309700e-05
383 6.647470e-05
384 8.320160e-05
385 1.108870e-04
386 1.352980e-04
387 1.398560e-04
388 1.251960e-04
389 1.161130e-04
390 1.266360e-04
391 1.342880e-04
392 1.370900e-04
393 1.654600e-04
394 1.861430e-04
395 1.665500e-04
396 1.473050e-04
397 1.474080e-04
398 1.413440e-04
399 1.111880e-04
400 7.172340e-05
401 4.537430e-05
402 4.038700e-05
403 6.033400e-05
404 1.007000e-04
405 1.323420e-04
406 1.336860e-04
407 1.268740e-04
408 1.444840e-04
409 2.024510e-04
410 2.845060e-04
411 3.264130e-04
412 2.817430e-04
413 1.860820e-04
414 1.033870e-04
415 5.925180e-05
416 4.498510e-05
417 4.524180e-05
418 5.191910e-05
419 6.254090e-05
420 7.381780e-05
421 8.016040e-05
422 7.705590e-05
423 6.523890e-05
424 5.105440e-05
425 4.063920e-05
426 3.728130e-05
427 4.236510e-05
428 5.542930e-05
429 7.233270e-05
430 8.490100e-05
431 8.765780e-05
432 8.568680e-05
433 8.373570e-05
434 8.182830e-05
435 7.996460e-05
436 7.814470e-05
437 7.636590e-05
438 7.462810e-05
439 7.293110e-05
440 7.126910e-05
441 6.964700e-05
442 6.806230e-05
443 6.651290e-05
444 6.500550e-05
445 6.351960e-05
446 6.207620e-05
447 6.066360e-05
448 5.927910e-05
449 5.792980e-05
450 5.661190e-05
451 5.532240e-05
452 5.406280e-05
453 5.283270e-05
454 5.162930e-05
455 5.045420e-05
456 4.930620e-05
457 4.818410e-05
458 4.708730e-05
459 4.601530e-05
460 4.496800e-05
461 4.394480e-05
462 4.294380e-05
463 4.196610e-05
464 4.101100e-05
465 4.007820e-05
466 3.916610e-05
467 3.827410e-05
468 3.740290e-05
469 3.655150e-05
470 3.571880e-05
471 3.490630e-05
472 3.411140e-05
473 3.333580e-05
474 3.257640e-05
475 3.183490e-05
476 3.110990e-05
477 3.040170e-05
478 2.970960e-05
479 2.903370e-05
480 2.837260e-05
481 2.772800e-05
482 2.709590e-05
483 2.647920e-05
484 2.587670e-05
485 2.528790e-05
486 2.471160e-05
487 2.414910e-05
488 2.359970e-05
489 2.306220e-05
490 2.253730e-05
491 2.202480e-05
492 2.152400e-05
493 2.103320e-05
494 2.055460e-05
495 2.008700e-05
496 1.962940e-05
497 1.918230e-05
498 1.874560e-05
499 1.831930e-05
500 1.790220e-05
