1 1.545290e-04
2 1.532650e-04
3 1.519730e-04
4 1.506500e-04
5 1.492970e-04
6 1.479120e-04
7 1.464940e-04
8 1.450440e-04
9 1.435600e-04
10 1.420410e-04
11 1.404870e-04
12 1.388970e-04
13 1.372700e-04
14 1.356040e-04
15 1.339000e-04
16 1.321570e-04
17 1.303720e-04
18 1.285460e-04
19 1.268040e-04
20 1.256990e-04
21 1.246690e-04
22 1.236140e-04
23 1.225350e-04
24 1.214310e-04
25 1.203020e-04
26 1.191450e-04
27 1.179620e-04
28 1.167520e-04
29 1.155130e-04
30 1.142450e-04
31 1.131840e-04
32 1.124480e-04
33 1.116980e-04
34 1.109310e-04
35 1.101460e-04
36 1.093430e-04
37 1.085210e-04
38 1.076800e-04
39 1.068190e-04
40 1.059380e-04
41 1.050370e-04
42 1.041140e-04
43 1.031710e-04
44 1.022050e-04
45 1.012160e-04
46 1.002050e-04
47 9.917030e-05
48 9.811130e-05
49 9.702760e-05
50 9.591880e-05
51 9.478410e-05
52 9.362290e-05
53 9.243490e-05
54 9.121900e-05
55 9.007930e-05
56 8.935910e-05
57 8.867250e-05
58 8.796960e-05
59 8.725040e-05
60 8.651460e-05
61 8.576160e-05
62 8.499090e-05
63 8.420240e-05
64 8.339550e-05
65 8.256970e-05
66 8.172480e-05
67 8.086030e-05
68 7.997550e-05
69 7.907010e-05
70 7.814620e-05
71 7.749980e-05
72 7.704340e-05
73 7.657630e-05
74 7.609830e-05
75 7.560920e-05
76 7.510870e-05
77 7.459650e-05
78 7.407240e-05
79 7.353610e-05
80 7.298730e-05
81 7.242560e-05
82 7.185110e-05
83 7.126300e-05
84 7.066120e-05
85 7.004550e-05
86 6.941540e-05
87 6.877050e-05
88 6.811070e-05
89 6.743560e-05
90 6.674460e-05
91 6.603770e-05
92 6.531430e-05
93 6.457390e-05
94 6.381630e-05
95 6.304120e-05
96 6.224790e-05
97 6.143610e-05
98 6.060550e-05
99 5.975550e-05
100 5.888560e-05
101 5.834120e-05
102 5.813310e-05
103 5.792020e-05
104 5.770230e-05
105 5.747920e-05
106 5.725100e-05
107 5.701750e-05
108 5.677860e-05
109 5.653410e-05
110 5.628390e-05
111 5.602780e-05
112 5.576580e-05
113 5.549780e-05
114 5.522340e-05
115 5.494260e-05
116 5.465540e-05
117 5.436140e-05
118 5.406060e-05
119 5.375280e-05
120 5.343780e-05
121 5.311540e-05
122 5.278560e-05
123 5.244810e-05
124 5.210270e-05
125 5.174930e-05
126 5.138770e-05
127 5.101750e-05
128 5.063880e-05
129 5.025130e-05
130 4.985470e-05
131 4.958670e-05
132 4.951740e-05
133 4.944830e-05
134 4.937760e-05
135 4.930530e-05
136 4.923120e-05
137 4.915550e-05
138 4.907790e-05
139 4.899860e-05
140 4.891740e-05
141 4.883440e-05
142 4.874940e-05
143 4.866240e-05
144 4.857340e-05
145 4.848230e-05
146 4.838910e-05
147 4.829370e-05
148 4.820340e-05
149 4.823590e-05
150 4.831450e-05
151 4.839490e-05
152 4.847720e-05
153 4.856150e-05
154 4.864770e-05
155 4.873590e-05
156 4.882620e-05
157 4.891850e-05
158 4.901310e-05
159 4.910980e-05
160 4.920880e-05
161 4.935180e-05
162 4.958680e-05
163 4.983020e-05
164 5.007920e-05
165 5.033410e-05
166 5.059490e-05
167 5.086170e-05
168 5.113480e-05
169 5.141420e-05
170 5.170090e-05
171 5.206850e-05
172 5.249580e-05
173 5.293300e-05
174 5.338040e-05
175 5.383820e-05
176 5.430660e-05
177 5.478600e-05
178 5.527900e-05
179 5.587360e-05
180 5.652850e-05
181 5.719890e-05
182 5.788480e-05
183 5.858660e-05
184 5.930480e-05
185 6.006000e-05
186 6.095920e-05
187 6.190160e-05
188 6.286580e-05
189 6.385260e-05
190 6.486240e-05
191 6.594720e-05
192 6.721240e-05
193 6.851760e-05
194 6.985350e-05
195 7.122020e-05
196 7.266630e-05
197 7.436080e-05
198 7.612080e-05
199 7.792200e-05
200 7.976540e-05
201 8.184770e-05
202 8.417770e-05
203 8.656130e-05
204 8.900060e-05
205 9.240320e-05
206 9.741810e-05
207 1.025750e-04
208 1.078500e-04
209 1.132490e-04
210 1.187740e-04
211 1.244260e-04
212 1.302110e-04
213 1.361310e-04
214 1.421890e-04
215 1.483870e-04
216 1.547300e-04
217 1.612210e-04
218 1.678630e-04
219 1.746630e-04
220 1.816240e-04
221 1.909940e-04
222 2.103240e-04
223 2.312250e-04
224 2.526970e-04
225 2.747680e-04
226 2.973500e-04
227 3.204570e-04
228 3.443810e-04
229 3.905960e-04
230 4.516860e-04
231 5.143210e-04
232 5.785930e-04
233 6.665530e-04
234 8.063590e-04
235 9.809800e-04
236 1.231040e-03
237 1.564170e-03
238 2.303000e-03
239 3.253480e-03
240 4.885400e-03
241 9.212820e-03
242 2.502470e-02
243 1.776500e-01
244 3.931300e-01
245 4.739790e-02
246 1.309290e-02
247 5.981420e-03
248 3.271350e-03
249 2.266790e-03
250 1.591050e-03
251 1.185460e-03
252 9.360970e-04
253 7.603600e-04
254 6.388740e-04
255 5.645790e-04
256 4.927870e-04
257 4.558440e-04
258 4.280170e-04
259 4.151630e-04
260 4.164930e-04
261 4.330510e-04
262 4.823120e-04
263 5.573270e-04
264 6.674310e-04
265 9.312010e-04
266 1.353950e-03
267 2.396220e-03
268 5.741540e-03
269 1.672960e-02
270 1.825310e-02
271 6.474250e-03
272 2.486010e-03
273 1.339950e-03
274 8.612500e-04
275 6.030510e-04
276 4.771300e-04
277 3.864520e-04
278 3.353270e-04
279 3.019090e-04
280 2.822450e-04
281 2.710240e-04
282 2.670530e-04
283 2.706680e-04
284 2.791150e-04
285 2.933090e-04
286 3.140900e-04
287 3.454480e-04
288 3.845250e-04
289 4.344530e-04
290 5.019970e-04
291 5.954770e-04
292 7.277370e-04
293 8.934720e-04
294 1.139910e-03
295 1.495350e-03
296 1.993530e-03
297 2.661130e-03
298 3.357230e-03
299 3.795540e-03
300 3.619860e-03
301 2.961600e-03
302 2.222590e-03
303 1.623800e-03
304 1.182340e-03
305 9.068150e-04
306 7.142460e-04
307 5.659120e-04
308 4.615450e-04
309 3.796330e-04
310 3.198400e-04
311 2.773680e-04
312 2.404780e-04
313 2.139870e-04
314 1.927260e-04
315 1.741320e-04
316 1.639290e-04
317 1.552360e-04
318 1.483710e-04
319 1.478200e-04
320 1.506330e-04
321 1.668940e-04
322 1.857570e-04
323 2.123600e-04
324 2.423760e-04
325 2.379500e-04
326 2.072570e-04
327 1.783190e-04
328 1.614920e-04
329 1.545680e-04
330 1.548990e-04
331 1.601110e-04
332 1.703900e-04
333 1.848790e-04
334 2.053840e-04
335 2.309050e-04
336 2.642190e-04
337 3.076060e-04
338 3.621130e-04
339 4.298970e-04
340 5.037510e-04
341 5.809670e-04
342 7.072450e-04
343 8.455490e-04
344 7.946690e-04
345 9.201360e-04
346 9.227750e-04
347 4.607280e-04
348 3.935460e-04
349 7.724310e-04
350 8.035290e-04
351 3.973740e-04
352 2.814580e-04
353 2.732880e-04
354 2.727080e-04
355 2.741980e-04
356 2.763000e-04
357 3.086900e-04
358 6.391160e-04
359 1.123360e-03
360 7.532750e-04
361 3.260900e-04
362 3.841300e-04
363 4.871990e-04
364 3.147530e-04
365 1.463720e-04
366 9.349590e-05
367 9.234860e-05
368 1.365740e-04
369 2.184130e-04
370 2.258250e-04
371 1.391880e-04
372 7.309980e-05
373 5.078380e-05
374 4.724560e-05
375 5.999420e-05
376 1.417830e-04
377 3.892950e-04
378 6.170550e-04
379 5.119890e-04
380 2.752020e-04
381 1.270920e-04
382 7.309700e-05
383 6.647470e-05
384 8.320160e-05
385 1.108870e-04
386 1.352980e-04
387 1.398560e-04
388 1.251960e-04
389 1.161130e-04
390 1.266360e-04
391 1.342880e-04
392 1.370900e-04
393 1.654600e-04
394 1.861430e-04
395 1.665500e-04
396 1.473050e-04
397 1.474080e-04
398 1.413440e-04
399 1.111880e-04
400 7.172340e-05
401 4.537430e-05
402 4.038700e-05
403 6.033400e-05
404 1.007000e-04
405 1.323420e-04
406 1.336860e-04
407 1.268740e-04
408 1.444840e-04
409 2.024510e-04
410 2.845060e-04
411 3.264130e-04
412 2.817430e-04
413 1.860820e-04
414 1.033870e-04
415 5.925180e-05
416 4.498510e-05
417 4.524180e-05
418 5.191910e-05
419 6.254090e-05
420 7.381780e-05
421 8.016040e-05
422 7.705590e-05
423 6.523890e-05
424 5.105440e-05
425 4.063920e-05
426 3.728130e-05
427 4.236510e-05
428 5.542930e-05
429 7.233270e-05
430 8.490100e-05
431 8.765780e-05
432 8.568680e-05
433 8.373570e-05
434 8.182830e-05
435 7.996460e-05
436 7.814470e-05
437 7.636590e-05
438 7.462810e-05
439 7.293110e-05
440 7.126910e-05
441 6.964700e-05
442 6.806230e-05
443 6.651290e-05
444 6.500550e-05
445 6.351960e-05
446 6.207620e-05
447 6.066360e-05
448 5.927910e-05
449 5.792980e-05
450 5.661190e-05
451 5.532240e-05
452 5.406280e-05
453 5.283270e-05
454 5.162930e-05
455 5.045420e-05
456 4.930620e-05
457 4.818410e-05
458 4.708730e-05
459 4.601530e-05
460 4.496800e-05
461 4.394480e-05
462 4.294380e-05
463 4.196610e-05
464 4.101100e-05
465 4.007820e-05
466 3.916610e-05
467 3.827410e-05
468 3.740290e-05
469 3.655150e-05
470 3.571880e-05
471 3.490630e-05
472 3.411140e-05
473 3.333580e-05
474 3.257640e-05
475 3.183490e-05
476 3.110990e-05
477 3.040170e-05
478 2.970960e-05
479 2.903370e-05
480 2.837260e-05
481 2.772800e-05
482 2.709590e-05
483 2.647920e-05
484 2.587670e-05
485 2.528790e-05
486 2.471160e-05
487 2.414910e-05
488 2.359970e-05
489 2.306220e-05
490 2.253730e-05
491 2.202480e-05
492 2.152400e-05
493 2.103320e-05
494 2.055460e-05
495 2.008700e-05
496 1.962940e-05
497 1.918230e-05
498 1.874560e-05
499 1.831930e-05
500 1.790220e-05
