1 1.545890e-04
2 1.533240e-04
3 1.520300e-04
4 1.507060e-04
5 1.493500e-04
6 1.479640e-04
7 1.465450e-04
8 1.450930e-04
9 1.436070e-04
10 1.420860e-04
11 1.405300e-04
12 1.389380e-04
13 1.373090e-04
14 1.356410e-04
15 1.339350e-04
16 1.321900e-04
17 1.304030e-04
18 1.285750e-04
19 1.268300e-04
20 1.257240e-04
21 1.246930e-04
22 1.236380e-04
23 1.225580e-04
24 1.214530e-04
25 1.203220e-04
26 1.191650e-04
27 1.179810e-04
28 1.167700e-04
29 1.155300e-04
30 1.142610e-04
31 1.131990e-04
32 1.124630e-04
33 1.117130e-04
34 1.109460e-04
35 1.101610e-04
36 1.093570e-04
37 1.085350e-04
38 1.076940e-04
39 1.068330e-04
40 1.059520e-04
41 1.050510e-04
42 1.041280e-04
43 1.031840e-04
44 1.022180e-04
45 1.012300e-04
46 1.002180e-04
47 9.918330e-05
48 9.812410e-05
49 9.704030e-05
50 9.593140e-05
51 9.479650e-05
52 9.363510e-05
53 9.244690e-05
54 9.123090e-05
55 9.009100e-05
56 8.937060e-05
57 8.868380e-05
58 8.798080e-05
59 8.726130e-05
60 8.652530e-05
61 8.577210e-05
62 8.500120e-05
63 8.421250e-05
64 8.340540e-05
65 8.257940e-05
66 8.173420e-05
67 8.086940e-05
68 7.998440e-05
69 7.907870e-05
70 7.815460e-05
71 7.750810e-05
72 7.705160e-05
73 7.658450e-05
74 7.610640e-05
75 7.561730e-05
76 7.511680e-05
77 7.460450e-05
78 7.408030e-05
79 7.354400e-05
80 7.299520e-05
81 7.243350e-05
82 7.185880e-05
83 7.127070e-05
84 7.066890e-05
85 7.005310e-05
86 6.942290e-05
87 6.877800e-05
88 6.811820e-05
89 6.744300e-05
90 6.675200e-05
91 6.604490e-05
92 6.532150e-05
93 6.458100e-05
94 6.382340e-05
95 6.304820e-05
96 6.225480e-05
97 6.144290e-05
98 6.061230e-05
99 5.976220e-05
100 5.889230e-05
101 5.834770e-05
102 5.813950e-05
103 5.792650e-05
104 5.770840e-05
105 5.748530e-05
106 5.725700e-05
107 5.702340e-05
108 5.678430e-05
109 5.653970e-05
110 5.628940e-05
111 5.603320e-05
112 5.577100e-05
113 5.550280e-05
114 5.522830e-05
115 5.494740e-05
116 5.466000e-05
117 5.436590e-05
118 5.406490e-05
119 5.375700e-05
120 5.344180e-05
121 5.311930e-05
122 5.278930e-05
123 5.245160e-05
124 5.210600e-05
125 5.175240e-05
126 5.139060e-05
127 5.102030e-05
128 5.064140e-05
129 5.025370e-05
130 4.985690e-05
131 4.958880e-05
132 4.951940e-05
133 4.945030e-05
134 4.937960e-05
135 4.930720e-05
136 4.923310e-05
137 4.915730e-05
138 4.907970e-05
139 4.900030e-05
140 4.891910e-05
141 4.883600e-05
142 4.875090e-05
143 4.866390e-05
144 4.857480e-05
145 4.848370e-05
146 4.839040e-05
147 4.829500e-05
148 4.820460e-05
149 4.823700e-05
150 4.831560e-05
151 4.839610e-05
152 4.847830e-05
153 4.856250e-05
154 4.864870e-05
155 4.873690e-05
156 4.882710e-05
157 4.891950e-05
158 4.901400e-05
159 4.911060e-05
160 4.920960e-05
161 4.935260e-05
162 4.958760e-05
163 4.983090e-05
164 5.008000e-05
165 5.033480e-05
166 5.059560e-05
167 5.086240e-05
168 5.113550e-05
169 5.141490e-05
170 5.170160e-05
171 5.206920e-05
172 5.249640e-05
173 5.293360e-05
174 5.338110e-05
175 5.383890e-05
176 5.430730e-05
177 5.478670e-05
178 5.527970e-05
179 5.587430e-05
180 5.652930e-05
181 5.719960e-05
182 5.788560e-05
183 5.858730e-05
184 5.930560e-05
185 6.006070e-05
186 6.095990e-05
187 6.190230e-05
188 6.286650e-05
189 6.385330e-05
190 6.486310e-05
191 6.594790e-05
192 6.721310e-05
193 6.851840e-05
194 6.985430e-05
195 7.122110e-05
196 7.266730e-05
197 7.436190e-05
198 7.612200e-05
199 7.792330e-05
200 7.976680e-05
201 8.185010e-05
202 8.418170e-05
203 8.656710e-05
204 8.900830e-05
205 9.241180e-05
206 9.742620e-05
207 1.025820e-04
208 1.078570e-04
209 1.132550e-04
210 1.187790e-04
211 1.244310e-04
212 1.302150e-04
213 1.361350e-04
214 1.421920e-04
215 1.483890e-04
216 1.547320e-04
217 1.612220e-04
218 1.678640e-04
219 1.746700e-04
220 1.816380e-04
221 1.910130e-04
222 2.103360e-04
223 2.312290e-04
224 2.527060e-04
225 2.747970e-04
226 2.973980e-04
227 3.205250e-04
228 3.444700e-04
229 3.906660e-04
230 4.517130e-04
231 5.143520e-04
232 5.787000e-04
233 6.666910e-04
234 8.064210e-04
235 9.810450e-04
236 1.231310e-03
237 1.564340e-03
238 2.303000e-03
239 3.253480e-03
240 4.885970e-03
241 9.212950e-03
242 2.503380e-02
243 1.776850e-01
244 3.929940e-01
245 4.744060e-02
246 1.309560e-02
247 5.981510e-03
248 3.271480e-03
249 2.266680e-03
250 1.591160e-03
251 1.185790e-03
252 9.362080e-04
253 7.604270e-04
254 6.389950e-04
255 5.646680e-04
256 4.928430e-04
257 4.558870e-04
258 4.280520e-04
259 4.151880e-04
260 4.165050e-04
261 4.330550e-04
262 4.823130e-04
263 5.573780e-04
264 6.675950e-04
265 9.312620e-04
266 1.351400e-03
267 2.396810e-03
268 5.743240e-03
269 1.672930e-02
270 1.825120e-02
271 6.471850e-03
272 2.486880e-03
273 1.339970e-03
274 8.611060e-04
275 6.030510e-04
276 4.771450e-04
277 3.864850e-04
278 3.353630e-04
279 3.019360e-04
280 2.822520e-04
281 2.710340e-04
282 2.670610e-04
283 2.706700e-04
284 2.791130e-04
285 2.933220e-04
286 3.141130e-04
287 3.454350e-04
288 3.845130e-04
289 4.344920e-04
290 5.020980e-04
291 5.955720e-04
292 7.277010e-04
293 8.935600e-04
294 1.140140e-03
295 1.495470e-03
296 1.993660e-03
297 2.661100e-03
298 3.356990e-03
299 3.795170e-03
300 3.619810e-03
301 2.961580e-03
302 2.222690e-03
303 1.623850e-03
304 1.182500e-03
305 9.068440e-04
306 7.142520e-04
307 5.659220e-04
308 4.615450e-04
309 3.796330e-04
310 3.198400e-04
311 2.773680e-04
312 2.404780e-04
313 2.139870e-04
314 1.927260e-04
315 1.741320e-04
316 1.639290e-04
317 1.552360e-04
318 1.483710e-04
319 1.478200e-04
320 1.506330e-04
321 1.668940e-04
322 1.857570e-04
323 2.123600e-04
324 2.423760e-04
325 2.379500e-04
326 2.072570e-04
327 1.783190e-04
328 1.614920e-04
329 1.545680e-04
330 1.548990e-04
331 1.601110e-04
332 1.703900e-04
333 1.848790e-04
334 2.053840e-04
335 2.309050e-04
336 2.642190e-04
337 3.076060e-04
338 3.621130e-04
339 4.298970e-04
340 5.037510e-04
341 5.809670e-04
342 7.072450e-04
343 8.455490e-04
344 7.946690e-04
345 9.201360e-04
346 9.227750e-04
347 4.607280e-04
348 3.935460e-04
349 7.724310e-04
350 8.035290e-04
351 3.973740e-04
352 2.814580e-04
353 2.732880e-04
354 2.727080e-04
355 2.741980e-04
356 2.763000e-04
357 3.086900e-04
358 6.391160e-04
359 1.123360e-03
360 7.532750e-04
361 3.260900e-04
362 3.841300e-04
363 4.871990e-04
364 3.147530e-04
365 1.463720e-04
366 9.349590e-05
367 9.234860e-05
368 1.365740e-04
369 2.184130e-04
370 2.258250e-04
371 1.391880e-04
372 7.309980e-05
373 5.078380e-05
374 4.724560e-05
375 5.999420e-05
376 1.417830e-04
377 3.892950e-04
378 6.170550e-04
379 5.119890e-04
380 2.752020e-04
381 1.270920e-04
382 7.309700e-05
383 6.647470e-05
384 8.320160e-05
385 1.108870e-04
386 1.352980e-04
387 1.398560e-04
388 1.251960e-04
389 1.161130e-04
390 1.266360e-04
391 1.342880e-04
392 1.370900e-04
393 1.654600e-04
394 1.861430e-04
395 1.665500e-04
396 1.473050e-04
397 1.474080e-04
398 1.413440e-04
399 1.111880e-04
400 7.172340e-05
401 4.537430e-05
402 4.038700e-05
403 6.033400e-05
404 1.007000e-04
405 1.323420e-04
406 1.336860e-04
407 1.268740e-04
408 1.444840e-04
409 2.024510e-04
410 2.845060e-04
411 3.264130e-04
412 2.817430e-04
413 1.860820e-04
414 1.033870e-04
415 5.925180e-05
416 4.498510e-05
417 4.524180e-05
418 5.191910e-05
419 6.254090e-05
420 7.381780e-05
421 8.016040e-05
422 7.705590e-05
423 6.523890e-05
424 5.105440e-05
425 4.063920e-05
426 3.728130e-05
427 4.236510e-05
428 5.542930e-05
429 7.233270e-05
430 8.490100e-05
431 8.765780e-05
432 8.568680e-05
433 8.373570e-05
434 8.182830e-05
435 7.996460e-05
436 7.814470e-05
437 7.636590e-05
438 7.462810e-05
439 7.293110e-05
440 7.126910e-05
441 6.964700e-05
442 6.806230e-05
443 6.651290e-05
444 6.500550e-05
445 6.351960e-05
446 6.207620e-05
447 6.066360e-05
448 5.927910e-05
449 5.792980e-05
450 5.661190e-05
451 5.532240e-05
452 5.406280e-05
453 5.283270e-05
454 5.162930e-05
455 5.045420e-05
456 4.930620e-05
457 4.818410e-05
458 4.708730e-05
459 4.601530e-05
460 4.496800e-05
461 4.394480e-05
462 4.294380e-05
463 4.196610e-05
464 4.101100e-05
465 4.007820e-05
466 3.916610e-05
467 3.827410e-05
468 3.740290e-05
469 3.655150e-05
470 3.571880e-05
471 3.490630e-05
472 3.411140e-05
473 3.333580e-05
474 3.257640e-05
475 3.183490e-05
476 3.110990e-05
477 3.040170e-05
478 2.970960e-05
479 2.903370e-05
480 2.837260e-05
481 2.772800e-05
482 2.709590e-05
483 2.647920e-05
484 2.587670e-05
485 2.528790e-05
486 2.471160e-05
487 2.414910e-05
488 2.359970e-05
489 2.306220e-05
490 2.253730e-05
491 2.202480e-05
492 2.152400e-05
493 2.103320e-05
494 2.055460e-05
495 2.008700e-05
496 1.962940e-05
497 1.918230e-05
498 1.874560e-05
499 1.831930e-05
500 1.790220e-05
