1 3.539510e-02
2 3.539510e-02
3 3.539510e-02
4 3.539510e-02
5 3.539510e-02
6 3.539510e-02
7 3.539510e-02
8 3.539510e-02
9 3.539510e-02
10 3.539510e-02
11 3.539510e-02
12 3.539510e-02
13 3.539510e-02
14 3.539510e-02
15 3.539510e-02
16 3.539510e-02
17 3.539510e-02
18 3.539510e-02
19 3.539510e-02
20 3.539510e-02
21 3.539510e-02
22 3.539510e-02
23 3.539510e-02
24 3.539510e-02
25 3.539510e-02
26 3.539510e-02
27 3.539510e-02
28 3.539510e-02
29 3.539510e-02
30 3.539510e-02
31 3.539510e-02
32 3.539510e-02
33 3.539510e-02
34 3.539510e-02
35 3.539510e-02
36 3.539510e-02
37 3.539510e-02
38 3.539510e-02
39 3.539510e-02
40 3.539510e-02
41 3.539510e-02
42 3.539510e-02
43 3.539510e-02
44 3.539510e-02
45 3.539510e-02
46 3.539510e-02
47 3.539510e-02
48 3.539510e-02
49 3.539510e-02
50 3.539510e-02
51 3.539510e-02
52 3.539510e-02
53 3.539510e-02
54 3.539510e-02
55 3.539510e-02
56 3.539510e-02
57 3.539510e-02
58 3.539510e-02
59 3.539510e-02
60 3.539510e-02
61 3.539510e-02
62 3.539510e-02
63 3.539510e-02
64 3.539510e-02
65 3.539510e-02
66 3.539510e-02
67 3.539510e-02
68 3.539510e-02
69 3.539510e-02
70 3.539510e-02
71 3.539510e-02
72 3.539510e-02
73 3.539510e-02
74 3.539510e-02
75 3.539510e-02
76 3.539510e-02
77 3.539510e-02
78 3.539510e-02
79 3.539510e-02
80 3.539510e-02
81 3.539510e-02
82 3.539510e-02
83 3.539510e-02
84 3.539510e-02
85 3.539510e-02
86 3.539510e-02
87 3.539510e-02
88 3.539510e-02
89 3.539510e-02
90 3.539510e-02
91 3.539510e-02
92 3.539510e-02
93 3.539510e-02
94 3.539510e-02
95 3.539510e-02
96 3.539510e-02
97 3.539510e-02
98 3.539510e-02
99 3.539510e-02
100 3.539510e-02
101 3.539510e-02
102 3.539510e-02
103 3.539510e-02
104 3.539510e-02
105 3.539510e-02
106 3.539510e-02
107 3.539510e-02
108 3.539510e-02
109 3.539510e-02
110 3.539510e-02
111 3.539510e-02
112 3.539510e-02
113 3.539510e-02
114 3.539510e-02
115 3.539510e-02
116 3.539510e-02
117 3.539510e-02
118 3.539510e-02
119 3.539510e-02
120 3.539510e-02
121 3.539510e-02
122 3.539510e-02
123 3.539510e-02
124 3.539510e-02
125 3.539510e-02
126 3.539510e-02
127 3.539510e-02
128 3.539510e-02
129 3.539510e-02
130 3.539510e-02
131 3.539510e-02
132 3.539510e-02
133 3.539510e-02
134 3.539510e-02
135 3.539510e-02
136 3.539510e-02
137 3.539510e-02
138 3.539510e-02
139 3.539510e-02
140 3.539510e-02
141 3.539510e-02
142 3.539510e-02
143 3.539510e-02
144 3.539510e-02
145 3.539510e-02
146 3.539510e-02
147 3.539510e-02
148 3.539510e-02
149 3.539510e-02
150 3.539510e-02
151 3.539510e-02
152 3.539510e-02
153 3.539510e-02
154 3.539510e-02
155 3.539510e-02
156 3.539510e-02
157 3.539510e-02
158 3.539510e-02
159 3.539510e-02
160 3.539510e-02
161 3.539510e-02
162 3.539510e-02
163 3.539510e-02
164 3.539510e-02
165 3.539510e-02
166 3.539510e-02
167 3.539510e-02
168 3.539510e-02
169 3.539510e-02
170 3.539510e-02
171 3.539510e-02
172 3.539510e-02
173 3.539510e-02
174 3.539510e-02
175 3.539510e-02
176 3.539510e-02
177 3.539510e-02
178 3.539510e-02
179 3.539510e-02
180 3.539510e-02
181 3.539510e-02
182 3.539510e-02
183 3.539510e-02
184 3.539510e-02
185 3.539510e-02
186 3.539510e-02
187 3.539510e-02
188 3.539510e-02
189 3.539510e-02
190 3.539510e-02
191 3.539510e-02
192 3.539510e-02
193 3.539510e-02
194 3.539510e-02
195 3.539510e-02
196 3.539510e-02
197 3.539510e-02
198 3.539510e-02
199 3.539510e-02
200 3.539510e-02
201 3.540940e-02
202 3.543840e-02
203 3.546800e-02
204 3.549840e-02
205 3.552940e-02
206 3.556120e-02
207 3.559370e-02
208 3.562700e-02
209 3.566100e-02
210 3.569590e-02
211 3.573150e-02
212 3.576800e-02
213 3.580540e-02
214 3.584360e-02
215 3.588270e-02
216 3.592270e-02
217 3.596360e-02
218 3.600550e-02
219 3.604840e-02
220 3.609230e-02
221 3.613720e-02
222 3.618310e-02
223 3.623010e-02
224 3.627820e-02
225 3.632740e-02
226 3.637780e-02
227 3.642930e-02
228 3.648210e-02
229 3.653600e-02
230 3.659130e-02
231 3.664780e-02
232 3.670560e-02
233 3.676480e-02
234 3.682540e-02
235 3.688730e-02
236 3.695080e-02
237 3.701570e-02
238 3.708220e-02
239 3.715020e-02
240 3.722000e-02
241 3.729190e-02
242 3.736700e-02
243 3.745130e-02
244 3.750300e-02
245 3.758620e-02
246 3.766970e-02
247 3.775280e-02
248 3.783680e-02
249 3.792260e-02
250 3.801020e-02
251 3.809980e-02
252 3.819150e-02
253 3.828530e-02
254 3.838130e-02
255 3.847960e-02
256 3.858010e-02
257 3.868290e-02
258 3.878820e-02
259 3.889600e-02
260 3.900610e-02
261 3.911910e-02
262 3.923440e-02
263 3.935280e-02
264 3.947370e-02
265 3.959800e-02
266 3.972520e-02
267 3.985660e-02
268 3.999300e-02
269 4.013070e-02
270 4.024840e-02
271 4.039080e-02
272 4.054150e-02
273 4.069270e-02
274 4.084620e-02
275 4.100230e-02
276 4.116190e-02
277 4.132510e-02
278 4.149190e-02
279 4.166270e-02
280 4.183740e-02
281 4.201620e-02
282 4.219910e-02
283 4.238630e-02
284 4.257790e-02
285 4.277390e-02
286 4.297450e-02
287 4.317990e-02
288 4.339010e-02
289 4.360520e-02
290 4.382540e-02
291 4.405080e-02
292 4.428160e-02
293 4.451790e-02
294 4.475980e-02
295 4.500720e-02
296 4.526090e-02
297 4.551930e-02
298 4.578240e-02
299 4.605020e-02
300 4.632310e-02
301 4.660380e-02
302 4.689250e-02
303 4.718870e-02
304 4.749280e-02
305 4.780400e-02
306 4.812230e-02
307 4.844640e-02
308 4.878180e-02
309 4.912230e-02
310 4.947070e-02
311 4.982820e-02
312 5.019330e-02
313 5.056690e-02
314 5.094920e-02
315 5.134010e-02
316 5.174030e-02
317 5.214960e-02
318 5.256890e-02
319 5.299760e-02
320 5.343640e-02
321 5.388540e-02
322 5.434470e-02
323 5.481490e-02
324 5.529590e-02
325 5.578780e-02
326 5.629140e-02
327 5.680730e-02
328 5.733440e-02
329 5.787430e-02
330 5.842640e-02
331 5.899200e-02
332 5.957070e-02
333 6.016370e-02
334 6.077000e-02
335 6.138950e-02
336 6.202380e-02
337 6.267410e-02
338 6.333920e-02
339 6.401650e-02
340 6.471050e-02
341 6.541810e-02
342 6.614750e-02
343 6.695290e-02
344 6.764820e-02
345 6.843370e-02
346 6.922670e-02
347 7.004610e-02
348 7.088660e-02
349 7.174420e-02
350 7.261180e-02
351 7.351460e-02
352 7.442970e-02
353 7.536580e-02
354 7.632670e-02
355 7.730820e-02
356 7.831060e-02
357 7.934160e-02
358 8.039570e-02
359 8.149620e-02
360 8.256520e-02
361 8.370040e-02
362 8.486490e-02
363 8.605130e-02
364 8.720800e-02
365 8.846700e-02
366 8.973520e-02
367 9.102850e-02
368 9.234430e-02
369 9.370980e-02
370 9.515370e-02
371 9.651810e-02
372 9.797220e-02
373 9.946070e-02
374 1.009830e-01
375 1.025390e-01
376 1.041290e-01
377 1.057670e-01
378 1.075420e-01
379 1.090880e-01
380 1.108580e-01
381 1.126640e-01
382 1.144950e-01
383 1.163630e-01
384 1.182810e-01
385 1.202510e-01
386 1.222830e-01
387 1.243380e-01
388 1.264130e-01
389 1.285480e-01
390 1.307430e-01
391 1.330010e-01
392 1.352970e-01
393 1.376480e-01
394 1.400360e-01
395 1.425110e-01
396 1.451020e-01
397 1.476920e-01
398 1.502730e-01
399 1.529470e-01
400 1.557400e-01
401 1.590080e-01
402 1.628850e-01
403 1.668130e-01
404 1.708730e-01
405 1.750210e-01
406 1.790670e-01
407 1.835890e-01
408 1.879500e-01
409 1.924210e-01
410 1.969610e-01
411 2.017480e-01
412 2.065140e-01
413 2.114760e-01
414 2.165070e-01
415 2.216970e-01
416 2.270180e-01
417 2.321240e-01
418 2.368420e-01
419 2.416840e-01
420 2.465630e-01
421 2.515190e-01
422 2.567640e-01
423 2.618380e-01
424 2.672380e-01
425 2.727420e-01
426 2.783760e-01
427 2.841380e-01
428 2.900730e-01
429 2.962780e-01
430 3.023350e-01
431 3.084700e-01
432 3.149490e-01
433 3.215870e-01
434 3.273540e-01
435 3.309070e-01
436 3.341020e-01
437 3.375330e-01
438 3.411360e-01
439 3.447860e-01
440 3.484330e-01
441 3.521820e-01
442 3.560210e-01
443 3.600140e-01
444 3.640000e-01
445 3.681780e-01
446 3.724050e-01
447 3.763010e-01
448 3.772280e-01
449 3.775460e-01
450 3.778800e-01
451 3.782180e-01
452 3.785540e-01
453 3.789140e-01
454 3.792730e-01
455 3.796360e-01
456 3.800290e-01
457 3.803890e-01
458 3.808160e-01
459 3.812030e-01
460 3.816220e-01
461 3.817150e-01
462 3.811480e-01
463 3.805030e-01
464 3.799220e-01
465 3.792430e-01
466 3.785890e-01
467 3.779240e-01
468 3.772400e-01
469 3.765120e-01
470 3.758170e-01
471 3.759880e-01
472 3.767710e-01
473 3.776010e-01
474 3.784500e-01
475 3.792920e-01
476 3.801940e-01
477 3.810740e-01
478 3.820330e-01
479 3.856990e-01
480 3.904420e-01
481 3.955990e-01
482 4.008440e-01
483 4.058040e-01
484 4.116050e-01
485 4.173930e-01
486 4.250020e-01
487 4.330700e-01
488 4.415290e-01
489 4.500420e-01
490 4.586870e-01
491 4.678600e-01
492 4.776340e-01
493 4.874910e-01
494 4.978420e-01
495 5.081980e-01
496 5.187690e-01
497 5.290070e-01
498 5.394070e-01
499 5.500490e-01
500 5.610570e-01
