1 3.031060e-05
2 3.004690e-05
3 2.977710e-05
4 2.950100e-05
5 2.921840e-05
6 2.892930e-05
7 2.863340e-05
8 2.833060e-05
9 2.802080e-05
10 2.770380e-05
11 2.737940e-05
12 2.704740e-05
13 2.670770e-05
14 2.636010e-05
15 2.600440e-05
16 2.564040e-05
17 2.526800e-05
18 2.489850e-05
19 2.463550e-05
20 2.439530e-05
21 2.414970e-05
22 2.389830e-05
23 2.364100e-05
24 2.337780e-05
25 2.310840e-05
26 2.283270e-05
27 2.255060e-05
28 2.226200e-05
29 2.196660e-05
30 2.166440e-05
31 2.140160e-05
32 2.120180e-05
33 2.099810e-05
34 2.078960e-05
35 2.057620e-05
36 2.035780e-05
37 2.013440e-05
38 1.990580e-05
39 1.967180e-05
40 1.943240e-05
41 1.918740e-05
42 1.893670e-05
43 1.868020e-05
44 1.841790e-05
45 1.820190e-05
46 1.802200e-05
47 1.783780e-05
48 1.764940e-05
49 1.745660e-05
50 1.725930e-05
51 1.705740e-05
52 1.685080e-05
53 1.663940e-05
54 1.642310e-05
55 1.621610e-05
56 1.606570e-05
57 1.591880e-05
58 1.576840e-05
59 1.561450e-05
60 1.545710e-05
61 1.529590e-05
62 1.513100e-05
63 1.496230e-05
64 1.478970e-05
65 1.461300e-05
66 1.443220e-05
67 1.424720e-05
68 1.405790e-05
69 1.386420e-05
70 1.366640e-05
71 1.351590e-05
72 1.339760e-05
73 1.327650e-05
74 1.315260e-05
75 1.302580e-05
76 1.289610e-05
77 1.276330e-05
78 1.262750e-05
79 1.248850e-05
80 1.234620e-05
81 1.220060e-05
82 1.205170e-05
83 1.189930e-05
84 1.174330e-05
85 1.158370e-05
86 1.142030e-05
87 1.125320e-05
88 1.109070e-05
89 1.097760e-05
90 1.087090e-05
91 1.076190e-05
92 1.065020e-05
93 1.053600e-05
94 1.041910e-05
95 1.029940e-05
96 1.017700e-05
97 1.005180e-05
98 9.923580e-06
99 9.792390e-06
100 9.658180e-06
101 9.549110e-06
102 9.466040e-06
103 9.381060e-06
104 9.294090e-06
105 9.205080e-06
106 9.114020e-06
107 9.020840e-06
108 8.925460e-06
109 8.827880e-06
110 8.728030e-06
111 8.625850e-06
112 8.521280e-06
113 8.414290e-06
114 8.304800e-06
115 8.192750e-06
116 8.078120e-06
117 7.960790e-06
118 7.844460e-06
119 7.761930e-06
120 7.686700e-06
121 7.609740e-06
122 7.530990e-06
123 7.450390e-06
124 7.367920e-06
125 7.283530e-06
126 7.197170e-06
127 7.108800e-06
128 7.018380e-06
129 6.925840e-06
130 6.831140e-06
131 6.748720e-06
132 6.685890e-06
133 6.621790e-06
134 6.556200e-06
135 6.489080e-06
136 6.420380e-06
137 6.350100e-06
138 6.278180e-06
139 6.204570e-06
140 6.129270e-06
141 6.052200e-06
142 5.973330e-06
143 5.892640e-06
144 5.810130e-06
145 5.742070e-06
146 5.685240e-06
147 5.627100e-06
148 5.567600e-06
149 5.506710e-06
150 5.444410e-06
151 5.380650e-06
152 5.315400e-06
153 5.248650e-06
154 5.180330e-06
155 5.114940e-06
156 5.067350e-06
157 5.020820e-06
158 4.973200e-06
159 4.924470e-06
160 4.874610e-06
161 4.823590e-06
162 4.771380e-06
163 4.717950e-06
164 4.663280e-06
165 4.607330e-06
166 4.550090e-06
167 4.491510e-06
168 4.431560e-06
169 4.370210e-06
170 4.307590e-06
171 4.260120e-06
172 4.222930e-06
173 4.184880e-06
174 4.145940e-06
175 4.106090e-06
176 4.065320e-06
177 4.023600e-06
178 3.980900e-06
179 3.937220e-06
180 3.892510e-06
181 3.846750e-06
182 3.799950e-06
183 3.752040e-06
184 3.703010e-06
185 3.652860e-06
186 3.601530e-06
187 3.548990e-06
188 3.497920e-06
189 3.462340e-06
190 3.428800e-06
191 3.394480e-06
192 3.359360e-06
193 3.323420e-06
194 3.286650e-06
195 3.249020e-06
196 3.210510e-06
197 3.171110e-06
198 3.130780e-06
199 3.089520e-06
200 3.047300e-06
