1 3.030090e-05
2 3.003720e-05
3 2.976760e-05
4 2.949150e-05
5 2.920900e-05
6 2.892000e-05
7 2.862430e-05
8 2.832160e-05
9 2.801190e-05
10 2.769500e-05
11 2.737070e-05
12 2.703880e-05
13 2.669930e-05
14 2.635180e-05
15 2.599620e-05
16 2.563230e-05
17 2.526000e-05
18 2.489070e-05
19 2.462780e-05
20 2.438780e-05
21 2.414230e-05
22 2.389110e-05
23 2.363400e-05
24 2.337090e-05
25 2.310170e-05
26 2.282620e-05
27 2.254430e-05
28 2.225590e-05
29 2.196070e-05
30 2.165860e-05
31 2.139600e-05
32 2.119640e-05
33 2.099270e-05
34 2.078430e-05
35 2.057100e-05
36 2.035270e-05
37 2.012940e-05
38 1.990090e-05
39 1.966700e-05
40 1.942770e-05
41 1.918280e-05
42 1.893220e-05
43 1.867580e-05
44 1.841360e-05
45 1.819770e-05
46 1.801770e-05
47 1.783350e-05
48 1.764500e-05
49 1.745210e-05
50 1.725480e-05
51 1.705290e-05
52 1.684620e-05
53 1.663470e-05
54 1.641840e-05
55 1.621130e-05
56 1.606090e-05
57 1.591390e-05
58 1.576350e-05
59 1.560950e-05
60 1.545200e-05
61 1.529080e-05
62 1.512580e-05
63 1.495700e-05
64 1.478430e-05
65 1.460750e-05
66 1.442670e-05
67 1.424160e-05
68 1.405220e-05
69 1.385840e-05
70 1.366050e-05
71 1.351010e-05
72 1.339190e-05
73 1.327090e-05
74 1.314710e-05
75 1.302040e-05
76 1.289080e-05
77 1.275810e-05
78 1.262240e-05
79 1.248350e-05
80 1.234130e-05
81 1.219580e-05
82 1.204700e-05
83 1.189470e-05
84 1.173880e-05
85 1.157940e-05
86 1.141620e-05
87 1.124910e-05
88 1.108680e-05
89 1.097370e-05
90 1.086720e-05
91 1.075810e-05
92 1.064660e-05
93 1.053240e-05
94 1.041560e-05
95 1.029600e-05
96 1.017370e-05
97 1.004850e-05
98 9.920400e-06
99 9.789300e-06
100 9.655170e-06
101 9.546160e-06
102 9.463120e-06
103 9.378180e-06
104 9.291250e-06
105 9.202270e-06
106 9.111250e-06
107 9.018100e-06
108 8.922770e-06
109 8.825230e-06
110 8.725420e-06
111 8.623270e-06
112 8.518750e-06
113 8.411810e-06
114 8.302360e-06
115 8.190360e-06
116 8.075770e-06
117 7.958500e-06
118 7.842210e-06
119 7.759740e-06
120 7.684570e-06
121 7.607670e-06
122 7.528980e-06
123 7.448440e-06
124 7.366030e-06
125 7.281710e-06
126 7.195420e-06
127 7.107110e-06
128 7.016760e-06
129 6.924300e-06
130 6.829680e-06
131 6.747310e-06
132 6.684500e-06
133 6.620430e-06
134 6.554860e-06
135 6.487770e-06
136 6.419110e-06
137 6.348860e-06
138 6.276970e-06
139 6.203390e-06
140 6.128110e-06
141 6.051080e-06
142 5.972250e-06
143 5.891580e-06
144 5.809110e-06
145 5.741070e-06
146 5.684260e-06
147 5.626130e-06
148 5.566640e-06
149 5.505770e-06
150 5.443490e-06
151 5.379740e-06
152 5.314510e-06
153 5.247780e-06
154 5.179480e-06
155 5.114100e-06
156 5.066510e-06
157 5.019990e-06
158 4.972370e-06
159 4.923640e-06
160 4.873790e-06
161 4.822760e-06
162 4.770550e-06
163 4.717130e-06
164 4.662460e-06
165 4.606510e-06
166 4.549260e-06
167 4.490690e-06
168 4.430740e-06
169 4.369400e-06
170 4.306770e-06
171 4.259310e-06
172 4.222140e-06
173 4.184100e-06
174 4.145170e-06
175 4.105340e-06
176 4.064590e-06
177 4.022880e-06
178 3.980200e-06
179 3.936530e-06
180 3.891830e-06
181 3.846100e-06
182 3.799310e-06
183 3.751420e-06
184 3.702410e-06
185 3.652270e-06
186 3.600960e-06
187 3.548440e-06
188 3.497390e-06
189 3.461830e-06
190 3.428300e-06
191 3.393990e-06
192 3.358880e-06
193 3.322950e-06
194 3.286190e-06
195 3.248570e-06
196 3.210070e-06
197 3.170690e-06
198 3.130380e-06
199 3.089120e-06
200 3.046920e-06
