1 3.022980e-05
2 2.996680e-05
3 2.969770e-05
4 2.942230e-05
5 2.914050e-05
6 2.885210e-05
7 2.855700e-05
8 2.825500e-05
9 2.794600e-05
10 2.762980e-05
11 2.730620e-05
12 2.697510e-05
13 2.663630e-05
14 2.628960e-05
15 2.593480e-05
16 2.557180e-05
17 2.520030e-05
18 2.483190e-05
19 2.457020e-05
20 2.433170e-05
21 2.408770e-05
22 2.383790e-05
23 2.358230e-05
24 2.332080e-05
25 2.305320e-05
26 2.277940e-05
27 2.249920e-05
28 2.221240e-05
29 2.191900e-05
30 2.161870e-05
31 2.135750e-05
32 2.115850e-05
33 2.095540e-05
34 2.074770e-05
35 2.053520e-05
36 2.031760e-05
37 2.009500e-05
38 1.986730e-05
39 1.963410e-05
40 1.939560e-05
41 1.915160e-05
42 1.890180e-05
43 1.864620e-05
44 1.838490e-05
45 1.816950e-05
46 1.798960e-05
47 1.780560e-05
48 1.761730e-05
49 1.742460e-05
50 1.722740e-05
51 1.702560e-05
52 1.681910e-05
53 1.660780e-05
54 1.639160e-05
55 1.618470e-05
56 1.603420e-05
57 1.588700e-05
58 1.573640e-05
59 1.558230e-05
60 1.542470e-05
61 1.526330e-05
62 1.509820e-05
63 1.492930e-05
64 1.475640e-05
65 1.457940e-05
66 1.439840e-05
67 1.421320e-05
68 1.402360e-05
69 1.382960e-05
70 1.363160e-05
71 1.348130e-05
72 1.336360e-05
73 1.324310e-05
74 1.311980e-05
75 1.299360e-05
76 1.286450e-05
77 1.273240e-05
78 1.259720e-05
79 1.245880e-05
80 1.231720e-05
81 1.217240e-05
82 1.202410e-05
83 1.187240e-05
84 1.171720e-05
85 1.155840e-05
86 1.139580e-05
87 1.122950e-05
88 1.106770e-05
89 1.095510e-05
90 1.084890e-05
91 1.074020e-05
92 1.062900e-05
93 1.051520e-05
94 1.039880e-05
95 1.027970e-05
96 1.015770e-05
97 1.003300e-05
98 9.905320e-06
99 9.774660e-06
100 9.640990e-06
101 9.532290e-06
102 9.449430e-06
103 9.364650e-06
104 9.277900e-06
105 9.189100e-06
106 9.098260e-06
107 9.005310e-06
108 8.910170e-06
109 8.812830e-06
110 8.713220e-06
111 8.611280e-06
112 8.506970e-06
113 8.400250e-06
114 8.291020e-06
115 8.179250e-06
116 8.064890e-06
117 7.947860e-06
118 7.831820e-06
119 7.749610e-06
120 7.674720e-06
121 7.598090e-06
122 7.519690e-06
123 7.439440e-06
124 7.357330e-06
125 7.273320e-06
126 7.187340e-06
127 7.099360e-06
128 7.009340e-06
129 6.917210e-06
130 6.822930e-06
131 6.740820e-06
132 6.678140e-06
133 6.614190e-06
134 6.548750e-06
135 6.481790e-06
136 6.413260e-06
137 6.343150e-06
138 6.271390e-06
139 6.197960e-06
140 6.122830e-06
141 6.045950e-06
142 5.967270e-06
143 5.886760e-06
144 5.804450e-06
145 5.736520e-06
146 5.679790e-06
147 5.621730e-06
148 5.562320e-06
149 5.501520e-06
150 5.439320e-06
151 5.375650e-06
152 5.310510e-06
153 5.243850e-06
154 5.175640e-06
155 5.110340e-06
156 5.062770e-06
157 5.016250e-06
158 4.968640e-06
159 4.919920e-06
160 4.870080e-06
161 4.819070e-06
162 4.766860e-06
163 4.713450e-06
164 4.658800e-06
165 4.602860e-06
166 4.545620e-06
167 4.487060e-06
168 4.427120e-06
169 4.365790e-06
170 4.303180e-06
171 4.255760e-06
172 4.218650e-06
173 4.180670e-06
174 4.141810e-06
175 4.102040e-06
176 4.061350e-06
177 4.019710e-06
178 3.977100e-06
179 3.933500e-06
180 3.888880e-06
181 3.843220e-06
182 3.796500e-06
183 3.748690e-06
184 3.699760e-06
185 3.649710e-06
186 3.598480e-06
187 3.546050e-06
188 3.495080e-06
189 3.459560e-06
190 3.426090e-06
191 3.391830e-06
192 3.356770e-06
193 3.320890e-06
194 3.284190e-06
195 3.246620e-06
196 3.208180e-06
197 3.168850e-06
198 3.128600e-06
199 3.087400e-06
200 3.045260e-06
