1 3.028730e-05
2 3.002370e-05
3 2.975410e-05
4 2.947820e-05
5 2.919580e-05
6 2.890690e-05
7 2.861130e-05
8 2.830870e-05
9 2.799910e-05
10 2.768240e-05
11 2.735820e-05
12 2.702640e-05
13 2.668700e-05
14 2.633960e-05
15 2.598420e-05
16 2.562050e-05
17 2.524830e-05
18 2.487910e-05
19 2.461640e-05
20 2.437670e-05
21 2.413150e-05
22 2.388060e-05
23 2.362370e-05
24 2.336090e-05
25 2.309200e-05
26 2.281680e-05
27 2.253520e-05
28 2.224710e-05
29 2.195230e-05
30 2.165050e-05
31 2.138820e-05
32 2.118860e-05
33 2.098500e-05
34 2.077680e-05
35 2.056360e-05
36 2.034550e-05
37 2.012230e-05
38 1.989390e-05
39 1.966020e-05
40 1.942100e-05
41 1.917630e-05
42 1.892590e-05
43 1.866960e-05
44 1.840760e-05
45 1.819170e-05
46 1.801170e-05
47 1.782760e-05
48 1.763900e-05
49 1.744620e-05
50 1.724880e-05
51 1.704680e-05
52 1.684010e-05
53 1.662870e-05
54 1.641230e-05
55 1.620520e-05
56 1.605470e-05
57 1.590770e-05
58 1.575720e-05
59 1.560320e-05
60 1.544560e-05
61 1.528430e-05
62 1.511930e-05
63 1.495040e-05
64 1.477760e-05
65 1.460080e-05
66 1.441990e-05
67 1.423470e-05
68 1.404520e-05
69 1.385140e-05
70 1.365340e-05
71 1.350300e-05
72 1.338490e-05
73 1.326410e-05
74 1.314040e-05
75 1.301380e-05
76 1.288430e-05
77 1.275180e-05
78 1.261620e-05
79 1.247740e-05
80 1.233540e-05
81 1.219010e-05
82 1.204140e-05
83 1.188920e-05
84 1.173350e-05
85 1.157420e-05
86 1.141110e-05
87 1.124430e-05
88 1.108210e-05
89 1.096910e-05
90 1.086260e-05
91 1.075370e-05
92 1.064220e-05
93 1.052810e-05
94 1.041140e-05
95 1.029190e-05
96 1.016970e-05
97 1.004460e-05
98 9.916620e-06
99 9.785620e-06
100 9.651600e-06
101 9.542660e-06
102 9.459670e-06
103 9.374760e-06
104 9.287870e-06
105 9.198950e-06
106 9.107970e-06
107 9.014870e-06
108 8.919580e-06
109 8.822090e-06
110 8.722330e-06
111 8.620240e-06
112 8.515770e-06
113 8.408880e-06
114 8.299480e-06
115 8.187540e-06
116 8.073010e-06
117 7.955790e-06
118 7.839560e-06
119 7.757160e-06
120 7.682060e-06
121 7.605230e-06
122 7.526610e-06
123 7.446140e-06
124 7.363810e-06
125 7.279570e-06
126 7.193360e-06
127 7.105130e-06
128 7.014870e-06
129 6.922490e-06
130 6.827950e-06
131 6.745650e-06
132 6.682880e-06
133 6.618830e-06
134 6.553300e-06
135 6.486240e-06
136 6.417610e-06
137 6.347400e-06
138 6.275540e-06
139 6.202000e-06
140 6.126760e-06
141 6.049770e-06
142 5.970970e-06
143 5.890350e-06
144 5.807920e-06
145 5.739910e-06
146 5.683110e-06
147 5.625000e-06
148 5.565530e-06
149 5.504680e-06
150 5.442410e-06
151 5.378690e-06
152 5.313480e-06
153 5.246760e-06
154 5.178480e-06
155 5.113130e-06
156 5.065540e-06
157 5.019020e-06
158 4.971400e-06
159 4.922670e-06
160 4.872820e-06
161 4.821800e-06
162 4.769590e-06
163 4.716170e-06
164 4.661500e-06
165 4.605560e-06
166 4.548310e-06
167 4.489740e-06
168 4.429790e-06
169 4.368450e-06
170 4.305830e-06
171 4.258380e-06
172 4.221220e-06
173 4.183200e-06
174 4.144290e-06
175 4.104480e-06
176 4.063740e-06
177 4.022050e-06
178 3.979380e-06
179 3.935730e-06
180 3.891060e-06
181 3.845340e-06
182 3.798570e-06
183 3.750700e-06
184 3.701720e-06
185 3.651600e-06
186 3.600310e-06
187 3.547820e-06
188 3.496790e-06
189 3.461230e-06
190 3.427720e-06
191 3.393420e-06
192 3.358320e-06
193 3.322410e-06
194 3.285670e-06
195 3.248060e-06
196 3.209570e-06
197 3.170200e-06
198 3.129910e-06
199 3.088670e-06
200 3.046480e-06
