1 3.026640e-05
2 3.000300e-05
3 2.973360e-05
4 2.945780e-05
5 2.917560e-05
6 2.888690e-05
7 2.859140e-05
8 2.828900e-05
9 2.797960e-05
10 2.766300e-05
11 2.733900e-05
12 2.700750e-05
13 2.666830e-05
14 2.632110e-05
15 2.596580e-05
16 2.560240e-05
17 2.523040e-05
18 2.486150e-05
19 2.459920e-05
20 2.435990e-05
21 2.411510e-05
22 2.386460e-05
23 2.360820e-05
24 2.334590e-05
25 2.307750e-05
26 2.280270e-05
27 2.252160e-05
28 2.223400e-05
29 2.193970e-05
30 2.163850e-05
31 2.137650e-05
32 2.117720e-05
33 2.097380e-05
34 2.076570e-05
35 2.055280e-05
36 2.033490e-05
37 2.011190e-05
38 1.988380e-05
39 1.965020e-05
40 1.941130e-05
41 1.916690e-05
42 1.891670e-05
43 1.866070e-05
44 1.839890e-05
45 1.818320e-05
46 1.800320e-05
47 1.781900e-05
48 1.763060e-05
49 1.743770e-05
50 1.724040e-05
51 1.703850e-05
52 1.683180e-05
53 1.662040e-05
54 1.640400e-05
55 1.619700e-05
56 1.604650e-05
57 1.589940e-05
58 1.574880e-05
59 1.559480e-05
60 1.543710e-05
61 1.527580e-05
62 1.511070e-05
63 1.494180e-05
64 1.476900e-05
65 1.459210e-05
66 1.441110e-05
67 1.422590e-05
68 1.403630e-05
69 1.384240e-05
70 1.364440e-05
71 1.349400e-05
72 1.337610e-05
73 1.325540e-05
74 1.313180e-05
75 1.300540e-05
76 1.287610e-05
77 1.274370e-05
78 1.260830e-05
79 1.246970e-05
80 1.232790e-05
81 1.218270e-05
82 1.203420e-05
83 1.188220e-05
84 1.172670e-05
85 1.156760e-05
86 1.140480e-05
87 1.123810e-05
88 1.107610e-05
89 1.096330e-05
90 1.085690e-05
91 1.074810e-05
92 1.063670e-05
93 1.052270e-05
94 1.040610e-05
95 1.028680e-05
96 1.016470e-05
97 1.003980e-05
98 9.911890e-06
99 9.781030e-06
100 9.647140e-06
101 9.538300e-06
102 9.455360e-06
103 9.370510e-06
104 9.283680e-06
105 9.194810e-06
106 9.103890e-06
107 9.010850e-06
108 8.915620e-06
109 8.818190e-06
110 8.718500e-06
111 8.616470e-06
112 8.512060e-06
113 8.405240e-06
114 8.295920e-06
115 8.184040e-06
116 8.069580e-06
117 7.952440e-06
118 7.836290e-06
119 7.753970e-06
120 7.678960e-06
121 7.602210e-06
122 7.523680e-06
123 7.443310e-06
124 7.361080e-06
125 7.276930e-06
126 7.190810e-06
127 7.102690e-06
128 7.012530e-06
129 6.920260e-06
130 6.825830e-06
131 6.743610e-06
132 6.680870e-06
133 6.616870e-06
134 6.551380e-06
135 6.484360e-06
136 6.415770e-06
137 6.345600e-06
138 6.273790e-06
139 6.200290e-06
140 6.125100e-06
141 6.048150e-06
142 5.969400e-06
143 5.888830e-06
144 5.806450e-06
145 5.738470e-06
146 5.681700e-06
147 5.623620e-06
148 5.564170e-06
149 5.503340e-06
150 5.441100e-06
151 5.377400e-06
152 5.312210e-06
153 5.245530e-06
154 5.177270e-06
155 5.111940e-06
156 5.064360e-06
157 5.017840e-06
158 4.970230e-06
159 4.921500e-06
160 4.871650e-06
161 4.820640e-06
162 4.768430e-06
163 4.715010e-06
164 4.660350e-06
165 4.604400e-06
166 4.547160e-06
167 4.488590e-06
168 4.428650e-06
169 4.367310e-06
170 4.304700e-06
171 4.257260e-06
172 4.220120e-06
173 4.182120e-06
174 4.143230e-06
175 4.103430e-06
176 4.062720e-06
177 4.021050e-06
178 3.978400e-06
179 3.934780e-06
180 3.890120e-06
181 3.844430e-06
182 3.797680e-06
183 3.749840e-06
184 3.700880e-06
185 3.650790e-06
186 3.599520e-06
187 3.547060e-06
188 3.496050e-06
189 3.460520e-06
190 3.427020e-06
191 3.392740e-06
192 3.357660e-06
193 3.321760e-06
194 3.285030e-06
195 3.247440e-06
196 3.208980e-06
197 3.169620e-06
198 3.129340e-06
199 3.088120e-06
200 3.045950e-06
