1 4.205230e-02
2 4.205230e-02
3 4.205220e-02
4 4.205220e-02
5 4.205220e-02
6 4.205220e-02
7 4.205210e-02
8 4.205210e-02
9 4.205210e-02
10 4.205200e-02
11 4.205200e-02
12 4.205200e-02
13 4.205200e-02
14 4.205190e-02
15 4.205190e-02
16 4.205190e-02
17 4.205190e-02
18 4.205180e-02
19 4.205180e-02
20 4.205180e-02
21 4.205170e-02
22 4.205170e-02
23 4.205170e-02
24 4.205170e-02
25 4.205160e-02
26 4.205160e-02
27 4.205160e-02
28 4.205160e-02
29 4.205150e-02
30 4.205150e-02
31 4.205150e-02
32 4.205140e-02
33 4.205140e-02
34 4.205140e-02
35 4.205140e-02
36 4.205130e-02
37 4.205130e-02
38 4.205130e-02
39 4.205130e-02
40 4.205120e-02
41 4.205120e-02
42 4.205120e-02
43 4.205110e-02
44 4.205110e-02
45 4.205110e-02
46 4.205110e-02
47 4.205100e-02
48 4.205100e-02
49 4.205100e-02
50 4.205100e-02
51 4.205090e-02
52 4.205090e-02
53 4.205090e-02
54 4.205080e-02
55 4.205080e-02
56 4.205080e-02
57 4.205080e-02
58 4.205070e-02
59 4.205070e-02
60 4.205070e-02
61 4.205070e-02
62 4.205060e-02
63 4.205060e-02
64 4.205060e-02
65 4.205050e-02
66 4.205050e-02
67 4.205050e-02
68 4.205050e-02
69 4.205040e-02
70 4.205040e-02
71 4.205040e-02
72 4.205040e-02
73 4.205030e-02
74 4.205030e-02
75 4.205030e-02
76 4.205020e-02
77 4.205020e-02
78 4.205020e-02
79 4.205020e-02
80 4.205010e-02
81 4.205010e-02
82 4.205010e-02
83 4.205010e-02
84 4.205000e-02
85 4.205000e-02
86 4.205000e-02
87 4.204990e-02
88 4.204990e-02
89 4.204990e-02
90 4.204990e-02
91 4.204980e-02
92 4.204980e-02
93 4.204980e-02
94 4.204980e-02
95 4.204970e-02
96 4.204970e-02
97 4.204970e-02
98 4.204960e-02
99 4.204960e-02
100 4.204960e-02
101 4.204940e-02
102 4.204920e-02
103 4.204890e-02
104 4.204860e-02
105 4.204840e-02
106 4.204810e-02
107 4.204780e-02
108 4.204750e-02
109 4.204730e-02
110 4.204700e-02
111 4.204670e-02
112 4.204640e-02
113 4.204620e-02
114 4.204590e-02
115 4.204560e-02
116 4.204540e-02
117 4.204510e-02
118 4.204480e-02
119 4.204450e-02
120 4.204430e-02
121 4.204400e-02
122 4.204370e-02
123 4.204340e-02
124 4.204320e-02
125 4.204290e-02
126 4.204260e-02
127 4.204240e-02
128 4.204210e-02
129 4.204180e-02
130 4.204160e-02
131 4.204130e-02
132 4.204100e-02
133 4.204070e-02
134 4.204050e-02
135 4.204020e-02
136 4.203990e-02
137 4.203960e-02
138 4.203940e-02
139 4.203910e-02
140 4.203880e-02
141 4.203850e-02
142 4.203830e-02
143 4.203800e-02
144 4.203770e-02
145 4.203750e-02
146 4.203720e-02
147 4.203690e-02
148 4.203660e-02
149 4.203640e-02
150 4.203610e-02
151 4.203580e-02
152 4.203560e-02
153 4.203530e-02
154 4.203500e-02
155 4.203470e-02
156 4.203450e-02
157 4.203420e-02
158 4.203390e-02
159 4.203360e-02
160 4.203340e-02
161 4.203310e-02
162 4.203280e-02
163 4.203260e-02
164 4.203230e-02
165 4.203200e-02
166 4.203170e-02
167 4.203150e-02
168 4.203120e-02
169 4.203090e-02
170 4.203060e-02
171 4.203040e-02
172 4.203010e-02
173 4.202980e-02
174 4.202960e-02
175 4.202930e-02
176 4.202900e-02
177 4.202870e-02
178 4.202850e-02
179 4.202820e-02
180 4.202790e-02
181 4.202770e-02
182 4.202740e-02
183 4.202710e-02
184 4.202680e-02
185 4.202660e-02
186 4.202630e-02
187 4.202600e-02
188 4.202570e-02
189 4.202550e-02
190 4.202520e-02
191 4.202490e-02
192 4.202470e-02
193 4.202440e-02
194 4.202410e-02
195 4.202380e-02
196 4.202360e-02
197 4.202330e-02
198 4.202300e-02
199 4.202280e-02
200 4.202250e-02
