1 3.010970e-06
2 2.984810e-06
3 2.958050e-06
4 2.930660e-06
5 2.902630e-06
6 2.873950e-06
7 2.844600e-06
8 2.814570e-06
9 2.783840e-06
10 2.752390e-06
11 2.720210e-06
12 2.687280e-06
13 2.653580e-06
14 2.619100e-06
15 2.583810e-06
16 2.547710e-06
17 2.510760e-06
18 2.474130e-06
19 2.448200e-06
20 2.424580e-06
21 2.400420e-06
22 2.375700e-06
23 2.350390e-06
24 2.324500e-06
25 2.298010e-06
26 2.270900e-06
27 2.243150e-06
28 2.214760e-06
29 2.185710e-06
30 2.155980e-06
31 2.130080e-06
32 2.110290e-06
33 2.090100e-06
34 2.069440e-06
35 2.048290e-06
36 2.026650e-06
37 2.004510e-06
38 1.981860e-06
39 1.958670e-06
40 1.934950e-06
41 1.910670e-06
42 1.885830e-06
43 1.860410e-06
44 1.834420e-06
45 1.812970e-06
46 1.795040e-06
47 1.776700e-06
48 1.757940e-06
49 1.738730e-06
50 1.719080e-06
51 1.698970e-06
52 1.678390e-06
53 1.657340e-06
54 1.635790e-06
55 1.615160e-06
56 1.600120e-06
57 1.585410e-06
58 1.570360e-06
59 1.554960e-06
60 1.539200e-06
61 1.523070e-06
62 1.506570e-06
63 1.489680e-06
64 1.472400e-06
65 1.454710e-06
66 1.436620e-06
67 1.418100e-06
68 1.399150e-06
69 1.379760e-06
70 1.359970e-06
71 1.344980e-06
72 1.333260e-06
73 1.321270e-06
74 1.308990e-06
75 1.296430e-06
76 1.283580e-06
77 1.270430e-06
78 1.256970e-06
79 1.243200e-06
80 1.229100e-06
81 1.214680e-06
82 1.199920e-06
83 1.184820e-06
84 1.169370e-06
85 1.153560e-06
86 1.137380e-06
87 1.120820e-06
88 1.104720e-06
89 1.093500e-06
90 1.082920e-06
91 1.072100e-06
92 1.061030e-06
93 1.049690e-06
94 1.038100e-06
95 1.026230e-06
96 1.014090e-06
97 1.001660e-06
98 9.889490e-07
99 9.759360e-07
100 9.626230e-07
101 9.517900e-07
102 9.435220e-07
103 9.350640e-07
104 9.264080e-07
105 9.175480e-07
106 9.084850e-07
107 8.992100e-07
108 8.897170e-07
109 8.800050e-07
110 8.700670e-07
111 8.598960e-07
112 8.494880e-07
113 8.388400e-07
114 8.279410e-07
115 8.167890e-07
116 8.053790e-07
117 7.937020e-07
118 7.821250e-07
119 7.739310e-07
120 7.664700e-07
121 7.588370e-07
122 7.510260e-07
123 7.430310e-07
124 7.348510e-07
125 7.264820e-07
126 7.179160e-07
127 7.091510e-07
128 7.001820e-07
129 6.910040e-07
130 6.816120e-07
131 6.734280e-07
132 6.671720e-07
133 6.607890e-07
134 6.542590e-07
135 6.475760e-07
136 6.407370e-07
137 6.337390e-07
138 6.265790e-07
139 6.192500e-07
140 6.117520e-07
141 6.040790e-07
142 5.962270e-07
143 5.881920e-07
144 5.799780e-07
145 5.731970e-07
146 5.675310e-07
147 5.617340e-07
148 5.558010e-07
149 5.497300e-07
150 5.435180e-07
151 5.371610e-07
152 5.306560e-07
153 5.240000e-07
154 5.171880e-07
155 5.106670e-07
156 5.059110e-07
157 5.012610e-07
158 4.965020e-07
159 4.916310e-07
160 4.866480e-07
161 4.815490e-07
162 4.763300e-07
163 4.709910e-07
164 4.655270e-07
165 4.599350e-07
166 4.542130e-07
167 4.483580e-07
168 4.423670e-07
169 4.362360e-07
170 4.299760e-07
171 4.252380e-07
172 4.215330e-07
173 4.177420e-07
174 4.138610e-07
175 4.098910e-07
176 4.058280e-07
177 4.016700e-07
178 3.974160e-07
179 3.930630e-07
180 3.886080e-07
181 3.840490e-07
182 3.793840e-07
183 3.746110e-07
184 3.697250e-07
185 3.647270e-07
186 3.596130e-07
187 3.543780e-07
188 3.492890e-07
189 3.457420e-07
190 3.423990e-07
191 3.389780e-07
192 3.354770e-07
193 3.318950e-07
194 3.282290e-07
195 3.244780e-07
196 3.206390e-07
197 3.167120e-07
198 3.126920e-07
199 3.085790e-07
200 3.043700e-07
201 3.009450e-07
202 2.983320e-07
203 2.956570e-07
204 2.929200e-07
205 2.901190e-07
206 2.872540e-07
207 2.843210e-07
208 2.813200e-07
209 2.782490e-07
210 2.751070e-07
211 2.718910e-07
212 2.686010e-07
213 2.652340e-07
214 2.617890e-07
215 2.582620e-07
216 2.546550e-07
217 2.509630e-07
218 2.473030e-07
219 2.447120e-07
220 2.423540e-07
221 2.399400e-07
222 2.374710e-07
223 2.349440e-07
224 2.323580e-07
225 2.297120e-07
226 2.270040e-07
227 2.242330e-07
228 2.213980e-07
229 2.184970e-07
230 2.155270e-07
231 2.129400e-07
232 2.109620e-07
233 2.089440e-07
234 2.068790e-07
235 2.047660e-07
236 2.026040e-07
237 2.003910e-07
238 1.981270e-07
239 1.958100e-07
240 1.934400e-07
241 1.910140e-07
242 1.885310e-07
243 1.859910e-07
244 1.833930e-07
245 1.812490e-07
246 1.794580e-07
247 1.776250e-07
248 1.757490e-07
249 1.738290e-07
250 1.718650e-07
251 1.698550e-07
252 1.677980e-07
253 1.656940e-07
254 1.635400e-07
255 1.614780e-07
256 1.599740e-07
257 1.585040e-07
258 1.569990e-07
259 1.554590e-07
260 1.538830e-07
261 1.522700e-07
262 1.506200e-07
263 1.489320e-07
264 1.472040e-07
265 1.454350e-07
266 1.436260e-07
267 1.417750e-07
268 1.398800e-07
269 1.379410e-07
270 1.359620e-07
271 1.344640e-07
272 1.332920e-07
273 1.320940e-07
274 1.308670e-07
275 1.296110e-07
276 1.283270e-07
277 1.270120e-07
278 1.256670e-07
279 1.242900e-07
280 1.228820e-07
281 1.214400e-07
282 1.199650e-07
283 1.184560e-07
284 1.169110e-07
285 1.153310e-07
286 1.137140e-07
287 1.120590e-07
288 1.104490e-07
289 1.093280e-07
290 1.082710e-07
291 1.071890e-07
292 1.060820e-07
293 1.049500e-07
294 1.037910e-07
295 1.026050e-07
296 1.013910e-07
297 1.001490e-07
298 9.887790e-08
299 9.757720e-08
300 9.624650e-08
301 9.516360e-08
302 9.433700e-08
303 9.349140e-08
304 9.262600e-08
305 9.174030e-08
306 9.083410e-08
307 8.990690e-08
308 8.895790e-08
309 8.798690e-08
310 8.699330e-08
311 8.597640e-08
312 8.493600e-08
313 8.387140e-08
314 8.278180e-08
315 8.166680e-08
316 8.052610e-08
317 7.935870e-08
318 7.820120e-08
319 7.738220e-08
320 7.663640e-08
321 7.587330e-08
322 7.509250e-08
323 7.429330e-08
324 7.347570e-08
325 7.263900e-08
326 7.178270e-08
327 7.090660e-08
328 7.001010e-08
329 6.909260e-08
330 6.815370e-08
331 6.728970e-08
332 6.654910e-08
333 6.579250e-08
334 6.501840e-08
335 6.425540e-08
336 6.354550e-08
337 6.282190e-08
338 6.208160e-08
339 6.136710e-08
340 6.068300e-08
341 5.998310e-08
342 5.927690e-08
343 5.861420e-08
344 5.794610e-08
345 5.726520e-08
346 5.661890e-08
347 5.597580e-08
348 5.531970e-08
349 5.468350e-08
350 5.405640e-08
351 5.343700e-08
352 5.282560e-08
353 5.222140e-08
354 5.162290e-08
355 5.103160e-08
356 5.044730e-08
357 4.987000e-08
358 4.929920e-08
359 4.873490e-08
360 4.817680e-08
361 4.762380e-08
362 4.707850e-08
363 4.653950e-08
364 4.600680e-08
365 4.548020e-08
366 4.495960e-08
367 4.444490e-08
368 4.393620e-08
369 4.343330e-08
370 4.293610e-08
371 4.244530e-08
372 4.195950e-08
373 4.147920e-08
374 4.100420e-08
375 4.053470e-08
376 4.007080e-08
377 3.961210e-08
378 3.915850e-08
379 3.871290e-08
380 3.826870e-08
381 3.783050e-08
382 3.739790e-08
383 3.696980e-08
384 3.654610e-08
385 3.612760e-08
386 3.571400e-08
387 3.530530e-08
388 3.490120e-08
389 3.450160e-08
390 3.410650e-08
391 3.371590e-08
392 3.332990e-08
393 3.294830e-08
394 3.257110e-08
395 3.219830e-08
396 3.182920e-08
397 3.146460e-08
398 3.110440e-08
399 3.074840e-08
400 3.039640e-08
401 3.004840e-08
402 2.970450e-08
403 2.936440e-08
404 2.902830e-08
405 2.869630e-08
406 2.836790e-08
407 2.804320e-08
408 2.772210e-08
409 2.740480e-08
410 2.709080e-08
411 2.678050e-08
412 2.647390e-08
413 2.617090e-08
414 2.587140e-08
415 2.557570e-08
416 2.528490e-08
417 2.499480e-08
418 2.470840e-08
419 2.442610e-08
420 2.414620e-08
421 2.386870e-08
422 2.359490e-08
423 2.332470e-08
424 2.305810e-08
425 2.279410e-08
426 2.253320e-08
427 2.227490e-08
428 2.202000e-08
429 2.176790e-08
430 2.151880e-08
431 2.127340e-08
432 2.102980e-08
433 2.078900e-08
434 2.055100e-08
435 2.031530e-08
436 2.008260e-08
437 1.985260e-08
438 1.962530e-08
439 1.940070e-08
440 1.917860e-08
441 1.895920e-08
442 1.874240e-08
443 1.852800e-08
444 1.831580e-08
445 1.810620e-08
446 1.789870e-08
447 1.769390e-08
448 1.749140e-08
449 1.729090e-08
450 1.709300e-08
451 1.689730e-08
452 1.670380e-08
453 1.651260e-08
454 1.632360e-08
455 1.613680e-08
456 1.595210e-08
457 1.576950e-08
458 1.558890e-08
459 1.541050e-08
460 1.523410e-08
461 1.505980e-08
462 1.488730e-08
463 1.471690e-08
464 1.454840e-08
465 1.438190e-08
466 1.421730e-08
467 1.405450e-08
468 1.389370e-08
469 1.373460e-08
470 1.357740e-08
471 1.342200e-08
472 1.326830e-08
473 1.311650e-08
474 1.296630e-08
475 1.281790e-08
476 1.267120e-08
477 1.252610e-08
478 1.238270e-08
479 1.224100e-08
480 1.210090e-08
481 1.196240e-08
482 1.182540e-08
483 1.169010e-08
484 1.155620e-08
485 1.142400e-08
486 1.129320e-08
487 1.116390e-08
488 1.103610e-08
489 1.090980e-08
490 1.078490e-08
491 1.066150e-08
492 1.053940e-08
493 1.041880e-08
494 1.029950e-08
495 1.018160e-08
496 1.006510e-08
497 9.949870e-09
498 9.835970e-09
499 9.723380e-09
500 9.612090e-09
