1 3.012590e-06
2 2.986400e-06
3 2.959620e-06
4 2.932210e-06
5 2.904160e-06
6 2.875450e-06
7 2.846080e-06
8 2.816030e-06
9 2.785270e-06
10 2.753800e-06
11 2.721590e-06
12 2.688630e-06
13 2.654910e-06
14 2.620400e-06
15 2.585090e-06
16 2.548960e-06
17 2.511980e-06
18 2.475320e-06
19 2.449350e-06
20 2.425710e-06
21 2.401510e-06
22 2.376750e-06
23 2.351420e-06
24 2.325490e-06
25 2.298960e-06
26 2.271810e-06
27 2.244030e-06
28 2.215610e-06
29 2.186520e-06
30 2.156750e-06
31 2.130820e-06
32 2.111010e-06
33 2.090800e-06
34 2.070130e-06
35 2.048970e-06
36 2.027310e-06
37 2.005160e-06
38 1.982490e-06
39 1.959280e-06
40 1.935540e-06
41 1.911250e-06
42 1.886390e-06
43 1.860950e-06
44 1.834940e-06
45 1.813480e-06
46 1.795540e-06
47 1.777200e-06
48 1.758420e-06
49 1.739200e-06
50 1.719540e-06
51 1.699420e-06
52 1.678830e-06
53 1.657770e-06
54 1.636210e-06
55 1.615570e-06
56 1.600530e-06
57 1.585820e-06
58 1.570770e-06
59 1.555360e-06
60 1.539600e-06
61 1.523470e-06
62 1.506960e-06
63 1.490080e-06
64 1.472790e-06
65 1.455110e-06
66 1.437010e-06
67 1.418490e-06
68 1.399540e-06
69 1.380150e-06
70 1.360350e-06
71 1.345360e-06
72 1.333630e-06
73 1.321630e-06
74 1.309350e-06
75 1.296780e-06
76 1.283920e-06
77 1.270760e-06
78 1.257300e-06
79 1.243520e-06
80 1.229420e-06
81 1.214990e-06
82 1.200220e-06
83 1.185110e-06
84 1.169650e-06
85 1.153830e-06
86 1.137640e-06
87 1.121070e-06
88 1.104960e-06
89 1.093740e-06
90 1.083160e-06
91 1.072330e-06
92 1.061250e-06
93 1.049910e-06
94 1.038310e-06
95 1.026440e-06
96 1.014290e-06
97 1.001860e-06
98 9.891360e-07
99 9.761160e-07
100 9.627970e-07
101 9.519590e-07
102 9.436890e-07
103 9.352280e-07
104 9.265700e-07
105 9.177080e-07
106 9.086420e-07
107 8.993640e-07
108 8.898700e-07
109 8.801550e-07
110 8.702140e-07
111 8.600400e-07
112 8.496300e-07
113 8.389780e-07
114 8.280770e-07
115 8.169220e-07
116 8.055090e-07
117 7.938280e-07
118 7.822480e-07
119 7.740510e-07
120 7.665870e-07
121 7.589500e-07
122 7.511350e-07
123 7.431370e-07
124 7.349540e-07
125 7.265810e-07
126 7.180110e-07
127 7.092420e-07
128 7.002700e-07
129 6.910870e-07
130 6.816910e-07
131 6.735040e-07
132 6.672460e-07
133 6.608620e-07
134 6.543310e-07
135 6.476460e-07
136 6.408050e-07
137 6.338060e-07
138 6.266440e-07
139 6.193130e-07
140 6.118140e-07
141 6.041390e-07
142 5.962850e-07
143 5.882480e-07
144 5.800320e-07
145 5.732490e-07
146 5.675830e-07
147 5.617850e-07
148 5.558510e-07
149 5.497780e-07
150 5.435660e-07
151 5.372080e-07
152 5.307010e-07
153 5.240440e-07
154 5.172310e-07
155 5.107090e-07
156 5.059530e-07
157 5.013030e-07
158 4.965430e-07
159 4.916730e-07
160 4.866900e-07
161 4.815900e-07
162 4.763710e-07
163 4.710310e-07
164 4.655670e-07
165 4.599750e-07
166 4.542530e-07
167 4.483980e-07
168 4.424060e-07
169 4.362750e-07
170 4.300150e-07
171 4.252770e-07
172 4.215710e-07
173 4.177790e-07
174 4.138970e-07
175 4.099260e-07
176 4.058630e-07
177 4.017040e-07
178 3.974490e-07
179 3.930950e-07
180 3.886390e-07
181 3.840800e-07
182 3.794140e-07
183 3.746400e-07
184 3.697540e-07
185 3.647550e-07
186 3.596390e-07
187 3.544040e-07
188 3.493140e-07
189 3.457670e-07
190 3.424230e-07
191 3.390020e-07
192 3.355000e-07
193 3.319170e-07
194 3.282510e-07
195 3.244990e-07
196 3.206600e-07
197 3.167320e-07
198 3.127110e-07
199 3.085970e-07
200 3.043880e-07
201 3.009630e-07
202 2.983480e-07
203 2.956740e-07
204 2.929370e-07
205 2.901360e-07
206 2.872700e-07
207 2.843370e-07
208 2.813360e-07
209 2.782640e-07
210 2.751220e-07
211 2.719060e-07
212 2.686150e-07
213 2.652480e-07
214 2.618020e-07
215 2.582760e-07
216 2.546680e-07
217 2.509760e-07
218 2.473150e-07
219 2.447240e-07
220 2.423660e-07
221 2.399520e-07
222 2.374820e-07
223 2.349550e-07
224 2.323680e-07
225 2.297220e-07
226 2.270140e-07
227 2.242420e-07
228 2.214070e-07
229 2.185050e-07
230 2.155350e-07
231 2.129480e-07
232 2.109690e-07
233 2.089510e-07
234 2.068860e-07
235 2.047730e-07
236 2.026110e-07
237 2.003980e-07
238 1.981340e-07
239 1.958170e-07
240 1.934460e-07
241 1.910200e-07
242 1.885370e-07
243 1.859960e-07
244 1.833990e-07
245 1.812550e-07
246 1.794630e-07
247 1.776300e-07
248 1.757540e-07
249 1.738340e-07
250 1.718700e-07
251 1.698600e-07
252 1.678030e-07
253 1.656980e-07
254 1.635440e-07
255 1.614820e-07
256 1.599780e-07
257 1.585080e-07
258 1.570030e-07
259 1.554630e-07
260 1.538870e-07
261 1.522740e-07
262 1.506240e-07
263 1.489360e-07
264 1.472080e-07
265 1.454390e-07
266 1.436300e-07
267 1.417790e-07
268 1.398840e-07
269 1.379450e-07
270 1.359660e-07
271 1.344680e-07
272 1.332960e-07
273 1.320970e-07
274 1.308700e-07
275 1.296150e-07
276 1.283300e-07
277 1.270150e-07
278 1.256700e-07
279 1.242940e-07
280 1.228850e-07
281 1.214430e-07
282 1.199680e-07
283 1.184590e-07
284 1.169140e-07
285 1.153340e-07
286 1.137160e-07
287 1.120610e-07
288 1.104520e-07
289 1.093310e-07
290 1.082730e-07
291 1.071920e-07
292 1.060850e-07
293 1.049520e-07
294 1.037930e-07
295 1.026070e-07
296 1.013930e-07
297 1.001510e-07
298 9.887980e-08
299 9.757910e-08
300 9.624830e-08
301 9.516530e-08
302 9.433870e-08
303 9.349310e-08
304 9.262770e-08
305 9.174190e-08
306 9.083570e-08
307 8.990840e-08
308 8.895940e-08
309 8.798840e-08
310 8.699480e-08
311 8.597790e-08
312 8.493740e-08
313 8.387280e-08
314 8.278320e-08
315 8.166820e-08
316 8.052740e-08
317 7.936000e-08
318 7.820250e-08
319 7.738340e-08
320 7.663750e-08
321 7.587440e-08
322 7.509350e-08
323 7.429430e-08
324 7.347660e-08
325 7.263990e-08
326 7.178360e-08
327 7.090730e-08
328 7.001080e-08
329 6.909320e-08
330 6.815430e-08
331 6.729020e-08
332 6.654950e-08
333 6.579280e-08
334 6.501860e-08
335 6.425560e-08
336 6.354570e-08
337 6.282210e-08
338 6.208170e-08
339 6.136720e-08
340 6.068310e-08
341 5.998330e-08
342 5.927710e-08
343 5.861430e-08
344 5.794620e-08
345 5.726540e-08
346 5.661900e-08
347 5.597590e-08
348 5.531980e-08
349 5.468360e-08
350 5.405640e-08
351 5.343700e-08
352 5.282570e-08
353 5.222140e-08
354 5.162300e-08
355 5.103160e-08
356 5.044740e-08
357 4.987000e-08
358 4.929920e-08
359 4.873490e-08
360 4.817680e-08
361 4.762380e-08
362 4.707850e-08
363 4.653960e-08
364 4.600680e-08
365 4.548020e-08
366 4.495960e-08
367 4.444490e-08
368 4.393620e-08
369 4.343330e-08
370 4.293610e-08
371 4.244530e-08
372 4.195950e-08
373 4.147920e-08
374 4.100420e-08
375 4.053470e-08
376 4.007080e-08
377 3.961210e-08
378 3.915860e-08
379 3.871290e-08
380 3.826870e-08
381 3.783050e-08
382 3.739800e-08
383 3.696990e-08
384 3.654610e-08
385 3.612760e-08
386 3.571410e-08
387 3.530540e-08
388 3.490130e-08
389 3.450160e-08
390 3.410650e-08
391 3.371590e-08
392 3.332990e-08
393 3.294840e-08
394 3.257120e-08
395 3.219830e-08
396 3.182920e-08
397 3.146460e-08
398 3.110440e-08
399 3.074840e-08
400 3.039640e-08
401 3.004840e-08
402 2.970450e-08
403 2.936440e-08
404 2.902830e-08
405 2.869630e-08
406 2.836790e-08
407 2.804320e-08
408 2.772210e-08
409 2.740480e-08
410 2.709080e-08
411 2.678050e-08
412 2.647390e-08
413 2.617090e-08
414 2.587140e-08
415 2.557570e-08
416 2.528490e-08
417 2.499480e-08
418 2.470840e-08
419 2.442610e-08
420 2.414620e-08
421 2.386870e-08
422 2.359490e-08
423 2.332470e-08
424 2.305810e-08
425 2.279410e-08
426 2.253320e-08
427 2.227490e-08
428 2.202000e-08
429 2.176790e-08
430 2.151880e-08
431 2.127340e-08
432 2.102980e-08
433 2.078900e-08
434 2.055100e-08
435 2.031530e-08
436 2.008260e-08
437 1.985260e-08
438 1.962530e-08
439 1.940070e-08
440 1.917860e-08
441 1.895920e-08
442 1.874240e-08
443 1.852800e-08
444 1.831580e-08
445 1.810620e-08
446 1.789870e-08
447 1.769390e-08
448 1.749140e-08
449 1.729090e-08
450 1.709300e-08
451 1.689730e-08
452 1.670380e-08
453 1.651260e-08
454 1.632360e-08
455 1.613680e-08
456 1.595210e-08
457 1.576950e-08
458 1.558890e-08
459 1.541050e-08
460 1.523410e-08
461 1.505980e-08
462 1.488730e-08
463 1.471690e-08
464 1.454840e-08
465 1.438190e-08
466 1.421730e-08
467 1.405450e-08
468 1.389370e-08
469 1.373460e-08
470 1.357740e-08
471 1.342200e-08
472 1.326830e-08
473 1.311650e-08
474 1.296630e-08
475 1.281790e-08
476 1.267120e-08
477 1.252610e-08
478 1.238270e-08
479 1.224100e-08
480 1.210090e-08
481 1.196240e-08
482 1.182540e-08
483 1.169010e-08
484 1.155620e-08
485 1.142400e-08
486 1.129320e-08
487 1.116390e-08
488 1.103610e-08
489 1.090980e-08
490 1.078490e-08
491 1.066150e-08
492 1.053940e-08
493 1.041880e-08
494 1.029950e-08
495 1.018160e-08
496 1.006510e-08
497 9.949870e-09
498 9.835970e-09
499 9.723380e-09
500 9.612090e-09
