1 3.012160e-06
2 2.985980e-06
3 2.959210e-06
4 2.931800e-06
5 2.903750e-06
6 2.875060e-06
7 2.845690e-06
8 2.815640e-06
9 2.784890e-06
10 2.753430e-06
11 2.721230e-06
12 2.688280e-06
13 2.654560e-06
14 2.620060e-06
15 2.584750e-06
16 2.548630e-06
17 2.511660e-06
18 2.475000e-06
19 2.449050e-06
20 2.425410e-06
21 2.401220e-06
22 2.376480e-06
23 2.351150e-06
24 2.325230e-06
25 2.298710e-06
26 2.271570e-06
27 2.243800e-06
28 2.215380e-06
29 2.186300e-06
30 2.156550e-06
31 2.130620e-06
32 2.110820e-06
33 2.090610e-06
34 2.069940e-06
35 2.048790e-06
36 2.027140e-06
37 2.004990e-06
38 1.982320e-06
39 1.959120e-06
40 1.935390e-06
41 1.911100e-06
42 1.886240e-06
43 1.860810e-06
44 1.834800e-06
45 1.813340e-06
46 1.795410e-06
47 1.777070e-06
48 1.758290e-06
49 1.739080e-06
50 1.719420e-06
51 1.699300e-06
52 1.678720e-06
53 1.657650e-06
54 1.636100e-06
55 1.615460e-06
56 1.600420e-06
57 1.585710e-06
58 1.570660e-06
59 1.555250e-06
60 1.539490e-06
61 1.523370e-06
62 1.506860e-06
63 1.489970e-06
64 1.472690e-06
65 1.455000e-06
66 1.436910e-06
67 1.418390e-06
68 1.399440e-06
69 1.380050e-06
70 1.360250e-06
71 1.345260e-06
72 1.333530e-06
73 1.321540e-06
74 1.309250e-06
75 1.296690e-06
76 1.283830e-06
77 1.270670e-06
78 1.257210e-06
79 1.243430e-06
80 1.229330e-06
81 1.214900e-06
82 1.200140e-06
83 1.185040e-06
84 1.169570e-06
85 1.153760e-06
86 1.137570e-06
87 1.121000e-06
88 1.104900e-06
89 1.093680e-06
90 1.083100e-06
91 1.072270e-06
92 1.061190e-06
93 1.049850e-06
94 1.038250e-06
95 1.026380e-06
96 1.014240e-06
97 1.001810e-06
98 9.890860e-07
99 9.760680e-07
100 9.627500e-07
101 9.519140e-07
102 9.436450e-07
103 9.351840e-07
104 9.265270e-07
105 9.176660e-07
106 9.086000e-07
107 8.993230e-07
108 8.898290e-07
109 8.801150e-07
110 8.701750e-07
111 8.600020e-07
112 8.495920e-07
113 8.389410e-07
114 8.280410e-07
115 8.168860e-07
116 8.054740e-07
117 7.937950e-07
118 7.822150e-07
119 7.740190e-07
120 7.665560e-07
121 7.589200e-07
122 7.511060e-07
123 7.431090e-07
124 7.349270e-07
125 7.265540e-07
126 7.179850e-07
127 7.092180e-07
128 7.002460e-07
129 6.910650e-07
130 6.816700e-07
131 6.734830e-07
132 6.672260e-07
133 6.608430e-07
134 6.543120e-07
135 6.476270e-07
136 6.407870e-07
137 6.337880e-07
138 6.266260e-07
139 6.192960e-07
140 6.117980e-07
141 6.041230e-07
142 5.962690e-07
143 5.882340e-07
144 5.800170e-07
145 5.732350e-07
146 5.675690e-07
147 5.617710e-07
148 5.558370e-07
149 5.497650e-07
150 5.435530e-07
151 5.371950e-07
152 5.306890e-07
153 5.240320e-07
154 5.172200e-07
155 5.106980e-07
156 5.059420e-07
157 5.012920e-07
158 4.965320e-07
159 4.916620e-07
160 4.866790e-07
161 4.815790e-07
162 4.763600e-07
163 4.710200e-07
164 4.655560e-07
165 4.599640e-07
166 4.542420e-07
167 4.483880e-07
168 4.423950e-07
169 4.362640e-07
170 4.300050e-07
171 4.252660e-07
172 4.215610e-07
173 4.177690e-07
174 4.138880e-07
175 4.099170e-07
176 4.058540e-07
177 4.016950e-07
178 3.974400e-07
179 3.930860e-07
180 3.886310e-07
181 3.840710e-07
182 3.794060e-07
183 3.746320e-07
184 3.697460e-07
185 3.647480e-07
186 3.596320e-07
187 3.543970e-07
188 3.493070e-07
189 3.457600e-07
190 3.424170e-07
191 3.389950e-07
192 3.354940e-07
193 3.319110e-07
194 3.282450e-07
195 3.244940e-07
196 3.206540e-07
197 3.167260e-07
198 3.127060e-07
199 3.085920e-07
200 3.043830e-07
201 3.009580e-07
202 2.983440e-07
203 2.956690e-07
204 2.929320e-07
205 2.901310e-07
206 2.872650e-07
207 2.843330e-07
208 2.813310e-07
209 2.782600e-07
210 2.751180e-07
211 2.719020e-07
212 2.686110e-07
213 2.652440e-07
214 2.617990e-07
215 2.582720e-07
216 2.546650e-07
217 2.509720e-07
218 2.473120e-07
219 2.447210e-07
220 2.423620e-07
221 2.399490e-07
222 2.374790e-07
223 2.349520e-07
224 2.323660e-07
225 2.297190e-07
226 2.270110e-07
227 2.242400e-07
228 2.214050e-07
229 2.185030e-07
230 2.155330e-07
231 2.129460e-07
232 2.109680e-07
233 2.089490e-07
234 2.068850e-07
235 2.047710e-07
236 2.026090e-07
237 2.003960e-07
238 1.981320e-07
239 1.958150e-07
240 1.934440e-07
241 1.910180e-07
242 1.885350e-07
243 1.859950e-07
244 1.833970e-07
245 1.812530e-07
246 1.794620e-07
247 1.776290e-07
248 1.757530e-07
249 1.738330e-07
250 1.718690e-07
251 1.698590e-07
252 1.678020e-07
253 1.656970e-07
254 1.635430e-07
255 1.614810e-07
256 1.599770e-07
257 1.585070e-07
258 1.570020e-07
259 1.554620e-07
260 1.538860e-07
261 1.522730e-07
262 1.506230e-07
263 1.489350e-07
264 1.472070e-07
265 1.454380e-07
266 1.436290e-07
267 1.417780e-07
268 1.398830e-07
269 1.379440e-07
270 1.359650e-07
271 1.344670e-07
272 1.332950e-07
273 1.320960e-07
274 1.308690e-07
275 1.296140e-07
276 1.283290e-07
277 1.270140e-07
278 1.256690e-07
279 1.242930e-07
280 1.228840e-07
281 1.214420e-07
282 1.199680e-07
283 1.184580e-07
284 1.169130e-07
285 1.153330e-07
286 1.137160e-07
287 1.120600e-07
288 1.104510e-07
289 1.093300e-07
290 1.082730e-07
291 1.071910e-07
292 1.060840e-07
293 1.049510e-07
294 1.037920e-07
295 1.026060e-07
296 1.013920e-07
297 1.001500e-07
298 9.887930e-08
299 9.757860e-08
300 9.624780e-08
301 9.516490e-08
302 9.433830e-08
303 9.349260e-08
304 9.262720e-08
305 9.174150e-08
306 9.083530e-08
307 8.990800e-08
308 8.895900e-08
309 8.798800e-08
310 8.699440e-08
311 8.597750e-08
312 8.493700e-08
313 8.387240e-08
314 8.278280e-08
315 8.166780e-08
316 8.052710e-08
317 7.935960e-08
318 7.820220e-08
319 7.738300e-08
320 7.663720e-08
321 7.587410e-08
322 7.509320e-08
323 7.429400e-08
324 7.347640e-08
325 7.263970e-08
326 7.178330e-08
327 7.090710e-08
328 7.001060e-08
329 6.909310e-08
330 6.815420e-08
331 6.729010e-08
332 6.654940e-08
333 6.579270e-08
334 6.501860e-08
335 6.425560e-08
336 6.354560e-08
337 6.282210e-08
338 6.208170e-08
339 6.136720e-08
340 6.068310e-08
341 5.998320e-08
342 5.927700e-08
343 5.861430e-08
344 5.794620e-08
345 5.726530e-08
346 5.661900e-08
347 5.597590e-08
348 5.531980e-08
349 5.468350e-08
350 5.405640e-08
351 5.343700e-08
352 5.282570e-08
353 5.222140e-08
354 5.162300e-08
355 5.103160e-08
356 5.044740e-08
357 4.987000e-08
358 4.929920e-08
359 4.873490e-08
360 4.817680e-08
361 4.762380e-08
362 4.707850e-08
363 4.653950e-08
364 4.600680e-08
365 4.548020e-08
366 4.495960e-08
367 4.444490e-08
368 4.393620e-08
369 4.343330e-08
370 4.293610e-08
371 4.244530e-08
372 4.195950e-08
373 4.147920e-08
374 4.100420e-08
375 4.053470e-08
376 4.007080e-08
377 3.961210e-08
378 3.915860e-08
379 3.871290e-08
380 3.826870e-08
381 3.783050e-08
382 3.739790e-08
383 3.696980e-08
384 3.654610e-08
385 3.612760e-08
386 3.571410e-08
387 3.530530e-08
388 3.490130e-08
389 3.450160e-08
390 3.410650e-08
391 3.371590e-08
392 3.332990e-08
393 3.294840e-08
394 3.257120e-08
395 3.219830e-08
396 3.182920e-08
397 3.146460e-08
398 3.110440e-08
399 3.074840e-08
400 3.039640e-08
401 3.004840e-08
402 2.970450e-08
403 2.936440e-08
404 2.902830e-08
405 2.869630e-08
406 2.836790e-08
407 2.804320e-08
408 2.772210e-08
409 2.740480e-08
410 2.709080e-08
411 2.678050e-08
412 2.647390e-08
413 2.617090e-08
414 2.587140e-08
415 2.557570e-08
416 2.528490e-08
417 2.499480e-08
418 2.470840e-08
419 2.442610e-08
420 2.414620e-08
421 2.386870e-08
422 2.359490e-08
423 2.332470e-08
424 2.305810e-08
425 2.279410e-08
426 2.253320e-08
427 2.227490e-08
428 2.202000e-08
429 2.176790e-08
430 2.151880e-08
431 2.127340e-08
432 2.102980e-08
433 2.078900e-08
434 2.055100e-08
435 2.031530e-08
436 2.008260e-08
437 1.985260e-08
438 1.962530e-08
439 1.940070e-08
440 1.917860e-08
441 1.895920e-08
442 1.874240e-08
443 1.852800e-08
444 1.831580e-08
445 1.810620e-08
446 1.789870e-08
447 1.769390e-08
448 1.749140e-08
449 1.729090e-08
450 1.709300e-08
451 1.689730e-08
452 1.670380e-08
453 1.651260e-08
454 1.632360e-08
455 1.613680e-08
456 1.595210e-08
457 1.576950e-08
458 1.558890e-08
459 1.541050e-08
460 1.523410e-08
461 1.505980e-08
462 1.488730e-08
463 1.471690e-08
464 1.454840e-08
465 1.438190e-08
466 1.421730e-08
467 1.405450e-08
468 1.389370e-08
469 1.373460e-08
470 1.357740e-08
471 1.342200e-08
472 1.326830e-08
473 1.311650e-08
474 1.296630e-08
475 1.281790e-08
476 1.267120e-08
477 1.252610e-08
478 1.238270e-08
479 1.224100e-08
480 1.210090e-08
481 1.196240e-08
482 1.182540e-08
483 1.169010e-08
484 1.155620e-08
485 1.142400e-08
486 1.129320e-08
487 1.116390e-08
488 1.103610e-08
489 1.090980e-08
490 1.078490e-08
491 1.066150e-08
492 1.053940e-08
493 1.041880e-08
494 1.029950e-08
495 1.018160e-08
496 1.006510e-08
497 9.949870e-09
498 9.835970e-09
499 9.723380e-09
500 9.612090e-09
