1 3.011650e-06
2 2.985480e-06
3 2.958710e-06
4 2.931310e-06
5 2.903270e-06
6 2.874580e-06
7 2.845220e-06
8 2.815180e-06
9 2.784440e-06
10 2.752980e-06
11 2.720790e-06
12 2.687850e-06
13 2.654140e-06
14 2.619650e-06
15 2.584350e-06
16 2.548230e-06
17 2.511270e-06
18 2.474630e-06
19 2.448680e-06
20 2.425050e-06
21 2.400880e-06
22 2.376140e-06
23 2.350820e-06
24 2.324910e-06
25 2.298410e-06
26 2.271280e-06
27 2.243520e-06
28 2.215120e-06
29 2.186050e-06
30 2.156300e-06
31 2.130390e-06
32 2.110590e-06
33 2.090390e-06
34 2.069720e-06
35 2.048570e-06
36 2.026930e-06
37 2.004780e-06
38 1.982120e-06
39 1.958930e-06
40 1.935200e-06
41 1.910920e-06
42 1.886060e-06
43 1.860640e-06
44 1.834640e-06
45 1.813180e-06
46 1.795250e-06
47 1.776910e-06
48 1.758140e-06
49 1.738930e-06
50 1.719270e-06
51 1.699160e-06
52 1.678580e-06
53 1.657520e-06
54 1.635960e-06
55 1.615330e-06
56 1.600290e-06
57 1.585580e-06
58 1.570530e-06
59 1.555130e-06
60 1.539370e-06
61 1.523240e-06
62 1.506730e-06
63 1.489840e-06
64 1.472560e-06
65 1.454880e-06
66 1.436780e-06
67 1.418270e-06
68 1.399320e-06
69 1.379920e-06
70 1.360130e-06
71 1.345140e-06
72 1.333420e-06
73 1.321420e-06
74 1.309140e-06
75 1.296580e-06
76 1.283720e-06
77 1.270570e-06
78 1.257100e-06
79 1.243330e-06
80 1.229230e-06
81 1.214810e-06
82 1.200050e-06
83 1.184940e-06
84 1.169490e-06
85 1.153670e-06
86 1.137490e-06
87 1.120920e-06
88 1.104820e-06
89 1.093600e-06
90 1.083020e-06
91 1.072200e-06
92 1.061120e-06
93 1.049780e-06
94 1.038190e-06
95 1.026320e-06
96 1.014170e-06
97 1.001740e-06
98 9.890270e-07
99 9.760110e-07
100 9.626950e-07
101 9.518600e-07
102 9.435920e-07
103 9.351320e-07
104 9.264750e-07
105 9.176150e-07
106 9.085500e-07
107 8.992740e-07
108 8.897810e-07
109 8.800670e-07
110 8.701280e-07
111 8.599560e-07
112 8.495470e-07
113 8.388970e-07
114 8.279980e-07
115 8.168440e-07
116 8.054330e-07
117 7.937540e-07
118 7.821760e-07
119 7.739810e-07
120 7.665190e-07
121 7.588840e-07
122 7.510710e-07
123 7.430750e-07
124 7.348940e-07
125 7.265230e-07
126 7.179550e-07
127 7.091890e-07
128 7.002190e-07
129 6.910390e-07
130 6.816450e-07
131 6.734590e-07
132 6.672030e-07
133 6.608190e-07
134 6.542890e-07
135 6.476050e-07
136 6.407650e-07
137 6.337670e-07
138 6.266060e-07
139 6.192760e-07
140 6.117780e-07
141 6.041040e-07
142 5.962510e-07
143 5.882160e-07
144 5.800000e-07
145 5.732190e-07
146 5.675530e-07
147 5.617550e-07
148 5.558220e-07
149 5.497500e-07
150 5.435380e-07
151 5.371810e-07
152 5.306740e-07
153 5.240180e-07
154 5.172060e-07
155 5.106840e-07
156 5.059290e-07
157 5.012780e-07
158 4.965190e-07
159 4.916490e-07
160 4.866660e-07
161 4.815660e-07
162 4.763470e-07
163 4.710070e-07
164 4.655430e-07
165 4.599510e-07
166 4.542300e-07
167 4.483750e-07
168 4.423830e-07
169 4.362520e-07
170 4.299930e-07
171 4.252540e-07
172 4.215490e-07
173 4.177570e-07
174 4.138760e-07
175 4.099050e-07
176 4.058430e-07
177 4.016840e-07
178 3.974300e-07
179 3.930760e-07
180 3.886210e-07
181 3.840610e-07
182 3.793970e-07
183 3.746230e-07
184 3.697370e-07
185 3.647390e-07
186 3.596240e-07
187 3.543880e-07
188 3.492990e-07
189 3.457520e-07
190 3.424090e-07
191 3.389880e-07
192 3.354870e-07
193 3.319040e-07
194 3.282380e-07
195 3.244870e-07
196 3.206480e-07
197 3.167200e-07
198 3.127000e-07
199 3.085860e-07
200 3.043780e-07
201 3.009530e-07
202 2.983390e-07
203 2.956640e-07
204 2.929270e-07
205 2.901260e-07
206 2.872600e-07
207 2.843280e-07
208 2.813260e-07
209 2.782560e-07
210 2.751130e-07
211 2.718970e-07
212 2.686070e-07
213 2.652400e-07
214 2.617940e-07
215 2.582680e-07
216 2.546600e-07
217 2.509680e-07
218 2.473080e-07
219 2.447170e-07
220 2.423590e-07
221 2.399450e-07
222 2.374760e-07
223 2.349480e-07
224 2.323620e-07
225 2.297160e-07
226 2.270080e-07
227 2.242370e-07
228 2.214020e-07
229 2.185000e-07
230 2.155310e-07
231 2.129430e-07
232 2.109650e-07
233 2.089470e-07
234 2.068820e-07
235 2.047690e-07
236 2.026070e-07
237 2.003940e-07
238 1.981300e-07
239 1.958130e-07
240 1.934420e-07
241 1.910160e-07
242 1.885330e-07
243 1.859930e-07
244 1.833950e-07
245 1.812510e-07
246 1.794600e-07
247 1.776270e-07
248 1.757510e-07
249 1.738310e-07
250 1.718670e-07
251 1.698570e-07
252 1.678000e-07
253 1.656960e-07
254 1.635420e-07
255 1.614800e-07
256 1.599760e-07
257 1.585050e-07
258 1.570000e-07
259 1.554600e-07
260 1.538850e-07
261 1.522720e-07
262 1.506220e-07
263 1.489330e-07
264 1.472050e-07
265 1.454370e-07
266 1.436280e-07
267 1.417760e-07
268 1.398820e-07
269 1.379430e-07
270 1.359640e-07
271 1.344650e-07
272 1.332940e-07
273 1.320950e-07
274 1.308680e-07
275 1.296130e-07
276 1.283280e-07
277 1.270130e-07
278 1.256680e-07
279 1.242920e-07
280 1.228830e-07
281 1.214410e-07
282 1.199670e-07
283 1.184570e-07
284 1.169120e-07
285 1.153320e-07
286 1.137150e-07
287 1.120600e-07
288 1.104500e-07
289 1.093290e-07
290 1.082720e-07
291 1.071900e-07
292 1.060830e-07
293 1.049510e-07
294 1.037920e-07
295 1.026050e-07
296 1.013920e-07
297 1.001500e-07
298 9.887870e-08
299 9.757800e-08
300 9.624730e-08
301 9.516430e-08
302 9.433780e-08
303 9.349210e-08
304 9.262670e-08
305 9.174100e-08
306 9.083480e-08
307 8.990750e-08
308 8.895850e-08
309 8.798750e-08
310 8.699390e-08
311 8.597710e-08
312 8.493660e-08
313 8.387200e-08
314 8.278240e-08
315 8.166740e-08
316 8.052670e-08
317 7.935920e-08
318 7.820180e-08
319 7.738270e-08
320 7.663690e-08
321 7.587370e-08
322 7.509290e-08
323 7.429370e-08
324 7.347610e-08
325 7.263940e-08
326 7.178310e-08
327 7.090690e-08
328 7.001040e-08
329 6.909290e-08
330 6.815400e-08
331 6.728990e-08
332 6.654930e-08
333 6.579260e-08
334 6.501850e-08
335 6.425550e-08
336 6.354560e-08
337 6.282200e-08
338 6.208160e-08
339 6.136710e-08
340 6.068300e-08
341 5.998320e-08
342 5.927700e-08
343 5.861430e-08
344 5.794620e-08
345 5.726530e-08
346 5.661900e-08
347 5.597590e-08
348 5.531980e-08
349 5.468350e-08
350 5.405640e-08
351 5.343700e-08
352 5.282560e-08
353 5.222140e-08
354 5.162290e-08
355 5.103160e-08
356 5.044740e-08
357 4.987000e-08
358 4.929920e-08
359 4.873490e-08
360 4.817680e-08
361 4.762380e-08
362 4.707850e-08
363 4.653950e-08
364 4.600680e-08
365 4.548020e-08
366 4.495960e-08
367 4.444490e-08
368 4.393620e-08
369 4.343330e-08
370 4.293610e-08
371 4.244530e-08
372 4.195950e-08
373 4.147920e-08
374 4.100420e-08
375 4.053470e-08
376 4.007080e-08
377 3.961210e-08
378 3.915860e-08
379 3.871290e-08
380 3.826870e-08
381 3.783050e-08
382 3.739790e-08
383 3.696980e-08
384 3.654610e-08
385 3.612760e-08
386 3.571410e-08
387 3.530530e-08
388 3.490130e-08
389 3.450160e-08
390 3.410650e-08
391 3.371590e-08
392 3.332990e-08
393 3.294830e-08
394 3.257120e-08
395 3.219830e-08
396 3.182920e-08
397 3.146460e-08
398 3.110440e-08
399 3.074840e-08
400 3.039640e-08
401 3.004840e-08
402 2.970450e-08
403 2.936440e-08
404 2.902830e-08
405 2.869630e-08
406 2.836790e-08
407 2.804320e-08
408 2.772210e-08
409 2.740480e-08
410 2.709080e-08
411 2.678050e-08
412 2.647390e-08
413 2.617090e-08
414 2.587140e-08
415 2.557570e-08
416 2.528490e-08
417 2.499480e-08
418 2.470840e-08
419 2.442610e-08
420 2.414620e-08
421 2.386870e-08
422 2.359490e-08
423 2.332470e-08
424 2.305810e-08
425 2.279410e-08
426 2.253320e-08
427 2.227490e-08
428 2.202000e-08
429 2.176790e-08
430 2.151880e-08
431 2.127340e-08
432 2.102980e-08
433 2.078900e-08
434 2.055100e-08
435 2.031530e-08
436 2.008260e-08
437 1.985260e-08
438 1.962530e-08
439 1.940070e-08
440 1.917860e-08
441 1.895920e-08
442 1.874240e-08
443 1.852800e-08
444 1.831580e-08
445 1.810620e-08
446 1.789870e-08
447 1.769390e-08
448 1.749140e-08
449 1.729090e-08
450 1.709300e-08
451 1.689730e-08
452 1.670380e-08
453 1.651260e-08
454 1.632360e-08
455 1.613680e-08
456 1.595210e-08
457 1.576950e-08
458 1.558890e-08
459 1.541050e-08
460 1.523410e-08
461 1.505980e-08
462 1.488730e-08
463 1.471690e-08
464 1.454840e-08
465 1.438190e-08
466 1.421730e-08
467 1.405450e-08
468 1.389370e-08
469 1.373460e-08
470 1.357740e-08
471 1.342200e-08
472 1.326830e-08
473 1.311650e-08
474 1.296630e-08
475 1.281790e-08
476 1.267120e-08
477 1.252610e-08
478 1.238270e-08
479 1.224100e-08
480 1.210090e-08
481 1.196240e-08
482 1.182540e-08
483 1.169010e-08
484 1.155620e-08
485 1.142400e-08
486 1.129320e-08
487 1.116390e-08
488 1.103610e-08
489 1.090980e-08
490 1.078490e-08
491 1.066150e-08
492 1.053940e-08
493 1.041880e-08
494 1.029950e-08
495 1.018160e-08
496 1.006510e-08
497 9.949870e-09
498 9.835970e-09
499 9.723380e-09
500 9.612090e-09
