1 3.012960e-06
2 2.986770e-06
3 2.959980e-06
4 2.932570e-06
5 2.904510e-06
6 2.875800e-06
7 2.846430e-06
8 2.816360e-06
9 2.785600e-06
10 2.754120e-06
11 2.721910e-06
12 2.688950e-06
13 2.655220e-06
14 2.620700e-06
15 2.585380e-06
16 2.549240e-06
17 2.512260e-06
18 2.475590e-06
19 2.449620e-06
20 2.425970e-06
21 2.401760e-06
22 2.377000e-06
23 2.351650e-06
24 2.325720e-06
25 2.299180e-06
26 2.272020e-06
27 2.244230e-06
28 2.215800e-06
29 2.186700e-06
30 2.156920e-06
31 2.130990e-06
32 2.111180e-06
33 2.090960e-06
34 2.070280e-06
35 2.049120e-06
36 2.027460e-06
37 2.005310e-06
38 1.982630e-06
39 1.959420e-06
40 1.935680e-06
41 1.911390e-06
42 1.886520e-06
43 1.861080e-06
44 1.835060e-06
45 1.813590e-06
46 1.795660e-06
47 1.777310e-06
48 1.758530e-06
49 1.739310e-06
50 1.719650e-06
51 1.699530e-06
52 1.678930e-06
53 1.657870e-06
54 1.636310e-06
55 1.615660e-06
56 1.600620e-06
57 1.585910e-06
58 1.570860e-06
59 1.555450e-06
60 1.539690e-06
61 1.523560e-06
62 1.507060e-06
63 1.490170e-06
64 1.472890e-06
65 1.455200e-06
66 1.437100e-06
67 1.418580e-06
68 1.399630e-06
69 1.380240e-06
70 1.360440e-06
71 1.345450e-06
72 1.333720e-06
73 1.321720e-06
74 1.309430e-06
75 1.296860e-06
76 1.284000e-06
77 1.270840e-06
78 1.257370e-06
79 1.243590e-06
80 1.229490e-06
81 1.215060e-06
82 1.200290e-06
83 1.185180e-06
84 1.169710e-06
85 1.153890e-06
86 1.137700e-06
87 1.121130e-06
88 1.105020e-06
89 1.093790e-06
90 1.083210e-06
91 1.072380e-06
92 1.061300e-06
93 1.049960e-06
94 1.038360e-06
95 1.026490e-06
96 1.014330e-06
97 1.001900e-06
98 9.891790e-07
99 9.761590e-07
100 9.628370e-07
101 9.519980e-07
102 9.437280e-07
103 9.352670e-07
104 9.266080e-07
105 9.177460e-07
106 9.086790e-07
107 8.994010e-07
108 8.899050e-07
109 8.801900e-07
110 8.702480e-07
111 8.600740e-07
112 8.496630e-07
113 8.390110e-07
114 8.281090e-07
115 8.169530e-07
116 8.055390e-07
117 7.938580e-07
118 7.822770e-07
119 7.740790e-07
120 7.666140e-07
121 7.589760e-07
122 7.511610e-07
123 7.431620e-07
124 7.349780e-07
125 7.266040e-07
126 7.180330e-07
127 7.092630e-07
128 7.002900e-07
129 6.911070e-07
130 6.817100e-07
131 6.735220e-07
132 6.672640e-07
133 6.608790e-07
134 6.543470e-07
135 6.476620e-07
136 6.408210e-07
137 6.338220e-07
138 6.266590e-07
139 6.193280e-07
140 6.118280e-07
141 6.041530e-07
142 5.962980e-07
143 5.882620e-07
144 5.800440e-07
145 5.732620e-07
146 5.675950e-07
147 5.617970e-07
148 5.558620e-07
149 5.497900e-07
150 5.435770e-07
151 5.372190e-07
152 5.307120e-07
153 5.240550e-07
154 5.172420e-07
155 5.107190e-07
156 5.059630e-07
157 5.013130e-07
158 4.965530e-07
159 4.916820e-07
160 4.866990e-07
161 4.816000e-07
162 4.763800e-07
163 4.710410e-07
164 4.655760e-07
165 4.599840e-07
166 4.542620e-07
167 4.484070e-07
168 4.424150e-07
169 4.362840e-07
170 4.300240e-07
171 4.252860e-07
172 4.215800e-07
173 4.177870e-07
174 4.139060e-07
175 4.099350e-07
176 4.058710e-07
177 4.017120e-07
178 3.974570e-07
179 3.931030e-07
180 3.886470e-07
181 3.840870e-07
182 3.794220e-07
183 3.746470e-07
184 3.697610e-07
185 3.647620e-07
186 3.596460e-07
187 3.544100e-07
188 3.493190e-07
189 3.457720e-07
190 3.424290e-07
191 3.390070e-07
192 3.355050e-07
193 3.319220e-07
194 3.282560e-07
195 3.245040e-07
196 3.206640e-07
197 3.167360e-07
198 3.127160e-07
199 3.086010e-07
200 3.043920e-07
201 3.009670e-07
202 2.983520e-07
203 2.956780e-07
204 2.929410e-07
205 2.901390e-07
206 2.872730e-07
207 2.843410e-07
208 2.813390e-07
209 2.782680e-07
210 2.751260e-07
211 2.719090e-07
212 2.686190e-07
213 2.652520e-07
214 2.618050e-07
215 2.582790e-07
216 2.546710e-07
217 2.509790e-07
218 2.473180e-07
219 2.447270e-07
220 2.423680e-07
221 2.399550e-07
222 2.374850e-07
223 2.349570e-07
224 2.323710e-07
225 2.297240e-07
226 2.270160e-07
227 2.242450e-07
228 2.214090e-07
229 2.185070e-07
230 2.155370e-07
231 2.129490e-07
232 2.109710e-07
233 2.089530e-07
234 2.068880e-07
235 2.047750e-07
236 2.026120e-07
237 2.004000e-07
238 1.981360e-07
239 1.958180e-07
240 1.934470e-07
241 1.910210e-07
242 1.885380e-07
243 1.859980e-07
244 1.834000e-07
245 1.812560e-07
246 1.794640e-07
247 1.776310e-07
248 1.757550e-07
249 1.738350e-07
250 1.718710e-07
251 1.698610e-07
252 1.678040e-07
253 1.656990e-07
254 1.635450e-07
255 1.614830e-07
256 1.599790e-07
257 1.585090e-07
258 1.570040e-07
259 1.554640e-07
260 1.538880e-07
261 1.522750e-07
262 1.506250e-07
263 1.489370e-07
264 1.472090e-07
265 1.454400e-07
266 1.436310e-07
267 1.417800e-07
268 1.398850e-07
269 1.379460e-07
270 1.359670e-07
271 1.344690e-07
272 1.332970e-07
273 1.320980e-07
274 1.308710e-07
275 1.296160e-07
276 1.283310e-07
277 1.270160e-07
278 1.256710e-07
279 1.242940e-07
280 1.228860e-07
281 1.214440e-07
282 1.199690e-07
283 1.184600e-07
284 1.169150e-07
285 1.153340e-07
286 1.137170e-07
287 1.120620e-07
288 1.104530e-07
289 1.093310e-07
290 1.082740e-07
291 1.071920e-07
292 1.060850e-07
293 1.049520e-07
294 1.037930e-07
295 1.026070e-07
296 1.013930e-07
297 1.001510e-07
298 9.888030e-08
299 9.757950e-08
300 9.624870e-08
301 9.516570e-08
302 9.433910e-08
303 9.349350e-08
304 9.262810e-08
305 9.174230e-08
306 9.083610e-08
307 8.990880e-08
308 8.895980e-08
309 8.798880e-08
310 8.699520e-08
311 8.597830e-08
312 8.493770e-08
313 8.387310e-08
314 8.278350e-08
315 8.166850e-08
316 8.052770e-08
317 7.936030e-08
318 7.820280e-08
319 7.738360e-08
320 7.663780e-08
321 7.587460e-08
322 7.509380e-08
323 7.429450e-08
324 7.347680e-08
325 7.264010e-08
326 7.178380e-08
327 7.090750e-08
328 7.001090e-08
329 6.909340e-08
330 6.815440e-08
331 6.729030e-08
332 6.654960e-08
333 6.579290e-08
334 6.501870e-08
335 6.425570e-08
336 6.354570e-08
337 6.282220e-08
338 6.208180e-08
339 6.136730e-08
340 6.068320e-08
341 5.998330e-08
342 5.927710e-08
343 5.861440e-08
344 5.794630e-08
345 5.726540e-08
346 5.661910e-08
347 5.597600e-08
348 5.531980e-08
349 5.468360e-08
350 5.405640e-08
351 5.343710e-08
352 5.282570e-08
353 5.222140e-08
354 5.162300e-08
355 5.103160e-08
356 5.044740e-08
357 4.987000e-08
358 4.929920e-08
359 4.873490e-08
360 4.817680e-08
361 4.762380e-08
362 4.707850e-08
363 4.653960e-08
364 4.600680e-08
365 4.548020e-08
366 4.495960e-08
367 4.444490e-08
368 4.393620e-08
369 4.343330e-08
370 4.293610e-08
371 4.244530e-08
372 4.195950e-08
373 4.147920e-08
374 4.100420e-08
375 4.053470e-08
376 4.007080e-08
377 3.961210e-08
378 3.915860e-08
379 3.871290e-08
380 3.826870e-08
381 3.783050e-08
382 3.739800e-08
383 3.696990e-08
384 3.654610e-08
385 3.612760e-08
386 3.571410e-08
387 3.530540e-08
388 3.490130e-08
389 3.450160e-08
390 3.410650e-08
391 3.371600e-08
392 3.332990e-08
393 3.294840e-08
394 3.257120e-08
395 3.219830e-08
396 3.182920e-08
397 3.146460e-08
398 3.110440e-08
399 3.074840e-08
400 3.039640e-08
401 3.004840e-08
402 2.970450e-08
403 2.936440e-08
404 2.902830e-08
405 2.869630e-08
406 2.836790e-08
407 2.804320e-08
408 2.772210e-08
409 2.740480e-08
410 2.709080e-08
411 2.678050e-08
412 2.647390e-08
413 2.617090e-08
414 2.587140e-08
415 2.557570e-08
416 2.528490e-08
417 2.499480e-08
418 2.470840e-08
419 2.442610e-08
420 2.414620e-08
421 2.386870e-08
422 2.359490e-08
423 2.332470e-08
424 2.305810e-08
425 2.279410e-08
426 2.253320e-08
427 2.227490e-08
428 2.202000e-08
429 2.176790e-08
430 2.151880e-08
431 2.127340e-08
432 2.102980e-08
433 2.078900e-08
434 2.055100e-08
435 2.031530e-08
436 2.008260e-08
437 1.985260e-08
438 1.962530e-08
439 1.940070e-08
440 1.917860e-08
441 1.895920e-08
442 1.874240e-08
443 1.852800e-08
444 1.831580e-08
445 1.810620e-08
446 1.789870e-08
447 1.769390e-08
448 1.749140e-08
449 1.729090e-08
450 1.709300e-08
451 1.689730e-08
452 1.670380e-08
453 1.651260e-08
454 1.632360e-08
455 1.613680e-08
456 1.595210e-08
457 1.576950e-08
458 1.558890e-08
459 1.541050e-08
460 1.523410e-08
461 1.505980e-08
462 1.488730e-08
463 1.471690e-08
464 1.454840e-08
465 1.438190e-08
466 1.421730e-08
467 1.405450e-08
468 1.389370e-08
469 1.373460e-08
470 1.357740e-08
471 1.342200e-08
472 1.326830e-08
473 1.311650e-08
474 1.296630e-08
475 1.281790e-08
476 1.267120e-08
477 1.252610e-08
478 1.238270e-08
479 1.224100e-08
480 1.210090e-08
481 1.196240e-08
482 1.182540e-08
483 1.169010e-08
484 1.155620e-08
485 1.142400e-08
486 1.129320e-08
487 1.116390e-08
488 1.103610e-08
489 1.090980e-08
490 1.078490e-08
491 1.066150e-08
492 1.053940e-08
493 1.041880e-08
494 1.029950e-08
495 1.018160e-08
496 1.006510e-08
497 9.949870e-09
498 9.835970e-09
499 9.723380e-09
500 9.612090e-09
