1 4.202100e-02
2 4.201830e-02
3 4.201550e-02
4 4.201280e-02
5 4.201010e-02
6 4.200730e-02
7 4.200460e-02
8 4.200190e-02
9 4.199920e-02
10 4.199640e-02
11 4.199370e-02
12 4.199100e-02
13 4.198820e-02
14 4.198550e-02
15 4.198280e-02
16 4.198010e-02
17 4.197740e-02
18 4.197460e-02
19 4.197190e-02
20 4.196920e-02
21 4.196640e-02
22 4.196370e-02
23 4.196100e-02
24 4.195830e-02
25 4.195550e-02
26 4.195280e-02
27 4.195010e-02
28 4.194730e-02
29 4.194460e-02
30 4.194190e-02
31 4.193920e-02
32 4.193640e-02
33 4.193370e-02
34 4.193100e-02
35 4.192830e-02
36 4.192550e-02
37 4.192280e-02
38 4.192010e-02
39 4.191730e-02
40 4.191460e-02
41 4.191190e-02
42 4.190920e-02
43 4.190640e-02
44 4.190370e-02
45 4.190100e-02
46 4.189830e-02
47 4.189550e-02
48 4.189280e-02
49 4.189010e-02
50 4.188730e-02
51 4.188460e-02
52 4.188190e-02
53 4.187920e-02
54 4.187640e-02
55 4.187370e-02
56 4.187100e-02
57 4.186820e-02
58 4.186550e-02
59 4.186280e-02
60 4.186010e-02
61 4.185730e-02
62 4.185460e-02
63 4.185190e-02
64 4.184920e-02
65 4.184640e-02
66 4.184370e-02
67 4.184100e-02
68 4.183820e-02
69 4.183550e-02
70 4.183280e-02
71 4.183010e-02
72 4.182730e-02
73 4.182460e-02
74 4.182190e-02
75 4.181920e-02
76 4.181640e-02
77 4.181370e-02
78 4.181100e-02
79 4.180830e-02
80 4.180550e-02
81 4.180280e-02
82 4.180010e-02
83 4.179730e-02
84 4.179460e-02
85 4.179190e-02
86 4.178910e-02
87 4.178640e-02
88 4.178370e-02
89 4.178100e-02
90 4.177820e-02
91 4.177550e-02
92 4.177280e-02
93 4.177010e-02
94 4.176730e-02
95 4.176460e-02
96 4.176190e-02
97 4.175910e-02
98 4.175640e-02
99 4.175370e-02
100 4.175100e-02
101 4.174090e-02
102 4.172340e-02
103 4.170600e-02
104 4.168850e-02
105 4.167110e-02
106 4.165360e-02
107 4.163620e-02
108 4.161870e-02
109 4.160130e-02
110 4.158380e-02
111 4.156640e-02
112 4.154890e-02
113 4.153150e-02
114 4.151400e-02
115 4.149660e-02
116 4.147910e-02
117 4.146170e-02
118 4.144420e-02
119 4.142680e-02
120 4.140930e-02
121 4.139190e-02
122 4.137440e-02
123 4.135700e-02
124 4.133960e-02
125 4.132210e-02
126 4.130460e-02
127 4.128720e-02
128 4.126980e-02
129 4.125230e-02
130 4.123490e-02
131 4.121740e-02
132 4.120000e-02
133 4.118250e-02
134 4.116510e-02
135 4.114760e-02
136 4.113020e-02
137 4.111270e-02
138 4.109530e-02
139 4.107780e-02
140 4.106040e-02
141 4.104290e-02
142 4.102550e-02
143 4.100800e-02
144 4.099060e-02
145 4.097310e-02
146 4.095570e-02
147 4.093820e-02
148 4.092080e-02
149 4.090330e-02
150 4.088590e-02
151 4.086840e-02
152 4.085100e-02
153 4.083350e-02
154 4.081610e-02
155 4.079860e-02
156 4.078120e-02
157 4.076370e-02
158 4.074630e-02
159 4.072880e-02
160 4.071140e-02
161 4.069390e-02
162 4.067650e-02
163 4.065900e-02
164 4.064160e-02
165 4.062410e-02
166 4.060670e-02
167 4.058930e-02
168 4.057180e-02
169 4.055430e-02
170 4.053670e-02
171 4.049910e-02
172 4.044790e-02
173 4.039660e-02
174 4.034540e-02
175 4.029420e-02
176 4.024290e-02
177 4.019170e-02
178 4.014050e-02
179 4.008920e-02
180 4.003800e-02
181 3.998680e-02
182 3.993560e-02
183 3.988430e-02
184 3.983310e-02
185 3.978190e-02
186 3.973060e-02
187 3.967940e-02
188 3.962820e-02
189 3.957700e-02
190 3.952570e-02
191 3.947450e-02
192 3.942330e-02
193 3.937200e-02
194 3.932080e-02
195 3.926960e-02
196 3.921840e-02
197 3.916710e-02
198 3.911590e-02
199 3.906470e-02
200 3.901340e-02
201 3.889400e-02
202 3.870630e-02
203 3.851860e-02
204 3.833090e-02
205 3.814320e-02
206 3.795550e-02
207 3.776790e-02
208 3.758020e-02
209 3.739250e-02
210 3.720480e-02
211 3.701710e-02
212 3.682940e-02
213 3.664170e-02
214 3.645400e-02
215 3.626630e-02
216 3.607870e-02
217 3.589100e-02
218 3.570330e-02
219 3.551560e-02
220 3.532790e-02
221 3.514020e-02
222 3.495250e-02
223 3.476490e-02
224 3.457720e-02
225 3.438950e-02
226 3.420180e-02
227 3.401410e-02
228 3.382640e-02
229 3.363870e-02
230 3.345100e-02
231 3.326330e-02
232 3.307570e-02
233 3.288800e-02
234 3.270030e-02
235 3.251260e-02
236 3.232490e-02
237 3.213720e-02
238 3.194950e-02
239 3.176190e-02
240 3.157420e-02
241 3.138650e-02
242 3.119880e-02
243 3.101110e-02
244 3.082340e-02
245 3.063570e-02
246 3.044800e-02
247 3.026040e-02
248 3.007270e-02
249 2.988500e-02
250 2.969730e-02
251 2.950960e-02
252 2.932190e-02
253 2.913420e-02
254 2.894660e-02
255 2.875890e-02
256 2.857120e-02
257 2.838350e-02
258 2.819580e-02
259 2.800810e-02
260 2.782040e-02
261 2.763270e-02
262 2.744500e-02
263 2.725740e-02
264 2.706970e-02
265 2.688200e-02
266 2.669430e-02
267 2.650660e-02
268 2.631890e-02
269 2.613120e-02
270 2.594120e-02
271 2.549180e-02
272 2.486620e-02
273 2.424060e-02
274 2.361500e-02
275 2.298930e-02
276 2.236370e-02
277 2.173810e-02
278 2.111250e-02
279 2.048690e-02
280 1.986120e-02
281 1.923560e-02
282 1.861000e-02
283 1.798440e-02
284 1.735880e-02
285 1.673320e-02
286 1.610760e-02
287 1.548190e-02
288 1.485630e-02
289 1.423070e-02
290 1.360510e-02
291 1.297950e-02
292 1.235380e-02
293 1.172820e-02
294 1.110260e-02
295 1.047700e-02
296 9.851370e-03
297 9.225750e-03
298 8.600140e-03
299 7.974530e-03
300 7.348910e-03
301 6.392910e-03
302 5.106450e-03
303 3.819960e-03
304 2.533480e-03
305 1.247020e-03
306 0.000000e+00
307 0.000000e+00
308 0.000000e+00
309 0.000000e+00
310 0.000000e+00
311 0.000000e+00
312 0.000000e+00
313 0.000000e+00
314 0.000000e+00
315 0.000000e+00
316 0.000000e+00
317 0.000000e+00
318 0.000000e+00
319 0.000000e+00
320 0.000000e+00
321 0.000000e+00
322 0.000000e+00
323 0.000000e+00
324 0.000000e+00
325 0.000000e+00
326 0.000000e+00
327 0.000000e+00
328 0.000000e+00
329 0.000000e+00
330 0.000000e+00
331 0.000000e+00
332 0.000000e+00
333 0.000000e+00
334 0.000000e+00
335 0.000000e+00
336 0.000000e+00
337 0.000000e+00
338 0.000000e+00
339 0.000000e+00
340 0.000000e+00
341 0.000000e+00
342 0.000000e+00
343 0.000000e+00
344 0.000000e+00
345 0.000000e+00
346 0.000000e+00
347 0.000000e+00
348 0.000000e+00
349 0.000000e+00
350 0.000000e+00
351 0.000000e+00
352 0.000000e+00
353 0.000000e+00
354 0.000000e+00
355 0.000000e+00
356 0.000000e+00
357 0.000000e+00
358 0.000000e+00
359 0.000000e+00
360 0.000000e+00
361 0.000000e+00
362 0.000000e+00
363 1.058790e-01
364 2.322650e-01
365 3.489440e-01
366 4.363180e-01
367 4.843390e-01
368 4.971140e-01
369 4.862180e-01
370 4.625160e-01
371 4.334140e-01
372 4.032880e-01
373 3.741140e-01
374 3.468550e-01
375 3.218620e-01
376 2.991670e-01
377 2.785410e-01
378 2.598110e-01
379 2.430690e-01
380 2.273320e-01
381 2.129890e-01
382 1.997820e-01
383 1.874700e-01
384 1.759310e-01
385 1.651100e-01
386 1.548680e-01
387 1.450890e-01
388 1.356730e-01
389 1.265250e-01
390 1.175590e-01
391 1.086660e-01
392 9.973010e-02
393 9.062480e-02
394 8.121580e-02
395 7.138990e-02
396 6.114350e-02
397 5.073810e-02
398 4.114610e-02
399 3.411580e-02
400 3.104630e-02
401 3.116400e-02
402 3.194620e-02
403 3.115240e-02
404 2.794260e-02
405 2.241320e-02
406 1.500020e-02
407 5.996220e-03
408 0.000000e+00
409 0.000000e+00
410 0.000000e+00
411 6.275880e-02
412 3.278510e-01
413 4.646140e-01
414 3.444240e-01
415 2.426320e-01
416 1.882790e-01
417 1.478580e-01
418 1.221710e-01
419 1.031120e-01
420 8.714350e-02
421 7.259620e-02
422 4.991800e-02
423 6.841140e-02
424 4.899100e-02
425 3.541610e-02
426 3.318480e-02
427 6.566660e-03
428 1.240760e-01
429 3.708040e-01
430 1.986340e-01
431 1.376080e-01
432 1.081220e-01
433 9.080930e-02
434 7.778360e-02
435 6.491760e-02
436 4.539010e-02
437 8.913360e-03
438 1.778060e-01
439 1.420710e-01
440 1.249500e-01
441 1.203690e-01
442 1.214610e-01
443 1.262860e-01
444 1.343350e-01
445 1.460780e-01
446 1.654520e-01
447 1.750580e-01
448 1.909800e-01
449 2.109040e-01
450 2.163480e-01
451 2.175720e-01
452 1.876560e-01
453 2.080460e-01
454 2.630170e-01
455 3.052590e-01
456 3.439580e-01
457 3.530610e-01
458 2.717860e-01
459 3.558840e-01
460 4.039150e-01
461 4.346930e-01
462 1.638000e-01
463 2.808010e-01
464 3.980660e-01
465 4.493130e-01
466 3.005950e-01
467 3.139080e-01
468 2.902210e-01
469 3.433500e-01
470 2.014730e-01
471 1.069840e-01
472 2.684060e-01
473 2.475280e-01
474 2.663250e-01
475 3.104750e-01
476 3.418010e-01
477 3.155720e-01
478 1.930710e-01
479 3.020390e-01
480 2.606440e-01
481 1.650410e-01
482 1.595500e-01
483 1.528640e-01
484 1.454840e-01
485 1.393030e-01
486 1.467390e-01
487 1.757900e-01
488 2.324510e-01
489 2.591870e-01
490 2.414010e-01
491 2.227360e-01
492 2.024600e-01
493 1.821130e-01
494 1.797180e-01
495 2.726490e-01
496 3.475590e-01
497 3.081620e-01
498 3.006520e-01
499 3.015220e-01
500 3.090370e-01
