1 3.803830e-02
2 3.765550e-02
3 3.726400e-02
4 3.686330e-02
5 3.645320e-02
6 3.603360e-02
7 3.560430e-02
8 3.516490e-02
9 3.471530e-02
10 3.425520e-02
11 3.378440e-02
12 3.330260e-02
13 3.280970e-02
14 3.230520e-02
15 3.178890e-02
16 3.126070e-02
17 3.072020e-02
18 3.018370e-02
19 2.979900e-02
20 2.944670e-02
21 2.908630e-02
22 2.871760e-02
23 2.834010e-02
24 2.795390e-02
25 2.755880e-02
26 2.715440e-02
27 2.674060e-02
28 2.631720e-02
29 2.588390e-02
30 2.544040e-02
31 2.505200e-02
32 2.475150e-02
33 2.444490e-02
34 2.413120e-02
35 2.381020e-02
36 2.348160e-02
37 2.314550e-02
38 2.280150e-02
39 2.244940e-02
40 2.208930e-02
41 2.172070e-02
42 2.134340e-02
43 2.095750e-02
44 2.056280e-02
45 2.023490e-02
46 1.995880e-02
47 1.967630e-02
48 1.938720e-02
49 1.909130e-02
50 1.878860e-02
51 1.847880e-02
52 1.816180e-02
53 1.783740e-02
54 1.750550e-02
55 1.718740e-02
56 1.695400e-02
57 1.672550e-02
58 1.649170e-02
59 1.625240e-02
60 1.600760e-02
61 1.575710e-02
62 1.550070e-02
63 1.523830e-02
64 1.496990e-02
65 1.469520e-02
66 1.441410e-02
67 1.412640e-02
68 1.383210e-02
69 1.353080e-02
70 1.322330e-02
71 1.299250e-02
72 1.281390e-02
73 1.263110e-02
74 1.244390e-02
75 1.225250e-02
76 1.205660e-02
77 1.185610e-02
78 1.165100e-02
79 1.144110e-02
80 1.122620e-02
81 1.100640e-02
82 1.078150e-02
83 1.055130e-02
84 1.031580e-02
85 1.007480e-02
86 9.828120e-03
87 9.575710e-03
88 9.336930e-03
89 9.213780e-03
90 9.108630e-03
91 9.001030e-03
92 8.890910e-03
93 8.778230e-03
94 8.662940e-03
95 8.544950e-03
96 8.424210e-03
97 8.300670e-03
98 8.174250e-03
99 8.044860e-03
100 7.912490e-03
101 7.946570e-03
102 8.330760e-03
103 9.325210e-03
104 1.148310e-02
105 2.064500e-02
106 1.022640e+00
107 6.706570e+00
108 2.222740e-02
109 1.107390e-02
110 8.169280e-03
111 6.940870e-03
112 6.445590e-03
113 6.066810e-03
114 5.680150e-03
115 5.298400e-03
116 5.060820e-03
117 4.882080e-03
118 4.721330e-03
119 4.575270e-03
120 4.435420e-03
121 4.316180e-03
122 4.195340e-03
123 4.071680e-03
124 3.946690e-03
125 3.821830e-03
126 3.707980e-03
127 3.606690e-03
128 3.505700e-03
129 3.403570e-03
130 3.299040e-03
131 3.197760e-03
132 3.105770e-03
133 3.017580e-03
134 2.931500e-03
135 2.850500e-03
136 2.786290e-03
137 3.101790e-03
138 1.657070e-02
139 2.548010e-03
140 2.456740e-03
141 2.380140e-03
142 2.310000e-03
143 2.238570e-03
144 2.174240e-03
145 2.112890e-03
146 2.050110e-03
147 1.985860e-03
148 1.920440e-03
149 1.860400e-03
150 1.804370e-03
151 1.750030e-03
152 1.698630e-03
153 1.646720e-03
154 1.598920e-03
155 1.554370e-03
156 1.508790e-03
157 1.462140e-03
158 1.416040e-03
159 1.377870e-03
160 1.340170e-03
161 1.301600e-03
162 1.262120e-03
163 1.221730e-03
164 1.180400e-03
165 1.138110e-03
166 1.097070e-03
167 1.063340e-03
168 1.031160e-03
169 1.000650e-03
170 9.701170e-04
171 9.404340e-04
172 9.124940e-04
173 8.855910e-04
174 8.596160e-04
175 8.350130e-04
176 8.098630e-04
177 7.871350e-04
178 7.665340e-04
179 7.454560e-04
180 7.238840e-04
181 7.018080e-04
182 6.801450e-04
183 6.613080e-04
184 6.434650e-04
185 6.261110e-04
186 6.101450e-04
187 5.941790e-04
188 5.784610e-04
189 5.662180e-04
190 5.543510e-04
191 5.422080e-04
192 5.297810e-04
193 5.170650e-04
194 5.040540e-04
195 4.907390e-04
196 4.777080e-04
197 4.675020e-04
198 4.581790e-04
199 4.495660e-04
200 4.411820e-04
201 4.331430e-04
202 4.260210e-04
203 4.195200e-04
204 4.137520e-04
205 4.082150e-04
206 4.040950e-04
207 4.000970e-04
208 3.960060e-04
209 3.927590e-04
210 3.943810e-03
211 3.883680e-04
212 3.860870e-04
213 3.866750e-04
214 3.881110e-04
215 3.895810e-04
216 3.915590e-04
217 3.958100e-04
218 4.004440e-04
219 4.052530e-04
220 4.128500e-04
221 4.220250e-04
222 4.314200e-04
223 4.437090e-04
224 4.595160e-04
225 9.354790e-03
226 5.205110e-04
227 5.267350e-04
228 5.591740e-04
229 6.016310e-04
230 6.497980e-04
231 4.787050e-03
232 7.709590e-04
233 8.631560e-04
234 9.823430e-04
235 1.155150e-03
236 7.122820e-02
237 1.777240e-03
238 1.998450e-03
239 2.561420e-03
240 3.512370e-03
241 5.215030e-03
242 8.684890e-03
243 1.699380e-02
244 3.815680e-02
245 5.384680e-02
246 2.938070e-02
247 1.231820e-02
248 6.213860e-03
249 3.609930e-03
250 2.307200e-03
251 1.607090e-03
252 1.191390e-03
253 9.681270e-04
254 9.893660e-02
255 6.315750e-04
256 4.814600e-04
257 3.860100e-02
258 3.495770e-04
259 4.663500e-02
260 2.515640e-04
261 2.114470e-04
262 1.875880e-04
263 1.723210e-04
264 1.588450e-04
265 1.501040e-04
266 2.340450e-04
267 4.703290e-02
268 1.502960e-04
269 1.207760e-04
270 1.219110e-04
271 2.068650e-04
272 5.185950e-02
273 2.806170e-02
274 1.769970e-04
275 9.849010e-05
276 9.578640e-05
277 1.889820e-04
278 4.277920e-02
279 1.083150e-04
280 1.081250e-04
281 3.091890e-02
282 1.112310e-04
283 1.319350e-04
284 1.793100e-04
285 2.878690e-04
286 7.465680e-04
287 3.780670e-02
288 7.315670e-03
289 9.510510e-03
290 4.903510e-04
291 5.891820e-02
292 3.497850e-03
293 8.204040e-03
294 1.015850e-03
295 3.613860e-04
296 1.888010e-02
297 3.623700e-02
298 1.544100e-04
299 4.705580e-02
300 9.950750e-05
301 2.010550e-04
302 2.520330e-02
303 2.255100e-02
304 7.551300e-05
305 1.000130e-04
306 1.490470e-02
307 8.803980e-05
308 1.087400e-04
309 9.375240e-03
310 2.147280e-02
311 5.921790e-04
312 1.516750e-02
313 6.402410e-04
314 1.380370e-03
315 1.410920e-02
316 9.509710e-03
317 6.971580e-04
318 2.394730e-03
319 4.652380e-03
320 1.404520e-04
321 8.290020e-03
322 2.731320e-04
323 1.549850e-02
324 5.669000e-03
325 1.334860e-03
326 1.928840e-02
327 1.092810e-03
328 1.101400e-02
329 6.390320e-03
330 2.783530e-03
331 7.898000e-03
332 9.131520e-03
333 5.536440e-03
334 2.064720e-03
335 1.114780e-02
336 3.502820e-03
337 9.906090e-03
338 7.912400e-03
339 1.347790e-02
340 7.284190e-04
341 8.786930e-03
342 2.503910e-03
343 7.023260e-03
344 2.107470e-03
345 6.622620e-03
346 1.002710e-02
347 8.039700e-03
348 4.243510e-03
349 4.349130e-03
350 9.697440e-03
351 3.205400e-03
352 2.313460e-03
353 1.307180e-02
354 7.692750e-03
355 7.151420e-03
356 5.204610e-03
357 3.611870e-03
358 5.334770e-03
359 3.683980e-03
360 7.432630e-04
361 4.802590e-03
362 1.929110e-03
363 4.905200e-03
364 5.154670e-03
365 4.315360e-03
366 6.614580e-03
367 5.900880e-03
368 2.762360e-03
369 5.387840e-03
370 5.972580e-03
371 4.163590e-03
372 5.589890e-03
373 5.562370e-03
374 4.734260e-03
375 6.328960e-03
376 5.101240e-03
377 3.529480e-03
378 4.951660e-03
379 6.950430e-03
380 4.454730e-03
381 5.613790e-03
382 8.215070e-03
383 7.523790e-03
384 8.582610e-03
385 5.455450e-03
386 4.489300e-03
387 9.382750e-03
388 5.419870e-03
389 7.575070e-03
390 1.008380e-02
391 7.172460e-03
392 8.163100e-03
393 7.495460e-03
394 5.308070e-03
395 3.850920e-03
396 3.316160e-03
397 2.964720e-03
398 2.823670e-03
399 2.735710e-03
400 2.645700e-03
401 2.581440e-03
402 2.543740e-03
403 2.505160e-03
404 2.465680e-03
405 2.425280e-03
406 2.383940e-03
407 2.341640e-03
408 2.298360e-03
409 2.254060e-03
410 2.209560e-03
411 2.176470e-03
412 2.146810e-03
413 2.116450e-03
414 2.085390e-03
415 2.053600e-03
416 2.021070e-03
417 1.987790e-03
418 1.955850e-03
419 1.943780e-03
420 1.936640e-03
421 1.929340e-03
422 1.921880e-03
423 1.914230e-03
424 1.906410e-03
425 1.898410e-03
426 1.890220e-03
427 1.881840e-03
428 1.873260e-03
429 1.864490e-03
430 1.855510e-03
431 1.855650e-03
432 1.869630e-03
433 1.884060e-03
434 1.898830e-03
435 1.913940e-03
436 1.929410e-03
437 1.945230e-03
438 1.961430e-03
439 1.978000e-03
440 1.994220e-03
441 1.987690e-03
442 1.969940e-03
443 1.951770e-03
444 1.933170e-03
445 1.914150e-03
446 1.894680e-03
447 1.874750e-03
448 1.853220e-03
449 1.811510e-03
450 1.761700e-03
451 1.710730e-03
452 1.658570e-03
453 1.605190e-03
454 1.550570e-03
455 1.488140e-03
456 1.396430e-03
457 1.299440e-03
458 1.200200e-03
459 1.098640e-03
460 9.947280e-04
461 9.152560e-04
462 8.909460e-04
463 8.679080e-04
464 8.443320e-04
465 8.202090e-04
466 7.955250e-04
467 7.702620e-04
468 7.444140e-04
469 7.179640e-04
470 6.909450e-04
471 6.688010e-04
472 6.499030e-04
473 6.305710e-04
474 6.107870e-04
475 5.905400e-04
476 5.698200e-04
477 5.486160e-04
478 5.270170e-04
479 5.085410e-04
480 4.915060e-04
481 4.740690e-04
482 4.562280e-04
483 4.379730e-04
484 4.192930e-04
485 4.009500e-04
486 3.870790e-04
487 3.737320e-04
488 3.600800e-04
489 3.461030e-04
490 3.318060e-04
491 3.198200e-04
492 3.155500e-04
493 3.117200e-04
494 3.078000e-04
495 3.037890e-04
496 3.007170e-04
497 3.022580e-04
498 3.044070e-04
499 3.066060e-04
500 3.088570e-04
