1 1.211000e-02
2 1.211200e-02
3 1.211410e-02
4 1.211630e-02
5 1.211850e-02
6 1.212070e-02
7 1.212300e-02
8 1.212540e-02
9 1.212780e-02
10 1.213020e-02
11 1.213280e-02
12 1.213530e-02
13 1.213800e-02
14 1.214070e-02
15 1.214340e-02
16 1.214630e-02
17 1.214920e-02
18 1.215210e-02
19 1.215520e-02
20 1.215830e-02
21 1.216140e-02
22 1.216470e-02
23 1.216800e-02
24 1.217140e-02
25 1.217490e-02
26 1.217850e-02
27 1.218210e-02
28 1.218580e-02
29 1.218970e-02
30 1.219360e-02
31 1.219750e-02
32 1.220170e-02
33 1.220580e-02
34 1.221010e-02
35 1.221450e-02
36 1.221900e-02
37 1.222360e-02
38 1.222830e-02
39 1.223310e-02
40 1.223800e-02
41 1.224300e-02
42 1.224820e-02
43 1.225340e-02
44 1.225880e-02
45 1.226430e-02
46 1.227000e-02
47 1.227570e-02
48 1.228170e-02
49 1.228770e-02
50 1.229390e-02
51 1.230020e-02
52 1.230670e-02
53 1.231340e-02
54 1.232020e-02
55 1.232710e-02
56 1.233420e-02
57 1.234150e-02
58 1.234890e-02
59 1.235650e-02
60 1.236430e-02
61 1.237230e-02
62 1.238050e-02
63 1.238880e-02
64 1.239730e-02
65 1.240610e-02
66 1.241500e-02
67 1.242420e-02
68 1.243360e-02
69 1.244320e-02
70 1.245300e-02
71 1.246300e-02
72 1.247330e-02
73 1.248380e-02
74 1.249450e-02
75 1.250550e-02
76 1.251680e-02
77 1.252830e-02
78 1.254010e-02
79 1.255220e-02
80 1.256460e-02
81 1.257720e-02
82 1.259010e-02
83 1.260340e-02
84 1.261690e-02
85 1.263080e-02
86 1.264490e-02
87 1.265950e-02
88 1.267430e-02
89 1.268950e-02
90 1.270500e-02
91 1.272090e-02
92 1.273720e-02
93 1.275390e-02
94 1.277090e-02
95 1.278840e-02
96 1.280620e-02
97 1.282450e-02
98 1.284320e-02
99 1.286230e-02
100 1.288190e-02
101 1.290190e-02
102 1.292240e-02
103 1.294340e-02
104 1.296490e-02
105 1.298680e-02
106 1.300950e-02
107 1.303170e-02
108 1.305580e-02
109 1.307990e-02
110 1.310460e-02
111 1.312980e-02
112 1.315560e-02
113 1.318200e-02
114 1.320900e-02
115 1.323660e-02
116 1.326490e-02
117 1.329390e-02
118 1.332350e-02
119 1.335380e-02
120 1.338490e-02
121 1.341660e-02
122 1.344910e-02
123 1.348230e-02
124 1.351630e-02
125 1.355110e-02
126 1.358680e-02
127 1.362320e-02
128 1.366050e-02
129 1.369870e-02
130 1.373770e-02
131 1.377770e-02
132 1.381860e-02
133 1.386040e-02
134 1.390330e-02
135 1.394710e-02
136 1.399190e-02
137 1.403780e-02
138 1.408480e-02
139 1.413280e-02
140 1.418200e-02
141 1.423230e-02
142 1.428380e-02
143 1.433650e-02
144 1.439040e-02
145 1.444560e-02
146 1.450200e-02
147 1.455980e-02
148 1.461890e-02
149 1.467940e-02
150 1.474130e-02
151 1.480460e-02
152 1.486940e-02
153 1.493570e-02
154 1.500360e-02
155 1.507310e-02
156 1.514410e-02
157 1.521690e-02
158 1.529130e-02
159 1.536740e-02
160 1.544530e-02
161 1.552510e-02
162 1.560670e-02
163 1.569020e-02
164 1.577560e-02
165 1.586310e-02
166 1.595250e-02
167 1.604410e-02
168 1.613780e-02
169 1.623360e-02
170 1.633170e-02
171 1.643210e-02
172 1.653480e-02
173 1.664000e-02
174 1.674750e-02
175 1.685760e-02
176 1.697020e-02
177 1.708550e-02
178 1.720340e-02
179 1.732410e-02
180 1.744760e-02
181 1.757400e-02
182 1.770330e-02
183 1.783570e-02
184 1.797110e-02
185 1.810970e-02
186 1.825150e-02
187 1.839660e-02
188 1.854500e-02
189 1.869700e-02
190 1.885250e-02
191 1.901160e-02
192 1.917440e-02
193 1.934100e-02
194 1.951140e-02
195 1.968590e-02
196 1.986440e-02
197 2.004710e-02
198 2.023400e-02
199 2.042530e-02
200 2.062100e-02
201 2.082130e-02
202 2.102630e-02
203 2.123600e-02
204 2.145060e-02
205 2.167020e-02
206 2.189490e-02
207 2.212490e-02
208 2.236020e-02
209 2.260100e-02
210 2.284740e-02
211 2.309960e-02
212 2.335760e-02
213 2.362160e-02
214 2.389180e-02
215 2.416820e-02
216 2.445110e-02
217 2.474060e-02
218 2.503680e-02
219 2.533990e-02
220 2.565010e-02
221 2.596750e-02
222 2.629230e-02
223 2.662450e-02
224 2.696460e-02
225 2.731250e-02
226 2.766850e-02
227 2.803280e-02
228 2.840550e-02
229 2.878680e-02
230 2.917700e-02
231 2.957600e-02
232 2.998420e-02
233 3.040150e-02
234 3.082820e-02
235 3.126400e-02
236 3.171000e-02
237 3.215890e-02
238 3.261040e-02
239 3.301740e-02
240 3.374920e-02
241 3.419820e-02
242 3.469890e-02
243 3.522550e-02
244 3.576020e-02
245 3.626690e-02
246 3.679540e-02
247 3.737630e-02
248 3.797450e-02
249 3.858310e-02
250 3.920490e-02
251 3.984110e-02
252 4.048900e-02
253 4.115420e-02
254 4.183360e-02
255 4.252890e-02
256 4.323970e-02
257 4.396760e-02
258 4.471200e-02
259 4.547370e-02
260 4.625330e-02
261 4.705100e-02
262 4.786690e-02
263 4.870210e-02
264 4.955630e-02
265 5.043070e-02
266 5.132570e-02
267 5.216820e-02
268 7.902310e-02
269 8.383790e-02
270 6.887660e-03
271 2.421080e-02
272 0.000000e+00
273 6.262960e-02
274 4.169840e-02
275 6.336160e-02
276 7.906180e-02
277 5.352880e-02
278 5.055210e-02
279 5.374360e-02
280 4.283890e-02
281 5.359550e-02
282 7.809540e-02
283 7.676900e-02
284 7.317760e-02
285 9.169180e-02
286 6.608870e-02
287 0.000000e+00
288 1.740430e-02
289 5.432610e-02
290 7.703000e-02
291 7.553550e-02
292 0.000000e+00
293 1.556060e-02
294 1.149670e-02
295 1.419940e-02
296 1.891640e-02
297 1.021080e-01
298 5.639940e-02
299 4.026300e-03
300 0.000000e+00
301 0.000000e+00
302 2.424100e-02
303 1.103290e-01
304 9.929120e-02
305 8.840680e-02
306 8.817790e-02
307 1.240360e-01
308 1.120890e-01
309 0.000000e+00
310 2.498160e-01
311 1.619700e-01
312 0.000000e+00
313 1.394900e-01
314 1.039390e-01
315 0.000000e+00
316 0.000000e+00
317 0.000000e+00
318 0.000000e+00
319 1.022480e-02
320 4.724870e-02
321 8.558020e-02
322 1.228150e-01
323 0.000000e+00
324 3.277400e-02
325 1.010120e-01
326 1.312410e-01
327 2.716740e-02
328 0.000000e+00
329 0.000000e+00
330 2.939060e-02
331 6.551960e-02
332 1.021590e-01
333 1.384090e-01
334 1.721790e-01
335 0.000000e+00
336 1.135300e-02
337 9.683140e-02
338 1.528310e-01
339 1.535800e-01
340 1.522710e-01
341 1.442850e-01
342 9.549750e-02
343 1.319740e-01
344 1.145850e-01
345 8.304500e-03
346 1.544180e-01
347 1.672140e-01
348 2.530250e-01
349 2.372530e-01
350 0.000000e+00
351 3.912120e-02
352 1.189710e-01
353 8.939900e-02
354 5.864530e-02
355 7.189440e-02
356 0.000000e+00
357 8.183630e-02
358 4.477870e-02
359 0.000000e+00
360 4.088800e-02
361 8.017440e-02
362 3.602560e-02
363 1.210000e-01
364 1.743890e-01
365 3.307410e-02
366 1.842420e-01
367 2.835870e-01
368 2.603220e-02
369 1.530230e-01
370 1.086870e-01
371 9.989540e-02
372 3.303920e-01
373 1.448170e-01
374 2.462710e-01
375 1.583410e-01
376 2.194550e-01
377 3.973700e-01
378 3.458690e-01
379 2.439110e-01
380 3.391760e-01
381 2.137180e-01
382 6.522950e-02
383 0.000000e+00
384 5.875300e-02
385 2.863030e-01
386 0.000000e+00
387 1.764240e-01
388 6.643350e-02
389 2.300030e-01
390 1.996090e-01
391 2.991430e-01
392 2.976900e-01
393 2.307700e-01
394 1.910710e-01
395 3.723010e-01
396 3.201380e-01
397 3.262430e-01
398 2.184880e-01
399 2.126600e-01
400 2.445790e-01
401 2.755510e-01
402 1.023510e-01
403 3.342340e-01
404 3.316540e-01
405 1.642610e-01
406 2.710550e-01
407 1.729100e-01
408 1.587230e-01
409 1.048100e-01
410 1.627890e-01
411 2.085420e-01
412 1.754900e-01
413 2.960440e-01
414 3.499620e-01
415 3.012570e-01
416 1.203240e-02
417 4.381280e-01
418 3.350350e-01
419 3.636610e-01
420 3.344880e-01
421 3.740760e-01
422 3.066990e-01
423 3.930090e-01
424 3.493430e-01
425 2.743190e-01
426 2.608290e-01
427 3.014350e-01
428 3.133580e-01
429 3.394840e-01
430 3.243620e-01
431 4.695640e-01
432 4.582830e-01
433 5.243420e-01
434 4.250840e-01
435 4.574510e-01
436 3.601500e-01
437 3.875020e-01
438 4.184360e-01
439 4.601180e-01
440 4.418590e-01
441 4.288530e-01
442 4.306370e-01
443 4.326880e-01
444 4.347720e-01
445 4.418870e-01
446 4.518260e-01
447 4.619810e-01
448 4.725000e-01
449 4.839710e-01
450 4.963380e-01
451 5.084380e-01
452 5.214270e-01
453 5.345160e-01
454 5.468060e-01
455 5.594700e-01
456 5.729420e-01
457 5.861560e-01
458 5.978620e-01
459 6.084330e-01
460 6.192580e-01
461 6.307160e-01
462 6.410730e-01
463 6.501520e-01
464 6.593940e-01
465 6.687610e-01
466 6.786490e-01
467 6.881170e-01
468 6.969100e-01
469 7.057500e-01
470 7.148070e-01
471 7.226000e-01
472 7.295190e-01
473 7.366170e-01
474 7.439070e-01
475 7.513130e-01
476 7.580000e-01
477 7.647760e-01
478 7.717420e-01
479 7.787140e-01
480 7.847770e-01
481 7.904480e-01
482 7.961220e-01
483 8.010170e-01
484 8.059560e-01
485 8.108090e-01
486 8.149280e-01
487 8.189980e-01
488 8.231270e-01
489 8.270040e-01
490 8.308720e-01
491 8.344140e-01
492 8.368670e-01
493 8.392530e-01
494 8.414120e-01
495 8.428640e-01
496 8.442880e-01
497 8.447510e-01
498 8.446330e-01
499 8.445120e-01
500 8.443890e-01
