1 6.4102E-3
2 6.4102E-3
3 6.4102E-3
4 6.4102E-3
5 6.41028E-3
6 6.4103E-3
7 6.4103E-3
8 6.4103E-3
9 6.4103E-3
10 6.4103E-3
11 6.4103E-3
12 6.4103E-3
13 6.4103E-3
14 6.4103E-3
15 6.4103E-3
16 6.4103E-3
17 6.4103E-3
18 6.41036E-3
19 6.4104E-3
20 6.4104E-3
21 6.4104E-3
22 6.4104E-3
23 6.4104E-3
24 6.4104E-3
25 6.4104E-3
26 6.4104E-3
27 6.4104E-3
28 6.41045E-3
29 6.4105E-3
30 6.4105E-3
31 6.4105E-3
32 6.4105E-3
33 6.4105E-3
34 6.4105E-3
35 6.4105E-3
36 6.41054E-3
37 6.4106E-3
38 6.4106E-3
39 6.4106E-3
40 6.4106E-3
41 6.4106E-3
42 6.4106E-3
43 6.41065E-3
44 6.4107E-3
45 6.4107E-3
46 6.4107E-3
47 6.4107E-3
48 6.4107E-3
49 6.41076E-3
50 6.4108E-3
51 6.4108E-3
52 6.4108E-3
53 6.4108E-3
54 6.41083E-3
55 6.4109E-3
56 6.4109E-3
57 6.4109E-3
58 6.4109E-3
59 6.41097E-3
60 6.411E-3
61 6.411E-3
62 6.411E-3
63 6.41105E-3
64 6.4111E-3
65 6.4111E-3
66 6.4111E-3
67 6.41116E-3
68 6.4112E-3
69 6.4112E-3
70 6.41121E-3
71 6.4113E-3
72 6.4113E-3
73 6.4113E-3
74 6.41139E-3
75 6.4114E-3
76 6.4114E-3
77 6.41149E-3
78 6.4115E-3
79 6.4115E-3
80 6.4116E-3
81 6.4116E-3
82 6.41164E-3
83 6.4117E-3
84 6.4117E-3
85 6.41178E-3
86 6.4118E-3
87 6.41185E-3
88 6.4119E-3
89 6.41192E-3
90 6.412E-3
91 6.41201E-3
92 6.4121E-3
93 6.4121E-3
94 6.4122E-3
95 6.41221E-3
96 6.4123E-3
97 6.41233E-3
98 6.4124E-3
99 6.41245E-3
100 6.4125E-3
101 6.41258E-3
102 6.41261E-3
103 6.4127E-3
104 6.41275E-3
105 6.4128E-3
106 6.4129E-3
107 6.41295E-3
108 6.41301E-3
109 6.4131E-3
110 6.41316E-3
111 6.41324E-3
112 6.4133E-3
113 6.4134E-3
114 6.41348E-3
115 6.41355E-3
116 6.41364E-3
117 6.41372E-3
118 6.4138E-3
119 6.4139E-3
120 6.41399E-3
121 6.41408E-3
122 6.41418E-3
123 6.41428E-3
124 6.41438E-3
125 6.41448E-3
126 6.41459E-3
127 6.41469E-3
128 6.41481E-3
129 6.41492E-3
130 6.41503E-3
131 6.41515E-3
132 6.41527E-3
133 6.41539E-3
134 6.41552E-3
135 6.41565E-3
136 6.41577E-3
137 6.41592E-3
138 6.41605E-3
139 6.41619E-3
140 6.41635E-3
141 6.41649E-3
142 6.41664E-3
143 6.41679E-3
144 6.41696E-3
145 6.41713E-3
146 6.41728E-3
147 6.41746E-3
148 6.41764E-3
149 6.41781E-3
150 6.41799E-3
151 6.41817E-3
152 6.41838E-3
153 6.41857E-3
154 6.41877E-3
155 6.41897E-3
156 6.41919E-3
157 6.41939E-3
158 6.41962E-3
159 6.41984E-3
160 6.42008E-3
161 6.4203E-3
162 6.42055E-3
163 6.42081E-3
164 6.42105E-3
165 6.42131E-3
166 6.42157E-3
167 6.42184E-3
168 6.42212E-3
169 6.42241E-3
170 6.42269E-3
171 6.42298E-3
172 6.42328E-3
173 6.42359E-3
174 6.42393E-3
175 6.42425E-3
176 6.42457E-3
177 6.42491E-3
178 6.42526E-3
179 6.42563E-3
180 6.42598E-3
181 6.42636E-3
182 6.42674E-3
183 6.42714E-3
184 6.42752E-3
185 6.42794E-3
186 6.42835E-3
187 6.4288E-3
188 6.42921E-3
189 6.42968E-3
190 6.43013E-3
191 6.43062E-3
192 6.43108E-3
193 6.43157E-3
194 6.43207E-3
195 6.43259E-3
196 6.43311E-3
197 6.43366E-3
198 6.43421E-3
199 6.43478E-3
200 6.43536E-3
