1 2.03295E-1
2 2.00968E-1
3 1.9866E-1
4 1.96391E-1
5 1.9417E-1
6 1.92015E-1
7 1.8981E-1
8 1.87566E-1
9 1.85532E-1
10 1.83555E-1
11 1.81531E-1
12 1.79461E-1
13 1.77342E-1
14 1.75174E-1
15 1.73051E-1
16 1.71173E-1
17 1.6927E-1
18 1.67323E-1
19 1.6533E-1
20 1.63373E-1
21 1.61623E-1
22 1.5985E-1
23 1.58034E-1
24 1.56177E-1
25 1.54277E-1
26 1.52461E-1
27 1.50755E-1
28 1.49018E-1
29 1.47336E-1
30 1.45657E-1
31 1.43997E-1
32 1.42382E-1
33 1.40731E-1
34 1.39119E-1
35 1.3752E-1
36 1.35909E-1
37 1.34424E-1
38 1.32931E-1
39 1.31405E-1
40 1.29842E-1
41 1.28317E-1
42 1.26979E-1
43 1.25625E-1
44 1.2424E-1
45 1.22822E-1
46 1.21372E-1
47 1.19888E-1
48 1.18393E-1
49 1.17103E-1
50 1.15843E-1
51 1.14554E-1
52 1.13235E-1
53 1.11885E-1
54 1.10507E-1
55 1.09299E-1
56 1.08181E-1
57 1.07037E-1
58 1.05866E-1
59 1.04668E-1
60 1.03442E-1
61 1.02187E-1
62 1.00904E-1
63 9.96146E-2
64 9.85358E-2
65 9.74932E-2
66 9.64264E-2
67 9.53349E-2
68 9.42178E-2
69 9.30747E-2
70 9.19058E-2
71 9.08E-2
72 8.97816E-2
73 8.87594E-2
74 8.77571E-2
75 8.67454E-2
76 8.57751E-2
77 8.48287E-2
78 8.38602E-2
79 8.28689E-2
80 8.19426E-2
81 8.11076E-2
82 8.02535E-2
83 7.93796E-2
84 7.84853E-2
85 7.75701E-2
86 7.66337E-2
87 7.56754E-2
88 7.46972E-2
89 7.38076E-2
90 7.29709E-2
91 7.2136E-2
92 7.13291E-2
93 7.05145E-2
94 6.97369E-2
95 6.89508E-2
96 6.81464E-2
97 6.73285E-2
98 6.65706E-2
99 6.5821E-2
100 6.50539E-2
101 6.42832E-2
102 6.35507E-2
103 6.28294E-2
104 6.21007E-2
105 6.14069E-2
106 6.07084E-2
107 5.99945E-2
108 5.93066E-2
109 5.86351E-2
110 5.79624E-2
111 5.73106E-2
112 5.66517E-2
113 5.60264E-2
114 5.53969E-2
115 5.4753E-2
116 5.40962E-2
117 5.35104E-2
118 5.29549E-2
119 5.23865E-2
120 5.18049E-2
121 5.12098E-2
122 5.06007E-2
123 4.99774E-2
124 4.93542E-2
125 4.88212E-2
126 4.82965E-2
127 4.77598E-2
128 4.72104E-2
129 4.66483E-2
130 4.60731E-2
131 4.55369E-2
132 4.5066E-2
133 4.45849E-2
134 4.40927E-2
135 4.3589E-2
136 4.30734E-2
137 4.2546E-2
138 4.20089E-2
139 4.1539E-2
140 4.10955E-2
141 4.06416E-2
142 4.01772E-2
143 3.9702E-2
144 3.92156E-2
145 3.87412E-2
146 3.83269E-2
147 3.79078E-2
148 3.74789E-2
149 3.70401E-2
150 3.65911E-2
151 3.61594E-2
152 3.57683E-2
153 3.53691E-2
154 3.49607E-2
155 3.45427E-2
156 3.41324E-2
157 3.37659E-2
158 3.33945E-2
159 3.30143E-2
160 3.26254E-2
161 3.22279E-2
162 3.18621E-2
163 3.15142E-2
164 3.11581E-2
165 3.07937E-2
166 3.04215E-2
167 3.00695E-2
168 2.97263E-2
169 2.93877E-2
170 2.90532E-2
171 2.87295E-2
172 2.8411E-2
173 2.80851E-2
174 2.77515E-2
175 2.74387E-2
176 2.71429E-2
177 2.68403E-2
178 2.65305E-2
179 2.62135E-2
180 2.59026E-2
181 2.56362E-2
182 2.53687E-2
183 2.5095E-2
184 2.48149E-2
185 2.45283E-2
186 2.4235E-2
187 2.39348E-2
188 2.36283E-2
189 2.33607E-2
190 2.31157E-2
191 2.28649E-2
192 2.26083E-2
193 2.23457E-2
194 2.2077E-2
195 2.1802E-2
196 2.15485E-2
197 2.1314E-2
198 2.1074E-2
199 2.08285E-2
200 2.05772E-2
