1 2.03298E-1
2 2.00971E-1
3 1.98662E-1
4 1.96392E-1
5 1.9417E-1
6 1.92015E-1
7 1.8981E-1
8 1.87566E-1
9 1.85532E-1
10 1.83555E-1
11 1.81532E-1
12 1.79462E-1
13 1.77343E-1
14 1.75175E-1
15 1.73053E-1
16 1.71175E-1
17 1.69272E-1
18 1.67324E-1
19 1.65332E-1
20 1.63375E-1
21 1.61625E-1
22 1.59851E-1
23 1.58036E-1
24 1.56179E-1
25 1.54279E-1
26 1.52462E-1
27 1.50756E-1
28 1.49017E-1
29 1.47319E-1
30 1.45643E-1
31 1.43991E-1
32 1.42373E-1
33 1.4072E-1
34 1.39114E-1
35 1.37527E-1
36 1.35927E-1
37 1.34443E-1
38 1.32951E-1
39 1.31424E-1
40 1.29862E-1
41 1.28336E-1
42 1.26996E-1
43 1.25641E-1
44 1.24253E-1
45 1.22834E-1
46 1.21381E-1
47 1.19895E-1
48 1.18398E-1
49 1.17106E-1
50 1.15844E-1
51 1.14553E-1
52 1.13232E-1
53 1.11879E-1
54 1.10499E-1
55 1.09291E-1
56 1.08174E-1
57 1.07031E-1
58 1.05861E-1
59 1.04664E-1
60 1.0344E-1
61 1.02186E-1
62 1.00904E-1
63 9.96159E-2
64 9.85377E-2
65 9.74957E-2
66 9.64295E-2
67 9.53386E-2
68 9.42221E-2
69 9.30796E-2
70 9.19113E-2
71 9.08071E-2
72 8.97788E-2
73 8.8755E-2
74 8.77531E-2
75 8.67418E-2
76 8.57715E-2
77 8.48245E-2
78 8.38556E-2
79 8.28639E-2
80 8.19378E-2
81 8.1104E-2
82 8.02512E-2
83 7.93786E-2
84 7.84856E-2
85 7.75718E-2
86 7.66368E-2
87 7.56799E-2
88 7.47031E-2
89 7.38085E-2
90 7.29692E-2
91 7.21365E-2
92 7.13277E-2
93 7.05113E-2
94 6.97343E-2
95 6.8949E-2
96 6.81456E-2
97 6.73285E-2
98 6.65704E-2
99 6.58203E-2
100 6.50528E-2
101 6.42856E-2
102 6.35515E-2
103 6.28294E-2
104 6.21036E-2
105 6.14105E-2
106 6.07123E-2
107 5.99985E-2
108 5.93068E-2
109 5.86339E-2
110 5.79623E-2
111 5.73097E-2
112 5.66501E-2
113 5.60257E-2
114 5.53974E-2
115 5.47548E-2
116 5.40992E-2
117 5.35135E-2
118 5.29575E-2
119 5.23885E-2
120 5.18062E-2
121 5.12105E-2
122 5.06008E-2
123 4.99768E-2
124 4.9353E-2
125 4.882E-2
126 4.82954E-2
127 4.77588E-2
128 4.72095E-2
129 4.66474E-2
130 4.60723E-2
131 4.55361E-2
132 4.50653E-2
133 4.45842E-2
134 4.4092E-2
135 4.35882E-2
136 4.30727E-2
137 4.25452E-2
138 4.20081E-2
139 4.15385E-2
140 4.10954E-2
141 4.06419E-2
142 4.01779E-2
143 3.97031E-2
144 3.92172E-2
145 3.8743E-2
146 3.83285E-2
147 3.79092E-2
148 3.748E-2
149 3.70409E-2
150 3.65916E-2
151 3.61599E-2
152 3.5769E-2
153 3.537E-2
154 3.49618E-2
155 3.4544E-2
156 3.41339E-2
157 3.37673E-2
158 3.33958E-2
159 3.30156E-2
160 3.26266E-2
161 3.2229E-2
162 3.18632E-2
163 3.15153E-2
164 3.11593E-2
165 3.07948E-2
166 3.04226E-2
167 3.00694E-2
168 2.97262E-2
169 2.93877E-2
170 2.9053E-2
171 2.87292E-2
172 2.84107E-2
173 2.80848E-2
174 2.77513E-2
175 2.74385E-2
176 2.71427E-2
177 2.68401E-2
178 2.65303E-2
179 2.62133E-2
180 2.59024E-2
181 2.5636E-2
182 2.53686E-2
183 2.50948E-2
184 2.48147E-2
185 2.45281E-2
186 2.42348E-2
187 2.39347E-2
188 2.36282E-2
189 2.33606E-2
190 2.31156E-2
191 2.28648E-2
192 2.26082E-2
193 2.23456E-2
194 2.20769E-2
195 2.1802E-2
196 2.15485E-2
197 2.13141E-2
198 2.10742E-2
199 2.08287E-2
200 2.05775E-2
