1 2.03298E-1
2 2.00971E-1
3 1.98662E-1
4 1.96392E-1
5 1.9417E-1
6 1.92015E-1
7 1.8981E-1
8 1.87566E-1
9 1.85532E-1
10 1.83555E-1
11 1.81532E-1
12 1.79462E-1
13 1.77343E-1
14 1.75176E-1
15 1.73053E-1
16 1.71174E-1
17 1.69272E-1
18 1.67324E-1
19 1.65332E-1
20 1.63375E-1
21 1.61625E-1
22 1.59852E-1
23 1.58037E-1
24 1.56181E-1
25 1.54281E-1
26 1.52464E-1
27 1.50756E-1
28 1.49016E-1
29 1.47314E-1
30 1.45639E-1
31 1.43989E-1
32 1.42372E-1
33 1.40718E-1
34 1.39113E-1
35 1.37528E-1
36 1.35931E-1
37 1.34447E-1
38 1.32955E-1
39 1.31429E-1
40 1.29866E-1
41 1.2834E-1
42 1.27E-1
43 1.25644E-1
44 1.24257E-1
45 1.22837E-1
46 1.21384E-1
47 1.19897E-1
48 1.184E-1
49 1.17107E-1
50 1.15845E-1
51 1.14553E-1
52 1.13231E-1
53 1.11878E-1
54 1.10497E-1
55 1.09289E-1
56 1.08173E-1
57 1.0703E-1
58 1.0586E-1
59 1.04664E-1
60 1.03439E-1
61 1.02186E-1
62 1.00904E-1
63 9.96165E-2
64 9.85385E-2
65 9.74966E-2
66 9.64306E-2
67 9.53398E-2
68 9.42234E-2
69 9.30811E-2
70 9.19129E-2
71 9.0809E-2
72 8.97781E-2
73 8.87538E-2
74 8.77521E-2
75 8.67409E-2
76 8.57705E-2
77 8.48233E-2
78 8.3854E-2
79 8.2862E-2
80 8.1936E-2
81 8.11025E-2
82 8.02501E-2
83 7.9378E-2
84 7.84854E-2
85 7.7572E-2
86 7.66375E-2
87 7.5681E-2
88 7.47047E-2
89 7.38089E-2
90 7.29688E-2
91 7.21368E-2
92 7.13271E-2
93 7.051E-2
94 6.97331E-2
95 6.89483E-2
96 6.81454E-2
97 6.73287E-2
98 6.65707E-2
99 6.58204E-2
100 6.50526E-2
101 6.42865E-2
102 6.35517E-2
103 6.28294E-2
104 6.21045E-2
105 6.14117E-2
106 6.07134E-2
107 5.99997E-2
108 5.9307E-2
109 5.86335E-2
110 5.79625E-2
111 5.73094E-2
112 5.66494E-2
113 5.60253E-2
114 5.53975E-2
115 5.47552E-2
116 5.41001E-2
117 5.35144E-2
118 5.29582E-2
119 5.2389E-2
120 5.18065E-2
121 5.12106E-2
122 5.06007E-2
123 4.99765E-2
124 4.93525E-2
125 4.88195E-2
126 4.8295E-2
127 4.77584E-2
128 4.72091E-2
129 4.66471E-2
130 4.60721E-2
131 4.5536E-2
132 4.50651E-2
133 4.4584E-2
134 4.40917E-2
135 4.35879E-2
136 4.30724E-2
137 4.25449E-2
138 4.20078E-2
139 4.15383E-2
140 4.10953E-2
141 4.0642E-2
142 4.0178E-2
143 3.97034E-2
144 3.92176E-2
145 3.87436E-2
146 3.8329E-2
147 3.79096E-2
148 3.74804E-2
149 3.70413E-2
150 3.65919E-2
151 3.61601E-2
152 3.57693E-2
153 3.53704E-2
154 3.49622E-2
155 3.45445E-2
156 3.41344E-2
157 3.37678E-2
158 3.33963E-2
159 3.30161E-2
160 3.2627E-2
161 3.22294E-2
162 3.18636E-2
163 3.15157E-2
164 3.11596E-2
165 3.07952E-2
166 3.04229E-2
167 3.00694E-2
168 2.97262E-2
169 2.93878E-2
170 2.90529E-2
171 2.87291E-2
172 2.84106E-2
173 2.80847E-2
174 2.77512E-2
175 2.74385E-2
176 2.71426E-2
177 2.684E-2
178 2.65302E-2
179 2.62132E-2
180 2.59023E-2
181 2.5636E-2
182 2.53685E-2
183 2.50948E-2
184 2.48147E-2
185 2.45281E-2
186 2.42348E-2
187 2.39346E-2
188 2.36281E-2
189 2.33606E-2
190 2.31156E-2
191 2.28648E-2
192 2.26082E-2
193 2.23457E-2
194 2.2077E-2
195 2.1802E-2
196 2.15486E-2
197 2.13142E-2
198 2.10743E-2
199 2.08289E-2
200 2.05777E-2
