1 2.03297E-1
2 2.0097E-1
3 1.98661E-1
4 1.96392E-1
5 1.9417E-1
6 1.92015E-1
7 1.8981E-1
8 1.87566E-1
9 1.85532E-1
10 1.83555E-1
11 1.81531E-1
12 1.79461E-1
13 1.77343E-1
14 1.75175E-1
15 1.73053E-1
16 1.71174E-1
17 1.69272E-1
18 1.67324E-1
19 1.65332E-1
20 1.63375E-1
21 1.61625E-1
22 1.59851E-1
23 1.58035E-1
24 1.56178E-1
25 1.54277E-1
26 1.52461E-1
27 1.50756E-1
28 1.49018E-1
29 1.47326E-1
30 1.45648E-1
31 1.43993E-1
32 1.42377E-1
33 1.40724E-1
34 1.39116E-1
35 1.37524E-1
36 1.35921E-1
37 1.34436E-1
38 1.32944E-1
39 1.31417E-1
40 1.29855E-1
41 1.28329E-1
42 1.2699E-1
43 1.25635E-1
44 1.24248E-1
45 1.2283E-1
46 1.21378E-1
47 1.19892E-1
48 1.18396E-1
49 1.17105E-1
50 1.15844E-1
51 1.14553E-1
52 1.13233E-1
53 1.11881E-1
54 1.10502E-1
55 1.09294E-1
56 1.08177E-1
57 1.07033E-1
58 1.05863E-1
59 1.04666E-1
60 1.0344E-1
61 1.02187E-1
62 1.00904E-1
63 9.96152E-2
64 9.85367E-2
65 9.74945E-2
66 9.64281E-2
67 9.5337E-2
68 9.42202E-2
69 9.30776E-2
70 9.1909E-2
71 9.08043E-2
72 8.97798E-2
73 8.87567E-2
74 8.77547E-2
75 8.67432E-2
76 8.57729E-2
77 8.48263E-2
78 8.38576E-2
79 8.28662E-2
80 8.19401E-2
81 8.11057E-2
82 8.02524E-2
83 7.93793E-2
84 7.84857E-2
85 7.75713E-2
86 7.66357E-2
87 7.56782E-2
88 7.47008E-2
89 7.3808E-2
90 7.29699E-2
91 7.21361E-2
92 7.13283E-2
93 7.05129E-2
94 6.97355E-2
95 6.89498E-2
96 6.81459E-2
97 6.73283E-2
98 6.65703E-2
99 6.58204E-2
100 6.50531E-2
101 6.42845E-2
102 6.35512E-2
103 6.28294E-2
104 6.21024E-2
105 6.1409E-2
106 6.07107E-2
107 5.99969E-2
108 5.93067E-2
109 5.86344E-2
110 5.79622E-2
111 5.73101E-2
112 5.66508E-2
113 5.60261E-2
114 5.53973E-2
115 5.47541E-2
116 5.4098E-2
117 5.35122E-2
118 5.29565E-2
119 5.23877E-2
120 5.18057E-2
121 5.12103E-2
122 5.06008E-2
123 4.99772E-2
124 4.93536E-2
125 4.88206E-2
126 4.8296E-2
127 4.77592E-2
128 4.72099E-2
129 4.66478E-2
130 4.60727E-2
131 4.55364E-2
132 4.50656E-2
133 4.45845E-2
134 4.40923E-2
135 4.35885E-2
136 4.3073E-2
137 4.25456E-2
138 4.20085E-2
139 4.15388E-2
140 4.10955E-2
141 4.06418E-2
142 4.01776E-2
143 3.97026E-2
144 3.92165E-2
145 3.87423E-2
146 3.83278E-2
147 3.79086E-2
148 3.74795E-2
149 3.70405E-2
150 3.65913E-2
151 3.61596E-2
152 3.57687E-2
153 3.53696E-2
154 3.49613E-2
155 3.45435E-2
156 3.41333E-2
157 3.37667E-2
158 3.33953E-2
159 3.30151E-2
160 3.26261E-2
161 3.22286E-2
162 3.18628E-2
163 3.15149E-2
164 3.11588E-2
165 3.07944E-2
166 3.04221E-2
167 3.00695E-2
168 2.97263E-2
169 2.93877E-2
170 2.90531E-2
171 2.87293E-2
172 2.84109E-2
173 2.80849E-2
174 2.77514E-2
175 2.74386E-2
176 2.71428E-2
177 2.68402E-2
178 2.65304E-2
179 2.62134E-2
180 2.59025E-2
181 2.56361E-2
182 2.53687E-2
183 2.50949E-2
184 2.48148E-2
185 2.45282E-2
186 2.42349E-2
187 2.39347E-2
188 2.36282E-2
189 2.33607E-2
190 2.31156E-2
191 2.28649E-2
192 2.26082E-2
193 2.23456E-2
194 2.20769E-2
195 2.1802E-2
196 2.15485E-2
197 2.1314E-2
198 2.10741E-2
199 2.08286E-2
200 2.05773E-2
