1 2.03298E-1
2 2.00972E-1
3 1.98663E-1
4 1.96392E-1
5 1.9417E-1
6 1.92015E-1
7 1.8981E-1
8 1.87567E-1
9 1.85532E-1
10 1.83555E-1
11 1.81532E-1
12 1.79462E-1
13 1.77344E-1
14 1.75176E-1
15 1.73053E-1
16 1.71174E-1
17 1.69271E-1
18 1.67324E-1
19 1.65331E-1
20 1.63375E-1
21 1.61625E-1
22 1.59853E-1
23 1.58038E-1
24 1.56182E-1
25 1.54283E-1
26 1.52466E-1
27 1.50757E-1
28 1.49015E-1
29 1.4731E-1
30 1.45637E-1
31 1.43988E-1
32 1.4237E-1
33 1.40716E-1
34 1.39112E-1
35 1.37529E-1
36 1.35934E-1
37 1.3445E-1
38 1.32958E-1
39 1.31431E-1
40 1.29869E-1
41 1.28343E-1
42 1.27003E-1
43 1.25646E-1
44 1.24258E-1
45 1.22838E-1
46 1.21385E-1
47 1.19898E-1
48 1.18401E-1
49 1.17108E-1
50 1.15845E-1
51 1.14553E-1
52 1.13231E-1
53 1.11878E-1
54 1.10497E-1
55 1.09288E-1
56 1.08172E-1
57 1.07029E-1
58 1.0586E-1
59 1.04664E-1
60 1.03439E-1
61 1.02186E-1
62 1.00905E-1
63 9.96169E-2
64 9.8539E-2
65 9.74972E-2
66 9.64313E-2
67 9.53406E-2
68 9.42243E-2
69 9.30821E-2
70 9.19141E-2
71 9.08103E-2
72 8.97776E-2
73 8.8753E-2
74 8.77513E-2
75 8.67403E-2
76 8.57698E-2
77 8.48223E-2
78 8.38528E-2
79 8.28606E-2
80 8.19345E-2
81 8.11014E-2
82 8.02493E-2
83 7.93775E-2
84 7.84852E-2
85 7.75722E-2
86 7.6638E-2
87 7.56819E-2
88 7.47059E-2
89 7.38093E-2
90 7.29685E-2
91 7.21371E-2
92 7.13266E-2
93 7.05088E-2
94 6.97322E-2
95 6.89478E-2
96 6.81452E-2
97 6.7329E-2
98 6.65709E-2
99 6.58205E-2
100 6.50526E-2
101 6.42872E-2
102 6.35519E-2
103 6.28294E-2
104 6.21052E-2
105 6.14125E-2
106 6.07143E-2
107 6.00007E-2
108 5.93071E-2
109 5.86331E-2
110 5.79626E-2
111 5.73092E-2
112 5.66488E-2
113 5.60249E-2
114 5.53975E-2
115 5.47556E-2
116 5.41009E-2
117 5.35151E-2
118 5.29588E-2
119 5.23894E-2
120 5.18067E-2
121 5.12106E-2
122 5.06005E-2
123 4.99761E-2
124 4.93519E-2
125 4.8819E-2
126 4.82945E-2
127 4.7758E-2
128 4.72088E-2
129 4.66469E-2
130 4.6072E-2
131 4.55358E-2
132 4.50649E-2
133 4.45838E-2
134 4.40915E-2
135 4.35877E-2
136 4.30721E-2
137 4.25446E-2
138 4.20075E-2
139 4.15381E-2
140 4.10952E-2
141 4.0642E-2
142 4.01782E-2
143 3.97037E-2
144 3.9218E-2
145 3.87441E-2
146 3.83295E-2
147 3.791E-2
148 3.74808E-2
149 3.70416E-2
150 3.65922E-2
151 3.61604E-2
152 3.57696E-2
153 3.53707E-2
154 3.49625E-2
155 3.45449E-2
156 3.41348E-2
157 3.37682E-2
158 3.33966E-2
159 3.30164E-2
160 3.26274E-2
161 3.22297E-2
162 3.18639E-2
163 3.1516E-2
164 3.11599E-2
165 3.07955E-2
166 3.04232E-2
167 3.00694E-2
168 2.97262E-2
169 2.93878E-2
170 2.90528E-2
171 2.8729E-2
172 2.84105E-2
173 2.80847E-2
174 2.77512E-2
175 2.74384E-2
176 2.71426E-2
177 2.68399E-2
178 2.65301E-2
179 2.62132E-2
180 2.59022E-2
181 2.56359E-2
182 2.53684E-2
183 2.50947E-2
184 2.48146E-2
185 2.4528E-2
186 2.42348E-2
187 2.39346E-2
188 2.36281E-2
189 2.33606E-2
190 2.31156E-2
191 2.28649E-2
192 2.26083E-2
193 2.23457E-2
194 2.2077E-2
195 2.18021E-2
196 2.15487E-2
197 2.13143E-2
198 2.10745E-2
199 2.08291E-2
200 2.05779E-2
