1 4.108020e-01
2 4.072230e-01
3 4.035620e-01
4 3.998160e-01
5 3.959810e-01
6 3.920580e-01
7 3.880430e-01
8 3.839340e-01
9 3.797300e-01
10 3.754290e-01
11 3.710260e-01
12 3.665210e-01
13 3.619120e-01
14 3.571950e-01
15 3.523680e-01
16 3.474290e-01
17 3.423740e-01
18 3.373630e-01
19 3.338080e-01
20 3.305690e-01
21 3.272550e-01
22 3.238640e-01
23 3.203930e-01
24 3.168410e-01
25 3.132080e-01
26 3.094890e-01
27 3.056830e-01
28 3.017900e-01
29 2.978050e-01
30 2.937270e-01
31 2.901770e-01
32 2.874670e-01
33 2.847030e-01
34 2.818750e-01
35 2.789810e-01
36 2.760190e-01
37 2.729890e-01
38 2.698880e-01
39 2.667140e-01
40 2.634670e-01
41 2.601440e-01
42 2.567430e-01
43 2.532640e-01
44 2.497060e-01
45 2.467700e-01
46 2.443170e-01
47 2.418080e-01
48 2.392400e-01
49 2.366120e-01
50 2.339230e-01
51 2.311710e-01
52 2.283550e-01
53 2.254740e-01
54 2.225260e-01
55 2.197030e-01
56 2.176460e-01
57 2.156360e-01
58 2.135780e-01
59 2.114720e-01
60 2.093170e-01
61 2.071120e-01
62 2.048550e-01
63 2.025460e-01
64 2.001840e-01
65 1.977660e-01
66 1.952910e-01
67 1.927600e-01
68 1.901690e-01
69 1.875180e-01
70 1.848110e-01
71 1.827590e-01
72 1.811510e-01
73 1.795050e-01
74 1.778210e-01
75 1.760980e-01
76 1.743350e-01
77 1.725300e-01
78 1.706840e-01
79 1.687950e-01
80 1.668610e-01
81 1.648830e-01
82 1.628580e-01
83 1.607870e-01
84 1.586660e-01
85 1.564970e-01
86 1.542770e-01
87 1.520050e-01
88 1.497970e-01
89 1.482550e-01
90 1.468020e-01
91 1.453150e-01
92 1.437930e-01
93 1.422360e-01
94 1.406430e-01
95 1.390120e-01
96 1.373430e-01
97 1.356360e-01
98 1.338890e-01
99 1.321000e-01
100 1.302710e-01
101 1.287810e-01
102 1.276430e-01
103 1.264790e-01
104 1.252880e-01
105 1.240680e-01
106 1.228210e-01
107 1.215440e-01
108 1.202370e-01
109 1.189000e-01
110 1.175330e-01
111 1.161330e-01
112 1.147000e-01
113 1.132340e-01
114 1.117340e-01
115 1.101990e-01
116 1.086290e-01
117 1.070210e-01
118 1.054270e-01
119 1.042960e-01
120 1.032640e-01
121 1.022090e-01
122 1.011290e-01
123 1.000240e-01
124 9.889320e-02
125 9.773620e-02
126 9.655200e-02
127 9.534020e-02
128 9.410040e-02
129 9.283160e-02
130 9.153310e-02
131 9.040050e-02
132 8.953270e-02
133 8.864740e-02
134 8.774150e-02
135 8.681450e-02
136 8.586570e-02
137 8.489510e-02
138 8.390180e-02
139 8.288520e-02
140 8.184510e-02
141 8.078070e-02
142 7.969140e-02
143 7.857690e-02
144 7.743740e-02
145 7.649460e-02
146 7.570490e-02
147 7.489680e-02
148 7.406980e-02
149 7.322360e-02
150 7.235770e-02
151 7.147160e-02
152 7.056480e-02
153 6.963700e-02
154 6.868760e-02
155 6.777780e-02
156 6.711120e-02
157 6.645880e-02
158 6.579110e-02
159 6.510780e-02
160 6.440880e-02
161 6.369330e-02
162 6.296120e-02
163 6.221210e-02
164 6.144550e-02
165 6.066100e-02
166 5.985830e-02
167 5.903690e-02
168 5.819630e-02
169 5.733620e-02
170 5.645800e-02
171 5.578950e-02
172 5.526330e-02
173 5.472480e-02
174 5.417360e-02
175 5.360970e-02
176 5.303270e-02
177 5.244220e-02
178 5.183790e-02
179 5.121960e-02
180 5.058690e-02
181 4.993930e-02
182 4.927690e-02
183 4.859890e-02
184 4.790500e-02
185 4.719520e-02
186 4.646870e-02
187 4.572520e-02
188 4.500170e-02
189 4.449230e-02
190 4.401090e-02
191 4.351830e-02
192 4.301410e-02
193 4.249820e-02
194 4.197040e-02
195 4.143020e-02
196 4.087740e-02
197 4.031180e-02
198 3.973300e-02
199 3.914060e-02
200 3.853460e-02
