1 7.036500e+01
2 6.284200e+01
3 5.618410e+01
4 5.016150e+01
5 4.492070e+01
6 4.019470e+01
7 3.597200e+01
8 3.222960e+01
9 2.894090e+01
10 2.602080e+01
11 2.342970e+01
12 2.114450e+01
13 1.911760e+01
14 1.736360e+01
15 1.578150e+01
16 1.438490e+01
17 1.312990e+01
18 1.202030e+01
19 1.105290e+01
20 1.013690e+01
21 9.275490e+00
22 8.519050e+00
23 7.786210e+00
24 7.152770e+00
25 6.587670e+00
26 6.080990e+00
27 5.655400e+00
28 5.301400e+00
29 4.985200e+00
30 4.713480e+00
31 4.478130e+00
32 4.266710e+00
33 4.088730e+00
34 3.932420e+00
35 3.800020e+00
36 3.701180e+00
37 3.633420e+00
38 3.579530e+00
39 3.536230e+00
40 3.500720e+00
