1 1 6.694860e-01
1 2 2.503970e-01
1 3 3.242190e-01
1 4 3.869380e-01
1 5 4.822090e-01
1 6 5.898980e-01
1 7 7.126420e-01
1 8 8.588390e-01
1 9 1.013660e+00
1 10 1.190050e+00
1 11 1.361310e+00
1 12 1.523840e+00
1 13 1.676970e+00
1 14 1.744600e+00
1 15 1.688150e+00
1 16 1.608580e+00
1 17 1.403250e+00
1 18 1.112520e+00
1 19 7.950340e-01
1 20 5.200510e-01
1 21 3.340480e-01
1 22 2.674690e-01
1 23 3.118700e-01
1 24 4.448410e-01
1 25 6.380330e-01
1 26 8.329100e-01
1 27 9.075850e-01
1 28 7.385070e-01
1 29 4.504590e-01
1 30 2.459110e-01
1 31 1.187660e-01
1 32 5.787090e-02
1 33 1.512510e-02
1 34 2.599610e-03
1 35 3.683860e-04
1 36 4.401070e-05
1 37 1.836010e-06
1 38 3.608450e-08
1 39 0.000000e+00
1 40 0.000000e+00
2 1 5.259710e-01
2 2 2.204380e-01
2 3 2.928180e-01
2 4 3.494680e-01
2 5 4.356800e-01
2 6 5.332690e-01
2 7 6.437350e-01
2 8 7.755500e-01
2 9 9.160040e-01
2 10 1.075110e+00
2 11 1.230740e+00
2 12 1.377110e+00
2 13 1.516730e+00
2 14 1.584480e+00
2 15 1.534820e+00
2 16 1.464400e+00
2 17 1.277300e+00
2 18 1.016640e+00
2 19 7.289330e-01
2 20 4.773900e-01
2 21 3.059870e-01
2 22 2.424490e-01
2 23 2.798010e-01
2 24 3.975830e-01
2 25 5.697980e-01
2 26 7.438310e-01
2 27 8.107450e-01
2 28 6.600190e-01
2 29 4.026140e-01
2 30 2.197370e-01
2 31 1.061020e-01
2 32 5.167900e-02
2 33 1.351250e-02
2 34 2.322350e-03
2 35 3.289490e-04
2 36 3.929850e-05
2 37 1.704180e-06
2 38 3.221700e-08
2 39 0.000000e+00
2 40 0.000000e+00
3 1 4.094330e-01
3 2 1.757690e-01
3 3 2.581850e-01
3 4 3.166850e-01
3 5 3.947960e-01
3 6 4.836630e-01
3 7 5.839120e-01
3 8 7.027260e-01
3 9 8.312530e-01
3 10 9.754790e-01
3 11 1.117700e+00
3 12 1.249910e+00
3 13 1.371510e+00
3 14 1.438150e+00
3 15 1.402050e+00
3 16 1.340760e+00
3 17 1.169690e+00
3 18 9.353300e-01
3 19 6.733410e-01
3 20 4.416070e-01
3 21 2.823750e-01
3 22 2.208840e-01
3 23 2.516070e-01
3 24 3.557620e-01
3 25 5.093380e-01
3 26 6.648970e-01
3 27 7.249670e-01
3 28 5.905420e-01
3 29 3.602680e-01
3 30 1.965640e-01
3 31 9.488670e-02
3 32 4.619190e-02
3 33 1.208440e-02
3 34 2.076790e-03
3 35 2.939990e-04
3 36 3.512170e-05
3 37 1.560220e-06
3 38 2.879010e-08
3 39 0.000000e+00
3 40 0.000000e+00
4 1 3.149860e-01
4 2 1.361130e-01
4 3 2.052080e-01
4 4 2.795340e-01
4 5 3.582640e-01
4 6 4.389890e-01
4 7 5.305720e-01
4 8 6.377460e-01
4 9 7.556800e-01
4 10 8.877150e-01
4 11 1.018030e+00
4 12 1.138660e+00
4 13 1.236600e+00
4 14 1.297480e+00
4 15 1.283390e+00
4 16 1.232490e+00
4 17 1.076230e+00
4 18 8.652400e-01
4 19 6.258780e-01
4 20 4.111360e-01
4 21 2.622240e-01
4 22 2.019770e-01
4 23 2.263350e-01
4 24 3.180100e-01
4 25 4.546830e-01
4 26 5.935350e-01
4 27 6.474460e-01
4 28 5.277910e-01
4 29 3.220250e-01
4 30 1.756290e-01
4 31 8.475170e-02
4 32 4.123080e-02
4 33 1.079390e-02
4 34 1.854870e-03
4 35 2.623960e-04
4 36 3.134370e-05
4 37 1.392370e-06
4 38 2.568920e-08
4 39 0.000000e+00
4 40 0.000000e+00
5 1 2.478130e-01
5 2 1.064810e-01
5 3 1.597190e-01
5 4 2.225720e-01
5 5 3.179730e-01
5 6 4.013820e-01
5 7 4.858550e-01
5 8 5.842830e-01
5 9 6.920330e-01
5 10 8.137880e-01
5 11 9.340120e-01
5 12 1.045950e+00
5 13 1.130810e+00
5 14 1.186410e+00
5 15 1.185140e+00
5 16 1.143070e+00
5 17 9.999630e-01
5 18 8.088120e-01
5 19 5.883840e-01
5 20 3.873220e-01
5 21 2.463670e-01
5 22 1.863470e-01
5 23 2.046300e-01
5 24 2.851970e-01
5 25 4.070650e-01
5 26 5.313520e-01
5 27 5.799340e-01
5 28 4.732010e-01
5 29 2.887620e-01
5 30 1.574120e-01
5 31 7.592780e-02
5 32 3.690740e-02
5 33 9.670290e-03
5 34 1.661650e-03
5 35 2.348540e-04
5 36 2.805040e-05
5 37 1.245990e-06
5 38 2.298610e-08
5 39 0.000000e+00
5 40 0.000000e+00
6 1 1.919480e-01
6 2 8.200100e-02
6 3 1.236500e-01
6 4 1.720820e-01
6 5 2.521240e-01
6 6 3.571490e-01
6 7 4.470160e-01
6 8 5.391380e-01
6 9 6.379130e-01
6 10 7.504270e-01
6 11 8.614220e-01
6 12 9.662420e-01
6 13 1.047640e+00
6 14 1.102030e+00
6 15 1.103650e+00
6 16 1.067450e+00
6 17 9.369540e-01
6 18 7.629770e-01
6 19 5.587560e-01
6 20 3.689860e-01
6 21 2.340160e-01
6 22 1.732750e-01
6 23 1.855090e-01
6 24 2.558380e-01
6 25 3.643230e-01
6 26 4.755220e-01
6 27 5.193580e-01
6 28 4.242820e-01
6 29 2.589630e-01
6 30 1.410810e-01
6 31 6.801350e-02
6 32 3.302550e-02
6 33 8.662570e-03
6 34 1.488310e-03
6 35 2.101230e-04
6 36 2.509240e-05
6 37 1.114520e-06
6 38 2.055760e-08
6 39 0.000000e+00
6 40 0.000000e+00
7 1 1.425820e-01
7 2 6.080670e-02
7 3 9.271710e-02
7 4 1.307840e-01
7 5 1.926040e-01
7 6 2.820140e-01
7 7 3.996030e-01
7 8 4.992030e-01
7 9 5.909950e-01
7 10 6.956280e-01
7 11 7.996720e-01
7 12 9.010840e-01
7 13 9.779870e-01
7 14 1.029570e+00
7 15 1.035450e+00
7 16 1.004120e+00
7 17 8.863250e-01
7 18 7.271000e-01
7 19 5.368830e-01
7 20 3.560820e-01
7 21 2.251970e-01
7 22 1.627610e-01
7 23 1.688890e-01
7 24 2.297690e-01
7 25 3.261920e-01
7 26 4.257020e-01
7 27 4.653400e-01
7 28 3.807310e-01
7 29 2.324460e-01
7 30 1.265380e-01
7 31 6.096090e-02
7 32 2.956170e-02
7 33 7.764540e-03
7 34 1.333830e-03
7 35 1.880520e-04
7 36 2.245220e-05
7 37 9.971940e-07
7 38 1.839010e-08
7 39 0.000000e+00
7 40 0.000000e+00
8 1 1.065230e-01
8 2 4.544430e-02
8 3 6.937300e-02
8 4 9.817240e-02
8 5 1.455160e-01
8 6 2.136130e-01
8 7 3.136020e-01
8 8 4.489560e-01
8 9 5.526600e-01
8 10 6.508510e-01
8 11 7.487850e-01
8 12 8.461120e-01
8 13 9.222440e-01
8 14 9.720990e-01
8 15 9.819160e-01
8 16 9.536140e-01
8 17 8.495200e-01
8 18 7.020990e-01
8 19 5.233090e-01
8 20 3.493120e-01
8 21 2.202720e-01
8 22 1.549670e-01
8 23 1.547830e-01
8 24 2.068440e-01
8 25 2.924050e-01
8 26 3.815300e-01
8 27 4.175090e-01
8 28 3.422370e-01
8 29 2.090260e-01
8 30 1.136800e-01
8 31 5.471890e-02
8 32 2.649050e-02
8 33 6.969770e-03
8 34 1.197100e-03
8 35 1.684810e-04
8 36 2.011780e-05
8 37 8.930910e-07
8 38 1.646640e-08
8 39 0.000000e+00
8 40 0.000000e+00
9 1 8.290300e-02
9 2 3.464890e-02
9 3 5.219220e-02
9 4 7.336690e-02
9 5 1.090460e-01
9 6 1.610060e-01
9 7 2.366810e-01
9 8 3.514350e-01
9 9 5.002800e-01
9 10 6.160120e-01
9 11 7.106990e-01
9 12 8.004130e-01
9 13 8.789830e-01
9 14 9.291730e-01
9 15 9.431850e-01
9 16 9.167020e-01
9 17 8.272900e-01
9 18 6.887890e-01
9 19 5.187130e-01
9 20 3.495180e-01
9 21 2.197760e-01
9 22 1.501440e-01
9 23 1.432170e-01
9 24 1.868970e-01
9 25 2.626410e-01
9 26 3.425640e-01
9 27 3.753800e-01
9 28 3.084020e-01
9 29 1.884660e-01
9 30 1.023750e-01
9 31 4.922310e-02
9 32 2.377970e-02
9 33 6.269940e-03
9 34 1.076680e-03
9 35 1.512060e-04
9 36 1.806510e-05
9 37 8.010910e-07
9 38 1.476590e-08
9 39 0.000000e+00
9 40 0.000000e+00
10 1 6.073100e-02
10 2 2.547130e-02
10 3 3.839310e-02
10 4 5.407420e-02
10 5 8.032000e-02
10 6 1.187790e-01
10 7 1.755710e-01
10 8 2.614220e-01
10 9 3.890780e-01
10 10 5.615330e-01
10 11 6.801760e-01
10 12 7.683870e-01
10 13 8.462340e-01
10 14 8.993630e-01
10 15 9.166600e-01
10 16 8.946740e-01
10 17 8.184250e-01
10 18 6.866640e-01
10 19 5.228160e-01
10 20 3.567090e-01
10 21 2.238270e-01
10 22 1.483590e-01
10 23 1.341160e-01
10 24 1.695330e-01
10 25 2.363110e-01
10 26 3.080370e-01
10 27 3.381240e-01
10 28 2.785690e-01
10 29 1.703760e-01
10 30 9.241020e-02
10 31 4.437040e-02
10 32 2.137840e-02
10 33 5.651950e-03
10 34 9.703230e-04
10 35 1.359020e-04
10 36 1.623380e-05
10 37 7.195330e-07
10 38 1.325770e-08
10 39 0.000000e+00
10 40 0.000000e+00
11 1 4.301430e-02
11 2 1.801790e-02
11 3 2.714790e-02
11 4 3.832300e-02
11 5 5.712820e-02
11 6 8.491680e-02
11 7 1.263460e-01
11 8 1.898390e-01
11 9 2.845060e-01
11 10 4.326390e-01
11 11 6.251410e-01
11 12 7.483710e-01
11 13 8.250870e-01
11 14 8.845840e-01
11 15 9.049350e-01
11 16 8.872790e-01
11 17 8.236200e-01
11 18 6.964740e-01
11 19 5.366070e-01
11 20 3.720550e-01
11 21 2.334560e-01
11 22 1.502030e-01
11 23 1.277370e-01
11 24 1.548030e-01
11 25 2.133310e-01
11 26 2.778070e-01
11 27 3.055940e-01
11 28 2.526630e-01
11 29 1.546980e-01
11 30 8.375360e-02
11 31 4.014470e-02
11 32 1.927770e-02
11 33 5.113780e-03
11 34 8.776600e-04
11 35 1.225140e-04
11 36 1.462540e-05
11 37 6.480990e-07
11 38 1.193550e-08
11 39 0.000000e+00
11 40 0.000000e+00
12 1 3.169120e-02
12 2 1.330170e-02
12 3 1.994140e-02
12 4 2.777140e-02
12 5 4.084550e-02
12 6 6.020650e-02
12 7 8.957500e-02
12 8 1.353800e-01
12 9 2.039640e-01
12 10 3.119190e-01
12 11 4.783940e-01
12 12 6.956650e-01
12 13 8.179120e-01
12 14 8.815350e-01
12 15 9.095440e-01
12 16 8.962870e-01
12 17 8.404000e-01
12 18 7.207750e-01
12 19 5.635360e-01
12 20 3.969370e-01
12 21 2.507230e-01
12 22 1.568820e-01
12 23 1.243310e-01
12 24 1.424800e-01
12 25 1.931010e-01
12 26 2.510030e-01
12 27 2.768090e-01
12 28 2.299000e-01
12 29 1.409470e-01
12 30 7.613880e-02
12 31 3.641770e-02
12 32 1.741200e-02
12 33 4.638740e-03
12 34 7.958090e-04
12 35 1.106310e-04
12 36 1.319580e-05
12 37 5.850670e-07
12 38 1.075810e-08
12 39 0.000000e+00
12 40 0.000000e+00
13 1 2.011660e-02
13 2 8.497190e-03
13 3 1.282660e-02
13 4 1.799410e-02
13 5 2.669400e-02
13 6 3.962540e-02
13 7 5.930150e-02
13 8 9.059450e-02
13 9 1.392730e-01
13 10 2.167680e-01
13 11 3.368220e-01
13 12 5.269630e-01
13 13 7.748820e-01
13 14 8.981380e-01
13 15 9.343750e-01
13 16 9.255460e-01
13 17 8.711990e-01
13 18 7.628160e-01
13 19 6.067930e-01
13 20 4.329130e-01
13 21 2.768070e-01
13 22 1.693860e-01
13 23 1.244250e-01
13 24 1.330100e-01
13 25 1.759980e-01
13 26 2.281170e-01
13 27 2.523450e-01
13 28 2.108270e-01
13 29 1.294780e-01
13 30 6.975220e-02
13 31 3.328010e-02
13 32 1.582410e-02
13 33 4.239000e-03
13 34 7.267810e-04
13 35 1.005290e-04
13 36 1.200660e-05
13 37 5.440210e-07
13 38 9.752690e-09
13 39 0.000000e+00
13 40 0.000000e+00
14 1 1.444120e-02
14 2 6.107090e-03
14 3 9.218580e-03
14 4 1.294520e-02
14 5 1.912700e-02
14 6 2.826370e-02
14 7 4.198860e-02
14 8 6.325090e-02
14 9 9.581620e-02
14 10 1.484740e-01
14 11 2.323120e-01
14 12 3.673620e-01
14 13 5.817280e-01
14 14 8.607820e-01
14 15 9.775240e-01
14 16 9.755900e-01
14 17 9.215500e-01
14 18 8.246480e-01
14 19 6.683620e-01
14 20 4.876580e-01
14 21 3.157990e-01
14 22 1.901580e-01
14 23 1.292370e-01
14 24 1.261420e-01
14 25 1.609100e-01
14 26 2.074170e-01
14 27 2.301890e-01
14 28 1.937280e-01
14 29 1.192690e-01
14 30 6.402850e-02
14 31 3.045730e-02
14 32 1.437620e-02
14 33 3.878440e-03
14 34 6.643900e-04
14 35 9.133070e-05
14 36 1.092970e-05
14 37 5.139710e-07
14 38 8.831100e-09
14 39 0.000000e+00
14 40 0.000000e+00
15 1 9.191150e-03
15 2 3.881780e-03
15 3 5.871940e-03
15 4 8.264190e-03
15 5 1.227840e-02
15 6 1.821050e-02
15 7 2.712810e-02
15 8 4.111550e-02
15 9 6.271360e-02
15 10 9.765390e-02
15 11 1.528120e-01
15 12 2.423610e-01
15 13 3.901070e-01
15 14 6.351190e-01
15 15 9.503580e-01
15 16 1.052270e+00
15 17 1.003340e+00
15 18 9.076260e-01
15 19 7.525120e-01
15 20 5.618100e-01
15 21 3.706960e-01
15 22 2.220410e-01
15 23 1.405500e-01
15 24 1.230960e-01
15 25 1.487470e-01
15 26 1.898970e-01
15 27 2.115280e-01
15 28 1.796620e-01
15 29 1.110180e-01
15 30 5.932890e-02
15 31 2.812320e-02
15 32 1.315370e-02
15 33 3.580420e-03
15 34 6.125520e-04
15 35 8.357850e-05
15 36 9.981620e-06
15 37 4.743830e-07
15 38 8.044920e-09
15 39 0.000000e+00
15 40 0.000000e+00
16 1 5.507370e-03
16 2 2.326230e-03
16 3 3.515420e-03
16 4 4.942310e-03
16 5 7.343210e-03
16 6 1.090910e-02
16 7 1.632010e-02
16 8 2.487360e-02
16 9 3.814690e-02
16 10 6.010200e-02
16 11 9.534270e-02
16 12 1.528420e-01
16 13 2.483400e-01
16 14 4.106680e-01
16 15 6.871860e-01
16 16 1.046990e+00
16 17 1.123200e+00
16 18 1.024600e+00
16 19 8.654370e-01
16 20 6.644630e-01
16 21 4.490000e-01
16 22 2.705370e-01
16 23 1.617010e-01
16 24 1.251070e-01
16 25 1.397030e-01
16 26 1.753150e-01
16 27 1.960100e-01
16 28 1.683840e-01
16 29 1.046240e-01
16 30 5.557920e-02
16 31 2.624480e-02
16 32 1.213650e-02
16 33 3.340640e-03
16 34 5.704470e-04
16 35 7.714370e-05
16 36 9.179570e-06
16 37 4.380730e-07
16 38 7.381050e-09
16 39 0.000000e+00
16 40 0.000000e+00
17 1 3.292760e-03
17 2 1.403850e-03
17 3 2.125610e-03
17 4 2.998120e-03
17 5 4.466340e-03
17 6 6.643470e-03
17 7 9.952340e-03
17 8 1.520110e-02
17 9 2.338380e-02
17 10 3.678930e-02
17 11 5.869220e-02
17 12 9.482580e-02
17 13 1.544370e-01
17 14 2.557070e-01
17 15 4.314760e-01
17 16 7.408440e-01
17 17 1.147310e+00
17 18 1.189510e+00
17 19 1.023350e+00
17 20 8.065340e-01
17 21 5.625500e-01
17 22 3.454160e-01
17 23 1.983430e-01
17 24 1.345890e-01
17 25 1.341940e-01
17 26 1.631100e-01
17 27 1.828320e-01
17 28 1.592030e-01
17 29 9.972690e-02
17 30 5.259030e-02
17 31 2.471790e-02
17 32 1.126870e-02
17 33 3.145150e-03
17 34 5.356060e-04
17 35 7.166930e-05
17 36 8.486810e-06
17 37 4.069470e-07
17 38 6.799620e-09
17 39 0.000000e+00
17 40 0.000000e+00
18 1 1.708050e-03
18 2 7.323880e-04
18 3 1.112440e-03
18 4 1.575470e-03
18 5 2.360050e-03
18 6 3.537200e-03
18 7 5.343650e-03
18 8 8.206570e-03
18 9 1.276070e-02
18 10 2.036430e-02
18 11 3.268150e-02
18 12 5.373850e-02
18 13 8.954140e-02
18 14 1.511080e-01
18 15 2.573130e-01
18 16 4.487660e-01
18 17 7.939700e-01
18 18 1.250210e+00
18 19 1.248560e+00
18 20 1.004880e+00
18 21 7.269120e-01
18 22 4.586730e-01
18 23 2.594980e-01
18 24 1.565030e-01
18 25 1.343170e-01
18 26 1.541450e-01
18 27 1.726810e-01
18 28 1.527700e-01
18 29 9.684260e-02
18 30 5.067750e-02
18 31 2.365840e-02
18 32 1.060360e-02
18 33 3.010420e-03
18 34 5.106820e-04
18 35 6.750200e-05
18 36 7.944450e-06
18 37 3.829520e-07
18 38 6.331540e-09
18 39 0.000000e+00
18 40 0.000000e+00
19 1 7.929570e-04
19 2 3.409060e-04
19 3 5.180310e-04
19 4 7.349800e-04
19 5 1.104710e-03
19 6 1.661530e-03
19 7 2.518160e-03
19 8 3.898820e-03
19 9 6.095810e-03
19 10 9.790900e-03
19 11 1.595610e-02
19 12 2.683130e-02
19 13 4.580020e-02
19 14 7.963790e-02
19 15 1.399350e-01
19 16 2.503490e-01
19 17 4.552090e-01
19 18 8.426230e-01
19 19 1.359510e+00
19 20 1.300100e+00
19 21 9.652920e-01
19 22 6.316270e-01
19 23 3.602400e-01
19 24 1.989660e-01
19 25 1.432100e-01
19 26 1.491090e-01
19 27 1.654410e-01
19 28 1.491370e-01
19 29 9.609210e-02
19 30 4.992280e-02
19 31 2.309490e-02
19 32 1.013850e-02
19 33 2.939000e-03
19 34 4.963090e-04
19 35 6.464990e-05
19 36 7.550710e-06
19 37 3.660190e-07
19 38 5.990300e-09
19 39 0.000000e+00
19 40 0.000000e+00
20 1 3.632870e-04
20 2 1.568610e-04
20 3 2.393080e-04
20 4 3.411860e-04
20 5 5.151320e-04
20 6 7.790060e-04
20 7 1.186920e-03
20 8 1.847970e-03
20 9 2.908760e-03
20 10 4.717240e-03
20 11 7.739470e-03
20 12 1.296610e-02
20 13 2.223040e-02
20 14 3.931720e-02
20 15 7.083590e-02
20 16 1.304680e-01
20 17 2.427540e-01
20 18 4.595680e-01
20 19 8.875630e-01
20 20 1.469680e+00
20 21 1.328120e+00
20 22 9.014590e-01
20 23 5.303560e-01
20 24 2.805190e-01
20 25 1.680690e-01
20 26 1.495310e-01
20 27 1.605660e-01
20 28 1.475740e-01
20 29 9.723460e-02
20 30 5.017380e-02
20 31 2.295710e-02
20 32 9.816020e-03
20 33 2.915880e-03
20 34 4.904010e-04
20 35 6.274230e-05
20 36 7.252350e-06
20 37 3.534880e-07
20 38 5.753780e-09
20 39 0.000000e+00
20 40 0.000000e+00
21 1 1.671890e-04
21 2 7.193200e-05
21 3 1.096410e-04
21 4 1.558240e-04
21 5 2.347010e-04
21 6 3.549310e-04
21 7 5.428540e-04
21 8 8.473860e-04
21 9 1.328520e-03
21 10 2.134590e-03
21 11 3.522450e-03
21 12 5.937170e-03
21 13 1.028650e-02
21 14 1.817850e-02
21 15 3.330760e-02
21 16 6.213680e-02
21 17 1.186600e-01
21 18 2.316020e-01
21 19 4.598810e-01
21 20 9.303980e-01
21 21 1.566090e+00
21 22 1.338370e+00
21 23 8.200940e-01
21 24 4.335230e-01
21 25 2.253310e-01
21 26 1.610890e-01
21 27 1.597260e-01
21 28 1.490010e-01
21 29 1.012360e-01
21 30 5.200570e-02
21 31 2.351800e-02
21 32 9.729560e-03
21 33 2.967000e-03
21 34 4.976440e-04
21 35 6.233560e-05
21 36 7.109280e-06
21 37 3.481050e-07
21 38 5.684610e-09
21 39 0.000000e+00
21 40 0.000000e+00
22 1 9.613800e-05
22 2 4.062620e-05
22 3 6.123150e-05
22 4 8.555770e-05
22 5 1.262320e-04
22 6 1.861760e-04
22 7 2.760420e-04
22 8 4.171420e-04
22 9 6.389130e-04
22 10 1.001150e-03
22 11 1.597670e-03
22 12 2.633880e-03
22 13 4.449930e-03
22 14 7.819800e-03
22 15 1.432940e-02
22 16 2.662610e-02
22 17 5.181390e-02
22 18 1.037180e-01
22 19 2.131830e-01
22 20 4.478820e-01
22 21 9.590660e-01
22 22 1.665630e+00
22 23 1.324630e+00
22 24 7.209950e-01
22 25 3.493080e-01
22 26 1.960730e-01
22 27 1.657660e-01
22 28 1.539910e-01
22 29 1.089410e-01
22 30 5.604020e-02
22 31 2.495600e-02
22 32 9.969170e-03
22 33 3.112540e-03
22 34 5.214630e-04
22 35 6.398830e-05
22 36 7.152180e-06
22 37 3.511700e-07
22 38 5.827250e-09
22 39 0.000000e+00
22 40 0.000000e+00
23 1 8.353030e-05
23 2 3.428190e-05
23 3 5.080720e-05
23 4 6.964660e-05
23 5 1.008620e-04
23 6 1.446950e-04
23 7 2.073640e-04
23 8 3.014580e-04
23 9 4.383900e-04
23 10 6.505270e-04
23 11 9.728720e-04
23 12 1.491070e-03
23 13 2.346990e-03
23 14 3.850200e-03
23 15 6.598060e-03
23 16 1.169800e-02
23 17 2.177380e-02
23 18 4.305950e-02
23 19 8.924820e-02
23 20 1.929320e-01
23 21 4.307990e-01
23 22 9.840450e-01
23 23 1.727440e+00
23 24 1.291610e+00
23 25 6.197940e-01
23 26 2.882570e-01
23 27 1.873120e-01
23 28 1.638600e-01
23 29 1.212920e-01
23 30 6.335010e-02
23 31 2.764480e-02
23 32 1.065480e-02
23 33 3.388960e-03
23 34 5.688240e-04
23 35 6.843330e-05
23 36 7.424350e-06
23 37 3.640180e-07
23 38 6.240220e-09
23 39 0.000000e+00
23 40 0.000000e+00
24 1 9.058570e-05
24 2 3.689430e-05
24 3 5.424350e-05
24 4 7.411940e-05
24 5 1.064780e-04
24 6 1.507040e-04
24 7 2.134410e-04
24 8 3.047090e-04
24 9 4.305480e-04
24 10 6.167700e-04
24 11 8.848560e-04
24 12 1.283150e-03
24 13 1.875270e-03
24 14 2.784650e-03
24 15 4.243300e-03
24 16 6.700730e-03
24 17 1.112960e-02
24 18 1.959980e-02
24 19 3.724630e-02
24 20 7.719700e-02
24 21 1.719000e-01
24 22 4.038360e-01
24 23 9.864120e-01
24 24 1.799500e+00
24 25 1.225320e+00
24 26 5.197480e-01
24 27 2.495060e-01
24 28 1.828500e-01
24 29 1.392180e-01
24 30 7.550490e-02
24 31 3.225290e-02
24 32 1.196880e-02
24 33 3.833800e-03
24 34 6.504150e-04
24 35 7.658500e-05
24 36 8.034300e-06
24 37 3.886420e-07
24 38 6.994340e-09
24 39 0.000000e+00
24 40 0.000000e+00
25 1 1.028840e-04
25 2 4.166300e-05
25 3 6.149770e-05
25 4 8.396210e-05
25 5 1.197770e-04
25 6 1.699150e-04
25 7 2.400400e-04
25 8 3.396710e-04
25 9 4.792590e-04
25 10 6.815860e-04
25 11 9.611260e-04
25 12 1.361800e-03
25 13 1.942690e-03
25 14 2.787330e-03
25 15 3.997230e-03
25 16 5.803690e-03
25 17 8.584160e-03
25 18 1.311360e-02
25 19 2.102620e-02
25 20 3.652030e-02
25 21 7.086270e-02
25 22 1.550400e-01
25 23 3.751880e-01
25 24 9.773750e-01
25 25 1.847570e+00
25 26 1.135060e+00
25 27 4.335590e-01
25 28 2.279340e-01
25 29 1.654980e-01
25 30 9.534580e-02
25 31 4.020170e-02
25 32 1.438220e-02
25 33 4.537130e-03
25 34 7.892920e-04
25 35 9.131680e-05
25 36 9.092340e-06
25 37 4.417140e-07
25 38 8.239520e-09
25 39 0.000000e+00
25 40 0.000000e+00
26 1 1.069710e-04
26 2 4.344710e-05
26 3 6.403450e-05
26 4 8.723950e-05
26 5 1.250250e-04
26 6 1.771570e-04
26 7 2.497780e-04
26 8 3.551120e-04
26 9 5.006300e-04
26 10 7.111820e-04
26 11 1.009140e-03
26 12 1.430780e-03
26 13 2.029140e-03
26 14 2.893640e-03
26 15 4.113790e-03
26 16 5.866980e-03
26 17 8.390160e-03
26 18 1.207460e-02
26 19 1.759190e-02
26 20 2.630550e-02
26 21 4.127560e-02
26 22 7.111290e-02
26 23 1.425010e-01
26 24 3.407960e-01
26 25 9.462200e-01
26 26 1.882560e+00
26 27 1.030480e+00
26 28 3.654320e-01
26 29 2.085490e-01
26 30 1.269050e-01
26 31 5.423510e-02
26 32 1.877900e-02
26 33 5.680490e-03
26 34 1.031030e-03
26 35 1.175780e-04
26 36 1.084900e-05
26 37 5.472940e-07
26 38 1.019740e-08
26 39 0.000000e+00
26 40 0.000000e+00
27 1 1.051880e-04
27 2 4.265760e-05
27 3 6.298210e-05
27 4 8.612850e-05
27 5 1.228200e-04
27 6 1.742800e-04
27 7 2.468000e-04
27 8 3.492430e-04
27 9 4.925300e-04
27 10 7.034220e-04
27 11 9.992170e-04
27 12 1.423210e-03
27 13 2.028330e-03
27 14 2.896170e-03
27 15 4.132480e-03
27 16 5.942400e-03
27 17 8.518360e-03
27 18 1.223300e-02
27 19 1.761230e-02
27 20 2.539290e-02
27 21 3.677250e-02
27 22 5.443830e-02
27 23 8.476890e-02
27 24 1.495660e-01
27 25 3.282010e-01
27 26 9.251670e-01
27 27 1.837710e+00
27 28 9.387850e-01
27 29 3.206340e-01
27 30 1.776090e-01
27 31 8.068270e-02
27 32 2.710480e-02
27 33 7.715300e-03
27 34 1.484010e-03
27 35 1.664410e-04
27 36 1.401110e-05
27 37 7.292560e-07
27 38 1.313230e-08
27 39 0.000000e+00
27 40 0.000000e+00
28 1 8.433360e-05
28 2 3.429970e-05
28 3 5.071350e-05
28 4 6.897790e-05
28 5 9.899040e-05
28 6 1.408230e-04
28 7 1.983400e-04
28 8 2.821920e-04
28 9 3.983300e-04
28 10 5.631510e-04
28 11 8.007590e-04
28 12 1.147770e-03
28 13 1.650850e-03
28 14 2.385120e-03
28 15 3.427450e-03
28 16 4.980970e-03
28 17 7.230580e-03
28 18 1.055850e-02
28 19 1.546680e-02
28 20 2.272940e-02
28 21 3.343320e-02
28 22 4.937710e-02
28 23 7.269980e-02
28 24 1.079080e-01
28 25 1.703020e-01
28 26 3.262340e-01
28 27 8.921730e-01
28 28 1.813420e+00
28 29 8.163620e-01
28 30 2.757970e-01
28 31 1.304090e-01
28 32 4.379870e-02
28 33 1.170380e-02
28 34 2.375130e-03
28 35 2.626530e-04
28 36 2.017560e-05
28 37 1.035250e-06
28 38 1.870570e-08
28 39 0.000000e+00
28 40 0.000000e+00
29 1 5.638170e-05
29 2 2.299090e-05
29 3 3.397190e-05
29 4 4.610570e-05
29 5 6.631410e-05
29 6 9.428040e-05
29 7 1.325490e-04
29 8 1.892750e-04
29 9 2.678750e-04
29 10 3.796360e-04
29 11 5.411310e-04
29 12 7.716970e-04
29 13 1.090600e-03
29 14 1.561990e-03
29 15 2.255910e-03
29 16 3.291170e-03
29 17 4.842710e-03
29 18 7.151760e-03
29 19 1.063850e-02
29 20 1.596650e-02
29 21 2.417950e-02
29 22 3.713140e-02
29 23 5.723710e-02
29 24 8.770020e-02
29 25 1.335590e-01
29 26 2.045410e-01
29 27 3.518150e-01
29 28 9.121750e-01
29 29 1.675700e+00
29 30 7.306780e-01
29 31 2.283360e-01
29 32 8.196950e-02
29 33 2.077900e-02
29 34 4.192550e-03
29 35 4.764200e-04
29 36 3.378260e-05
29 37 1.664540e-06
29 38 3.240970e-08
29 39 0.000000e+00
29 40 0.000000e+00
30 1 4.023320e-05
30 2 1.634260e-05
30 3 2.418740e-05
30 4 3.295260e-05
30 5 4.711110e-05
30 6 6.705880e-05
30 7 9.461780e-05
30 8 1.343140e-04
30 9 1.904010e-04
30 10 2.710730e-04
30 11 3.847960e-04
30 12 5.499770e-04
30 13 7.819050e-04
30 14 1.117420e-03
30 15 1.601220e-03
30 16 2.305240e-03
30 17 3.347450e-03
30 18 4.910680e-03
30 19 7.260960e-03
30 20 1.085470e-02
30 21 1.640280e-02
30 22 2.513470e-02
30 23 3.920530e-02
30 24 6.206980e-02
30 25 9.932190e-02
30 26 1.580960e-01
30 27 2.450400e-01
30 28 3.819480e-01
30 29 8.289840e-01
30 30 1.656790e+00
30 31 6.405400e-01
30 32 1.712140e-01
30 33 4.404840e-02
30 34 8.325810e-03
30 35 1.011050e-03
30 36 6.771560e-05
30 37 3.135820e-06
30 38 6.114680e-08
30 39 1.597700e-10
30 40 0.000000e+00
31 1 3.145320e-05
31 2 1.282590e-05
31 3 1.895320e-05
31 4 2.574190e-05
31 5 3.693440e-05
31 6 5.246820e-05
31 7 7.364330e-05
31 8 1.046470e-04
31 9 1.479150e-04
31 10 2.104470e-04
31 11 3.000220e-04
31 12 4.268590e-04
31 13 6.059490e-04
31 14 8.672320e-04
31 15 1.241140e-03
31 16 1.778920e-03
31 17 2.561230e-03
31 18 3.707340e-03
31 19 5.371060e-03
31 20 7.869170e-03
31 21 1.165060e-02
31 22 1.745680e-02
31 23 2.649620e-02
31 24 4.093780e-02
31 25 6.453910e-02
31 26 1.039330e-01
31 27 1.701370e-01
31 28 2.767450e-01
31 29 4.335210e-01
31 30 8.430290e-01
31 31 1.555350e+00
31 32 5.271330e-01
31 33 1.137060e-01
31 34 2.041020e-02
31 35 2.596290e-03
31 36 1.705060e-04
31 37 7.056240e-06
31 38 1.435210e-07
31 39 9.413100e-10
31 40 0.000000e+00
32 1 2.921660e-05
32 2 1.190540e-05
32 3 1.761150e-05
32 4 2.391110e-05
32 5 3.425260e-05
32 6 4.870140e-05
32 7 6.830380e-05
32 8 9.683300e-05
32 9 1.364970e-04
32 10 1.929070e-04
32 11 2.726720e-04
32 12 3.870950e-04
32 13 5.528640e-04
32 14 7.912340e-04
32 15 1.126990e-03
32 16 1.609700e-03
32 17 2.284710e-03
32 18 3.266610e-03
32 19 4.657670e-03
32 20 6.644500e-03
32 21 9.556650e-03
32 22 1.380570e-02
32 23 2.009510e-02
32 24 2.970570e-02
32 25 4.483910e-02
32 26 6.940990e-02
32 27 1.102400e-01
32 28 1.788700e-01
32 29 2.944310e-01
32 30 4.735610e-01
32 31 8.812150e-01
32 32 1.435740e+00
32 33 4.118460e-01
32 34 6.606780e-02
32 35 7.912740e-03
32 36 5.563080e-04
32 37 2.021720e-05
32 38 4.233170e-07
32 39 2.740810e-09
32 40 0.000000e+00
33 1 1.902000e-05
33 2 7.762270e-06
33 3 1.145720e-05
33 4 1.567000e-05
33 5 2.234390e-05
33 6 3.170550e-05
33 7 4.488830e-05
33 8 6.351870e-05
33 9 8.969460e-05
33 10 1.279960e-04
33 11 1.808810e-04
33 12 2.566100e-04
33 13 3.645960e-04
33 14 5.179000e-04
33 15 7.419690e-04
33 16 1.072500e-03
33 17 1.537220e-03
33 18 2.222110e-03
33 19 3.228360e-03
33 20 4.708650e-03
33 21 6.938000e-03
33 22 1.028330e-02
33 23 1.543930e-02
33 24 2.322690e-02
33 25 3.499240e-02
33 26 5.359420e-02
33 27 8.187250e-02
33 28 1.247090e-01
33 29 1.928510e-01
33 30 3.098020e-01
33 31 4.999590e-01
33 32 8.959230e-01
33 33 1.302760e+00
33 34 3.338650e-01
33 35 3.375130e-02
33 36 2.438690e-03
33 37 8.423910e-05
33 38 1.615040e-06
33 39 1.100710e-08
33 40 0.000000e+00
34 1 1.184940e-05
34 2 4.889430e-06
34 3 7.217780e-06
34 4 9.875400e-06
34 5 1.407410e-05
34 6 1.997330e-05
34 7 2.828570e-05
34 8 4.000560e-05
34 9 5.650010e-05
34 10 8.064280e-05
34 11 1.139130e-04
34 12 1.619830e-04
34 13 2.308750e-04
34 14 3.287270e-04
34 15 4.696790e-04
34 16 6.753980e-04
34 17 9.696470e-04
34 18 1.403140e-03
34 19 2.041150e-03
34 20 2.983550e-03
34 21 4.400220e-03
34 22 6.546290e-03
34 23 9.829330e-03
34 24 1.489300e-02
34 25 2.283220e-02
34 26 3.559440e-02
34 27 5.610560e-02
34 28 8.860220e-02
34 29 1.389780e-01
34 30 2.164420e-01
34 31 3.306920e-01
34 32 5.165850e-01
34 33 8.737730e-01
34 34 1.208770e+00
34 35 2.579070e-01
34 36 1.469230e-02
34 37 5.395720e-04
34 38 8.779400e-06
34 39 6.380770e-08
34 40 0.000000e+00
35 1 1.108420e-05
35 2 4.582780e-06
35 3 6.745670e-06
35 4 9.218670e-06
35 5 1.315780e-05
35 6 1.860770e-05
35 7 2.629960e-05
35 8 3.721040e-05
35 9 5.230100e-05
35 10 7.438640e-05
35 11 1.048780e-04
35 12 1.480370e-04
35 13 2.096200e-04
35 14 2.965640e-04
35 15 4.183640e-04
35 16 5.939030e-04
35 17 8.384660e-04
35 18 1.184310e-03
35 19 1.681190e-03
35 20 2.392320e-03
35 21 3.425180e-03
35 22 4.951900e-03
35 23 7.199120e-03
35 24 1.052230e-02
35 25 1.556600e-02
35 26 2.349730e-02
35 27 3.609690e-02
35 28 5.630160e-02
35 29 8.943120e-02
35 30 1.438750e-01
35 31 2.302100e-01
35 32 3.551440e-01
35 33 5.265090e-01
35 34 8.345560e-01
35 35 1.162870e+00
35 36 1.623380e-01
35 37 5.017850e-03
35 38 7.722420e-05
35 39 5.450180e-07
35 40 9.831000e-10
36 1 1.143710e-05
36 2 4.735990e-06
36 3 6.985650e-06
36 4 9.576240e-06
36 5 1.360180e-05
36 6 1.927450e-05
36 7 2.733200e-05
36 8 3.848780e-05
36 9 5.420900e-05
36 10 7.737110e-05
36 11 1.085980e-04
36 12 1.536340e-04
36 13 2.183760e-04
36 14 3.077300e-04
36 15 4.353250e-04
36 16 6.208670e-04
36 17 8.743090e-04
36 18 1.237880e-03
36 19 1.761480e-03
36 20 2.484920e-03
36 21 3.537160e-03
36 22 5.076450e-03
36 23 7.263610e-03
36 24 1.038250e-02
36 25 1.490380e-02
36 26 2.162560e-02
36 27 3.143740e-02
36 28 4.535710e-02
36 29 6.587960e-02
36 30 9.843470e-02
36 31 1.499420e-01
36 32 2.332800e-01
36 33 3.633700e-01
36 34 5.373430e-01
36 35 8.183190e-01
36 36 1.026220e+00
36 37 1.412270e-01
36 38 1.631620e-03
36 39 9.194160e-06
36 40 1.867670e-08
37 1 8.574320e-06
37 2 3.546690e-06
37 3 5.219200e-06
37 4 7.117270e-06
37 5 1.018890e-05
37 6 1.440910e-05
37 7 2.032410e-05
37 8 2.884810e-05
37 9 4.056520e-05
37 10 5.759530e-05
37 11 8.150050e-05
37 12 1.151760e-04
37 13 1.629080e-04
37 14 2.315240e-04
37 15 3.274760e-04
37 16 4.651030e-04
37 17 6.614270e-04
37 18 9.348390e-04
37 19 1.316430e-03
37 20 1.859340e-03
37 21 2.647310e-03
37 22 3.820150e-03
37 23 5.574360e-03
37 24 8.193850e-03
37 25 1.197660e-02
37 26 1.748780e-02
37 27 2.566450e-02
37 28 3.777370e-02
37 29 5.600860e-02
37 30 8.330080e-02
37 31 1.216780e-01
37 32 1.730450e-01
37 33 2.562990e-01
37 34 3.723720e-01
37 35 5.386690e-01
37 36 8.041950e-01
37 37 8.818210e-01
37 38 1.358840e-01
37 39 5.276660e-04
37 40 8.860670e-07
38 1 5.793430e-06
38 2 2.401210e-06
38 3 3.534710e-06
38 4 4.857180e-06
38 5 6.900550e-06
38 6 9.760390e-06
38 7 1.387470e-05
38 8 1.954940e-05
38 9 2.749250e-05
38 10 3.934590e-05
38 11 5.529280e-05
38 12 7.815140e-05
38 13 1.114480e-04
38 14 1.574170e-04
38 15 2.227530e-04
38 16 3.190920e-04
38 17 4.518780e-04
38 18 6.432450e-04
38 19 9.245110e-04
38 20 1.313710e-03
38 21 1.871270e-03
38 22 2.696560e-03
38 23 3.905830e-03
38 24 5.721790e-03
38 25 8.461660e-03
38 26 1.242110e-02
38 27 1.835530e-02
38 28 2.731160e-02
38 29 4.084000e-02
38 30 6.142130e-02
38 31 9.218110e-02
38 32 1.378520e-01
38 33 2.039770e-01
38 34 2.823310e-01
38 35 3.957940e-01
38 36 5.395820e-01
38 37 8.201420e-01
38 38 7.562960e-01
38 39 9.523750e-02
38 40 1.069180e-04
39 1 3.631550e-06
39 2 1.549070e-06
39 3 2.283700e-06
39 4 3.128880e-06
39 5 4.451840e-06
39 6 6.306450e-06
39 7 8.939210e-06
39 8 1.261330e-05
39 9 1.776590e-05
39 10 2.535560e-05
39 11 3.568130e-05
39 12 5.051430e-05
39 13 7.185010e-05
39 14 1.016250e-04
39 15 1.440520e-04
39 16 2.058890e-04
39 17 2.919780e-04
39 18 4.164090e-04
39 19 5.975240e-04
39 20 8.546050e-04
39 21 1.229090e-03
39 22 1.782570e-03
39 23 2.582980e-03
39 24 3.769150e-03
39 25 5.550210e-03
39 26 8.197600e-03
39 27 1.219310e-02
39 28 1.826980e-02
39 29 2.755010e-02
39 30 4.185890e-02
39 31 6.363000e-02
39 32 9.632780e-02
39 33 1.442890e-01
39 34 2.126080e-01
39 35 3.056720e-01
39 36 4.084310e-01
39 37 5.413660e-01
39 38 7.814950e-01
39 39 7.509860e-01
39 40 3.447550e-02
40 1 2.316870e-06
40 2 1.048870e-06
40 3 1.539030e-06
40 4 2.096020e-06
40 5 3.014010e-06
40 6 4.250730e-06
40 7 5.988650e-06
40 8 8.538960e-06
40 9 1.197680e-05
40 10 1.698900e-05
40 11 2.415430e-05
40 12 3.406270e-05
40 13 4.815650e-05
40 14 6.879140e-05
40 15 9.717800e-05
40 16 1.380850e-04
40 17 1.976500e-04
40 18 2.811140e-04
40 19 4.012980e-04
40 20 5.787170e-04
40 21 8.310320e-04
40 22 1.200750e-03
40 23 1.751780e-03
40 24 2.558230e-03
40 25 3.764780e-03
40 26 5.593580e-03
40 27 8.363090e-03
40 28 1.260860e-02
40 29 1.913190e-02
40 30 2.909650e-02
40 31 4.454990e-02
40 32 6.849000e-02
40 33 1.042080e-01
40 34 1.567020e-01
40 35 2.289050e-01
40 36 3.211100e-01
40 37 4.297710e-01
40 38 5.441380e-01
40 39 7.610870e-01
40 40 7.049210e-01
