1 2.529360e+01
2 2.279910e+01
3 2.060060e+01
4 1.861680e+01
5 1.693890e+01
6 1.548350e+01
7 1.420240e+01
8 1.309580e+01
9 1.215610e+01
10 1.134310e+01
11 1.064580e+01
12 1.005360e+01
13 9.554890e+00
14 9.137010e+00
15 8.747400e+00
16 8.395590e+00
17 8.086620e+00
18 7.795970e+00
19 7.503570e+00
20 7.213820e+00
21 6.924500e+00
22 6.617170e+00
23 6.299380e+00
24 5.970270e+00
25 5.644580e+00
26 5.337610e+00
27 5.065740e+00
28 4.831050e+00
29 4.624330e+00
30 4.428970e+00
31 4.246890e+00
32 4.082400e+00
33 3.946990e+00
34 3.811460e+00
35 3.676290e+00
36 3.588250e+00
37 3.545830e+00
38 3.511060e+00
39 3.478350e+00
40 3.454250e+00
