1 4.536990e+01
2 4.055150e+01
3 3.631600e+01
4 3.254560e+01
5 2.928200e+01
6 2.634070e+01
7 2.373780e+01
8 2.145400e+01
9 1.946300e+01
10 1.770000e+01
11 1.615210e+01
12 1.481400e+01
13 1.363170e+01
14 1.261550e+01
15 1.171880e+01
16 1.095610e+01
17 1.025840e+01
18 9.602000e+00
19 9.006810e+00
20 8.450580e+00
21 7.918460e+00
22 7.399130e+00
23 6.907490e+00
24 6.437760e+00
25 6.003620e+00
26 5.614190e+00
27 5.282810e+00
28 5.001260e+00
29 4.752750e+00
30 4.532360e+00
31 4.330660e+00
32 4.154020e+00
33 3.996830e+00
34 3.851050e+00
35 3.725390e+00
36 3.635760e+00
37 3.584140e+00
38 3.543280e+00
39 3.508710e+00
40 3.481540e+00
