1 7.607570e-03
2 6.788150e-03
3 6.045560e-03
4 5.386400e-03
5 4.803240e-03
6 4.281050e-03
7 3.815320e-03
8 3.399200e-03
9 3.030580e-03
10 2.700430e-03
11 2.406240e-03
12 2.145220e-03
13 1.911620e-03
14 1.703980e-03
15 1.518390e-03
16 1.353510e-03
17 1.206320e-03
18 1.075090e-03
19 9.582700e-04
20 8.538880e-04
21 7.611330e-04
22 6.784130e-04
23 6.045040e-04
24 5.388720e-04
25 4.803740e-04
26 4.280380e-04
27 3.815940e-04
28 3.400980e-04
29 3.031060e-04
30 2.703230e-04
31 2.408130e-04
32 2.149030e-04
33 1.914670e-04
34 1.707510e-04
35 1.524530e-04
36 1.362500e-04
37 1.219830e-04
38 1.089590e-04
39 9.679920e-05
40 8.608020e-05
