1 7.607760e-03
2 6.788310e-03
3 6.045700e-03
4 5.386530e-03
5 4.803360e-03
6 4.281150e-03
7 3.815410e-03
8 3.399270e-03
9 3.030650e-03
10 2.700490e-03
11 2.406290e-03
12 2.145260e-03
13 1.911670e-03
14 1.704010e-03
15 1.518420e-03
16 1.353530e-03
17 1.206340e-03
18 1.075110e-03
19 9.582870e-04
20 8.539030e-04
21 7.611470e-04
22 6.784270e-04
23 6.045190e-04
24 5.388900e-04
25 4.803960e-04
26 4.280650e-04
27 3.814450e-04
28 3.401370e-04
29 3.030900e-04
30 2.702270e-04
31 2.408600e-04
32 2.146910e-04
33 1.915170e-04
34 1.708010e-04
35 1.524930e-04
36 1.362640e-04
37 1.219570e-04
38 1.089290e-04
39 9.680620e-05
40 8.609040e-05
