1 7.605780e-03
2 6.786550e-03
3 6.044140e-03
4 5.385140e-03
5 4.802130e-03
6 4.280070e-03
7 3.814460e-03
8 3.398430e-03
9 3.029910e-03
10 2.699850e-03
11 2.406320e-03
12 2.144790e-03
13 1.911260e-03
14 1.703670e-03
15 1.518130e-03
16 1.353300e-03
17 1.206160e-03
18 1.074980e-03
19 9.581920e-04
20 8.538430e-04
21 7.613620e-04
22 6.784190e-04
23 6.048260e-04
24 5.391090e-04
25 4.804070e-04
26 4.281440e-04
27 3.818000e-04
28 3.400900e-04
29 3.034400e-04
30 2.702740e-04
31 2.413050e-04
32 2.149340e-04
33 1.923050e-04
34 1.716350e-04
35 1.525810e-04
36 1.362080e-04
37 1.220040e-04
38 1.089950e-04
39 9.678790e-05
40 8.604560e-05
