1 1 3.580100e-01
1 2 1.333640e-01
1 3 1.746610e-01
1 4 2.115020e-01
1 5 2.680670e-01
1 6 3.352190e-01
1 7 4.163000e-01
1 8 5.177560e-01
1 9 6.373790e-01
1 10 7.873810e-01
1 11 9.612240e-01
1 12 1.164010e+00
1 13 1.391150e+00
1 14 1.640020e+00
1 15 1.896930e+00
1 16 2.147870e+00
1 17 2.376180e+00
1 18 2.549950e+00
1 19 2.652790e+00
1 20 2.663480e+00
1 21 2.630270e+00
1 22 2.449540e+00
1 23 2.369670e+00
1 24 2.482610e+00
1 25 2.886150e+00
1 26 3.545190e+00
1 27 4.199450e+00
1 28 4.534660e+00
1 29 4.496410e+00
1 30 4.244800e+00
1 31 3.843440e+00
1 32 3.240960e+00
1 33 2.454530e+00
1 34 1.694920e+00
1 35 1.074670e+00
1 36 5.828570e-01
1 37 2.471590e-01
1 38 7.738290e-02
1 39 1.639530e-02
1 40 2.478950e-03
2 1 2.833210e-01
2 2 1.165890e-01
2 3 1.560660e-01
2 4 1.888180e-01
2 5 2.394650e-01
2 6 2.998490e-01
2 7 3.727970e-01
2 8 4.637850e-01
2 9 5.709520e-01
2 10 7.051100e-01
2 11 8.604760e-01
2 12 1.041900e+00
2 13 1.245290e+00
2 14 1.467910e+00
2 15 1.697640e+00
2 16 1.921790e+00
2 17 2.127530e+00
2 18 2.281930e+00
2 19 2.374350e+00
2 20 2.384280e+00
2 21 2.355360e+00
2 22 2.192890e+00
2 23 2.120560e+00
2 24 2.219390e+00
2 25 2.577470e+00
2 26 3.164140e+00
2 27 3.747570e+00
2 28 4.046790e+00
2 29 4.012620e+00
2 30 3.787790e+00
2 31 3.429420e+00
2 32 2.891800e+00
2 33 2.190050e+00
2 34 1.512210e+00
2 35 9.587710e-01
2 36 5.199910e-01
2 37 2.204990e-01
2 38 6.903600e-02
2 39 1.462710e-02
2 40 2.211620e-03
3 1 2.228830e-01
3 2 9.351720e-02
3 3 1.365240e-01
3 4 1.690290e-01
3 5 2.142800e-01
3 6 2.684840e-01
3 7 3.342110e-01
3 8 4.160030e-01
3 9 5.121870e-01
3 10 6.323950e-01
3 11 7.714970e-01
3 12 9.340180e-01
3 13 1.116490e+00
3 14 1.316050e+00
3 15 1.521860e+00
3 16 1.722460e+00
3 17 1.907620e+00
3 18 2.045830e+00
3 19 2.128670e+00
3 20 2.138040e+00
3 21 2.113000e+00
3 22 1.966620e+00
3 23 1.900770e+00
3 24 1.986830e+00
3 25 2.304370e+00
3 26 2.826730e+00
3 27 3.347350e+00
3 28 3.614710e+00
3 29 3.584150e+00
3 30 3.383000e+00
3 31 3.062680e+00
3 32 2.582500e+00
3 33 1.955770e+00
3 34 1.350350e+00
3 35 8.560910e-01
3 36 4.642930e-01
3 37 1.968790e-01
3 38 6.164100e-02
3 39 1.306040e-02
3 40 1.974820e-03
4 1 1.738910e-01
4 2 7.344630e-02
4 3 1.093360e-01
4 4 1.478350e-01
4 5 1.918100e-01
4 6 2.402960e-01
4 7 2.991730e-01
4 8 3.727190e-01
4 9 4.589400e-01
4 10 5.666050e-01
4 11 6.911040e-01
4 12 8.365380e-01
4 13 1.000180e+00
4 14 1.179060e+00
4 15 1.363340e+00
4 16 1.542890e+00
4 17 1.708730e+00
4 18 1.833200e+00
4 19 1.907080e+00
4 20 1.916050e+00
4 21 1.894570e+00
4 22 1.762750e+00
4 23 1.702560e+00
4 24 1.776830e+00
4 25 2.057420e+00
4 26 2.521390e+00
4 27 2.985110e+00
4 28 3.223650e+00
4 29 3.196340e+00
4 30 3.016600e+00
4 31 2.730680e+00
4 32 2.302500e+00
4 33 1.743670e+00
4 34 1.203810e+00
4 35 7.631240e-01
4 36 4.138600e-01
4 37 1.754920e-01
4 38 5.494490e-02
4 39 1.164190e-02
4 40 1.760450e-03
5 1 1.388160e-01
5 2 5.844470e-02
5 3 8.654030e-02
5 4 1.188140e-01
5 5 1.683320e-01
5 6 2.158530e-01
5 7 2.686370e-01
5 8 3.349360e-01
5 9 4.127580e-01
5 10 5.098290e-01
5 11 6.216070e-01
5 12 7.520080e-01
5 13 8.992940e-01
5 14 1.060440e+00
5 15 1.226020e+00
5 16 1.387680e+00
5 17 1.536300e+00
5 18 1.649040e+00
5 19 1.714900e+00
5 20 1.723820e+00
5 21 1.705530e+00
5 22 1.586430e+00
5 23 1.530950e+00
5 24 1.594600e+00
5 25 1.842650e+00
5 26 2.255510e+00
5 27 2.669580e+00
5 28 2.883030e+00
5 29 2.858540e+00
5 30 2.697400e+00
5 31 2.441420e+00
5 32 2.058530e+00
5 33 1.558860e+00
5 34 1.076110e+00
5 35 6.821020e-01
5 36 3.699050e-01
5 37 1.568510e-01
5 38 4.910910e-02
5 39 1.040560e-02
5 40 1.573610e-03
6 1 1.096150e-01
6 2 4.585650e-02
6 3 6.834640e-02
6 4 9.367350e-02
6 5 1.349220e-01
6 6 1.893350e-01
6 7 2.413390e-01
6 8 3.007820e-01
6 9 3.710370e-01
6 10 4.589640e-01
6 11 5.594830e-01
6 12 6.761500e-01
6 13 8.085670e-01
6 14 9.540040e-01
6 15 1.102710e+00
6 16 1.248870e+00
6 17 1.381630e+00
6 18 1.483760e+00
6 19 1.542540e+00
6 20 1.551520e+00
6 21 1.536040e+00
6 22 1.428520e+00
6 23 1.377060e+00
6 24 1.430780e+00
6 25 1.649120e+00
6 26 2.015560e+00
6 27 2.384750e+00
6 28 2.575550e+00
6 29 2.553610e+00
6 30 2.409220e+00
6 31 2.180230e+00
6 32 1.838230e+00
6 33 1.391970e+00
6 34 9.607740e-01
6 35 6.089210e-01
6 36 3.302010e-01
6 37 1.400150e-01
6 38 4.383790e-02
6 39 9.288930e-03
6 40 1.404820e-03
7 1 8.369120e-02
7 2 3.491960e-02
7 3 5.262580e-02
7 4 7.316020e-02
7 5 1.056970e-01
7 6 1.515110e-01
7 7 2.122060e-01
7 8 2.711290e-01
7 9 3.342900e-01
7 10 4.134470e-01
7 11 5.043160e-01
7 12 6.089670e-01
7 13 7.277920e-01
7 14 8.594260e-01
7 15 9.931070e-01
7 16 1.125980e+00
7 17 1.244980e+00
7 18 1.337020e+00
7 19 1.391110e+00
7 20 1.399360e+00
7 21 1.385620e+00
7 22 1.288480e+00
7 23 1.240420e+00
7 24 1.284800e+00
7 25 1.476160e+00
7 26 1.800730e+00
7 27 2.129620e+00
7 28 2.300160e+00
7 29 2.280490e+00
7 30 2.151060e+00
7 31 1.946200e+00
7 32 1.640830e+00
7 33 1.242420e+00
7 34 8.574130e-01
7 35 5.433280e-01
7 36 2.946110e-01
7 37 1.249230e-01
7 38 3.911330e-02
7 39 8.288000e-03
7 40 1.253520e-03
8 1 6.448360e-02
8 2 2.689230e-02
8 3 4.056600e-02
8 4 5.660020e-02
8 5 8.242750e-02
8 6 1.182400e-01
8 7 1.691610e-01
8 8 2.386830e-01
8 9 3.018990e-01
8 10 3.730650e-01
8 11 4.553370e-01
8 12 5.500210e-01
8 13 6.566850e-01
8 14 7.764490e-01
8 15 8.973730e-01
8 16 1.018580e+00
8 17 1.125990e+00
8 18 1.208400e+00
8 19 1.258480e+00
8 20 1.266260e+00
8 21 1.253710e+00
8 22 1.165970e+00
8 23 1.120530e+00
8 24 1.156180e+00
8 25 1.323120e+00
8 26 1.610150e+00
8 27 1.903160e+00
8 28 2.055750e+00
8 29 2.038100e+00
8 30 1.921870e+00
8 31 1.738390e+00
8 32 1.465540e+00
8 33 1.109610e+00
8 34 7.655990e-01
8 35 4.850510e-01
8 36 2.629890e-01
8 37 1.115140e-01
8 38 3.491550e-02
8 39 7.398660e-03
8 40 1.119100e-03
9 1 5.208930e-02
9 2 2.133530e-02
9 3 3.175160e-02
9 4 4.392860e-02
9 5 6.409270e-02
9 6 9.253640e-02
9 7 1.321660e-01
9 8 1.901880e-01
9 9 2.661760e-01
9 10 3.378230e-01
9 11 4.120870e-01
9 12 4.983550e-01
9 13 5.949500e-01
9 14 7.042920e-01
9 15 8.150180e-01
9 16 9.261890e-01
9 17 1.023920e+00
9 18 1.097090e+00
9 19 1.143890e+00
9 20 1.151250e+00
9 21 1.139320e+00
9 22 1.060230e+00
9 23 1.016640e+00
9 24 1.044080e+00
9 25 1.188990e+00
9 26 1.442500e+00
9 27 1.703780e+00
9 28 1.840560e+00
9 29 1.824680e+00
9 30 1.720010e+00
9 31 1.555290e+00
9 32 1.311080e+00
9 33 9.925740e-01
9 34 6.846740e-01
9 35 4.336710e-01
9 36 2.351070e-01
9 37 9.968940e-02
9 38 3.121400e-02
9 39 6.614490e-03
9 40 1.000580e-03
10 1 4.000990e-02
10 2 1.638930e-02
10 3 2.439010e-02
10 4 3.383340e-02
10 5 4.931110e-02
10 6 7.130670e-02
10 7 1.025760e-01
10 8 1.474140e-01
10 9 2.113240e-01
10 10 2.987220e-01
10 11 3.751310e-01
10 12 4.540710e-01
10 13 5.424630e-01
10 14 6.418920e-01
10 15 7.442630e-01
10 16 8.486230e-01
10 17 9.396810e-01
10 18 1.002420e+00
10 19 1.042760e+00
10 20 1.050920e+00
10 21 1.038320e+00
10 22 9.668850e-01
10 23 9.252540e-01
10 24 9.450700e-01
10 25 1.069750e+00
10 26 1.292840e+00
10 27 1.525610e+00
10 28 1.648320e+00
10 29 1.634000e+00
10 30 1.539600e+00
10 31 1.391590e+00
10 32 1.172960e+00
10 33 8.879120e-01
10 34 6.122830e-01
10 35 3.876960e-01
10 36 2.101540e-01
10 37 8.910770e-02
10 38 2.790160e-02
10 39 5.912770e-03
10 40 8.945470e-04
11 1 3.002970e-02
11 2 1.225710e-02
11 3 1.823480e-02
11 4 2.522490e-02
11 5 3.686940e-02
11 6 5.363470e-02
11 7 7.771880e-02
11 8 1.128150e-01
11 9 1.621100e-01
11 10 2.355680e-01
11 11 3.325790e-01
11 12 4.154760e-01
11 13 4.969040e-01
11 14 5.870530e-01
11 15 6.824790e-01
11 16 7.792760e-01
11 17 8.673740e-01
11 18 9.226100e-01
11 19 9.561150e-01
11 20 9.651760e-01
11 21 9.509610e-01
11 22 8.872570e-01
11 23 8.463000e-01
11 24 8.586230e-01
11 25 9.647220e-01
11 26 1.160280e+00
11 27 1.367570e+00
11 28 1.477860e+00
11 29 1.464920e+00
11 30 1.379550e+00
11 31 1.246280e+00
11 32 1.050350e+00
11 33 7.949870e-01
11 34 5.479880e-01
11 35 3.468460e-01
11 36 1.879800e-01
11 37 7.970390e-02
11 38 2.495810e-02
11 39 5.289230e-03
11 40 8.003480e-04
12 1 2.391720e-02
12 2 9.751870e-03
12 3 1.443050e-02
12 4 1.976200e-02
12 5 2.853540e-02
12 6 4.096680e-02
12 7 5.895410e-02
12 8 8.581430e-02
12 9 1.241290e-01
12 10 1.803070e-01
12 11 2.616200e-01
12 12 3.694130e-01
12 13 4.572490e-01
12 14 5.398950e-01
12 15 6.271040e-01
12 16 7.178650e-01
12 17 8.019390e-01
12 18 8.556980e-01
12 19 8.849100e-01
12 20 8.936100e-01
12 21 8.770650e-01
12 22 8.218390e-01
12 23 7.797690e-01
12 24 7.843790e-01
12 25 8.733680e-01
12 26 1.043970e+00
12 27 1.228540e+00
12 28 1.327960e+00
12 29 1.316230e+00
12 30 1.238690e+00
12 31 1.118310e+00
12 32 9.423480e-01
12 33 7.131180e-01
12 34 4.913160e-01
12 35 3.108210e-01
12 36 1.684200e-01
12 37 7.140840e-02
12 38 2.236160e-02
12 39 4.739240e-03
12 40 7.172890e-04
13 1 1.688030e-02
13 2 6.888740e-03
13 3 1.020970e-02
13 4 1.398340e-02
13 5 2.025260e-02
13 6 2.916130e-02
13 7 4.226420e-02
13 8 6.212820e-02
13 9 9.110420e-02
13 10 1.343550e-01
13 11 1.964030e-01
13 12 2.880840e-01
13 13 4.089770e-01
13 14 5.032980e-01
13 15 5.844130e-01
13 16 6.681120e-01
13 17 7.456760e-01
13 18 8.010780e-01
13 19 8.289250e-01
13 20 8.340730e-01
13 21 8.151900e-01
13 22 7.676060e-01
13 23 7.231110e-01
13 24 7.198450e-01
13 25 7.928360e-01
13 26 9.406010e-01
13 27 1.104660e+00
13 28 1.194510e+00
13 29 1.183880e+00
13 30 1.113240e+00
13 31 1.004250e+00
13 32 8.460680e-01
13 33 6.401230e-01
13 34 4.407560e-01
13 35 2.786640e-01
13 36 1.509550e-01
13 37 6.400150e-02
13 38 2.004330e-02
13 39 4.248240e-03
13 40 6.431420e-04
14 1 1.357680e-02
14 2 5.541990e-03
14 3 8.193080e-03
14 4 1.124850e-02
14 5 1.619270e-02
14 6 2.314400e-02
14 7 3.312140e-02
14 8 4.782350e-02
14 9 6.894670e-02
14 10 1.010550e-01
14 11 1.478910e-01
14 12 2.164680e-01
14 13 3.183530e-01
14 14 4.536760e-01
14 15 5.519620e-01
14 16 6.321830e-01
14 17 7.010500e-01
14 18 7.587490e-01
14 19 7.856150e-01
14 20 7.890380e-01
14 21 7.671940e-01
14 22 7.263060e-01
14 23 6.778970e-01
14 24 6.664350e-01
14 25 7.244240e-01
14 26 8.512770e-01
14 27 9.968610e-01
14 28 1.078410e+00
14 29 1.068710e+00
14 30 1.003970e+00
14 31 9.047430e-01
14 32 7.620400e-01
14 33 5.764050e-01
14 34 3.965800e-01
14 35 2.505390e-01
14 36 1.356730e-01
14 37 5.751980e-02
14 38 1.801460e-02
14 39 3.818640e-03
14 40 5.782860e-04
15 1 9.962790e-03
15 2 4.064800e-03
15 3 6.022740e-03
15 4 8.245640e-03
15 5 1.189370e-02
15 6 1.701200e-02
15 7 2.427080e-02
15 8 3.512070e-02
15 9 5.079530e-02
15 10 7.439710e-02
15 11 1.087010e-01
15 12 1.598100e-01
15 13 2.352220e-01
15 14 3.496110e-01
15 15 4.989940e-01
15 16 6.001700e-01
15 17 6.685290e-01
15 18 7.230190e-01
15 19 7.519620e-01
15 20 7.550770e-01
15 21 7.286930e-01
15 22 6.954930e-01
15 23 6.412100e-01
15 24 6.212320e-01
15 25 6.653560e-01
15 26 7.728740e-01
15 27 9.015880e-01
15 28 9.759220e-01
15 29 9.670840e-01
15 30 9.074420e-01
15 31 8.167140e-01
15 32 6.876610e-01
15 33 5.199990e-01
15 34 3.574370e-01
15 35 2.255910e-01
15 36 1.221090e-01
15 37 5.176680e-02
15 38 1.621400e-02
15 39 3.437390e-03
15 40 5.207690e-04
16 1 7.042740e-03
16 2 2.869160e-03
16 3 4.243760e-03
16 4 5.831170e-03
16 5 8.389700e-03
16 6 1.198940e-02
16 7 1.715900e-02
16 8 2.473010e-02
16 9 3.567120e-02
16 10 5.254290e-02
16 11 7.728660e-02
16 12 1.141860e-01
16 13 1.696300e-01
16 14 2.537120e-01
16 15 3.809870e-01
16 16 5.475320e-01
16 17 6.470700e-01
16 18 6.990400e-01
16 19 7.316190e-01
16 20 7.342830e-01
16 21 7.056890e-01
16 22 6.727460e-01
16 23 6.152980e-01
16 24 5.872490e-01
16 25 6.157140e-01
16 26 7.052540e-01
16 27 8.185580e-01
16 28 8.866410e-01
16 29 8.786880e-01
16 30 8.233600e-01
16 31 7.398680e-01
16 32 6.226810e-01
16 33 4.707160e-01
16 34 3.231860e-01
16 35 2.037320e-01
16 36 1.102140e-01
16 37 4.672220e-02
16 38 1.463550e-02
16 39 3.103230e-03
16 40 4.703770e-04
17 1 5.174620e-03
17 2 2.109520e-03
17 3 3.120880e-03
17 4 4.277260e-03
17 5 6.156480e-03
17 6 8.791190e-03
17 7 1.253170e-02
17 8 1.801140e-02
17 9 2.587200e-02
17 10 3.762970e-02
17 11 5.510250e-02
17 12 8.118700e-02
17 13 1.203590e-01
17 14 1.803980e-01
17 15 2.719460e-01
17 16 4.141540e-01
17 17 5.972980e-01
17 18 6.878620e-01
17 19 7.164300e-01
17 20 7.249000e-01
17 21 6.992370e-01
17 22 6.574130e-01
17 23 6.015070e-01
17 24 5.637970e-01
17 25 5.752300e-01
17 26 6.471220e-01
17 27 7.458690e-01
17 28 8.083900e-01
17 29 8.013850e-01
17 30 7.496760e-01
17 31 6.723250e-01
17 32 5.654950e-01
17 33 4.273480e-01
17 34 2.929900e-01
17 35 1.844230e-01
17 36 9.969510e-02
17 37 4.226080e-02
17 38 1.323930e-02
17 39 2.807960e-03
17 40 4.259250e-04
18 1 3.506190e-03
18 2 1.431580e-03
18 3 2.120000e-03
18 4 2.908720e-03
18 5 4.190390e-03
18 6 5.987030e-03
18 7 8.524310e-03
18 8 1.225850e-02
18 9 1.757260e-02
18 10 2.558210e-02
18 11 3.738900e-02
18 12 5.522320e-02
18 13 8.226350e-02
18 14 1.243240e-01
18 15 1.890380e-01
18 16 2.901030e-01
18 17 4.474990e-01
18 18 6.465260e-01
18 19 7.210790e-01
18 20 7.288220e-01
18 21 7.125780e-01
18 22 6.595750e-01
18 23 5.957630e-01
18 24 5.503800e-01
18 25 5.451630e-01
18 26 5.983440e-01
18 27 6.833490e-01
18 28 7.410980e-01
18 29 7.352090e-01
18 30 6.864100e-01
18 31 6.141310e-01
18 32 5.161400e-01
18 33 3.899240e-01
18 34 2.668680e-01
18 35 1.676710e-01
18 36 9.055880e-02
18 37 3.838510e-02
18 38 1.202630e-02
18 39 2.551880e-03
18 40 3.874020e-04
19 1 2.219170e-03
19 2 9.050270e-04
19 3 1.338440e-03
19 4 1.843180e-03
19 5 2.650620e-03
19 6 3.793720e-03
19 7 5.428800e-03
19 8 7.810520e-03
19 9 1.121980e-02
19 10 1.633590e-02
19 11 2.380640e-02
19 12 3.522980e-02
19 13 5.272530e-02
19 14 8.026190e-02
19 15 1.234390e-01
19 16 1.927750e-01
19 17 3.035080e-01
19 18 4.787340e-01
19 19 6.984670e-01
19 20 7.638970e-01
19 21 7.405960e-01
19 22 6.914830e-01
19 23 6.038310e-01
19 24 5.486240e-01
19 25 5.261780e-01
19 26 5.597590e-01
19 27 6.312840e-01
19 28 6.850300e-01
19 29 6.805090e-01
19 30 6.339580e-01
19 31 5.656040e-01
19 32 4.748620e-01
19 33 3.586390e-01
19 34 2.449390e-01
19 35 1.535420e-01
19 36 8.284590e-02
19 37 3.511040e-02
19 38 1.100110e-02
19 39 2.336160e-03
19 40 3.549030e-04
20 1 1.495710e-03
20 2 6.102770e-04
20 3 9.044190e-04
20 4 1.240770e-03
20 5 1.787100e-03
20 6 2.555980e-03
20 7 3.645730e-03
20 8 5.238730e-03
20 9 7.525210e-03
20 10 1.096990e-02
20 11 1.597770e-02
20 12 2.346410e-02
20 13 3.471140e-02
20 14 5.210670e-02
20 15 7.936490e-02
20 16 1.228110e-01
20 17 1.930460e-01
20 18 3.109190e-01
20 19 5.048870e-01
20 20 7.505930e-01
20 21 7.993240e-01
20 22 7.317370e-01
20 23 6.411310e-01
20 24 5.605720e-01
20 25 5.180810e-01
20 26 5.298900e-01
20 27 5.863890e-01
20 28 6.357910e-01
20 29 6.329830e-01
20 30 5.883110e-01
20 31 5.230490e-01
20 32 4.384870e-01
20 33 3.311040e-01
20 34 2.255500e-01
20 35 1.409800e-01
20 36 7.598440e-02
20 37 3.219130e-02
20 38 1.008640e-02
20 39 2.144750e-03
20 40 3.260280e-04
21 1 9.635290e-04
21 2 3.927670e-04
21 3 5.816590e-04
21 4 8.001300e-04
21 5 1.149760e-03
21 6 1.644040e-03
21 7 2.352680e-03
21 8 3.377800e-03
21 9 4.846550e-03
21 10 7.056350e-03
21 11 1.025200e-02
21 12 1.504390e-02
21 13 2.229040e-02
21 14 3.345610e-02
21 15 5.053030e-02
21 16 7.739920e-02
21 17 1.205730e-01
21 18 1.915710e-01
21 19 3.128430e-01
21 20 5.252630e-01
21 21 7.898090e-01
21 22 8.064240e-01
21 23 7.085720e-01
21 24 5.973660e-01
21 25 5.270440e-01
21 26 5.125670e-01
21 27 5.505990e-01
21 28 5.952600e-01
21 29 5.947160e-01
21 30 5.515010e-01
21 31 4.883290e-01
21 32 4.085390e-01
21 33 3.085110e-01
21 34 2.095230e-01
21 35 1.304760e-01
21 36 7.024710e-02
21 37 2.974400e-02
21 38 9.318370e-03
21 39 1.985540e-03
21 40 3.019610e-04
22 1 5.974150e-04
22 2 2.442500e-04
22 3 3.601260e-04
22 4 4.954880e-04
22 5 7.144870e-04
22 6 1.017320e-03
22 7 1.455420e-03
22 8 2.095080e-03
22 9 2.991970e-03
22 10 4.347910e-03
22 11 6.319510e-03
22 12 9.239070e-03
22 13 1.364200e-02
22 14 2.040480e-02
22 15 3.078850e-02
22 16 4.717520e-02
22 17 7.311680e-02
22 18 1.157110e-01
22 19 1.884790e-01
22 20 3.123880e-01
22 21 5.386340e-01
22 22 8.393880e-01
22 23 8.203140e-01
22 24 6.755510e-01
22 25 5.598450e-01
22 26 5.119100e-01
22 27 5.255620e-01
22 28 5.637010e-01
22 29 5.657680e-01
22 30 5.238090e-01
22 31 4.616190e-01
22 32 3.850990e-01
22 33 2.909080e-01
22 34 1.969340e-01
22 35 1.220500e-01
22 36 6.563210e-02
22 37 2.777640e-02
22 38 8.700230e-03
22 39 1.859040e-03
22 40 2.827460e-04
23 1 3.741450e-04
23 2 1.522670e-04
23 3 2.259530e-04
23 4 3.089160e-04
23 5 4.440160e-04
23 6 6.353890e-04
23 7 9.031390e-04
23 8 1.294780e-03
23 9 1.854810e-03
23 10 2.678820e-03
23 11 3.869970e-03
23 12 5.638530e-03
23 13 8.257950e-03
23 14 1.224030e-02
23 15 1.830220e-02
23 16 2.788110e-02
23 17 4.308280e-02
23 18 6.764680e-02
23 19 1.081900e-01
23 20 1.793180e-01
23 21 3.053520e-01
23 22 5.434140e-01
23 23 8.733760e-01
23 24 8.107250e-01
23 25 6.399940e-01
23 26 5.334910e-01
23 27 5.138980e-01
23 28 5.389930e-01
23 29 5.447970e-01
23 30 5.042770e-01
23 31 4.419820e-01
23 32 3.672980e-01
23 33 2.776790e-01
23 34 1.873040e-01
23 35 1.154390e-01
23 36 6.197300e-02
23 37 2.622150e-02
23 38 8.213890e-03
23 39 1.761110e-03
23 40 2.677510e-04
24 1 2.656030e-04
24 2 1.079610e-04
24 3 1.596050e-04
24 4 2.184470e-04
24 5 3.131780e-04
24 6 4.459770e-04
24 7 6.334580e-04
24 8 9.040090e-04
24 9 1.286080e-03
24 10 1.850520e-03
24 11 2.653600e-03
24 12 3.830040e-03
24 13 5.558160e-03
24 14 8.128720e-03
24 15 1.197190e-02
24 16 1.787550e-02
24 17 2.702880e-02
24 18 4.152510e-02
24 19 6.484970e-02
24 20 1.038180e-01
24 21 1.719650e-01
24 22 2.976070e-01
24 23 5.470020e-01
24 24 9.052080e-01
24 25 8.059210e-01
24 26 6.080850e-01
24 27 5.245920e-01
24 28 5.250530e-01
24 29 5.319760e-01
24 30 4.945190e-01
24 31 4.306350e-01
24 32 3.560180e-01
24 33 2.694630e-01
24 34 1.810820e-01
24 35 1.108820e-01
24 36 5.937710e-02
24 37 2.512830e-02
24 38 7.875620e-03
24 39 1.695330e-03
24 40 2.576840e-04
25 1 2.121380e-04
25 2 8.605630e-05
25 3 1.263570e-04
25 4 1.721860e-04
25 5 2.443060e-04
25 6 3.458360e-04
25 7 4.930980e-04
25 8 7.054920e-04
25 9 1.002840e-03
25 10 1.441460e-03
25 11 2.047090e-03
25 12 2.924290e-03
25 13 4.199930e-03
25 14 6.046510e-03
25 15 8.732350e-03
25 16 1.275400e-02
25 17 1.878070e-02
25 18 2.794890e-02
25 19 4.214780e-02
25 20 6.489220e-02
25 21 1.021730e-01
25 22 1.676760e-01
25 23 2.919230e-01
25 24 5.537760e-01
25 25 9.284590e-01
25 26 7.879370e-01
25 27 5.830070e-01
25 28 5.278480e-01
25 29 5.268010e-01
25 30 4.942740e-01
25 31 4.280760e-01
25 32 3.514300e-01
25 33 2.662680e-01
25 34 1.783920e-01
25 35 1.083680e-01
25 36 5.783670e-02
25 37 2.449400e-02
25 38 7.685650e-03
25 39 1.662040e-03
25 40 2.527080e-04
26 1 1.680410e-04
26 2 6.818010e-05
26 3 1.004470e-04
26 4 1.371460e-04
26 5 1.961890e-04
26 6 2.772270e-04
26 7 3.907210e-04
26 8 5.528950e-04
26 9 7.794290e-04
26 10 1.109720e-03
26 11 1.575010e-03
26 12 2.245010e-03
26 13 3.205620e-03
26 14 4.580450e-03
26 15 6.551310e-03
26 16 9.386030e-03
26 17 1.352930e-02
26 18 1.967980e-02
26 19 2.882870e-02
26 20 4.293500e-02
26 21 6.519210e-02
26 22 1.013990e-01
26 23 1.634120e-01
26 24 2.825140e-01
26 25 5.480270e-01
26 26 9.524150e-01
26 27 7.671930e-01
26 28 5.703210e-01
26 29 5.318690e-01
26 30 5.039770e-01
26 31 4.358140e-01
26 32 3.544930e-01
26 33 2.684600e-01
26 34 1.795770e-01
26 35 1.081090e-01
26 36 5.749480e-02
26 37 2.435400e-02
26 38 7.658490e-03
26 39 1.664600e-03
26 40 2.533940e-04
27 1 1.428060e-04
27 2 5.785180e-05
27 3 8.520680e-05
27 4 1.164310e-04
27 5 1.659660e-04
27 6 2.345660e-04
27 7 3.316930e-04
27 8 4.705570e-04
27 9 6.654940e-04
27 10 9.500370e-04
27 11 1.343850e-03
27 12 1.904910e-03
27 13 2.708610e-03
27 14 3.856140e-03
27 15 5.486890e-03
27 16 7.853540e-03
27 17 1.121930e-02
27 18 1.609270e-02
27 19 2.324220e-02
27 20 3.375760e-02
27 21 4.938110e-02
27 22 7.310990e-02
27 23 1.098310e-01
27 24 1.698460e-01
27 25 2.818200e-01
27 26 5.409400e-01
27 27 9.729040e-01
27 28 7.474370e-01
27 29 5.667000e-01
27 30 5.251530e-01
27 31 4.578030e-01
27 32 3.686300e-01
27 33 2.778500e-01
27 34 1.860390e-01
27 35 1.108610e-01
27 36 5.865480e-02
27 37 2.485970e-02
27 38 7.832430e-03
27 39 1.711810e-03
27 40 2.612200e-04
28 1 1.120060e-04
28 2 4.535440e-05
28 3 6.681000e-05
28 4 9.151940e-05
28 5 1.304680e-04
28 6 1.843890e-04
28 7 2.605490e-04
28 8 3.656020e-04
28 9 5.128010e-04
28 10 7.315810e-04
28 11 1.040600e-03
28 12 1.490450e-03
28 13 2.116220e-03
28 14 3.020970e-03
28 15 4.319680e-03
28 16 6.158350e-03
28 17 8.841280e-03
28 18 1.267340e-02
28 19 1.819490e-02
28 20 2.639200e-02
28 21 3.821580e-02
28 22 5.617090e-02
28 23 8.265080e-02
28 24 1.220520e-01
28 25 1.833100e-01
28 26 2.918080e-01
28 27 5.520610e-01
28 28 9.706860e-01
28 29 7.354700e-01
28 30 5.650140e-01
28 31 4.963340e-01
28 32 3.970690e-01
28 33 2.965870e-01
28 34 1.991620e-01
28 35 1.174600e-01
28 36 6.165640e-02
28 37 2.621150e-02
28 38 8.269890e-03
28 39 1.814670e-03
28 40 2.783260e-04
29 1 7.942650e-05
29 2 3.221730e-05
29 3 4.757950e-05
29 4 6.486110e-05
29 5 9.268050e-05
29 6 1.315730e-04
29 7 1.856240e-04
29 8 2.631250e-04
29 9 3.716270e-04
29 10 5.282450e-04
29 11 7.463640e-04
29 12 1.058380e-03
29 13 1.495980e-03
29 14 2.127020e-03
29 15 3.032830e-03
29 16 4.342760e-03
29 17 6.238550e-03
29 18 8.988490e-03
29 19 1.297130e-02
29 20 1.878200e-02
29 21 2.728680e-02
29 22 4.006030e-02
29 23 5.918420e-02
29 24 8.836440e-02
29 25 1.321530e-01
29 26 1.976300e-01
29 27 3.041710e-01
29 28 5.529670e-01
29 29 9.884710e-01
29 30 7.189020e-01
29 31 5.543010e-01
29 32 4.466680e-01
29 33 3.288220e-01
29 34 2.212710e-01
29 35 1.293610e-01
29 36 6.716230e-02
29 37 2.863200e-02
29 38 9.080040e-03
29 39 2.004990e-03
29 40 3.089280e-04
30 1 6.071290e-05
30 2 2.465700e-05
30 3 3.635720e-05
30 4 4.972860e-05
30 5 7.090600e-05
30 6 1.004850e-04
30 7 1.422260e-04
30 8 2.011580e-04
30 9 2.835510e-04
30 10 4.042610e-04
30 11 5.704400e-04
30 12 8.083290e-04
30 13 1.148770e-03
30 14 1.630750e-03
30 15 2.319830e-03
30 16 3.314670e-03
30 17 4.727510e-03
30 18 6.789620e-03
30 19 9.763490e-03
30 20 1.407590e-02
30 21 2.041650e-02
30 22 2.986380e-02
30 23 4.414700e-02
30 24 6.553880e-02
30 25 9.794390e-02
30 26 1.469700e-01
30 27 2.193550e-01
30 28 3.290460e-01
30 29 5.649280e-01
30 30 9.751850e-01
30 31 7.181670e-01
30 32 5.263270e-01
30 33 3.841740e-01
30 34 2.567050e-01
30 35 1.497130e-01
30 36 7.647840e-02
30 37 3.271500e-02
30 38 1.041930e-02
30 39 2.324190e-03
30 40 3.597140e-04
31 1 4.607120e-05
31 2 1.867670e-05
31 3 2.760800e-05
31 4 3.763370e-05
31 5 5.368870e-05
31 6 7.625830e-05
31 7 1.075500e-04
31 8 1.520950e-04
31 9 2.145630e-04
31 10 3.043560e-04
31 11 4.291600e-04
31 12 6.109540e-04
31 13 8.675290e-04
31 14 1.230590e-03
31 15 1.750960e-03
31 16 2.489650e-03
31 17 3.534790e-03
31 18 5.070230e-03
31 19 7.300990e-03
31 20 1.049900e-02
31 21 1.515890e-02
31 22 2.200200e-02
31 23 3.206610e-02
31 24 4.697130e-02
31 25 6.973140e-02
31 26 1.046530e-01
31 27 1.576030e-01
31 28 2.376290e-01
31 29 3.564140e-01
31 30 5.903020e-01
31 31 9.787540e-01
31 32 6.953780e-01
31 33 4.787540e-01
31 34 3.141150e-01
31 35 1.836590e-01
31 36 9.202880e-02
31 37 3.932820e-02
31 38 1.263880e-02
31 39 2.840380e-03
31 40 4.438120e-04
32 1 3.405520e-05
32 2 1.383630e-05
32 3 2.038920e-05
32 4 2.785160e-05
32 5 3.977400e-05
32 6 5.632820e-05
32 7 7.961090e-05
32 8 1.127250e-04
32 9 1.585370e-04
32 10 2.248990e-04
32 11 3.155530e-04
32 12 4.439500e-04
32 13 6.275350e-04
32 14 8.937550e-04
32 15 1.277600e-03
32 16 1.832740e-03
32 17 2.622430e-03
32 18 3.757860e-03
32 19 5.382880e-03
32 20 7.733630e-03
32 21 1.113960e-02
32 22 1.611410e-02
32 23 2.339200e-02
32 24 3.412100e-02
32 25 5.016590e-02
32 26 7.436210e-02
32 27 1.110990e-01
32 28 1.668870e-01
32 29 2.522270e-01
32 30 3.813170e-01
32 31 6.081790e-01
32 32 9.900570e-01
32 33 6.624560e-01
32 34 4.158760e-01
32 35 2.404480e-01
32 36 1.189340e-01
32 37 5.025500e-02
32 38 1.634750e-02
32 39 3.714300e-03
32 40 5.863760e-04
33 1 2.499190e-05
33 2 1.018630e-05
33 3 1.502720e-05
33 4 2.057880e-05
33 5 2.927850e-05
33 6 4.150430e-05
33 7 5.880600e-05
33 8 8.297680e-05
33 9 1.169590e-04
33 10 1.668700e-04
33 11 2.348550e-04
33 12 3.327540e-04
33 13 4.729190e-04
33 14 6.671850e-04
33 15 9.430060e-04
33 16 1.342470e-03
33 17 1.900910e-03
33 18 2.708480e-03
33 19 3.888890e-03
33 20 5.610650e-03
33 21 8.139680e-03
33 22 1.177890e-02
33 23 1.712260e-02
33 24 2.500640e-02
33 25 3.665510e-02
33 26 5.418840e-02
33 27 8.040080e-02
33 28 1.197500e-01
33 29 1.785640e-01
33 30 2.676940e-01
33 31 4.044390e-01
33 32 6.374050e-01
33 33 9.785600e-01
33 34 6.275940e-01
33 35 3.438610e-01
33 36 1.688940e-01
33 37 6.957160e-02
33 38 2.289850e-02
33 39 5.267080e-03
33 40 8.461810e-04
34 1 1.890330e-05
34 2 7.702650e-06
34 3 1.139250e-05
34 4 1.550520e-05
34 5 2.213220e-05
34 6 3.145680e-05
34 7 4.429180e-05
34 8 6.268540e-05
34 9 8.858440e-05
34 10 1.255840e-04
34 11 1.772160e-04
34 12 2.516710e-04
34 13 3.552190e-04
34 14 5.027510e-04
34 15 7.130050e-04
34 16 1.009560e-03
34 17 1.430910e-03
34 18 2.037340e-03
34 19 2.917700e-03
34 20 4.198340e-03
34 21 6.018810e-03
34 22 8.684670e-03
34 23 1.256800e-02
34 24 1.830310e-02
34 25 2.674350e-02
34 26 3.933990e-02
34 27 5.838030e-02
34 28 8.689040e-02
34 29 1.293740e-01
34 30 1.926700e-01
34 31 2.857730e-01
34 32 4.265830e-01
34 33 6.689030e-01
34 34 9.627080e-01
34 35 5.703180e-01
34 36 2.671420e-01
34 37 1.073940e-01
34 38 3.526240e-02
34 39 8.235480e-03
34 40 1.356040e-03
35 1 1.497450e-05
35 2 6.140130e-06
35 3 9.045230e-06
35 4 1.229380e-05
35 5 1.751090e-05
35 6 2.473320e-05
35 7 3.488840e-05
35 8 4.967930e-05
35 9 7.024210e-05
35 10 9.984320e-05
35 11 1.411640e-04
35 12 1.997590e-04
35 13 2.819420e-04
35 14 4.007210e-04
35 15 5.670380e-04
35 16 8.035910e-04
35 17 1.143760e-03
35 18 1.624970e-03
35 19 2.308890e-03
35 20 3.302970e-03
35 21 4.711100e-03
35 22 6.730750e-03
35 23 9.683360e-03
35 24 1.397850e-02
35 25 2.033590e-02
35 26 2.963320e-02
35 27 4.331980e-02
35 28 6.356420e-02
35 29 9.363060e-02
35 30 1.384890e-01
35 31 2.053300e-01
35 32 3.032700e-01
35 33 4.460860e-01
35 34 6.777930e-01
35 35 9.618520e-01
35 36 5.006870e-01
35 37 1.914470e-01
35 38 6.084630e-02
35 39 1.452630e-02
35 40 2.443090e-03
36 1 1.163410e-05
36 2 4.799860e-06
36 3 7.090620e-06
36 4 9.617790e-06
36 5 1.378590e-05
36 6 1.957110e-05
36 7 2.745930e-05
36 8 3.901670e-05
36 9 5.506830e-05
36 10 7.777440e-05
36 11 1.101420e-04
36 12 1.561910e-04
36 13 2.197430e-04
36 14 3.124150e-04
36 15 4.431960e-04
36 16 6.259920e-04
36 17 8.904150e-04
36 18 1.268450e-03
36 19 1.795670e-03
36 20 2.565260e-03
36 21 3.663430e-03
36 22 5.210640e-03
36 23 7.476500e-03
36 24 1.081910e-02
36 25 1.563110e-02
36 26 2.264910e-02
36 27 3.306110e-02
36 28 4.815140e-02
36 29 7.026430e-02
36 30 1.025900e-01
36 31 1.497350e-01
36 32 2.184440e-01
36 33 3.194850e-01
36 34 4.653990e-01
36 35 6.937420e-01
36 36 9.253360e-01
36 37 4.349900e-01
36 38 1.266480e-01
36 39 2.994750e-02
36 40 5.170240e-03
37 1 8.841870e-06
37 2 3.655740e-06
37 3 5.403750e-06
37 4 7.394230e-06
37 5 1.050050e-05
37 6 1.491210e-05
37 7 2.110940e-05
37 8 2.971970e-05
37 9 4.195240e-05
37 10 5.978160e-05
37 11 8.389920e-05
37 12 1.189680e-04
37 13 1.688650e-04
37 14 2.379730e-04
37 15 3.374850e-04
37 16 4.808280e-04
37 17 6.781970e-04
37 18 9.655980e-04
37 19 1.378240e-03
37 20 1.954230e-03
37 21 2.794930e-03
37 22 4.007940e-03
37 23 5.699430e-03
37 24 8.182300e-03
37 25 1.186170e-02
37 26 1.720670e-02
37 27 2.518720e-02
37 28 3.692670e-02
37 29 5.397430e-02
37 30 7.909210e-02
37 31 1.152900e-01
37 32 1.666390e-01
37 33 2.390890e-01
37 34 3.409430e-01
37 35 4.852900e-01
37 36 7.096110e-01
37 37 8.588030e-01
37 38 3.724030e-01
37 39 7.782970e-02
37 40 1.366600e-02
38 1 6.400810e-06
38 2 2.673330e-06
38 3 3.967720e-06
38 4 5.400340e-06
38 5 7.678590e-06
38 6 1.094950e-05
38 7 1.541920e-05
38 8 2.173270e-05
38 9 3.080490e-05
38 10 4.367300e-05
38 11 6.135450e-05
38 12 8.735990e-05
38 13 1.233900e-04
38 14 1.740480e-04
38 15 2.478430e-04
38 16 3.514800e-04
38 17 4.961750e-04
38 18 7.092920e-04
38 19 1.008230e-03
38 20 1.430750e-03
38 21 2.054200e-03
38 22 2.934210e-03
38 23 4.165720e-03
38 24 5.987550e-03
38 25 8.649730e-03
38 26 1.261010e-02
38 27 1.859680e-02
38 28 2.728430e-02
38 29 3.999390e-02
38 30 5.906620e-02
38 31 8.677850e-02
38 32 1.270460e-01
38 33 1.839220e-01
38 34 2.615150e-01
38 35 3.653530e-01
38 36 5.055370e-01
38 37 7.321640e-01
38 38 7.811670e-01
38 39 3.025020e-01
38 40 4.724530e-02
39 1 4.239230e-06
39 2 1.824080e-06
39 3 2.687960e-06
39 4 3.673990e-06
39 5 5.242970e-06
39 6 7.419000e-06
39 7 1.048980e-05
39 8 1.484190e-05
39 9 2.087810e-05
39 10 2.971530e-05
39 11 4.191430e-05
39 12 5.923880e-05
39 13 8.398710e-05
39 14 1.189720e-04
39 15 1.682260e-04
39 16 2.394430e-04
39 17 3.395440e-04
39 18 4.823060e-04
39 19 6.880360e-04
39 20 9.811110e-04
39 21 1.401380e-03
39 22 2.014160e-03
39 23 2.894570e-03
39 24 4.175240e-03
39 25 6.065800e-03
39 26 8.817840e-03
39 27 1.286060e-02
39 28 1.887490e-02
39 29 2.786070e-02
39 30 4.144850e-02
39 31 6.142060e-02
39 32 9.087220e-02
39 33 1.332000e-01
39 34 1.938430e-01
39 35 2.774830e-01
39 36 3.842200e-01
39 37 5.189040e-01
39 38 7.252000e-01
39 39 7.833380e-01
39 40 2.266510e-01
40 1 2.905550e-06
40 2 1.256910e-06
40 3 1.853010e-06
40 4 2.523160e-06
40 5 3.610730e-06
40 6 5.115410e-06
40 7 7.204540e-06
40 8 1.022230e-05
40 9 1.439860e-05
40 10 2.041280e-05
40 11 2.887420e-05
40 12 4.086830e-05
40 13 5.771910e-05
40 14 8.199690e-05
40 15 1.161350e-04
40 16 1.646990e-04
40 17 2.342420e-04
40 18 3.333820e-04
40 19 4.740970e-04
40 20 6.781790e-04
40 21 9.710670e-04
40 22 1.392840e-03
40 23 2.009220e-03
40 24 2.908150e-03
40 25 4.221890e-03
40 26 6.172000e-03
40 27 9.063400e-03
40 28 1.333910e-02
40 29 1.973690e-02
40 30 2.938120e-02
40 31 4.415570e-02
40 32 6.611030e-02
40 33 9.836060e-02
40 34 1.447730e-01
40 35 2.093500e-01
40 36 2.956000e-01
40 37 4.043700e-01
40 38 5.329860e-01
40 39 7.250550e-01
40 40 8.853950e-01
