1 1 4.681540e-01
1 2 1.746050e-01
1 3 2.278710e-01
1 4 2.747190e-01
1 5 3.467690e-01
1 6 4.310330e-01
1 7 5.311550e-01
1 8 6.544350e-01
1 9 7.955240e-01
1 10 9.687700e-01
1 11 1.162210e+00
1 12 1.376070e+00
1 13 1.605760e+00
1 14 1.829190e+00
1 15 2.016990e+00
1 16 2.216310e+00
1 17 2.308790e+00
1 18 2.258610e+00
1 19 2.138600e+00
1 20 1.875550e+00
1 21 1.557480e+00
1 22 1.282960e+00
1 23 1.160350e+00
1 24 1.273350e+00
1 25 1.649820e+00
1 26 2.190040e+00
1 27 2.622310e+00
1 28 2.627860e+00
1 29 2.248250e+00
1 30 1.794390e+00
1 31 1.366350e+00
1 32 9.721800e-01
1 33 5.449570e-01
1 34 2.520790e-01
1 35 1.083640e-01
1 36 3.792770e-02
1 37 8.238640e-03
1 38 1.074840e-03
1 39 7.917410e-05
1 40 3.050420e-06
2 1 3.695950e-01
2 2 1.528920e-01
2 3 2.042360e-01
2 4 2.461910e-01
2 5 3.108710e-01
2 6 3.867110e-01
2 7 4.765240e-01
2 8 5.872370e-01
2 9 7.141270e-01
2 10 8.693180e-01
2 11 1.042950e+00
2 12 1.234570e+00
2 13 1.440960e+00
2 14 1.643250e+00
2 15 1.805720e+00
2 16 1.961860e+00
2 17 2.049100e+00
2 18 2.028220e+00
2 19 1.925070e+00
2 20 1.687740e+00
2 21 1.402380e+00
2 22 1.155210e+00
2 23 1.042190e+00
2 24 1.140080e+00
2 25 1.473850e+00
2 26 1.954940e+00
2 27 2.340800e+00
2 28 2.346240e+00
2 29 2.007390e+00
2 30 1.601960e+00
2 31 1.219620e+00
2 32 8.677050e-01
2 33 4.864130e-01
2 34 2.249830e-01
2 35 9.669910e-02
2 36 3.384360e-02
2 37 7.351550e-03
2 38 9.591410e-04
2 39 7.065190e-05
2 40 2.722040e-06
3 1 2.897390e-01
3 2 1.223870e-01
3 3 1.790200e-01
3 4 2.211380e-01
3 5 2.791520e-01
3 6 3.476040e-01
3 7 4.285380e-01
3 8 5.281700e-01
3 9 6.425100e-01
3 10 7.817640e-01
3 11 9.378880e-01
3 12 1.109900e+00
3 13 1.295560e+00
3 14 1.479420e+00
3 15 1.623610e+00
3 16 1.749970e+00
3 17 1.830050e+00
3 18 1.826130e+00
3 19 1.737840e+00
3 20 1.523170e+00
3 21 1.266730e+00
3 22 1.043290e+00
3 23 9.382380e-01
3 24 1.022290e+00
3 25 1.317830e+00
3 26 1.746280e+00
3 27 2.090940e+00
3 28 2.096350e+00
3 29 1.793690e+00
3 30 1.431190e+00
3 31 1.089380e+00
3 32 7.749640e-01
3 33 4.344470e-01
3 34 2.009290e-01
3 35 8.634140e-02
3 36 3.021700e-02
3 37 6.563890e-03
3 38 8.564120e-04
3 39 6.308600e-05
3 40 2.463500e-06
4 1 2.251400e-01
4 2 9.576810e-02
4 3 1.431520e-01
4 4 1.940630e-01
4 5 2.509530e-01
4 6 3.124390e-01
4 7 3.855860e-01
4 8 4.755390e-01
4 9 5.785740e-01
4 10 7.035760e-01
4 11 8.438940e-01
4 12 9.984230e-01
4 13 1.165100e+00
4 14 1.332630e+00
4 15 1.464470e+00
4 16 1.576240e+00
4 17 1.648480e+00
4 18 1.646770e+00
4 19 1.571060e+00
4 20 1.376850e+00
4 21 1.146370e+00
4 22 9.437420e-01
4 23 8.453780e-01
4 24 9.165800e-01
4 25 1.177330e+00
4 26 1.558140e+00
4 27 1.865640e+00
4 28 1.871110e+00
4 29 1.601070e+00
4 30 1.277250e+00
4 31 9.719420e-01
4 32 6.913300e-01
4 33 3.875850e-01
4 34 1.792370e-01
4 35 7.699850e-02
4 36 2.694530e-02
4 37 5.853290e-03
4 38 7.637360e-04
4 39 5.625980e-05
4 40 2.270880e-06
5 1 1.790510e-01
5 2 7.582990e-02
5 3 1.127610e-01
5 4 1.555930e-01
5 5 2.210950e-01
5 6 2.821970e-01
5 7 3.483230e-01
5 8 4.298560e-01
5 9 5.233010e-01
5 10 6.363850e-01
5 11 7.630600e-01
5 12 9.029000e-01
5 13 1.051920e+00
5 14 1.203740e+00
5 15 1.327660e+00
5 16 1.428030e+00
5 17 1.493270e+00
5 18 1.493660e+00
5 19 1.428920e+00
5 20 1.252350e+00
5 21 1.044240e+00
5 22 8.591840e-01
5 23 7.659340e-01
5 24 8.254250e-01
5 25 1.055510e+00
5 26 1.394710e+00
5 27 1.669920e+00
5 28 1.675510e+00
5 29 1.433820e+00
5 30 1.143550e+00
5 31 8.699110e-01
5 32 6.186530e-01
5 33 3.468670e-01
5 34 1.603850e-01
5 35 6.887600e-02
5 36 2.410100e-02
5 37 5.235490e-03
5 38 6.831700e-04
5 39 5.032610e-05
5 40 2.071550e-06
6 1 1.406110e-01
6 2 5.916000e-02
6 3 8.848420e-02
6 4 1.218650e-01
6 5 1.765080e-01
6 6 2.484820e-01
6 7 3.149700e-01
6 8 3.886630e-01
6 9 4.733450e-01
6 10 5.760430e-01
6 11 6.904980e-01
6 12 8.176780e-01
6 13 9.508790e-01
6 14 1.087000e+00
6 15 1.204940e+00
6 16 1.296620e+00
6 17 1.355560e+00
6 18 1.357790e+00
6 19 1.302550e+00
6 20 1.141810e+00
6 21 9.541570e-01
6 22 7.845200e-01
6 23 6.952750e-01
6 24 7.436360e-01
6 25 9.455620e-01
6 26 1.246900e+00
6 27 1.492880e+00
6 28 1.498650e+00
6 29 1.282630e+00
6 30 1.022640e+00
6 31 7.776130e-01
6 32 5.528960e-01
6 33 3.100300e-01
6 34 1.433280e-01
6 35 6.152370e-02
6 36 2.152620e-02
6 37 4.676240e-03
6 38 6.102410e-04
6 39 4.495610e-05
6 40 1.850310e-06
7 1 1.065690e-01
7 2 4.472100e-02
7 3 6.759190e-02
7 4 9.434880e-02
7 5 1.371240e-01
7 6 1.979160e-01
7 7 2.782760e-01
7 8 3.530660e-01
7 9 4.298990e-01
7 10 5.229930e-01
7 11 6.261560e-01
7 12 7.426130e-01
7 13 8.647040e-01
7 14 9.923870e-01
7 15 1.100370e+00
7 16 1.181880e+00
7 17 1.235890e+00
7 18 1.239140e+00
7 19 1.191020e+00
7 20 1.043900e+00
7 21 8.760010e-01
7 22 7.198080e-01
7 23 6.335380e-01
7 24 6.712640e-01
7 25 8.475010e-01
7 26 1.114710e+00
7 27 1.334520e+00
7 28 1.340570e+00
7 29 1.147490e+00
7 30 9.145450e-01
7 31 6.950510e-01
7 32 4.940610e-01
7 33 2.770750e-01
7 34 1.280650e-01
7 35 5.494190e-02
7 36 1.922080e-02
7 37 4.175550e-03
7 38 5.449550e-04
7 39 4.014730e-05
7 40 1.652240e-06
8 1 8.136150e-02
8 2 3.417300e-02
8 3 5.172800e-02
8 4 7.244290e-02
8 5 1.059790e-01
8 6 1.530550e-01
8 7 2.207580e-01
8 8 3.129440e-01
8 9 3.924850e-01
8 10 4.777120e-01
8 11 5.717180e-01
8 12 6.778730e-01
8 13 7.901070e-01
8 14 9.091130e-01
8 15 1.010630e+00
8 16 1.084220e+00
8 17 1.133010e+00
8 18 1.137650e+00
8 19 1.096350e+00
8 20 9.622470e-01
8 21 8.102420e-01
8 22 6.651910e-01
8 23 5.806910e-01
8 24 6.082220e-01
8 25 7.610970e-01
8 26 9.977510e-01
8 27 1.194370e+00
8 28 1.200770e+00
8 29 1.028020e+00
8 30 8.189340e-01
8 31 6.219780e-01
8 32 4.419680e-01
8 33 2.479020e-01
8 34 1.145510e-01
8 35 4.910990e-02
8 36 1.717770e-02
8 37 3.731820e-03
8 38 4.871040e-04
8 39 3.588700e-05
8 40 1.476670e-06
9 1 6.502040e-02
9 2 2.677530e-02
9 3 3.999000e-02
9 4 5.560280e-02
9 5 8.159860e-02
9 6 1.185910e-01
9 7 1.708060e-01
9 8 2.481210e-01
9 9 3.490580e-01
9 10 4.389360e-01
9 11 5.264480e-01
9 12 6.236240e-01
9 13 7.272140e-01
9 14 8.352210e-01
9 15 9.328570e-01
9 16 1.002770e+00
9 17 1.045890e+00
9 18 1.052390e+00
9 19 1.017470e+00
9 20 8.969050e-01
9 21 7.565950e-01
9 22 6.203250e-01
9 23 5.363800e-01
9 24 5.539610e-01
9 25 6.854790e-01
9 26 8.947670e-01
9 27 1.070890e+00
9 28 1.077730e+00
9 29 9.229130e-01
9 30 7.347580e-01
9 31 5.575870e-01
9 32 3.960420e-01
9 33 2.221880e-01
9 34 1.026350e-01
9 35 4.396310e-02
9 36 1.537430e-02
9 37 3.340120e-03
9 38 4.360410e-04
9 39 3.212770e-05
9 40 1.321670e-06
10 1 4.927060e-02
10 2 2.030460e-02
10 3 3.032130e-02
10 4 4.224500e-02
10 5 6.192520e-02
10 6 9.017250e-02
10 7 1.308120e-01
10 8 1.900050e-01
10 9 2.754780e-01
10 10 3.919010e-01
10 11 4.865930e-01
10 12 5.767470e-01
10 13 6.729510e-01
10 14 7.723430e-01
10 15 8.663410e-01
10 16 9.342730e-01
10 17 9.740380e-01
10 18 9.812270e-01
10 19 9.503570e-01
10 20 8.430600e-01
10 21 7.128580e-01
10 22 5.837200e-01
10 23 4.994400e-01
10 24 5.070490e-01
10 25 6.186560e-01
10 26 8.030880e-01
10 27 9.608640e-01
10 28 9.682430e-01
10 29 8.294270e-01
10 30 6.598330e-01
10 31 5.002140e-01
10 32 3.550960e-01
10 33 1.992700e-01
10 34 9.201040e-02
10 35 3.936900e-02
10 36 1.376410e-02
10 37 2.990420e-03
10 38 3.904640e-04
10 39 2.877170e-05
10 40 1.183300e-06
11 1 3.632090e-02
11 2 1.492880e-02
11 3 2.229310e-02
11 4 3.098230e-02
11 5 4.553740e-02
11 6 6.670420e-02
11 7 9.748750e-02
11 8 1.430390e-01
11 9 2.082310e-01
11 10 3.068510e-01
11 11 4.366740e-01
11 12 5.381360e-01
11 13 6.283080e-01
11 14 7.215160e-01
11 15 8.099220e-01
11 16 8.786820e-01
11 17 9.167800e-01
11 18 9.239500e-01
11 19 8.948410e-01
11 20 8.010780e-01
11 21 6.790760e-01
11 22 5.552860e-01
11 23 4.699300e-01
11 24 4.672200e-01
11 25 5.602650e-01
11 26 7.221410e-01
11 27 8.635840e-01
11 28 8.716060e-01
11 29 7.469850e-01
11 30 5.936900e-01
11 31 4.494970e-01
11 32 3.188720e-01
11 33 1.790030e-01
11 34 8.260980e-02
11 35 3.529830e-02
11 36 1.233700e-02
11 37 2.680490e-03
11 38 3.500800e-04
11 39 2.580580e-05
11 40 1.060990e-06
12 1 2.833570e-02
12 2 1.163570e-02
12 3 1.728350e-02
12 4 2.377920e-02
12 5 3.452460e-02
12 6 4.992890e-02
12 7 7.251860e-02
12 8 1.067070e-01
12 9 1.563530e-01
12 10 2.308210e-01
12 11 3.407330e-01
12 12 4.858880e-01
12 13 5.936590e-01
12 14 6.838320e-01
12 15 7.643100e-01
12 16 8.355540e-01
12 17 8.731270e-01
12 18 8.802940e-01
12 19 8.525510e-01
12 20 7.719130e-01
12 21 6.560100e-01
12 22 5.355980e-01
12 23 4.484380e-01
12 24 4.345850e-01
12 25 5.100750e-01
12 26 6.513400e-01
12 27 7.782190e-01
12 28 7.869810e-01
12 29 6.748800e-01
12 30 5.357580e-01
12 31 4.049890e-01
12 32 2.870430e-01
12 33 1.612040e-01
12 34 7.434860e-02
12 35 3.171400e-02
12 36 1.107960e-02
12 37 2.407400e-03
12 38 3.145120e-04
12 39 2.320300e-05
12 40 9.537250e-07
13 1 1.942260e-02
13 2 7.997860e-03
13 3 1.191040e-02
13 4 1.641160e-02
13 5 2.393360e-02
13 6 3.474310e-02
13 7 5.082250e-02
13 8 7.551990e-02
13 9 1.121940e-01
13 10 1.681580e-01
13 11 2.506950e-01
13 12 3.754650e-01
13 13 5.397080e-01
13 14 6.535420e-01
13 15 7.326900e-01
13 16 8.021850e-01
13 17 8.435900e-01
13 18 8.510260e-01
13 19 8.229910e-01
13 20 7.542970e-01
13 21 6.426110e-01
13 22 5.236580e-01
13 23 4.337070e-01
13 24 4.082750e-01
13 25 4.668990e-01
13 26 5.892580e-01
13 27 7.031070e-01
13 28 7.127660e-01
13 29 6.117590e-01
13 30 4.849630e-01
13 31 3.658730e-01
13 32 2.590280e-01
13 33 1.455520e-01
13 34 6.707740e-02
13 35 2.855170e-02
13 36 9.969880e-03
13 37 2.166380e-03
13 38 2.831340e-04
13 39 2.089630e-05
13 40 8.586440e-07
14 1 1.516680e-02
14 2 6.250010e-03
14 3 9.279850e-03
14 4 1.280800e-02
14 5 1.856430e-02
14 6 2.676970e-02
14 7 3.871870e-02
14 8 5.658120e-02
14 9 8.272170e-02
14 10 1.231210e-01
14 11 1.835290e-01
14 12 2.751830e-01
14 13 4.149440e-01
14 14 5.994020e-01
14 15 7.119800e-01
14 16 7.794590e-01
14 17 8.270490e-01
14 18 8.383420e-01
14 19 8.084910e-01
14 20 7.499910e-01
14 21 6.410150e-01
14 22 5.217930e-01
14 23 4.273480e-01
14 24 3.895510e-01
14 25 4.310540e-01
14 26 5.353110e-01
14 27 6.371800e-01
14 28 6.478060e-01
14 29 5.566460e-01
14 30 4.405080e-01
14 31 3.315230e-01
14 32 2.343570e-01
14 33 1.317800e-01
14 34 6.067290e-02
14 35 2.575670e-02
14 36 8.987820e-03
14 37 1.953030e-03
14 38 2.553790e-04
14 39 1.885210e-05
14 40 7.743300e-07
15 1 1.073450e-02
15 2 4.430260e-03
15 3 6.594050e-03
15 4 9.097340e-03
15 5 1.318470e-02
15 6 1.897610e-02
15 7 2.730700e-02
15 8 3.995120e-02
15 9 5.865970e-02
15 10 8.764010e-02
15 11 1.308020e-01
15 12 1.964280e-01
15 13 2.974190e-01
15 14 4.557060e-01
15 15 6.610480e-01
15 16 7.724060e-01
15 17 8.225390e-01
15 18 8.393370e-01
15 19 8.119040e-01
15 20 7.562620e-01
15 21 6.527720e-01
15 22 5.312960e-01
15 23 4.285140e-01
15 24 3.783870e-01
15 25 4.022320e-01
15 26 4.888450e-01
15 27 5.798110e-01
15 28 5.915510e-01
15 29 5.091160e-01
15 30 4.020550e-01
15 31 3.016920e-01
15 32 2.128520e-01
15 33 1.197940e-01
15 34 5.509240e-02
15 35 2.331040e-02
15 36 8.127190e-03
15 37 1.766050e-03
15 38 2.310730e-04
15 39 1.706440e-05
15 40 7.018390e-07
16 1 7.233720e-03
16 2 2.974410e-03
16 3 4.428290e-03
16 4 6.113270e-03
16 5 8.887780e-03
16 6 1.284640e-02
16 7 1.856130e-02
16 8 2.713460e-02
16 9 3.976950e-02
16 10 5.949850e-02
16 11 8.953050e-02
16 12 1.362950e-01
16 13 2.085920e-01
16 14 3.221350e-01
16 15 4.994780e-01
16 16 7.296670e-01
16 17 8.389580e-01
16 18 8.625310e-01
16 19 8.355220e-01
16 20 7.758270e-01
16 21 6.791640e-01
16 22 5.543880e-01
16 23 4.403520e-01
16 24 3.755580e-01
16 25 3.810520e-01
16 26 4.499540e-01
16 27 5.309120e-01
16 28 5.439030e-01
16 29 4.691390e-01
16 30 3.695660e-01
16 31 2.763370e-01
16 32 1.944680e-01
16 33 1.095720e-01
16 34 5.032460e-02
16 35 2.120650e-02
16 36 7.385760e-03
16 37 1.604860e-03
16 38 2.101540e-04
16 39 1.555580e-05
16 40 6.746940e-07
17 1 5.037080e-03
17 2 2.075040e-03
17 3 3.085130e-03
17 4 4.260100e-03
17 5 6.182020e-03
17 6 8.912740e-03
17 7 1.288060e-02
17 8 1.880940e-02
17 9 2.750520e-02
17 10 4.090520e-02
17 11 6.112580e-02
17 12 9.233370e-02
17 13 1.412160e-01
17 14 2.199450e-01
17 15 3.453160e-01
17 16 5.448540e-01
17 17 8.013220e-01
17 18 9.032090e-01
17 19 8.807480e-01
17 20 8.156560e-01
17 21 7.175290e-01
17 22 5.913510e-01
17 23 4.662470e-01
17 24 3.823330e-01
17 25 3.673480e-01
17 26 4.175900e-01
17 27 4.883670e-01
17 28 5.025770e-01
17 29 4.348530e-01
17 30 3.415520e-01
17 31 2.543020e-01
17 32 1.783550e-01
17 33 1.006370e-01
17 34 4.614810e-02
17 35 1.934850e-02
17 36 6.729280e-03
17 37 1.461980e-03
17 38 1.916430e-04
17 39 1.421660e-05
17 40 6.465000e-07
18 1 3.172190e-03
18 2 1.310160e-03
18 3 1.948940e-03
18 4 2.691020e-03
18 5 3.918200e-03
18 6 5.657510e-03
18 7 8.176090e-03
18 8 1.196650e-02
18 9 1.748280e-02
18 10 2.601920e-02
18 11 3.900620e-02
18 12 5.931820e-02
18 13 9.100190e-02
18 14 1.417630e-01
18 15 2.238100e-01
18 16 3.608240e-01
18 17 5.854740e-01
18 18 8.719620e-01
18 19 9.516150e-01
18 20 8.871060e-01
18 21 7.789180e-01
18 22 6.459190e-01
18 23 5.068060e-01
18 24 4.018080e-01
18 25 3.633410e-01
18 26 3.933580e-01
18 27 4.529070e-01
18 28 4.686450e-01
18 29 4.072830e-01
18 30 3.188650e-01
18 31 2.362050e-01
18 32 1.649330e-01
18 33 9.323220e-02
18 34 4.267570e-02
18 35 1.778340e-02
18 36 6.174110e-03
18 37 1.341050e-03
18 38 1.760150e-04
18 39 1.306420e-05
18 40 5.944640e-07
19 1 1.832970e-03
19 2 7.578950e-04
19 3 1.127260e-03
19 4 1.561380e-03
19 5 2.274500e-03
19 6 3.286660e-03
19 7 4.770380e-03
19 8 7.003820e-03
19 9 1.025990e-02
19 10 1.532250e-02
19 11 2.303790e-02
19 12 3.515500e-02
19 13 5.453330e-02
19 14 8.615630e-02
19 15 1.380780e-01
19 16 2.245690e-01
19 17 3.702300e-01
19 18 6.217410e-01
19 19 9.453600e-01
19 20 9.955660e-01
19 21 8.831960e-01
19 22 7.256660e-01
19 23 5.708670e-01
19 24 4.378270e-01
19 25 3.710560e-01
19 26 3.780430e-01
19 27 4.248150e-01
19 28 4.417900e-01
19 29 3.864420e-01
19 30 3.015110e-01
19 31 2.220210e-01
19 32 1.541580e-01
19 33 8.734770e-02
19 34 3.989790e-02
19 35 1.650400e-02
19 36 5.717200e-03
19 37 1.241590e-03
19 38 1.631850e-04
19 39 1.212070e-05
19 40 5.516630e-07
20 1 1.104010e-03
20 2 4.568940e-04
20 3 6.800630e-04
20 4 9.405500e-04
20 5 1.370230e-03
20 6 1.984750e-03
20 7 2.881940e-03
20 8 4.236290e-03
20 9 6.227760e-03
20 10 9.316730e-03
20 11 1.403300e-02
20 12 2.143490e-02
20 13 3.309570e-02
20 14 5.194480e-02
20 15 8.289280e-02
20 16 1.354680e-01
20 17 2.258470e-01
20 18 3.806970e-01
20 19 6.545900e-01
20 20 1.018610e+00
20 21 1.026290e+00
20 22 8.537160e-01
20 23 6.648740e-01
20 24 4.992550e-01
20 25 3.958420e-01
20 26 3.730420e-01
20 27 4.036870e-01
20 28 4.199060e-01
20 29 3.707320e-01
20 30 2.882930e-01
20 31 2.107820e-01
20 32 1.452740e-01
20 33 8.256740e-02
20 34 3.761300e-02
20 35 1.542130e-02
20 36 5.325720e-03
20 37 1.156460e-03
20 38 1.522050e-04
20 39 1.131770e-05
20 40 5.151150e-07
21 1 6.293670e-04
21 2 2.606500e-04
21 3 3.886330e-04
21 4 5.368500e-04
21 5 7.801020e-04
21 6 1.128460e-03
21 7 1.636600e-03
21 8 2.410190e-03
21 9 3.560270e-03
21 10 5.349590e-03
21 11 8.077340e-03
21 12 1.241200e-02
21 13 1.928350e-02
21 14 3.051880e-02
21 15 4.885630e-02
21 16 7.914000e-02
21 17 1.303510e-01
21 18 2.213960e-01
21 19 3.850480e-01
21 20 6.844420e-01
21 21 1.081610e+00
21 22 1.044390e+00
21 23 8.142910e-01
21 24 5.959040e-01
21 25 4.448830e-01
21 26 3.829930e-01
21 27 3.915360e-01
21 28 4.044760e-01
21 29 3.613620e-01
21 30 2.804290e-01
21 31 2.033530e-01
21 32 1.388220e-01
21 33 7.922760e-02
21 34 3.596730e-02
21 35 1.459410e-02
21 36 5.019880e-03
21 37 1.090180e-03
21 38 1.436580e-04
21 39 1.069930e-05
21 40 4.866970e-07
22 1 3.494710e-04
22 2 1.447760e-04
22 3 2.151110e-04
22 4 2.982010e-04
22 5 4.347570e-04
22 6 6.281880e-04
22 7 9.126380e-04
22 8 1.341560e-03
22 9 1.970110e-03
22 10 2.945770e-03
22 11 4.432750e-03
22 12 6.783150e-03
22 13 1.046660e-02
22 14 1.647660e-02
22 15 2.656950e-02
22 16 4.347220e-02
22 17 7.235690e-02
22 18 1.224000e-01
22 19 2.117880e-01
22 20 3.812410e-01
22 21 7.049940e-01
22 22 1.143800e+00
22 23 1.046490e+00
22 24 7.557670e-01
22 25 5.338750e-01
22 26 4.149630e-01
22 27 3.906640e-01
22 28 3.967330e-01
22 29 3.584170e-01
22 30 2.786010e-01
22 31 2.001690e-01
22 32 1.350400e-01
22 33 7.744910e-02
22 34 3.502330e-02
22 35 1.403820e-02
22 36 4.804050e-03
22 37 1.043800e-03
22 38 1.376710e-04
22 39 1.027610e-05
22 40 4.668070e-07
23 1 2.126580e-04
23 2 8.752620e-05
23 3 1.297490e-04
23 4 1.789750e-04
23 5 2.595670e-04
23 6 3.730030e-04
23 7 5.375230e-04
23 8 7.827330e-04
23 9 1.138320e-03
23 10 1.684180e-03
23 11 2.503590e-03
23 12 3.772500e-03
23 13 5.755020e-03
23 14 8.962960e-03
23 15 1.414980e-02
23 16 2.291290e-02
23 17 3.797370e-02
23 18 6.431650e-02
23 19 1.119630e-01
23 20 2.004280e-01
23 21 3.717150e-01
23 22 7.176600e-01
23 23 1.199120e+00
23 24 1.034810e+00
23 25 6.954680e-01
23 26 4.853150e-01
23 27 4.075840e-01
23 28 3.972790e-01
23 29 3.629690e-01
23 30 2.835260e-01
23 31 2.017630e-01
23 32 1.342240e-01
23 33 7.734540e-02
23 34 3.489210e-02
23 35 1.376990e-02
23 36 4.681400e-03
23 37 1.018020e-03
23 38 1.344920e-04
23 39 1.006670e-05
23 40 4.556390e-07
24 1 1.637350e-04
24 2 6.692310e-05
24 3 9.879390e-05
24 4 1.356290e-04
24 5 1.953760e-04
24 6 2.784150e-04
24 7 3.975050e-04
24 8 5.716660e-04
24 9 8.176950e-04
24 10 1.188700e-03
24 11 1.729570e-03
24 12 2.538810e-03
24 13 3.761870e-03
24 14 5.666070e-03
24 15 8.659670e-03
24 16 1.354830e-02
24 17 2.148720e-02
24 18 3.529920e-02
24 19 5.922530e-02
24 20 1.035950e-01
24 21 1.883950e-01
24 22 3.589240e-01
24 23 7.241910e-01
24 24 1.238920e+00
24 25 1.007750e+00
24 26 6.349290e-01
24 27 4.578740e-01
24 28 4.099320e-01
24 29 3.760750e-01
24 30 2.964300e-01
24 31 2.090170e-01
24 32 1.368460e-01
24 33 7.913810e-02
24 34 3.566330e-02
24 35 1.383110e-02
24 36 4.655260e-03
24 37 1.013690e-03
24 38 1.343960e-04
24 39 1.007420e-05
24 40 4.533090e-07
25 1 1.512550e-04
25 2 6.137290e-05
25 3 9.056050e-05
25 4 1.239660e-04
25 5 1.773390e-04
25 6 2.518030e-04
25 7 3.571500e-04
25 8 5.079980e-04
25 9 7.198100e-04
25 10 1.032500e-03
25 11 1.473650e-03
25 12 2.114250e-03
25 13 3.050900e-03
25 14 4.444570e-03
25 15 6.504970e-03
25 16 9.656890e-03
25 17 1.454170e-02
25 18 2.249200e-02
25 19 3.541390e-02
25 20 5.808000e-02
25 21 9.918760e-02
25 22 1.787320e-01
25 23 3.450610e-01
25 24 7.249490e-01
25 25 1.264660e+00
25 26 9.670500e-01
25 27 5.842110e-01
25 28 4.463690e-01
25 29 3.987620e-01
25 30 3.204770e-01
25 31 2.236960e-01
25 32 1.441640e-01
25 33 8.338240e-02
25 34 3.759560e-02
25 35 1.433950e-02
25 36 4.757360e-03
25 37 1.039790e-03
25 38 1.381600e-04
25 39 1.036800e-05
25 40 4.617520e-07
26 1 1.370510e-04
26 2 5.561740e-05
26 3 8.204660e-05
26 4 1.118790e-04
26 5 1.601660e-04
26 6 2.271140e-04
26 7 3.204640e-04
26 8 4.544650e-04
26 9 6.401540e-04
26 10 9.064460e-04
26 11 1.282380e-03
26 12 1.825420e-03
26 13 2.610860e-03
26 14 3.760670e-03
26 15 5.399100e-03
26 16 7.775760e-03
26 17 1.129800e-02
26 18 1.656520e-02
26 19 2.466730e-02
26 20 3.761460e-02
26 21 5.912630e-02
26 22 9.720100e-02
26 23 1.699790e-01
26 24 3.264910e-01
26 25 7.120710e-01
26 26 1.294730e+00
26 27 9.191790e-01
26 28 5.449030e-01
26 29 4.357480e-01
26 30 3.572660e-01
26 31 2.492450e-01
26 32 1.577210e-01
26 33 9.074060e-02
26 34 4.118140e-02
26 35 1.541180e-02
26 36 5.029170e-03
26 37 1.107320e-03
26 38 1.468580e-04
26 39 1.108300e-05
26 40 4.844880e-07
27 1 1.262130e-04
27 2 5.120820e-05
27 3 7.563250e-05
27 4 1.029010e-04
27 5 1.474480e-04
27 6 2.094070e-04
27 7 2.949330e-04
27 8 4.193560e-04
27 9 5.927820e-04
27 10 8.413530e-04
27 11 1.191070e-03
27 12 1.685610e-03
27 13 2.370890e-03
27 14 3.382310e-03
27 15 4.865430e-03
27 16 7.020910e-03
27 17 1.012870e-02
27 18 1.460600e-02
27 19 2.123200e-02
27 20 3.112980e-02
27 21 4.598460e-02
27 22 6.936910e-02
27 23 1.078600e-01
27 24 1.770330e-01
27 25 3.225510e-01
27 26 7.033650e-01
27 27 1.287830e+00
27 28 8.756250e-01
27 29 5.213350e-01
27 30 4.107600e-01
27 31 2.924060e-01
27 32 1.814060e-01
27 33 1.028060e-01
27 34 4.727350e-02
27 35 1.738250e-02
27 36 5.531530e-03
27 37 1.228530e-03
27 38 1.630310e-04
27 39 1.235370e-05
27 40 5.319540e-07
28 1 9.955560e-05
28 2 4.052430e-05
28 3 5.955400e-05
28 4 8.129070e-05
28 5 1.167730e-04
28 6 1.650520e-04
28 7 2.332240e-04
28 8 3.323680e-04
28 9 4.675140e-04
28 10 6.661270e-04
28 11 9.501970e-04
28 12 1.349100e-03
28 13 1.920500e-03
28 14 2.758700e-03
28 15 3.934360e-03
28 16 5.653560e-03
28 17 8.188980e-03
28 18 1.183640e-02
28 19 1.721410e-02
28 20 2.518610e-02
28 21 3.698910e-02
28 22 5.496540e-02
28 23 8.199330e-02
28 24 1.236420e-01
28 25 1.923830e-01
28 26 3.273560e-01
28 27 6.968430e-01
28 28 1.286650e+00
28 29 8.208830e-01
28 30 4.962330e-01
28 31 3.594280e-01
28 32 2.214420e-01
28 33 1.222110e-01
28 34 5.722170e-02
28 35 2.073100e-02
28 36 6.403560e-03
28 37 1.429290e-03
28 38 1.905340e-04
28 39 1.448800e-05
28 40 6.187630e-07
29 1 6.842210e-05
29 2 2.784100e-05
29 3 4.102220e-05
29 4 5.608300e-05
29 5 8.022390e-05
29 6 1.136770e-04
29 7 1.609020e-04
29 8 2.283610e-04
29 9 3.217820e-04
29 10 4.580470e-04
29 11 6.476860e-04
29 12 9.182980e-04
29 13 1.311450e-03
29 14 1.889560e-03
29 15 2.717880e-03
29 16 3.926710e-03
29 17 5.679340e-03
29 18 8.252220e-03
29 19 1.205810e-02
29 20 1.776150e-02
29 21 2.631690e-02
29 22 3.947260e-02
29 23 5.962150e-02
29 24 9.084520e-02
29 25 1.384690e-01
29 26 2.115820e-01
29 27 3.390070e-01
29 28 6.827820e-01
29 29 1.295560e+00
29 30 7.691570e-01
29 31 4.605300e-01
29 32 2.895490e-01
29 33 1.556430e-01
29 34 7.317680e-02
29 35 2.643090e-02
29 36 7.877520e-03
29 37 1.774470e-03
29 38 2.372090e-04
29 39 1.815750e-05
29 40 7.958900e-07
30 1 5.104160e-05
30 2 2.090450e-05
30 3 3.063780e-05
30 4 4.191380e-05
30 5 6.019160e-05
30 6 8.483420e-05
30 7 1.201250e-04
30 8 1.712030e-04
30 9 2.402410e-04
30 10 3.429110e-04
30 11 4.879350e-04
30 12 6.879130e-04
30 13 9.773110e-04
30 14 1.395070e-03
30 15 1.988050e-03
30 16 2.866780e-03
30 17 4.140500e-03
30 18 6.031920e-03
30 19 8.797960e-03
30 20 1.290540e-02
30 21 1.907930e-02
30 22 2.849610e-02
30 23 4.315310e-02
30 24 6.583430e-02
30 25 1.014440e-01
30 26 1.570030e-01
30 27 2.404730e-01
30 28 3.699830e-01
30 29 6.869840e-01
30 30 1.247470e+00
30 31 7.407480e-01
30 32 4.062160e-01
30 33 2.169350e-01
30 34 1.001530e-01
30 35 3.661710e-02
30 36 1.051380e-02
30 37 2.366770e-03
30 38 3.190000e-04
30 39 2.456810e-05
30 40 1.101620e-06
31 1 3.878440e-05
31 2 1.583320e-05
31 3 2.335110e-05
31 4 3.194920e-05
31 5 4.556100e-05
31 6 6.459310e-05
31 7 9.147360e-05
31 8 1.294240e-04
31 9 1.825530e-04
31 10 2.604710e-04
31 11 3.678340e-04
31 12 5.217250e-04
31 13 7.417830e-04
31 14 1.052890e-03
31 15 1.499480e-03
31 16 2.153630e-03
31 17 3.078130e-03
31 18 4.444270e-03
31 19 6.449790e-03
31 20 9.425020e-03
31 21 1.380160e-02
31 22 2.038850e-02
31 23 3.037540e-02
31 24 4.560820e-02
31 25 6.961330e-02
31 26 1.077620e-01
31 27 1.682850e-01
31 28 2.627580e-01
31 29 4.042430e-01
31 30 7.077540e-01
31 31 1.219340e+00
31 32 6.774860e-01
31 33 3.339830e-01
31 34 1.497270e-01
31 35 5.568470e-02
31 36 1.550040e-02
31 37 3.437920e-03
31 38 4.695870e-04
31 39 3.649920e-05
31 40 1.587670e-06
32 1 3.015330e-05
32 2 1.232630e-05
32 3 1.814790e-05
32 4 2.471550e-05
32 5 3.545910e-05
32 6 5.019000e-05
32 7 7.073690e-05
32 8 1.006690e-04
32 9 1.417770e-04
32 10 2.013310e-04
32 11 2.859160e-04
32 12 4.047590e-04
32 13 5.717870e-04
32 14 8.140470e-04
32 15 1.149680e-03
32 16 1.630370e-03
32 17 2.323270e-03
32 18 3.340330e-03
32 19 4.831550e-03
32 20 7.041000e-03
32 21 1.031760e-02
32 22 1.511070e-02
32 23 2.226240e-02
32 24 3.296610e-02
32 25 4.942230e-02
32 26 7.514140e-02
32 27 1.151850e-01
32 28 1.787540e-01
32 29 2.795720e-01
32 30 4.340960e-01
32 31 7.446450e-01
32 32 1.171980e+00
32 33 6.076740e-01
32 34 2.557980e-01
32 35 9.359920e-02
32 36 2.599340e-02
32 37 5.531180e-03
32 38 7.817450e-04
32 39 6.097530e-05
32 40 2.592220e-06
33 1 2.148860e-05
33 2 8.788420e-06
33 3 1.291150e-05
33 4 1.760250e-05
33 5 2.527980e-05
33 6 3.570500e-05
33 7 5.037150e-05
33 8 7.176020e-05
33 9 1.008490e-04
33 10 1.433380e-04
33 11 2.037710e-04
33 12 2.882030e-04
33 13 4.087630e-04
33 14 5.846950e-04
33 15 8.299270e-04
33 16 1.185810e-03
33 17 1.703360e-03
33 18 2.436980e-03
33 19 3.503100e-03
33 20 5.081120e-03
33 21 7.395540e-03
33 22 1.085810e-02
33 23 1.610510e-02
33 24 2.399820e-02
33 25 3.595420e-02
33 26 5.425970e-02
33 27 8.205920e-02
33 28 1.243760e-01
33 29 1.898950e-01
33 30 2.931460e-01
33 31 4.558220e-01
33 32 7.418380e-01
33 33 1.155110e+00
33 34 5.346030e-01
33 35 1.801420e-01
33 36 5.051510e-02
33 37 1.020840e-02
33 38 1.479440e-03
33 39 1.166950e-04
33 40 4.898730e-06
34 1 1.538580e-05
34 2 6.325310e-06
34 3 9.338080e-06
34 4 1.270910e-05
34 5 1.818700e-05
34 6 2.580670e-05
34 7 3.634600e-05
34 8 5.158390e-05
34 9 7.280240e-05
34 10 1.032880e-04
34 11 1.462440e-04
34 12 2.075770e-04
34 13 2.937870e-04
34 14 4.183800e-04
34 15 5.952550e-04
34 16 8.481960e-04
34 17 1.212930e-03
34 18 1.739930e-03
34 19 2.498110e-03
34 20 3.612740e-03
34 21 5.244790e-03
34 22 7.658040e-03
34 23 1.127100e-02
34 24 1.669480e-02
34 25 2.495880e-02
34 26 3.772060e-02
34 27 5.762120e-02
34 28 8.844930e-02
34 29 1.353430e-01
34 30 2.069250e-01
34 31 3.124700e-01
34 32 4.754370e-01
34 33 7.679210e-01
34 34 1.097120e+00
34 35 4.457300e-01
34 36 1.161160e-01
34 37 2.307420e-02
34 38 3.250580e-03
34 39 2.659360e-04
34 40 1.118120e-05
35 1 1.297480e-05
35 2 5.347510e-06
35 3 7.873740e-06
35 4 1.071820e-05
35 5 1.536230e-05
35 6 2.173830e-05
35 7 3.061090e-05
35 8 4.349860e-05
35 9 6.120270e-05
35 10 8.676200e-05
35 11 1.229080e-04
35 12 1.737990e-04
35 13 2.453650e-04
35 14 3.488000e-04
35 15 4.933060e-04
35 16 7.007170e-04
35 17 9.998910e-04
35 18 1.421930e-03
35 19 2.024680e-03
35 20 2.894920e-03
35 21 4.139310e-03
35 22 5.946010e-03
35 23 8.628140e-03
35 24 1.259370e-02
35 25 1.850140e-02
35 26 2.736580e-02
35 27 4.084850e-02
35 28 6.150460e-02
35 29 9.346690e-02
35 30 1.430080e-01
35 31 2.192110e-01
35 32 3.313840e-01
35 33 4.914300e-01
35 34 7.581880e-01
35 35 1.068320e+00
35 36 3.549520e-01
35 37 6.604540e-02
35 38 8.779930e-03
35 39 7.487130e-04
35 40 3.156510e-05
36 1 1.109800e-05
36 2 4.581620e-06
36 3 6.787240e-06
36 4 9.214280e-06
36 5 1.316010e-05
36 6 1.873430e-05
36 7 2.631030e-05
36 8 3.725020e-05
36 9 5.271900e-05
36 10 7.453400e-05
36 11 1.051810e-04
36 12 1.495630e-04
36 13 2.105220e-04
36 14 2.976340e-04
36 15 4.224300e-04
36 16 5.976180e-04
36 17 8.523910e-04
36 18 1.216720e-03
36 19 1.721980e-03
36 20 2.455970e-03
36 21 3.513240e-03
36 22 5.012770e-03
36 23 7.188870e-03
36 24 1.039340e-02
36 25 1.513670e-02
36 26 2.213710e-02
36 27 3.235200e-02
36 28 4.751410e-02
36 29 6.991000e-02
36 30 1.032760e-01
36 31 1.533200e-01
36 32 2.291230e-01
36 33 3.436790e-01
36 34 5.058210e-01
36 35 7.611210e-01
36 36 9.864720e-01
36 37 2.903210e-01
36 38 3.380570e-02
36 39 2.775260e-03
36 40 1.211760e-04
37 1 8.556790e-06
37 2 3.549130e-06
37 3 5.229930e-06
37 4 7.175090e-06
37 5 1.019590e-05
37 6 1.443560e-05
37 7 2.048590e-05
37 8 2.886570e-05
37 9 4.062750e-05
37 10 5.803610e-05
37 11 8.153320e-05
37 12 1.152960e-04
37 13 1.640580e-04
37 14 2.315110e-04
37 15 3.275380e-04
37 16 4.678700e-04
37 17 6.611690e-04
37 18 9.396870e-04
37 19 1.343290e-03
37 20 1.898680e-03
37 21 2.696890e-03
37 22 3.879420e-03
37 23 5.607300e-03
37 24 8.145190e-03
37 25 1.181470e-02
37 26 1.725300e-02
37 27 2.536010e-02
37 28 3.743720e-02
37 29 5.535580e-02
37 30 8.187190e-02
37 31 1.201930e-01
37 32 1.739970e-01
37 33 2.511680e-01
37 34 3.610120e-01
37 35 5.167120e-01
37 36 7.629220e-01
37 37 8.780560e-01
37 38 2.447520e-01
37 39 1.622890e-02
37 40 7.209800e-04
38 1 6.024130e-06
38 2 2.532340e-06
38 3 3.729300e-06
38 4 5.087130e-06
38 5 7.275410e-06
38 6 1.029600e-05
38 7 1.452690e-05
38 8 2.060100e-05
38 9 2.898620e-05
38 10 4.116880e-05
38 11 5.821050e-05
38 12 8.230680e-05
38 13 1.164630e-04
38 14 1.654120e-04
38 15 2.340760e-04
38 16 3.326270e-04
38 17 4.731180e-04
38 18 6.729970e-04
38 19 9.592400e-04
38 20 1.372920e-03
38 21 1.965780e-03
38 22 2.827340e-03
38 23 4.073400e-03
38 24 5.870320e-03
38 25 8.510580e-03
38 26 1.248050e-02
38 27 1.848270e-02
38 28 2.745480e-02
38 29 4.072670e-02
38 30 6.087080e-02
38 31 9.052280e-02
38 32 1.342110e-01
38 33 1.958410e-01
38 34 2.764570e-01
38 35 3.845140e-01
38 36 5.291560e-01
38 37 7.777440e-01
38 38 7.707890e-01
38 39 1.893070e-01
38 40 6.735800e-03
39 1 3.896840e-06
39 2 1.673550e-06
39 3 2.468090e-06
39 4 3.357950e-06
39 5 4.808500e-06
39 6 6.814890e-06
39 7 9.591800e-06
39 8 1.361850e-05
39 9 1.919110e-05
39 10 2.719480e-05
39 11 3.849660e-05
39 12 5.452250e-05
39 13 7.699360e-05
39 14 1.094850e-04
39 15 1.552230e-04
39 16 2.202350e-04
39 17 3.136810e-04
39 18 4.471970e-04
39 19 6.368290e-04
39 20 9.129300e-04
39 21 1.310800e-03
39 22 1.886180e-03
39 23 2.730060e-03
39 24 3.959260e-03
39 25 5.760700e-03
39 26 8.450770e-03
39 27 1.252200e-02
39 28 1.864250e-02
39 29 2.796100e-02
39 30 4.205100e-02
39 31 6.325350e-02
39 32 9.482120e-02
39 33 1.405750e-01
39 34 2.057780e-01
39 35 2.946690e-01
39 36 4.017590e-01
39 37 5.356530e-01
39 38 7.544630e-01
39 39 7.707410e-01
39 40 1.061460e-01
40 1 2.579290e-06
40 2 1.131300e-06
40 3 1.666520e-06
40 4 2.267820e-06
40 5 3.250620e-06
40 6 4.602050e-06
40 7 6.478530e-06
40 8 9.207540e-06
40 9 1.296210e-05
40 10 1.837200e-05
40 11 2.603490e-05
40 12 3.683910e-05
40 13 5.203730e-05
40 14 7.408450e-05
40 15 1.049560e-04
40 16 1.489780e-04
40 17 2.124790e-04
40 18 3.028090e-04
40 19 4.315780e-04
40 20 6.197770e-04
40 21 8.898520e-04
40 22 1.281360e-03
40 23 1.859590e-03
40 24 2.710830e-03
40 25 3.961850e-03
40 26 5.831200e-03
40 27 8.632640e-03
40 28 1.289350e-02
40 29 1.942700e-02
40 30 2.950470e-02
40 31 4.488880e-02
40 32 6.805140e-02
40 33 1.028510e-01
40 34 1.527710e-01
40 35 2.219290e-01
40 36 3.122710e-01
40 37 4.215940e-01
40 38 5.432860e-01
40 39 7.442140e-01
40 40 7.771980e-01
