1 3.338670e-01
2 3.338680e-01
3 3.338680e-01
4 3.338680e-01
5 3.338680e-01
6 3.338680e-01
7 3.338680e-01
8 3.338680e-01
9 3.338680e-01
10 3.338680e-01
11 3.338680e-01
12 3.338680e-01
13 3.338680e-01
14 3.338680e-01
15 3.338680e-01
16 3.338670e-01
17 3.338670e-01
18 3.338680e-01
19 3.338680e-01
20 3.338680e-01
21 3.338680e-01
22 3.338670e-01
23 3.338680e-01
24 3.338680e-01
25 3.338680e-01
26 3.338680e-01
27 3.338680e-01
28 3.338680e-01
29 3.338680e-01
30 3.338680e-01
31 3.338670e-01
32 3.338670e-01
33 3.338680e-01
34 3.338670e-01
35 3.338670e-01
36 3.338670e-01
37 3.338670e-01
38 3.338670e-01
39 3.338670e-01
40 3.338670e-01
