1 8.716620e-04
2 8.629320e-04
3 8.540010e-04
4 8.448610e-04
5 8.355060e-04
6 8.259360e-04
7 8.161420e-04
8 8.061190e-04
9 7.958640e-04
10 7.855050e-04
11 7.769200e-04
12 7.688040e-04
13 7.604990e-04
14 7.520020e-04
15 7.433060e-04
16 7.344060e-04
17 7.253020e-04
18 7.160800e-04
19 7.076750e-04
20 6.995880e-04
21 6.916030e-04
22 6.837410e-04
23 6.760860e-04
24 6.682550e-04
25 6.605260e-04
26 6.534610e-04
27 6.462860e-04
28 6.389430e-04
29 6.314300e-04
30 6.237420e-04
31 6.165390e-04
32 6.101540e-04
33 6.036300e-04
34 5.969550e-04
35 5.901230e-04
36 5.831320e-04
37 5.759800e-04
38 5.688120e-04
39 5.626920e-04
40 5.566920e-04
41 5.505550e-04
42 5.442740e-04
43 5.378450e-04
44 5.312710e-04
45 5.254690e-04
46 5.202530e-04
47 5.149160e-04
48 5.094540e-04
49 5.038650e-04
50 4.981460e-04
51 4.922930e-04
52 4.863040e-04
53 4.801770e-04
54 4.739060e-04
55 4.677440e-04
56 4.623270e-04
57 4.570230e-04
58 4.518380e-04
59 4.466080e-04
60 4.416090e-04
61 4.366830e-04
62 4.316420e-04
63 4.264950e-04
64 4.218450e-04
65 4.174320e-04
66 4.129160e-04
67 4.082940e-04
68 4.035660e-04
69 3.987260e-04
70 3.937800e-04
71 3.894590e-04
72 3.855440e-04
73 3.815380e-04
74 3.774380e-04
75 3.732430e-04
76 3.689500e-04
77 3.645570e-04
78 3.600620e-04
79 3.554620e-04
80 3.508610e-04
81 3.470940e-04
82 3.434590e-04
83 3.397400e-04
84 3.359340e-04
85 3.320390e-04
86 3.280540e-04
87 3.239770e-04
88 3.199570e-04
89 3.168010e-04
90 3.137370e-04
91 3.106020e-04
92 3.073930e-04
93 3.041090e-04
94 3.007490e-04
95 2.973110e-04
96 2.937920e-04
97 2.901920e-04
98 2.865080e-04
99 2.827380e-04
100 2.788800e-04
101 2.755600e-04
102 2.727960e-04
103 2.699680e-04
104 2.670740e-04
105 2.641120e-04
106 2.610810e-04
107 2.579800e-04
108 2.548070e-04
109 2.515600e-04
110 2.482790e-04
111 2.455640e-04
112 2.430020e-04
113 2.403810e-04
114 2.376990e-04
115 2.349540e-04
116 2.321450e-04
117 2.292700e-04
118 2.263590e-04
119 2.237060e-04
120 2.211540e-04
121 2.186310e-04
122 2.161510e-04
123 2.137430e-04
124 2.112800e-04
125 2.088590e-04
126 2.066830e-04
127 2.044760e-04
128 2.022160e-04
129 1.999050e-04
130 1.975400e-04
131 1.953220e-04
132 1.933530e-04
133 1.913410e-04
134 1.892830e-04
135 1.871760e-04
136 1.850200e-04
137 1.828150e-04
138 1.805580e-04
139 1.782480e-04
140 1.758980e-04
141 1.739260e-04
142 1.721150e-04
143 1.702620e-04
144 1.683660e-04
145 1.664250e-04
146 1.644400e-04
147 1.624080e-04
148 1.603550e-04
149 1.587040e-04
150 1.571790e-04
151 1.556170e-04
152 1.540200e-04
153 1.523850e-04
154 1.507120e-04
155 1.490010e-04
156 1.472490e-04
157 1.454560e-04
158 1.436220e-04
159 1.417460e-04
160 1.398250e-04
161 1.380570e-04
162 1.366700e-04
163 1.352630e-04
164 1.338240e-04
165 1.323520e-04
166 1.308450e-04
167 1.293020e-04
168 1.277250e-04
169 1.261100e-04
170 1.244610e-04
171 1.231560e-04
172 1.220820e-04
173 1.209840e-04
174 1.198600e-04
175 1.187100e-04
176 1.175330e-04
177 1.163290e-04
178 1.150960e-04
179 1.138360e-04
180 1.125450e-04
181 1.112240e-04
182 1.098730e-04
183 1.084910e-04
184 1.070760e-04
185 1.056280e-04
186 1.041460e-04
187 1.026300e-04
188 1.011570e-04
189 1.001350e-04
190 9.917420e-05
191 9.819060e-05
192 9.718390e-05
193 9.615390e-05
194 9.510000e-05
195 9.402140e-05
196 9.291760e-05
197 9.178840e-05
198 9.063270e-05
199 8.944990e-05
200 8.823990e-05
