1 8.716730e-04
2 8.629420e-04
3 8.540100e-04
4 8.448690e-04
5 8.355140e-04
6 8.259420e-04
7 8.161480e-04
8 8.061240e-04
9 7.958670e-04
10 7.855070e-04
11 7.769220e-04
12 7.688060e-04
13 7.605000e-04
14 7.520030e-04
15 7.433070e-04
16 7.344070e-04
17 7.253020e-04
18 7.160800e-04
19 7.076750e-04
20 6.995880e-04
21 6.916030e-04
22 6.837410e-04
23 6.760860e-04
24 6.682550e-04
25 6.605260e-04
26 6.534600e-04
27 6.462850e-04
28 6.389410e-04
29 6.314270e-04
30 6.237380e-04
31 6.165330e-04
32 6.101460e-04
33 6.036190e-04
34 5.969400e-04
35 5.901060e-04
36 5.831120e-04
37 5.759560e-04
38 5.687860e-04
39 5.626730e-04
40 5.566820e-04
41 5.505540e-04
42 5.442820e-04
43 5.378630e-04
44 5.312990e-04
45 5.254990e-04
46 5.202800e-04
47 5.149410e-04
48 5.094750e-04
49 5.038830e-04
50 4.981610e-04
51 4.923050e-04
52 4.863130e-04
53 4.801820e-04
54 4.739080e-04
55 4.677430e-04
56 4.623250e-04
57 4.570230e-04
58 4.518380e-04
59 4.466080e-04
60 4.416080e-04
61 4.366810e-04
62 4.316390e-04
63 4.264910e-04
64 4.218410e-04
65 4.174280e-04
66 4.129110e-04
67 4.082890e-04
68 4.035600e-04
69 3.987210e-04
70 3.937740e-04
71 3.894530e-04
72 3.855390e-04
73 3.815330e-04
74 3.774340e-04
75 3.732390e-04
76 3.689470e-04
77 3.645550e-04
78 3.600600e-04
79 3.554610e-04
80 3.508610e-04
81 3.470930e-04
82 3.434570e-04
83 3.397380e-04
84 3.359320e-04
85 3.320360e-04
86 3.280500e-04
87 3.239720e-04
88 3.199520e-04
89 3.167960e-04
90 3.137310e-04
91 3.105950e-04
92 3.073860e-04
93 3.041020e-04
94 3.007430e-04
95 2.973040e-04
96 2.937850e-04
97 2.901850e-04
98 2.865010e-04
99 2.827300e-04
100 2.788720e-04
101 2.755520e-04
102 2.727890e-04
103 2.699610e-04
104 2.670680e-04
105 2.641060e-04
106 2.610770e-04
107 2.579760e-04
108 2.548030e-04
109 2.515570e-04
110 2.482770e-04
111 2.455620e-04
112 2.430000e-04
113 2.403790e-04
114 2.376960e-04
115 2.349520e-04
116 2.321420e-04
117 2.292680e-04
118 2.263560e-04
119 2.237050e-04
120 2.211560e-04
121 2.186310e-04
122 2.161490e-04
123 2.137400e-04
124 2.112750e-04
125 2.088540e-04
126 2.066810e-04
127 2.044770e-04
128 2.022220e-04
129 1.999140e-04
130 1.975520e-04
131 1.953360e-04
132 1.933640e-04
133 1.913500e-04
134 1.892890e-04
135 1.871800e-04
136 1.850220e-04
137 1.828130e-04
138 1.805530e-04
139 1.782400e-04
140 1.758870e-04
141 1.739150e-04
142 1.721040e-04
143 1.702510e-04
144 1.683550e-04
145 1.664150e-04
146 1.644300e-04
147 1.623980e-04
148 1.603450e-04
149 1.586950e-04
150 1.571700e-04
151 1.556090e-04
152 1.540120e-04
153 1.523780e-04
154 1.507060e-04
155 1.489940e-04
156 1.472430e-04
157 1.454510e-04
158 1.436170e-04
159 1.417410e-04
160 1.398210e-04
161 1.380540e-04
162 1.366660e-04
163 1.352590e-04
164 1.338200e-04
165 1.323470e-04
166 1.308400e-04
167 1.292980e-04
168 1.277200e-04
169 1.261050e-04
170 1.244550e-04
171 1.231500e-04
172 1.220770e-04
173 1.209790e-04
174 1.198550e-04
175 1.187050e-04
176 1.175280e-04
177 1.163240e-04
178 1.150910e-04
179 1.138300e-04
180 1.125400e-04
181 1.112190e-04
182 1.098680e-04
183 1.084860e-04
184 1.070710e-04
185 1.056230e-04
186 1.041410e-04
187 1.026250e-04
188 1.011520e-04
189 1.001310e-04
190 9.917030e-05
191 9.818710e-05
192 9.718100e-05
193 9.615140e-05
194 9.509800e-05
195 9.402000e-05
196 9.291670e-05
197 9.178800e-05
198 9.063280e-05
199 8.945060e-05
200 8.824110e-05
