1 8.716850e-04
2 8.629530e-04
3 8.540200e-04
4 8.448780e-04
5 8.355220e-04
6 8.259490e-04
7 8.161530e-04
8 8.061280e-04
9 7.958700e-04
10 7.855090e-04
11 7.769230e-04
12 7.688070e-04
13 7.605010e-04
14 7.520040e-04
15 7.433080e-04
16 7.344070e-04
17 7.253020e-04
18 7.160800e-04
19 7.076750e-04
20 6.995870e-04
21 6.916030e-04
22 6.837410e-04
23 6.760860e-04
24 6.682550e-04
25 6.605250e-04
26 6.534600e-04
27 6.462840e-04
28 6.389390e-04
29 6.314250e-04
30 6.237360e-04
31 6.165290e-04
32 6.101370e-04
33 6.036060e-04
34 5.969230e-04
35 5.900840e-04
36 5.830840e-04
37 5.759240e-04
38 5.687500e-04
39 5.626470e-04
40 5.566690e-04
41 5.505540e-04
42 5.442960e-04
43 5.378910e-04
44 5.313400e-04
45 5.255440e-04
46 5.203210e-04
47 5.149760e-04
48 5.095060e-04
49 5.039090e-04
50 4.981820e-04
51 4.923220e-04
52 4.863240e-04
53 4.801880e-04
54 4.739080e-04
55 4.677390e-04
56 4.623220e-04
57 4.570230e-04
58 4.518390e-04
59 4.466090e-04
60 4.416090e-04
61 4.366810e-04
62 4.316390e-04
63 4.264900e-04
64 4.218390e-04
65 4.174240e-04
66 4.129060e-04
67 4.082820e-04
68 4.035510e-04
69 3.987100e-04
70 3.937620e-04
71 3.894410e-04
72 3.855280e-04
73 3.815250e-04
74 3.774270e-04
75 3.732340e-04
76 3.689440e-04
77 3.645540e-04
78 3.600610e-04
79 3.554640e-04
80 3.508650e-04
81 3.470960e-04
82 3.434590e-04
83 3.397380e-04
84 3.359290e-04
85 3.320320e-04
86 3.280440e-04
87 3.239640e-04
88 3.199420e-04
89 3.167850e-04
90 3.137200e-04
91 3.105850e-04
92 3.073750e-04
93 3.040910e-04
94 3.007310e-04
95 2.972920e-04
96 2.937730e-04
97 2.901730e-04
98 2.864880e-04
99 2.827170e-04
100 2.788590e-04
101 2.755390e-04
102 2.727760e-04
103 2.699500e-04
104 2.670570e-04
105 2.640970e-04
106 2.610680e-04
107 2.579690e-04
108 2.547970e-04
109 2.515520e-04
110 2.482730e-04
111 2.455580e-04
112 2.429960e-04
113 2.403740e-04
114 2.376920e-04
115 2.349470e-04
116 2.321380e-04
117 2.292630e-04
118 2.263510e-04
119 2.237040e-04
120 2.211590e-04
121 2.186310e-04
122 2.161460e-04
123 2.137360e-04
124 2.112710e-04
125 2.088510e-04
126 2.066810e-04
127 2.044800e-04
128 2.022280e-04
129 1.999240e-04
130 1.975660e-04
131 1.953510e-04
132 1.933770e-04
133 1.913600e-04
134 1.892960e-04
135 1.871840e-04
136 1.850220e-04
137 1.828110e-04
138 1.805470e-04
139 1.782310e-04
140 1.758750e-04
141 1.739010e-04
142 1.720910e-04
143 1.702390e-04
144 1.683430e-04
145 1.664030e-04
146 1.644180e-04
147 1.623870e-04
148 1.603340e-04
149 1.586850e-04
150 1.571600e-04
151 1.556000e-04
152 1.540030e-04
153 1.523700e-04
154 1.506980e-04
155 1.489870e-04
156 1.472370e-04
157 1.454450e-04
158 1.436120e-04
159 1.417360e-04
160 1.398170e-04
161 1.380500e-04
162 1.366620e-04
163 1.352550e-04
164 1.338160e-04
165 1.323430e-04
166 1.308350e-04
167 1.292920e-04
168 1.277140e-04
169 1.260990e-04
170 1.244490e-04
171 1.231440e-04
172 1.220710e-04
173 1.209720e-04
174 1.198480e-04
175 1.186980e-04
176 1.175220e-04
177 1.163170e-04
178 1.150850e-04
179 1.138240e-04
180 1.125340e-04
181 1.112130e-04
182 1.098620e-04
183 1.084800e-04
184 1.070650e-04
185 1.056170e-04
186 1.041360e-04
187 1.026190e-04
188 1.011460e-04
189 1.001260e-04
190 9.916560e-05
191 9.818300e-05
192 9.717740e-05
193 9.614840e-05
194 9.509560e-05
195 9.401810e-05
196 9.291540e-05
197 9.178740e-05
198 9.063280e-05
199 8.945120e-05
200 8.824240e-05
