1 8.716950e-04
2 8.629630e-04
3 8.540300e-04
4 8.448880e-04
5 8.355310e-04
6 8.259590e-04
7 8.161630e-04
8 8.061370e-04
9 7.958790e-04
10 7.855180e-04
11 7.769310e-04
12 7.688130e-04
13 7.605050e-04
14 7.520060e-04
15 7.433080e-04
16 7.344050e-04
17 7.252980e-04
18 7.160740e-04
19 7.076720e-04
20 6.995890e-04
21 6.916060e-04
22 6.837440e-04
23 6.760880e-04
24 6.682560e-04
25 6.605260e-04
26 6.534610e-04
27 6.462850e-04
28 6.389410e-04
29 6.314280e-04
30 6.237390e-04
31 6.165260e-04
32 6.101200e-04
33 6.035740e-04
34 5.968760e-04
35 5.900220e-04
36 5.830070e-04
37 5.758310e-04
38 5.686470e-04
39 5.625840e-04
40 5.566590e-04
41 5.505980e-04
42 5.443950e-04
43 5.380460e-04
44 5.315530e-04
45 5.257670e-04
46 5.205150e-04
47 5.151420e-04
48 5.096420e-04
49 5.040150e-04
50 4.982570e-04
51 4.923640e-04
52 4.863340e-04
53 4.801650e-04
54 4.738510e-04
55 4.676580e-04
56 4.622840e-04
57 4.570510e-04
58 4.518680e-04
59 4.466180e-04
60 4.416150e-04
61 4.366970e-04
62 4.316630e-04
63 4.265230e-04
64 4.218650e-04
65 4.174330e-04
66 4.128970e-04
67 4.082550e-04
68 4.035060e-04
69 3.986460e-04
70 3.936780e-04
71 3.893580e-04
72 3.854600e-04
73 3.814710e-04
74 3.773890e-04
75 3.732120e-04
76 3.689380e-04
77 3.645630e-04
78 3.600870e-04
79 3.555080e-04
80 3.509240e-04
81 3.471460e-04
82 3.434930e-04
83 3.397570e-04
84 3.359330e-04
85 3.320190e-04
86 3.280150e-04
87 3.239180e-04
88 3.198800e-04
89 3.167210e-04
90 3.136560e-04
91 3.105200e-04
92 3.073100e-04
93 3.040250e-04
94 3.006650e-04
95 2.972250e-04
96 2.937060e-04
97 2.901050e-04
98 2.864190e-04
99 2.826480e-04
100 2.787890e-04
101 2.754710e-04
102 2.727130e-04
103 2.698910e-04
104 2.670030e-04
105 2.640470e-04
106 2.610230e-04
107 2.579290e-04
108 2.547620e-04
109 2.515210e-04
110 2.482470e-04
111 2.455330e-04
112 2.429710e-04
113 2.403480e-04
114 2.376650e-04
115 2.349190e-04
116 2.321090e-04
117 2.292340e-04
118 2.263220e-04
119 2.236970e-04
120 2.211760e-04
121 2.186300e-04
122 2.161340e-04
123 2.137290e-04
124 2.112690e-04
125 2.088540e-04
126 2.066890e-04
127 2.044940e-04
128 2.022480e-04
129 1.999500e-04
130 1.975980e-04
131 1.953830e-04
132 1.934030e-04
133 1.913790e-04
134 1.893080e-04
135 1.871890e-04
136 1.850200e-04
137 1.828010e-04
138 1.805300e-04
139 1.782060e-04
140 1.758420e-04
141 1.738660e-04
142 1.720570e-04
143 1.702050e-04
144 1.683100e-04
145 1.663710e-04
146 1.643870e-04
147 1.623560e-04
148 1.603050e-04
149 1.586570e-04
150 1.571340e-04
151 1.555750e-04
152 1.539810e-04
153 1.523490e-04
154 1.506790e-04
155 1.489700e-04
156 1.472220e-04
157 1.454320e-04
158 1.436020e-04
159 1.417280e-04
160 1.398110e-04
161 1.380450e-04
162 1.366560e-04
163 1.352470e-04
164 1.338060e-04
165 1.323310e-04
166 1.308220e-04
167 1.292780e-04
168 1.276970e-04
169 1.260800e-04
170 1.244290e-04
171 1.231230e-04
172 1.220500e-04
173 1.209520e-04
174 1.198280e-04
175 1.186780e-04
176 1.175020e-04
177 1.162980e-04
178 1.150660e-04
179 1.138050e-04
180 1.125150e-04
181 1.111950e-04
182 1.098440e-04
183 1.084620e-04
184 1.070470e-04
185 1.056000e-04
186 1.041190e-04
187 1.026030e-04
188 1.011300e-04
189 1.001110e-04
190 9.915210e-05
191 9.817090e-05
192 9.716680e-05
193 9.613930e-05
194 9.508800e-05
195 9.401210e-05
196 9.291110e-05
197 9.178460e-05
198 9.063180e-05
199 8.945190e-05
200 8.824490e-05
