1 6.107970e-02
2 6.107970e-02
3 6.107970e-02
4 6.107970e-02
5 6.107970e-02
6 6.107970e-02
7 6.107970e-02
8 6.107970e-02
9 6.107970e-02
10 6.107970e-02
11 6.107970e-02
12 6.107970e-02
13 6.107970e-02
14 6.107970e-02
15 6.107970e-02
16 6.107970e-02
17 6.107970e-02
18 6.107970e-02
19 6.107970e-02
20 6.107970e-02
21 6.107970e-02
22 6.107970e-02
23 6.107970e-02
24 6.107970e-02
25 6.107970e-02
26 6.107970e-02
27 6.107970e-02
28 6.107970e-02
29 6.107970e-02
30 6.107970e-02
31 6.107970e-02
32 6.107970e-02
33 6.107970e-02
34 6.107970e-02
35 6.107970e-02
36 6.107970e-02
37 6.107970e-02
38 6.107970e-02
39 6.107970e-02
40 6.107970e-02
41 6.107970e-02
42 6.107970e-02
43 6.107970e-02
44 6.107970e-02
45 6.107970e-02
46 6.107970e-02
47 6.107970e-02
48 6.107970e-02
49 6.107970e-02
50 6.107970e-02
51 6.107970e-02
52 6.107970e-02
53 6.107970e-02
54 6.107970e-02
55 6.107970e-02
56 6.107970e-02
57 6.107970e-02
58 6.107970e-02
59 6.107970e-02
60 6.107970e-02
61 6.107970e-02
62 6.107970e-02
63 6.107970e-02
64 6.107970e-02
65 6.107970e-02
66 6.107970e-02
67 6.107970e-02
68 6.107970e-02
69 6.107970e-02
70 6.107970e-02
71 6.107970e-02
72 6.107970e-02
73 6.107970e-02
74 6.107970e-02
75 6.107970e-02
76 6.107970e-02
77 6.107970e-02
78 6.107970e-02
79 6.107970e-02
80 6.107970e-02
81 6.107970e-02
82 6.107970e-02
83 6.107970e-02
84 6.107970e-02
85 6.107970e-02
86 6.107970e-02
87 6.107970e-02
88 6.107970e-02
89 6.107970e-02
90 6.107970e-02
91 6.107970e-02
92 6.107970e-02
93 6.107970e-02
94 6.107970e-02
95 6.107970e-02
96 6.107970e-02
97 6.107970e-02
98 6.107970e-02
99 6.107970e-02
100 6.107970e-02
101 6.107970e-02
102 6.107970e-02
103 6.107970e-02
104 6.107970e-02
105 6.107970e-02
106 6.107970e-02
107 6.107970e-02
108 6.107970e-02
109 6.107970e-02
110 6.107970e-02
111 6.107970e-02
112 6.107970e-02
113 6.107970e-02
114 6.107970e-02
115 6.107970e-02
116 6.107970e-02
117 6.107970e-02
118 6.107970e-02
119 6.107970e-02
120 6.107970e-02
121 6.107970e-02
122 6.107970e-02
123 6.107970e-02
124 6.107970e-02
125 6.107970e-02
126 6.107970e-02
127 6.107970e-02
128 6.107970e-02
129 6.107970e-02
130 6.107970e-02
131 6.107970e-02
132 6.107970e-02
133 6.107970e-02
134 6.107970e-02
135 6.107970e-02
136 6.107970e-02
137 6.107970e-02
138 6.107970e-02
139 6.107970e-02
140 6.107970e-02
141 6.107970e-02
142 6.107970e-02
143 6.107970e-02
144 6.107970e-02
145 6.107970e-02
146 6.107970e-02
147 6.107970e-02
148 6.107970e-02
149 6.107970e-02
150 6.107970e-02
151 6.107970e-02
152 6.107970e-02
153 6.107970e-02
154 6.107970e-02
155 6.107970e-02
156 6.107970e-02
157 6.107970e-02
158 6.107970e-02
159 6.107970e-02
160 6.107970e-02
161 6.107970e-02
162 6.107970e-02
163 6.107970e-02
164 6.107970e-02
165 6.107970e-02
166 6.107970e-02
167 6.107970e-02
168 6.107970e-02
169 6.107970e-02
170 6.107970e-02
171 6.107970e-02
172 6.107970e-02
173 6.107970e-02
174 6.107970e-02
175 6.107970e-02
176 6.107970e-02
177 6.107970e-02
178 6.107970e-02
179 6.107970e-02
180 6.107970e-02
181 6.107970e-02
182 6.107970e-02
183 6.107970e-02
184 6.107970e-02
185 6.107970e-02
186 6.107970e-02
187 6.107970e-02
188 6.107970e-02
189 6.107970e-02
190 6.107970e-02
191 6.107970e-02
192 6.107970e-02
193 6.107970e-02
194 6.107970e-02
195 6.107970e-02
196 6.107970e-02
197 6.107970e-02
198 6.107970e-02
199 6.107970e-02
200 6.107970e-02
