1 8.716960e-04
2 8.629630e-04
3 8.540290e-04
4 8.448860e-04
5 8.355280e-04
6 8.259550e-04
7 8.161580e-04
8 8.061310e-04
9 7.958720e-04
10 7.855100e-04
11 7.769240e-04
12 7.688080e-04
13 7.605020e-04
14 7.520050e-04
15 7.433080e-04
16 7.344070e-04
17 7.253020e-04
18 7.160800e-04
19 7.076750e-04
20 6.995870e-04
21 6.916030e-04
22 6.837410e-04
23 6.760860e-04
24 6.682550e-04
25 6.605250e-04
26 6.534600e-04
27 6.462830e-04
28 6.389390e-04
29 6.314250e-04
30 6.237360e-04
31 6.165260e-04
32 6.101280e-04
33 6.035900e-04
34 5.969000e-04
35 5.900540e-04
36 5.830480e-04
37 5.758810e-04
38 5.687020e-04
39 5.626140e-04
40 5.566560e-04
41 5.505610e-04
42 5.443230e-04
43 5.379390e-04
44 5.314110e-04
45 5.256190e-04
46 5.203870e-04
47 5.150340e-04
48 5.095550e-04
49 5.039490e-04
50 4.982130e-04
51 4.923430e-04
52 4.863350e-04
53 4.801890e-04
54 4.738990e-04
55 4.677220e-04
56 4.623120e-04
57 4.570270e-04
58 4.518440e-04
59 4.466120e-04
60 4.416110e-04
61 4.366840e-04
62 4.316430e-04
63 4.264950e-04
64 4.218410e-04
65 4.174220e-04
66 4.128990e-04
67 4.082710e-04
68 4.035350e-04
69 3.986890e-04
70 3.937360e-04
71 3.894150e-04
72 3.855070e-04
73 3.815070e-04
74 3.774140e-04
75 3.732260e-04
76 3.689410e-04
77 3.645550e-04
78 3.600670e-04
79 3.554750e-04
80 3.508810e-04
81 3.471090e-04
82 3.434680e-04
83 3.397420e-04
84 3.359290e-04
85 3.320270e-04
86 3.280340e-04
87 3.239490e-04
88 3.199220e-04
89 3.167650e-04
90 3.137000e-04
91 3.105640e-04
92 3.073540e-04
93 3.040690e-04
94 3.007090e-04
95 2.972700e-04
96 2.937500e-04
97 2.901500e-04
98 2.864650e-04
99 2.826930e-04
100 2.788350e-04
101 2.755160e-04
102 2.727550e-04
103 2.699300e-04
104 2.670390e-04
105 2.640800e-04
106 2.610530e-04
107 2.579560e-04
108 2.547850e-04
109 2.515420e-04
110 2.482640e-04
111 2.455500e-04
112 2.429880e-04
113 2.403660e-04
114 2.376830e-04
115 2.349380e-04
116 2.321280e-04
117 2.292540e-04
118 2.263420e-04
119 2.237010e-04
120 2.211640e-04
121 2.186310e-04
122 2.161410e-04
123 2.137320e-04
124 2.112680e-04
125 2.088490e-04
126 2.066820e-04
127 2.044850e-04
128 2.022370e-04
129 1.999360e-04
130 1.975820e-04
131 1.953670e-04
132 1.933900e-04
133 1.913690e-04
134 1.893020e-04
135 1.871870e-04
136 1.850220e-04
137 1.828070e-04
138 1.805400e-04
139 1.782200e-04
140 1.758600e-04
141 1.738850e-04
142 1.720750e-04
143 1.702230e-04
144 1.683280e-04
145 1.663880e-04
146 1.644040e-04
147 1.623730e-04
148 1.603200e-04
149 1.586720e-04
150 1.571480e-04
151 1.555880e-04
152 1.539930e-04
153 1.523600e-04
154 1.506890e-04
155 1.489790e-04
156 1.472290e-04
157 1.454380e-04
158 1.436060e-04
159 1.417320e-04
160 1.398130e-04
161 1.380470e-04
162 1.366580e-04
163 1.352510e-04
164 1.338110e-04
165 1.323370e-04
166 1.308290e-04
167 1.292860e-04
168 1.277070e-04
169 1.260910e-04
170 1.244410e-04
171 1.231350e-04
172 1.220620e-04
173 1.209640e-04
174 1.198400e-04
175 1.186900e-04
176 1.175130e-04
177 1.163090e-04
178 1.150770e-04
179 1.138160e-04
180 1.125260e-04
181 1.112060e-04
182 1.098550e-04
183 1.084720e-04
184 1.070570e-04
185 1.056100e-04
186 1.041280e-04
187 1.026120e-04
188 1.011390e-04
189 1.001200e-04
190 9.915980e-05
191 9.817790e-05
192 9.717290e-05
193 9.614460e-05
194 9.509240e-05
195 9.401570e-05
196 9.291370e-05
197 9.178640e-05
198 9.063260e-05
199 8.945180e-05
200 8.824370e-05
